0.002 0.000713148 1.87964 0.831625 3.53791 -0.692461 0.000418063 -0.00160428 -0.0021747 -0.00198456
0.004 0.00140452 3.7603 1.08397 2.25771 -3.89346 0.000266757 -0.00242796 -0.00313995 -0.00290262
0.006 0.00162625 5.64122 1.21264 -0.24184 -6.43706 -2.85717e-05 -0.00381083 -0.00474739 -0.00443521
0.008 0.00130121 7.52213 1.27618 -2.685 -4.36879 -0.000317232 -0.00495339 -0.00606067 -0.00569158
0.01 0.000442856 9.4029 1.29984 -4.99403 -6.55135 -0.0005901 -0.0060663 -0.00734074 -0.00691593
0.012 -0.000895981 11.2834 1.29736 -7.00102 -5.2633 -0.000827357 -0.00709391 -0.00852459 -0.0080477
0.014 -0.00264234 13.1637 1.27719 -8.65206 -5.42946 -0.00102262 -0.00805307 -0.00963443 -0.00910731
0.016 -0.00471189 15.0438 1.24498 -9.90546 -4.52928 -0.00117093 -0.00894159 -0.0106687 -0.010093
0.018 -0.00701376 16.9235 1.20469 -10.7402 -3.75469 -0.00126979 -0.00976245 -0.0116317 -0.0110086
0.02 -0.00945338 18.803 1.15922 -11.1438 -2.62413 -0.00131769 -0.0105172 -0.0125257 -0.0118562
0.022 -0.0119342 20.6822 1.11079 -11.1103 -1.34945 -0.00131389 -0.0112079 -0.0133531 -0.012638
0.024 -0.0143587 22.5612 1.06109 -10.6375 0.973088 -0.00124665 -0.011836 -0.0141159 -0.013356
0.026 -0.0166295 24.44 1.01148 -9.72597 2.27649 -0.0011432 -0.0124034 -0.0148163 -0.014012
0.028 -0.0186491 26.3187 0.963018 -8.37826 3.9587 -0.000986461 -0.0129115 -0.0154561 -0.0146079
0.03 -0.0203211 28.1972 0.916592 -6.59798 5.84302 -0.000777532 -0.0133619 -0.0160369 -0.0151452
0.032 -0.0215498 30.0756 0.872919 -4.38959 7.92027 -0.000517384 -0.013756 -0.0165604 -0.0156256
0.034 -0.0222407 31.954 0.832593 -1.75813 10.1616 -0.000206811 -0.0140952 -0.0170281 -0.0160505
0.036 -0.0223003 33.8323 0.796112 1.29106 12.5562 0.000153415 -0.0143808 -0.0174413 -0.0164212
0.038 -0.0216363 35.7106 0.763893 4.75243 15.0939 0.000562546 -0.014614 -0.0178015 -0.016739
0.04 -0.020158 37.5891 0.736286 8.62034 17.7673 0.00101984 -0.0147959 -0.0181099 -0.0170052
0.042 -0.0177754 39.4676 0.713589 12.8892 20.57 0.00152456 -0.0149277 -0.0183677 -0.017221
0.044 -0.0144002 41.3462 0.696056 17.5533 23.4969 0.00207599 -0.0150105 -0.0185759 -0.0173875
0.046 -0.00994506 43.225 0.683903 22.6072 26.5432 0.0026734 -0.0150453 -0.0187358 -0.0175056
0.048 -0.00432406 45.104 0.677313 28.0455 29.705 0.00331611 -0.015033 -0.0188483 -0.0175765
0.05 0.00254767 46.9833 0.676444 33.8629 32.9784 0.00400341 -0.0149746 -0.0189143 -0.0176011
0.052 0.0107538 48.8629 0.681431 40.0543 36.3601 0.00473464 -0.0148709 -0.0189349 -0.0175802
0.054 0.0203769 50.7428 0.692388 46.6149 39.8471 0.00550914 -0.0147229 -0.0189108 -0.0175149
0.056 0.0314985 52.6232 0.709413 53.5397 43.4367 0.00632625 -0.0145313 -0.018843 -0.0174058
0.058 0.044199 54.5039 0.73259 60.8243 47.1263 0.00718537 -0.014297 -0.0187322 -0.0172538
0.06 0.0585578 56.3851 0.76199 68.4641 50.9135 0.00808587 -0.0140205 -0.0185792 -0.0170597
0.062 0.0746535 58.2668 0.797672 76.455 54.7962 0.00902716 -0.0137028 -0.0183848 -0.0168241
0.064 0.0925635 60.1491 0.839688 84.7928 58.7725 0.0100087 -0.0133444 -0.0181496 -0.0165479
0.066 0.112365 62.032 0.888079 93.4736 62.8405 0.0110298 -0.0129461 -0.0178743 -0.0162316
0.068 0.134132 63.9154 0.94288 102.494 66.9986 0.0120901 -0.0125084 -0.0175596 -0.0158759
0.07 0.157942 65.7996 1.00412 111.849 71.2452 0.0131889 -0.0120319 -0.0172061 -0.0154814
0.072 0.183868 67.6845 1.07182 121.537 75.5789 0.0143258 -0.0115173 -0.0168143 -0.0150487
0.074 0.211983 69.5701 1.146 131.554 79.9984 0.0155002 -0.0109651 -0.0163849 -0.0145783
0.076 0.24236 71.4565 1.22667 141.897 84.5026 0.0167117 -0.0103759 -0.0159184 -0.0140709
0.078 0.275072 73.3437 1.31384 152.562 89.0903 0.0179597 -0.00975011 -0.0154153 -0.0135269
0.08 0.31019 75.2318 1.40752 163.547 93.7605 0.0192439 -0.00908833 -0.0148762 -0.0129469
0.082 0.347783 77.1208 1.50771 174.85 98.5124 0.0205637 -0.00839101 -0.0143014 -0.0123313
0.084 0.387924 79.0108 1.61441 186.467 103.345 0.0219188 -0.00765862 -0.0136916 -0.0116806
0.086 0.430681 80.9017 1.72762 198.396 108.258 0.0233087 -0.00689161 -0.0130471 -0.0109953
0.088 0.476123 82.7937 1.84733 210.634 113.25 0.0247329 -0.00609042 -0.0123684 -0.0102757
0.09 0.524319 84.6867 1.97355 223.18 118.32 0.0261911 -0.00525547 -0.0116559 -0.00952241
0.092 0.575336 86.5809 2.10625 236.032 123.469 0.0276829 -0.00438717 -0.01091 -0.00873571
0.094 0.629244 88.4761 2.24544 249.186 128.696 0.0292079 -0.00348592 -0.0101311 -0.00791604
0.096 0.686108 90.3726 2.39111 262.642 133.999 0.0307657 -0.0025521 -0.00931959 -0.00706376
0.098 0.745996 92.2703 2.54323 276.396 139.38 0.0323559 -0.00158607 -0.00847584 -0.00617925
0.1 0.808973 94.1692 2.7018 290.449 144.836 0.0339782 -0.000588209 -0.00760021 -0.00526287
0.102 0.875106 96.0694 2.86681 304.797 150.369 0.0356322 0.000441146 -0.00669303 -0.00431497
0.104 0.94446 97.9709 3.03825 319.44 155.977 0.0373175 0.00150165 -0.00575465 -0.00333588
0.106 1.0171 99.8738 3.21609 334.375 161.661 0.0390339 0.00259298 -0.00478539 -0.00232593
0.108 1.09309 101.778 3.40033 349.601 167.421 0.040781 0.0037148 -0.00378556 -0.00128544
0.11 1.1725 103.684 3.59095 365.117 173.256 0.0425583 0.00486681 -0.00275549 -0.000214721
0.112 1.25539 105.591 3.78793 380.921 179.165 0.0443658 0.0060487 -0.00169545 0.00088593
0.114 1.34182 107.5 3.99126 397.012 185.149 0.0462028 0.00726017 -0.000605759 0.00201622
0.116 1.43186 109.41 4.20092 413.39 191.207 0.04807 0.00850093 0.000513314 0.00317585
0.118 1.52557 111.322 4.41689 430.051 197.339 0.049963 0.00977068 0.00166148 0.00436455
0.12 1.62301 113.236 4.63917 446.996 203.546 0.0518969 0.0110692 0.00283848 0.00558204
0.122 1.72426 115.151 4.86773 464.225 209.82 0.0538142 0.0123961 0.00404405 0.00682807
0.124 1.82936 117.067 5.10255 481.734 216.294 0.0561081 0.0137512 0.00527789 0.00810234
0.126 1.93838 118.986 5.34362 499.524 223.303 0.0585264 0.0151343 0.00653986 0.00940469
0.128 2.05139 120.906 5.59092 517.589 230.883 0.0609297 0.0165448 0.00782935 0.0107345
0.13 2.16844 122.828 5.84444 535.95 238.928 0.0632379 0.0179839 0.00914742 0.0120929
0.132 2.2896 124.752 6.10416 554.525 247.621 0.0658646 0.0194454 0.0104889 0.0134744
0.134 2.41494 126.678 6.37006 573.613 255.956 0.0671231 0.0209514 0.011872 0.0148984
0.136 2.5445 128.606 6.64212 592.095 258.471 0.0660559 0.0224187 0.0132278 0.0162915
0.138 2.67835 130.536 6.92033 614.144 251.591 0.0655465 0.0241561 0.0148118 0.0179265
0.14 2.81656 132.467 7.20467 624.179 237.02 0.0653651 0.0250113 0.0156709 0.0187843
0.142 2.95918 134.401 7.49513 680.344 215.101 0.0654617 0.0292787 0.0193567 0.0226641
0.144 3.10628 136.337 7.79169 565.646 186.27 0.065762 0.0209472 0.0126273 0.0154006
0.146 3.20996 138.274 8.09241 442.575 158.719 0.0662277 0.0120971 0.00531084 0.00757292
0.148 3.3173 140.213 8.39437 512.817 145.602 0.066841 0.0175364 0.00971326 0.012321
0.15 3.43568 142.153 8.69846 553.371 144.791 0.0675449 0.0207578 0.012341 0.0151466
0.152 3.56311 144.095 9.00534 592.166 154.693 0.0684647 0.0238529 0.0148764 0.0178686
0.154 3.69849 146.039 9.31548 625.957 174.691 0.0690672 0.0265764 0.0171264 0.0202764
0.156 3.84116 147.985 9.62924 657.711 201.615 0.071989 0.02915 0.0192686 0.0225624
0.158 3.99069 149.932 9.94692 687.806 226.755 0.076447 0.0316018 0.0213256 0.024751
0.16 4.14678 151.881 10.2687 716.856 247.601 0.0804072 0.0339777 0.0233334 0.0268815
0.162 4.30924 153.833 10.5949 745.16 265.953 0.0841363 0.0362999 0.0253096 0.028973
0.164 4.47792 155.786 10.9256 772.952 282.133 0.0877092 0.0385861 0.0272676 0.0310404
0.166 4.65274 157.742 11.2609 800.393 296.673 0.0910766 0.0408481 0.0292166 0.0330937
0.168 4.83364 159.699 11.601 827.602 310.136 0.0940129 0.0430948 0.0311631 0.0351404
0.17 5.02056 161.659 11.946 854.667 323.702 0.0969323 0.0453328 0.0331122 0.0371857
0.172 5.21348 163.621 12.2959 881.658 335.301 0.0998605 0.0475672 0.0350675 0.0392341
0.174 5.4124 165.586 12.6509 908.628 352.81 0.102739 0.0498019 0.0370318 0.0412885
0.176 5.61732 167.552 13.011 935.618 346.417 0.105797 0.0520399 0.0390073 0.0433515
0.178 5.82824 169.521 13.3763 962.664 430.112 0.10818 0.0542837 0.0409958 0.0454251
0.18 6.04517 171.493 13.7468 989.789 -57.5093 0.114781 0.0565352 0.0429985 0.0475107
0.182 6.26815 173.467 14.1226 1017.03 295.458 0.115396 0.0587959 0.0450164 0.0496095
0.184 6.49719 175.443 14.5038 1044.34 378.631 0.117737 0.0610673 0.0470504 0.0517227
0.186 6.73233 177.422 14.8903 1072.02 647.285 0.120123 0.0633499 0.049101 0.0538506
0.188 6.97359 179.403 15.2822 1098.98 -456.732 0.127038 0.0656461 0.0511695 0.055995
0.19 7.22102 181.387 15.6795 1129.34 4354.36 0.114326 0.0679517 0.0532536 0.0581529
0.192 7.47464 183.374 16.0823 1147.8 7002.07 0.108718 0.0702806 0.0553597 0.0603333
0.194 7.7345 185.363 16.4906 1211.49 -766.787 0.135133 0.0726009 0.0574807 0.0625208
0.196 8.00064 187.355 16.9043 1107.24 809.084 0.131685 0.0749683 0.0595855 0.0647131
0.198 8.2731 189.35 17.3236 1630.6 377.592 0.1346 0.0774254 0.0620254 0.0671587
0.2 8.55192 191.348 17.7485 -187.359 491.513 0.135844 0.0790333 0.0628683 0.0682567
0.202 8.42995 193.817 20.5007 1236.33 -17919.5 0.137527 0.0776069 0.0656338 0.0696249
0.204 9.10166 195.351 18.6141 2663.57 471.066 0.139223 0.0758646 0.0696393 0.0717144
0.206 9.37361 197.357 19.0537 848.799 337.04 0.14051 0.0782926 0.0688126 0.0719726
0.208 9.65214 199.365 19.4977 1372.63 817.6 0.143501 0.0809397 0.0717199 0.0747931
0.21 9.93725 201.377 19.9461 1269.87 -1004.1 0.140167 0.0833289 0.0736019 0.0768443
0.212 10.229 203.39 20.399 1335.07 8430.25 0.167696 0.0858475 0.0758313 0.07917
0.214 10.5273 205.407 20.8565 1355.37 5424.51 0.161726 0.088324 0.0779746 0.0814244
0.216 10.8323 207.427 21.3185 1387.81 -693.892 0.148757 0.0908238 0.0801631 0.0837167
0.218 11.1439 209.449 21.7852 1417.14 805.761 0.155831 0.0933257 0.0823577 0.0860137
0.22 11.4622 211.474 22.2565 1447.45 465.166 0.158357 0.0958374 0.08457 0.0883258
0.222 11.7872 213.502 22.7325 1477.65 370.385 0.160836 0.0983575 0.0867968 0.0906504
0.224 12.1189 215.534 23.2132 1508.06 -151.592 0.161564 0.100887 0.0890391 0.0929884
0.226 12.4574 217.568 23.6986 1538.6 637.848 0.1684 0.103426 0.0912964 0.0953396
0.228 12.8027 219.605 24.1888 1569.3 533.649 0.170947 0.105975 0.0935688 0.0977042
0.23 13.1549 221.645 24.6837 1600.15 577.454 0.174194 0.108534 0.0958563 0.100082
0.232 13.5139 223.688 25.1835 1631.17 580.836 0.17726 0.111104 0.0981586 0.102474
0.234 13.8799 225.735 25.688 1662.35 595.187 0.180382 0.113684 0.100476 0.104878
0.236 14.2528 227.784 26.1974 1693.7 606.5 0.183496 0.116274 0.102807 0.107296
0.238 14.6327 229.837 26.7117 1725.22 618.602 0.18662 0.118875 0.105153 0.109727
0.24 15.0196 231.893 27.2307 1756.92 630.454 0.189749 0.121487 0.107513 0.112171
0.242 15.4135 233.952 27.7547 1788.79 642.345 0.192885 0.124109 0.109888 0.114628
0.244 15.8146 236.015 28.2835 1820.84 654.2 0.196027 0.126741 0.112276 0.117097
0.246 16.2228 238.081 28.8172 1853.07 666.044 0.199175 0.129384 0.114677 0.119579
0.248 16.6382 240.15 29.3558 1885.48 677.873 0.202329 0.132037 0.117092 0.122074
0.25 17.0608 242.222 29.8993 1918.06 689.69 0.205488 0.1347 0.11952 0.12458
0.252 17.4907 244.298 30.4477 1950.83 701.499 0.208654 0.137373 0.121961 0.127098
0.254 17.9278 246.378 31.001 1983.77 713.3 0.211825 0.140056 0.124414 0.129628
0.256 18.3724 248.461 31.5592 2016.9 725.094 0.215002 0.142749 0.12688 0.132169
0.258 18.8243 250.547 32.1224 2050.2 736.883 0.218184 0.145451 0.129357 0.134722
0.26 19.2836 252.637 32.6904 2083.68 748.668 0.221371 0.148162 0.131847 0.137285
0.262 19.7503 254.73 33.2634 2117.34 760.45 0.224563 0.150882 0.134348 0.139859
0.264 20.2246 256.827 33.8413 2151.18 772.229 0.22776 0.153611 0.13686 0.142444
0.266 20.7064 258.928 34.4241 2185.19 784.006 0.230961 0.156348 0.139383 0.145038
0.268 21.1958 261.033 35.0119 2219.38 795.78 0.234166 0.159094 0.141916 0.147642
0.27 21.6928 263.141 35.6046 2253.74 807.553 0.237375 0.161847 0.14446 0.150256
0.272 22.1975 265.252 36.2022 2288.27 819.322 0.240586 0.164609 0.147014 0.152879
0.274 22.7099 267.368 36.8047 2322.98 831.093 0.243807 0.167378 0.149578 0.155511
0.276 23.23 269.487 37.4121 2357.85 842.851 0.247009 0.170154 0.15215 0.158152
0.278 23.7578 271.61 38.0245 2392.89 854.646 0.250292 0.172937 0.154732 0.1608
0.28 24.2935 273.737 38.6418 2428.1 866.29 0.253305 0.175726 0.157323 0.163457
0.282 24.837 275.868 39.264 2463.47 879.481 0.258697 0.178522 0.159922 0.166122
0.284 25.3884 278.002 39.8911 2499.02 896.389 0.264537 0.181324 0.162529 0.168794
0.286 25.9477 280.141 40.5231 2534.69 917.421 0.270228 0.18413 0.165143 0.171472
0.288 26.5149 282.283 41.16 2570.64 941.625 0.275296 0.186949 0.167769 0.174162
0.29 27.0901 284.43 41.8017 2606.29 971.779 0.282298 0.189747 0.170384 0.176839
0.292 27.6734 286.58 42.4484 2643.8 994.85 0.279592 0.192646 0.173073 0.179597
0.294 28.2647 288.734 43.1 2675.11 968.878 0.262141 0.19519 0.17552 0.182077
0.296 28.8641 290.893 43.7564 2730.27 875.638 0.248691 0.199079 0.178896 0.185623
0.298 29.4716 293.056 44.4177 2697.12 720.768 0.235346 0.197975 0.178842 0.18522
0.3 30.0873 295.222 45.0839 2994.24 505.054 0.222969 0.215488 0.191589 0.199555
0.302 30.7054 297.393 45.7549 1981.26 230.221 0.211197 0.159262 0.153659 0.155527
0.304 30.9736 299.567 46.4267 1046.37 -29.0643 0.2 0.107581 0.118486 0.114851
0.306 31.2694 301.742 47.0958 1448.15 -206.515 0.189358 0.13107 0.134709 0.133496
0.308 31.5895 303.92 47.7627 1474.79 -306.147 0.178978 0.133523 0.136549 0.13554
0.31 31.9314 306.1 48.4279 1589.06 -332.485 0.169711 0.140911 0.141771 0.141484
0.312 32.2932 308.282 49.0919 1669.83 -284.035 0.158248 0.146435 0.145726 0.145962
0.314 32.6736 310.466 49.755 1751.61 -188.933 0.162373 0.152023 0.149735 0.150498
0.316 33.0712 312.653 50.4176 1826.68 -95.9891 0.175149 0.157241 0.153503 0.154749
0.318 33.4852 314.842 51.0799 1898.28 -17.2797 0.184956 0.162266 0.15715 0.158856
0.32 33.9147 317.034 51.7422 1966.42 51.6129 0.194705 0.1671 0.160678 0.162819
0.322 34.359 319.229 52.4047 2031.82 110.739 0.203928 0.171779 0.164111 0.166667
0.324 34.8175 321.427 53.0678 2094.83 161.647 0.21212 0.176324 0.167464 0.170417
0.326 35.2898 323.627 53.7315 2155.83 208.064 0.217694 0.180752 0.170749 0.174083
0.328 35.7755 325.831 54.396 2215.08 252.421 0.223397 0.18508 0.173976 0.177677
0.33 36.2742 328.037 55.0617 2272.82 294.73 0.228858 0.18932 0.177152 0.181208
0.332 36.7856 330.247 55.7285 2329.25 335.256 0.234179 0.193481 0.180286 0.184684
0.334 37.3093 332.459 56.3967 2384.52 374.244 0.23949 0.197572 0.183383 0.188113
0.336 37.8453 334.675 57.0663 2438.78 412.003 0.244723 0.201602 0.186446 0.191498
0.338 38.3932 336.894 57.7376 2492.15 448.695 0.249838 0.205575 0.189481 0.194846
0.34 38.9529 339.116 58.4106 2544.73 484.403 0.254856 0.209499 0.19249 0.198159
0.342 39.5241 341.342 59.0855 2596.58 519.331 0.259773 0.213374 0.195479 0.201444
0.344 40.1068 343.571 59.7623 2647.91 553.431 0.265131 0.217217 0.198435 0.204696
0.346 40.7009 345.803 60.4412 2698.3 586.157 0.270216 0.220985 0.201423 0.207943
0.348 41.3062 348.039 61.1223 2749.57 616.51 0.275128 0.224853 0.204211 0.211092
0.35 41.9225 350.278 61.8055 2795.23 644.141 0.279526 0.228179 0.207664 0.214503
0.352 42.5499 352.521 62.4912 2859.76 669.352 0.284775 0.233375 0.208572 0.21684
0.354 43.1882 354.768 63.1792 2851.97 690.061 0.286088 0.231459 0.218903 0.223088
0.356 43.817 357.018 63.8696 2837.94 685.529 0.278675 0.229185 0.229179 0.229181
0.358 44.4558 359.272 64.5622 2909.12 644.083 0.271489 0.234784 0.230405 0.231865
0.36 45.1057 361.529 65.2571 2924.07 556.568 0.266991 0.236818 0.231032 0.232961
0.362 45.7667 363.79 65.9544 3092.12 497.581 0.262655 0.246489 0.241299 0.243029
0.364 46.4386 366.054 66.6541 2701.15 204.986 0.258851 0.228876 0.213992 0.218953
0.366 46.9486 368.322 67.3554 2058.38 689.857 0.253585 0.200494 0.162875 0.175415
0.368 47.4127 370.593 68.0559 2216.2 -3638 0.263373 0.207416 0.180992 0.1898
0.37 47.9407 372.866 68.7561 2471.19 -755.188 0.252132 0.217442 0.213213 0.214622
0.372 48.4963 375.142 69.4568 2526.77 -145.797 0.248218 0.221402 0.216725 0.218284
0.374 49.0635 377.421 70.158 2578.78 2009.38 0.243537 0.225289 0.219247 0.221261
0.376 49.6422 379.704 70.8598 2628.14 -7017.24 0.260362 0.229143 0.222019 0.224394
0.378 50.2323 381.989 71.5625 2687.22 31749.7 0.21872 0.232923 0.224683 0.22743
0.38 50.8335 384.277 72.2661 2706.09 52474.4 0.201633 0.236755 0.227428 0.230537
0.382 51.4459 386.569 72.9707 2872.52 -9336.82 0.282682 0.240287 0.229924 0.233378
0.384 52.0692 388.864 73.6764 2485.75 3028.39 0.258743 0.244476 0.233056 0.236863
0.386 52.7034 391.162 74.3832 4161.35 -374.272 0.258063 0.246912 0.23431 0.238511
0.388 53.3484 393.464 75.0913 -1861.86 457.359 0.250673 0.251656 0.238953 0.243187
0.39 52.6777 397.61 80.5221 2937.95 -139149 0.245051 0.252741 0.240303 0.244449
0.392 54.6065 398.077 76.5114 7093.63 160.888 0.240092 0.145067 0.22933 0.201242
0.394 55.0442 400.387 77.2213 635.977 -936.124 0.234099 0.19903 0.235612 0.223418
0.396 55.5052 402.7 77.9299 2494.82 2528.86 0.233958 0.202763 0.238853 0.226823
0.398 55.987 405.016 78.6372 2112.82 -10873.8 0.213805 0.209502 0.241378 0.230753
0.4 56.488 407.333 79.3437 2321.72 57452.9 0.29621 0.215213 0.244222 0.234553
0.402 57.0066 409.654 80.0495 2364.83 35336.6 0.263296 0.220618 0.246859 0.238112
0.404 57.5419 411.977 80.7548 2446.4 -8516.59 0.216313 0.225768 0.24951 0.241596
0.406 58.0928 414.303 81.4598 2512.86 2109.8 0.237666 0.230684 0.252114 0.244971
0.408 58.6587 416.631 82.1646 2579.22 -319.57 0.242131 0.235404 0.254683 0.248257
0.41 59.2389 418.962 82.8693 2642.87 -1011.19 0.2458 0.240015 0.257282 0.251526
0.412 59.833 421.296 83.5742 2702.28 -4639.81 0.243152 0.244306 0.259667 0.254546
0.414 60.4404 423.634 84.2793 2768.55 726.914 0.259305 0.249176 0.262769 0.258238
0.416 61.0592 425.974 84.9848 2777.96 -53.3222 0.260019 0.249553 0.261192 0.257313
0.418 61.6728 428.316 85.6906 2756.18 163.924 0.262665 0.247499 0.257269 0.254012
0.42 62.2868 430.662 86.3967 2769.28 104.265 0.264231 0.248244 0.25657 0.253794
0.422 62.9037 433.011 87.103 2783.54 116.687 0.265549 0.2491 0.256116 0.253777
0.424 63.5242 435.363 87.8096 2801.27 109.79 0.266441 0.250244 0.256083 0.254137
0.426 64.1487 437.718 88.5164 2819.9 111.067 0.26692 0.25147 0.256227 0.254641
0.428 64.7775 440.075 89.2235 2839.26 114.302 0.267696 0.252761 0.256519 0.255266
0.43 65.4106 442.436 89.9309 2858.98 119.795 0.268941 0.254085 0.256914 0.255971
0.432 66.0482 444.8 90.6386 2878.92 125.881 0.270337 0.25543 0.257391 0.256737
0.434 66.6902 447.166 91.3465 2898.98 132.322 0.27185 0.256786 0.257934 0.257551
0.436 67.3366 449.536 92.0548 2919.09 138.765 0.273446 0.258148 0.25853 0.258402
0.438 67.9876 451.908 92.7634 2939.23 145.036 0.275075 0.259511 0.259171 0.259285
0.44 68.643 454.283 93.4724 2959.36 151.137 0.276639 0.260874 0.259852 0.260192
0.442 69.3028 456.662 94.1817 2979.48 157.138 0.278184 0.262234 0.260565 0.261121
0.444 69.9672 459.043 94.8913 2999.58 163.039 0.279716 0.26359 0.261308 0.262069
0.446 70.636 461.428 95.6014 3019.64 168.844 0.281237 0.264942 0.262076 0.263031
0.448 71.3092 463.815 96.3118 3039.68 174.592 0.282749 0.266289 0.262867 0.264008
0.45 71.9869 466.206 97.0225 3059.69 180.142 0.284253 0.267631 0.263678 0.264996
0.452 72.6691 468.599 97.7337 3079.67 186.024 0.285748 0.268967 0.264507 0.265994
0.454 73.3557 470.996 98.4453 3099.62 190.228 0.28724 0.270298 0.265353 0.267001
0.456 74.0467 473.395 99.1573 3119.54 200.436 0.28871 0.271622 0.266214 0.268016
0.458 74.7421 475.798 99.8697 3139.44 187.68 0.290225 0.272941 0.267088 0.269039
0.46 75.442 478.203 100.583 3159.32 261.035 0.29154 0.274254 0.267974 0.270067
0.462 76.1463 480.612 101.296 3179.17 9.88622 0.29357 0.275561 0.268872 0.271101
0.464 76.855 483.024 102.01 3199.01 980.038 0.292904 0.276862 0.269779 0.27214
0.466 77.5681 485.439 102.724 3218.81 -5651.26 0.309048 0.278157 0.270697 0.273183
0.468 78.2856 487.856 103.438 3238.66 -1104.49 0.30066 0.279447 0.271622 0.274231
0.47 79.0074 490.277 104.153 3258.26 -162.856 0.299373 0.280731 0.272556 0.275281
0.472 79.7337 492.701 104.869 3278.74 3116.39 0.29833 0.282009 0.273496 0.276334
0.474 80.4644 495.129 105.585 3295.87 -10957.1 0.315207 0.283284 0.274446 0.277392
0.476 81.1995 497.559 106.302 3325.45 48789.1 0.256249 0.284545 0.275392 0.278443
0.478 81.9389 499.992 107.019 3308.54 80517.4 0.229201 0.285828 0.276377 0.279527
0.48 82.6828 502.429 107.736 3465.07 -14684.4 0.322313 0.28703 0.277261 0.280517
0.482 83.431 504.868 108.454 2974.3 4304.54 0.300079 0.288398 0.278455 0.281769
0.484 84.1836 507.311 109.173 4899.25 -855.084 0.303536 0.2895 0.278702 0.282301
0.486 84.9406 509.756 109.891 -2191.42 523.979 0.300424 0.290401 0.280796 0.283998
0.488 84.1518 514.447 115.206 3436.36 -212038 0.299124 0.292053 0.281206 0.284822
0.49 86.4516 514.657 111.331 8843.17 422.729 0.297933 0.259431 0.301804 0.28768
0.492 87.1451 517.112 112.051 1600.76 -1083.93 0.29522 0.27761 0.289697 0.285668
0.494 87.8465 519.57 112.771 3585.34 4261.27 0.299145 0.279138 0.29176 0.287553
0.496 88.5553 522.031 113.491 3095.59 -15968.7 0.278948 0.281241 0.292213 0.288556
0.498 89.2713 524.494 114.211 3267.2 87107 0.382199 0.283238 0.293244 0.289909
0.5 89.9942 526.96 114.931 3260.2 53563 0.34453 0.28513 0.294124 0.291126
0.502 90.7237 529.43 115.651 3299.85 -12534 0.28243 0.286987 0.295066 0.292373
0.504 91.4598 531.902 116.371 3325.96 3333.35 0.299897 0.288784 0.296003 0.293597
0.506 92.2021 534.377 117.091 3354.79 -387.834 0.299671 0.290538 0.296954 0.294815
0.508 92.9507 536.855 117.811 3382.09 -1482.23 0.299277 0.292251 0.29791 0.296024
0.51 93.7053 539.336 118.532 3409.09 -6933.73 0.292436 0.293928 0.298874 0.297225
0.512 94.4658 541.82 119.252 3435.55 1042.99 0.308862 0.295571 0.299842 0.298419
0.514 95.2321 544.307 119.973 3461.59 -124.022 0.30869 0.297184 0.300816 0.299606
0.516 96.0042 546.797 120.694 3487.23 206.024 0.311171 0.298769 0.301794 0.300786
0.518 96.782 549.29 121.415 3512.53 131.216 0.312895 0.300329 0.302776 0.30196
0.52 97.5653 551.786 122.137 3537.51 165.201 0.314778 0.301865 0.30376 0.303129
0.522 98.3542 554.285 122.859 3562.2 169.366 0.316579 0.303379 0.304748 0.304291
0.524 99.1485 556.787 123.581 3586.63 181.144 0.318365 0.304872 0.305738 0.305449
0.526 99.9482 559.292 124.303 3610.82 190.459 0.32012 0.306346 0.306729 0.306601
0.528 100.753 561.8 125.026 3634.79 200.06 0.321852 0.307802 0.307722 0.307749
0.53 101.564 564.312 125.749 3658.56 209.296 0.323561 0.309241 0.308717 0.308892
0.532 102.379 566.826 126.472 3682.13 218.241 0.325248 0.310664 0.309713 0.31003
0.534 103.2 569.343 127.196 3705.54 226.939 0.326915 0.312071 0.310709 0.311163
0.536 104.026 571.864 127.92 3728.79 235.417 0.328563 0.313465 0.311706 0.312292
0.538 104.857 574.387 128.644 3751.89 243.692 0.330193 0.314844 0.312704 0.313417
0.54 105.694 576.914 129.369 3774.85 251.738 0.331805 0.316211 0.313702 0.314538
0.542 106.535 579.443 130.094 3797.69 259.614 0.333402 0.317565 0.314699 0.315654
0.544 107.382 581.976 130.819 3820.4 267.336 0.334983 0.318906 0.315697 0.316767
0.546 108.233 584.512 131.545 3843.01 274.883 0.33655 0.320237 0.316695 0.317875
0.548 109.09 587.051 132.272 3865.5 282.271 0.338103 0.321556 0.317692 0.31898
0.55 109.951 589.594 132.998 3887.9 289.508 0.339642 0.322864 0.318688 0.32008
0.552 110.818 592.139 133.726 3910.21 296.601 0.341169 0.324162 0.319684 0.321177
0.554 111.689 594.688 134.453 3932.43 303.552 0.342684 0.32545 0.320679 0.32227
0.556 112.565 597.239 135.181 3954.57 310.372 0.344186 0.326729 0.321674 0.323359
0.558 113.446 599.794 135.91 3976.63 317.065 0.345678 0.327998 0.322667 0.324444
0.56 114.333 602.352 136.639 3998.61 323.637 0.347158 0.329258 0.32366 0.325526
0.562 115.224 604.913 137.368 4020.53 330.093 0.348628 0.330509 0.324651 0.326603
0.564 116.12 607.478 138.098 4042.38 336.437 0.350088 0.331751 0.325641 0.327678
0.566 117.02 610.045 138.828 4064.16 342.674 0.351538 0.332985 0.32663 0.328748
0.568 117.926 612.616 139.559 4085.89 348.807 0.352978 0.334211 0.327617 0.329815
0.57 118.836 615.19 140.29 4107.56 354.84 0.35441 0.335429 0.328603 0.330878
0.572 119.751 617.767 141.022 4129.17 360.777 0.355832 0.336639 0.329587 0.331938
0.574 120.671 620.347 141.754 4150.74 366.621 0.357245 0.337841 0.33057 0.332994
0.576 121.596 622.931 142.487 4172.25 372.374 0.35865 0.339036 0.331551 0.334046
0.578 122.526 625.518 143.22 4193.72 378.041 0.360046 0.340223 0.332531 0.335095
0.58 123.46 628.108 143.954 4215.14 383.623 0.361434 0.341404 0.333508 0.33614
0.582 124.399 630.701 144.688 4236.52 389.123 0.362816 0.342577 0.334484 0.337182
0.584 125.343 633.297 145.423 4257.85 394.542 0.364185 0.343743 0.335459 0.33822
0.586 126.291 635.897 146.158 4279.14 399.89 0.365561 0.344903 0.336431 0.339255
0.588 127.245 638.5 146.894 4300.4 405.137 0.366879 0.346056 0.337401 0.340286
0.59 128.203 641.106 147.631 4321.62 410.599 0.36858 0.347202 0.338369 0.341313
0.592 129.165 643.716 148.367 4342.8 416.831 0.370375 0.348342 0.339335 0.342337
0.594 130.133 646.328 149.105 4363.94 423.925 0.372142 0.349475 0.3403 0.343358
0.596 131.105 648.944 149.843 4385.07 431.686 0.373787 0.350603 0.34126 0.344374
0.598 132.082 651.563 150.581 4406.07 440.557 0.375763 0.35172 0.342226 0.345391
0.6 133.063 654.186 151.32 4427.41 448.335 0.376169 0.352847 0.343161 0.34639
0.602 134.049 656.812 152.06 4447.36 446.061 0.373981 0.353912 0.344202 0.347439
0.604 135.04 659.441 152.8 4472.32 428.679 0.372304 0.355176 0.344837 0.348283
0.606 136.036 662.073 153.54 4478.42 397.962 0.370709 0.355672 0.346974 0.349874
0.608 137.036 664.709 154.281 4554.8 354.273 0.369298 0.359002 0.343501 0.348668
0.61 138.041 667.348 155.023 4368.76 298.212 0.368018 0.351744 0.360929 0.357868
0.612 138.977 669.99 155.765 4176.55 243.529 0.366861 0.344351 0.379035 0.367474
0.614 139.917 672.635 156.507 4260.79 207.078 0.365823 0.348158 0.375294 0.366248
0.616 140.867 675.284 157.25 4287.87 187.708 0.364852 0.349633 0.376025 0.367228
0.618 141.824 677.935 157.992 4327.28 184.173 0.364095 0.351595 0.375766 0.367709
0.62 142.789 680.589 158.735 4361.01 196.363 0.36296 0.353316 0.375934 0.368395
0.622 143.762 683.247 159.478 4394.31 219.358 0.364403 0.355009 0.37612 0.369083
0.624 144.742 685.908 160.221 4426.1 242.403 0.367488 0.356632 0.376407 0.369816
0.626 145.729 688.572 160.965 4456.95 262.151 0.370159 0.358207 0.376756 0.370573
0.628 146.723 691.239 161.709 4486.89 279.772 0.372768 0.359737 0.377162 0.371354
0.63 147.723 693.909 162.453 4516.08 295.229 0.37527 0.361228 0.377616 0.372153
0.632 148.73 696.583 163.198 4544.6 308.83 0.377581 0.362684 0.37811 0.372968
0.634 149.743 699.259 163.943 4572.55 321.303 0.379425 0.364109 0.378638 0.373795
0.636 150.762 701.939 164.688 4599.98 333.242 0.381245 0.365506 0.379197 0.374633
0.638 151.788 704.622 165.433 4626.96 344.649 0.383014 0.366878 0.379782 0.37548
0.64 152.819 707.308 166.179 4653.53 355.573 0.384747 0.368225 0.380389 0.376334
0.642 153.856 709.998 166.926 4679.73 366.064 0.386445 0.369552 0.381016 0.377194
0.644 154.899 712.691 167.673 4705.61 376.18 0.388112 0.370858 0.38166 0.37806
0.646 155.947 715.387 168.42 4731.17 385.93 0.389748 0.372145 0.38232 0.378929
0.648 157.001 718.086 169.167 4756.47 395.348 0.391358 0.373415 0.382993 0.379801
0.65 158.061 720.788 169.915 4781.51 404.456 0.392942 0.374669 0.383678 0.380675
0.652 159.126 723.494 170.664 4806.32 413.316 0.394502 0.375907 0.384374 0.381552
0.654 160.197 726.203 171.413 4830.91 421.863 0.39604 0.377131 0.385079 0.38243
0.656 161.274 728.916 172.162 4855.31 430.163 0.397558 0.378341 0.385792 0.383308
0.658 162.355 731.631 172.912 4879.52 438.23 0.399056 0.379538 0.386513 0.384188
0.66 163.442 734.35 173.662 4903.56 446.081 0.400535 0.380722 0.38724 0.385067
0.662 164.535 737.072 174.413 4927.44 453.709 0.401998 0.381894 0.387972 0.385946
0.664 165.632 739.798 175.164 4951.18 461.146 0.403438 0.383055 0.38871 0.386825
0.666 166.735 742.527 175.915 4974.77 468.476 0.404947 0.384205 0.389452 0.387703
0.668 167.843 745.259 176.667 4998.22 475.889 0.406522 0.385344 0.390198 0.38858
0.67 168.956 747.995 177.42 5021.56 483.548 0.408136 0.386473 0.390947 0.389455
0.672 170.075 750.733 178.173 5044.78 491.53 0.409757 0.387592 0.391699 0.39033
0.674 171.199 753.476 178.926 5067.87 500.012 0.41146 0.388701 0.392453 0.391202
0.676 172.327 756.221 179.68 5090.92 508.639 0.412849 0.389804 0.393213 0.392077
0.678 173.461 758.97 180.435 5113.62 514.903 0.413439 0.390882 0.393958 0.392933
0.68 174.6 761.722 181.19 5137.16 515.78 0.413602 0.392014 0.394767 0.39385
0.682 175.744 764.478 181.945 5157.11 509.678 0.413441 0.392904 0.395344 0.394531
0.684 176.893 767.237 182.701 5190.04 495.219 0.413019 0.394658 0.396794 0.396082
0.686 178.047 769.999 183.457 5168.22 471.252 0.412371 0.392756 0.3946 0.393986
0.688 179.187 772.765 184.214 5109.75 439.918 0.411522 0.38842 0.390009 0.389479
0.69 180.321 775.534 184.972 5091.12 406.897 0.410493 0.386751 0.388118 0.387662
0.692 181.451 778.306 185.729 5080.41 375.205 0.409291 0.385615 0.386778 0.38639
0.694 182.579 781.081 186.487 5075.44 346.914 0.407957 0.384865 0.385839 0.385514
0.696 183.707 783.86 187.246 5073.67 323.832 0.406402 0.38433 0.385128 0.384862
0.698 184.834 786.642 188.004 5074.29 306.536 0.405246 0.383956 0.384588 0.384378
0.7 185.962 789.427 188.763 5076.66 293.051 0.404683 0.383699 0.384177 0.384018
0.702 187.091 792.216 189.522 5080.43 281.668 0.404396 0.383536 0.383867 0.383757
0.704 188.22 795.007 190.282 5085.32 271.735 0.404305 0.383448 0.383641 0.383576
0.706 189.351 797.802 191.041 5091.14 262.888 0.404366 0.383421 0.383484 0.383463
0.708 190.483 800.6 191.801 5097.74 254.343 0.404526 0.383447 0.383385 0.383406
0.71 191.617 803.401 192.561 5105.03 247.807 0.404681 0.383518 0.383338 0.383398
0.712 192.752 806.206 193.322 5112.9 236.427 0.40487 0.383627 0.383335 0.383432
0.714 193.889 809.014 194.082 5121.28 245.853 0.405066 0.38377 0.38337 0.383504
0.716 195.028 811.824 194.843 5130.13 179.612 0.405388 0.383943 0.383441 0.383608
0.718 196.169 814.638 195.604 5139.38 399.568 0.405392 0.384142 0.383543 0.383742
0.72 197.312 817.456 196.365 5149 -452.503 0.406717 0.384364 0.383672 0.383903
0.722 198.457 820.276 197.126 5158.96 2720.26 0.40325 0.384608 0.383827 0.384087
0.724 199.605 823.1 197.888 5169.2 -20526.1 0.432004 0.384872 0.384005 0.384294
0.726 200.755 825.926 198.65 5179.83 -15534 0.426582 0.385152 0.384204 0.38452
0.728 201.907 828.756 199.411 5190.28 -3710.74 0.410513 0.385449 0.384422 0.384764
0.73 203.062 831.589 200.173 5202.56 10217.5 0.40187 0.385759 0.384657 0.385025
0.732 204.219 834.426 200.936 5209.15 -36302.5 0.430387 0.386086 0.384912 0.385303
0.734 205.379 837.265 201.698 5237.96 160095 0.323935 0.386415 0.38517 0.385585
0.736 206.541 840.108 202.461 5184.79 384516 0.227604 0.386788 0.385484 0.385918
0.738 207.706 842.953 203.223 5438.46 89026.7 0.361252 0.38706 0.385665 0.38613
0.74 208.873 845.802 203.986 4547.82 -11704.2 0.416968 0.387685 0.386325 0.386778
0.742 210.043 848.654 204.749 7928.57 3361.98 0.40761 0.386875 0.384881 0.385546
0.744 211.216 851.509 205.512 -4631.02 -631.376 0.409531 0.38908 0.388085 0.388417
0.746 209.242 859.718 213.447 -223.002 -773276 0.408312 0.388466 0.388126 0.388239
0.748 212.044 859.817 210.497 16694.3 -374012 0.408789 0.39082 0.390648 0.390705
0.75 214.743 860.094 207.802 7704.71 -3439.47 0.405944 0.388284 0.401948 0.397393
0.752 215.9 862.962 208.566 4545.66 13442.8 0.415035 0.387259 0.403081 0.397807
0.754 217.061 865.833 209.329 5415.6 -50078.6 0.380846 0.388272 0.402776 0.397941
0.756 218.227 868.707 210.093 5205.41 285469 0.59003 0.388761 0.402831 0.398141
0.758 219.396 871.584 210.856 5284.25 344085 0.634743 0.389411 0.402837 0.398361
0.76 220.57 874.464 211.62 5285.3 48245.3 0.433822 0.390002 0.402902 0.398602
0.762 221.747 877.347 212.384 5306.9 -10029.6 0.402364 0.390602 0.402993 0.398862
0.764 222.928 880.233 213.148 5322.75 4110.52 0.411973 0.391191 0.403113 0.399139
0.766 224.113 883.123 213.912 5339.93 -6289.5 0.403797 0.391778 0.403259 0.399432
0.768 225.301 886.015 214.676 5356.56 -27526.6 0.382917 0.392359 0.403427 0.399738
0.77 226.493 888.911 215.44 5373.17 -8717.21 0.402981 0.392937 0.403616 0.400056
0.772 227.689 891.809 216.204 5389.64 787.17 0.413705 0.393511 0.403824 0.400386
0.774 228.889 894.711 216.968 5406.03 -107.172 0.413582 0.394082 0.404049 0.400727
0.776 230.092 897.616 217.732 5422.33 136.398 0.414636 0.39465 0.40429 0.401076
0.778 231.299 900.524 218.496 5438.55 73.3847 0.415365 0.395216 0.404545 0.401435
0.78 232.509 903.435 219.26 5454.71 92.8466 0.416172 0.395779 0.404813 0.401802
0.782 233.723 906.35 220.025 5470.81 90.0074 0.41695 0.39634 0.405093 0.402176
0.784 234.941 909.267 220.789 5486.86 93.0951 0.417729 0.396899 0.405385 0.402556
0.786 236.162 912.187 221.554 5502.86 94.5148 0.418501 0.397456 0.405687 0.402943
0.788 237.386 915.111 222.318 5518.82 96.3191 0.419268 0.398012 0.405999 0.403336
0.79 238.614 918.038 223.083 5534.75 97.9613 0.42003 0.398565 0.406319 0.403735
0.792 239.846 920.967 223.848 5550.64 99.5939 0.420789 0.399118 0.406648 0.404138
0.794 241.081 923.9 224.612 5566.5 101.181 0.421543 0.399668 0.406985 0.404546
0.796 242.32 926.836 225.377 5582.33 102.736 0.422293 0.400218 0.407329 0.404958
0.798 243.562 929.775 226.142 5598.14 104.259 0.423041 0.400765 0.407679 0.405375
0.8 244.808 932.718 226.907 5613.93 105.754 0.423784 0.401312 0.408036 0.405795
0.802 246.057 935.663 227.672 5629.71 107.222 0.424525 0.401857 0.408399 0.406218
0.804 247.31 938.612 228.437 5645.46 108.666 0.425263 0.402401 0.408767 0.406645
0.806 248.567 941.563 229.203 5661.2 110.087 0.425997 0.402943 0.409141 0.407075
0.808 249.826 944.518 229.968 5676.92 111.487 0.42673 0.403484 0.409519 0.407507
0.81 251.09 947.476 230.733 5692.64 112.867 0.427459 0.404025 0.409901 0.407942
0.812 252.356 950.437 231.499 5708.34 114.229 0.428186 0.404563 0.410288 0.40838
0.814 253.627 953.401 232.264 5724.02 115.574 0.42891 0.405101 0.410679 0.408819
0.816 254.9 956.368 233.03 5739.7 116.902 0.429632 0.405637 0.411073 0.409261
0.818 256.178 959.338 233.795 5755.37 118.214 0.430352 0.406172 0.411471 0.409705
0.82 257.458 962.312 234.561 5771.04 119.512 0.431069 0.406706 0.411872 0.41015
0.822 258.743 965.289 235.327 5786.69 120.795 0.431785 0.407239 0.412275 0.410596
0.824 260.03 968.268 236.093 5802.34 122.065 0.432498 0.40777 0.412682 0.411045
0.826 261.321 971.251 236.859 5817.97 123.321 0.433209 0.4083 0.413091 0.411494
0.828 262.616 974.237 237.625 5833.61 124.564 0.433917 0.408829 0.413503 0.411945
0.83 263.914 977.226 238.391 5849.23 125.795 0.434624 0.409356 0.413916 0.412396
0.832 265.216 980.219 239.157 5864.85 127.011 0.435329 0.409882 0.414332 0.412849
0.834 266.521 983.214 239.924 5880.46 128.222 0.43603 0.410407 0.414749 0.413302
0.836 267.829 986.213 240.69 5896.07 129.397 0.436736 0.41093 0.415168 0.413756
0.838 269.141 989.214 241.457 5911.67 130.647 0.437411 0.411452 0.415589 0.41421
0.84 270.457 992.219 242.223 5927.26 131.661 0.438549 0.411973 0.416011 0.414665
0.842 271.776 995.227 242.99 5942.85 136.498 0.441474 0.412492 0.416435 0.415121
0.844 273.098 998.238 243.756 5958.42 146.644 0.444294 0.41301 0.416859 0.415576
0.846 274.424 1001.25 244.523 5974.01 161.566 0.446573 0.413527 0.417285 0.416032
0.848 275.753 1004.27 245.29 5989.52 179.037 0.44889 0.414038 0.417709 0.416485
0.85 277.086 1007.29 246.057 6005.27 204.43 0.449892 0.414564 0.418147 0.416953
0.852 278.422 1010.31 246.824 6020.09 202.738 0.439728 0.41503 0.418532 0.417365
0.854 279.762 1013.34 247.591 6038.36 114.479 0.421976 0.415709 0.41912 0.417983
0.856 281.105 1016.37 248.359 6043.69 -50.2542 0.410086 0.415585 0.418953 0.41783
0.858 282.451 1019.4 249.126 6097.31 -278.163 0.399451 0.418451 0.421602 0.420552
0.86 283.801 1022.44 249.893 5970.62 -562.077 0.390295 0.410159 0.413751 0.412554
0.862 285.008 1025.48 250.661 4534.56 -889.692 0.382041 0.32103 0.328844 0.326239
0.864 285.882 1028.52 251.427 3977.07 -1115.04 0.374526 0.286326 0.295226 0.292259
0.866 286.868 1031.56 252.193 4671.99 -1219.77 0.367687 0.328972 0.335211 0.333131
0.868 287.916 1034.61 252.957 4797.16 -1230.55 0.361421 0.336441 0.341938 0.340106
0.87 289.004 1037.66 253.721 4976.54 -1164.87 0.355275 0.347232 0.351875 0.350327
0.872 290.123 1040.71 254.485 5088.54 -1025.43 0.351845 0.353853 0.357895 0.356548
0.874 291.265 1043.76 255.248 5186.2 -876.94 0.362089 0.359577 0.36309 0.361919
0.876 292.426 1046.82 256.01 5266.27 -768.027 0.374619 0.364203 0.367264 0.366244
0.878 293.605 1049.88 256.772 5335.43 -689.936 0.381865 0.368155 0.370813 0.369927
0.88 294.797 1052.94 257.533 5397.81 -635.558 0.388325 0.37165 0.373951 0.373184
0.882 296.003 1056 258.295 5447.79 -599.468 0.393572 0.374485 0.376435 0.375785
0.884 297.22 1059.07 259.055 5515.51 -577.238 0.397074 0.377986 0.379709 0.379135
0.886 298.447 1062.14 259.816 5490.53 -560.943 0.398721 0.37741 0.378539 0.378163
0.888 299.661 1065.21 260.576 5472.63 -547.271 0.4007 0.377127 0.377767 0.377554
0.89 300.886 1068.29 261.336 5544.41 -529.261 0.402548 0.380673 0.381272 0.381072
0.892 302.122 1071.37 262.096 5584.55 -508.561 0.404316 0.382788 0.38321 0.383069
0.894 303.368 1074.45 262.855 5627.8 -485.168 0.406017 0.384989 0.385264 0.385173
0.896 304.623 1077.53 263.614 5666.14 -459.769 0.407503 0.386935 0.387054 0.387014
0.898 305.886 1080.62 264.373 5702.55 -433.053 0.40963 0.388763 0.388727 0.388739
0.9 307.158 1083.71 265.131 5736.83 -408.377 0.412026 0.390466 0.390276 0.390339
0.902 308.436 1086.8 265.889 5769.45 -386.464 0.414139 0.39207 0.391727 0.391842
0.904 309.722 1089.9 266.648 5800.61 -366.477 0.416143 0.393585 0.393092 0.393257
0.906 311.014 1092.99 267.405 5830.51 -348.302 0.418032 0.395024 0.394382 0.394596
0.908 312.313 1096.1 268.163 5859.31 -331.605 0.419794 0.396393 0.395606 0.395868
0.91 313.618 1099.2 268.921 5887.11 -315.973 0.421367 0.397701 0.39677 0.39708
0.912 314.929 1102.31 269.678 5914.02 -301.412 0.422893 0.398954 0.39788 0.398238
0.914 316.246 1105.41 270.435 5940.13 -287.702 0.424358 0.400155 0.398941 0.399346
0.916 317.569 1108.53 271.192 5965.51 -274.765 0.42577 0.40131 0.399958 0.400409
0.918 318.898 1111.64 271.949 5990.22 -262.532 0.427132 0.402422 0.400933 0.401429
0.92 320.232 1114.76 272.706 6014.3 -251.043 0.428447 0.403493 0.40187 0.402411
0.922 321.571 1117.88 273.463 6037.79 -240.141 0.429718 0.404527 0.40277 0.403356
0.924 322.915 1121.01 274.219 6060.73 -229.781 0.430947 0.405524 0.403637 0.404266
0.926 324.264 1124.13 274.975 6083.15 -220.004 0.432138 0.406488 0.40447 0.405143
0.928 325.619 1127.26 275.732 6105.07 -210.768 0.433288 0.407418 0.405273 0.405988
0.93 326.978 1130.39 276.488 6126.5 -202.051 0.434408 0.408317 0.406044 0.406802
0.932 328.341 1133.53 277.244 6147.46 -193.854 0.435469 0.409185 0.406786 0.407586
0.934 329.71 1136.67 278 6167.94 -186.113 0.436582 0.410022 0.407498 0.408339
0.936 331.083 1139.81 278.756 6187.97 -179.108 0.437337 0.410828 0.40818 0.409063
0.938 332.46 1142.95 279.512 6207.51 -170.139 0.44051 0.411603 0.408832 0.409756
0.94 333.842 1146.1 280.267 6226.58 -155.656 0.44401 0.412348 0.409453 0.410418
0.942 335.227 1149.25 281.023 6245.1 -135.401 0.44721 0.413056 0.410039 0.411045
0.944 336.617 1152.41 281.778 6263.28 -111.246 0.449606 0.413742 0.410601 0.411648
0.946 338.011 1155.56 282.534 6280.14 -79.262 0.454085 0.414346 0.411088 0.412174
0.948 339.409 1158.72 283.289 6299.15 -59.1858 0.448597 0.415075 0.411677 0.41281
0.95 340.81 1161.88 284.044 6307.09 -115.932 0.428036 0.415145 0.411687 0.41284
0.952 342.214 1165.05 284.8 6352.92 -275.449 0.412599 0.417453 0.413639 0.41491
0.954 343.622 1168.22 285.555 6253.4 -521.832 0.397924 0.411171 0.408093 0.409119
0.956 345.034 1171.39 286.31 6691.71 -849.879 0.384668 0.436627 0.430207 0.432347
0.958 346.447 1174.56 287.065 5117.19 -1253.68 0.372328 0.343393 0.348828 0.347016
0.96 347.32 1177.74 287.819 3700.92 -1622.94 0.360773 0.259588 0.275138 0.269954
0.962 348.249 1180.92 288.572 4396.49 -1857.75 0.349537 0.300215 0.309637 0.306497
0.964 349.228 1184.1 289.324 4473.09 -1976.54 0.338437 0.304415 0.312595 0.309868
0.966 350.245 1187.28 290.076 4654.42 -1994.29 0.328431 0.314772 0.320943 0.318886
0.968 351.291 1190.46 290.826 4766.67 -1915.29 0.315529 0.321059 0.325775 0.324203
0.97 352.362 1193.65 291.575 4867.5 -1785.92 0.318152 0.32666 0.330008 0.328892
0.972 353.453 1196.84 292.324 4947.62 -1676.61 0.330458 0.331027 0.333142 0.332437
0.974 354.56 1200.03 293.072 5012.03 -1590.76 0.340662 0.334445 0.335383 0.33507
0.976 355.679 1203.22 293.819 5058.8 -1514.11 0.349879 0.336787 0.336561 0.336637
0.978 356.806 1206.42 294.565 5077.13 -1442.27 0.358307 0.337378 0.335889 0.336385
0.98 357.931 1209.61 295.311 5036.41 -1532.1 0.349854 0.334285 0.331141 0.332189
0.982 359.066 1212.82 296.056 5286.83 -1270.07 0.366981 0.34931 0.346769 0.347616
0.984 360.281 1216.02 296.8 5534.73 -1075.19 0.383893 0.364215 0.362415 0.363015
0.986 361.508 1219.22 297.544 5536.35 -1054.16 0.383707 0.363834 0.361026 0.361962
0.988 362.746 1222.43 298.288 5599.78 -1013.57 0.3878 0.367293 0.363987 0.365089
0.99 363.995 1225.64 299.031 5643.08 -969.657 0.390491 0.369506 0.3656 0.366902
0.992 365.254 1228.85 299.773 5688.57 -951.692 0.393328 0.371859 0.367412 0.368894
0.994 366.523 1232.07 300.516 5731.05 -873.462 0.395948 0.374022 0.369042 0.370702
0.996 367.801 1235.29 301.257 5770.78 -947.964 0.398384 0.376032 0.370554 0.37238
0.998 369.088 1238.51 301.999 5813.36 -764.096 0.40097 0.37816 0.372141 0.374148
1 370.384 1241.73 302.74 5837.41 -418.192 0.402423 0.379356 0.37303 0.375138
