0.001 0.000237823 0.939606 0.605788 3.73385 -0.208929 0.000441393 -0.000782398 -0.0011903 -0.00105434
0.002 0.000634897 1.87957 0.786559 3.2533 -1.65203 0.000384521 -0.00121521 -0.00172807 -0.00155712
0.003 0.000947651 2.81976 0.918376 2.41831 -3.98429 0.000285778 -0.00195517 -0.00263284 -0.00240695
0.004 0.00116634 3.76002 1.00466 1.42239 -3.53146 0.000168079 -0.00258906 -0.00338956 -0.00312273
0.005 0.00125567 4.70033 1.06537 0.208715 -4.13974 2.46625e-05 -0.00322158 -0.00414136 -0.00383476
0.006 0.00121497 5.64064 1.10691 -0.944187 -4.72157 -0.000111569 -0.00382318 -0.00485328 -0.00450991
0.007 0.00104686 6.58094 1.13417 -2.06979 -4.67847 -0.000244582 -0.00440158 -0.00553715 -0.00515863
0.008 0.000757866 7.5212 1.15057 -3.11849 -4.84766 -0.00036852 -0.00495505 -0.00619182 -0.00577956
0.009 0.000357135 8.46143 1.15855 -4.07893 -4.81719 -0.000482041 -0.00548466 -0.0068193 -0.00637442
0.01 -0.000144413 9.4016 1.15991 -4.92731 -4.5969 -0.000582334 -0.00599082 -0.00742055 -0.00694398
0.011 -0.000734703 10.3417 1.15606 -5.69145 -4.29312 -0.000672683 -0.00647422 -0.00799668 -0.00748919
0.012 -0.00140386 11.2818 1.14834 -6.312 -4.48602 -0.000746073 -0.00693543 -0.00854861 -0.00801089
0.013 -0.0021321 12.2218 1.13706 -6.7904 -3.96241 -0.000802671 -0.00737511 -0.00907723 -0.00850986
0.014 -0.00290944 13.1617 1.12325 -7.17691 -3.30182 -0.000848411 -0.00779387 -0.00958337 -0.00898687
0.015 -0.00372204 14.1016 1.1075 -7.43025 -3.01257 -0.000878412 -0.0081923 -0.0100678 -0.00944263
0.016 -0.00455608 15.0414 1.09028 -7.56139 -2.40185 -0.000893966 -0.008571 -0.0105312 -0.00987782
0.017 -0.00539774 15.9812 1.072 -7.56803 -1.85567 -0.0008948 -0.00893055 -0.0109744 -0.0102931
0.018 -0.00623332 16.921 1.05301 -7.45201 -1.20956 -0.000881127 -0.00927149 -0.0113979 -0.0106891
0.019 -0.00704924 17.8606 1.0336 -7.21449 -0.532958 -0.000853083 -0.00959436 -0.0118023 -0.0110663
0.02 -0.0078321 18.8003 1.01402 -6.85716 0.19597 -0.000810865 -0.00989969 -0.0121883 -0.0114255
0.021 -0.00856868 19.7399 0.994495 -6.38179 0.965838 -0.000754681 -0.010188 -0.0125565 -0.011767
0.022 -0.00924598 20.6795 0.975211 -5.79034 1.77733 -0.000684761 -0.0104597 -0.0129073 -0.0120915
0.023 -0.0098512 21.619 0.956334 -5.08483 3.68075 -0.000591415 -0.0107154 -0.0132413 -0.0123994
0.024 -0.0103718 22.5585 0.938006 -4.26738 4.29994 -0.000497901 -0.0109554 -0.013559 -0.0126912
0.025 -0.0107954 23.498 0.920355 -3.34013 5.04592 -0.000390474 -0.0111803 -0.0138609 -0.0129673
0.026 -0.0111101 24.4375 0.903492 -2.30527 5.8846 -0.000269661 -0.0113904 -0.0141473 -0.0132284
0.027 -0.0113038 25.377 0.887513 -1.16497 6.77937 -0.000136013 -0.0115862 -0.0144189 -0.0134746
0.028 -0.0113651 26.3164 0.872504 0.0785576 7.72605 1.01425e-05 -0.011768 -0.0146759 -0.0137066
0.029 -0.0112826 27.2559 0.858541 1.42315 8.71486 0.00016846 -0.0119363 -0.0149188 -0.0139246
0.03 -0.0110452 28.1954 0.845692 2.86664 9.74075 0.000338631 -0.0120914 -0.015148 -0.0141291
0.031 -0.010642 29.1349 0.834013 4.40689 10.7993 0.000520361 -0.0122337 -0.0153638 -0.0143205
0.032 -0.0100624 30.0744 0.823558 6.04179 11.8876 0.000713373 -0.0123636 -0.0155667 -0.014499
0.033 -0.00929595 31.0139 0.814373 7.76927 13.0016 0.000917377 -0.0124813 -0.015757 -0.0146651
0.034 -0.00833253 31.9534 0.806497 9.58727 14.1401 0.00113213 -0.0125872 -0.015935 -0.0148191
0.035 -0.00716217 32.893 0.799967 11.4938 15.303 0.00135739 -0.0126817 -0.0161011 -0.0149613
0.036 -0.00577514 33.8326 0.794813 13.4869 16.4865 0.0015929 -0.0127651 -0.0162556 -0.0150921
0.037 -0.00416194 34.7723 0.791062 15.5646 17.6897 0.00183842 -0.0128376 -0.0163988 -0.0152117
0.038 -0.00231327 35.712 0.788739 17.7251 18.911 0.00209371 -0.0128995 -0.0165309 -0.0153204
0.039 -0.000220034 36.6517 0.787864 19.9665 20.1494 0.00235854 -0.0129511 -0.0166524 -0.0154186
0.04 0.00212666 37.5915 0.788455 22.287 21.4036 0.0026327 -0.0129928 -0.0167634 -0.0155065
0.041 0.0047355 38.5314 0.790527 24.6849 22.6727 0.00291597 -0.0130247 -0.0168642 -0.0155844
0.042 0.00761498 39.4714 0.794092 27.1584 23.9556 0.00320813 -0.0130472 -0.0169552 -0.0156525
0.043 0.0107734 40.4114 0.799163 29.7058 25.2515 0.00350898 -0.0130604 -0.0170365 -0.0157111
0.044 0.014219 41.3515 0.805748 32.3256 26.5596 0.00381832 -0.0130647 -0.0171084 -0.0157605
0.045 0.0179595 42.2916 0.813854 35.0162 27.8789 0.00413595 -0.0130602 -0.0171711 -0.0158008
0.046 0.0220029 43.2319 0.823487 37.776 29.2089 0.00446169 -0.0130472 -0.017225 -0.0158324
0.047 0.0263567 44.1722 0.834652 40.6034 30.5488 0.00479534 -0.0130259 -0.0172701 -0.0158553
0.048 0.0310283 45.1127 0.847351 43.4971 31.8979 0.00513673 -0.0129965 -0.0173067 -0.01587
0.049 0.0360251 46.0532 0.861586 46.4557 33.2555 0.00548568 -0.0129592 -0.0173351 -0.0158765
0.05 0.0413542 46.9939 0.877359 49.4776 34.6212 0.00584202 -0.0129143 -0.0173554 -0.0158751
0.051 0.0470224 47.9346 0.894669 52.5617 35.9943 0.00620558 -0.012862 -0.0173679 -0.0158659
0.052 0.0530368 48.8755 0.913515 55.7065 37.3743 0.0065762 -0.0128023 -0.0173727 -0.0158492
0.053 0.0594039 49.8165 0.933896 58.9108 38.7608 0.00695372 -0.0127356 -0.0173699 -0.0158252
0.054 0.0661302 50.7576 0.95581 62.1734 40.1531 0.00733799 -0.0126619 -0.0173599 -0.0157939
0.055 0.0732223 51.6989 0.979252 65.4931 41.551 0.00772886 -0.0125815 -0.0173428 -0.0157557
0.056 0.0806863 52.6402 1.00422 68.8686 42.9539 0.00812618 -0.0124946 -0.0173187 -0.0157106
0.057 0.0885285 53.5818 1.03071 72.299 44.3615 0.00852982 -0.0124012 -0.0172878 -0.0156589
0.058 0.0967547 54.5234 1.05871 75.7831 45.7734 0.00893963 -0.0123016 -0.0172502 -0.0156007
0.059 0.105371 55.4652 1.08823 79.3198 47.1892 0.00935548 -0.0121959 -0.0172062 -0.0155361
0.06 0.114383 56.4072 1.11925 82.9081 48.6086 0.00977725 -0.0120842 -0.0171558 -0.0154653
0.061 0.123797 57.3493 1.15177 86.5471 50.0313 0.0102048 -0.0119668 -0.0170993 -0.0153884
0.062 0.133618 58.2915 1.18579 90.2357 51.457 0.010638 -0.0118437 -0.0170366 -0.0153057
0.063 0.143851 59.2339 1.22129 93.973 52.8855 0.0110768 -0.0117151 -0.0169681 -0.0152171
0.064 0.154502 60.1765 1.25827 97.7582 54.3164 0.011521 -0.011581 -0.0168938 -0.0151229
0.065 0.165577 61.1193 1.29673 101.59 55.7496 0.0119705 -0.0114417 -0.0168139 -0.0150232
0.066 0.17708 62.0622 1.33665 105.469 57.1848 0.0124253 -0.0112973 -0.0167284 -0.014918
0.067 0.189016 63.0053 1.37803 109.392 58.6218 0.0128852 -0.0111478 -0.0166375 -0.0148076
0.068 0.201391 63.9486 1.42086 113.36 60.0604 0.0133501 -0.0109934 -0.0165413 -0.014692
0.069 0.214209 64.8921 1.46514 117.372 61.5005 0.0138199 -0.0108343 -0.0164399 -0.0145714
0.07 0.227475 65.8358 1.51084 121.427 62.942 0.0142945 -0.0106704 -0.0163334 -0.0144458
0.071 0.241194 66.7796 1.55798 125.524 64.3845 0.0147739 -0.0105019 -0.016222 -0.0143153
0.072 0.255371 67.7237 1.60653 129.663 65.8282 0.0152579 -0.010329 -0.0161057 -0.0141801
0.073 0.27001 68.6679 1.6565 133.843 67.2728 0.0157464 -0.0101516 -0.0159846 -0.0140402
0.074 0.285115 69.6124 1.70787 138.064 68.7182 0.0162395 -0.00996994 -0.0158588 -0.0138958
0.075 0.300692 70.557 1.76063 142.324 70.1643 0.016737 -0.00978406 -0.0157284 -0.0137469
0.076 0.316744 71.5019 1.81478 146.623 71.6112 0.0172387 -0.00959405 -0.0155935 -0.0135937
0.077 0.333277 72.447 1.8703 150.962 73.0586 0.0177448 -0.00939999 -0.0154542 -0.0134361
0.078 0.350293 73.3923 1.9272 155.338 74.5067 0.018255 -0.00920197 -0.0153105 -0.0132743
0.079 0.367797 74.3379 1.98545 159.752 75.9553 0.0187694 -0.00900005 -0.0151625 -0.0131084
0.08 0.385795 75.2836 2.04506 164.203 77.4044 0.0192878 -0.00879431 -0.0150104 -0.0129383
0.081 0.404288 76.2296 2.10601 168.691 78.854 0.0198102 -0.00858483 -0.0148541 -0.0127643
0.082 0.423283 77.1758 2.1683 173.215 80.3041 0.0203366 -0.00837166 -0.0146937 -0.0125864
0.083 0.442782 78.1222 2.23191 177.776 81.7548 0.0208668 -0.00815487 -0.0145294 -0.0124046
0.084 0.46279 79.0689 2.29684 182.371 83.206 0.0214008 -0.00793453 -0.0143611 -0.0122189
0.085 0.48331 80.0159 2.36308 187.002 84.6577 0.0219387 -0.00771069 -0.014189 -0.0120295
0.086 0.504347 80.963 2.43063 191.667 86.1101 0.0224802 -0.00748341 -0.014013 -0.0118365
0.087 0.525904 81.9105 2.49946 196.367 87.5631 0.0230255 -0.00725274 -0.0138333 -0.0116398
0.088 0.547986 82.8581 2.56959 201.101 89.0169 0.0235743 -0.00701873 -0.0136498 -0.0114395
0.089 0.570595 83.806 2.64099 205.869 90.4714 0.0241268 -0.00678144 -0.0134627 -0.0112356
0.09 0.593736 84.7542 2.71365 210.671 91.9269 0.0246828 -0.0065409 -0.013272 -0.0110283
0.091 0.617412 85.7027 2.78758 215.506 93.3832 0.0252424 -0.00629716 -0.0130777 -0.0108175
0.092 0.641627 86.6514 2.86277 220.374 94.8407 0.0258054 -0.00605026 -0.0128799 -0.0106034
0.093 0.666385 87.6003 2.9392 225.274 96.2992 0.0263718 -0.00580024 -0.0126786 -0.0103858
0.094 0.691689 88.5496 3.01686 230.208 97.7591 0.0269417 -0.00554713 -0.0124739 -0.010165
0.095 0.717543 89.4991 3.09575 235.173 99.2203 0.027515 -0.00529098 -0.0122657 -0.00994079
0.096 0.743951 90.4489 3.17587 240.172 100.683 0.0280916 -0.00503181 -0.0120541 -0.00971336
0.097 0.770916 91.3989 3.2572 245.202 102.147 0.0286716 -0.00476965 -0.0118392 -0.0094827
0.098 0.798442 92.3493 3.33974 250.264 103.614 0.0292548 -0.00450453 -0.011621 -0.00924884
0.099 0.826531 93.2999 3.42347 255.358 105.082 0.0298414 -0.00423648 -0.0113995 -0.00901181
0.1 0.855189 94.2508 3.5084 260.484 106.552 0.0304312 -0.00396551 -0.0111747 -0.00877162
0.101 0.884418 95.202 3.5945 265.642 108.024 0.0310243 -0.00369166 -0.0109466 -0.00852831
0.102 0.914222 96.1535 3.68179 270.831 109.499 0.0316206 -0.00341493 -0.0107154 -0.00828189
0.103 0.944604 97.1053 3.77025 276.052 110.977 0.0322202 -0.00313536 -0.0104809 -0.00803238
0.104 0.975568 98.0574 3.85986 281.304 112.457 0.0328229 -0.00285295 -0.0102432 -0.00777981
0.105 1.00712 99.0098 3.95064 286.587 113.94 0.0334288 -0.00256772 -0.0100024 -0.00752417
0.106 1.03925 99.9625 4.04256 291.903 115.427 0.034038 -0.00227968 -0.00975841 -0.0072655
0.107 1.07199 100.916 4.13562 297.249 116.917 0.0346503 -0.00198884 -0.00951127 -0.00700379
0.108 1.10531 101.869 4.22982 302.627 118.41 0.0352657 -0.00169521 -0.00926099 -0.00673907
0.109 1.13924 102.822 4.32515 308.037 119.907 0.0358844 -0.00139881 -0.00900759 -0.00647133
0.11 1.17377 103.776 4.42159 313.478 121.408 0.0365062 -0.00109962 -0.00875108 -0.00620059
0.111 1.2089 104.731 4.51915 318.95 122.914 0.0371311 -0.000797671 -0.00849144 -0.00592685
0.112 1.24464 105.685 4.61782 324.454 124.423 0.0377592 -0.00049295 -0.00822871 -0.00565012
0.113 1.281 106.64 4.7176 329.99 125.938 0.0383905 -0.000185462 -0.00796286 -0.0053704
0.114 1.31798 107.595 4.81846 335.558 127.457 0.0390249 0.000124793 -0.00769392 -0.00508768
0.115 1.35557 108.551 4.92042 341.157 128.981 0.0396625 0.000437817 -0.00742187 -0.00480198
0.116 1.39379 109.507 5.02346 346.788 130.511 0.0403034 0.000753612 -0.00714672 -0.00451328
0.117 1.43264 110.463 5.12758 352.451 132.047 0.0409467 0.00107218 -0.00686847 -0.00422158
0.118 1.47211 111.419 5.23277 358.147 133.588 0.0415964 0.00139354 -0.0065871 -0.00392689
0.119 1.51223 112.376 5.33903 363.875 135.136 0.0422369 0.00171768 -0.00630262 -0.00362919
0.12 1.55298 113.334 5.44635 369.635 136.692 0.0429455 0.00204461 -0.00601502 -0.00332848
0.121 1.59437 114.291 5.55472 375.428 138.321 0.0437661 0.00237436 -0.00572429 -0.00302474
0.122 1.63641 115.249 5.66414 381.253 140.067 0.0446045 0.00270692 -0.00543043 -0.00271798
0.123 1.67909 116.207 5.77461 387.112 141.918 0.0454248 0.00304231 -0.00513341 -0.00240817
0.124 1.72243 117.166 5.88611 393.004 143.873 0.0462386 0.00338054 -0.00483325 -0.00209532
0.125 1.76643 118.125 5.99865 398.929 145.926 0.0470455 0.00372163 -0.00452991 -0.00177939
0.126 1.81108 119.084 6.11221 404.887 148.074 0.0478481 0.00406559 -0.00422339 -0.00146039
0.127 1.8564 120.044 6.2268 410.879 150.315 0.0486454 0.00441244 -0.00391367 -0.0011383
0.128 1.90239 121.004 6.3424 416.905 152.645 0.0494461 0.00476219 -0.00360074 -0.000813098
0.129 1.94905 121.964 6.45902 422.965 155.067 0.0502216 0.00511486 -0.00328459 -0.00048477
0.13 1.99639 122.925 6.57665 429.06 157.57 0.0510819 0.00547048 -0.00296518 -0.000153296
0.131 2.0444 123.886 6.69528 435.189 160.016 0.0512023 0.00582905 -0.00264253 0.000181331
0.132 2.0931 124.848 6.81491 441.353 160.908 0.0505894 0.00619064 -0.00231656 0.000519176
0.133 2.14248 125.809 6.93553 447.551 159.877 0.0500074 0.00655509 -0.00198741 0.000860091
0.134 2.19255 126.772 7.05715 453.792 157.076 0.0495627 0.00692314 -0.00165449 0.00120472
0.135 2.24332 127.734 7.17974 460.038 152.594 0.0491997 0.00729209 -0.0013199 0.00155076
0.136 2.29479 128.697 7.30332 466.434 146.529 0.0489126 0.00767212 -0.000975684 0.00190692
0.137 2.34696 129.661 7.42788 472.44 138.923 0.048688 0.0080254 -0.000651459 0.00224083
0.138 2.39984 130.624 7.55341 480.074 129.866 0.0485182 0.00849319 -0.000236603 0.00267333
0.139 2.45342 131.589 7.67991 481.803 119.387 0.0483964 0.00854863 -0.000143683 0.00275376
0.14 2.50773 132.553 7.80738 505.744 107.52 0.0483174 0.0101573 0.00116651 0.00416343
0.141 2.56275 133.518 7.9358 446.968 94.3004 0.0482771 0.00598676 -0.00204798 0.000630266
0.142 2.60458 134.483 8.06498 321.548 80.5315 0.0482718 -0.0027853 -0.00891641 -0.00687271
0.143 2.63838 135.449 8.19406 309.03 69.6848 0.0482987 -0.00363237 -0.00961888 -0.00762337
0.144 2.67496 136.415 8.32307 342.522 61.7794 0.0483553 -0.00128089 -0.00780705 -0.00563166
0.145 2.71388 137.381 8.4521 359.166 56.6421 0.0484394 -0.000109523 -0.0069181 -0.00464857
0.146 2.75483 138.347 8.58126 377.201 54.0263 0.0485493 0.00115577 -0.00595121 -0.00358222
0.147 2.7976 139.313 8.7106 392.629 53.7651 0.0486832 0.00223528 -0.00512601 -0.00267225
0.148 2.84204 140.28 8.8402 407.078 55.7571 0.0488406 0.00324482 -0.00435164 -0.00181949
0.149 2.88803 141.248 8.97011 420.499 59.8075 0.0490165 0.00418112 -0.00363081 -0.00102684
0.15 2.93546 142.215 9.10039 433.2 65.8826 0.0492247 0.00506438 -0.00294784 -0.000277101
0.151 2.98427 143.183 9.23106 445.291 73.8935 0.0494082 0.00590398 -0.00229551 0.000437654
0.152 3.03439 144.151 9.36217 456.894 83.7825 0.0497854 0.00670835 -0.00166737 0.00112454
0.153 3.08579 145.12 9.49374 468.094 94.5599 0.0511214 0.00748366 -0.00105872 0.00178874
0.154 3.1384 146.088 9.62582 478.961 104.304 0.052849 0.00823487 -0.000465795 0.00243443
0.155 3.19221 147.058 9.75842 489.549 113.234 0.0544161 0.00896594 0.000114388 0.00306491
0.156 3.24718 148.027 9.89157 499.902 121.393 0.0559147 0.00968009 0.000684244 0.00368286
0.157 3.30329 148.997 10.0253 510.057 128.925 0.0573446 0.01038 0.00124575 0.00429049
0.158 3.36052 149.967 10.1596 520.044 135.895 0.0587232 0.0110678 0.00180054 0.00488962
0.159 3.41885 150.938 10.2945 529.889 142.364 0.0600584 0.0117454 0.00234998 0.00548177
0.16 3.47827 151.909 10.4301 539.612 148.423 0.0613587 0.0124143 0.00289523 0.00606825
0.161 3.53876 152.88 10.5663 549.231 154.077 0.0626259 0.0130759 0.00343727 0.00665015
0.162 3.60032 153.852 10.7031 558.764 159.371 0.0638784 0.0137314 0.00397694 0.00722842
0.163 3.66293 154.824 10.8406 568.222 164.335 0.0650588 0.0143817 0.00451498 0.00780388
0.164 3.72659 155.797 10.9789 577.618 169.098 0.066108 0.0150277 0.005052 0.00837724
0.165 3.79129 156.769 11.1178 586.963 173.781 0.0671169 0.0156702 0.00558857 0.00894913
0.166 3.85702 157.743 11.2574 596.264 178.378 0.068134 0.0163099 0.00612518 0.0095201
0.167 3.92379 158.716 11.3977 605.531 182.901 0.0691485 0.0169474 0.00666226 0.0100906
0.168 3.99159 159.691 11.5388 614.77 187.352 0.0701624 0.0175832 0.00720019 0.0106612
0.169 4.06041 160.665 11.6806 623.987 191.736 0.0711751 0.0182177 0.00773931 0.0112321
0.17 4.13025 161.64 11.8231 633.19 196.06 0.0721867 0.0188515 0.00827994 0.0118038
0.171 4.20111 162.615 11.9664 642.382 200.325 0.0731973 0.019485 0.00882236 0.0123766
0.172 4.273 163.591 12.1104 651.568 204.54 0.0742071 0.0201184 0.00936681 0.0129507
0.173 4.34591 164.567 12.2553 660.753 208.707 0.0752165 0.0207521 0.00991353 0.0135264
0.174 4.41983 165.544 12.4009 669.94 212.83 0.0762256 0.0213864 0.0104627 0.014104
0.175 4.49478 166.521 12.5472 679.133 216.915 0.0772348 0.0220217 0.0110146 0.0146836
0.176 4.57075 167.498 12.6944 688.336 220.964 0.0782442 0.022658 0.0115693 0.0152656
0.177 4.64775 168.476 12.8424 697.55 224.98 0.0792543 0.0232958 0.0121271 0.01585
0.178 4.72576 169.454 12.9911 706.78 228.972 0.0802651 0.0239351 0.012688 0.016437
0.179 4.80481 170.433 13.1407 716.027 232.915 0.0812771 0.0245762 0.0132522 0.0170269
0.18 4.88488 171.412 13.291 725.294 236.923 0.0822897 0.0252193 0.0138199 0.0176197
0.181 4.96599 172.392 13.4422 734.584 240.575 0.0833063 0.0258646 0.0143911 0.0182156
0.182 5.04812 173.372 13.5942 743.897 245.476 0.084315 0.0265121 0.014966 0.0188147
0.183 5.1313 174.353 13.747 753.237 245.577 0.0853614 0.0271622 0.0155447 0.0194172
0.184 5.21551 175.334 13.9006 762.604 263.713 0.0862762 0.0278149 0.0161274 0.0200232
0.185 5.30077 176.315 14.0551 772.002 213.739 0.0876921 0.0284704 0.016714 0.0206328
0.186 5.38707 177.297 14.2104 781.43 420.665 0.0872489 0.0291287 0.0173047 0.021246
0.187 5.47442 178.28 14.3665 790.892 -554.114 0.0953166 0.0297901 0.0178996 0.0218631
0.188 5.56282 179.262 14.5235 800.387 -548.974 0.0963096 0.0304546 0.0184987 0.022484
0.189 5.65228 180.246 14.6813 809.919 316.984 0.0912702 0.0311224 0.0191022 0.0231089
0.19 5.74281 181.23 14.84 819.487 258.336 0.0928094 0.0317935 0.0197101 0.0237379
0.191 5.83439 182.214 14.9995 829.093 283.283 0.0937685 0.0324681 0.0203225 0.0243711
0.192 5.92705 183.199 15.1598 838.738 285.536 0.0949052 0.0331463 0.0209395 0.0250084
0.193 6.02078 184.184 15.321 848.424 275.435 0.0960607 0.0338281 0.0215611 0.0256501
0.194 6.11559 185.17 15.4831 858.152 338.635 0.0969812 0.0345136 0.0221874 0.0262962
0.195 6.21148 186.156 15.646 867.922 118.399 0.0988433 0.035203 0.0228185 0.0269467
0.196 6.30846 187.143 15.8098 877.734 969.063 0.0971964 0.0358963 0.0234544 0.0276017
0.197 6.40654 188.13 15.9745 887.597 -2218.18 0.108746 0.0365936 0.0240952 0.0282613
0.198 6.50571 189.118 16.14 897.482 20435.4 0.0409532 0.0372949 0.0247409 0.0289256
0.199 6.60598 190.106 16.3063 907.497 9006.14 0.0755271 0.0380004 0.0253915 0.0295945
0.2 6.70736 191.095 16.4736 917.249 -221.814 0.104766 0.0387103 0.0260475 0.0302684
0.201 6.80986 192.084 16.6417 928.206 479.483 0.103173 0.0394239 0.0267076 0.0309463
0.202 6.91347 193.074 16.8107 934.894 279.59 0.104394 0.0401434 0.0273763 0.031632
0.203 7.01821 194.064 16.9806 957.742 334.57 0.104833 0.0408628 0.0280383 0.0323132
0.204 7.12408 195.055 17.1513 920.516 320.035 0.105488 0.0415984 0.0287448 0.0330293
0.205 7.23108 196.046 17.323 1107.73 323.69 0.106092 0.0423153 0.0293279 0.0336571
0.206 7.33923 197.038 17.4955 457.569 321.478 0.106718 0.0430467 0.0303084 0.0345545
0.207 7.44852 198.03 17.6689 2932.76 319.849 0.107347 0.0441146 0.0298615 0.0346125
0.208 7.55896 199.023 17.8431 -6255.77 317.037 0.107982 0.0437304 0.0325092 0.0362496
0.209 6.62263 201.19 23.6335 -208.852 -47215.1 0.108624 0.0436422 0.0331288 0.0366333
0.21 7.61204 201.195 19.0736 8524.11 -7204.47 0.109272 0.0198681 0.0364487 0.0309219
0.211 7.88186 202.006 18.372 111.652 297.428 0.109927 0.0416755 0.034284 0.0367478
0.212 7.98829 203 18.5487 1188.15 300.541 0.110586 0.0426814 0.0356262 0.0379779
0.213 8.09582 203.996 18.7267 912.832 303.157 0.11126 0.0434018 0.0361161 0.0385447
0.214 8.20458 204.992 18.9053 1000.43 294.335 0.111905 0.0442469 0.0368868 0.0393402
0.215 8.31454 205.988 19.0848 990.692 332.992 0.112687 0.0450535 0.0375821 0.0400726
0.216 8.42571 206.985 19.265 1007.29 192.066 0.112986 0.0458783 0.0383068 0.0408306
0.217 8.53812 207.983 19.446 1016.9 731.15 0.115118 0.0467023 0.0390301 0.0415875
0.218 8.65176 208.981 19.6276 1028.44 -1286.86 0.110455 0.0475316 0.039761 0.0423512
0.219 8.76664 209.979 19.8101 1039.51 6644.89 0.132313 0.0483643 0.040497 0.0431194
0.22 8.88277 210.979 19.9932 1050.77 26723.5 0.190127 0.0492016 0.0412388 0.0438931
0.221 9.00015 211.978 20.1771 1062.03 1020.96 0.119171 0.0500426 0.0419865 0.0446718
0.222 9.11878 212.978 20.3618 1073.34 708.846 0.119549 0.0508874 0.04274 0.0454558
0.223 9.23867 213.979 20.5472 1084.69 237.569 0.119602 0.0517372 0.0434992 0.0462452
0.224 9.35982 214.98 20.7333 1096.09 370.328 0.121195 0.0525913 0.0442644 0.04704
0.225 9.48225 215.982 20.9203 1107.54 341.604 0.122388 0.0534499 0.0450354 0.0478403
0.226 9.60594 216.984 21.1079 1119.04 351.175 0.123664 0.0543131 0.0458124 0.048646
0.227 9.73092 217.987 21.2964 1130.59 373.199 0.125034 0.055181 0.0465954 0.0494573
0.228 9.85719 218.991 21.4856 1142.19 306.481 0.125966 0.0560536 0.0473844 0.0502741
0.229 9.98475 219.995 21.6756 1153.84 584.979 0.128581 0.0569311 0.0481794 0.0510966
0.23 10.1136 220.999 21.8664 1165.54 -612.824 0.124105 0.0578134 0.0489804 0.0519248
0.231 10.2438 222.004 22.058 1177.3 -1071.18 0.123227 0.0587007 0.0497876 0.0527586
0.232 10.3752 223.01 22.2504 1189.11 441.103 0.131606 0.0595929 0.0506008 0.0535982
0.233 10.508 224.016 22.4435 1200.98 359.636 0.132438 0.0604903 0.0514202 0.0544436
0.234 10.6421 225.023 22.6375 1212.9 402.131 0.133853 0.0613927 0.0522458 0.0552947
0.235 10.7775 226.031 22.8322 1224.88 397.185 0.13505 0.0623003 0.0530775 0.0561517
0.236 10.9143 227.039 23.0278 1236.92 405.056 0.136311 0.0632131 0.0539154 0.0570146
0.237 11.0524 228.047 23.2242 1249.01 409.437 0.137561 0.0641312 0.0547595 0.0578834
0.238 11.1919 229.056 23.4213 1261.16 414.77 0.13882 0.0650545 0.0556099 0.0587581
0.239 11.3327 230.066 23.6193 1273.38 419.864 0.140081 0.0659832 0.0564665 0.0596387
0.24 11.4748 231.076 23.8181 1285.65 425.043 0.141348 0.0669173 0.0573294 0.0605253
0.241 11.6184 232.087 24.0178 1297.98 430.221 0.14262 0.0678568 0.0581985 0.0614179
0.242 11.7633 233.099 24.2182 1310.37 435.42 0.143896 0.0688018 0.059074 0.0623166
0.243 11.9096 234.111 24.4195 1322.82 440.636 0.145177 0.0697522 0.0599557 0.0632212
0.244 12.0572 235.124 24.6216 1335.34 445.872 0.146462 0.0707082 0.0608438 0.0641319
0.245 12.2063 236.137 24.8245 1347.91 451.127 0.147753 0.0716697 0.0617382 0.0650487
0.246 12.3568 237.151 25.0283 1360.55 456.401 0.149048 0.0726367 0.062639 0.0659716
0.247 12.5087 238.166 25.2329 1373.25 461.695 0.150348 0.0736094 0.0635461 0.0669006
0.248 12.662 239.181 25.4384 1386.02 467.009 0.151653 0.0745877 0.0644596 0.0678356
0.249 12.8167 240.197 25.6447 1398.84 472.343 0.152963 0.0755716 0.0653794 0.0687768
0.25 12.9728 241.213 25.8518 1411.74 477.699 0.154277 0.0765613 0.0663057 0.0697242
0.251 13.1304 242.23 26.0598 1424.69 483.075 0.155597 0.0775566 0.0672383 0.0706777
0.252 13.2894 243.248 26.2686 1437.71 488.474 0.156921 0.0785576 0.0681773 0.0716374
0.253 13.4499 244.266 26.4783 1450.8 493.894 0.158251 0.0795643 0.0691226 0.0726032
0.254 13.6118 245.285 26.6889 1463.95 499.337 0.159585 0.0805767 0.0700744 0.0735752
0.255 13.7752 246.305 26.9003 1477.16 504.802 0.160924 0.081595 0.0710325 0.0745533
0.256 13.9401 247.325 27.1126 1490.45 510.29 0.162269 0.0826189 0.0719971 0.0755377
0.257 14.1064 248.346 27.3257 1503.79 515.8 0.163618 0.0836487 0.072968 0.0765282
0.258 14.2743 249.367 27.5397 1517.21 521.334 0.164972 0.0846842 0.0739453 0.077525
0.259 14.4436 250.389 27.7546 1530.69 526.892 0.166331 0.0857255 0.0749291 0.0785279
0.26 14.6144 251.412 27.9704 1544.24 532.472 0.167695 0.0867727 0.0759192 0.079537
0.261 14.7867 252.436 28.187 1557.85 538.077 0.169064 0.0878256 0.0769156 0.0805523
0.262 14.9606 253.46 28.4045 1571.53 543.705 0.170438 0.0888843 0.0779185 0.0815738
0.263 15.136 254.485 28.6229 1585.28 549.358 0.171817 0.0899488 0.0789277 0.0826014
0.264 15.3129 255.51 28.8421 1599.09 555.034 0.173201 0.0910192 0.0799433 0.0836353
0.265 15.4913 256.537 29.0623 1612.97 560.735 0.17459 0.0920953 0.0809652 0.0846753
0.266 15.6713 257.563 29.2833 1626.92 566.46 0.175983 0.0931773 0.0819935 0.0857214
0.267 15.8529 258.591 29.5053 1640.94 572.21 0.177382 0.0942651 0.0830281 0.0867738
0.268 16.036 259.619 29.7281 1655.02 577.984 0.178785 0.0953586 0.0840691 0.0878323
0.269 16.2207 260.648 29.9518 1669.18 583.782 0.180194 0.096458 0.0851163 0.0888969
0.27 16.4069 261.678 30.1764 1683.4 589.606 0.181607 0.0975631 0.0861699 0.0899676
0.271 16.5948 262.708 30.4019 1697.69 595.453 0.183025 0.0986741 0.0872297 0.0910445
0.272 16.7842 263.739 30.6283 1712.04 601.326 0.184448 0.0997908 0.0882958 0.0921275
0.273 16.9752 264.771 30.8556 1726.47 607.223 0.185875 0.100913 0.0893682 0.0932165
0.274 17.1678 265.803 31.0839 1740.96 613.145 0.187308 0.102041 0.0904467 0.0943117
0.275 17.3621 266.836 31.313 1755.52 619.091 0.188745 0.103175 0.0915316 0.0954129
0.276 17.558 267.87 31.543 1770.14 625.062 0.190187 0.104315 0.0926226 0.0965201
0.277 17.7555 268.904 31.774 1784.84 631.058 0.191633 0.105461 0.0937197 0.0976333
0.278 17.9546 269.94 32.0058 1799.6 637.078 0.193085 0.106612 0.0948231 0.0987526
0.279 18.1554 270.976 32.2386 1814.44 643.123 0.19454 0.107768 0.0959326 0.0998778
0.28 18.3578 272.012 32.4723 1829.33 649.192 0.196001 0.108931 0.0970482 0.101009
0.281 18.5619 273.05 32.7069 1844.3 655.285 0.197466 0.110099 0.0981698 0.102146
0.282 18.7677 274.088 32.9425 1859.34 661.403 0.198936 0.111273 0.0992976 0.103289
0.283 18.9751 275.127 33.1789 1874.44 667.545 0.20041 0.112452 0.100431 0.104438
0.284 19.1842 276.166 33.4163 1889.61 673.711 0.201888 0.113637 0.101571 0.105593
0.285 19.395 277.207 33.6546 1904.85 679.901 0.203371 0.114827 0.102717 0.106754
0.286 19.6075 278.248 33.8939 1920.15 686.114 0.204859 0.116023 0.103869 0.10792
0.287 19.8217 279.289 34.1341 1935.52 692.352 0.206351 0.117225 0.105026 0.109092
0.288 20.0376 280.332 34.3752 1950.96 698.613 0.207847 0.118431 0.10619 0.11027
0.289 20.2553 281.375 34.6172 1966.47 704.897 0.209348 0.119644 0.107359 0.111454
0.29 20.4746 282.419 34.8602 1982.04 711.204 0.210852 0.120862 0.108535 0.112644
0.291 20.6957 283.464 35.1041 1997.68 717.535 0.212361 0.122085 0.109716 0.113839
0.292 20.9185 284.51 35.349 2013.39 723.888 0.213874 0.123313 0.110902 0.115039
0.293 21.1431 285.556 35.5948 2029.16 730.265 0.215392 0.124547 0.112095 0.116246
0.294 21.3695 286.603 35.8416 2045 736.663 0.216913 0.125786 0.113293 0.117457
0.295 21.5976 287.651 36.0893 2060.9 743.084 0.218439 0.127031 0.114497 0.118675
0.296 21.8274 288.7 36.3379 2076.87 749.527 0.219968 0.12828 0.115707 0.119898
0.297 22.0591 289.749 36.5875 2092.91 755.992 0.221501 0.129535 0.116922 0.121126
0.298 22.2925 290.8 36.8381 2109.01 762.478 0.223039 0.130795 0.118142 0.12236
0.299 22.5278 291.851 37.0896 2125.17 768.986 0.22458 0.13206 0.119368 0.123599
0.3 22.7648 292.903 37.342 2141.4 775.514 0.226125 0.13333 0.1206 0.124843
0.301 23.0036 293.955 37.5955 2157.7 782.064 0.227673 0.134605 0.121837 0.126093
0.302 23.2443 295.009 37.8499 2174.06 788.634 0.229226 0.135885 0.123079 0.127348
0.303 23.4868 296.063 38.1052 2190.48 795.225 0.230782 0.13717 0.124327 0.128608
0.304 23.7311 297.118 38.3615 2206.96 801.836 0.232341 0.13846 0.12558 0.129873
0.305 23.9772 298.174 38.6188 2223.51 808.465 0.233904 0.139755 0.126838 0.131143
0.306 24.2252 299.23 38.877 2240.13 815.119 0.235471 0.141054 0.128101 0.132419
0.307 24.475 300.288 39.1362 2256.8 821.773 0.237041 0.142359 0.12937 0.133699
0.308 24.7267 301.346 39.3964 2273.54 828.519 0.238614 0.143668 0.130643 0.134985
0.309 24.9802 302.405 39.6575 2290.34 835.009 0.240192 0.144981 0.131922 0.136275
0.31 25.2357 303.465 39.9196 2307.2 842.546 0.241769 0.1463 0.133206 0.13757
0.311 25.493 304.526 40.1827 2324.12 846.239 0.243364 0.147622 0.134494 0.13887
0.312 25.7521 305.587 40.4468 2341.11 864.452 0.244905 0.14895 0.135787 0.140175
0.313 26.0132 306.65 40.7118 2358.15 828.215 0.246664 0.150282 0.137086 0.141484
0.314 26.2762 307.713 40.9778 2375.26 996.57 0.247623 0.151618 0.138389 0.142798
0.315 26.541 308.777 41.2448 2392.42 235.447 0.252252 0.152958 0.139697 0.144117
0.316 26.8078 309.842 41.5128 2409.65 367.038 0.254072 0.154303 0.141009 0.14544
0.317 27.0765 310.908 41.7817 2426.93 1006.09 0.254881 0.155653 0.142326 0.146768
0.318 27.3471 311.974 42.0517 2444.27 869.193 0.258898 0.157006 0.143648 0.1481
0.319 27.6197 313.042 42.3226 2461.67 918.827 0.262087 0.158363 0.144974 0.149437
0.32 27.8942 314.11 42.5945 2479.13 923.753 0.265419 0.159725 0.146304 0.150778
0.321 28.1706 315.179 42.8674 2496.65 928.113 0.268675 0.161091 0.147639 0.152123
0.322 28.449 316.249 43.1413 2514.22 988.138 0.271789 0.16246 0.148978 0.153472
0.323 28.7293 317.32 43.4162 2531.85 832.736 0.275268 0.163834 0.150322 0.154826
0.324 29.0116 318.392 43.692 2549.53 1495.99 0.277171 0.165211 0.15167 0.156183
0.325 29.2959 319.465 43.9689 2567.28 -909.645 0.284795 0.166592 0.153022 0.157545
0.326 29.5821 320.538 44.2468 2585.07 15904.8 0.256485 0.167977 0.154377 0.158911
0.327 29.8704 321.613 44.5256 2602.94 4970.5 0.27164 0.169365 0.155737 0.16028
0.328 30.1606 322.688 44.8055 2620.75 32.373 0.26957 0.170757 0.157101 0.161653
0.329 30.4528 323.764 45.0863 2639.07 1285.55 0.255838 0.172154 0.15847 0.163031
0.33 30.747 324.841 45.3681 2655.76 890.137 0.245701 0.17355 0.159839 0.164409
0.331 31.0432 325.919 45.651 2678.75 911.023 0.235153 0.174965 0.161224 0.165804
0.332 31.3414 326.998 45.9348 2678.48 792.417 0.225207 0.176319 0.162566 0.16715
0.333 31.6416 328.078 46.2197 2765.26 684.234 0.215554 0.177936 0.1641 0.168712
0.334 31.9439 329.159 46.5055 2527.44 546.581 0.206242 0.178545 0.164889 0.169441
0.335 32.2481 330.24 46.7924 3501.27 389.989 0.197228 0.183469 0.168935 0.173779
0.336 32.5545 331.323 47.0802 -46.5909 213.395 0.188495 0.174629 0.162451 0.16651
0.337 32.4442 332.912 48.8694 1979.19 -32999.7 0.180024 0.140736 0.137453 0.138548
0.338 32.9779 333.491 47.6583 3561.52 -184.738 0.171801 0.0286361 0.0537492 0.0453782
0.339 33.0355 334.575 47.9465 -260.435 -358.437 0.16381 0.0712892 0.0849939 0.0804256
0.34 33.1039 335.659 48.2333 882.823 -500.058 0.156038 0.0710925 0.08476 0.0802042
0.341 33.1821 336.744 48.5191 686.369 -610.104 0.148478 0.0776265 0.0895057 0.0855459
0.342 33.2694 337.829 48.804 841.254 -702.074 0.141102 0.0820923 0.0927381 0.0891895
0.343 33.3653 338.914 49.088 895.712 -733.426 0.133963 0.0867375 0.0961191 0.0929919
0.344 33.4693 340 49.3712 971.624 -865.726 0.126823 0.0910852 0.0992943 0.096558
0.345 33.5808 341.086 49.6537 1037.18 -492.662 0.120524 0.0952813 0.102371 0.100008
0.346 33.6997 342.172 49.9355 1101.2 -1892.73 0.111915 0.0993186 0.105343 0.103335
0.347 33.8254 343.258 50.2167 1161.81 3696.01 0.112975 0.103222 0.108227 0.106559
0.348 33.9578 344.345 50.4974 1220.34 16296.1 0.126947 0.107008 0.111037 0.109694
0.349 34.0965 345.432 50.7775 1276.56 -2788.16 0.105593 0.110689 0.11378 0.11275
0.35 34.2414 346.52 51.0573 1330.86 88.0129 0.117955 0.114276 0.116463 0.115734
0.351 34.3922 347.608 51.3366 1383.38 -599.858 0.124793 0.117779 0.119095 0.118656
0.352 34.5488 348.697 51.6156 1434.33 -333.542 0.132715 0.121206 0.12168 0.121522
0.353 34.7109 349.786 51.8943 1483.86 -328.07 0.139985 0.124564 0.124224 0.124338
0.354 34.8785 350.875 52.1727 1532.09 -261.119 0.147094 0.12786 0.126731 0.127108
0.355 35.0513 351.965 52.451 1579.14 -200.074 0.153996 0.1311 0.129205 0.129837
0.356 35.2293 353.056 52.729 1625.12 -200.349 0.160529 0.134288 0.13165 0.132529
0.357 35.4124 354.146 53.0069 1670.12 29.2157 0.167511 0.137429 0.134068 0.135188
0.358 35.6004 355.238 53.2847 1714.21 -736.745 0.171609 0.140527 0.136462 0.137817
0.359 35.7933 356.33 53.5625 1757.49 -867.434 0.176708 0.143585 0.138834 0.140418
0.36 35.991 357.422 53.8402 1800 169.373 0.183877 0.146606 0.141187 0.142993
0.361 36.1933 358.516 54.1179 1841.81 -6.94629 0.187356 0.149593 0.143522 0.145545
0.362 36.4002 359.609 54.3956 1882.96 86.2048 0.191563 0.152548 0.14584 0.148076
0.363 36.6117 360.703 54.6735 1923.52 105.731 0.195497 0.155474 0.148145 0.150588
0.364 36.8277 361.798 54.9514 1963.52 144.101 0.199431 0.158373 0.150435 0.153081
0.365 37.048 362.894 55.2294 2002.99 176.485 0.203295 0.161246 0.152714 0.155558
0.366 37.2728 363.99 55.5075 2041.98 209.639 0.207112 0.164095 0.154982 0.15802
0.367 37.5018 365.086 55.7859 2080.52 241.826 0.210879 0.166922 0.157239 0.160467
0.368 37.7351 366.184 56.0644 2118.64 273.519 0.214599 0.169727 0.159488 0.162901
0.369 37.9726 367.282 56.3432 2156.36 304.57 0.218275 0.172513 0.161727 0.165323
0.37 38.2143 368.38 56.6222 2193.71 335.115 0.22191 0.17528 0.163959 0.167733
0.371 38.4601 369.479 56.9015 2230.71 365.151 0.225504 0.178029 0.166184 0.170133
0.372 38.71 370.579 57.181 2267.38 394.706 0.22906 0.180762 0.168402 0.172522
0.373 38.9639 371.68 57.4609 2303.74 423.799 0.23258 0.183478 0.170614 0.174902
0.374 39.2219 372.781 57.7411 2339.81 452.451 0.236066 0.186179 0.172821 0.177273
0.375 39.4839 373.883 58.0217 2375.61 480.679 0.239518 0.188865 0.175022 0.179636
0.376 39.7498 374.986 58.3027 2411.14 508.5 0.242938 0.191538 0.177218 0.181991
0.377 40.0197 376.089 58.5841 2446.43 535.931 0.246328 0.194197 0.179409 0.184338
0.378 40.2934 377.193 58.8659 2481.49 562.985 0.249689 0.196843 0.181596 0.186679
0.379 40.5711 378.298 59.1481 2516.33 589.678 0.253021 0.199477 0.183779 0.189012
0.38 40.8526 379.404 59.4308 2550.95 616.021 0.256326 0.202098 0.185959 0.191339
0.381 41.138 380.51 59.7139 2585.37 642.028 0.259606 0.204709 0.188134 0.193659
0.382 41.4271 381.617 59.9976 2619.6 667.709 0.26286 0.207308 0.190306 0.195973
0.383 41.7201 382.725 60.2817 2653.65 693.074 0.266089 0.209896 0.192475 0.198282
0.384 42.0168 383.833 60.5664 2687.53 718.135 0.269295 0.212473 0.19464 0.200585
0.385 42.3173 384.943 60.8516 2721.24 742.899 0.272478 0.21504 0.196803 0.202882
0.386 42.6215 386.053 61.1374 2754.78 767.376 0.275638 0.217598 0.198962 0.205174
0.387 42.9295 387.164 61.4237 2788.18 791.575 0.278781 0.220145 0.201118 0.20746
0.388 43.2411 388.276 61.7107 2821.42 815.5 0.281887 0.222682 0.203272 0.209742
0.389 43.5565 389.388 61.9982 2854.53 839.179 0.285055 0.22521 0.205422 0.212018
0.39 43.8755 390.502 62.2863 2887.49 862.7 0.288335 0.227729 0.20757 0.21429
0.391 44.1981 391.616 62.5751 2920.33 886.179 0.291656 0.230238 0.209715 0.216556
0.392 44.5244 392.731 62.8646 2953.04 909.664 0.294999 0.232739 0.211857 0.218818
0.393 44.8543 393.847 63.1546 2985.62 933.177 0.298356 0.23523 0.213997 0.221075
0.394 45.1879 394.963 63.4454 3018.09 956.755 0.301721 0.237713 0.216133 0.223326
0.395 45.525 396.081 63.7368 3050.43 980.427 0.305092 0.240186 0.218267 0.225574
0.396 45.8658 397.199 64.029 3082.67 1004.22 0.308464 0.242651 0.220398 0.227816
0.397 46.2101 398.319 64.3218 3114.8 1028.16 0.311846 0.245108 0.222526 0.230053
0.398 46.5579 399.439 64.6153 3146.82 1052.25 0.315199 0.247556 0.224651 0.232286
0.399 46.9093 400.56 64.9096 3178.73 1076.57 0.318662 0.249995 0.226773 0.234514
0.4 47.2643 401.682 65.2047 3210.55 1100.56 0.32119 0.252425 0.228892 0.236737
0.401 47.6228 402.805 65.5004 3242.26 1122.69 0.322827 0.254847 0.231009 0.238955
0.402 47.9848 403.928 65.797 3273.88 1141.22 0.32403 0.257261 0.233121 0.241168
0.403 48.3503 405.053 66.0943 3305.41 1155.78 0.324928 0.259667 0.235232 0.243377
0.404 48.7193 406.179 66.3924 3336.8 1165.95 0.325579 0.262061 0.237336 0.245578
0.405 49.0918 407.305 66.6913 3368.28 1171.37 0.326021 0.264458 0.239447 0.247784
0.406 49.4678 408.432 66.991 3399.02 1171.23 0.326281 0.266803 0.241517 0.249946
0.407 49.8473 409.561 67.2915 3432.07 1166.87 0.326372 0.269304 0.243725 0.252251
0.408 50.2302 410.69 67.5928 3456.12 1151.67 0.326326 0.271184 0.245402 0.253996
0.409 50.6165 411.82 67.895 3513.3 1149.03 0.326086 0.275337 0.24904 0.257806
0.41 51.0063 412.951 68.198 3446.44 1069.9 0.325911 0.270976 0.245349 0.253892
0.411 51.3792 414.083 68.5018 3294.34 1248.56 0.324882 0.260759 0.23662 0.244667
0.412 51.7422 415.216 68.8063 3245.46 232.902 0.327033 0.257597 0.233971 0.241846
0.413 52.1014 416.35 69.1115 3222.26 363.871 0.326049 0.25619 0.232838 0.240622
0.414 52.4587 417.485 69.4172 3209.93 1143 0.323311 0.255528 0.232348 0.240075
0.415 52.815 418.62 69.7236 3204.37 929.389 0.323167 0.255325 0.232257 0.239946
0.416 53.1709 419.757 70.0305 3203.14 954.937 0.322273 0.255417 0.232421 0.240087
0.417 53.5269 420.894 70.3381 3205 924.858 0.321437 0.255719 0.232769 0.240419
0.418 53.8832 422.032 70.6462 3209.16 896.205 0.320474 0.256175 0.233252 0.240893
0.419 54.2401 423.171 70.9548 3215.09 940.55 0.319341 0.25675 0.233839 0.241476
0.42 54.5977 424.311 71.2641 3222.4 714.472 0.318412 0.257418 0.234508 0.242145
0.421 54.9562 425.452 71.5739 3230.85 1527.99 0.316265 0.258162 0.235245 0.242884
0.422 55.3157 426.593 71.8842 3240.24 -1536.25 0.320197 0.258967 0.236037 0.24368
0.423 55.6763 427.736 72.1951 3250.39 19661 0.29382 0.259824 0.236874 0.244524
0.424 56.0381 428.879 72.5065 3261.23 5839.27 0.310215 0.260724 0.237751 0.245408
0.425 56.401 430.023 72.8185 3272.52 -388.916 0.316979 0.26166 0.238661 0.246327
0.426 56.7653 431.168 73.131 3284.7 1254.85 0.313943 0.262627 0.239598 0.247274
0.427 57.1309 432.314 73.4441 3295.84 675.579 0.314132 0.263622 0.240565 0.248251
0.428 57.4979 433.46 73.7577 3312.78 1305.52 0.31204 0.264639 0.241536 0.249237
0.429 57.8664 434.608 74.0719 3309.76 -1220.4 0.318198 0.265678 0.242589 0.250285
0.43 58.2363 435.756 74.3866 3382.72 -875.211 0.31708 0.266738 0.243435 0.251203
0.431 58.6076 436.905 74.7018 3173.51 1157.9 0.312154 0.267762 0.245074 0.252637
0.432 58.9805 438.056 75.0176 4018.52 711.19 0.313945 0.269175 0.243797 0.252256
0.433 59.355 439.207 75.3339 930.186 803.295 0.314206 0.268986 0.251143 0.257091
0.434 59.3856 440.846 76.7752 3197.17 -40283.8 0.314832 0.262862 0.254042 0.256982
0.435 60.0666 441.511 75.968 5494.56 705.058 0.315423 0.252556 0.258872 0.256767
0.436 60.4083 442.665 76.2856 2436.86 831.998 0.315822 0.260255 0.261466 0.261062
0.437 60.7529 443.819 76.6035 3289.9 275.07 0.317106 0.261194 0.262396 0.261995
0.438 61.1005 444.974 76.9219 3093.97 2323.34 0.315148 0.263137 0.263492 0.263374
0.439 61.4509 446.13 77.2405 3179.02 -5379.93 0.325443 0.26484 0.264596 0.264677
0.44 61.8041 447.286 77.5595 3187.69 48005.4 0.262718 0.266543 0.265693 0.265976
0.441 62.16 448.444 77.8789 3215.82 14168.1 0.300506 0.268206 0.2668 0.267268
0.442 62.5185 449.602 78.1988 3238.57 -1838.38 0.315987 0.269865 0.267914 0.268565
0.443 62.8797 450.761 78.519 3263.12 125.754 0.303766 0.271499 0.269031 0.269854
0.444 63.2435 451.921 78.8396 3283.36 5917.05 0.307538 0.27311 0.27016 0.271144
0.445 63.6099 453.081 79.1606 3316.85 21521.4 0.320589 0.274717 0.271267 0.272417
0.446 63.9787 454.243 79.4821 3299.69 -2061.07 0.291228 0.276246 0.27247 0.273728
0.447 64.3501 455.405 79.8039 3470.06 1350.84 0.292519 0.278031 0.273353 0.274912
0.448 64.7239 456.569 80.1262 2939.33 372.775 0.289196 0.278682 0.275297 0.276426
0.449 65.1001 457.733 80.4489 5023.91 564.259 0.287277 0.284965 0.273052 0.277023
0.45 65.4788 458.897 80.772 -2653.13 429.726 0.28514 0.275272 0.280921 0.279038
0.451 65.0091 461.247 83.7196 3130.48 -103057 0.28319 0.276439 0.280753 0.279315
0.452 66.1685 461.256 81.4778 8752.85 -2012.21 0.281367 0.184833 0.321288 0.275803
0.453 66.4529 462.397 81.7435 842.18 163.486 0.279485 0.244077 0.296848 0.279258
0.454 66.725 463.565 82.0673 2904.03 329.301 0.278287 0.245972 0.298863 0.281233
0.455 67.0046 464.733 82.3909 2436.33 -686.592 0.274668 0.249947 0.299178 0.282768
0.456 67.2912 465.902 82.7146 2640.19 -942.935 0.272598 0.253323 0.300162 0.284549
0.457 67.5844 467.071 83.0382 2658.72 331.069 0.273495 0.256544 0.301029 0.286201
0.458 67.8837 468.242 83.3618 2722.67 -243.39 0.27103 0.259632 0.301996 0.287875
0.459 68.1889 469.413 83.6854 2770.7 999.702 0.270901 0.262581 0.302987 0.289518
0.46 68.4995 470.584 84.0091 2819.49 -3368.79 0.264748 0.26542 0.304016 0.291151
0.461 68.8153 471.756 84.3329 2865.25 13689.7 0.281684 0.26816 0.305073 0.292769
0.462 69.1361 472.929 84.6567 2909.31 52722.4 0.325208 0.27081 0.306153 0.294372
0.463 69.4618 474.103 84.9807 2951.61 -5431.02 0.26272 0.273378 0.307253 0.295961
0.464 69.792 475.277 85.3048 2992.36 1922.08 0.275762 0.275877 0.308372 0.29754
0.465 70.1267 476.453 85.629 3031.72 -164.683 0.27833 0.27831 0.309506 0.299107
0.466 70.4657 477.628 85.9534 3069.84 446.182 0.283612 0.280685 0.310653 0.300664
0.467 70.8088 478.805 86.278 3106.83 331.018 0.287911 0.283005 0.311812 0.302209
0.468 71.156 479.982 86.6028 3142.8 396.043 0.292215 0.285275 0.31298 0.303745
0.469 71.5072 481.16 86.9278 3177.82 457.197 0.296409 0.287499 0.314157 0.305271
0.47 71.8622 482.339 87.253 3211.99 339.185 0.300073 0.289681 0.315341 0.306788
0.471 72.2209 483.518 87.5784 3245.36 927.769 0.305096 0.291823 0.316531 0.308295
0.472 72.5834 484.699 87.9041 3278.01 -1491.54 0.303705 0.293929 0.317727 0.309794
0.473 72.9494 485.88 88.23 3309.98 -2034.66 0.306021 0.295999 0.318927 0.311284
0.474 73.3189 487.062 88.5562 3341.33 1010.49 0.315275 0.298038 0.320131 0.312767
0.475 73.6919 488.244 88.8827 3372.09 455.133 0.316672 0.300045 0.321338 0.314241
0.476 74.0682 489.428 89.2094 3402.32 636.107 0.319606 0.302024 0.322548 0.315707
0.477 74.4479 490.612 89.5365 3432.03 614.408 0.32206 0.303976 0.323761 0.317166
0.478 74.8309 491.797 89.8639 3461.28 646.552 0.324585 0.305902 0.324974 0.318617
0.479 75.2171 492.983 90.1915 3490.07 663.494 0.327036 0.307803 0.326189 0.320061
0.48 75.6064 494.169 90.5195 3518.45 683.913 0.329454 0.309681 0.327405 0.321497
0.481 75.9989 495.357 90.8478 3546.43 702.861 0.331832 0.311537 0.328622 0.322927
0.482 76.3945 496.545 91.1765 3574.05 721.6 0.334172 0.313372 0.329838 0.324349
0.483 76.7931 497.734 91.5055 3601.3 739.835 0.336476 0.315186 0.331055 0.325765
0.484 77.1948 498.924 91.8348 3628.23 757.683 0.338746 0.31698 0.332271 0.327174
0.485 77.5994 500.115 92.1646 3654.84 775.164 0.340983 0.318756 0.333487 0.328577
0.486 78.007 501.306 92.4946 3681.15 792.275 0.343189 0.320514 0.334702 0.329972
0.487 78.4174 502.499 92.8251 3707.17 809.035 0.345365 0.322254 0.335915 0.331362
0.488 78.8308 503.692 93.1559 3732.92 825.457 0.347512 0.323977 0.337128 0.332744
0.489 79.247 504.886 93.4871 3758.41 841.555 0.349631 0.325684 0.338339 0.334121
0.49 79.666 506.081 93.8187 3783.66 857.342 0.351723 0.327376 0.339549 0.335491
0.491 80.0878 507.277 94.1507 3808.67 872.831 0.353789 0.329052 0.340757 0.336855
0.492 80.5123 508.474 94.4831 3833.45 888.032 0.355831 0.330714 0.341963 0.338213
0.493 80.9396 509.671 94.816 3858.01 902.955 0.357849 0.332361 0.343168 0.339565
0.494 81.3697 510.87 95.1492 3882.36 917.611 0.359843 0.333994 0.34437 0.340911
0.495 81.8024 512.069 95.4828 3906.52 932.009 0.361816 0.335614 0.34557 0.342251
0.496 82.2378 513.269 95.8169 3930.48 946.157 0.363767 0.33722 0.346767 0.343585
0.497 82.6758 514.47 96.1514 3954.25 960.065 0.365696 0.338814 0.347962 0.344913
0.498 83.1165 515.672 96.4863 3977.85 973.739 0.367606 0.340395 0.349155 0.346235
0.499 83.5598 516.875 96.8217 4001.27 987.187 0.369496 0.341964 0.350345 0.347552
0.5 84.0056 518.079 97.1575 4024.53 1000.42 0.371367 0.343521 0.351533 0.348862
0.501 84.4541 519.283 97.4937 4047.63 1013.43 0.373219 0.345066 0.352718 0.350167
0.502 84.9051 520.489 97.8304 4070.57 1026.24 0.375054 0.3466 0.3539 0.351466
0.503 85.3587 521.695 98.1675 4093.37 1038.85 0.376871 0.348123 0.355079 0.35276
0.504 85.8147 522.903 98.5052 4116.01 1051.27 0.378671 0.349635 0.356255 0.354048
0.505 86.2733 524.111 98.8432 4138.52 1063.49 0.380454 0.351136 0.357428 0.35533
0.506 86.7344 525.32 99.1817 4160.89 1075.53 0.382221 0.352626 0.358598 0.356607
0.507 87.198 526.53 99.5207 4183.13 1087.39 0.383973 0.354106 0.359765 0.357879
0.508 87.664 527.741 99.8602 4205.23 1099.08 0.385709 0.355576 0.360929 0.359144
0.509 88.1325 528.953 100.2 4227.22 1110.6 0.38743 0.357036 0.362089 0.360405
0.51 88.6034 530.166 100.541 4249.08 1121.95 0.389136 0.358486 0.363246 0.36166
0.511 89.0767 531.379 100.881 4270.82 1133.13 0.390829 0.359927 0.3644 0.362909
0.512 89.5524 532.594 101.223 4292.45 1144.16 0.392507 0.361358 0.365551 0.364153
0.513 90.0306 533.81 101.565 4313.97 1155.04 0.394171 0.36278 0.366698 0.365392
0.514 90.5111 535.026 101.907 4335.37 1165.76 0.395822 0.364192 0.367842 0.366626
0.515 90.994 536.244 102.25 4356.67 1176.33 0.39746 0.365596 0.368983 0.367854
0.516 91.4792 537.462 102.593 4377.87 1186.76 0.399085 0.366991 0.37012 0.369077
0.517 91.9668 538.681 102.937 4398.96 1197.05 0.400697 0.368376 0.371253 0.370294
0.518 92.4568 539.902 103.281 4419.96 1207.2 0.402297 0.369754 0.372383 0.371507
0.519 92.949 541.123 103.626 4440.85 1217.21 0.403884 0.371122 0.37351 0.372714
0.52 93.4436 542.345 103.971 4461.66 1227.09 0.40546 0.372482 0.374633 0.373916
0.521 93.9405 543.568 104.317 4482.37 1236.85 0.407024 0.373834 0.375752 0.375113
0.522 94.4397 544.792 104.664 4502.98 1246.47 0.408577 0.375178 0.376868 0.376304
0.523 94.9412 546.017 105.01 4523.52 1255.96 0.410118 0.376513 0.37798 0.377491
0.524 95.4449 547.244 105.358 4543.96 1265.34 0.411648 0.377841 0.379088 0.378672
0.525 95.9509 548.47 105.706 4564.32 1274.59 0.413167 0.37916 0.380193 0.379849
0.526 96.4592 549.698 106.054 4584.59 1283.73 0.414675 0.380472 0.381294 0.38102
0.527 96.9697 550.927 106.403 4604.78 1292.74 0.416173 0.381776 0.382391 0.382186
0.528 97.4825 552.157 106.752 4624.9 1301.65 0.41766 0.383072 0.383485 0.383348
0.529 97.9975 553.388 107.102 4644.93 1310.44 0.419138 0.384361 0.384575 0.384504
0.53 98.5147 554.62 107.453 4664.89 1319.12 0.420605 0.385643 0.385661 0.385655
0.531 99.0341 555.853 107.804 4684.77 1327.69 0.422062 0.386917 0.386744 0.386801
0.532 99.5558 557.087 108.155 4704.57 1336.16 0.423509 0.388183 0.387823 0.387943
0.533 100.08 558.321 108.507 4724.3 1344.52 0.424946 0.389443 0.388898 0.389079
0.534 100.606 559.557 108.86 4743.96 1352.78 0.426374 0.390695 0.389969 0.390211
0.535 101.134 560.794 109.213 4763.55 1360.93 0.427793 0.39194 0.391037 0.391338
0.536 101.664 562.032 109.566 4783.07 1368.99 0.429202 0.393178 0.3921 0.39246
0.537 102.197 563.27 109.921 4802.52 1376.95 0.430602 0.394409 0.39316 0.393577
0.538 102.731 564.51 110.275 4821.91 1384.81 0.431993 0.395633 0.394217 0.394689
0.539 103.268 565.751 110.63 4841.22 1392.58 0.433376 0.396851 0.395269 0.395796
0.54 103.807 566.993 110.986 4860.48 1400.25 0.434749 0.398062 0.396318 0.396899
0.541 104.348 568.235 111.342 4879.66 1407.83 0.436114 0.399265 0.397363 0.397997
0.542 104.892 569.479 111.699 4898.79 1415.31 0.43747 0.400463 0.398404 0.39909
0.543 105.437 570.724 112.057 4917.85 1422.71 0.438817 0.401654 0.399441 0.400179
0.544 105.984 571.969 112.414 4936.85 1430.02 0.440157 0.402838 0.400475 0.401263
0.545 106.534 573.216 112.773 4955.79 1437.24 0.441488 0.404016 0.401505 0.402342
0.546 107.086 574.464 113.132 4974.67 1444.38 0.44281 0.405187 0.402531 0.403416
0.547 107.64 575.713 113.491 4993.49 1451.43 0.444125 0.406352 0.403553 0.404486
0.548 108.195 576.962 113.851 5012.25 1458.4 0.445432 0.407511 0.404572 0.405551
0.549 108.753 578.213 114.212 5030.96 1465.28 0.446731 0.408664 0.405586 0.406612
0.55 109.313 579.465 114.573 5049.61 1472.09 0.448022 0.40981 0.406597 0.407668
0.551 109.875 580.718 114.935 5068.2 1478.81 0.449305 0.41095 0.407605 0.40872
0.552 110.44 581.972 115.297 5086.74 1485.45 0.450581 0.412084 0.408608 0.409767
0.553 111.006 583.227 115.659 5105.22 1492.02 0.451849 0.413212 0.409608 0.410809
0.554 111.574 584.483 116.023 5123.65 1498.51 0.453109 0.414335 0.410604 0.411847
0.555 112.144 585.74 116.387 5142.03 1504.92 0.454362 0.415451 0.411596 0.412881
0.556 112.717 586.997 116.751 5160.35 1511.25 0.455608 0.416561 0.412584 0.41391
0.557 113.291 588.256 117.116 5178.63 1517.52 0.456847 0.417666 0.413569 0.414935
0.558 113.868 589.516 117.481 5196.85 1523.7 0.458078 0.418764 0.41455 0.415955
0.559 114.446 590.778 117.847 5215.02 1529.82 0.459303 0.419857 0.415527 0.416971
0.56 115.026 592.04 118.214 5233.14 1535.87 0.46052 0.420945 0.416501 0.417982
0.561 115.609 593.303 118.581 5251.21 1541.84 0.46173 0.422026 0.417471 0.418989
0.562 116.193 594.567 118.948 5269.24 1547.74 0.462934 0.423102 0.418437 0.419992
0.563 116.78 595.832 119.317 5287.21 1553.58 0.46413 0.424173 0.4194 0.420991
0.564 117.368 597.098 119.685 5305.14 1559.34 0.46532 0.425238 0.420358 0.421985
0.565 117.959 598.366 120.054 5323.02 1565.04 0.466503 0.426297 0.421314 0.422975
0.566 118.551 599.634 120.424 5340.85 1570.68 0.46768 0.427351 0.422265 0.42396
0.567 119.146 600.904 120.795 5358.64 1576.24 0.468849 0.4284 0.423213 0.424942
0.568 119.742 602.174 121.165 5376.38 1581.75 0.470013 0.429443 0.424157 0.425919
0.569 120.34 603.445 121.537 5394.08 1587.18 0.47117 0.430481 0.425098 0.426892
0.57 120.941 604.718 121.909 5411.73 1592.56 0.47232 0.431513 0.426035 0.427861
0.571 121.543 605.992 122.281 5429.34 1597.87 0.473465 0.432541 0.426968 0.428826
0.572 122.147 607.266 122.654 5446.91 1603.12 0.474603 0.433563 0.427898 0.429786
0.573 122.753 608.542 123.028 5464.43 1608.31 0.475734 0.43458 0.428824 0.430743
0.574 123.362 609.819 123.402 5481.91 1613.43 0.47686 0.435592 0.429747 0.431695
0.575 123.972 611.097 123.777 5499.35 1618.5 0.477979 0.436599 0.430665 0.432643
0.576 124.584 612.376 124.152 5516.74 1623.51 0.479093 0.4376 0.431581 0.433587
0.577 125.198 613.656 124.528 5534.1 1628.46 0.4802 0.438597 0.432493 0.434528
0.578 125.813 614.937 124.904 5551.41 1633.35 0.481301 0.439589 0.433401 0.435464
0.579 126.431 616.219 125.281 5568.68 1638.18 0.482397 0.440576 0.434306 0.436396
0.58 127.051 617.502 125.658 5585.91 1642.96 0.483486 0.441557 0.435207 0.437324
0.581 127.673 618.786 126.036 5603.1 1647.68 0.48457 0.442534 0.436105 0.438248
0.582 128.296 620.071 126.415 5620.26 1652.34 0.485648 0.443507 0.436999 0.439168
0.583 128.921 621.358 126.794 5637.37 1656.95 0.486721 0.444474 0.43789 0.440085
0.584 129.549 622.645 127.173 5654.44 1661.5 0.487787 0.445436 0.438778 0.440997
0.585 130.178 623.934 127.554 5671.48 1666.01 0.488848 0.446394 0.439661 0.441906
0.586 130.809 625.223 127.934 5688.48 1670.45 0.489904 0.447347 0.440542 0.44281
0.587 131.442 626.514 128.315 5705.44 1674.85 0.490954 0.448296 0.441419 0.443711
0.588 132.077 627.806 128.697 5722.36 1679.19 0.491998 0.44924 0.442293 0.444608
0.589 132.714 629.099 129.079 5739.25 1683.48 0.493037 0.450179 0.443163 0.445501
0.59 133.352 630.393 129.462 5756.1 1687.72 0.494071 0.451113 0.44403 0.446391
0.591 133.993 631.688 129.846 5772.91 1691.91 0.495099 0.452043 0.444893 0.447276
0.592 134.635 632.984 130.23 5789.69 1696.05 0.496122 0.452969 0.445753 0.448158
0.593 135.28 634.281 130.614 5806.43 1700.14 0.49714 0.45389 0.44661 0.449036
0.594 135.926 635.579 130.999 5823.14 1704.18 0.498153 0.454806 0.447463 0.449911
0.595 136.574 636.879 131.384 5839.81 1708.18 0.49916 0.455719 0.448313 0.450782
0.596 137.223 638.179 131.771 5856.45 1712.12 0.500162 0.456626 0.44916 0.451649
0.597 137.875 639.481 132.157 5873.05 1716.02 0.501159 0.45753 0.450003 0.452512
0.598 138.528 640.783 132.544 5889.62 1719.87 0.502151 0.458429 0.450843 0.453372
0.599 139.184 642.087 132.932 5906.15 1723.67 0.503138 0.459323 0.45168 0.454228
0.6 139.841 643.392 133.32 5922.66 1727.43 0.504121 0.460214 0.452514 0.45508
0.601 140.5 644.698 133.709 5939.12 1731.14 0.505098 0.4611 0.453344 0.455929
0.602 141.161 646.005 134.098 5955.56 1734.81 0.50607 0.461982 0.454171 0.456775
0.603 141.823 647.313 134.488 5971.96 1738.43 0.507037 0.46286 0.454995 0.457617
0.604 142.488 648.622 134.878 5988.33 1742.01 0.508 0.463734 0.455816 0.458455
0.605 143.154 649.933 135.269 6004.67 1745.54 0.508957 0.464603 0.456633 0.45929
0.606 143.822 651.244 135.66 6020.97 1749.03 0.50991 0.465468 0.457447 0.460121
0.607 144.492 652.557 136.052 6037.25 1752.48 0.510858 0.46633 0.458258 0.460949
0.608 145.164 653.87 136.445 6053.49 1755.88 0.511802 0.467187 0.459066 0.461773
0.609 145.837 655.185 136.838 6069.7 1759.24 0.512741 0.46804 0.459871 0.462594
0.61 146.513 656.501 137.231 6085.89 1762.56 0.513675 0.468889 0.460673 0.463412
0.611 147.19 657.818 137.625 6102.04 1765.84 0.514604 0.469735 0.461471 0.464226
0.612 147.869 659.136 138.02 6118.16 1769.08 0.51553 0.470576 0.462267 0.465036
0.613 148.549 660.455 138.415 6134.25 1772.28 0.51645 0.471413 0.463059 0.465844
0.614 149.232 661.775 138.81 6150.31 1775.44 0.517366 0.472247 0.463848 0.466648
0.615 149.916 663.097 139.206 6166.34 1778.55 0.518278 0.473076 0.464634 0.467448
0.616 150.602 664.419 139.603 6182.34 1781.63 0.519185 0.473902 0.465417 0.468246
0.617 151.29 665.743 140 6198.31 1784.67 0.520088 0.474724 0.466197 0.46904
0.618 151.98 667.068 140.398 6214.26 1787.67 0.520986 0.475542 0.466975 0.46983
0.619 152.671 668.394 140.796 6230.17 1790.63 0.52188 0.476356 0.467749 0.470618
0.62 153.364 669.721 141.195 6246.06 1793.56 0.52277 0.477167 0.46852 0.471402
0.621 154.059 671.049 141.594 6261.91 1796.44 0.523656 0.477974 0.469288 0.472183
0.622 154.756 672.378 141.994 6277.74 1799.29 0.524537 0.478777 0.470053 0.472961
0.623 155.454 673.708 142.394 6293.55 1802.1 0.525414 0.479576 0.470815 0.473736
0.624 156.154 675.04 142.795 6309.32 1804.88 0.526287 0.480372 0.471574 0.474507
0.625 156.856 676.372 143.196 6325.07 1807.62 0.527156 0.481165 0.47233 0.475275
0.626 157.56 677.706 143.598 6340.79 1810.32 0.52802 0.481953 0.473084 0.47604
0.627 158.265 679.041 144 6356.48 1812.99 0.528881 0.482738 0.473834 0.476802
0.628 158.972 680.377 144.403 6372.15 1815.62 0.529737 0.48352 0.474582 0.477561
0.629 159.681 681.714 144.806 6387.79 1818.22 0.53059 0.484298 0.475327 0.478317
0.63 160.392 683.052 145.21 6403.4 1820.79 0.531438 0.485072 0.476068 0.47907
0.631 161.104 684.392 145.615 6418.99 1823.31 0.532283 0.485843 0.476807 0.479819
0.632 161.818 685.732 146.019 6434.55 1825.81 0.533123 0.48661 0.477544 0.480566
0.633 162.534 687.074 146.425 6450.09 1828.27 0.53396 0.487375 0.478277 0.481309
0.634 163.252 688.417 146.831 6465.6 1830.7 0.534792 0.488135 0.479007 0.48205
0.635 163.971 689.761 147.237 6481.08 1833.1 0.535621 0.488892 0.479735 0.482788
0.636 164.692 691.106 147.644 6496.54 1835.46 0.536446 0.489646 0.48046 0.483522
0.637 165.414 692.452 148.051 6511.98 1837.79 0.537267 0.490397 0.481182 0.484254
0.638 166.139 693.799 148.459 6527.39 1840.09 0.538085 0.491144 0.481902 0.484982
0.639 166.865 695.147 148.868 6542.78 1842.36 0.538898 0.491888 0.482618 0.485708
0.64 167.593 696.497 149.277 6558.14 1844.59 0.539708 0.492628 0.483332 0.486431
0.641 168.322 697.848 149.686 6573.47 1846.79 0.540514 0.493365 0.484044 0.487151
0.642 169.054 699.2 150.096 6588.79 1848.97 0.541317 0.494099 0.484752 0.487868
0.643 169.787 700.553 150.506 6604.08 1851.11 0.542116 0.49483 0.485458 0.488582
0.644 170.521 701.907 150.917 6619.34 1853.22 0.542911 0.495558 0.486161 0.489293
0.645 171.257 703.262 151.329 6634.58 1855.3 0.543703 0.496282 0.486862 0.490002
0.646 171.995 704.618 151.741 6649.8 1857.36 0.54449 0.497003 0.487559 0.490707
0.647 172.735 705.976 152.153 6664.99 1859.38 0.545275 0.497721 0.488255 0.49141
0.648 173.477 707.335 152.566 6680.17 1861.37 0.546056 0.498436 0.488947 0.49211
0.649 174.22 708.695 152.979 6695.32 1863.34 0.546833 0.499148 0.489637 0.492807
0.65 174.964 710.055 153.393 6710.44 1865.27 0.547607 0.499857 0.490325 0.493502
0.651 175.711 711.418 153.807 6725.55 1867.18 0.548377 0.500562 0.491009 0.494194
0.652 176.459 712.781 154.222 6740.63 1869.06 0.549144 0.501265 0.491692 0.494883
0.653 177.209 714.145 154.638 6755.69 1870.91 0.549908 0.501964 0.492371 0.495569
0.654 177.96 715.511 155.053 6770.72 1872.74 0.550668 0.502661 0.493048 0.496253
0.655 178.713 716.878 155.47 6785.74 1874.53 0.551425 0.503355 0.493723 0.496933
0.656 179.468 718.246 155.887 6800.73 1876.3 0.552178 0.504045 0.494395 0.497612
0.657 180.225 719.615 156.304 6815.7 1878.04 0.552928 0.504733 0.495065 0.498287
0.658 180.983 720.985 156.722 6830.65 1879.76 0.553675 0.505417 0.495732 0.49896
0.659 181.743 722.356 157.14 6845.58 1881.45 0.554418 0.506099 0.496396 0.49963
0.66 182.504 723.729 157.559 6860.49 1883.11 0.555158 0.506778 0.497058 0.500298
0.661 183.267 725.102 157.978 6875.38 1884.74 0.555895 0.507454 0.497718 0.500963
0.662 184.032 726.477 158.398 6890.24 1886.36 0.556629 0.508127 0.498375 0.501626
0.663 184.798 727.853 158.818 6905.09 1887.94 0.557359 0.508797 0.49903 0.502286
0.664 185.566 729.23 159.238 6919.91 1889.5 0.558087 0.509465 0.499682 0.502943
0.665 186.336 730.609 159.659 6934.72 1891.03 0.558811 0.510129 0.500332 0.503598
0.666 187.107 731.988 160.081 6949.5 1892.54 0.559532 0.510791 0.500979 0.50425
0.667 187.88 733.369 160.503 6964.26 1894.03 0.56025 0.51145 0.501624 0.5049
0.668 188.655 734.75 160.926 6979.01 1895.49 0.560964 0.512106 0.502267 0.505547
0.669 189.431 736.133 161.349 6993.73 1896.93 0.561676 0.51276 0.502907 0.506192
0.67 190.209 737.517 161.772 7008.44 1898.34 0.562385 0.513411 0.503545 0.506834
0.671 190.989 738.903 162.196 7023.12 1899.73 0.56309 0.514059 0.504181 0.507474
0.672 191.77 740.289 162.621 7037.79 1901.09 0.563793 0.514704 0.504814 0.508111
0.673 192.553 741.677 163.045 7052.43 1902.43 0.564492 0.515347 0.505445 0.508746
0.674 193.337 743.065 163.471 7067.06 1903.75 0.565189 0.515987 0.506074 0.509378
0.675 194.123 744.455 163.897 7081.66 1905.05 0.565882 0.516624 0.5067 0.510008
0.676 194.911 745.846 164.323 7096.25 1906.32 0.566573 0.517259 0.507325 0.510636
0.677 195.7 747.239 164.75 7110.82 1907.57 0.567261 0.517891 0.507946 0.511261
0.678 196.491 748.632 165.177 7125.37 1908.8 0.567945 0.518521 0.508566 0.511884
0.679 197.284 750.027 165.605 7139.9 1910 0.568627 0.519148 0.509183 0.512505
0.68 198.078 751.422 166.033 7154.42 1911.19 0.569306 0.519772 0.509798 0.513123
0.681 198.873 752.819 166.461 7168.91 1912.35 0.569982 0.520394 0.510411 0.513739
0.682 199.671 754.217 166.89 7183.39 1913.49 0.570656 0.521013 0.511022 0.514352
0.683 200.47 755.616 167.32 7197.85 1914.61 0.571326 0.52163 0.51163 0.514964
0.684 201.27 757.017 167.75 7212.29 1915.71 0.571994 0.522244 0.512237 0.515572
0.685 202.072 758.418 168.18 7226.71 1916.78 0.572658 0.522856 0.512841 0.516179
0.686 202.876 759.821 168.611 7241.12 1917.84 0.573321 0.523465 0.513442 0.516783
0.687 203.682 761.225 169.042 7255.51 1918.87 0.57398 0.524072 0.514042 0.517386
0.688 204.489 762.63 169.474 7269.88 1919.89 0.574637 0.524677 0.51464 0.517985
0.689 205.297 764.037 169.906 7284.23 1920.88 0.57529 0.525279 0.515235 0.518583
0.69 206.107 765.444 170.339 7298.57 1921.86 0.575942 0.525878 0.515829 0.519178
0.691 206.919 766.853 170.772 7312.88 1922.81 0.57659 0.526476 0.51642 0.519772
0.692 207.732 768.262 171.206 7327.19 1923.75 0.577236 0.52707 0.517009 0.520363
0.693 208.547 769.673 171.64 7341.47 1924.66 0.577879 0.527663 0.517596 0.520951
0.694 209.364 771.086 172.074 7355.74 1925.56 0.57852 0.528253 0.518181 0.521538
0.695 210.182 772.499 172.509 7369.99 1926.43 0.579158 0.528841 0.518764 0.522123
0.696 211.002 773.913 172.945 7384.22 1927.29 0.579793 0.529426 0.519344 0.522705
0.697 211.823 775.329 173.38 7398.44 1928.13 0.580426 0.530009 0.519923 0.523285
0.698 212.646 776.746 173.817 7412.64 1928.95 0.581056 0.53059 0.5205 0.523863
0.699 213.47 778.164 174.253 7426.83 1929.75 0.581683 0.531168 0.521074 0.524439
0.7 214.296 779.583 174.691 7441 1930.53 0.582308 0.531745 0.521647 0.525013
0.701 215.124 781.004 175.128 7455.15 1931.29 0.582931 0.532319 0.522217 0.525584
0.702 215.953 782.425 175.566 7469.29 1932.04 0.583551 0.53289 0.522786 0.526154
0.703 216.783 783.848 176.004 7483.41 1932.77 0.584168 0.53346 0.523353 0.526722
0.704 217.616 785.272 176.443 7497.51 1933.48 0.584784 0.534027 0.523917 0.527287
0.705 218.45 786.697 176.883 7511.6 1934.17 0.585396 0.534592 0.52448 0.527851
0.706 219.285 788.124 177.322 7525.68 1934.84 0.586006 0.535155 0.525041 0.528412
0.707 220.122 789.551 177.763 7539.74 1935.5 0.586614 0.535716 0.525599 0.528971
0.708 220.96 790.98 178.203 7553.78 1936.14 0.587219 0.536274 0.526156 0.529529
0.709 221.801 792.41 178.644 7567.81 1936.77 0.587822 0.53683 0.526711 0.530084
0.71 222.642 793.841 179.086 7581.82 1937.37 0.588423 0.537385 0.527264 0.530637
0.711 223.485 795.273 179.527 7595.82 1937.96 0.589021 0.537937 0.527815 0.531189
0.712 224.33 796.706 179.97 7609.8 1938.54 0.589616 0.538487 0.528364 0.531738
0.713 225.176 798.141 180.413 7623.77 1939.09 0.59021 0.539035 0.528911 0.532286
0.714 226.024 799.577 180.856 7637.72 1939.63 0.590801 0.53958 0.529457 0.532831
0.715 226.874 801.014 181.299 7651.66 1940.16 0.59139 0.540124 0.53 0.533375
0.716 227.725 802.452 181.743 7665.59 1940.66 0.591976 0.540666 0.530542 0.533916
0.717 228.577 803.892 182.188 7679.5 1941.16 0.59256 0.541205 0.531081 0.534456
0.718 229.431 805.332 182.632 7693.39 1941.63 0.593142 0.541743 0.531619 0.534994
0.719 230.287 806.774 183.078 7707.27 1942.09 0.593722 0.542278 0.532155 0.53553
0.72 231.144 808.217 183.523 7721.14 1942.54 0.594299 0.542812 0.53269 0.536064
0.721 232.003 809.661 183.969 7734.99 1942.97 0.594874 0.543343 0.533222 0.536596
0.722 232.863 811.106 184.416 7748.83 1943.38 0.595447 0.543872 0.533753 0.537126
0.723 233.725 812.553 184.863 7762.65 1943.78 0.596018 0.5444 0.534281 0.537654
0.724 234.588 814.001 185.31 7776.46 1944.17 0.596586 0.544925 0.534808 0.538181
0.725 235.453 815.45 185.758 7790.26 1944.54 0.597152 0.545449 0.535334 0.538705
0.726 236.319 816.9 186.206 7804.04 1944.89 0.597716 0.545971 0.535857 0.539228
0.727 237.187 818.351 186.655 7817.81 1945.23 0.598278 0.54649 0.536379 0.539749
0.728 238.056 819.803 187.104 7831.57 1945.56 0.598838 0.547008 0.536899 0.540268
0.729 238.927 821.257 187.553 7845.31 1945.87 0.599396 0.547524 0.537417 0.540786
0.73 239.8 822.712 188.003 7859.04 1946.17 0.599951 0.548038 0.537933 0.541301
0.731 240.674 824.168 188.453 7872.75 1946.45 0.600505 0.54855 0.538448 0.541815
0.732 241.549 825.625 188.904 7886.45 1946.72 0.601056 0.54906 0.538961 0.542327
0.733 242.426 827.084 189.355 7900.14 1946.98 0.601605 0.549568 0.539472 0.542837
0.734 243.305 828.544 189.806 7913.82 1947.22 0.602152 0.550074 0.539982 0.543346
0.735 244.185 830.005 190.258 7927.48 1947.44 0.602697 0.550579 0.54049 0.543853
0.736 245.066 831.467 190.71 7941.13 1947.66 0.60324 0.551081 0.540996 0.544358
0.737 245.95 832.93 191.163 7954.77 1947.86 0.603781 0.551582 0.5415 0.544861
0.738 246.834 834.394 191.616 7968.4 1948.05 0.60432 0.552081 0.542003 0.545363
0.739 247.72 835.86 192.069 7982.01 1948.22 0.604857 0.552579 0.542504 0.545862
0.74 248.608 837.327 192.523 7995.61 1948.38 0.605392 0.553074 0.543004 0.546361
0.741 249.497 838.795 192.977 8009.19 1948.53 0.605925 0.553568 0.543502 0.546857
0.742 250.388 840.264 193.432 8022.77 1948.67 0.606456 0.554059 0.543998 0.547352
0.743 251.28 841.735 193.887 8036.33 1948.79 0.606985 0.554549 0.544493 0.547845
0.744 252.174 843.206 194.342 8049.88 1948.9 0.607512 0.555038 0.544986 0.548336
0.745 253.069 844.679 194.798 8063.42 1949 0.608037 0.555524 0.545477 0.548826
0.746 253.966 846.153 195.254 8076.94 1949.09 0.60856 0.556009 0.545967 0.549314
0.747 254.864 847.629 195.71 8090.46 1949.16 0.609082 0.556492 0.546455 0.549801
0.748 255.763 849.105 196.167 8103.96 1949.22 0.609601 0.556974 0.546941 0.550286
0.749 256.665 850.583 196.625 8117.45 1949.27 0.610118 0.557453 0.547427 0.550769
0.75 257.567 852.062 197.082 8130.92 1949.31 0.610634 0.557931 0.54791 0.55125
0.751 258.471 853.542 197.54 8144.39 1949.33 0.611147 0.558407 0.548392 0.55173
0.752 259.377 855.023 197.999 8157.84 1949.35 0.611659 0.558882 0.548872 0.552209
0.753 260.284 856.506 198.458 8171.29 1949.35 0.612169 0.559355 0.549351 0.552686
0.754 261.193 857.989 198.917 8184.72 1949.34 0.612677 0.559826 0.549828 0.553161
0.755 262.103 859.474 199.377 8198.14 1949.32 0.613183 0.560296 0.550304 0.553634
0.756 263.015 860.961 199.837 8211.54 1949.29 0.613688 0.560764 0.550778 0.554106
0.757 263.928 862.448 200.297 8224.94 1949.24 0.61419 0.56123 0.551251 0.554577
0.758 264.843 863.936 200.758 8238.33 1949.19 0.614691 0.561694 0.551722 0.555046
0.759 265.759 865.426 201.219 8251.7 1949.12 0.61519 0.562158 0.552191 0.555513
0.76 266.676 866.917 201.68 8265.06 1949.05 0.615687 0.562619 0.552659 0.555979
0.761 267.595 868.409 202.142 8278.41 1948.96 0.616182 0.563079 0.553126 0.556444
0.762 268.516 869.903 202.605 8291.76 1948.86 0.616676 0.563537 0.553591 0.556906
0.763 269.438 871.397 203.067 8305.08 1948.75 0.617168 0.563994 0.554055 0.557368
0.764 270.362 872.893 203.53 8318.4 1948.63 0.617658 0.564449 0.554517 0.557828
0.765 271.287 874.39 203.994 8331.71 1948.5 0.618146 0.564902 0.554978 0.558286
0.766 272.213 875.888 204.457 8345.01 1948.36 0.618633 0.565354 0.555437 0.558743
0.767 273.141 877.388 204.921 8358.3 1948.21 0.619118 0.565805 0.555895 0.559198
0.768 274.07 878.888 205.386 8371.57 1948.05 0.619601 0.566254 0.556351 0.559652
0.769 275.001 880.39 205.851 8384.84 1947.87 0.620082 0.566701 0.556806 0.560104
0.77 275.934 881.893 206.316 8398.09 1947.69 0.620562 0.567147 0.55726 0.560555
0.771 276.868 883.398 206.782 8411.34 1947.5 0.62104 0.567591 0.557712 0.561005
0.772 277.803 884.903 207.248 8424.57 1947.3 0.621516 0.568034 0.558163 0.561453
0.773 278.74 886.41 207.714 8437.79 1947.09 0.621991 0.568475 0.558612 0.5619
0.774 279.678 887.918 208.181 8451.01 1946.87 0.622464 0.568915 0.55906 0.562345
0.775 280.618 889.427 208.648 8464.21 1946.64 0.622936 0.569353 0.559506 0.562789
0.776 281.559 890.937 209.115 8477.4 1946.4 0.623405 0.56979 0.559951 0.563231
0.777 282.502 892.449 209.583 8490.58 1946.15 0.623874 0.570225 0.560395 0.563672
0.778 283.446 893.962 210.051 8503.76 1945.89 0.62434 0.570659 0.560837 0.564111
0.779 284.391 895.475 210.519 8516.92 1945.62 0.624805 0.571092 0.561278 0.56455
0.78 285.338 896.991 210.988 8530.07 1945.34 0.625268 0.571523 0.561718 0.564986
0.781 286.287 898.507 211.457 8543.21 1945.05 0.62573 0.571952 0.562156 0.565422
0.782 287.237 900.025 211.927 8556.35 1944.76 0.62619 0.572381 0.562593 0.565856
0.783 288.188 901.544 212.397 8569.47 1944.45 0.626649 0.572807 0.563029 0.566288
0.784 289.141 903.064 212.867 8582.58 1944.14 0.627106 0.573233 0.563463 0.56672
0.785 290.095 904.585 213.337 8595.69 1943.82 0.627561 0.573657 0.563896 0.56715
0.786 291.051 906.107 213.808 8608.78 1943.49 0.628015 0.574079 0.564328 0.567578
0.787 292.009 907.631 214.28 8621.87 1943.14 0.628467 0.5745 0.564758 0.568006
0.788 292.967 909.156 214.751 8634.94 1942.8 0.628918 0.57492 0.565187 0.568431
0.789 293.927 910.682 215.223 8648.01 1942.44 0.629367 0.575338 0.565615 0.568856
0.79 294.889 912.21 215.696 8661.06 1942.07 0.629815 0.575755 0.566041 0.569279
0.791 295.852 913.738 216.168 8674.11 1941.7 0.630261 0.576171 0.566466 0.569701
0.792 296.817 915.268 216.641 8687.15 1941.32 0.630706 0.576585 0.56689 0.570122
0.793 297.783 916.799 217.115 8700.18 1940.92 0.631149 0.576998 0.567313 0.570541
0.794 298.75 918.331 217.588 8713.2 1940.53 0.631591 0.57741 0.567734 0.570959
0.795 299.719 919.865 218.062 8726.21 1940.12 0.632031 0.57782 0.568154 0.571376
0.796 300.689 921.399 218.537 8739.21 1939.7 0.63247 0.578229 0.568573 0.571792
0.797 301.661 922.935 219.012 8752.2 1939.28 0.632907 0.578637 0.56899 0.572206
0.798 302.634 924.472 219.487 8765.18 1938.85 0.633343 0.579043 0.569407 0.572619
0.799 303.609 926.011 219.962 8778.16 1938.41 0.633777 0.579448 0.569822 0.573031
0.8 304.585 927.55 220.438 8791.12 1937.96 0.634211 0.579852 0.570236 0.573441
0.801 305.562 929.091 220.914 8804.08 1937.51 0.634644 0.580254 0.570648 0.57385
0.802 306.541 930.633 221.39 8817.02 1937.05 0.635078 0.580655 0.57106 0.574258
0.803 307.522 932.176 221.867 8829.96 1936.59 0.63551 0.581055 0.57147 0.574665
0.804 308.503 933.721 222.344 8842.89 1936.12 0.635942 0.581454 0.571879 0.57507
0.805 309.487 935.266 222.822 8855.81 1935.69 0.636372 0.581851 0.572286 0.575475
0.806 310.471 936.813 223.299 8868.73 1935.11 0.636802 0.582247 0.572693 0.575878
0.807 311.458 938.361 223.777 8881.63 1935.08 0.63723 0.582642 0.573098 0.576279
0.808 312.445 939.911 224.256 8894.53 1932.97 0.63766 0.583036 0.573502 0.57668
0.809 313.434 941.461 224.735 8907.42 1938.66 0.63808 0.583428 0.573905 0.57708
0.81 314.425 943.013 225.214 8920.29 1915.14 0.638529 0.583819 0.574307 0.577478
0.811 315.416 944.566 225.693 8933.17 2000.93 0.638862 0.584209 0.574708 0.577875
0.812 316.41 946.12 226.173 8946.03 1677.72 0.639581 0.584598 0.575107 0.578271
0.813 317.404 947.676 226.653 8958.88 2884.52 0.638805 0.584985 0.575505 0.578665
0.814 318.401 949.232 227.133 8971.73 -2832.99 0.644754 0.585371 0.575902 0.579059
0.815 319.398 950.79 227.614 8984.56 -1930.33 0.644272 0.585757 0.576298 0.579451
0.816 320.397 952.349 228.095 8997.4 2485.73 0.640391 0.58614 0.576693 0.579842
0.817 321.398 953.91 228.576 9010.21 1530.38 0.641714 0.586523 0.577087 0.580232
0.818 322.399 955.471 229.058 9023.04 2022.27 0.641651 0.586905 0.577479 0.580621
0.819 323.403 957.034 229.54 9035.78 1919.22 0.642155 0.587284 0.577871 0.581009
0.82 324.407 958.598 230.022 9048.83 1863.15 0.642559 0.587666 0.57826 0.581395
0.821 325.413 960.163 230.505 9060.69 2184.78 0.642799 0.588036 0.578654 0.581781
0.822 326.421 961.73 230.988 9070.71 944.581 0.643771 0.588391 0.579058 0.582169
0.823 327.429 963.298 231.471 9081.38 5586.49 0.641964 0.588752 0.57946 0.582557
0.824 328.439 964.867 231.955 9092.96 -11787.8 0.650562 0.58912 0.579857 0.582944
0.825 329.45 966.437 232.438 9104.65 108125 0.596941 0.589489 0.580253 0.583331
0.826 330.462 968.008 232.923 9116.57 31025.9 0.6311 0.589859 0.580647 0.583718
0.827 331.476 969.581 233.407 9128.43 400.764 0.645534 0.59023 0.581041 0.584104
0.828 332.491 971.155 233.892 9140.96 5062.7 0.643412 0.5906 0.581433 0.584489
0.829 333.507 972.73 234.377 9151.39 1078.22 0.645343 0.59097 0.581827 0.584875
0.83 334.525 974.306 234.863 9169.91 2129.73 0.644994 0.59134 0.582209 0.585253
0.831 335.544 975.883 235.348 9158.49 1843.58 0.645251 0.59171 0.582629 0.585656
0.832 336.564 977.462 235.834 9258.99 1914.48 0.645352 0.592084 0.582912 0.585969
0.833 337.586 979.042 236.321 8941.98 1891.31 0.645506 0.592411 0.583653 0.586572
0.834 338.609 980.623 236.807 10183.3 1891.06 0.645663 0.593081 0.582551 0.586061
0.835 339.633 982.206 237.294 5608.98 1882.73 0.645831 0.592561 0.586148 0.588286
0.836 340.157 985.188 239.455 9174.67 -224699 0.646004 0.593041 0.589689 0.590807
0.837 341.669 985.398 238.298 12667.2 -2024.41 0.646183 0.612105 0.636097 0.6281
0.838 342.681 987.028 238.838 8307.38 -9120.07 0.646367 0.595749 0.597987 0.597241
0.839 343.725 988.548 239.245 9610.85 1864.63 0.646554 0.593808 0.594452 0.594238
0.84 344.751 990.136 239.734 9129.19 1870.17 0.646752 0.597109 0.600019 0.599049
0.841 345.777 991.726 240.222 9275.19 1813.42 0.646927 0.596761 0.598961 0.598227
0.842 346.805 993.317 240.711 9253.24 1991.13 0.647208 0.597332 0.599572 0.598826
0.843 347.835 994.909 241.201 9275.84 1313.97 0.647112 0.597638 0.599731 0.599033
0.844 348.866 996.503 241.69 9286.62 3833.45 0.648437 0.598017 0.600014 0.599348
0.845 349.899 998.097 242.18 9300.7 -5613.25 0.644477 0.59838 0.600268 0.599639
0.846 350.933 999.693 242.67 9313.68 31127.3 0.66104 0.598741 0.60053 0.599933
0.847 351.969 1001.29 243.161 9326.95 113991 0.700115 0.599101 0.600792 0.600229
0.848 353.006 1002.89 243.652 9340.14 -9344.9 0.643859 0.599461 0.601057 0.600525
0.849 354.044 1004.49 244.143 9353.33 10928 0.653045 0.59982 0.601323 0.600822
0.85 355.084 1006.09 244.634 9366.51 154.927 0.648922 0.600178 0.601591 0.60112
0.851 356.126 1007.69 245.126 9379.68 2295.4 0.650285 0.600535 0.60186 0.601418
0.852 357.169 1009.29 245.617 9392.83 1729.47 0.650498 0.600891 0.60213 0.601717
0.853 358.213 1010.9 246.11 9405.98 1860.86 0.650991 0.601247 0.602402 0.602017
0.854 359.259 1012.5 246.602 9419.11 1905.2 0.651492 0.601601 0.602675 0.602317
0.855 360.306 1014.11 247.095 9432.22 1600.68 0.651667 0.601955 0.602948 0.602617
0.856 361.355 1015.72 247.588 9445.33 2785.18 0.653127 0.602308 0.603223 0.602918
0.857 362.405 1017.33 248.081 9458.42 -2378.08 0.649157 0.60266 0.603499 0.603219
0.858 363.457 1018.94 248.575 9471.5 -3477.78 0.648649 0.60301 0.603775 0.60352
0.859 364.51 1020.55 249.069 9484.57 2615.41 0.654241 0.60336 0.604053 0.603822
0.86 365.564 1022.16 249.563 9497.63 1322.16 0.653551 0.60371 0.604331 0.604124
0.861 366.62 1023.78 250.057 9510.67 1970.09 0.654487 0.604058 0.60461 0.604426
0.862 367.678 1025.39 250.552 9523.71 1813.02 0.654756 0.604405 0.604889 0.604728
0.863 368.737 1027.01 251.047 9536.73 1854.8 0.655188 0.604751 0.605169 0.60503
0.864 369.797 1028.63 251.542 9549.74 1843.34 0.655575 0.605097 0.60545 0.605332
0.865 370.859 1030.25 252.038 9562.74 1846.08 0.655972 0.605441 0.605731 0.605634
0.866 371.922 1031.87 252.533 9575.74 1844.98 0.656365 0.605784 0.606012 0.605936
0.867 372.987 1033.49 253.029 9588.72 1845.06 0.656757 0.606127 0.606294 0.606238
0.868 374.053 1035.11 253.526 9601.69 1844.8 0.657147 0.606469 0.606576 0.60654
0.869 375.121 1036.74 254.022 9614.64 1844.6 0.657536 0.606809 0.606859 0.606842
0.87 376.19 1038.36 254.519 9627.59 1844.36 0.657924 0.607149 0.607142 0.607144
0.871 377.26 1039.99 255.016 9640.53 1844.12 0.658311 0.607488 0.607425 0.607446
0.872 378.332 1041.62 255.514 9653.46 1843.87 0.658696 0.607826 0.607708 0.607747
0.873 379.405 1043.25 256.011 9666.38 1843.6 0.659079 0.608163 0.607992 0.608049
0.874 380.48 1044.88 256.509 9679.29 1843.33 0.659461 0.608499 0.608275 0.60835
0.875 381.556 1046.51 257.008 9692.19 1843.04 0.659842 0.608834 0.608559 0.608651
0.876 382.634 1048.14 257.506 9705.08 1842.75 0.660222 0.609168 0.608843 0.608951
0.877 383.713 1049.77 258.005 9717.96 1842.45 0.6606 0.609501 0.609127 0.609252
0.878 384.793 1051.41 258.504 9730.83 1842.14 0.660977 0.609834 0.609411 0.609552
0.879 385.875 1053.04 259.003 9743.69 1841.82 0.661353 0.610165 0.609695 0.609852
0.88 386.959 1054.68 259.503 9756.55 1841.49 0.661727 0.610496 0.609979 0.610151
0.881 388.043 1056.32 260.003 9769.39 1841.15 0.662101 0.610825 0.610263 0.61045
0.882 389.13 1057.96 260.503 9782.22 1840.81 0.662472 0.611154 0.610547 0.610749
0.883 390.217 1059.6 261.003 9795.05 1840.45 0.662843 0.611482 0.61083 0.611048
0.884 391.306 1061.25 261.504 9807.86 1840.09 0.663212 0.611809 0.611114 0.611346
0.885 392.397 1062.89 262.005 9820.67 1839.72 0.663581 0.612134 0.611398 0.611643
0.886 393.489 1064.53 262.506 9833.47 1839.35 0.663947 0.612459 0.611681 0.611941
0.887 394.582 1066.18 263.007 9846.26 1838.96 0.664313 0.612784 0.611965 0.612238
0.888 395.677 1067.83 263.509 9859.04 1838.57 0.664678 0.613107 0.612248 0.612534
0.889 396.773 1069.48 264.011 9871.81 1838.17 0.665041 0.613429 0.612531 0.612831
0.89 397.871 1071.13 264.513 9884.58 1837.76 0.665403 0.61375 0.612814 0.613126
0.891 398.97 1072.78 265.015 9897.33 1837.34 0.665764 0.614071 0.613097 0.613422
0.892 400.07 1074.43 265.518 9910.08 1836.92 0.666123 0.61439 0.613379 0.613716
0.893 401.172 1076.08 266.021 9922.82 1836.49 0.666482 0.614709 0.613662 0.614011
0.894 402.275 1077.74 266.524 9935.55 1836.05 0.666839 0.615027 0.613944 0.614305
0.895 403.38 1079.39 267.027 9948.27 1835.61 0.667195 0.615344 0.614225 0.614598
0.896 404.486 1081.05 267.531 9960.98 1835.16 0.66755 0.61566 0.614507 0.614891
0.897 405.593 1082.71 268.035 9973.69 1834.7 0.667904 0.615975 0.614788 0.615184
0.898 406.702 1084.37 268.539 9986.39 1834.23 0.668257 0.616289 0.615069 0.615476
0.899 407.812 1086.03 269.044 9999.08 1833.76 0.668608 0.616603 0.61535 0.615767
0.9 408.924 1087.69 269.549 10011.8 1833.28 0.668959 0.616915 0.61563 0.616058
0.901 410.037 1089.36 270.054 10024.4 1832.79 0.669308 0.617227 0.61591 0.616349
0.902 411.152 1091.02 270.559 10037.1 1832.3 0.669656 0.617537 0.61619 0.616639
0.903 412.268 1092.69 271.064 10049.8 1831.8 0.670003 0.617847 0.616469 0.616929
0.904 413.385 1094.36 271.57 10062.4 1831.29 0.670349 0.618156 0.616748 0.617218
0.905 414.504 1096.02 272.076 10075 1830.77 0.670694 0.618464 0.617027 0.617506
0.906 415.624 1097.69 272.582 10087.7 1830.25 0.671038 0.618772 0.617305 0.617794
0.907 416.746 1099.36 273.089 10100.3 1829.73 0.671381 0.619078 0.617583 0.618081
0.908 417.868 1101.04 273.595 10112.9 1829.19 0.671722 0.619384 0.617861 0.618368
0.909 418.993 1102.71 274.102 10125.5 1828.65 0.672063 0.619688 0.618138 0.618655
0.91 420.119 1104.38 274.609 10138.1 1828.11 0.672402 0.619992 0.618415 0.618941
0.911 421.246 1106.06 275.117 10150.7 1827.56 0.67274 0.620295 0.618691 0.619226
0.912 422.374 1107.74 275.625 10163.3 1827 0.673078 0.620598 0.618967 0.619511
0.913 423.504 1109.42 276.133 10175.9 1826.43 0.673414 0.620899 0.619243 0.619795
0.914 424.636 1111.1 276.641 10188.5 1825.86 0.673749 0.621199 0.619518 0.620078
0.915 425.768 1112.78 277.149 10201.1 1825.29 0.674083 0.621499 0.619793 0.620361
0.916 426.903 1114.46 277.658 10213.6 1824.7 0.674417 0.621798 0.620067 0.620644
0.917 428.038 1116.14 278.167 10226.2 1824.12 0.674749 0.622096 0.620341 0.620926
0.918 429.175 1117.83 278.676 10238.7 1823.52 0.67508 0.622393 0.620614 0.621207
0.919 430.313 1119.51 279.185 10251.3 1822.92 0.67541 0.622689 0.620887 0.621488
0.92 431.453 1121.2 279.695 10263.8 1822.32 0.675739 0.622985 0.62116 0.621768
0.921 432.594 1122.89 280.205 10276.3 1821.7 0.676067 0.62328 0.621432 0.622048
0.922 433.737 1124.58 280.715 10288.8 1821.09 0.676394 0.623574 0.621704 0.622327
0.923 434.881 1126.27 281.225 10301.3 1820.46 0.67672 0.623867 0.621975 0.622606
0.924 436.026 1127.96 281.736 10313.8 1819.84 0.677045 0.624159 0.622246 0.622884
0.925 437.173 1129.65 282.247 10326.3 1819.2 0.677369 0.62445 0.622516 0.623161
0.926 438.321 1131.35 282.758 10338.8 1818.56 0.677692 0.624741 0.622786 0.623438
0.927 439.47 1133.04 283.269 10351.3 1817.92 0.678014 0.625031 0.623055 0.623714
0.928 440.621 1134.74 283.781 10363.8 1817.27 0.678335 0.62532 0.623324 0.62399
0.929 441.773 1136.44 284.292 10376.3 1816.61 0.678655 0.625608 0.623593 0.624265
0.93 442.927 1138.14 284.804 10388.7 1815.95 0.678974 0.625896 0.623861 0.624539
0.931 444.082 1139.84 285.316 10401.2 1815.28 0.679292 0.626182 0.624128 0.624813
0.932 445.238 1141.54 285.829 10413.6 1814.61 0.679609 0.626468 0.624395 0.625086
0.933 446.396 1143.24 286.342 10426.1 1813.94 0.679925 0.626754 0.624662 0.625359
0.934 447.555 1144.95 286.855 10438.5 1813.25 0.680241 0.627038 0.624928 0.625631
0.935 448.716 1146.65 287.368 10450.9 1812.57 0.680555 0.627321 0.625194 0.625903
0.936 449.877 1148.36 287.881 10463.4 1811.88 0.680868 0.627604 0.625459 0.626174
0.937 451.041 1150.07 288.395 10475.8 1811.18 0.681181 0.627886 0.625723 0.626444
0.938 452.205 1151.78 288.909 10488.2 1810.48 0.681492 0.628168 0.625987 0.626714
0.939 453.371 1153.49 289.423 10500.6 1809.77 0.681803 0.628448 0.626251 0.626983
0.94 454.539 1155.2 289.937 10513 1809.06 0.682113 0.628728 0.626514 0.627252
0.941 455.708 1156.91 290.451 10525.4 1808.34 0.682422 0.629007 0.626777 0.62752
0.942 456.878 1158.63 290.966 10537.8 1807.62 0.682729 0.629285 0.627039 0.627788
0.943 458.049 1160.34 291.481 10550.2 1806.9 0.683036 0.629563 0.627301 0.628055
0.944 459.222 1162.06 291.996 10562.5 1806.17 0.683342 0.629839 0.627562 0.628321
0.945 460.397 1163.78 292.512 10574.9 1805.43 0.683647 0.630115 0.627822 0.628587
0.946 461.572 1165.5 293.028 10587.2 1804.69 0.683952 0.630391 0.628082 0.628852
0.947 462.749 1167.22 293.543 10599.6 1803.94 0.684255 0.630665 0.628342 0.629116
0.948 463.928 1168.94 294.06 10612 1803.2 0.684557 0.630939 0.628601 0.62938
0.949 465.108 1170.66 294.576 10624.3 1802.44 0.684859 0.631212 0.62886 0.629644
0.95 466.289 1172.39 295.092 10636.6 1801.68 0.68516 0.631484 0.629118 0.629907
0.951 467.471 1174.11 295.609 10649 1800.92 0.68546 0.631756 0.629376 0.630169
0.952 468.655 1175.84 296.126 10661.3 1800.15 0.685758 0.632027 0.629633 0.630431
0.953 469.84 1177.57 296.643 10673.6 1799.38 0.686057 0.632297 0.629889 0.630692
0.954 471.027 1179.3 297.161 10685.9 1798.61 0.686354 0.632566 0.630145 0.630952
0.955 472.215 1181.03 297.678 10698.2 1797.83 0.68665 0.632835 0.630401 0.631212
0.956 473.404 1182.76 298.196 10710.5 1797.04 0.686946 0.633103 0.630656 0.631472
0.957 474.595 1184.49 298.714 10722.8 1796.25 0.68724 0.63337 0.630911 0.631731
0.958 475.787 1186.23 299.233 10735.1 1795.46 0.687534 0.633637 0.631165 0.631989
0.959 476.981 1187.96 299.751 10747.4 1794.66 0.687827 0.633903 0.631418 0.632246
0.96 478.176 1189.7 300.27 10759.7 1793.86 0.688119 0.634168 0.631671 0.632504
0.961 479.372 1191.44 300.789 10771.9 1793.06 0.68841 0.634433 0.631924 0.63276
0.962 480.569 1193.18 301.308 10784.2 1792.25 0.688701 0.634696 0.632176 0.633016
0.963 481.768 1194.92 301.828 10796.4 1791.43 0.68899 0.63496 0.632427 0.633271
0.964 482.969 1196.66 302.347 10808.7 1790.62 0.689279 0.635222 0.632678 0.633526
0.965 484.17 1198.4 302.867 10820.9 1789.79 0.689567 0.635484 0.632929 0.63378
0.966 485.373 1200.15 303.387 10833.2 1788.97 0.689854 0.635745 0.633179 0.634034
0.967 486.578 1201.89 303.907 10845.4 1788.14 0.690141 0.636005 0.633428 0.634287
0.968 487.783 1203.64 304.428 10857.7 1787.31 0.690426 0.636265 0.633677 0.63454
0.969 488.99 1205.39 304.948 10869.9 1786.47 0.690711 0.636524 0.633926 0.634792
0.97 490.199 1207.14 305.469 10882.1 1785.63 0.690995 0.636782 0.634174 0.635043
0.971 491.409 1208.89 305.99 10894.3 1784.78 0.691278 0.63704 0.634421 0.635294
0.972 492.62 1210.64 306.512 10906.5 1783.94 0.69156 0.637297 0.634668 0.635544
0.973 493.832 1212.39 307.033 10918.7 1783.08 0.691842 0.637553 0.634915 0.635794
0.974 495.046 1214.14 307.555 10930.9 1782.23 0.692122 0.637809 0.635161 0.636043
0.975 496.261 1215.9 308.077 10943.1 1781.37 0.692402 0.638064 0.635406 0.636292
0.976 497.478 1217.66 308.599 10955.3 1780.5 0.692681 0.638318 0.635651 0.63654
0.977 498.696 1219.41 309.121 10967.5 1779.65 0.69296 0.638572 0.635895 0.636788
0.978 499.915 1221.17 309.644 10979.7 1778.71 0.693237 0.638825 0.636139 0.637035
0.979 501.136 1222.93 310.167 10991.8 1777.89 0.693514 0.639077 0.636383 0.637281
0.98 502.358 1224.7 310.69 11004 1777.02 0.69379 0.639329 0.636626 0.637527
0.981 503.581 1226.46 311.213 11016.2 1776.14 0.694066 0.63958 0.636868 0.637772
0.982 504.806 1228.22 311.736 11028.3 1775.25 0.69434 0.639831 0.63711 0.638017
0.983 506.032 1229.99 312.26 11040.5 1774.36 0.694614 0.640081 0.637352 0.638261
0.984 507.259 1231.76 312.784 11052.6 1773.47 0.694887 0.64033 0.637593 0.638505
0.985 508.488 1233.52 313.308 11064.7 1772.58 0.695159 0.640578 0.637833 0.638748
0.986 509.718 1235.29 313.832 11076.9 1771.68 0.695431 0.640826 0.638073 0.638991
0.987 510.95 1237.06 314.356 11089 1770.78 0.695701 0.641074 0.638312 0.639233
0.988 512.182 1238.83 314.881 11101.1 1769.88 0.695972 0.64132 0.638551 0.639474
0.989 513.417 1240.61 315.406 11113.3 1768.96 0.696241 0.641567 0.63879 0.639715
0.99 514.652 1242.38 315.931 11125.4 1768.08 0.696509 0.641812 0.639028 0.639956
0.991 515.889 1244.16 316.456 11137.5 1767.05 0.696777 0.642057 0.639265 0.640196
0.992 517.127 1245.93 316.981 11149.6 1766.52 0.697044 0.642301 0.639502 0.640435
0.993 518.366 1247.71 317.507 11161.7 1764.36 0.697311 0.642545 0.639739 0.640674
0.994 519.607 1249.49 318.033 11173.8 1767.38 0.697576 0.642788 0.639975 0.640912
0.995 520.85 1251.27 318.559 11185.9 1754.3 0.697841 0.64303 0.64021 0.64115
0.996 522.093 1253.05 319.085 11197.9 1789.03 0.698105 0.643272 0.640445 0.641387
0.997 523.338 1254.84 319.611 11210.1 1691.35 0.698371 0.643514 0.640681 0.641626
0.998 524.584 1256.62 320.138 11221.8 1915.32 0.698626 0.643749 0.640909 0.641856
0.999 525.832 1258.4 320.665 11235.1 1585.26 0.698914 0.644012 0.641166 0.642114
1 527.081 1260.19 321.192 11242.7 878.708 0.69908 0.644164 0.641313 0.642264
