0.001 -148.864 149.803 148864 -3.30074 317467 -0.000390301 -0.0013103 -0.0013103 -0.0013103
0.002 -148.864 150.743 74432.4 -6.38135 1.50691e+06 -0.000754551 -0.00192773 -0.00192773 -0.00192773
0.003 -148.865 151.683 49621.9 -11.8848 1.54452e+06 -0.00140531 -0.00297644 -0.00297644 -0.00297644
0.004 -148.867 152.622 37216.5 -16.8933 -59110 -0.00199771 -0.00386953 -0.00386953 -0.00386953
0.005 -148.869 153.562 29773.3 -22.1548 1.00304e+06 -0.00262019 -0.00476629 -0.00476629 -0.00476629
0.006 -148.872 154.501 24811.2 -27.1747 199503 -0.00321435 -0.00562585 -0.00562585 -0.00562585
0.007 -148.875 155.44 21266.8 -32.0223 495507 -0.00378837 -0.00646067 -0.00646067 -0.00646067
0.008 -148.879 156.38 18608.4 -36.9009 286748 -0.00436623 -0.00726855 -0.00726855 -0.00726855
0.009 -148.883 157.319 16540.8 -41.5973 316599 -0.00492275 -0.0080514 -0.0080514 -0.0080514
0.01 -148.888 158.257 14886.7 -46.1637 260626 -0.0054641 -0.00880979 -0.00880979 -0.00880979
0.011 -148.894 159.196 13533.4 -50.583 246172 -0.00598822 -0.0095446 -0.0095446 -0.0095446
0.012 -148.899 160.134 12405.5 -54.858 222313 -0.00649543 -0.0102566 -0.0102566 -0.0102566
0.013 -148.906 161.073 11451.2 -58.9874 206414 -0.00698557 -0.0109464 -0.0109464 -0.0109464
0.014 -148.913 162.011 10633.2 -62.9722 191265 -0.00745873 -0.0116147 -0.0116147 -0.0116147
0.015 -148.92 162.949 9924.26 -66.8134 178658 -0.00791501 -0.0122622 -0.0122622 -0.0122622
0.016 -148.927 163.887 9303.93 -70.5126 167449 -0.00835458 -0.0128895 -0.0128895 -0.0128895
0.017 -148.935 164.825 8756.56 -74.0715 157617 -0.00877764 -0.0134971 -0.0134971 -0.0134971
0.018 -148.944 165.762 8270 -77.4922 148858 -0.0091844 -0.0140856 -0.0140856 -0.0140856
0.019 -148.953 166.699 7834.66 -80.7768 141026 -0.00957511 -0.0146554 -0.0146554 -0.0146554
0.02 -148.962 167.637 7442.84 -83.9276 133976 -0.00995002 -0.0152072 -0.0152072 -0.0152072
0.021 -148.971 168.574 7088.33 -86.947 127598 -0.0103094 -0.0157414 -0.0157414 -0.0157414
0.022 -148.981 169.511 6766.04 -89.8372 121800 -0.0106535 -0.0162584 -0.0162584 -0.0162584
0.023 -148.991 170.448 6471.78 -92.6007 -147406 -0.0109786 -0.0167587 -0.0167587 -0.0167587
0.024 -149.002 171.385 6202.03 -95.2397 2328.37 -0.0112947 -0.0172427 -0.0172427 -0.0172427
0.025 -149.012 172.321 5953.85 -97.7567 34150.3 -0.011596 -0.0177108 -0.0177108 -0.0177108
0.026 -149.023 173.258 5724.76 -100.154 56825.7 -0.0118826 -0.0181633 -0.0181633 -0.0181633
0.027 -149.035 174.194 5512.64 -102.434 66052.4 -0.012155 -0.0186008 -0.0186008 -0.0186008
0.028 -149.046 175.131 5315.67 -104.598 71584.3 -0.0124136 -0.0190235 -0.0190235 -0.0190235
0.029 -149.058 176.067 5132.28 -106.65 74138.5 -0.0126585 -0.0194318 -0.0194318 -0.0194318
0.03 -149.07 177.003 4961.11 -108.591 75227.2 -0.0128902 -0.019826 -0.019826 -0.019826
0.031 -149.082 177.939 4800.98 -110.423 75338 -0.0131088 -0.0202064 -0.0202064 -0.0202064
0.032 -149.094 178.875 4650.86 -112.148 74861.6 -0.0133146 -0.0205734 -0.0205734 -0.0205734
0.033 -149.107 179.811 4509.83 -113.769 74007.3 -0.013508 -0.0209272 -0.0209272 -0.0209272
0.034 -149.12 180.747 4377.1 -115.287 72917.1 -0.013689 -0.0212682 -0.0212682 -0.0212682
0.035 -149.133 181.683 4251.95 -116.704 71681.2 -0.013858 -0.0215966 -0.0215966 -0.0215966
0.036 -149.146 182.619 4133.76 -118.022 70360.1 -0.0140152 -0.0219127 -0.0219127 -0.0219127
0.037 -149.159 183.555 4021.95 -119.243 68994.8 -0.0141607 -0.0222168 -0.0222168 -0.0222168
0.038 -149.172 184.491 3916.02 -120.368 67612.9 -0.0142948 -0.0225091 -0.0225091 -0.0225091
0.039 -149.185 185.427 3815.53 -121.4 66233.5 -0.0144177 -0.0227899 -0.0227899 -0.0227899
0.04 -149.199 186.362 3720.06 -122.34 64869.5 -0.0145296 -0.0230593 -0.0230593 -0.0230593
0.041 -149.213 187.298 3629.24 -123.189 63529.6 -0.0146306 -0.0233177 -0.0233177 -0.0233177
0.042 -149.226 188.234 3542.75 -123.949 62219.6 -0.0147211 -0.0235653 -0.0235653 -0.0235653
0.043 -149.24 189.169 3460.29 -124.622 60943.3 -0.014801 -0.0238022 -0.0238022 -0.0238022
0.044 -149.254 190.105 3381.57 -125.21 59702.8 -0.0148707 -0.0240287 -0.0240287 -0.0240287
0.045 -149.268 191.041 3306.35 -125.712 58499.2 -0.0149303 -0.024245 -0.024245 -0.024245
0.046 -149.282 191.976 3234.4 -126.132 57333.1 -0.0149799 -0.0244513 -0.0244513 -0.0244513
0.047 -149.296 192.912 3165.51 -126.47 56204.2 -0.0150197 -0.0246477 -0.0246477 -0.0246477
0.048 -149.31 193.848 3099.5 -126.727 55112 -0.0150499 -0.0248345 -0.0248345 -0.0248345
0.049 -149.324 194.784 3036.17 -126.906 54055.7 -0.0150706 -0.0250119 -0.0250119 -0.0250119
0.05 -149.338 195.719 2975.39 -127.007 53034.4 -0.015082 -0.0251799 -0.0251799 -0.0251799
0.051 -149.352 196.655 2916.98 -127.03 52046.9 -0.0150842 -0.0253388 -0.0253388 -0.0253388
0.052 -149.367 197.591 2860.83 -126.979 51092.3 -0.0150773 -0.0254888 -0.0254888 -0.0254888
0.053 -149.381 198.527 2806.79 -126.853 50169.1 -0.0150616 -0.02563 -0.02563 -0.02563
0.054 -149.395 199.463 2754.76 -126.654 49276.4 -0.0150371 -0.0257626 -0.0257626 -0.0257626
0.055 -149.409 200.399 2704.62 -126.382 48412.8 -0.0150039 -0.0258866 -0.0258866 -0.0258866
0.056 -149.423 201.335 2656.27 -126.04 47577.3 -0.0149622 -0.0260024 -0.0260024 -0.0260024
0.057 -149.437 202.271 2609.61 -125.627 46768.6 -0.0149121 -0.0261099 -0.0261099 -0.0261099
0.058 -149.451 203.207 2564.57 -125.145 45985.7 -0.0148538 -0.0262093 -0.0262093 -0.0262093
0.059 -149.465 204.143 2521.06 -124.594 45227.5 -0.0147872 -0.0263009 -0.0263009 -0.0263009
0.06 -149.478 205.08 2479 -123.977 44492.9 -0.0147126 -0.0263846 -0.0263846 -0.0263846
0.061 -149.492 206.016 2438.31 -123.293 43781 -0.0146301 -0.0264607 -0.0264607 -0.0264607
0.062 -149.506 206.953 2398.95 -122.543 43090.9 -0.0145397 -0.0265292 -0.0265292 -0.0265292
0.063 -149.519 207.889 2360.83 -121.729 42421.6 -0.0144417 -0.0265903 -0.0265903 -0.0265903
0.064 -149.533 208.826 2323.91 -120.85 41772.3 -0.0143359 -0.026644 -0.026644 -0.026644
0.065 -149.546 209.763 2288.12 -119.909 41142.1 -0.0142227 -0.0266906 -0.0266906 -0.0266906
0.066 -149.56 210.7 2253.42 -118.905 40530.2 -0.014102 -0.0267301 -0.0267301 -0.0267301
0.067 -149.573 211.637 2219.76 -117.839 39936 -0.0139739 -0.0267626 -0.0267626 -0.0267626
0.068 -149.586 212.574 2187.08 -116.713 39358.7 -0.0138386 -0.0267882 -0.0267882 -0.0267882
0.069 -149.599 213.511 2155.36 -115.526 38797.6 -0.0136962 -0.0268071 -0.0268071 -0.0268071
0.07 -149.611 214.448 2124.55 -114.28 38252.1 -0.0135466 -0.0268192 -0.0268192 -0.0268192
0.071 -149.624 215.386 2094.6 -112.975 37721.6 -0.0133901 -0.0268248 -0.0268248 -0.0268248
0.072 -149.636 216.323 2065.49 -111.611 37205.4 -0.0132266 -0.0268239 -0.0268239 -0.0268239
0.073 -149.649 217.261 2037.18 -110.19 36703.1 -0.0130563 -0.0268166 -0.0268166 -0.0268166
0.074 -149.661 218.199 2009.64 -108.712 36214.1 -0.0128792 -0.026803 -0.026803 -0.026803
0.075 -149.673 219.137 1982.83 -107.177 35737.8 -0.0126954 -0.0267831 -0.0267831 -0.0267831
0.076 -149.685 220.075 1956.73 -105.587 35273.9 -0.012505 -0.0267571 -0.0267571 -0.0267571
0.077 -149.696 221.014 1931.31 -103.941 34821.8 -0.0123081 -0.026725 -0.026725 -0.026725
0.078 -149.708 221.952 1906.54 -102.24 34381.1 -0.0121047 -0.026687 -0.026687 -0.026687
0.079 -149.719 222.891 1882.4 -100.484 33951.5 -0.0118948 -0.026643 -0.026643 -0.026643
0.08 -149.73 223.829 1858.87 -98.6753 33532.4 -0.0116786 -0.0265932 -0.0265932 -0.0265932
0.081 -149.741 224.768 1835.92 -96.8127 33123.6 -0.0114561 -0.0265376 -0.0265376 -0.0265376
0.082 -149.752 225.708 1813.53 -94.8971 32724.6 -0.0112274 -0.0264763 -0.0264763 -0.0264763
0.083 -149.762 226.647 1791.68 -92.929 32335.2 -0.0109925 -0.0264094 -0.0264094 -0.0264094
0.084 -149.772 227.586 1770.36 -90.9088 31954.9 -0.0107515 -0.0263369 -0.0263369 -0.0263369
0.085 -149.782 228.526 1749.54 -88.837 31583.5 -0.0105045 -0.0262589 -0.0262589 -0.0262589
0.086 -149.792 229.466 1729.21 -86.7138 31220.7 -0.0102514 -0.0261755 -0.0261755 -0.0261755
0.087 -149.802 230.406 1709.34 -84.5397 30866.2 -0.00999236 -0.0260867 -0.0260867 -0.0260867
0.088 -149.811 231.346 1689.93 -82.315 30519.7 -0.00972742 -0.0259926 -0.0259926 -0.0259926
0.089 -149.82 232.286 1670.96 -80.0402 30180.9 -0.00945662 -0.0258932 -0.0258932 -0.0258932
0.09 -149.829 233.227 1652.41 -77.7155 29849.6 -0.00918002 -0.0257886 -0.0257886 -0.0257886
0.091 -149.837 234.168 1634.27 -75.3412 29525.6 -0.00889765 -0.0256789 -0.0256789 -0.0256789
0.092 -149.845 235.109 1616.53 -72.9177 29208.6 -0.00860955 -0.025564 -0.025564 -0.025564
0.093 -149.853 236.05 1599.17 -70.4453 28898.3 -0.00831578 -0.0254441 -0.0254441 -0.0254441
0.094 -149.861 236.992 1582.19 -67.9243 28594.7 -0.00801638 -0.0253191 -0.0253191 -0.0253191
0.095 -149.868 237.933 1565.56 -65.3549 28297.5 -0.00771137 -0.0251892 -0.0251892 -0.0251892
0.096 -149.876 238.875 1549.28 -62.7374 28006.4 -0.00740081 -0.0250544 -0.0250544 -0.0250544
0.097 -149.882 239.817 1533.34 -60.072 27721.3 -0.00708472 -0.0249147 -0.0249147 -0.0249147
0.098 -149.889 240.759 1517.73 -57.3591 27442.1 -0.00676315 -0.0247702 -0.0247702 -0.0247702
0.099 -149.895 241.702 1502.43 -54.5987 27168.5 -0.00643613 -0.0246209 -0.0246209 -0.0246209
0.1 -149.901 242.645 1487.45 -51.7913 26900.3 -0.00610369 -0.0244668 -0.0244668 -0.0244668
0.101 -149.907 243.588 1472.76 -48.9368 26637.5 -0.00576586 -0.024308 -0.024308 -0.024308
0.102 -149.912 244.531 1458.36 -46.0356 26379.8 -0.00542268 -0.0241446 -0.0241446 -0.0241446
0.103 -149.917 245.475 1444.25 -43.0879 26127.2 -0.00507417 -0.0239765 -0.0239765 -0.0239765
0.104 -149.922 246.418 1430.41 -40.0938 25879.4 -0.00472037 -0.0238037 -0.0238037 -0.0238037
0.105 -149.926 247.362 1416.83 -37.0534 25636.4 -0.0043613 -0.0236264 -0.0236264 -0.0236264
0.106 -149.93 248.306 1403.51 -33.967 25397.9 -0.00399698 -0.0234446 -0.0234446 -0.0234446
0.107 -149.933 249.251 1390.45 -30.8346 25164 -0.00362745 -0.0232582 -0.0232582 -0.0232582
0.108 -149.937 250.196 1377.63 -27.6565 24934.3 -0.00325272 -0.0230674 -0.0230674 -0.0230674
0.109 -149.939 251.141 1365.04 -24.4327 24708.9 -0.00287282 -0.0228721 -0.0228721 -0.0228721
0.11 -149.942 252.086 1352.69 -21.1634 24487.7 -0.00248777 -0.0226723 -0.0226723 -0.0226723
0.111 -149.944 253.032 1340.56 -17.8487 24270.4 -0.0020976 -0.0224682 -0.0224682 -0.0224682
0.112 -149.946 253.977 1328.65 -14.4887 24057 -0.00170231 -0.0222596 -0.0222596 -0.0222596
0.113 -149.947 254.923 1316.96 -11.0834 23847.5 -0.00130194 -0.0220467 -0.0220467 -0.0220467
0.114 -149.948 255.87 1305.47 -7.63293 23641.6 -0.000896496 -0.0218295 -0.0218295 -0.0218295
0.115 -149.949 256.816 1294.19 -4.13741 23439.3 -0.000485999 -0.0216079 -0.0216079 -0.0216079
0.116 -149.949 257.763 1283.1 -0.59689 23240.6 -7.04634e-05 -0.021382 -0.021382 -0.021382
0.117 -149.949 258.71 1272.2 2.98858 23045.2 0.000350095 -0.0211519 -0.0211519 -0.0211519
0.118 -149.949 259.658 1261.49 6.61896 22853.2 0.000775661 -0.0209175 -0.0209175 -0.0209175
0.119 -149.948 260.606 1250.96 10.2942 22664.5 0.00120622 -0.0206788 -0.0206788 -0.0206788
0.12 -149.946 261.554 1240.62 14.0143 22478.9 0.00164177 -0.0204359 -0.0204359 -0.0204359
0.121 -149.945 262.502 1230.44 17.7791 22296.4 0.00208228 -0.0201888 -0.0201888 -0.0201888
0.122 -149.942 263.451 1220.43 21.5888 22117 0.00252776 -0.0199375 -0.0199375 -0.0199375
0.123 -149.94 264.4 1210.59 25.4432 21940.5 0.00297818 -0.019682 -0.019682 -0.019682
0.124 -149.937 265.349 1200.91 29.3424 21766.9 0.00343355 -0.0194223 -0.0194223 -0.0194223
0.125 -149.933 266.299 1191.39 33.2864 21596 0.00389385 -0.0191585 -0.0191585 -0.0191585
0.126 -149.929 267.249 1182.02 37.2751 21427.9 0.00435908 -0.0188904 -0.0188904 -0.0188904
0.127 -149.925 268.199 1172.8 41.3087 21262.5 0.00482923 -0.0186183 -0.0186183 -0.0186183
0.128 -149.92 269.149 1163.73 45.3871 21099.7 0.00530428 -0.018342 -0.018342 -0.018342
0.129 -149.915 270.1 1154.8 49.5104 20939.5 0.00578425 -0.0180615 -0.0180615 -0.0180615
0.13 -149.909 271.051 1146.01 53.6786 20781.8 0.00626912 -0.0177769 -0.0177769 -0.0177769
0.131 -149.903 272.003 1137.36 57.8917 20626.5 0.0067589 -0.0174882 -0.0174882 -0.0174882
0.132 -149.896 272.955 1128.84 62.1498 20473.6 0.00725356 -0.0171954 -0.0171954 -0.0171954
0.133 -149.889 273.907 1120.45 66.4531 20323 0.00775313 -0.0168985 -0.0168985 -0.0168985
0.134 -149.882 274.859 1112.19 70.8014 20174.7 0.00825759 -0.0165974 -0.0165974 -0.0165974
0.135 -149.873 275.812 1104.05 75.195 20028.6 0.00876694 -0.0162923 -0.0162923 -0.0162923
0.136 -149.865 276.765 1096.04 79.6339 19884.7 0.00928118 -0.015983 -0.015983 -0.015983
0.137 -149.856 277.719 1088.14 84.1181 19743 0.00980032 -0.0156696 -0.0156696 -0.0156696
0.138 -149.846 278.672 1080.37 88.6478 19603.3 0.0103244 -0.0153521 -0.0153521 -0.0153521
0.139 -149.836 279.627 1072.7 93.2231 19465.7 0.0108533 -0.0150305 -0.0150305 -0.0150305
0.14 -149.825 280.581 1065.15 97.8441 19330.1 0.0113871 -0.0147048 -0.0147048 -0.0147048
0.141 -149.814 281.536 1057.71 102.511 19196.4 0.0119258 -0.0143749 -0.0143749 -0.0143749
0.142 -149.803 282.491 1050.37 107.224 19064.7 0.0124695 -0.014041 -0.014041 -0.014041
0.143 -149.79 283.447 1043.15 111.982 18934.8 0.013018 -0.0137029 -0.0137029 -0.0137029
0.144 -149.778 284.403 1036.02 116.787 18806.8 0.0135715 -0.0133607 -0.0133607 -0.0133607
0.145 -149.765 285.359 1028.99 121.638 18680.5 0.0141299 -0.0130143 -0.0130143 -0.0130143
0.146 -149.751 286.316 1022.07 126.536 18556.1 0.0146932 -0.0126638 -0.0126638 -0.0126638
0.147 -149.736 287.273 1015.24 131.48 18433.4 0.0152615 -0.0123092 -0.0123092 -0.0123092
0.148 -149.722 288.23 1008.5 136.471 18312.3 0.0158347 -0.0119504 -0.0119504 -0.0119504
0.149 -149.706 289.188 1001.86 141.509 18193 0.0164128 -0.0115874 -0.0115874 -0.0115874
0.15 -149.69 290.146 995.308 146.594 18075.2 0.0169959 -0.0112203 -0.0112203 -0.0112203
0.151 -149.674 291.105 988.846 151.726 17959.1 0.017584 -0.0108489 -0.0108489 -0.0108489
0.152 -149.656 292.064 982.471 156.906 17844.5 0.0181771 -0.0104734 -0.0104734 -0.0104734
0.153 -149.639 293.023 976.182 162.133 17731.5 0.0187751 -0.0100937 -0.0100937 -0.0100937
0.154 -149.62 293.983 969.978 167.408 17620 0.0193781 -0.00970976 -0.00970976 -0.00970976
0.155 -149.601 294.943 963.856 172.731 17509.9 0.0199862 -0.00932159 -0.00932159 -0.00932159
0.156 -149.582 295.903 957.815 178.102 17401.3 0.0205993 -0.00892917 -0.00892917 -0.00892917
0.157 -149.562 296.864 951.853 183.521 17294.2 0.0212174 -0.0085325 -0.0085325 -0.0085325
0.158 -149.541 297.825 945.97 188.989 17188.4 0.0218405 -0.00813156 -0.00813156 -0.00813156
0.159 -149.52 298.787 940.163 194.506 17084 0.0224688 -0.00772633 -0.00772633 -0.00772633
0.16 -149.498 299.749 934.431 200.072 16981 0.0231021 -0.0073168 -0.0073168 -0.0073168
0.161 -149.475 300.711 928.772 205.687 16879.2 0.0237404 -0.00690296 -0.00690296 -0.00690296
0.162 -149.452 301.674 923.186 211.351 16778.8 0.0243839 -0.00648478 -0.00648478 -0.00648478
0.163 -149.428 302.637 917.672 217.065 16679.6 0.0250325 -0.00606225 -0.00606225 -0.00606225
0.164 -149.404 303.601 912.227 222.829 16581.7 0.0256862 -0.00563535 -0.00563535 -0.00563535
0.165 -149.379 304.565 906.85 228.643 16485.1 0.0263451 -0.00520407 -0.00520407 -0.00520407
0.166 -149.353 305.53 901.541 234.508 16389.6 0.0270092 -0.00476838 -0.00476838 -0.00476838
0.167 -149.327 306.495 896.298 240.423 16295.3 0.0276784 -0.00432827 -0.00432827 -0.00432827
0.168 -149.3 307.46 891.119 246.389 16202.2 0.0283528 -0.00388372 -0.00388372 -0.00388372
0.169 -149.272 308.426 886.005 252.406 16110.2 0.0290324 -0.0034347 -0.0034347 -0.0034347
0.17 -149.244 309.392 880.953 258.475 16019.4 0.0297173 -0.00298119 -0.00298119 -0.00298119
0.171 -149.215 310.359 875.963 264.595 15929.7 0.0304074 -0.00252318 -0.00252318 -0.00252318
0.172 -149.185 311.326 871.033 270.767 15841 0.0311028 -0.00206065 -0.00206065 -0.00206065
0.173 -149.154 312.293 866.163 276.992 15753.4 0.0318035 -0.00159356 -0.00159356 -0.00159356
0.174 -149.123 313.261 861.351 283.269 15666.9 0.0325095 -0.00112191 -0.00112191 -0.00112191
0.175 -149.091 314.23 856.597 289.598 15581.5 0.0332208 -0.000645654 -0.000645654 -0.000645654
0.176 -149.059 315.198 851.9 295.981 15497 0.0339374 -0.000164783 -0.000164783 -0.000164783
0.177 -149.026 316.168 847.258 302.417 15413.5 0.0346594 0.00032073 0.00032073 0.00032073
0.178 -148.992 317.137 842.67 308.907 15331.1 0.0353868 0.00081091 0.00081091 0.00081091
0.179 -148.957 318.107 838.137 315.45 15249.6 0.0361197 0.00130578 0.00130578 0.00130578
0.18 -148.922 319.078 833.656 322.048 15169 0.0368579 0.00180537 0.00180537 0.00180537
0.181 -148.885 320.049 829.227 328.7 15089.4 0.0376016 0.0023097 0.0023097 0.0023097
0.182 -148.849 321.021 824.85 335.408 15010.7 0.0383507 0.00281879 0.00281879 0.00281879
0.183 -148.811 321.993 820.523 342.17 14932.9 0.0391054 0.00333268 0.00333268 0.00333268
0.184 -148.773 322.965 816.245 348.988 14856 0.0398655 0.0038514 0.0038514 0.0038514
0.185 -148.733 323.938 812.016 355.861 14780 0.0406312 0.00437496 0.00437496 0.00437496
0.186 -148.693 324.911 807.835 362.791 14704.9 0.0414025 0.00490339 0.00490339 0.00490339
0.187 -148.653 325.885 803.702 369.777 14630.6 0.0421793 0.00543673 0.00543673 0.00543673
0.188 -148.611 326.86 799.614 376.82 14557.2 0.0429617 0.00597499 0.00597499 0.00597499
0.189 -148.569 327.834 795.573 383.919 14484.6 0.0437498 0.00651822 0.00651822 0.00651822
0.19 -148.526 328.81 791.577 391.077 14412.8 0.0445435 0.00706643 0.00706643 0.00706643
0.191 -148.482 329.785 787.625 398.292 14341.8 0.0453429 0.00761966 0.00761966 0.00761966
0.192 -148.437 330.762 783.717 405.565 14271.6 0.0461479 0.00817793 0.00817793 0.00817793
0.193 -148.392 331.738 779.851 412.896 14202.2 0.0469587 0.00874128 0.00874128 0.00874128
0.194 -148.346 332.716 776.028 420.286 14133.6 0.0477752 0.00930973 0.00930973 0.00930973
0.195 -148.299 333.693 772.247 427.735 14065.7 0.0485975 0.00988332 0.00988332 0.00988332
0.196 -148.251 334.671 768.507 435.244 13998.6 0.0494256 0.0104621 0.0104621 0.0104621
0.197 -148.202 335.65 764.808 442.812 13932.2 0.0502595 0.011046 0.011046 0.011046
0.198 -148.152 336.629 761.148 450.441 13866.5 0.0510992 0.0116352 0.0116352 0.0116352
0.199 -148.102 337.609 757.528 458.13 13801.5 0.0519448 0.0122296 0.0122296 0.0122296
0.2 -148.05 338.589 753.946 465.879 13737.3 0.0527962 0.0128293 0.0128293 0.0128293
0.201 -147.998 339.57 750.403 473.69 13673.7 0.0536536 0.0134343 0.0134343 0.0134343
0.202 -147.945 340.551 746.897 481.563 13610.9 0.0545169 0.0140447 0.0140447 0.0140447
0.203 -147.891 341.533 743.428 489.497 13548.7 0.0553861 0.0146605 0.0146605 0.0146605
0.204 -147.836 342.515 739.996 497.493 13487.2 0.0562613 0.0152816 0.0152816 0.0152816
0.205 -147.781 343.498 736.599 505.553 13426.3 0.0571425 0.0159083 0.0159083 0.0159083
0.206 -147.724 344.481 733.239 513.675 13366.1 0.0580298 0.0165403 0.0165403 0.0165403
0.207 -147.667 345.465 729.913 521.86 13306.5 0.0589231 0.0171779 0.0171779 0.0171779
0.208 -147.608 346.449 726.622 530.109 13247.6 0.0598224 0.0178211 0.0178211 0.0178211
0.209 -147.549 347.434 723.364 538.422 13189.2 0.0607279 0.0184698 0.0184698 0.0184698
0.21 -147.488 348.42 720.141 546.8 13131.5 0.0616394 0.0191241 0.0191241 0.0191241
0.211 -147.427 349.405 716.95 555.242 13074.4 0.0625571 0.019784 0.019784 0.019784
0.212 -147.365 350.392 713.792 563.75 13017.9 0.063481 0.0204496 0.0204496 0.0204496
0.213 -147.302 351.379 710.666 572.322 12962 0.0644111 0.0211209 0.0211209 0.0211209
0.214 -147.238 352.367 707.572 580.961 12906.7 0.0653473 0.0217979 0.0217979 0.0217979
0.215 -147.173 353.355 704.51 589.666 12852 0.0662898 0.0224807 0.0224807 0.0224807
0.216 -147.107 354.343 701.478 598.438 12797.8 0.0672386 0.0231693 0.0231693 0.0231693
0.217 -147.04 355.332 698.477 607.276 12744.2 0.0681936 0.0238637 0.0238637 0.0238637
0.218 -146.972 356.322 695.505 616.182 12691.1 0.069155 0.024564 0.024564 0.024564
0.219 -146.903 357.312 692.564 625.156 12638.6 0.0701226 0.0252701 0.0252701 0.0252701
0.22 -146.833 358.303 689.651 634.197 12586.6 0.0710966 0.0259822 0.0259822 0.0259822
0.221 -146.762 359.295 686.768 643.308 12535.2 0.0720769 0.0267002 0.0267002 0.0267002
0.222 -146.69 360.287 683.913 652.486 12484.3 0.0730637 0.0274242 0.0274242 0.0274242
0.223 -146.617 361.279 681.086 661.734 12433.9 0.0740568 0.0281543 0.0281543 0.0281543
0.224 -146.543 362.272 678.287 671.052 12384 0.0750564 0.0288903 0.0288903 0.0288903
0.225 -146.468 363.266 675.516 680.439 12334.7 0.0760624 0.0296325 0.0296325 0.0296325
0.226 -146.392 364.26 672.771 689.896 12285.8 0.0770749 0.0303807 0.0303807 0.0303807
0.227 -146.315 365.255 670.054 699.424 12237.4 0.0780938 0.0311351 0.0311351 0.0311351
0.228 -146.236 366.251 667.362 709.023 12189.5 0.0791193 0.0318957 0.0318957 0.0318957
0.229 -146.157 367.247 664.697 718.694 12142.2 0.0801513 0.0326624 0.0326624 0.0326624
0.23 -146.077 368.243 662.058 728.436 12095.2 0.0811898 0.0334354 0.0334354 0.0334354
0.231 -145.995 369.24 659.443 738.249 12048.8 0.0822349 0.0342146 0.0342146 0.0342146
0.232 -145.913 370.238 656.854 748.136 12002.8 0.0832865 0.0350002 0.0350002 0.0350002
0.233 -145.829 371.237 654.29 758.094 11957.3 0.0843448 0.035792 0.035792 0.035792
0.234 -145.744 372.236 651.75 768.126 11912.3 0.0854096 0.0365902 0.0365902 0.0365902
0.235 -145.658 373.235 649.235 778.231 11867.6 0.0864811 0.0373947 0.0373947 0.0373947
0.236 -145.571 374.235 646.743 788.41 11823.5 0.0875592 0.0382057 0.0382057 0.0382057
0.237 -145.483 375.236 644.275 798.663 11779.8 0.088644 0.039023 0.039023 0.039023
0.238 -145.394 376.237 641.83 808.99 11736.5 0.0897354 0.0398469 0.0398469 0.0398469
0.239 -145.303 377.239 639.408 819.392 11693.6 0.0908335 0.0406772 0.0406772 0.0406772
0.24 -145.212 378.242 637.009 829.869 11651.2 0.0919383 0.041514 0.041514 0.041514
0.241 -145.119 379.245 634.632 840.421 11609.2 0.0930499 0.0423573 0.0423573 0.0423573
0.242 -145.025 380.249 632.278 851.048 11567.6 0.0941681 0.0432072 0.0432072 0.0432072
0.243 -144.93 381.254 629.945 861.752 11526.5 0.095293 0.0440637 0.0440637 0.0440637
0.244 -144.833 382.259 627.634 872.532 11485.7 0.0964247 0.0449268 0.0449268 0.0449268
0.245 -144.736 383.265 625.345 883.388 11445.3 0.0975632 0.0457965 0.0457965 0.0457965
0.246 -144.637 384.271 623.077 894.321 11405.4 0.0987084 0.0466728 0.0466728 0.0466728
0.247 -144.537 385.278 620.83 905.332 11365.8 0.0998604 0.0475559 0.0475559 0.0475559
0.248 -144.436 386.286 618.603 916.419 11326.6 0.101019 0.0484456 0.0484456 0.0484456
0.249 -144.333 387.294 616.397 927.585 11287.8 0.102185 0.049342 0.049342 0.049342
0.25 -144.23 388.303 614.211 938.828 11249.4 0.103357 0.0502452 0.0502452 0.0502452
0.251 -144.125 389.312 612.045 950.149 11211.4 0.104536 0.0511551 0.0511551 0.0511551
0.252 -144.018 390.323 609.899 961.55 11173.7 0.105722 0.0520718 0.0520718 0.0520718
0.253 -143.911 391.334 607.773 973.028 11136.4 0.106915 0.0529954 0.0529954 0.0529954
0.254 -143.802 392.345 605.666 984.586 11099.5 0.108114 0.0539257 0.0539257 0.0539257
0.255 -143.692 393.357 603.578 996.223 11062.9 0.109321 0.0548628 0.0548628 0.0548628
0.256 -143.581 394.37 601.509 1007.94 11026.7 0.110534 0.0558068 0.0558068 0.0558068
0.257 -143.468 395.384 599.458 1019.74 10990.9 0.111754 0.0567577 0.0567577 0.0567577
0.258 -143.354 396.398 597.426 1031.61 10955.4 0.11298 0.0577154 0.0577154 0.0577154
0.259 -143.239 397.413 595.412 1043.57 10920.2 0.114214 0.05868 0.05868 0.05868
0.26 -143.122 398.428 593.417 1055.61 10885.4 0.115454 0.0596515 0.0596515 0.0596515
0.261 -143.004 399.445 591.439 1067.72 10851 0.116702 0.06063 0.06063 0.06063
0.262 -142.885 400.462 589.479 1079.92 10816.8 0.117955 0.0616154 0.0616154 0.0616154
0.263 -142.764 401.479 587.537 1092.2 10783 0.119216 0.0626077 0.0626077 0.0626077
0.264 -142.642 402.497 585.612 1104.56 10749.6 0.120484 0.0636069 0.0636069 0.0636069
0.265 -142.519 403.516 583.703 1117 10716.4 0.121758 0.0646131 0.0646131 0.0646131
0.266 -142.394 404.536 581.812 1129.53 10683.6 0.123039 0.0656263 0.0656263 0.0656263
0.267 -142.268 405.556 579.938 1142.13 10651.1 0.124327 0.0666465 0.0666465 0.0666465
0.268 -142.14 406.578 578.08 1154.82 10618.9 0.125622 0.0676736 0.0676736 0.0676736
0.269 -142.011 407.599 576.239 1167.59 10587 0.126923 0.0687077 0.0687077 0.0687077
0.27 -141.881 408.622 574.414 1180.44 10555.5 0.128231 0.0697488 0.0697488 0.0697488
0.271 -141.749 409.645 572.605 1193.37 10524.2 0.129546 0.0707969 0.0707969 0.0707969
0.272 -141.616 410.669 570.812 1206.39 10493.2 0.130868 0.071852 0.071852 0.071852
0.273 -141.481 411.694 569.035 1219.49 10462.6 0.132196 0.0729141 0.0729141 0.0729141
0.274 -141.345 412.719 567.273 1232.67 10432.2 0.133531 0.0739832 0.0739832 0.0739832
0.275 -141.207 413.745 565.527 1245.93 10402.2 0.134872 0.0750593 0.0750593 0.0750593
0.276 -141.068 414.772 563.796 1259.28 10372.4 0.136221 0.0761423 0.0761423 0.0761423
0.277 -140.927 415.799 562.08 1272.71 10342.9 0.137575 0.0772324 0.0772324 0.0772324
0.278 -140.785 416.828 560.38 1286.22 10313.7 0.138937 0.0783295 0.0783295 0.0783295
0.279 -140.641 417.857 558.694 1299.81 10284.8 0.140305 0.0794335 0.0794335 0.0794335
0.28 -140.496 418.886 557.022 1313.49 10256.2 0.141679 0.0805445 0.0805445 0.0805445
0.281 -140.349 419.917 555.366 1327.25 10227.8 0.14306 0.0816625 0.0816625 0.0816625
0.282 -140.201 420.948 553.723 1341.1 10199.7 0.144448 0.0827874 0.0827874 0.0827874
0.283 -140.051 421.98 552.095 1355.02 10171.9 0.145842 0.0839193 0.0839193 0.0839193
0.284 -139.9 423.013 550.481 1369.03 10144.3 0.147243 0.0850581 0.0850581 0.0850581
0.285 -139.747 424.046 548.881 1383.13 10117.1 0.148649 0.0862038 0.0862038 0.0862038
0.286 -139.593 425.08 547.295 1397.3 10090.1 0.150063 0.0873565 0.0873565 0.0873565
0.287 -139.437 426.115 545.722 1411.56 10063.3 0.151482 0.0885161 0.0885161 0.0885161
0.288 -139.279 427.151 544.163 1425.91 10036.8 0.152908 0.0896825 0.0896825 0.0896825
0.289 -139.12 428.188 542.618 1440.33 10010.6 0.154341 0.0908558 0.0908558 0.0908558
0.29 -138.959 429.225 541.086 1454.84 9984.58 0.155779 0.092036 0.092036 0.092036
0.291 -138.796 430.263 539.567 1469.43 9958.84 0.157224 0.093223 0.093223 0.093223
0.292 -138.632 431.302 538.061 1484.1 9933.35 0.158675 0.0944168 0.0944168 0.0944168
0.293 -138.467 432.341 536.568 1498.86 9908.11 0.160132 0.0956174 0.0956174 0.0956174
0.294 -138.299 433.382 535.088 1513.7 9883.11 0.161595 0.0968247 0.0968247 0.0968247
0.295 -138.13 434.423 533.621 1528.62 9858.35 0.163065 0.0980388 0.0980388 0.0980388
0.296 -137.96 435.465 532.166 1543.63 9833.82 0.16454 0.0992596 0.0992596 0.0992596
0.297 -137.787 436.508 530.723 1558.71 9809.54 0.166021 0.100487 0.100487 0.100487
0.298 -137.613 437.551 529.293 1573.88 9785.49 0.167509 0.101721 0.101721 0.101721
0.299 -137.437 438.596 527.876 1589.13 9761.67 0.169002 0.102962 0.102962 0.102962
0.3 -137.26 439.641 526.47 1604.46 9738.07 0.170501 0.104209 0.104209 0.104209
0.301 -137.081 440.687 525.076 1619.87 9714.71 0.172005 0.105463 0.105463 0.105463
0.302 -136.9 441.734 523.695 1635.37 9691.56 0.173516 0.106724 0.106724 0.106724
0.303 -136.718 442.781 522.325 1650.94 9668.64 0.175032 0.107991 0.107991 0.107991
0.304 -136.533 443.83 520.967 1666.6 9645.94 0.176554 0.109264 0.109264 0.109264
0.305 -136.347 444.879 519.62 1682.34 9623.46 0.178081 0.110544 0.110544 0.110544
0.306 -136.159 445.929 518.285 1698.15 9601.19 0.179614 0.111831 0.111831 0.111831
0.307 -135.97 446.98 516.961 1714.05 9579.14 0.181153 0.113123 0.113123 0.113123
0.308 -135.778 448.032 515.649 1730.03 9557.29 0.182697 0.114422 0.114422 0.114422
0.309 -135.585 449.084 514.348 1746.08 9535.66 0.184246 0.115727 0.115727 0.115727
0.31 -135.39 450.138 513.058 1762.22 9514.23 0.1858 0.117039 0.117039 0.117039
0.311 -135.194 451.192 511.778 1778.43 9493 0.18736 0.118356 0.118356 0.118356
0.312 -134.995 452.247 510.51 1794.73 9471.98 0.188925 0.11968 0.11968 0.11968
0.313 -134.795 453.303 509.253 1811.1 9451.16 0.190495 0.12101 0.12101 0.12101
0.314 -134.593 454.36 508.006 1827.55 9430.53 0.19207 0.122346 0.122346 0.122346
0.315 -134.389 455.418 506.77 1844.07 9410.1 0.19365 0.123688 0.123688 0.123688
0.316 -134.183 456.476 505.545 1860.68 9389.87 0.195236 0.125036 0.125036 0.125036
0.317 -133.975 457.535 504.33 1877.36 9369.83 0.196826 0.126389 0.126389 0.126389
0.318 -133.766 458.596 503.125 1894.12 9349.97 0.19842 0.127749 0.127749 0.127749
0.319 -133.554 459.657 501.93 1910.95 9330.31 0.20002 0.129114 0.129114 0.129114
0.32 -133.341 460.719 500.746 1927.86 9310.83 0.201624 0.130485 0.130485 0.130485
0.321 -133.126 461.782 499.572 1944.85 9291.53 0.203233 0.131862 0.131862 0.131862
0.322 -132.909 462.845 498.408 1961.91 9272.41 0.204846 0.133244 0.133244 0.133244
0.323 -132.69 463.91 497.254 1979.04 9253.48 0.206463 0.134632 0.134632 0.134632
0.324 -132.469 464.975 496.109 1996.25 9234.72 0.208085 0.136026 0.136026 0.136026
0.325 -132.246 466.042 494.975 2013.53 9216.14 0.209712 0.137424 0.137424 0.137424
0.326 -132.022 467.109 493.85 2030.88 9197.73 0.211342 0.138829 0.138829 0.138829
0.327 -131.795 468.177 492.735 2048.31 9179.5 0.212977 0.140238 0.140238 0.140238
0.328 -131.566 469.246 491.629 2065.81 9161.43 0.214616 0.141653 0.141653 0.141653
0.329 -131.336 470.316 490.533 2083.38 9143.54 0.216258 0.143073 0.143073 0.143073
0.33 -131.104 471.387 489.446 2101.02 9125.81 0.217905 0.144498 0.144498 0.144498
0.331 -130.869 472.459 488.368 2118.73 9108.24 0.219555 0.145928 0.145928 0.145928
0.332 -130.633 473.532 487.3 2136.51 9090.84 0.22121 0.147363 0.147363 0.147363
0.333 -130.394 474.605 486.241 2154.37 9073.6 0.222868 0.148803 0.148803 0.148803
0.334 -130.154 475.68 485.191 2172.28 9056.51 0.224529 0.150248 0.150248 0.150248
0.335 -129.912 476.755 484.15 2190.27 9039.59 0.226194 0.151697 0.151697 0.151697
0.336 -129.667 477.832 483.118 2208.33 9022.82 0.227862 0.153151 0.153151 0.153151
0.337 -129.421 478.909 482.095 2226.45 9006.2 0.229534 0.15461 0.15461 0.15461
0.338 -129.172 479.987 481.08 2244.64 8989.74 0.231209 0.156074 0.156074 0.156074
0.339 -128.922 481.066 480.075 2262.9 8973.42 0.232887 0.157542 0.157542 0.157542
0.34 -128.67 482.146 479.078 2281.22 8957.26 0.234568 0.159014 0.159014 0.159014
0.341 -128.415 483.227 478.089 2299.6 8941.24 0.236252 0.16049 0.16049 0.16049
0.342 -128.159 484.309 477.11 2318.05 8925.36 0.237939 0.161971 0.161971 0.161971
0.343 -127.9 485.392 476.138 2336.56 8909.63 0.239629 0.163456 0.163456 0.163456
0.344 -127.639 486.476 475.175 2355.14 8894.04 0.241321 0.164945 0.164945 0.164945
0.345 -127.377 487.561 474.221 2373.77 8878.59 0.243017 0.166438 0.166438 0.166438
0.346 -127.112 488.647 473.274 2392.47 8863.28 0.244714 0.167935 0.167935 0.167935
0.347 -126.845 489.734 472.336 2411.23 8848.1 0.246414 0.169436 0.169436 0.169436
0.348 -126.576 490.821 471.406 2430.05 8833.06 0.248117 0.170941 0.170941 0.170941
0.349 -126.305 491.91 470.485 2448.93 8818.15 0.249822 0.172449 0.172449 0.172449
0.35 -126.032 493 469.571 2467.86 8803.38 0.251529 0.173961 0.173961 0.173961
0.351 -125.756 494.09 468.665 2486.86 8788.73 0.253238 0.175476 0.175476 0.175476
0.352 -125.479 495.182 467.767 2505.91 8774.21 0.254949 0.176995 0.176995 0.176995
0.353 -125.2 496.275 466.877 2525.02 8759.82 0.256662 0.178517 0.178517 0.178517
0.354 -124.918 497.368 465.995 2544.18 8745.55 0.258376 0.180042 0.180042 0.180042
0.355 -124.634 498.463 465.121 2563.4 8731.41 0.260093 0.181571 0.181571 0.181571
0.356 -124.348 499.558 464.254 2582.67 8717.39 0.261811 0.183103 0.183103 0.183103
0.357 -124.06 500.655 463.395 2602 8703.49 0.26353 0.184637 0.184637 0.184637
0.358 -123.77 501.753 462.544 2621.38 8689.71 0.265251 0.186175 0.186175 0.186175
0.359 -123.478 502.851 461.7 2640.81 8676.04 0.266974 0.187715 0.187715 0.187715
0.36 -123.183 503.951 460.863 2660.3 8662.49 0.268697 0.189258 0.189258 0.189258
0.361 -122.887 505.051 460.034 2679.83 8649.06 0.270422 0.190804 0.190804 0.190804
0.362 -122.588 506.153 459.213 2699.41 8635.74 0.272148 0.192352 0.192352 0.192352
0.363 -122.287 507.256 458.398 2719.05 8622.53 0.273874 0.193903 0.193903 0.193903
0.364 -121.984 508.359 457.591 2738.73 8609.42 0.275602 0.195456 0.195456 0.195456
0.365 -121.678 509.464 456.791 2758.45 8596.43 0.27733 0.197011 0.197011 0.197011
0.366 -121.371 510.57 455.999 2778.23 8583.54 0.279059 0.198569 0.198569 0.198569
0.367 -121.061 511.676 455.213 2798.05 8570.76 0.280789 0.200129 0.200129 0.200129
0.368 -120.749 512.784 454.435 2817.92 8558.09 0.282519 0.20169 0.20169 0.20169
0.369 -120.435 513.893 453.663 2837.83 8545.51 0.28425 0.203254 0.203254 0.203254
0.37 -120.118 515.003 452.899 2857.78 8533.04 0.285981 0.20482 0.20482 0.20482
0.371 -119.799 516.113 452.141 2877.78 8520.67 0.287712 0.206387 0.206387 0.206387
0.372 -119.479 517.225 451.39 2897.82 8508.39 0.289443 0.207956 0.207956 0.207956
0.373 -119.156 518.338 450.647 2917.9 8496.21 0.291174 0.209526 0.209526 0.209526
0.374 -118.83 519.452 449.91 2938.02 8484.13 0.292905 0.211098 0.211098 0.211098
0.375 -118.503 520.567 449.179 2958.18 8472.14 0.294636 0.212672 0.212672 0.212672
0.376 -118.173 521.683 448.456 2978.38 8460.24 0.296367 0.214246 0.214246 0.214246
0.377 -117.841 522.8 447.739 2998.61 8448.44 0.298097 0.215822 0.215822 0.215822
0.378 -117.506 523.919 447.028 3018.89 8436.73 0.299827 0.217399 0.217399 0.217399
0.379 -117.17 525.038 446.324 3039.2 8425.1 0.301557 0.218977 0.218977 0.218977
0.38 -116.831 526.158 445.627 3059.54 8413.56 0.303286 0.220556 0.220556 0.220556
0.381 -116.49 527.28 444.936 3079.92 8402.11 0.305014 0.222136 0.222136 0.222136
0.382 -116.147 528.402 444.252 3100.34 8390.74 0.306741 0.223717 0.223717 0.223717
0.383 -115.801 529.526 443.574 3120.79 8379.46 0.308468 0.225298 0.225298 0.225298
0.384 -115.453 530.65 442.902 3141.27 8368.26 0.310193 0.22688 0.22688 0.22688
0.385 -115.103 531.776 442.237 3161.78 8357.14 0.311918 0.228462 0.228462 0.228462
0.386 -114.751 532.903 441.578 3182.32 8346.1 0.313641 0.230045 0.230045 0.230045
0.387 -114.396 534.031 440.925 3202.89 8335.14 0.315363 0.231628 0.231628 0.231628
0.388 -114.039 535.16 440.278 3223.5 8324.26 0.317084 0.233211 0.233211 0.233211
0.389 -113.679 536.29 439.638 3244.13 8313.45 0.318803 0.234795 0.234795 0.234795
0.39 -113.318 537.421 439.003 3264.79 8302.72 0.320521 0.236378 0.236378 0.236378
0.391 -112.954 538.554 438.375 3285.47 8292.06 0.322238 0.237962 0.237962 0.237962
0.392 -112.588 539.687 437.753 3306.18 8281.47 0.323953 0.239545 0.239545 0.239545
0.393 -112.219 540.822 437.136 3326.92 8270.96 0.325666 0.241129 0.241129 0.241129
0.394 -111.848 541.957 436.526 3347.68 8260.52 0.327377 0.242712 0.242712 0.242712
0.395 -111.475 543.094 435.921 3368.46 8250.14 0.329086 0.244294 0.244294 0.244294
0.396 -111.1 544.232 435.323 3389.27 8239.84 0.330793 0.245876 0.245876 0.245876
0.397 -110.722 545.371 434.73 3410.1 8229.6 0.332499 0.247458 0.247458 0.247458
0.398 -110.342 546.511 434.143 3430.95 8219.43 0.334202 0.249039 0.249039 0.249039
0.399 -109.96 547.652 433.562 3451.82 8209.32 0.335903 0.25062 0.25062 0.25062
0.4 -109.575 548.795 432.986 3472.72 8199.28 0.337601 0.252199 0.252199 0.252199
0.401 -109.188 549.938 432.417 3493.63 8189.3 0.339298 0.253778 0.253778 0.253778
0.402 -108.799 551.083 431.852 3514.56 8179.38 0.340991 0.255356 0.255356 0.255356
0.403 -108.407 552.228 431.294 3535.5 8169.52 0.342683 0.256933 0.256933 0.256933
0.404 -108.013 553.375 430.741 3556.47 8159.72 0.344372 0.258509 0.258509 0.258509
0.405 -107.617 554.523 430.194 3577.45 8149.98 0.346058 0.260083 0.260083 0.260083
0.406 -107.218 555.673 429.652 3598.44 8140.3 0.347741 0.261657 0.261657 0.261657
0.407 -106.817 556.823 429.116 3619.45 8130.68 0.349422 0.263229 0.263229 0.263229
0.408 -106.414 557.975 428.585 3640.48 8121.11 0.351099 0.264799 0.264799 0.264799
0.409 -106.008 559.127 428.059 3661.52 8111.59 0.352774 0.266369 0.266369 0.266369
0.41 -105.6 560.281 427.539 3682.57 8102.13 0.354446 0.267936 0.267936 0.267936
0.411 -105.19 561.436 427.024 3703.63 8092.73 0.356115 0.269502 0.269502 0.269502
0.412 -104.777 562.592 426.515 3724.7 8083.37 0.35778 0.271067 0.271067 0.271067
0.413 -104.362 563.749 426.011 3745.79 8074.06 0.359442 0.27263 0.27263 0.27263
0.414 -103.945 564.908 425.512 3766.88 8064.81 0.361102 0.27419 0.27419 0.27419
0.415 -103.525 566.068 425.018 3787.98 8055.6 0.362757 0.275749 0.275749 0.275749
0.416 -103.103 567.228 424.53 3809.1 8046.45 0.36441 0.277306 0.277306 0.277306
0.417 -102.678 568.39 424.047 3830.21 8037.34 0.366058 0.278861 0.278861 0.278861
0.418 -102.252 569.554 423.569 3851.34 8028.27 0.367704 0.280414 0.280414 0.280414
0.419 -101.823 570.718 423.096 3872.47 8019.25 0.369346 0.281965 0.281965 0.281965
0.42 -101.391 571.884 422.628 3893.61 8010.28 0.370984 0.283514 0.283514 0.283514
0.421 -100.957 573.05 422.165 3914.76 8001.35 0.372618 0.28506 0.28506 0.28506
0.422 -100.521 574.218 421.707 3935.9 7992.47 0.374249 0.286604 0.286604 0.286604
0.423 -100.083 575.387 421.254 3957.06 7983.62 0.375876 0.288145 0.288145 0.288145
0.424 -99.6418 576.558 420.806 3978.21 7974.82 0.377499 0.289684 0.289684 0.289684
0.425 -99.1986 577.729 420.363 3999.37 7966.06 0.379118 0.29122 0.29122 0.29122
0.426 -98.753 578.902 419.925 4020.53 7957.34 0.380733 0.292754 0.292754 0.292754
0.427 -98.3051 580.076 419.492 4041.69 7948.66 0.382344 0.294285 0.294285 0.294285
0.428 -97.8549 581.251 419.063 4062.85 7940.01 0.383951 0.295814 0.295814 0.295814
0.429 -97.4023 582.427 418.64 4084.02 7931.41 0.385554 0.29734 0.29734 0.29734
0.43 -96.9473 583.605 418.221 4105.18 7922.84 0.387153 0.298863 0.298863 0.298863
0.431 -96.49 584.784 417.807 4126.34 7914.3 0.388748 0.300382 0.300382 0.300382
0.432 -96.0303 585.964 417.397 4147.5 7905.81 0.390338 0.3019 0.3019 0.3019
0.433 -95.5683 587.145 416.993 4168.66 7897.34 0.391924 0.303414 0.303414 0.303414
0.434 -95.104 588.327 416.593 4189.81 7888.92 0.393506 0.304925 0.304925 0.304925
0.435 -94.6373 589.511 416.198 4210.97 7880.52 0.395083 0.306432 0.306432 0.306432
0.436 -94.1682 590.696 415.807 4232.12 7872.18 0.396656 0.307937 0.307937 0.307937
0.437 -93.6968 591.882 415.421 4253.26 7863.76 0.398223 0.309439 0.309439 0.309439
0.438 -93.223 593.069 415.04 4274.4 7855.78 0.399791 0.310937 0.310937 0.310937
0.439 -92.7469 594.258 414.663 4295.54 7846.31 0.401335 0.312432 0.312432 0.312432
0.44 -92.2685 595.448 414.29 4316.66 7845.16 0.40298 0.313924 0.313924 0.313924
0.441 -91.7877 596.639 413.922 4337.79 7856.36 0.404773 0.315412 0.315412 0.315412
0.442 -91.3045 597.831 413.559 4358.9 7873.11 0.406626 0.316897 0.316897 0.316897
0.443 -90.819 599.025 413.2 4380.01 7893.89 0.408518 0.318378 0.318378 0.318378
0.444 -90.3312 600.219 412.846 4401.11 7917.87 0.410437 0.319856 0.319856 0.319856
0.445 -89.841 601.415 412.495 4422.21 7944.58 0.412378 0.32133 0.32133 0.32133
0.446 -89.3485 602.613 412.15 4443.29 7973.88 0.414337 0.322801 0.322801 0.322801
0.447 -88.8536 603.811 411.808 4464.37 8005.02 0.416307 0.324268 0.324268 0.324268
0.448 -88.3564 605.011 411.471 4485.43 8039.88 0.418298 0.325732 0.325732 0.325732
0.449 -87.8568 606.212 411.138 4506.49 8070.83 0.420264 0.327191 0.327191 0.327191
0.45 -87.355 607.414 410.81 4527.53 8125.57 0.422369 0.328647 0.328647 0.328647
0.451 -86.8507 608.618 410.486 4548.57 7986.43 0.42332 0.330099 0.330099 0.330099
0.452 -86.3442 609.823 410.166 4569.59 7676.78 0.42328 0.331547 0.331547 0.331547
0.453 -85.8353 611.029 409.85 4590.6 7284.38 0.42279 0.332991 0.332991 0.332991
0.454 -85.324 612.236 409.538 4611.62 6830.75 0.421985 0.334433 0.334433 0.334433
0.455 -84.8105 613.445 409.231 4632.55 6327.76 0.420937 0.335866 0.335866 0.335866
0.456 -84.2946 614.655 408.928 4653.72 5781.9 0.419692 0.33731 0.33731 0.33731
0.457 -83.7763 615.866 408.628 4673.96 5197.61 0.418277 0.338696 0.338696 0.338696
0.458 -83.2558 617.079 408.333 4697.59 4578.01 0.416716 0.340281 0.340281 0.340281
0.459 -82.7329 618.292 408.042 4708.54 3925.39 0.415023 0.341102 0.341102 0.341102
0.46 -82.2077 619.507 407.755 4766.68 3241.3 0.413212 0.344751 0.344751 0.344751
0.461 -81.6803 620.724 407.472 4644.07 2530.36 0.411292 0.337548 0.337548 0.337548
0.462 -81.1796 621.936 407.182 4415.94 2246.87 0.409272 0.323927 0.323927 0.323927
0.463 -80.6933 623.147 406.89 4342.19 2207.49 0.40716 0.31958 0.31958 0.31958
0.464 -80.2137 624.357 406.598 4295.13 2296.11 0.40496 0.316844 0.316844 0.316844
0.465 -79.7382 625.568 406.307 4265.19 2474.3 0.402678 0.315145 0.315145 0.315145
0.466 -79.2655 626.778 406.018 4244.13 2723.15 0.400318 0.313982 0.313982 0.313982
0.467 -78.7948 627.99 405.731 4229.35 3031.2 0.397883 0.3132 0.3132 0.3132
0.468 -78.3255 629.201 405.447 4218.97 3390.4 0.395379 0.312684 0.312684 0.312684
0.469 -77.8571 630.413 405.165 4211.9 3796.43 0.392803 0.312369 0.312369 0.312369
0.47 -77.3894 631.626 404.885 4207.42 4240.94 0.390179 0.31221 0.31221 0.31221
0.471 -76.9221 632.84 404.609 4205 4737.08 0.387423 0.312176 0.312176 0.312176
0.472 -76.4549 634.054 404.334 4204.27 5215.79 0.384896 0.312244 0.312244 0.312244
0.473 -75.9877 635.269 404.063 4204.94 5467.29 0.383717 0.312396 0.312396 0.312396
0.474 -75.5204 636.484 403.794 4206.8 5627.02 0.383124 0.312619 0.312619 0.312619
0.475 -75.0529 637.701 403.528 4209.68 5737.2 0.382869 0.312904 0.312904 0.312904
0.476 -74.5849 638.918 403.265 4213.44 5816.43 0.382845 0.31324 0.31324 0.31324
0.477 -74.1165 640.136 403.005 4217.96 5873.05 0.382998 0.313623 0.313623 0.313623
0.478 -73.6476 641.355 402.747 4223.15 5912.51 0.383292 0.314045 0.314045 0.314045
0.479 -73.178 642.575 402.492 4228.94 5938.35 0.383702 0.314503 0.314503 0.314503
0.48 -72.7078 643.795 402.241 4235.27 5952.95 0.384211 0.314992 0.314992 0.314992
0.481 -72.2368 645.017 401.991 4242.07 5958.65 0.384799 0.315508 0.315508 0.315508
0.482 -71.7651 646.239 401.745 4249.3 5954.76 0.385478 0.31605 0.31605 0.31605
0.483 -71.2925 647.462 401.502 4256.92 5951.87 0.38614 0.316615 0.316615 0.316615
0.484 -70.8191 648.686 401.261 4264.89 5958.73 0.386698 0.317199 0.317199 0.317199
0.485 -70.3448 649.911 401.023 4273.19 5967.16 0.387241 0.317802 0.317802 0.317802
0.486 -69.8695 651.137 400.788 4281.78 5975.67 0.387786 0.318422 0.318422 0.318422
0.487 -69.3932 652.364 400.556 4290.64 5983.57 0.388339 0.319058 0.319058 0.319058
0.488 -68.916 653.591 400.327 4299.76 5990.7 0.388904 0.319707 0.319707 0.319707
0.489 -68.4377 654.82 400.1 4309.1 5997 0.389482 0.320368 0.320368 0.320368
0.49 -67.9584 656.049 399.876 4318.66 6002.46 0.390072 0.321042 0.321042 0.321042
0.491 -67.478 657.28 399.655 4328.41 6007.13 0.390675 0.321726 0.321726 0.321726
0.492 -66.9965 658.511 399.437 4338.35 6011.04 0.39129 0.322421 0.322421 0.322421
0.493 -66.5139 659.743 399.222 4348.47 6014.25 0.391916 0.323124 0.323124 0.323124
0.494 -66.0302 660.976 399.009 4358.74 6016.81 0.392553 0.323836 0.323836 0.323836
0.495 -65.5453 662.21 398.799 4369.16 6018.77 0.393201 0.324556 0.324556 0.324556
0.496 -65.0593 663.445 398.592 4379.73 6020.17 0.393859 0.325283 0.325283 0.325283
0.497 -64.572 664.681 398.387 4390.43 6021.07 0.394525 0.326016 0.326016 0.326016
0.498 -64.0836 665.918 398.185 4401.25 6021.5 0.395201 0.326756 0.326756 0.326756
0.499 -63.594 667.156 397.986 4412.19 6021.5 0.395884 0.327502 0.327502 0.327502
0.5 -63.1031 668.395 397.789 4423.24 6021.1 0.396575 0.328253 0.328253 0.328253
0.501 -62.611 669.634 397.596 4434.39 6020.33 0.397273 0.329008 0.329008 0.329008
0.502 -62.1177 670.875 397.405 4445.64 6019.23 0.397978 0.329769 0.329769 0.329769
0.503 -61.6231 672.117 397.216 4456.99 6017.82 0.398689 0.330533 0.330533 0.330533
0.504 -61.1273 673.359 397.03 4468.42 6016.13 0.399406 0.331302 0.331302 0.331302
0.505 -60.6301 674.603 396.847 4479.94 6014.17 0.400128 0.332074 0.332074 0.332074
0.506 -60.1317 675.847 396.666 4491.54 6011.97 0.400856 0.332849 0.332849 0.332849
0.507 -59.632 677.093 396.488 4503.21 6009.54 0.401588 0.333628 0.333628 0.333628
0.508 -59.131 678.339 396.313 4514.95 6006.9 0.402325 0.33441 0.33441 0.33441
0.509 -58.6287 679.586 396.14 4526.76 6004.07 0.403066 0.335194 0.335194 0.335194
0.51 -58.1251 680.835 395.97 4538.64 6001.06 0.403811 0.335981 0.335981 0.335981
0.511 -57.6201 682.084 395.802 4550.58 5997.88 0.404559 0.33677 0.33677 0.33677
0.512 -57.1138 683.334 395.637 4562.58 5994.55 0.405311 0.337561 0.337561 0.337561
0.513 -56.6062 684.586 395.475 4574.63 5991.08 0.406066 0.338354 0.338354 0.338354
0.514 -56.0972 685.838 395.315 4586.74 5987.48 0.406824 0.339148 0.339148 0.339148
0.515 -55.5869 687.091 395.157 4598.89 5983.75 0.407585 0.339945 0.339945 0.339945
0.516 -55.0752 688.345 395.002 4611.1 5979.9 0.408348 0.340743 0.340743 0.340743
0.517 -54.5622 689.6 394.85 4623.36 5975.96 0.409114 0.341542 0.341542 0.341542
0.518 -54.0478 690.856 394.7 4635.65 5971.91 0.409882 0.342342 0.342342 0.342342
0.519 -53.5321 692.114 394.552 4648 5967.77 0.410652 0.343144 0.343144 0.343144
0.52 -53.0149 693.372 394.407 4660.38 5963.54 0.411424 0.343946 0.343946 0.343946
0.521 -52.4964 694.631 394.264 4672.8 5959.23 0.412197 0.34475 0.34475 0.34475
0.522 -51.9765 695.891 394.124 4685.26 5954.85 0.412972 0.345554 0.345554 0.345554
0.523 -51.4553 697.152 393.986 4697.76 5950.4 0.413749 0.346359 0.346359 0.346359
0.524 -50.9326 698.414 393.851 4710.29 5945.89 0.414527 0.347164 0.347164 0.347164
0.525 -50.4085 699.677 393.718 4722.85 5941.31 0.415306 0.34797 0.34797 0.34797
0.526 -49.8831 700.941 393.587 4735.44 5936.68 0.416086 0.348776 0.348776 0.348776
0.527 -49.3562 702.206 393.459 4748.07 5932 0.416867 0.349583 0.349583 0.349583
0.528 -48.8279 703.472 393.333 4760.73 5927.27 0.417649 0.35039 0.35039 0.35039
0.529 -48.2983 704.739 393.21 4773.41 5922.5 0.418432 0.351197 0.351197 0.351197
0.53 -47.7672 706.007 393.089 4786.12 5917.68 0.419216 0.352004 0.352004 0.352004
0.531 -47.2347 707.276 392.97 4798.85 5912.82 0.42 0.352811 0.352811 0.352811
0.532 -46.7008 708.546 392.854 4811.62 5907.93 0.420784 0.353618 0.353618 0.353618
0.533 -46.1654 709.817 392.74 4824.4 5903.01 0.421569 0.354425 0.354425 0.354425
0.534 -45.6287 711.089 392.628 4837.21 5898.06 0.422355 0.355232 0.355232 0.355232
0.535 -45.0905 712.362 392.518 4850.04 5893.07 0.42314 0.356039 0.356039 0.356039
0.536 -44.5509 713.636 392.411 4862.89 5888.06 0.423926 0.356845 0.356845 0.356845
0.537 -44.0099 714.911 392.306 4875.76 5883.03 0.424712 0.357651 0.357651 0.357651
0.538 -43.4674 716.188 392.204 4888.65 5877.97 0.425498 0.358457 0.358457 0.358457
0.539 -42.9235 717.465 392.103 4901.56 5872.9 0.426284 0.359263 0.359263 0.359263
0.54 -42.3782 718.743 392.005 4914.49 5867.8 0.42707 0.360068 0.360068 0.360068
0.541 -41.8314 720.022 391.909 4927.44 5862.69 0.427856 0.360872 0.360872 0.360872
0.542 -41.2832 721.302 391.815 4940.4 5857.56 0.428641 0.361676 0.361676 0.361676
0.543 -40.7335 722.583 391.724 4953.38 5852.42 0.429427 0.362479 0.362479 0.362479
0.544 -40.1824 723.865 391.635 4966.37 5847.26 0.430212 0.363282 0.363282 0.363282
0.545 -39.6299 725.148 391.548 4979.38 5842.09 0.430996 0.364084 0.364084 0.364084
0.546 -39.0759 726.433 391.463 4992.41 5836.91 0.431781 0.364885 0.364885 0.364885
0.547 -38.5204 727.718 391.38 5005.44 5831.72 0.432565 0.365686 0.365686 0.365686
0.548 -37.9636 729.004 391.299 5018.49 5826.53 0.433348 0.366486 0.366486 0.366486
0.549 -37.4052 730.291 391.221 5031.56 5821.32 0.434131 0.367285 0.367285 0.367285
0.55 -36.8454 731.58 391.145 5044.63 5816.11 0.434913 0.368084 0.368084 0.368084
0.551 -36.2842 732.869 391.071 5057.72 5810.89 0.435695 0.368881 0.368881 0.368881
0.552 -35.7215 734.159 390.999 5070.82 5805.67 0.436476 0.369678 0.369678 0.369678
0.553 -35.1573 735.451 390.929 5083.93 5800.44 0.437257 0.370474 0.370474 0.370474
0.554 -34.5917 736.743 390.861 5097.05 5795.21 0.438037 0.371269 0.371269 0.371269
0.555 -34.0247 738.036 390.795 5110.18 5789.98 0.438816 0.372062 0.372062 0.372062
0.556 -33.4561 739.331 390.732 5123.32 5784.75 0.439594 0.372855 0.372855 0.372855
0.557 -32.8862 740.626 390.67 5136.46 5779.51 0.440371 0.373647 0.373647 0.373647
0.558 -32.3147 741.923 390.611 5149.62 5774.28 0.441148 0.374438 0.374438 0.374438
0.559 -31.7418 743.22 390.553 5162.79 5769.04 0.441923 0.375228 0.375228 0.375228
0.56 -31.1674 744.519 390.498 5175.96 5763.8 0.442698 0.376017 0.376017 0.376017
0.561 -30.5916 745.819 390.445 5189.14 5758.57 0.443472 0.376805 0.376805 0.376805
0.562 -30.0143 747.119 390.394 5202.33 5753.33 0.444245 0.377591 0.377591 0.377591
0.563 -29.4355 748.421 390.344 5215.53 5748.1 0.445017 0.378377 0.378377 0.378377
0.564 -28.8553 749.724 390.297 5228.73 5742.87 0.445788 0.379161 0.379161 0.379161
0.565 -28.2736 751.027 390.252 5241.94 5737.64 0.446558 0.379945 0.379945 0.379945
0.566 -27.6904 752.332 390.209 5255.15 5732.41 0.447327 0.380727 0.380727 0.380727
0.567 -27.1058 753.638 390.168 5268.37 5727.19 0.448095 0.381508 0.381508 0.381508
0.568 -26.5196 754.945 390.128 5281.6 5721.97 0.448862 0.382288 0.382288 0.382288
0.569 -25.9321 756.253 390.091 5294.83 5716.75 0.449627 0.383066 0.383066 0.383066
0.57 -25.343 757.562 390.056 5308.07 5711.54 0.450392 0.383843 0.383843 0.383843
0.571 -24.7525 758.872 390.022 5321.31 5706.34 0.451155 0.384619 0.384619 0.384619
0.572 -24.1605 760.183 389.991 5334.55 5701.13 0.451918 0.385394 0.385394 0.385394
0.573 -23.567 761.495 389.962 5347.8 5695.94 0.452679 0.386168 0.386168 0.386168
0.574 -22.9721 762.808 389.934 5361.06 5690.74 0.453439 0.38694 0.38694 0.38694
0.575 -22.3757 764.122 389.908 5374.32 5685.56 0.454197 0.387711 0.387711 0.387711
0.576 -21.7778 765.438 389.885 5387.58 5680.38 0.454955 0.388481 0.388481 0.388481
0.577 -21.1785 766.754 389.863 5400.84 5675.2 0.455711 0.389249 0.389249 0.389249
0.578 -20.5776 768.071 389.843 5414.11 5670.03 0.456466 0.390016 0.390016 0.390016
0.579 -19.9753 769.39 389.825 5427.38 5664.87 0.45722 0.390782 0.390782 0.390782
0.58 -19.3715 770.709 389.809 5440.65 5659.71 0.457972 0.391546 0.391546 0.391546
0.581 -18.7663 772.03 389.795 5453.93 5654.56 0.458724 0.392309 0.392309 0.392309
0.582 -18.1596 773.351 389.782 5467.21 5649.42 0.459474 0.393071 0.393071 0.393071
0.583 -17.5513 774.674 389.772 5480.49 5644.28 0.460222 0.393831 0.393831 0.393831
0.584 -16.9417 775.997 389.763 5493.77 5639.15 0.460969 0.39459 0.39459 0.39459
0.585 -16.3305 777.322 389.756 5507.06 5634.03 0.461715 0.395348 0.395348 0.395348
0.586 -15.7179 778.648 389.751 5520.34 5628.91 0.46246 0.396104 0.396104 0.396104
0.587 -15.1038 779.975 389.748 5533.63 5623.8 0.463203 0.396858 0.396858 0.396858
0.588 -14.4882 781.303 389.746 5546.92 5618.7 0.463945 0.397612 0.397612 0.397612
0.589 -13.8711 782.632 389.747 5560.21 5613.61 0.464685 0.398364 0.398364 0.398364
0.59 -13.2526 783.962 389.749 5573.5 5608.52 0.465424 0.399114 0.399114 0.399114
0.591 -12.6326 785.293 389.753 5586.8 5603.44 0.466162 0.399863 0.399863 0.399863
0.592 -12.0111 786.625 389.759 5600.09 5598.37 0.466898 0.400611 0.400611 0.400611
0.593 -11.3881 787.958 389.766 5613.38 5593.31 0.467633 0.401357 0.401357 0.401357
0.594 -10.7636 789.293 389.775 5626.68 5588.25 0.468366 0.402101 0.402101 0.402101
0.595 -10.1377 790.628 389.786 5639.97 5583.21 0.469098 0.402845 0.402845 0.402845
0.596 -9.51032 791.964 389.799 5653.27 5578.17 0.469829 0.403586 0.403586 0.403586
0.597 -8.88144 793.302 389.814 5666.56 5573.14 0.470558 0.404327 0.404327 0.404327
0.598 -8.25109 794.64 389.83 5679.86 5568.11 0.471286 0.405066 0.405066 0.405066
0.599 -7.61925 795.98 389.848 5693.15 5563.1 0.472012 0.405803 0.405803 0.405803
0.6 -6.98594 797.321 389.868 5706.45 5558.09 0.472737 0.406539 0.406539 0.406539
0.601 -6.35115 798.662 389.889 5719.74 5553.09 0.47346 0.407273 0.407273 0.407273
0.602 -5.71489 800.005 389.912 5733.03 5548.1 0.474182 0.408006 0.408006 0.408006
0.603 -5.07714 801.349 389.937 5746.33 5543.12 0.474902 0.408737 0.408737 0.408737
0.604 -4.43793 802.694 389.964 5759.62 5538.14 0.475621 0.409467 0.409467 0.409467
0.605 -3.79723 804.04 389.992 5772.91 5533.17 0.476339 0.410196 0.410196 0.410196
0.606 -3.15506 805.387 390.022 5786.2 5528.22 0.477055 0.410923 0.410923 0.410923
0.607 -2.51141 806.736 390.054 5799.49 5523.27 0.477769 0.411648 0.411648 0.411648
0.608 -1.86628 808.085 390.087 5812.78 5518.33 0.478482 0.412372 0.412372 0.412372
0.609 -1.21968 809.435 390.122 5826.07 5513.39 0.479193 0.413094 0.413094 0.413094
0.61 -0.571598 810.787 390.158 5839.36 5508.47 0.479903 0.413815 0.413815 0.413815
0.611 0.0779577 812.139 390.197 5852.64 5503.55 0.480612 0.414535 0.414535 0.414535
0.612 0.728989 813.493 390.237 5865.92 5498.64 0.481318 0.415252 0.415252 0.415252
0.613 1.3815 814.847 390.278 5879.21 5493.74 0.482024 0.415969 0.415969 0.415969
0.614 2.03548 816.203 390.321 5892.49 5488.85 0.482728 0.416684 0.416684 0.416684
0.615 2.69094 817.56 390.366 5905.76 5483.97 0.48343 0.417397 0.417397 0.417397
0.616 3.34787 818.918 390.412 5919.04 5479.09 0.484131 0.418109 0.418109 0.418109
0.617 4.00628 820.277 390.46 5932.32 5474.23 0.48483 0.418819 0.418819 0.418819
0.618 4.66616 821.637 390.51 5945.59 5469.37 0.485528 0.419528 0.419528 0.419528
0.619 5.32752 822.998 390.561 5958.86 5464.52 0.486224 0.420235 0.420235 0.420235
0.62 5.99035 824.36 390.614 5972.13 5459.68 0.486919 0.42094 0.42094 0.42094
0.621 6.65466 825.724 390.668 5985.4 5454.85 0.487612 0.421645 0.421645 0.421645
0.622 7.32044 827.088 390.724 5998.66 5450.02 0.488304 0.422347 0.422347 0.422347
0.623 7.9877 828.454 390.781 6011.92 5445.2 0.488994 0.423048 0.423048 0.423048
0.624 8.65643 829.82 390.84 6025.18 5440.4 0.489682 0.423748 0.423748 0.423748
0.625 9.32663 831.188 390.901 6038.44 5435.6 0.490369 0.424446 0.424446 0.424446
0.626 9.9983 832.557 390.963 6051.7 5430.8 0.491055 0.425142 0.425142 0.425142
0.627 10.6714 833.927 391.027 6064.95 5426.02 0.491739 0.425837 0.425837 0.425837
0.628 11.3461 835.298 391.092 6078.2 5421.25 0.492421 0.42653 0.42653 0.42653
0.629 12.0222 836.67 391.158 6091.45 5416.48 0.493102 0.427222 0.427222 0.427222
0.63 12.6997 838.043 391.227 6104.69 5411.72 0.493781 0.427912 0.427912 0.427912
0.631 13.3788 839.417 391.296 6117.93 5406.97 0.494459 0.428601 0.428601 0.428601
0.632 14.0593 840.792 391.368 6131.17 5402.23 0.495135 0.429288 0.429288 0.429288
0.633 14.7412 842.169 391.44 6144.41 5397.49 0.49581 0.429974 0.429974 0.429974
0.634 15.4247 843.546 391.515 6157.64 5392.77 0.496483 0.430658 0.430658 0.430658
0.635 16.1096 844.925 391.59 6170.87 5388.05 0.497155 0.431341 0.431341 0.431341
0.636 16.796 846.305 391.668 6184.1 5383.34 0.497825 0.432022 0.432022 0.432022
0.637 17.4838 847.685 391.746 6197.32 5378.64 0.498493 0.432701 0.432701 0.432701
0.638 18.1732 849.067 391.826 6210.55 5373.94 0.49916 0.433379 0.433379 0.433379
0.639 18.864 850.45 391.908 6223.76 5369.26 0.499825 0.434056 0.434056 0.434056
0.64 19.5562 851.834 391.991 6236.98 5364.58 0.500489 0.434731 0.434731 0.434731
0.641 20.25 853.22 392.076 6250.19 5359.91 0.501152 0.435404 0.435404 0.435404
0.642 20.9452 854.606 392.162 6263.4 5355.25 0.501812 0.436076 0.436076 0.436076
0.643 21.6418 855.993 392.249 6276.61 5350.59 0.502471 0.436746 0.436746 0.436746
0.644 22.34 857.382 392.338 6289.81 5345.95 0.503129 0.437415 0.437415 0.437415
0.645 23.0396 858.771 392.428 6303.01 5341.31 0.503785 0.438082 0.438082 0.438082
0.646 23.7406 860.162 392.52 6316.2 5336.68 0.50444 0.438748 0.438748 0.438748
0.647 24.4432 861.554 392.613 6329.39 5332.05 0.505093 0.439412 0.439412 0.439412
0.648 25.1472 862.947 392.708 6342.58 5327.44 0.505744 0.440075 0.440075 0.440075
0.649 25.8526 864.341 392.804 6355.77 5322.83 0.506394 0.440736 0.440736 0.440736
0.65 26.5596 865.736 392.901 6368.95 5318.23 0.507043 0.441396 0.441396 0.441396
0.651 27.268 867.132 393 6382.12 5313.64 0.50769 0.442054 0.442054 0.442054
0.652 27.9778 868.529 393.1 6395.3 5309.05 0.508335 0.442711 0.442711 0.442711
0.653 28.6891 869.928 393.202 6408.47 5304.48 0.508979 0.443366 0.443366 0.443366
0.654 29.4019 871.327 393.305 6421.64 5299.91 0.509621 0.444019 0.444019 0.444019
0.655 30.1162 872.728 393.409 6434.8 5295.35 0.510262 0.444672 0.444672 0.444672
0.656 30.8319 874.13 393.515 6447.96 5290.79 0.510901 0.445322 0.445322 0.445322
0.657 31.549 875.533 393.622 6461.11 5286.24 0.511539 0.445971 0.445971 0.445971
0.658 32.2677 876.937 393.73 6474.26 5281.71 0.512175 0.446619 0.446619 0.446619
0.659 32.9878 878.342 393.84 6487.41 5277.17 0.51281 0.447265 0.447265 0.447265
0.66 33.7093 879.748 393.951 6500.56 5272.65 0.513443 0.447909 0.447909 0.447909
0.661 34.4323 881.155 394.064 6513.7 5268.13 0.514075 0.448552 0.448552 0.448552
0.662 35.1568 882.564 394.178 6526.83 5263.62 0.514705 0.449194 0.449194 0.449194
0.663 35.8827 883.973 394.293 6539.96 5259.12 0.515334 0.449834 0.449834 0.449834
0.664 36.6101 885.384 394.409 6553.09 5254.63 0.515961 0.450472 0.450472 0.450472
0.665 37.339 886.795 394.527 6566.22 5250.14 0.516586 0.451109 0.451109 0.451109
0.666 38.0693 888.208 394.646 6579.34 5245.66 0.517211 0.451745 0.451745 0.451745
0.667 38.8011 889.622 394.767 6592.45 5241.18 0.517833 0.452379 0.452379 0.452379
0.668 39.5343 891.037 394.888 6605.57 5236.72 0.518454 0.453011 0.453011 0.453011
0.669 40.269 892.454 395.011 6618.67 5232.26 0.519074 0.453643 0.453643 0.453643
0.67 41.0051 893.871 395.136 6631.78 5227.81 0.519692 0.454272 0.454272 0.454272
0.671 41.7427 895.289 395.261 6644.88 5223.36 0.520309 0.4549 0.4549 0.4549
0.672 42.4817 896.709 395.388 6657.98 5218.93 0.520924 0.455527 0.455527 0.455527
0.673 43.2222 898.13 395.517 6671.07 5214.5 0.521537 0.456152 0.456152 0.456152
0.674 43.9642 899.551 395.646 6684.16 5210.07 0.522149 0.456776 0.456776 0.456776
0.675 44.7076 900.974 395.777 6697.24 5205.66 0.52276 0.457398 0.457398 0.457398
0.676 45.4525 902.398 395.909 6710.32 5201.25 0.523369 0.458019 0.458019 0.458019
0.677 46.1988 903.824 396.042 6723.39 5196.84 0.523977 0.458638 0.458638 0.458638
0.678 46.9466 905.25 396.177 6736.46 5192.45 0.524583 0.459256 0.459256 0.459256
0.679 47.6958 906.677 396.313 6749.53 5188.06 0.525188 0.459872 0.459872 0.459872
0.68 48.4465 908.106 396.45 6762.59 5183.68 0.525791 0.460487 0.460487 0.460487
0.681 49.1986 909.535 396.588 6775.65 5179.3 0.526393 0.4611 0.4611 0.4611
0.682 49.9522 910.966 396.727 6788.71 5174.94 0.526993 0.461712 0.461712 0.461712
0.683 50.7072 912.398 396.868 6801.76 5170.57 0.527592 0.462323 0.462323 0.462323
0.684 51.4637 913.831 397.01 6814.8 5166.22 0.528189 0.462932 0.462932 0.462932
0.685 52.2216 915.265 397.154 6827.84 5161.87 0.528785 0.46354 0.46354 0.46354
0.686 52.981 916.7 397.298 6840.88 5157.53 0.52938 0.464146 0.464146 0.464146
0.687 53.7418 918.137 397.444 6853.91 5153.2 0.529973 0.46475 0.46475 0.46475
0.688 54.504 919.574 397.591 6866.94 5148.87 0.530564 0.465354 0.465354 0.465354
0.689 55.2678 921.013 397.739 6879.97 5144.55 0.531154 0.465956 0.465956 0.465956
0.69 56.0329 922.453 397.888 6892.99 5140.23 0.531743 0.466556 0.466556 0.466556
0.691 56.7995 923.894 398.039 6906 5135.92 0.53233 0.467155 0.467155 0.467155
0.692 57.5676 925.336 398.19 6919.01 5131.62 0.532916 0.467753 0.467753 0.467753
0.693 58.3371 926.779 398.343 6932.02 5127.33 0.5335 0.468349 0.468349 0.468349
0.694 59.108 928.223 398.497 6945.02 5123.04 0.534083 0.468944 0.468944 0.468944
0.695 59.8804 929.669 398.653 6958.02 5118.76 0.534665 0.469537 0.469537 0.469537
0.696 60.6543 931.115 398.809 6971.01 5114.48 0.535245 0.470129 0.470129 0.470129
0.697 61.4295 932.563 398.967 6984 5110.21 0.535823 0.470719 0.470719 0.470719
0.698 62.2063 934.012 399.125 6996.99 5105.95 0.5364 0.471309 0.471309 0.471309
0.699 62.9844 935.462 399.285 7009.97 5101.69 0.536976 0.471896 0.471896 0.471896
0.7 63.764 936.913 399.447 7022.94 5097.44 0.537551 0.472483 0.472483 0.472483
0.701 64.5451 938.365 399.609 7035.92 5093.2 0.538124 0.473067 0.473067 0.473067
0.702 65.3276 939.818 399.772 7048.88 5088.96 0.538695 0.473651 0.473651 0.473651
0.703 66.1115 941.273 399.937 7061.84 5084.73 0.539265 0.474233 0.474233 0.474233
0.704 66.8969 942.728 400.103 7074.8 5080.51 0.539834 0.474814 0.474814 0.474814
0.705 67.6837 944.185 400.269 7087.76 5076.29 0.540401 0.475393 0.475393 0.475393
0.706 68.4719 945.643 400.437 7100.71 5072.08 0.540967 0.475971 0.475971 0.475971
0.707 69.2616 947.102 400.606 7113.65 5067.87 0.541532 0.476548 0.476548 0.476548
0.708 70.0527 948.562 400.777 7126.59 5063.67 0.542095 0.477123 0.477123 0.477123
0.709 70.8453 950.023 400.948 7139.53 5059.48 0.542657 0.477697 0.477697 0.477697
0.71 71.6393 951.486 401.121 7152.46 5055.29 0.543217 0.478269 0.478269 0.478269
0.711 72.4347 952.949 401.294 7165.39 5051.11 0.543776 0.47884 0.47884 0.47884
0.712 73.2316 954.414 401.469 7178.31 5046.93 0.544334 0.47941 0.47941 0.47941
0.713 74.0299 955.88 401.645 7191.23 5042.76 0.54489 0.479978 0.479978 0.479978
0.714 74.8297 957.347 401.822 7204.14 5038.6 0.545445 0.480545 0.480545 0.480545
0.715 75.6308 958.815 402 7217.05 5034.44 0.545998 0.481111 0.481111 0.481111
0.716 76.4334 960.284 402.179 7229.95 5030.29 0.546551 0.481675 0.481675 0.481675
0.717 77.2375 961.754 402.359 7242.86 5026.14 0.547101 0.482238 0.482238 0.482238
0.718 78.043 963.226 402.54 7255.75 5022 0.547651 0.4828 0.4828 0.4828
0.719 78.8499 964.699 402.723 7268.64 5017.87 0.548199 0.48336 0.48336 0.48336
0.72 79.6582 966.172 402.906 7281.53 5013.74 0.548746 0.483919 0.483919 0.483919
0.721 80.468 967.647 403.091 7294.41 5009.62 0.549291 0.484477 0.484477 0.484477
0.722 81.2792 969.123 403.276 7307.29 5005.5 0.549835 0.485033 0.485033 0.485033
0.723 82.0918 970.601 403.463 7320.16 5001.39 0.550378 0.485588 0.485588 0.485588
0.724 82.9059 972.079 403.651 7333.03 4997.29 0.550919 0.486142 0.486142 0.486142
0.725 83.7214 973.559 403.839 7345.9 4993.19 0.551459 0.486694 0.486694 0.486694
0.726 84.5383 975.039 404.029 7358.76 4989.1 0.551998 0.487245 0.487245 0.487245
0.727 85.3567 976.521 404.22 7371.61 4985.01 0.552535 0.487795 0.487795 0.487795
0.728 86.1765 978.004 404.412 7384.46 4980.93 0.553072 0.488343 0.488343 0.488343
0.729 86.9977 979.488 404.605 7397.31 4976.85 0.553606 0.48889 0.48889 0.48889
0.73 87.8203 980.973 404.799 7410.15 4972.78 0.55414 0.489436 0.489436 0.489436
0.731 88.6444 982.46 404.994 7422.99 4968.72 0.554672 0.48998 0.48998 0.48998
0.732 89.4699 983.947 405.19 7435.82 4964.66 0.555203 0.490523 0.490523 0.490523
0.733 90.2968 985.436 405.387 7448.65 4960.6 0.555732 0.491065 0.491065 0.491065
0.734 91.1251 986.926 405.586 7461.48 4956.56 0.55626 0.491606 0.491606 0.491606
0.735 91.9549 988.417 405.785 7474.3 4952.51 0.556787 0.492145 0.492145 0.492145
0.736 92.7861 989.909 405.985 7487.11 4948.48 0.557313 0.492683 0.492683 0.492683
0.737 93.6187 991.402 406.186 7499.92 4944.45 0.557837 0.49322 0.49322 0.49322
0.738 94.4527 992.897 406.388 7512.73 4940.42 0.55836 0.493755 0.493755 0.493755
0.739 95.2882 994.392 406.592 7525.53 4936.4 0.558882 0.494289 0.494289 0.494289
0.74 96.1251 995.889 406.796 7538.33 4932.39 0.559403 0.494822 0.494822 0.494822
0.741 96.9634 997.387 407.001 7551.12 4928.38 0.559922 0.495354 0.495354 0.495354
0.742 97.8031 998.886 407.207 7563.91 4924.37 0.56044 0.495884 0.495884 0.495884
0.743 98.6442 1000.39 407.414 7576.69 4920.38 0.560956 0.496413 0.496413 0.496413
0.744 99.4868 1001.89 407.623 7589.47 4916.38 0.561472 0.496941 0.496941 0.496941
0.745 100.331 1003.39 407.832 7602.25 4912.4 0.561986 0.497468 0.497468 0.497468
0.746 101.176 1004.89 408.042 7615.02 4908.41 0.562499 0.497993 0.497993 0.497993
0.747 102.023 1006.4 408.253 7627.79 4904.44 0.56301 0.498517 0.498517 0.498517
0.748 102.871 1007.9 408.465 7640.55 4900.47 0.563521 0.49904 0.49904 0.49904
0.749 103.721 1009.41 408.678 7653.31 4896.5 0.56403 0.499562 0.499562 0.499562
0.75 104.572 1010.92 408.893 7666.06 4892.54 0.564538 0.500082 0.500082 0.500082
0.751 105.424 1012.43 409.108 7678.81 4888.58 0.565044 0.500601 0.500601 0.500601
0.752 106.278 1013.94 409.324 7691.55 4884.63 0.56555 0.501119 0.501119 0.501119
0.753 107.134 1015.45 409.541 7704.29 4880.69 0.566054 0.501636 0.501636 0.501636
0.754 107.99 1016.96 409.759 7717.03 4876.75 0.566557 0.502151 0.502151 0.502151
0.755 108.849 1018.48 409.977 7729.76 4872.82 0.567059 0.502665 0.502665 0.502665
0.756 109.708 1019.99 410.197 7742.49 4868.89 0.567559 0.503178 0.503178 0.503178
0.757 110.569 1021.51 410.418 7755.21 4864.96 0.568058 0.50369 0.50369 0.50369
0.758 111.432 1023.03 410.64 7767.93 4861.05 0.568556 0.504201 0.504201 0.504201
0.759 112.295 1024.55 410.862 7780.64 4857.13 0.569053 0.50471 0.50471 0.50471
0.76 113.161 1026.07 411.086 7793.35 4853.22 0.569549 0.505218 0.505218 0.505218
0.761 114.027 1027.59 411.311 7806.06 4849.32 0.570043 0.505725 0.505725 0.505725
0.762 114.895 1029.11 411.536 7818.76 4845.42 0.570536 0.506231 0.506231 0.506231
0.763 115.765 1030.63 411.762 7831.46 4841.53 0.571028 0.506736 0.506736 0.506736
0.764 116.636 1032.16 411.99 7844.15 4837.64 0.571519 0.507239 0.507239 0.507239
0.765 117.508 1033.68 412.218 7856.84 4833.76 0.572009 0.507741 0.507741 0.507741
0.766 118.382 1035.21 412.447 7869.52 4829.88 0.572497 0.508242 0.508242 0.508242
0.767 119.257 1036.74 412.677 7882.2 4826.01 0.572984 0.508742 0.508742 0.508742
0.768 120.133 1038.27 412.908 7894.87 4822.14 0.57347 0.509241 0.509241 0.509241
0.769 121.011 1039.8 413.14 7907.54 4818.28 0.573955 0.509738 0.509738 0.509738
0.77 121.89 1041.33 413.373 7920.21 4814.42 0.574439 0.510235 0.510235 0.510235
0.771 122.771 1042.86 413.606 7932.87 4810.57 0.574921 0.51073 0.51073 0.51073
0.772 123.653 1044.39 413.841 7945.53 4806.72 0.575403 0.511224 0.511224 0.511224
0.773 124.537 1045.93 414.077 7958.18 4802.88 0.575883 0.511717 0.511717 0.511717
0.774 125.422 1047.46 414.313 7970.83 4799.04 0.576362 0.512208 0.512208 0.512208
0.775 126.308 1049 414.55 7983.48 4795.21 0.57684 0.512699 0.512699 0.512699
0.776 127.196 1050.54 414.788 7996.12 4791.38 0.577317 0.513188 0.513188 0.513188
0.777 128.085 1052.08 415.027 8008.75 4787.56 0.577792 0.513677 0.513677 0.513677
0.778 128.976 1053.62 415.267 8021.39 4783.74 0.578266 0.514164 0.514164 0.514164
0.779 129.868 1055.16 415.508 8034.02 4779.93 0.57874 0.51465 0.51465 0.51465
0.78 130.761 1056.7 415.75 8046.64 4776.12 0.579212 0.515134 0.515134 0.515134
0.781 131.656 1058.25 415.992 8059.26 4772.32 0.579683 0.515618 0.515618 0.515618
0.782 132.552 1059.79 416.236 8071.87 4768.52 0.580153 0.516101 0.516101 0.516101
0.783 133.449 1061.34 416.48 8084.49 4764.72 0.580621 0.516582 0.516582 0.516582
0.784 134.348 1062.89 416.725 8097.09 4760.93 0.581089 0.517062 0.517062 0.517062
0.785 135.249 1064.44 416.971 8109.69 4757.15 0.581555 0.517542 0.517542 0.517542
0.786 136.151 1065.99 417.218 8122.29 4753.37 0.582021 0.51802 0.51802 0.51802
0.787 137.054 1067.54 417.466 8134.89 4749.6 0.582485 0.518497 0.518497 0.518497
0.788 137.958 1069.09 417.714 8147.48 4745.83 0.582948 0.518972 0.518972 0.518972
0.789 138.864 1070.64 417.964 8160.06 4742.06 0.58341 0.519447 0.519447 0.519447
0.79 139.772 1072.2 418.214 8172.65 4738.3 0.583871 0.519921 0.519921 0.519921
0.791 140.68 1073.75 418.465 8185.22 4734.55 0.584331 0.520393 0.520393 0.520393
0.792 141.591 1075.31 418.717 8197.8 4730.8 0.584789 0.520865 0.520865 0.520865
0.793 142.502 1076.87 418.97 8210.37 4727.05 0.585247 0.521335 0.521335 0.521335
0.794 143.415 1078.43 419.224 8222.93 4723.31 0.585703 0.521804 0.521804 0.521804
0.795 144.329 1079.99 419.478 8235.49 4719.57 0.586159 0.522273 0.522273 0.522273
0.796 145.245 1081.55 419.733 8248.05 4715.84 0.586613 0.52274 0.52274 0.52274
0.797 146.162 1083.11 419.989 8260.6 4712.11 0.587066 0.523206 0.523206 0.523206
0.798 147.081 1084.68 420.246 8273.15 4708.39 0.587518 0.523671 0.523671 0.523671
0.799 148.001 1086.24 420.504 8285.7 4704.67 0.587969 0.524134 0.524134 0.524134
0.8 148.922 1087.81 420.763 8298.24 4700.96 0.588419 0.524597 0.524597 0.524597
0.801 149.845 1089.38 421.022 8310.78 4697.25 0.588868 0.525059 0.525059 0.525059
0.802 150.769 1090.95 421.282 8323.31 4693.54 0.589316 0.525519 0.525519 0.525519
0.803 151.695 1092.52 421.543 8335.84 4689.84 0.589763 0.525979 0.525979 0.525979
0.804 152.621 1094.09 421.805 8348.36 4686.15 0.590208 0.526438 0.526438 0.526438
0.805 153.55 1095.66 422.068 8360.88 4682.46 0.590653 0.526895 0.526895 0.526895
0.806 154.479 1097.23 422.331 8373.4 4678.77 0.591097 0.527351 0.527351 0.527351
0.807 155.41 1098.81 422.596 8385.91 4675.09 0.591539 0.527807 0.527807 0.527807
0.808 156.343 1100.38 422.861 8398.42 4671.41 0.591981 0.528261 0.528261 0.528261
0.809 157.277 1101.96 423.126 8410.92 4667.74 0.592421 0.528714 0.528714 0.528714
0.81 158.212 1103.54 423.393 8423.42 4664.07 0.59286 0.529167 0.529167 0.529167
0.811 159.149 1105.12 423.66 8435.92 4660.41 0.593299 0.529618 0.529618 0.529618
0.812 160.087 1106.7 423.929 8448.41 4656.75 0.593736 0.530068 0.530068 0.530068
0.813 161.026 1108.28 424.198 8460.9 4653.09 0.594172 0.530517 0.530517 0.530517
0.814 161.967 1109.86 424.467 8473.39 4649.44 0.594607 0.530965 0.530965 0.530965
0.815 162.909 1111.45 424.738 8485.87 4645.8 0.595042 0.531412 0.531412 0.531412
0.816 163.853 1113.03 425.009 8498.34 4642.16 0.595475 0.531858 0.531858 0.531858
0.817 164.798 1114.62 425.281 8510.82 4638.52 0.595907 0.532303 0.532303 0.532303
0.818 165.744 1116.21 425.554 8523.29 4634.89 0.596338 0.532747 0.532747 0.532747
0.819 166.692 1117.79 425.828 8535.75 4631.26 0.596768 0.53319 0.53319 0.53319
0.82 167.641 1119.38 426.102 8548.21 4627.64 0.597197 0.533632 0.533632 0.533632
0.821 168.591 1120.97 426.377 8560.67 4624.02 0.597625 0.534073 0.534073 0.534073
0.822 169.543 1122.57 426.653 8573.12 4620.4 0.598053 0.534513 0.534513 0.534513
0.823 170.496 1124.16 426.93 8585.57 4616.79 0.598479 0.534952 0.534952 0.534952
0.824 171.451 1125.76 427.208 8598.02 4613.19 0.598904 0.53539 0.53539 0.53539
0.825 172.407 1127.35 427.486 8610.46 4609.59 0.599328 0.535827 0.535827 0.535827
0.826 173.364 1128.95 427.765 8622.9 4605.99 0.599751 0.536263 0.536263 0.536263
0.827 174.323 1130.55 428.044 8635.33 4602.39 0.600173 0.536698 0.536698 0.536698
0.828 175.283 1132.14 428.325 8647.76 4598.81 0.600594 0.537132 0.537132 0.537132
0.829 176.245 1133.75 428.606 8660.19 4595.22 0.601014 0.537565 0.537565 0.537565
0.83 177.208 1135.35 428.888 8672.61 4591.64 0.601433 0.537997 0.537997 0.537997
0.831 178.172 1136.95 429.171 8685.03 4588.07 0.601852 0.538428 0.538428 0.538428
0.832 179.138 1138.55 429.454 8697.44 4584.49 0.602269 0.538858 0.538858 0.538858
0.833 180.105 1140.16 429.738 8709.86 4580.93 0.602685 0.539287 0.539287 0.539287
0.834 181.073 1141.77 430.023 8722.26 4577.36 0.6031 0.539716 0.539716 0.539716
0.835 182.043 1143.37 430.309 8734.67 4573.81 0.603515 0.540143 0.540143 0.540143
0.836 183.014 1144.98 430.595 8747.07 4570.25 0.603928 0.540569 0.540569 0.540569
0.837 183.987 1146.59 430.882 8759.46 4566.7 0.60434 0.540994 0.540994 0.540994
0.838 184.961 1148.2 431.17 8771.85 4563.15 0.604752 0.541419 0.541419 0.541419
0.839 185.936 1149.81 431.459 8784.24 4559.61 0.605162 0.541842 0.541842 0.541842
0.84 186.913 1151.43 431.748 8796.63 4556.08 0.605572 0.542264 0.542264 0.542264
0.841 187.891 1153.04 432.038 8809.01 4552.54 0.60598 0.542686 0.542686 0.542686
0.842 188.871 1154.66 432.328 8821.39 4549.01 0.606388 0.543106 0.543106 0.543106
0.843 189.851 1156.28 432.62 8833.76 4545.49 0.606795 0.543526 0.543526 0.543526
0.844 190.834 1157.89 432.912 8846.13 4541.97 0.6072 0.543945 0.543945 0.543945
0.845 191.817 1159.51 433.205 8858.5 4538.45 0.607605 0.544362 0.544362 0.544362
0.846 192.802 1161.13 433.498 8870.86 4534.94 0.608009 0.544779 0.544779 0.544779
0.847 193.789 1162.76 433.793 8883.22 4531.43 0.608412 0.545195 0.545195 0.545195
0.848 194.776 1164.38 434.087 8895.57 4527.93 0.608814 0.54561 0.54561 0.54561
0.849 195.765 1166 434.383 8907.93 4524.43 0.609215 0.546024 0.546024 0.546024
0.85 196.756 1167.63 434.679 8920.27 4520.93 0.609615 0.546437 0.546437 0.546437
0.851 197.748 1169.25 434.976 8932.62 4517.44 0.610014 0.546849 0.546849 0.546849
0.852 198.741 1170.88 435.274 8944.96 4513.95 0.610413 0.54726 0.54726 0.54726
0.853 199.735 1172.51 435.573 8957.3 4510.47 0.61081 0.547671 0.547671 0.547671
0.854 200.731 1174.14 435.872 8969.63 4506.99 0.611206 0.54808 0.54808 0.54808
0.855 201.729 1175.77 436.171 8981.96 4503.51 0.611602 0.548489 0.548489 0.548489
0.856 202.727 1177.4 436.472 8994.29 4500.04 0.611997 0.548896 0.548896 0.548896
0.857 203.727 1179.04 436.773 9006.61 4496.57 0.612391 0.549303 0.549303 0.549303
0.858 204.729 1180.67 437.075 9018.93 4493.11 0.612783 0.549709 0.549709 0.549709
0.859 205.732 1182.31 437.377 9031.24 4489.65 0.613175 0.550113 0.550113 0.550113
0.86 206.736 1183.95 437.68 9043.56 4486.2 0.613566 0.550517 0.550517 0.550517
0.861 207.741 1185.58 437.984 9055.86 4482.74 0.613957 0.550921 0.550921 0.550921
0.862 208.748 1187.22 438.289 9068.17 4479.3 0.614346 0.551323 0.551323 0.551323
0.863 209.756 1188.86 438.594 9080.47 4475.85 0.614734 0.551724 0.551724 0.551724
0.864 210.766 1190.51 438.9 9092.77 4472.42 0.615122 0.552125 0.552125 0.552125
0.865 211.777 1192.15 439.206 9105.06 4468.98 0.615508 0.552524 0.552524 0.552524
0.866 212.789 1193.79 439.514 9117.35 4465.55 0.615894 0.552923 0.552923 0.552923
0.867 213.803 1195.44 439.821 9129.64 4462.12 0.616279 0.553321 0.553321 0.553321
0.868 214.818 1197.08 440.13 9141.93 4458.7 0.616663 0.553718 0.553718 0.553718
0.869 215.835 1198.73 440.439 9154.21 4455.28 0.617046 0.554114 0.554114 0.554114
0.87 216.852 1200.38 440.749 9166.48 4451.87 0.617429 0.554509 0.554509 0.554509
0.871 217.872 1202.03 441.059 9178.76 4448.45 0.61781 0.554903 0.554903 0.554903
0.872 218.892 1203.68 441.371 9191.03 4445.05 0.618191 0.555297 0.555297 0.555297
0.873 219.914 1205.34 441.682 9203.29 4441.64 0.61857 0.555689 0.555689 0.555689
0.874 220.937 1206.99 441.995 9215.56 4438.25 0.618949 0.556081 0.556081 0.556081
0.875 221.962 1208.64 442.308 9227.82 4434.85 0.619327 0.556472 0.556472 0.556472
0.876 222.988 1210.3 442.622 9240.07 4431.46 0.619704 0.556862 0.556862 0.556862
0.877 224.015 1211.96 442.936 9252.33 4428.07 0.620081 0.557251 0.557251 0.557251
0.878 225.044 1213.62 443.251 9264.58 4424.69 0.620456 0.55764 0.55764 0.55764
0.879 226.074 1215.28 443.567 9276.82 4421.31 0.620831 0.558027 0.558027 0.558027
0.88 227.106 1216.94 443.883 9289.07 4417.93 0.621204 0.558414 0.558414 0.558414
0.881 228.138 1218.6 444.2 9301.31 4414.56 0.621577 0.5588 0.5588 0.5588
0.882 229.173 1220.26 444.517 9313.54 4411.19 0.621949 0.559185 0.559185 0.559185
0.883 230.208 1221.93 444.835 9325.77 4407.83 0.622321 0.559569 0.559569 0.559569
0.884 231.245 1223.59 445.154 9338 4404.47 0.622691 0.559952 0.559952 0.559952
0.885 232.283 1225.26 445.474 9350.23 4401.11 0.623061 0.560335 0.560335 0.560335
0.886 233.323 1226.93 445.794 9362.45 4397.76 0.623429 0.560716 0.560716 0.560716
0.887 234.364 1228.6 446.114 9374.67 4394.41 0.623797 0.561097 0.561097 0.561097
0.888 235.406 1230.27 446.436 9386.89 4391.07 0.624164 0.561477 0.561477 0.561477
0.889 236.45 1231.94 446.758 9399.1 4387.72 0.624531 0.561856 0.561856 0.561856
0.89 237.495 1233.61 447.08 9411.31 4384.39 0.624896 0.562235 0.562235 0.562235
0.891 238.541 1235.29 447.403 9423.52 4381.05 0.625261 0.562612 0.562612 0.562612
0.892 239.589 1236.96 447.727 9435.72 4377.72 0.625625 0.562989 0.562989 0.562989
0.893 240.638 1238.64 448.051 9447.92 4374.4 0.625988 0.563365 0.563365 0.563365
0.894 241.688 1240.31 448.376 9460.12 4371.08 0.62635 0.56374 0.56374 0.56374
0.895 242.74 1241.99 448.702 9472.31 4367.76 0.626712 0.564114 0.564114 0.564114
0.896 243.793 1243.67 449.028 9484.5 4364.44 0.627072 0.564488 0.564488 0.564488
0.897 244.848 1245.35 449.355 9496.69 4361.13 0.627432 0.564861 0.564861 0.564861
0.898 245.904 1247.04 449.682 9508.87 4357.83 0.627791 0.565233 0.565233 0.565233
0.899 246.961 1248.72 450.01 9521.05 4354.52 0.628149 0.565604 0.565604 0.565604
0.9 248.02 1250.4 450.339 9533.23 4351.22 0.628507 0.565974 0.565974 0.565974
0.901 249.079 1252.09 450.668 9545.4 4347.93 0.628864 0.566344 0.566344 0.566344
0.902 250.141 1253.78 450.998 9557.58 4344.64 0.629219 0.566713 0.566713 0.566713
0.903 251.203 1255.47 451.328 9569.74 4341.35 0.629575 0.567081 0.567081 0.567081
0.904 252.267 1257.16 451.659 9581.91 4338.06 0.629929 0.567448 0.567448 0.567448
0.905 253.333 1258.85 451.991 9594.07 4334.78 0.630282 0.567814 0.567814 0.567814
0.906 254.399 1260.54 452.323 9606.23 4331.51 0.630635 0.56818 0.56818 0.56818
0.907 255.467 1262.23 452.656 9618.38 4328.23 0.630987 0.568545 0.568545 0.568545
0.908 256.537 1263.93 452.989 9630.53 4324.96 0.631339 0.568909 0.568909 0.568909
0.909 257.607 1265.62 453.323 9642.68 4321.7 0.631689 0.569272 0.569272 0.569272
0.91 258.68 1267.32 453.657 9654.83 4318.44 0.632039 0.569635 0.569635 0.569635
0.911 259.753 1269.02 453.992 9666.97 4315.18 0.632388 0.569997 0.569997 0.569997
0.912 260.828 1270.72 454.328 9679.11 4311.92 0.632736 0.570358 0.570358 0.570358
0.913 261.904 1272.42 454.664 9691.25 4308.67 0.633083 0.570718 0.570718 0.570718
0.914 262.981 1274.12 455.001 9703.38 4305.42 0.63343 0.571078 0.571078 0.571078
0.915 264.06 1275.82 455.338 9715.51 4302.18 0.633776 0.571436 0.571436 0.571436
0.916 265.14 1277.52 455.676 9727.64 4298.94 0.634121 0.571794 0.571794 0.571794
0.917 266.222 1279.23 456.015 9739.76 4295.7 0.634465 0.572152 0.572152 0.572152
0.918 267.305 1280.93 456.354 9751.88 4292.47 0.634809 0.572508 0.572508 0.572508
0.919 268.389 1282.64 456.694 9764 4289.24 0.635152 0.572864 0.572864 0.572864
0.92 269.475 1284.35 457.034 9776.12 4286.02 0.635494 0.573219 0.573219 0.573219
0.921 270.561 1286.06 457.374 9788.23 4282.8 0.635836 0.573573 0.573573 0.573573
0.922 271.65 1287.77 457.716 9800.34 4279.58 0.636176 0.573927 0.573927 0.573927
0.923 272.739 1289.48 458.058 9812.44 4276.36 0.636516 0.57428 0.57428 0.57428
0.924 273.83 1291.2 458.4 9824.55 4273.15 0.636856 0.574632 0.574632 0.574632
0.925 274.923 1292.91 458.743 9836.65 4269.94 0.637194 0.574983 0.574983 0.574983
0.926 276.016 1294.63 459.087 9848.74 4266.74 0.637532 0.575334 0.575334 0.575334
0.927 277.111 1296.35 459.431 9860.84 4263.54 0.637869 0.575683 0.575683 0.575683
0.928 278.208 1298.06 459.775 9872.93 4260.34 0.638205 0.576033 0.576033 0.576033
0.929 279.305 1299.78 460.121 9885.02 4257.15 0.638541 0.576381 0.576381 0.576381
0.93 280.404 1301.5 460.466 9897.1 4253.96 0.638876 0.576729 0.576729 0.576729
0.931 281.505 1303.23 460.813 9909.19 4250.78 0.63921 0.577076 0.577076 0.577076
0.932 282.606 1304.95 461.16 9921.26 4247.59 0.639543 0.577422 0.577422 0.577422
0.933 283.709 1306.67 461.507 9933.34 4244.41 0.639876 0.577767 0.577767 0.577767
0.934 284.814 1308.4 461.855 9945.41 4241.24 0.640208 0.578112 0.578112 0.578112
0.935 285.919 1310.13 462.203 9957.48 4238.07 0.640539 0.578456 0.578456 0.578456
0.936 287.026 1311.85 462.552 9969.55 4234.9 0.64087 0.5788 0.5788 0.5788
0.937 288.135 1313.58 462.902 9981.62 4231.74 0.6412 0.579143 0.579143 0.579143
0.938 289.245 1315.31 463.252 9993.68 4228.57 0.641529 0.579484 0.579484 0.579484
0.939 290.356 1317.04 463.603 10005.7 4225.42 0.641858 0.579826 0.579826 0.579826
0.94 291.468 1318.78 463.954 10017.8 4222.26 0.642185 0.580166 0.580166 0.580166
0.941 292.582 1320.51 464.305 10029.8 4219.11 0.642512 0.580506 0.580506 0.580506
0.942 293.697 1322.25 464.658 10041.9 4215.97 0.642839 0.580845 0.580845 0.580845
0.943 294.813 1323.98 465.01 10053.9 4212.82 0.643165 0.581184 0.581184 0.581184
0.944 295.931 1325.72 465.364 10066 4209.68 0.64349 0.581522 0.581522 0.581522
0.945 297.05 1327.46 465.717 10078 4206.55 0.643814 0.581859 0.581859 0.581859
0.946 298.171 1329.2 466.072 10090.1 4203.41 0.644138 0.582195 0.582195 0.582195
0.947 299.292 1330.94 466.427 10102.1 4200.28 0.644461 0.582531 0.582531 0.582531
0.948 300.416 1332.68 466.782 10114.1 4197.16 0.644783 0.582866 0.582866 0.582866
0.949 301.54 1334.42 467.138 10126.2 4194.03 0.645104 0.5832 0.5832 0.5832
0.95 302.666 1336.17 467.494 10138.2 4190.92 0.645425 0.583534 0.583534 0.583534
0.951 303.793 1337.92 467.851 10150.2 4187.8 0.645746 0.583867 0.583867 0.583867
0.952 304.921 1339.66 468.208 10162.2 4184.69 0.646065 0.584199 0.584199 0.584199
0.953 306.051 1341.41 468.566 10174.3 4181.58 0.646384 0.584531 0.584531 0.584531
0.954 307.182 1343.16 468.925 10186.3 4178.47 0.646702 0.584862 0.584862 0.584862
0.955 308.315 1344.91 469.284 10198.3 4175.37 0.64702 0.585192 0.585192 0.585192
0.956 309.449 1346.66 469.643 10210.3 4172.27 0.647337 0.585522 0.585522 0.585522
0.957 310.584 1348.42 470.003 10222.3 4169.18 0.647653 0.585851 0.585851 0.585851
0.958 311.72 1350.17 470.364 10234.3 4166.09 0.647969 0.586179 0.586179 0.586179
0.959 312.858 1351.93 470.725 10246.3 4163 0.648283 0.586507 0.586507 0.586507
0.96 313.997 1353.68 471.086 10258.3 4159.91 0.648598 0.586834 0.586834 0.586834
0.961 315.138 1355.44 471.448 10270.3 4156.83 0.648911 0.58716 0.58716 0.58716
0.962 316.28 1357.2 471.811 10282.3 4153.75 0.649224 0.587486 0.587486 0.587486
0.963 317.423 1358.96 472.174 10294.3 4150.68 0.649537 0.587811 0.587811 0.587811
0.964 318.567 1360.72 472.537 10306.3 4147.61 0.649848 0.588135 0.588135 0.588135
0.965 319.713 1362.48 472.901 10318.3 4144.54 0.650159 0.588459 0.588459 0.588459
0.966 320.86 1364.25 473.266 10330.3 4141.48 0.65047 0.588782 0.588782 0.588782
0.967 322.009 1366.01 473.631 10342.2 4138.42 0.650779 0.589105 0.589105 0.589105
0.968 323.158 1367.78 473.996 10354.2 4135.36 0.651088 0.589426 0.589426 0.589426
0.969 324.31 1369.55 474.362 10366.2 4132.3 0.651397 0.589747 0.589747 0.589747
0.97 325.462 1371.32 474.728 10378.2 4129.25 0.651705 0.590068 0.590068 0.590068
0.971 326.616 1373.09 475.095 10390.1 4126.21 0.652012 0.590388 0.590388 0.590388
0.972 327.771 1374.86 475.463 10402.1 4123.16 0.652318 0.590707 0.590707 0.590707
0.973 328.927 1376.63 475.831 10414.1 4120.12 0.652624 0.591026 0.591026 0.591026
0.974 330.085 1378.4 476.199 10426 4117.08 0.652929 0.591343 0.591343 0.591343
0.975 331.244 1380.18 476.568 10438 4114.05 0.653234 0.591661 0.591661 0.591661
0.976 332.405 1381.95 476.937 10450 4111.01 0.653538 0.591977 0.591977 0.591977
0.977 333.566 1383.73 477.307 10461.9 4108.03 0.653841 0.592294 0.592294 0.592294
0.978 334.73 1385.51 477.677 10473.9 4104.83 0.654144 0.592609 0.592609 0.592609
0.979 335.894 1387.29 478.048 10485.8 4101.95 0.654446 0.592924 0.592924 0.592924
0.98 337.06 1389.07 478.419 10497.8 4098.93 0.654748 0.593238 0.593238 0.593238
0.981 338.227 1390.85 478.791 10509.7 4095.91 0.655049 0.593551 0.593551 0.593551
0.982 339.395 1392.64 479.163 10521.7 4092.9 0.655349 0.593864 0.593864 0.593864
0.983 340.565 1394.42 479.536 10533.6 4089.89 0.655649 0.594177 0.594177 0.594177
0.984 341.736 1396.21 479.909 10545.5 4086.89 0.655948 0.594488 0.594488 0.594488
0.985 342.908 1397.99 480.283 10557.5 4083.89 0.656246 0.5948 0.5948 0.5948
0.986 344.082 1399.78 480.657 10569.4 4080.89 0.656544 0.59511 0.59511 0.59511
0.987 345.257 1401.57 481.031 10581.3 4077.89 0.656841 0.59542 0.59542 0.59542
0.988 346.434 1403.36 481.406 10593.3 4074.91 0.657138 0.595729 0.595729 0.595729
0.989 347.611 1405.15 481.782 10605.2 4071.9 0.657434 0.596038 0.596038 0.596038
0.99 348.79 1406.95 482.158 10617.1 4068.99 0.657729 0.596346 0.596346 0.596346
0.991 349.971 1408.74 482.534 10629 4065.74 0.658024 0.596653 0.596653 0.596653
0.992 351.152 1410.54 482.911 10640.9 4063.66 0.658318 0.59696 0.59696 0.59696
0.993 352.335 1412.33 483.288 10652.9 4057.76 0.658612 0.597266 0.597266 0.597266
0.994 353.52 1414.13 483.666 10664.8 4064.09 0.658905 0.597572 0.597572 0.597572
0.995 354.705 1415.93 484.044 10676.7 4032.53 0.659198 0.597877 0.597877 0.597877
0.996 355.892 1417.73 484.423 10688.6 4113.31 0.659489 0.598181 0.598181 0.598181
0.997 357.08 1419.53 484.802 10700.6 3883.87 0.659782 0.598487 0.598487 0.598487
0.998 358.27 1421.33 485.182 10712.1 4403.65 0.660065 0.598782 0.598782 0.598782
0.999 359.461 1423.14 485.562 10725.2 3658.15 0.660384 0.599115 0.599115 0.599115
1 360.653 1424.94 485.942 10732.8 2034.99 0.660567 0.599307 0.599307 0.599307
