0.001 -148.864 149.803 148864 -4.27708 317467 -0.000505787 -0.00140987 -0.00140987 -0.00140987
0.002 -148.864 150.743 74432.4 -7.81051 1.50691e+06 -0.00092363 -0.00207036 -0.00207036 -0.00207036
0.003 -148.866 151.682 49621.8 -14.0654 1.54452e+06 -0.00166337 -0.0031893 -0.0031893 -0.0031893
0.004 -148.868 152.622 37216.5 -19.6819 -59109.7 -0.00232785 -0.00413686 -0.00413686 -0.00413686
0.005 -148.87 153.561 29773.2 -25.5176 1.00304e+06 -0.00301843 -0.00508443 -0.00508443 -0.00508443
0.006 -148.873 154.5 24811.1 -31.0627 199504 -0.00367492 -0.00598839 -0.00598839 -0.00598839
0.007 -148.877 155.44 21266.7 -36.394 495508 -0.00430639 -0.00686241 -0.00686241 -0.00686241
0.008 -148.881 156.379 18608.3 -41.7001 286749 -0.00493504 -0.00770442 -0.00770442 -0.00770442
0.009 -148.886 157.317 16540.7 -46.7825 316600 -0.00553744 -0.00851667 -0.00851667 -0.00851667
0.01 -148.892 158.256 14886.6 -51.6919 260628 -0.00611957 -0.00930008 -0.00930008 -0.00930008
0.011 -148.898 159.194 13533.2 -56.4138 246173 -0.00667968 -0.0100558 -0.0100558 -0.0100558
0.012 -148.904 160.133 12405.4 -60.9529 222315 -0.00721828 -0.0107848 -0.0107848 -0.0107848
0.013 -148.911 161.071 11451.1 -65.3097 206416 -0.00773543 -0.0114882 -0.0114882 -0.0114882
0.014 -148.919 162.009 10633.1 -69.4869 191267 -0.00823143 -0.0121669 -0.0121669 -0.0121669
0.015 -148.927 162.947 9924.12 -73.4872 178660 -0.00870658 -0.0128216 -0.0128216 -0.0128216
0.016 -148.935 163.885 9303.79 -77.314 167451 -0.00916125 -0.0134534 -0.0134534 -0.0134534
0.017 -148.944 164.822 8756.43 -80.9707 157619 -0.00959582 -0.014063 -0.014063 -0.014063
0.018 -148.953 165.76 8269.87 -84.4608 148860 -0.0100107 -0.0146512 -0.0146512 -0.0146512
0.019 -148.963 166.697 7834.53 -87.788 141029 -0.0104063 -0.0152188 -0.0152188 -0.0152188
0.02 -148.973 167.634 7442.72 -90.9561 133979 -0.0107831 -0.0157664 -0.0157664 -0.0157664
0.021 -148.983 168.572 7088.22 -93.9689 127601 -0.0111414 -0.0162947 -0.0162947 -0.0162947
0.022 -148.993 169.509 6765.94 -96.83 121802 -0.0114818 -0.0168045 -0.0168045 -0.0168045
0.023 -149.004 170.446 6471.68 -99.5431 -147403 -0.0118031 -0.0172963 -0.0172963 -0.0172963
0.024 -149.016 171.383 6201.94 -102.112 2331.03 -0.0121104 -0.0177708 -0.0177708 -0.0177708
0.025 -149.027 172.319 5953.78 -104.54 34153 -0.0124008 -0.0182285 -0.0182285 -0.0182285
0.026 -149.039 173.256 5724.7 -106.831 56828.3 -0.0126743 -0.01867 -0.01867 -0.01867
0.027 -149.051 174.193 5512.59 -108.988 66055 -0.0129317 -0.0190959 -0.0190959 -0.0190959
0.028 -149.063 175.129 5315.62 -111.014 71586.8 -0.0131733 -0.0195067 -0.0195067 -0.0195067
0.029 -149.075 176.066 5132.24 -112.913 74140.9 -0.0133996 -0.0199029 -0.0199029 -0.0199029
0.03 -149.088 177.003 4961.09 -114.688 75229.5 -0.0136111 -0.020285 -0.020285 -0.020285
0.031 -149.101 177.939 4800.97 -116.343 75340.2 -0.0138081 -0.0206534 -0.0206534 -0.0206534
0.032 -149.114 178.876 4650.86 -117.879 74863.6 -0.013991 -0.0210086 -0.0210086 -0.0210086
0.033 -149.127 179.812 4509.85 -119.3 74009.1 -0.0141601 -0.0213511 -0.0213511 -0.0213511
0.034 -149.14 180.748 4377.13 -120.609 72918.7 -0.0143158 -0.0216812 -0.0216812 -0.0216812
0.035 -149.154 181.685 4251.99 -121.809 71682.6 -0.0144584 -0.0219994 -0.0219994 -0.0219994
0.036 -149.167 182.621 4133.81 -122.901 70361.3 -0.0145883 -0.0223061 -0.0223061 -0.0223061
0.037 -149.181 183.557 4022.01 -123.89 68995.7 -0.0147057 -0.0226016 -0.0226016 -0.0226016
0.038 -149.195 184.494 3916.1 -124.777 67613.5 -0.0148109 -0.0228863 -0.0228863 -0.0228863
0.039 -149.209 185.43 3815.62 -125.565 66233.8 -0.0149044 -0.0231605 -0.0231605 -0.0231605
0.04 -149.223 186.366 3720.16 -126.256 64869.4 -0.0149862 -0.0234246 -0.0234246 -0.0234246
0.041 -149.237 187.303 3629.36 -126.852 63529.2 -0.0150567 -0.023679 -0.023679 -0.023679
0.042 -149.251 188.239 3542.88 -127.356 62218.9 -0.0151162 -0.0239238 -0.0239238 -0.0239238
0.043 -149.265 189.175 3460.43 -127.77 60942.1 -0.015165 -0.0241596 -0.0241596 -0.0241596
0.044 -149.279 190.112 3381.72 -128.096 59701.2 -0.0152031 -0.0243864 -0.0243864 -0.0243864
0.045 -149.294 191.048 3306.51 -128.335 58497.3 -0.0152311 -0.0246046 -0.0246046 -0.0246046
0.046 -149.308 191.985 3234.58 -128.49 57330.7 -0.0152489 -0.0248145 -0.0248145 -0.0248145
0.047 -149.322 192.921 3165.7 -128.563 56201.3 -0.0152569 -0.0250164 -0.0250164 -0.0250164
0.048 -149.337 193.858 3099.7 -128.556 55108.6 -0.0152553 -0.0252104 -0.0252104 -0.0252104
0.049 -149.351 194.794 3036.39 -128.47 54051.8 -0.0152443 -0.0253969 -0.0253969 -0.0253969
0.05 -149.365 195.731 2975.61 -128.307 53030 -0.0152241 -0.025576 -0.025576 -0.025576
0.051 -149.379 196.667 2917.22 -128.068 52042.1 -0.015195 -0.025748 -0.025748 -0.025748
0.052 -149.394 197.604 2861.08 -127.756 51086.9 -0.015157 -0.0259131 -0.0259131 -0.0259131
0.053 -149.408 198.541 2807.05 -127.371 50163.3 -0.0151103 -0.0260715 -0.0260715 -0.0260715
0.054 -149.422 199.478 2755.03 -126.916 49270 -0.0150553 -0.0262234 -0.0262234 -0.0262234
0.055 -149.436 200.414 2704.9 -126.391 48405.9 -0.014992 -0.0263691 -0.0263691 -0.0263691
0.056 -149.45 201.351 2656.56 -125.798 47569.8 -0.0149206 -0.0265086 -0.0265086 -0.0265086
0.057 -149.464 202.288 2609.92 -125.139 46760.5 -0.0148412 -0.0266422 -0.0266422 -0.0266422
0.058 -149.478 203.225 2564.89 -124.414 45977.1 -0.0147541 -0.02677 -0.02677 -0.02677
0.059 -149.492 204.163 2521.38 -123.626 45218.3 -0.0146593 -0.0268922 -0.0268922 -0.0268922
0.06 -149.505 205.1 2479.33 -122.774 44483.1 -0.014557 -0.0270089 -0.0270089 -0.0270089
0.061 -149.519 206.037 2438.66 -121.861 43770.7 -0.0144474 -0.0271204 -0.0271204 -0.0271204
0.062 -149.532 206.974 2399.3 -120.887 43080 -0.0143306 -0.0272267 -0.0272267 -0.0272267
0.063 -149.546 207.912 2361.19 -119.854 42410.1 -0.0142067 -0.027328 -0.027328 -0.027328
0.064 -149.559 208.85 2324.27 -118.762 41760.2 -0.0140759 -0.0274244 -0.0274244 -0.0274244
0.065 -149.572 209.787 2288.5 -117.613 41129.4 -0.0139382 -0.027516 -0.027516 -0.027516
0.066 -149.585 210.725 2253.8 -116.407 40517 -0.0137938 -0.027603 -0.027603 -0.027603
0.067 -149.598 211.663 2220.15 -115.145 39922.3 -0.0136428 -0.0276855 -0.0276855 -0.0276855
0.068 -149.611 212.601 2187.48 -113.828 39344.4 -0.0134853 -0.0277636 -0.0277636 -0.0277636
0.069 -149.623 213.539 2155.77 -112.458 38782.8 -0.0133214 -0.0278373 -0.0278373 -0.0278373
0.07 -149.636 214.477 2124.96 -111.034 38236.7 -0.0131511 -0.0279069 -0.0279069 -0.0279069
0.071 -149.648 215.415 2095.02 -109.558 37705.6 -0.0129747 -0.0279723 -0.0279723 -0.0279723
0.072 -149.66 216.354 2065.91 -108.03 37188.9 -0.0127922 -0.0280337 -0.0280337 -0.0280337
0.073 -149.672 217.292 2037.61 -106.451 36686.1 -0.0126036 -0.0280911 -0.0280911 -0.0280911
0.074 -149.684 218.231 2010.07 -104.822 36196.5 -0.0124091 -0.0281447 -0.0281447 -0.0281447
0.075 -149.695 219.17 1983.26 -103.143 35719.8 -0.0122087 -0.0281945 -0.0281945 -0.0281945
0.076 -149.707 220.109 1957.17 -101.414 35255.4 -0.0120025 -0.0282406 -0.0282406 -0.0282406
0.077 -149.718 221.048 1931.75 -99.6373 34802.8 -0.0117905 -0.028283 -0.028283 -0.028283
0.078 -149.729 221.987 1906.99 -97.812 34361.7 -0.0115729 -0.0283218 -0.0283218 -0.0283218
0.079 -149.739 222.926 1882.85 -95.9391 33931.6 -0.0113496 -0.028357 -0.028357 -0.028357
0.08 -149.75 223.866 1859.32 -94.0189 33512.1 -0.0111208 -0.0283888 -0.0283888 -0.0283888
0.081 -149.76 224.805 1836.37 -92.0518 33102.8 -0.0108865 -0.0284172 -0.0284172 -0.0284172
0.082 -149.77 225.745 1813.99 -90.0383 32703.5 -0.0106468 -0.0284421 -0.0284421 -0.0284421
0.083 -149.78 226.685 1792.14 -87.9785 32313.6 -0.0104016 -0.0284637 -0.0284637 -0.0284637
0.084 -149.79 227.625 1770.82 -85.873 31933 -0.0101511 -0.028482 -0.028482 -0.028482
0.085 -149.799 228.565 1750 -83.7218 31561.3 -0.00989519 -0.028497 -0.028497 -0.028497
0.086 -149.809 229.505 1729.67 -81.5252 31198.1 -0.00963401 -0.0285087 -0.0285087 -0.0285087
0.087 -149.818 230.446 1709.8 -79.2836 30843.3 -0.00936756 -0.0285171 -0.0285171 -0.0285171
0.088 -149.826 231.387 1690.39 -76.9969 30496.5 -0.00909585 -0.0285224 -0.0285224 -0.0285224
0.089 -149.835 232.327 1671.42 -74.6654 30157.4 -0.00881892 -0.0285245 -0.0285245 -0.0285245
0.09 -149.843 233.268 1652.87 -72.2892 29825.9 -0.00853678 -0.0285233 -0.0285233 -0.0285233
0.091 -149.851 234.21 1634.73 -69.8683 29501.6 -0.00824945 -0.028519 -0.028519 -0.028519
0.092 -149.858 235.151 1616.99 -67.4028 29184.4 -0.00795693 -0.0285115 -0.0285115 -0.0285115
0.093 -149.866 236.092 1599.63 -64.8926 28874 -0.00765923 -0.0285008 -0.0285008 -0.0285008
0.094 -149.873 237.034 1582.64 -62.3378 28570.2 -0.00735635 -0.0284869 -0.0284869 -0.0284869
0.095 -149.88 237.976 1566.01 -59.7383 28272.8 -0.00704829 -0.0284698 -0.0284698 -0.0284698
0.096 -149.886 238.918 1549.73 -57.094 27981.7 -0.00673505 -0.0284495 -0.0284495 -0.0284495
0.097 -149.892 239.86 1533.79 -54.4048 27696.5 -0.00641661 -0.028426 -0.028426 -0.028426
0.098 -149.898 240.803 1518.17 -51.6704 27417.2 -0.00609297 -0.0283993 -0.0283993 -0.0283993
0.099 -149.904 241.745 1502.87 -48.8908 27143.5 -0.0057641 -0.0283692 -0.0283692 -0.0283692
0.1 -149.909 242.688 1487.88 -46.0657 26875.4 -0.00542999 -0.0283359 -0.0283359 -0.0283359
0.101 -149.914 243.631 1473.19 -43.1948 26612.6 -0.00509062 -0.0282993 -0.0282993 -0.0282993
0.102 -149.919 244.574 1458.79 -40.2778 26355 -0.00474594 -0.0282593 -0.0282593 -0.0282593
0.103 -149.923 245.518 1444.67 -37.3144 26102.4 -0.00439594 -0.0282159 -0.0282159 -0.0282159
0.104 -149.927 246.462 1430.82 -34.3043 25854.7 -0.00404057 -0.0281691 -0.0281691 -0.0281691
0.105 -149.931 247.405 1417.24 -31.247 25611.8 -0.0036798 -0.0281187 -0.0281187 -0.0281187
0.106 -149.934 248.349 1403.92 -28.1422 25373.5 -0.00331358 -0.0280649 -0.0280649 -0.0280649
0.107 -149.937 249.294 1390.85 -24.9893 25139.7 -0.00294187 -0.0280074 -0.0280074 -0.0280074
0.108 -149.939 250.238 1378.02 -21.7878 24910.3 -0.00256461 -0.0279463 -0.0279463 -0.0279463
0.109 -149.942 251.183 1365.43 -18.5373 24685.2 -0.00218175 -0.0278815 -0.0278815 -0.0278815
0.11 -149.944 252.128 1353.07 -15.2371 24464.2 -0.00179322 -0.0278129 -0.0278129 -0.0278129
0.111 -149.945 253.073 1340.94 -11.8867 24247.2 -0.00139898 -0.0277405 -0.0277405 -0.0277405
0.112 -149.946 254.019 1329.02 -8.48536 24034.2 -0.000998943 -0.0276642 -0.0276642 -0.0276642
0.113 -149.947 254.964 1317.32 -5.0325 23825 -0.000593047 -0.0275838 -0.0275838 -0.0275838
0.114 -149.947 255.91 1305.83 -1.52739 23619.5 -0.000181217 -0.0274994 -0.0274994 -0.0274994
0.115 -149.947 256.856 1294.53 2.03072 23417.7 0.000236627 -0.0274108 -0.0274108 -0.0274108
0.116 -149.947 257.803 1283.44 5.6426 23219.4 0.000660565 -0.027318 -0.027318 -0.027318
0.117 -149.946 258.749 1272.53 9.30906 23024.5 0.00109068 -0.0272208 -0.0272208 -0.0272208
0.118 -149.945 259.696 1261.81 13.0309 22833.1 0.00152707 -0.0271192 -0.0271192 -0.0271192
0.119 -149.943 260.643 1251.28 16.8091 22644.9 0.00196983 -0.027013 -0.027013 -0.027013
0.12 -149.941 261.591 1240.92 20.6445 22459.9 0.00241904 -0.0269022 -0.0269022 -0.0269022
0.121 -149.938 262.538 1230.74 24.5381 22278.1 0.00287482 -0.0267866 -0.0267866 -0.0267866
0.122 -149.936 263.486 1220.72 28.4908 22099.3 0.00333727 -0.0266662 -0.0266662 -0.0266662
0.123 -149.932 264.435 1210.87 32.5037 21923.5 0.00380649 -0.0265408 -0.0265408 -0.0265408
0.124 -149.928 265.383 1201.19 36.5777 21750.6 0.0042826 -0.0264102 -0.0264102 -0.0264102
0.125 -149.924 266.332 1191.65 40.7141 21580.5 0.00476571 -0.0262745 -0.0262745 -0.0262745
0.126 -149.919 267.281 1182.28 44.9139 21413.3 0.00525595 -0.0261334 -0.0261334 -0.0261334
0.127 -149.914 268.23 1173.05 49.1783 21248.7 0.00575344 -0.0259868 -0.0259868 -0.0259868
0.128 -149.908 269.18 1163.97 53.5084 21086.8 0.0062583 -0.0258346 -0.0258346 -0.0258346
0.129 -149.902 270.13 1155.03 57.9055 20927.5 0.00677066 -0.0256766 -0.0256766 -0.0256766
0.13 -149.895 271.08 1146.23 62.3709 20770.7 0.00729067 -0.0255127 -0.0255127 -0.0255127
0.131 -149.888 272.03 1137.57 66.9058 20616.4 0.00781845 -0.0253428 -0.0253428 -0.0253428
0.132 -149.881 272.981 1129.04 71.5115 20464.5 0.00835415 -0.0251667 -0.0251667 -0.0251667
0.133 -149.872 273.932 1120.64 76.1894 20315 0.00889791 -0.0249842 -0.0249842 -0.0249842
0.134 -149.864 274.883 1112.37 80.9409 20167.8 0.00944988 -0.0247952 -0.0247952 -0.0247952
0.135 -149.854 275.835 1104.22 85.7675 20022.9 0.0100102 -0.0245995 -0.0245995 -0.0245995
0.136 -149.845 276.787 1096.2 90.6704 19880.2 0.0105791 -0.024397 -0.024397 -0.024397
0.137 -149.834 277.739 1088.29 95.6514 19739.7 0.0111566 -0.0241875 -0.0241875 -0.0241875
0.138 -149.823 278.692 1080.51 100.712 19601.3 0.011743 -0.0239708 -0.0239708 -0.0239708
0.139 -149.812 279.645 1072.83 105.853 19465 0.0123383 -0.0237467 -0.0237467 -0.0237467
0.14 -149.8 280.598 1065.27 111.077 19330.8 0.0129428 -0.0235151 -0.0235151 -0.0235151
0.141 -149.787 281.552 1057.82 116.385 19198.5 0.0135567 -0.0232758 -0.0232758 -0.0232758
0.142 -149.774 282.506 1050.48 121.779 19068.3 0.0141801 -0.0230286 -0.0230286 -0.0230286
0.143 -149.76 283.46 1043.24 127.261 18939.9 0.0148131 -0.0227733 -0.0227733 -0.0227733
0.144 -149.746 284.415 1036.1 132.831 18813.4 0.015456 -0.0225097 -0.0225097 -0.0225097
0.145 -149.731 285.37 1029.07 138.493 18688.8 0.016109 -0.0222376 -0.0222376 -0.0222376
0.146 -149.715 286.325 1022.13 144.247 18566 0.0167722 -0.0219568 -0.0219568 -0.0219568
0.147 -149.699 287.281 1015.29 150.095 18444.9 0.0174457 -0.0216672 -0.0216672 -0.0216672
0.148 -149.682 288.237 1008.55 156.04 18325.6 0.0181299 -0.0213685 -0.0213685 -0.0213685
0.149 -149.664 289.193 1001.9 162.082 18208.1 0.0188249 -0.0210604 -0.0210604 -0.0210604
0.15 -149.646 290.15 995.334 168.225 18092.2 0.0195309 -0.0207429 -0.0207429 -0.0207429
0.151 -149.626 291.107 988.863 174.469 17977.9 0.020248 -0.0204157 -0.0204157 -0.0204157
0.152 -149.607 292.065 982.479 180.817 17865.2 0.0209765 -0.0200785 -0.0200785 -0.0200785
0.153 -149.586 293.023 976.182 187.27 17754.2 0.0217165 -0.0197312 -0.0197312 -0.0197312
0.154 -149.565 293.981 969.968 193.83 17644.7 0.0224684 -0.0193735 -0.0193735 -0.0193735
0.155 -149.543 294.94 963.837 200.5 17536.7 0.0232322 -0.0190053 -0.0190053 -0.0190053
0.156 -149.521 295.899 957.788 207.281 17430.3 0.0240081 -0.0186262 -0.0186262 -0.0186262
0.157 -149.497 296.858 951.818 214.176 17325.3 0.0247964 -0.0182361 -0.0182361 -0.0182361
0.158 -149.473 297.818 945.926 221.185 17221.7 0.0255973 -0.0178348 -0.0178348 -0.0178348
0.159 -149.448 298.779 940.11 228.312 17119.6 0.026411 -0.0174219 -0.0174219 -0.0174219
0.16 -149.422 299.739 934.37 235.558 17018.9 0.0272376 -0.0169974 -0.0169974 -0.0169974
0.161 -149.396 300.7 928.704 242.925 16919.6 0.0280775 -0.0165608 -0.0165608 -0.0165608
0.162 -149.368 301.662 923.11 250.416 16821.6 0.0289307 -0.0161122 -0.0161122 -0.0161122
0.163 -149.34 302.624 917.588 258.032 16725 0.0297975 -0.0156511 -0.0156511 -0.0156511
0.164 -149.311 303.586 912.135 265.775 16629.6 0.030678 -0.0151773 -0.0151773 -0.0151773
0.165 -149.281 304.549 906.752 273.648 16535.6 0.0315726 -0.0146907 -0.0146907 -0.0146907
0.166 -149.25 305.512 901.435 281.652 16442.8 0.0324814 -0.0141909 -0.0141909 -0.0141909
0.167 -149.218 306.476 896.185 289.79 16351.2 0.0334046 -0.0136779 -0.0136779 -0.0136779
0.168 -149.186 307.44 891 298.063 16260.9 0.0343424 -0.0131512 -0.0131512 -0.0131512
0.169 -149.152 308.405 885.88 306.474 16171.8 0.035295 -0.0126107 -0.0126107 -0.0126107
0.17 -149.118 309.37 880.822 315.024 16083.9 0.0362627 -0.0120562 -0.0120562 -0.0120562
0.171 -149.082 310.335 875.826 323.716 15997.1 0.0372455 -0.0114874 -0.0114874 -0.0114874
0.172 -149.046 311.301 870.89 332.552 15911.5 0.0382437 -0.010904 -0.010904 -0.010904
0.173 -149.008 312.268 866.015 341.533 15827 0.0392575 -0.010306 -0.010306 -0.010306
0.174 -148.97 313.234 861.198 350.662 15743.7 0.040287 -0.00969294 -0.00969294 -0.00969294
0.175 -148.93 314.202 856.439 359.941 15661.4 0.0413326 -0.00906471 -0.00906471 -0.00906471
0.176 -148.89 315.17 851.737 369.371 15580.2 0.0423942 -0.00842105 -0.00842105 -0.00842105
0.177 -148.848 316.138 847.091 378.955 15500.1 0.0434723 -0.00776174 -0.00776174 -0.00776174
0.178 -148.806 317.107 842.5 388.694 15421 0.0445668 -0.00708657 -0.00708657 -0.00708657
0.179 -148.762 318.076 837.962 398.591 15342.9 0.045678 -0.00639531 -0.00639531 -0.00639531
0.18 -148.717 319.046 833.479 408.646 15265.9 0.046806 -0.00568775 -0.00568775 -0.00568775
0.181 -148.671 320.016 829.047 418.863 15189.9 0.0479511 -0.00496368 -0.00496368 -0.00496368
0.182 -148.624 320.987 824.667 429.243 15114.8 0.0491133 -0.00422289 -0.00422289 -0.00422289
0.183 -148.576 321.959 820.337 439.788 15040.8 0.0502929 -0.00346518 -0.00346518 -0.00346518
0.184 -148.526 322.931 816.058 450.499 14967.6 0.0514899 -0.00269034 -0.00269034 -0.00269034
0.185 -148.475 323.903 811.828 461.378 14895.5 0.0527046 -0.00189818 -0.00189818 -0.00189818
0.186 -148.424 324.876 807.646 472.428 14824.2 0.0539371 -0.0010885 -0.0010885 -0.0010885
0.187 -148.37 325.85 803.511 483.648 14753.9 0.0551874 -0.000261131 -0.000261131 -0.000261131
0.188 -148.316 326.824 799.424 495.042 14684.5 0.0564558 0.000584123 0.000584123 0.000584123
0.189 -148.26 327.798 795.383 506.61 14616 0.0577423 0.00144743 0.00144743 0.00144743
0.19 -148.203 328.773 791.387 518.354 14548.3 0.0590471 0.00232897 0.00232897 0.00232897
0.191 -148.145 329.749 787.436 530.276 14481.5 0.0603703 0.0032289 0.0032289 0.0032289
0.192 -148.086 330.726 783.529 542.376 14415.6 0.0617119 0.00414738 0.00414738 0.00414738
0.193 -148.025 331.702 779.665 554.657 14350.5 0.0630721 0.00508455 0.00508455 0.00508455
0.194 -147.962 332.68 775.844 567.119 14286.3 0.064451 0.00604057 0.00604057 0.00604057
0.195 -147.899 333.658 772.066 579.763 14222.8 0.0658486 0.00701557 0.00701557 0.00701557
0.196 -147.834 334.636 768.329 592.592 14160.2 0.0672649 0.00800969 0.00800969 0.00800969
0.197 -147.767 335.616 764.633 605.605 14098.4 0.0687002 0.00902303 0.00902303 0.00902303
0.198 -147.699 336.596 760.977 618.804 14037.3 0.0701543 0.0100557 0.0100557 0.0100557
0.199 -147.629 337.576 757.362 632.19 13977.1 0.0716274 0.0111079 0.0111079 0.0111079
0.2 -147.558 338.557 753.785 645.764 13917.6 0.0731194 0.0121795 0.0121795 0.0121795
0.201 -147.486 339.539 750.247 659.525 13858.8 0.0746305 0.0132709 0.0132709 0.0132709
0.202 -147.412 340.521 746.747 673.476 13800.8 0.0761605 0.0143819 0.0143819 0.0143819
0.203 -147.336 341.504 743.285 687.617 13743.5 0.0777096 0.0155127 0.0155127 0.0155127
0.204 -147.259 342.487 739.86 701.948 13687 0.0792777 0.0166634 0.0166634 0.0166634
0.205 -147.18 343.472 736.471 716.469 13631.1 0.0808648 0.017834 0.017834 0.017834
0.206 -147.1 344.456 733.118 731.181 13576 0.0824708 0.0190245 0.0190245 0.0190245
0.207 -147.018 345.442 729.801 746.085 13521.5 0.0840958 0.020235 0.020235 0.020235
0.208 -146.934 346.428 726.519 761.18 13467.7 0.0857397 0.0214654 0.0214654 0.0214654
0.209 -146.849 347.415 723.272 776.467 13414.7 0.0874024 0.0227159 0.0227159 0.0227159
0.21 -146.762 348.402 720.059 791.946 13362.2 0.0890838 0.0239863 0.0239863 0.0239863
0.211 -146.673 349.39 716.879 807.616 13310.5 0.0907839 0.0252768 0.0252768 0.0252768
0.212 -146.582 350.379 713.733 823.477 13259.3 0.0925025 0.0265872 0.0265872 0.0265872
0.213 -146.49 351.369 710.619 839.529 13208.8 0.0942397 0.0279175 0.0279175 0.0279175
0.214 -146.395 352.359 707.538 855.772 13159 0.0959951 0.0292677 0.0292677 0.0292677
0.215 -146.299 353.35 704.488 872.205 13109.7 0.0977688 0.0306377 0.0306377 0.0306377
0.216 -146.202 354.342 701.47 888.827 13061.1 0.0995606 0.0320274 0.0320274 0.0320274
0.217 -146.102 355.334 698.484 905.639 13013 0.10137 0.0334369 0.0334369 0.0334369
0.218 -146 356.327 695.528 922.639 12965.6 0.103198 0.0348659 0.0348659 0.0348659
0.219 -145.897 357.321 692.602 939.826 12918.7 0.105043 0.0363144 0.0363144 0.0363144
0.22 -145.792 358.315 689.706 957.199 12872.4 0.106905 0.0377823 0.0377823 0.0377823
0.221 -145.684 359.311 686.84 974.757 12826.7 0.108785 0.0392694 0.0392694 0.0392694
0.222 -145.575 360.307 684.003 992.5 12781.5 0.110682 0.0407755 0.0407755 0.0407755
0.223 -145.464 361.303 681.195 1010.42 12736.9 0.112595 0.0423007 0.0423007 0.0423007
0.224 -145.35 362.301 678.415 1028.53 12692.9 0.114525 0.0438446 0.0438446 0.0438446
0.225 -145.235 363.299 675.663 1046.82 12649.3 0.116472 0.0454071 0.0454071 0.0454071
0.226 -145.118 364.298 672.94 1065.28 12606.3 0.118434 0.046988 0.046988 0.046988
0.227 -144.998 365.298 670.243 1083.92 12563.8 0.120413 0.0485871 0.0485871 0.0485871
0.228 -144.877 366.299 667.574 1102.74 12521.8 0.122406 0.0502043 0.0502043 0.0502043
0.229 -144.753 367.3 664.931 1121.73 12480.3 0.124415 0.0518392 0.0518392 0.0518392
0.23 -144.628 368.302 662.315 1140.89 12439.3 0.126439 0.0534917 0.0534917 0.0534917
0.231 -144.5 369.305 659.725 1160.22 12398.8 0.128478 0.0551615 0.0551615 0.0551615
0.232 -144.37 370.309 657.161 1179.71 12358.8 0.130531 0.0568484 0.0568484 0.0568484
0.233 -144.238 371.314 654.622 1199.37 12319.2 0.132598 0.0585521 0.0585521 0.0585521
0.234 -144.103 372.319 652.108 1219.19 12280.1 0.134678 0.0602722 0.0602722 0.0602722
0.235 -143.967 373.326 649.62 1239.17 12241.4 0.136772 0.0620087 0.0620087 0.0620087
0.236 -143.828 374.333 647.156 1259.31 12203.2 0.138879 0.063761 0.063761 0.063761
0.237 -143.687 375.341 644.716 1279.6 12165.5 0.140998 0.065529 0.065529 0.065529
0.238 -143.543 376.35 642.301 1300.05 12128.1 0.14313 0.0673123 0.0673123 0.0673123
0.239 -143.398 377.359 639.909 1320.64 12091.2 0.145274 0.0691106 0.0691106 0.0691106
0.24 -143.25 378.37 637.541 1341.38 12054.7 0.147429 0.0709236 0.0709236 0.0709236
0.241 -143.1 379.381 635.196 1362.26 12018.6 0.149595 0.0727508 0.0727508 0.0727508
0.242 -142.947 380.394 632.874 1383.29 11982.9 0.151771 0.0745921 0.0745921 0.0745921
0.243 -142.792 381.407 630.575 1404.45 11947.6 0.153958 0.0764469 0.0764469 0.0764469
0.244 -142.635 382.421 628.298 1425.74 11912.7 0.156155 0.078315 0.078315 0.078315
0.245 -142.476 383.436 626.043 1447.16 11878.2 0.158362 0.0801959 0.0801959 0.0801959
0.246 -142.314 384.451 623.811 1468.72 11844 0.160577 0.0820894 0.0820894 0.0820894
0.247 -142.149 385.468 621.6 1490.39 11810.3 0.162801 0.0839949 0.0839949 0.0839949
0.248 -141.982 386.486 619.411 1512.19 11776.8 0.165033 0.0859121 0.0859121 0.0859121
0.249 -141.813 387.504 617.243 1534.1 11743.8 0.167273 0.0878407 0.0878407 0.0878407
0.25 -141.641 388.524 615.096 1556.13 11711 0.16952 0.0897801 0.0897801 0.0897801
0.251 -141.467 389.544 612.97 1578.27 11678.6 0.171774 0.09173 0.09173 0.09173
0.252 -141.291 390.566 610.864 1600.51 11646.6 0.174034 0.09369 0.09369 0.09369
0.253 -141.112 391.588 608.779 1622.86 11614.8 0.1763 0.0956596 0.0956596 0.0956596
0.254 -140.93 392.611 606.714 1645.3 11583.4 0.178572 0.0976384 0.0976384 0.0976384
0.255 -140.746 393.636 604.669 1667.85 11552.3 0.180849 0.0996261 0.0996261 0.0996261
0.256 -140.559 394.661 602.644 1690.48 11521.5 0.18313 0.101622 0.101622 0.101622
0.257 -140.37 395.687 600.638 1713.2 11491 0.185415 0.103626 0.103626 0.103626
0.258 -140.179 396.714 598.652 1736.01 11460.8 0.187704 0.105637 0.105637 0.105637
0.259 -139.985 397.742 596.684 1758.89 11430.9 0.189997 0.107656 0.107656 0.107656
0.26 -139.788 398.771 594.736 1781.86 11401.2 0.192292 0.109681 0.109681 0.109681
0.261 -139.589 399.801 592.806 1804.89 11371.9 0.194589 0.111712 0.111712 0.111712
0.262 -139.387 400.833 590.895 1828 11342.8 0.196888 0.113749 0.113749 0.113749
0.263 -139.182 401.865 589.003 1851.17 11313.9 0.199189 0.115792 0.115792 0.115792
0.264 -138.975 402.898 587.128 1874.4 11285.3 0.20149 0.117839 0.117839 0.117839
0.265 -138.766 403.932 585.271 1897.69 11257 0.203792 0.119891 0.119891 0.119891
0.266 -138.554 404.967 583.433 1921.03 11228.9 0.206094 0.121946 0.121946 0.121946
0.267 -138.339 406.003 581.612 1944.43 11201.1 0.208396 0.124005 0.124005 0.124005
0.268 -138.122 407.041 579.808 1967.87 11173.4 0.210697 0.126068 0.126068 0.126068
0.269 -137.902 408.079 578.022 1991.35 11146.1 0.212996 0.128132 0.128132 0.128132
0.27 -137.679 409.118 576.252 2014.87 11118.9 0.215294 0.1302 0.1302 0.1302
0.271 -137.454 410.158 574.5 2038.42 11091.9 0.217589 0.132269 0.132269 0.132269
0.272 -137.226 411.2 572.764 2062.01 11065.2 0.219882 0.134339 0.134339 0.134339
0.273 -136.996 412.242 571.046 2085.62 11038.6 0.222172 0.13641 0.13641 0.13641
0.274 -136.763 413.286 569.343 2109.26 11012.3 0.224459 0.138482 0.138482 0.138482
0.275 -136.527 414.331 567.657 2132.92 10986.2 0.226742 0.140554 0.140554 0.140554
0.276 -136.289 415.376 565.987 2156.59 10960.2 0.229021 0.142625 0.142625 0.142625
0.277 -136.048 416.423 564.333 2180.28 10934.5 0.231295 0.144696 0.144696 0.144696
0.278 -135.804 417.471 562.695 2203.97 10908.9 0.233564 0.146766 0.146766 0.146766
0.279 -135.558 418.52 561.072 2227.67 10883.5 0.235827 0.148835 0.148835 0.148835
0.28 -135.309 419.57 559.465 2251.38 10858.2 0.238085 0.150901 0.150901 0.150901
0.281 -135.058 420.622 557.874 2275.08 10833.1 0.240337 0.152965 0.152965 0.152965
0.282 -134.803 421.674 556.297 2298.78 10808.2 0.242582 0.155027 0.155027 0.155027
0.283 -134.547 422.727 554.736 2322.46 10783.5 0.244821 0.157085 0.157085 0.157085
0.284 -134.287 423.782 553.19 2346.14 10758.9 0.247052 0.15914 0.15914 0.15914
0.285 -134.025 424.838 551.658 2369.81 10734.4 0.249276 0.161191 0.161191 0.161191
0.286 -133.761 425.895 550.142 2393.45 10710.1 0.251492 0.163238 0.163238 0.163238
0.287 -133.493 426.953 548.639 2417.08 10686 0.2537 0.165281 0.165281 0.165281
0.288 -133.224 428.012 547.152 2440.68 10661.9 0.255899 0.167319 0.167319 0.167319
0.289 -132.951 429.072 545.678 2464.25 10638 0.25809 0.169352 0.169352 0.169352
0.29 -132.676 430.133 544.219 2487.8 10614.3 0.260271 0.171379 0.171379 0.171379
0.291 -132.398 431.196 542.773 2511.31 10590.6 0.262443 0.1734 0.1734 0.1734
0.292 -132.118 432.26 541.342 2534.79 10567.1 0.264605 0.175416 0.175416 0.175416
0.293 -131.835 433.325 539.924 2558.22 10543.7 0.266758 0.177425 0.177425 0.177425
0.294 -131.549 434.391 538.52 2581.62 10520.4 0.2689 0.179427 0.179427 0.179427
0.295 -131.261 435.458 537.13 2604.97 10497.2 0.271031 0.181422 0.181422 0.181422
0.296 -130.971 436.527 535.753 2628.28 10474.1 0.273152 0.18341 0.18341 0.18341
0.297 -130.677 437.597 534.389 2651.54 10451.1 0.275262 0.18539 0.18539 0.18539
0.298 -130.381 438.667 533.038 2674.74 10428.3 0.277361 0.187363 0.187363 0.187363
0.299 -130.083 439.739 531.701 2697.9 10405.5 0.279448 0.189327 0.189327 0.189327
0.3 -129.782 440.813 530.376 2720.99 10382.8 0.281524 0.191283 0.191283 0.191283
0.301 -129.478 441.887 529.064 2744.03 10360.2 0.283588 0.193231 0.193231 0.193231
0.302 -129.172 442.963 527.765 2767.01 10337.7 0.28564 0.19517 0.19517 0.19517
0.303 -128.863 444.04 526.478 2789.93 10315.3 0.287679 0.197099 0.197099 0.197099
0.304 -128.552 445.118 525.204 2812.78 10293 0.289706 0.19902 0.19902 0.19902
0.305 -128.238 446.198 523.943 2835.56 10270.7 0.291721 0.20093 0.20093 0.20093
0.306 -127.922 447.278 522.693 2858.27 10248.5 0.293722 0.202831 0.202831 0.202831
0.307 -127.603 448.36 521.456 2880.92 10226.4 0.295711 0.204723 0.204723 0.204723
0.308 -127.282 449.443 520.231 2903.49 10204.4 0.297687 0.206604 0.206604 0.206604
0.309 -126.958 450.527 519.018 2925.99 10182.4 0.299649 0.208475 0.208475 0.208475
0.31 -126.632 451.613 517.816 2948.41 10160.5 0.301598 0.210335 0.210335 0.210335
0.311 -126.303 452.7 516.626 2970.75 10138.7 0.303534 0.212185 0.212185 0.212185
0.312 -125.971 453.788 515.448 2993.01 10116.9 0.305456 0.214024 0.214024 0.214024
0.313 -125.638 454.877 514.282 3015.2 10095.2 0.307364 0.215852 0.215852 0.215852
0.314 -125.301 455.968 513.127 3037.3 10073.5 0.309258 0.217669 0.217669 0.217669
0.315 -124.963 457.06 511.983 3059.32 10051.9 0.311138 0.219475 0.219475 0.219475
0.316 -124.621 458.153 510.851 3081.25 10030.4 0.313005 0.221269 0.221269 0.221269
0.317 -124.278 459.247 509.73 3103.09 10008.9 0.314857 0.223052 0.223052 0.223052
0.318 -123.932 460.343 508.619 3124.85 9987.48 0.316695 0.224824 0.224824 0.224824
0.319 -123.583 461.44 507.52 3146.52 9966.09 0.318519 0.226583 0.226583 0.226583
0.32 -123.233 462.538 506.432 3168.1 9944.75 0.320328 0.228331 0.228331 0.228331
0.321 -122.879 463.638 505.354 3189.59 9923.45 0.322123 0.230067 0.230067 0.230067
0.322 -122.524 464.739 504.288 3210.99 9902.2 0.323904 0.231791 0.231791 0.231791
0.323 -122.166 465.841 503.231 3232.29 9880.99 0.32567 0.233502 0.233502 0.233502
0.324 -121.806 466.944 502.186 3253.5 9859.83 0.327421 0.235202 0.235202 0.235202
0.325 -121.443 468.049 501.15 3274.62 9838.7 0.329158 0.236889 0.236889 0.236889
0.326 -121.078 469.155 500.126 3295.64 9817.61 0.33088 0.238564 0.238564 0.238564
0.327 -120.711 470.262 499.111 3316.56 9796.56 0.332588 0.240227 0.240227 0.240227
0.328 -120.341 471.371 498.106 3337.39 9775.54 0.334281 0.241877 0.241877 0.241877
0.329 -119.969 472.481 497.112 3358.11 9754.56 0.335959 0.243515 0.243515 0.243515
0.33 -119.595 473.592 496.128 3378.74 9733.61 0.337622 0.24514 0.24514 0.24514
0.331 -119.218 474.705 495.153 3399.27 9712.7 0.339271 0.246752 0.246752 0.246752
0.332 -118.839 475.819 494.189 3419.71 9691.81 0.340905 0.248352 0.248352 0.248352
0.333 -118.458 476.934 493.234 3440.04 9670.96 0.342525 0.249939 0.249939 0.249939
0.334 -118.075 478.05 492.289 3460.27 9650.13 0.34413 0.251514 0.251514 0.251514
0.335 -117.689 479.168 491.353 3480.4 9629.33 0.34572 0.253075 0.253075 0.253075
0.336 -117.301 480.288 490.427 3500.43 9608.56 0.347295 0.254624 0.254624 0.254624
0.337 -116.911 481.408 489.511 3520.35 9587.82 0.348856 0.256161 0.256161 0.256161
0.338 -116.519 482.53 488.604 3540.18 9567.1 0.350402 0.257684 0.257684 0.257684
0.339 -116.125 483.653 487.706 3559.9 9546.41 0.351934 0.259195 0.259195 0.259195
0.34 -115.728 484.778 486.817 3579.52 9525.74 0.353451 0.260693 0.260693 0.260693
0.341 -115.329 485.904 485.938 3599.04 9505.1 0.354954 0.262178 0.262178 0.262178
0.342 -114.928 487.031 485.067 3618.45 9484.47 0.356442 0.26365 0.26365 0.26365
0.343 -114.525 488.16 484.206 3637.76 9463.88 0.357916 0.26511 0.26511 0.26511
0.344 -114.12 489.29 483.354 3656.97 9443.3 0.359375 0.266557 0.266557 0.266557
0.345 -113.712 490.421 482.51 3676.08 9422.74 0.36082 0.267991 0.267991 0.267991
0.346 -113.303 491.554 481.675 3695.08 9402.2 0.362251 0.269413 0.269413 0.269413
0.347 -112.891 492.688 480.849 3713.98 9381.69 0.363667 0.270822 0.270822 0.270822
0.348 -112.478 493.823 480.032 3732.78 9361.19 0.36507 0.272218 0.272218 0.272218
0.349 -112.062 494.96 479.223 3751.47 9340.71 0.366458 0.273601 0.273601 0.273601
0.35 -111.644 496.098 478.423 3770.06 9320.25 0.367832 0.274972 0.274972 0.274972
0.351 -111.224 497.238 477.631 3788.54 9299.81 0.369193 0.276331 0.276331 0.276331
0.352 -110.802 498.378 476.848 3806.93 9279.39 0.370539 0.277677 0.277677 0.277677
0.353 -110.378 499.521 476.073 3825.21 9258.99 0.371872 0.27901 0.27901 0.27901
0.354 -109.952 500.664 475.306 3843.39 9238.6 0.37319 0.280331 0.280331 0.280331
0.355 -109.524 501.809 474.547 3861.46 9218.23 0.374496 0.28164 0.28164 0.28164
0.356 -109.094 502.956 473.797 3879.44 9197.87 0.375787 0.282936 0.282936 0.282936
0.357 -108.662 504.103 473.054 3897.31 9177.54 0.377065 0.28422 0.28422 0.28422
0.358 -108.228 505.252 472.32 3915.08 9157.22 0.37833 0.285491 0.285491 0.285491
0.359 -107.792 506.403 471.593 3932.75 9136.91 0.379581 0.286751 0.286751 0.286751
0.36 -107.354 507.555 470.875 3950.31 9116.64 0.380819 0.287998 0.287998 0.287998
0.361 -106.914 508.708 470.164 3967.78 9096.75 0.382052 0.289234 0.289234 0.289234
0.362 -106.472 509.863 469.461 3985.15 9086.42 0.383462 0.290457 0.290457 0.290457
0.363 -106.028 511.019 468.765 4002.41 9086.34 0.385058 0.291668 0.291668 0.291668
0.364 -105.583 512.176 468.078 4019.58 9090.49 0.386712 0.292868 0.292868 0.292868
0.365 -105.135 513.335 467.398 4036.64 9098.52 0.388414 0.294055 0.294055 0.294055
0.366 -104.686 514.495 466.725 4053.61 9109.63 0.390148 0.295231 0.295231 0.295231
0.367 -104.234 515.657 466.06 4070.48 9123.55 0.391906 0.296395 0.296395 0.296395
0.368 -103.781 516.82 465.402 4087.25 9140.05 0.393682 0.297548 0.297548 0.297548
0.369 -103.326 517.984 464.752 4103.92 9158.92 0.395472 0.298689 0.298689 0.298689
0.37 -102.869 519.15 464.108 4120.5 9180.22 0.397274 0.299819 0.299819 0.299819
0.371 -102.41 520.317 463.473 4136.97 9203.24 0.399079 0.300937 0.300937 0.300937
0.372 -101.95 521.486 462.844 4153.35 9207.5 0.400693 0.302043 0.302043 0.302043
0.373 -101.487 522.656 462.222 4169.64 9012.31 0.400448 0.303139 0.303139 0.303139
0.374 -101.023 523.827 461.608 4185.83 8683.04 0.399007 0.304223 0.304223 0.304223
0.375 -100.557 525 461 4201.92 8285 0.397017 0.305296 0.305296 0.305296
0.376 -100.09 526.174 460.4 4217.92 7827.81 0.394581 0.306359 0.306359 0.306359
0.377 -99.62 527.35 459.806 4233.82 7321.79 0.391806 0.30741 0.30741 0.30741
0.378 -99.1487 528.527 459.219 4249.65 6771.65 0.388745 0.308451 0.308451 0.308451
0.379 -98.6756 529.705 458.639 4265.29 6181.03 0.385441 0.309476 0.309476 0.309476
0.38 -98.2008 530.885 458.066 4281.21 5552.41 0.381923 0.310513 0.310513 0.310513
0.381 -97.7243 532.066 457.5 4295.63 4887.64 0.378215 0.31145 0.31145 0.31145
0.382 -97.2461 533.249 456.94 4315.22 4188.14 0.374336 0.312713 0.312713 0.312713
0.383 -96.7753 534.432 456.383 4067.26 3551.71 0.3703 0.296988 0.296988 0.296988
0.384 -96.3439 535.61 455.818 3774.4 3322.86 0.36612 0.278283 0.278283 0.278283
0.385 -95.9287 536.787 455.252 3692.57 3266.7 0.361807 0.273025 0.273025 0.273025
0.386 -95.5232 537.963 454.688 3614.64 3320.32 0.357369 0.268008 0.268008 0.268008
0.387 -95.1245 539.14 454.126 3563.37 3456.21 0.352814 0.264704 0.264704 0.264704
0.388 -94.731 540.317 453.569 3521.55 3659.8 0.348148 0.262003 0.262003 0.262003
0.389 -94.3416 541.494 453.014 3488.33 3921.88 0.343379 0.259855 0.259855 0.259855
0.39 -93.9556 542.671 452.464 3460.84 4236.12 0.338511 0.258075 0.258075 0.258075
0.391 -93.5723 543.849 451.918 3437.89 4598.1 0.333547 0.256587 0.256587 0.256587
0.392 -93.1915 545.027 451.375 3418.49 5004.12 0.328495 0.255327 0.255327 0.255327
0.393 -92.8126 546.206 450.837 3401.97 5452.32 0.323354 0.254253 0.254253 0.254253
0.394 -92.4354 547.386 450.303 3387.83 5838.25 0.318984 0.253332 0.253332 0.253332
0.395 -92.0597 548.566 449.774 3375.69 6021.09 0.316522 0.252539 0.252539 0.252539
0.396 -91.6852 549.747 449.249 3365.26 6148.34 0.314677 0.251856 0.251856 0.251856
0.397 -91.3118 550.928 448.728 3356.28 6233.33 0.313308 0.251267 0.251267 0.251267
0.398 -90.9393 552.11 448.212 3348.58 6292.73 0.312262 0.250759 0.250759 0.250759
0.399 -90.5676 553.293 447.699 3341.99 6332.28 0.311474 0.250323 0.250323 0.250323
0.4 -90.1966 554.477 447.192 3336.39 6356.63 0.310895 0.249949 0.249949 0.249949
0.401 -89.8261 555.661 446.688 3331.66 6368.64 0.310491 0.249632 0.249632 0.249632
0.402 -89.4562 556.846 446.189 3327.71 6370.43 0.310235 0.249365 0.249365 0.249365
0.403 -89.0866 558.032 445.694 3324.47 6363.58 0.310108 0.249142 0.249142 0.249142
0.404 -88.7174 559.218 445.204 3321.86 6349.42 0.31009 0.24896 0.24896 0.24896
0.405 -88.3484 560.406 444.718 3319.82 6339 0.310008 0.248814 0.248814 0.248814
0.406 -87.9796 561.594 444.236 3318.31 6336.69 0.309801 0.248702 0.248702 0.248702
0.407 -87.611 562.783 443.758 3317.27 6334.45 0.309601 0.248619 0.248619 0.248619
0.408 -87.2424 563.972 443.285 3316.68 6332.3 0.309409 0.248564 0.248564 0.248564
0.409 -86.8739 565.163 442.816 3316.48 6329.54 0.309238 0.248535 0.248535 0.248535
0.41 -86.5054 566.354 442.351 3316.66 6326.12 0.309088 0.248529 0.248529 0.248529
0.411 -86.1369 567.546 441.89 3317.18 6321.99 0.308962 0.248544 0.248544 0.248544
0.412 -85.7683 568.739 441.433 3318.02 6317.17 0.308858 0.248579 0.248579 0.248579
0.413 -85.3995 569.932 440.981 3319.15 6311.68 0.308776 0.248632 0.248632 0.248632
0.414 -85.0307 571.127 440.533 3320.56 6305.58 0.308716 0.248702 0.248702 0.248702
0.415 -84.6616 572.322 440.088 3322.22 6298.9 0.308676 0.248787 0.248787 0.248787
0.416 -84.2924 573.518 439.648 3324.12 6291.7 0.308656 0.248888 0.248888 0.248888
0.417 -83.9229 574.714 439.212 3326.24 6284.02 0.308654 0.249002 0.249002 0.249002
0.418 -83.5532 575.912 438.78 3328.57 6275.9 0.30867 0.249128 0.249128 0.249128
0.419 -83.1832 577.11 438.352 3331.09 6267.38 0.308702 0.249267 0.249267 0.249267
0.42 -82.813 578.309 437.927 3333.8 6258.49 0.30875 0.249416 0.249416 0.249416
0.421 -82.4424 579.509 437.507 3336.68 6249.28 0.308812 0.249576 0.249576 0.249576
0.422 -82.0715 580.71 437.091 3339.72 6239.76 0.308889 0.249745 0.249745 0.249745
0.423 -81.7002 581.912 436.678 3342.92 6229.97 0.308978 0.249923 0.249923 0.249923
0.424 -81.3286 583.114 436.27 3346.26 6219.94 0.30908 0.25011 0.25011 0.25011
0.425 -80.9566 584.318 435.865 3349.73 6209.67 0.309194 0.250305 0.250305 0.250305
0.426 -80.5842 585.522 435.464 3353.34 6199.21 0.309319 0.250507 0.250507 0.250507
0.427 -80.2114 586.727 435.067 3357.06 6188.55 0.309454 0.250717 0.250717 0.250717
0.428 -79.8382 587.932 434.673 3360.9 6177.73 0.309599 0.250933 0.250933 0.250933
0.429 -79.4645 589.139 434.284 3364.85 6166.76 0.309754 0.251155 0.251155 0.251155
0.43 -79.0904 590.346 433.898 3368.91 6155.65 0.309917 0.251383 0.251383 0.251383
0.431 -78.7159 591.554 433.516 3373.06 6144.42 0.310089 0.251616 0.251616 0.251616
0.432 -78.3409 592.763 433.137 3377.3 6133.07 0.310269 0.251855 0.251855 0.251855
0.433 -77.9654 593.973 432.762 3381.64 6121.62 0.310457 0.252098 0.252098 0.252098
0.434 -77.5894 595.184 432.391 3386.05 6110.08 0.310651 0.252346 0.252346 0.252346
0.435 -77.2129 596.395 432.023 3390.55 6098.45 0.310853 0.252598 0.252598 0.252598
0.436 -76.8359 597.607 431.659 3395.12 6086.76 0.311061 0.252855 0.252855 0.252855
0.437 -76.4584 598.821 431.299 3399.77 6074.99 0.311275 0.253115 0.253115 0.253115
0.438 -76.0804 600.035 430.942 3404.49 6063.17 0.311495 0.253379 0.253379 0.253379
0.439 -75.7019 601.249 430.588 3409.27 6051.3 0.31172 0.253646 0.253646 0.253646
0.44 -75.3228 602.465 430.238 3414.11 6039.38 0.311951 0.253917 0.253917 0.253917
0.441 -74.9432 603.681 429.892 3419.01 6027.42 0.312187 0.25419 0.25419 0.25419
0.442 -74.563 604.899 429.549 3423.97 6015.43 0.312427 0.254466 0.254466 0.254466
0.443 -74.1823 606.117 429.209 3428.99 6003.41 0.312672 0.254745 0.254745 0.254745
0.444 -73.801 607.336 428.873 3434.05 5991.36 0.312921 0.255027 0.255027 0.255027
0.445 -73.4192 608.555 428.54 3439.17 5979.29 0.313175 0.255311 0.255311 0.255311
0.446 -73.0368 609.776 428.211 3444.33 5967.2 0.313432 0.255597 0.255597 0.255597
0.447 -72.6538 610.997 427.884 3449.54 5955.1 0.313692 0.255885 0.255885 0.255885
0.448 -72.2702 612.22 427.562 3454.79 5942.99 0.313957 0.256175 0.256175 0.256175
0.449 -71.886 613.443 427.242 3460.09 5930.87 0.314224 0.256467 0.256467 0.256467
0.45 -71.5013 614.667 426.926 3465.42 5918.74 0.314495 0.25676 0.25676 0.25676
0.451 -71.116 615.891 426.613 3470.79 5906.61 0.314768 0.257056 0.257056 0.257056
0.452 -70.73 617.117 426.303 3476.2 5894.49 0.315045 0.257352 0.257352 0.257352
0.453 -70.3435 618.343 425.996 3481.64 5882.36 0.315324 0.257651 0.257651 0.257651
0.454 -69.9563 619.57 425.693 3487.11 5870.24 0.315606 0.25795 0.25795 0.25795
0.455 -69.5685 620.799 425.392 3492.62 5858.13 0.31589 0.258251 0.258251 0.258251
0.456 -69.1802 622.027 425.095 3498.15 5846.02 0.316176 0.258553 0.258553 0.258553
0.457 -68.7912 623.257 424.801 3503.72 5833.93 0.316465 0.258855 0.258855 0.258855
0.458 -68.4016 624.488 424.51 3509.31 5821.84 0.316755 0.259159 0.259159 0.259159
0.459 -68.0113 625.719 424.223 3514.93 5809.77 0.317048 0.259464 0.259464 0.259464
0.46 -67.6205 626.951 423.938 3520.57 5797.72 0.317342 0.259769 0.259769 0.259769
0.461 -67.229 628.184 423.656 3526.24 5785.68 0.317639 0.260076 0.260076 0.260076
0.462 -66.8369 629.418 423.377 3531.93 5773.65 0.317936 0.260383 0.260383 0.260383
0.463 -66.4441 630.653 423.102 3537.65 5761.65 0.318236 0.26069 0.26069 0.26069
0.464 -66.0507 631.889 422.829 3543.38 5749.66 0.318536 0.260999 0.260999 0.260999
0.465 -65.6567 633.125 422.559 3549.14 5737.69 0.318838 0.261307 0.261307 0.261307
0.466 -65.262 634.362 422.293 3554.91 5725.74 0.319142 0.261616 0.261616 0.261616
0.467 -64.8667 635.6 422.029 3560.7 5713.82 0.319446 0.261926 0.261926 0.261926
0.468 -64.4707 636.839 421.768 3566.51 5701.91 0.319752 0.262236 0.262236 0.262236
0.469 -64.0741 638.079 421.51 3572.34 5690.03 0.320059 0.262546 0.262546 0.262546
0.47 -63.6769 639.32 421.255 3578.18 5678.18 0.320367 0.262856 0.262856 0.262856
0.471 -63.279 640.561 421.002 3584.04 5666.34 0.320676 0.263167 0.263167 0.263167
0.472 -62.8804 641.803 420.753 3589.91 5654.54 0.320985 0.263478 0.263478 0.263478
0.473 -62.4812 643.046 420.506 3595.79 5642.75 0.321296 0.263789 0.263789 0.263789
0.474 -62.0814 644.29 420.262 3601.69 5630.99 0.321607 0.2641 0.2641 0.2641
0.475 -61.6809 645.535 420.021 3607.6 5619.26 0.321919 0.264411 0.264411 0.264411
0.476 -61.2797 646.781 419.783 3613.53 5607.56 0.322231 0.264722 0.264722 0.264722
0.477 -60.8779 648.027 419.547 3619.46 5595.88 0.322544 0.265033 0.265033 0.265033
0.478 -60.4754 649.274 419.314 3625.41 5584.23 0.322858 0.265344 0.265344 0.265344
0.479 -60.0722 650.522 419.084 3631.36 5572.6 0.323172 0.265655 0.265655 0.265655
0.48 -59.6684 651.771 418.857 3637.33 5561.01 0.323486 0.265966 0.265966 0.265966
0.481 -59.2639 653.021 418.632 3643.3 5549.44 0.323801 0.266276 0.266276 0.266276
0.482 -58.8588 654.272 418.41 3649.29 5537.9 0.324117 0.266587 0.266587 0.266587
0.483 -58.453 655.523 418.191 3655.28 5526.39 0.324432 0.266897 0.266897 0.266897
0.484 -58.0465 656.775 417.974 3661.28 5514.91 0.324748 0.267207 0.267207 0.267207
0.485 -57.6393 658.029 417.76 3667.28 5503.45 0.325064 0.267517 0.267517 0.267517
0.486 -57.2315 659.282 417.548 3673.3 5492.03 0.32538 0.267826 0.267826 0.267826
0.487 -56.8231 660.537 417.339 3679.32 5480.63 0.325697 0.268136 0.268136 0.268136
0.488 -56.4139 661.793 417.133 3685.34 5469.26 0.326013 0.268444 0.268444 0.268444
0.489 -56.0041 663.049 416.929 3691.37 5457.93 0.32633 0.268753 0.268753 0.268753
0.49 -55.5936 664.307 416.728 3697.41 5446.62 0.326647 0.269061 0.269061 0.269061
0.491 -55.1824 665.565 416.529 3703.45 5435.34 0.326963 0.269369 0.269369 0.269369
0.492 -54.7706 666.824 416.333 3709.5 5424.09 0.32728 0.269676 0.269676 0.269676
0.493 -54.3581 668.083 416.139 3715.55 5412.87 0.327597 0.269983 0.269983 0.269983
0.494 -53.9449 669.344 415.947 3721.6 5401.68 0.327913 0.27029 0.27029 0.27029
0.495 -53.5311 670.605 415.759 3727.66 5390.52 0.32823 0.270596 0.270596 0.270596
0.496 -53.1166 671.868 415.572 3733.72 5379.39 0.328546 0.270902 0.270902 0.270902
0.497 -52.7014 673.131 415.388 3739.78 5368.29 0.328863 0.271207 0.271207 0.271207
0.498 -52.2855 674.395 415.207 3745.85 5357.22 0.329179 0.271511 0.271511 0.271511
0.499 -51.869 675.66 415.027 3751.92 5346.18 0.329494 0.271815 0.271815 0.271815
0.5 -51.4517 676.925 414.851 3757.99 5335.17 0.32981 0.272119 0.272119 0.272119
0.501 -51.0338 678.192 414.676 3764.07 5324.19 0.330126 0.272422 0.272422 0.272422
0.502 -50.6153 679.459 414.504 3770.14 5313.24 0.330441 0.272724 0.272724 0.272724
0.503 -50.196 680.727 414.334 3776.22 5302.31 0.330756 0.273026 0.273026 0.273026
0.504 -49.7761 681.996 414.167 3782.29 5291.42 0.33107 0.273328 0.273328 0.273328
0.505 -49.3555 683.266 414.002 3788.37 5280.56 0.331385 0.273628 0.273628 0.273628
0.506 -48.9343 684.537 413.839 3794.45 5269.72 0.331699 0.273928 0.273928 0.273928
0.507 -48.5123 685.808 413.679 3800.53 5258.92 0.332012 0.274228 0.274228 0.274228
0.508 -48.0897 687.08 413.52 3806.61 5248.14 0.332326 0.274527 0.274527 0.274527
0.509 -47.6664 688.353 413.364 3812.69 5237.4 0.332639 0.274825 0.274825 0.274825
0.51 -47.2424 689.627 413.211 3818.77 5226.68 0.332951 0.275123 0.275123 0.275123
0.511 -46.8178 690.902 413.059 3824.85 5215.99 0.333263 0.27542 0.27542 0.27542
0.512 -46.3925 692.178 412.91 3830.93 5205.34 0.333575 0.275716 0.275716 0.275716
0.513 -45.9665 693.454 412.763 3837.01 5194.71 0.333886 0.276011 0.276011 0.276011
0.514 -45.5398 694.732 412.618 3843.08 5184.11 0.334197 0.276306 0.276306 0.276306
0.515 -45.1125 696.01 412.475 3849.16 5173.54 0.334507 0.276601 0.276601 0.276601
0.516 -44.6844 697.289 412.335 3855.23 5162.99 0.334817 0.276894 0.276894 0.276894
0.517 -44.2557 698.569 412.196 3861.31 5152.48 0.335126 0.277187 0.277187 0.277187
0.518 -43.8264 699.849 412.06 3867.38 5141.99 0.335435 0.277479 0.277479 0.277479
0.519 -43.3963 701.131 411.926 3873.45 5131.54 0.335743 0.277771 0.277771 0.277771
0.52 -42.9656 702.413 411.794 3879.52 5121.11 0.336051 0.278061 0.278061 0.278061
0.521 -42.5342 703.696 411.664 3885.59 5110.71 0.336358 0.278351 0.278351 0.278351
0.522 -42.1021 704.98 411.536 3891.65 5100.34 0.336665 0.278641 0.278641 0.278641
0.523 -41.6694 706.265 411.411 3897.71 5089.99 0.336971 0.278929 0.278929 0.278929
0.524 -41.236 707.55 411.287 3903.77 5079.68 0.337277 0.279217 0.279217 0.279217
0.525 -40.8019 708.837 411.165 3909.83 5069.39 0.337582 0.279504 0.279504 0.279504
0.526 -40.3671 710.124 411.046 3915.88 5059.13 0.337886 0.279791 0.279791 0.279791
0.527 -39.9317 711.412 410.928 3921.94 5048.9 0.33819 0.280076 0.280076 0.280076
0.528 -39.4956 712.701 410.813 3927.98 5038.69 0.338493 0.280361 0.280361 0.280361
0.529 -39.0588 713.991 410.699 3934.03 5028.52 0.338796 0.280645 0.280645 0.280645
0.53 -38.6214 715.282 410.588 3940.07 5018.37 0.339098 0.280928 0.280928 0.280928
0.531 -38.1832 716.573 410.479 3946.11 5008.24 0.339399 0.281211 0.281211 0.281211
0.532 -37.7444 717.865 410.371 3952.15 4998.15 0.3397 0.281493 0.281493 0.281493
0.533 -37.305 719.158 410.265 3958.18 4988.08 0.34 0.281774 0.281774 0.281774
0.534 -36.8648 720.452 410.162 3964.21 4978.04 0.340299 0.282054 0.282054 0.282054
0.535 -36.424 721.747 410.06 3970.24 4968.02 0.340598 0.282333 0.282333 0.282333
0.536 -35.9826 723.043 409.96 3976.26 4958.04 0.340896 0.282612 0.282612 0.282612
0.537 -35.5404 724.339 409.863 3982.28 4948.07 0.341194 0.28289 0.28289 0.28289
0.538 -35.0976 725.636 409.767 3988.3 4938.14 0.34149 0.283167 0.283167 0.283167
0.539 -34.6541 726.935 409.673 3994.31 4928.23 0.341787 0.283443 0.283443 0.283443
0.54 -34.21 728.233 409.581 4000.31 4918.35 0.342082 0.283719 0.283719 0.283719
0.541 -33.7652 729.533 409.49 4006.32 4908.49 0.342377 0.283994 0.283994 0.283994
0.542 -33.3197 730.834 409.402 4012.31 4898.66 0.342671 0.284267 0.284267 0.284267
0.543 -32.8736 732.135 409.315 4018.31 4888.86 0.342964 0.284541 0.284541 0.284541
0.544 -32.4267 733.437 409.231 4024.3 4879.08 0.343257 0.284813 0.284813 0.284813
0.545 -31.9793 734.741 409.148 4030.28 4869.33 0.343549 0.285085 0.285085 0.285085
0.546 -31.5311 736.044 409.067 4036.27 4859.6 0.34384 0.285355 0.285355 0.285355
0.547 -31.0823 737.349 408.987 4042.24 4849.9 0.344131 0.285625 0.285625 0.285625
0.548 -30.6328 738.655 408.91 4048.21 4840.22 0.34442 0.285894 0.285894 0.285894
0.549 -30.1827 739.961 408.834 4054.18 4830.57 0.344709 0.286163 0.286163 0.286163
0.55 -29.7319 741.268 408.761 4060.15 4820.94 0.344998 0.28643 0.28643 0.28643
0.551 -29.2805 742.576 408.688 4066.1 4811.34 0.345285 0.286697 0.286697 0.286697
0.552 -28.8283 743.885 408.618 4072.06 4801.76 0.345572 0.286963 0.286963 0.286963
0.553 -28.3756 745.195 408.55 4078 4792.21 0.345859 0.287228 0.287228 0.287228
0.554 -27.9221 746.505 408.483 4083.95 4782.69 0.346144 0.287492 0.287492 0.287492
0.555 -27.468 747.817 408.418 4089.89 4773.18 0.346429 0.287756 0.287756 0.287756
0.556 -27.0133 749.129 408.354 4095.82 4763.7 0.346713 0.288019 0.288019 0.288019
0.557 -26.5578 750.442 408.293 4101.75 4754.25 0.346996 0.288281 0.288281 0.288281
0.558 -26.1018 751.756 408.233 4107.67 4744.82 0.347278 0.288542 0.288542 0.288542
0.559 -25.645 753.07 408.174 4113.59 4735.41 0.34756 0.288802 0.288802 0.288802
0.56 -25.1876 754.386 408.118 4119.5 4726.03 0.347841 0.289062 0.289062 0.289062
0.561 -24.7296 755.702 408.063 4125.41 4716.67 0.348122 0.28932 0.28932 0.28932
0.562 -24.2709 757.019 408.01 4131.31 4707.34 0.348401 0.289578 0.289578 0.289578
0.563 -23.8115 758.337 407.958 4137.21 4698.03 0.34868 0.289835 0.289835 0.289835
0.564 -23.3515 759.656 407.908 4143.1 4688.74 0.348958 0.290092 0.290092 0.290092
0.565 -22.8908 760.976 407.86 4148.98 4679.48 0.349235 0.290347 0.290347 0.290347
0.566 -22.4295 762.296 407.813 4154.86 4670.24 0.349511 0.290602 0.290602 0.290602
0.567 -21.9675 763.617 407.768 4160.74 4661.02 0.349787 0.290856 0.290856 0.290856
0.568 -21.5049 764.939 407.724 4166.61 4651.83 0.350062 0.291109 0.291109 0.291109
0.569 -21.0416 766.262 407.683 4172.47 4642.65 0.350336 0.291361 0.291361 0.291361
0.57 -20.5777 767.586 407.642 4178.33 4633.51 0.35061 0.291613 0.291613 0.291613
0.571 -20.1131 768.911 407.604 4184.18 4624.38 0.350883 0.291863 0.291863 0.291863
0.572 -19.6479 770.236 407.567 4190.03 4615.28 0.351154 0.292113 0.292113 0.292113
0.573 -19.182 771.562 407.531 4195.87 4606.2 0.351426 0.292362 0.292362 0.292362
0.574 -18.7154 772.889 407.497 4201.71 4597.14 0.351696 0.29261 0.29261 0.29261
0.575 -18.2483 774.217 407.465 4207.53 4588.1 0.351966 0.292858 0.292858 0.292858
0.576 -17.7804 775.546 407.434 4213.36 4579.09 0.352234 0.293105 0.293105 0.293105
0.577 -17.312 776.875 407.404 4219.18 4570.1 0.352503 0.293351 0.293351 0.293351
0.578 -16.8428 778.206 407.377 4224.99 4561.13 0.35277 0.293596 0.293596 0.293596
0.579 -16.3731 779.537 407.35 4230.79 4552.18 0.353036 0.29384 0.29384 0.29384
0.58 -15.9027 780.869 407.325 4236.59 4543.25 0.353302 0.294084 0.294084 0.294084
0.581 -15.4316 782.202 407.302 4242.39 4534.35 0.353567 0.294326 0.294326 0.294326
0.582 -14.9599 783.535 407.28 4248.18 4525.46 0.353832 0.294568 0.294568 0.294568
0.583 -14.4876 784.87 407.26 4253.96 4516.6 0.354095 0.294809 0.294809 0.294809
0.584 -14.0146 786.205 407.241 4259.74 4507.76 0.354358 0.29505 0.29505 0.29505
0.585 -13.541 787.541 407.224 4265.51 4498.94 0.35462 0.295289 0.295289 0.295289
0.586 -13.0667 788.878 407.208 4271.27 4490.15 0.354881 0.295528 0.295528 0.295528
0.587 -12.5918 790.216 407.193 4277.03 4481.37 0.355141 0.295766 0.295766 0.295766
0.588 -12.1162 791.554 407.18 4282.78 4472.61 0.355401 0.296004 0.296004 0.296004
0.589 -11.6401 792.893 407.169 4288.53 4463.88 0.35566 0.29624 0.29624 0.29624
0.59 -11.1632 794.234 407.159 4294.27 4455.17 0.355918 0.296476 0.296476 0.296476
0.591 -10.6858 795.575 407.15 4300 4446.47 0.356176 0.296711 0.296711 0.296711
0.592 -10.2077 796.916 407.143 4305.73 4437.8 0.356432 0.296945 0.296945 0.296945
0.593 -9.72895 798.259 407.137 4311.45 4429.15 0.356688 0.297178 0.297178 0.297178
0.594 -9.24958 799.603 407.132 4317.17 4420.52 0.356943 0.297411 0.297411 0.297411
0.595 -8.76957 800.947 407.129 4322.88 4411.9 0.357197 0.297643 0.297643 0.297643
0.596 -8.28894 802.292 407.127 4328.58 4403.31 0.357451 0.297874 0.297874 0.297874
0.597 -7.80767 803.638 407.127 4334.28 4394.74 0.357704 0.298104 0.298104 0.298104
0.598 -7.32577 804.985 407.128 4339.97 4386.19 0.357956 0.298334 0.298334 0.298334
0.599 -6.84323 806.332 407.13 4345.65 4377.66 0.358207 0.298563 0.298563 0.298563
0.6 -6.36006 807.681 407.134 4351.33 4369.15 0.358458 0.298791 0.298791 0.298791
0.601 -5.87627 809.03 407.139 4357 4360.66 0.358708 0.299018 0.299018 0.299018
0.602 -5.39184 810.38 407.146 4362.67 4352.19 0.358957 0.299244 0.299244 0.299244
0.603 -4.90679 811.731 407.153 4368.33 4343.73 0.359205 0.29947 0.29947 0.29947
0.604 -4.4211 813.082 407.163 4373.98 4335.3 0.359452 0.299695 0.299695 0.299695
0.605 -3.93479 814.435 407.173 4379.63 4326.89 0.359699 0.29992 0.29992 0.29992
0.606 -3.44785 815.788 407.185 4385.27 4318.49 0.359945 0.300143 0.300143 0.300143
0.607 -2.96028 817.142 407.198 4390.91 4310.12 0.36019 0.300366 0.300366 0.300366
0.608 -2.47209 818.497 407.212 4396.54 4301.76 0.360435 0.300588 0.300588 0.300588
0.609 -1.98328 819.853 407.228 4402.16 4293.42 0.360679 0.300809 0.300809 0.300809
0.61 -1.49384 821.209 407.245 4407.77 4285.11 0.360922 0.30103 0.30103 0.30103
0.611 -1.00377 822.567 407.263 4413.38 4276.81 0.361164 0.30125 0.30125 0.30125
0.612 -0.513084 823.925 407.282 4418.99 4268.53 0.361406 0.301469 0.301469 0.301469
0.613 -0.0217748 825.284 407.303 4424.58 4260.27 0.361646 0.301687 0.301687 0.301687
0.614 0.470156 826.644 407.325 4430.17 4252.02 0.361886 0.301905 0.301905 0.301905
0.615 0.962708 828.004 407.348 4435.76 4243.8 0.362126 0.302122 0.302122 0.302122
0.616 1.45588 829.366 407.373 4441.34 4235.59 0.362364 0.302338 0.302338 0.302338
0.617 1.94967 830.728 407.398 4446.91 4227.4 0.362602 0.302553 0.302553 0.302553
0.618 2.44408 832.091 407.425 4452.47 4219.24 0.362839 0.302768 0.302768 0.302768
0.619 2.93911 833.455 407.454 4458.03 4211.08 0.363076 0.302982 0.302982 0.302982
0.62 3.43476 834.819 407.483 4463.59 4202.95 0.363311 0.303195 0.303195 0.303195
0.621 3.93102 836.185 407.514 4469.13 4194.84 0.363546 0.303408 0.303408 0.303408
0.622 4.4279 837.551 407.545 4474.67 4186.74 0.36378 0.30362 0.30362 0.30362
0.623 4.92539 838.918 407.578 4480.21 4178.66 0.364014 0.303831 0.303831 0.303831
0.624 5.4235 840.286 407.613 4485.73 4170.6 0.364246 0.304041 0.304041 0.304041
0.625 5.92222 841.655 407.648 4491.25 4162.55 0.364478 0.304251 0.304251 0.304251
0.626 6.42155 843.025 407.685 4496.77 4154.53 0.36471 0.30446 0.30446 0.30446
0.627 6.9215 844.395 407.723 4502.28 4146.52 0.36494 0.304668 0.304668 0.304668
0.628 7.42206 845.766 407.761 4507.78 4138.53 0.36517 0.304876 0.304876 0.304876
0.629 7.92323 847.138 407.802 4513.28 4130.56 0.365399 0.305083 0.305083 0.305083
0.63 8.42501 848.511 407.843 4518.76 4122.6 0.365627 0.305289 0.305289 0.305289
0.631 8.9274 849.885 407.885 4524.25 4114.66 0.365855 0.305494 0.305494 0.305494
0.632 9.4304 851.259 407.929 4529.72 4106.74 0.366082 0.305699 0.305699 0.305699
0.633 9.934 852.634 407.974 4535.19 4098.83 0.366308 0.305903 0.305903 0.305903
0.634 10.4382 854.01 408.019 4540.66 4090.95 0.366534 0.306107 0.306107 0.306107
0.635 10.943 855.387 408.066 4546.12 4083.08 0.366759 0.30631 0.30631 0.30631
0.636 11.4485 856.765 408.115 4551.57 4075.22 0.366983 0.306512 0.306512 0.306512
0.637 11.9545 858.143 408.164 4557.01 4067.38 0.367206 0.306713 0.306713 0.306713
0.638 12.4611 859.523 408.214 4562.45 4059.56 0.367429 0.306914 0.306914 0.306914
0.639 12.9684 860.903 408.266 4567.88 4051.76 0.367651 0.307114 0.307114 0.307114
0.64 13.4762 862.284 408.318 4573.31 4043.97 0.367872 0.307313 0.307313 0.307313
0.641 13.9847 863.665 408.372 4578.73 4036.2 0.368093 0.307512 0.307512 0.307512
0.642 14.4937 865.048 408.427 4584.14 4028.45 0.368313 0.30771 0.30771 0.30771
0.643 15.0034 866.431 408.482 4589.55 4020.71 0.368532 0.307907 0.307907 0.307907
0.644 15.5136 867.815 408.539 4594.95 4012.99 0.36875 0.308104 0.308104 0.308104
0.645 16.0245 869.2 408.597 4600.34 4005.28 0.368968 0.3083 0.3083 0.3083
0.646 16.5359 870.586 408.656 4605.73 3997.59 0.369185 0.308495 0.308495 0.308495
0.647 17.048 871.973 408.717 4611.11 3989.92 0.369402 0.30869 0.30869 0.30869
0.648 17.5606 873.36 408.778 4616.49 3982.26 0.369617 0.308884 0.308884 0.308884
0.649 18.0738 874.748 408.84 4621.86 3974.62 0.369832 0.309077 0.309077 0.309077
0.65 18.5877 876.137 408.903 4627.22 3967 0.370047 0.30927 0.30927 0.30927
0.651 19.1021 877.527 408.968 4632.58 3959.39 0.370261 0.309462 0.309462 0.309462
0.652 19.6171 878.917 409.033 4637.93 3951.8 0.370474 0.309653 0.309653 0.309653
0.653 20.1328 880.309 409.099 4643.27 3944.22 0.370686 0.309844 0.309844 0.309844
0.654 20.649 881.701 409.167 4648.61 3936.66 0.370898 0.310034 0.310034 0.310034
0.655 21.1658 883.094 409.235 4653.94 3929.11 0.371109 0.310223 0.310223 0.310223
0.656 21.6832 884.488 409.305 4659.27 3921.58 0.371319 0.310412 0.310412 0.310412
0.657 22.2012 885.883 409.375 4664.59 3914.06 0.371528 0.3106 0.3106 0.3106
0.658 22.7198 887.278 409.447 4669.9 3906.56 0.371737 0.310788 0.310788 0.310788
0.659 23.2389 888.674 409.519 4675.21 3899.08 0.371946 0.310975 0.310975 0.310975
0.66 23.7587 890.071 409.593 4680.51 3891.61 0.372153 0.311161 0.311161 0.311161
0.661 24.2791 891.469 409.667 4685.8 3884.15 0.37236 0.311347 0.311347 0.311347
0.662 24.8 892.868 409.743 4691.09 3876.71 0.372567 0.311532 0.311532 0.311532
0.663 25.3215 894.267 409.819 4696.37 3869.29 0.372772 0.311716 0.311716 0.311716
0.664 25.8436 895.667 409.897 4701.65 3861.88 0.372977 0.3119 0.3119 0.3119
0.665 26.3663 897.068 409.975 4706.92 3854.48 0.373182 0.312083 0.312083 0.312083
0.666 26.8896 898.47 410.054 4712.18 3847.13 0.373385 0.312265 0.312265 0.312265
0.667 27.4135 899.873 410.135 4717.44 3839.65 0.373588 0.312447 0.312447 0.312447
0.668 27.9379 901.276 410.216 4722.69 3832.72 0.373791 0.312629 0.312629 0.312629
0.669 28.463 902.68 410.298 4727.93 3823.83 0.373992 0.312809 0.312809 0.312809
0.67 28.9886 904.086 410.381 4733.17 3826.12 0.374199 0.312989 0.312989 0.312989
0.671 29.5148 905.491 410.466 4738.4 3844.38 0.374415 0.313169 0.313169 0.313169
0.672 30.0416 906.898 410.551 4743.63 3869 0.374634 0.313348 0.313348 0.313348
0.673 30.5689 908.305 410.637 4748.85 3898.04 0.374854 0.313526 0.313526 0.313526
0.674 31.0969 909.714 410.724 4754.07 3930.39 0.375076 0.313703 0.313703 0.313703
0.675 31.6254 911.123 410.811 4759.27 3965.42 0.375298 0.31388 0.31388 0.31388
0.676 32.1545 912.533 410.9 4764.48 4002.89 0.375521 0.314057 0.314057 0.314057
0.677 32.6842 913.943 410.99 4769.67 4041.82 0.375744 0.314233 0.314233 0.314233
0.678 33.2144 915.355 411.081 4774.86 4084.61 0.375967 0.314408 0.314408 0.314408
0.679 33.7452 916.767 411.172 4780.04 4121.31 0.376188 0.314583 0.314583 0.314583
0.68 34.2766 918.18 411.265 4785.22 4186.9 0.376417 0.314757 0.314757 0.314757
0.681 34.8086 919.594 411.358 4790.39 3995.97 0.37657 0.31493 0.31493 0.31493
0.682 35.3412 921.008 411.452 4795.56 3591.61 0.376662 0.315103 0.315103 0.315103
0.683 35.8743 922.424 411.547 4800.72 3094.11 0.376729 0.315275 0.315275 0.315275
0.684 36.408 923.84 411.643 4805.87 2530.35 0.376778 0.315447 0.315447 0.315447
0.685 36.9423 925.257 411.74 4811.01 1916 0.376814 0.315618 0.315618 0.315618
0.686 37.4771 926.675 411.838 4816.18 1259.96 0.376839 0.315789 0.315789 0.315789
0.687 38.0125 928.094 411.937 4821.22 568.446 0.376856 0.315956 0.315956 0.315956
0.688 38.5485 929.513 412.036 4826.69 -154.128 0.376867 0.316138 0.316138 0.316138
0.689 39.0851 930.933 412.137 4830.55 -904.412 0.376871 0.316261 0.316261 0.316261
0.69 39.6222 932.354 412.238 4840.38 -1679.93 0.37687 0.3166 0.3166 0.3166
0.691 40.1598 933.776 412.34 4826.72 -2471.15 0.376864 0.316087 0.316087 0.316087
0.692 40.6943 935.194 412.436 4801 -2695.64 0.376854 0.315137 0.315137 0.315137
0.693 41.2275 936.611 412.53 4795.74 -2615.53 0.376841 0.314938 0.314938 0.314938
0.694 41.7602 938.027 412.623 4793.11 -2384.85 0.376825 0.314842 0.314842 0.314842
0.695 42.2927 939.443 412.716 4792.84 -2050.58 0.376806 0.314831 0.314831 0.314831
0.696 42.8253 940.859 412.809 4793.6 -1637.56 0.376784 0.31486 0.31486 0.31486
0.697 43.358 942.275 412.901 4795.17 -1161.06 0.37676 0.31492 0.31492 0.31492
0.698 43.8909 943.692 412.994 4797.26 -631.853 0.376734 0.314999 0.314999 0.314999
0.699 44.4241 945.109 413.087 4799.77 -56.0095 0.376706 0.315094 0.315094 0.315094
0.7 44.9575 946.526 413.181 4802.6 555.434 0.376677 0.315202 0.315202 0.315202
0.701 45.4913 947.944 413.274 4805.67 1218.4 0.376642 0.315318 0.315318 0.315318
0.702 46.0254 949.363 413.369 4808.96 1842.74 0.376625 0.315443 0.315443 0.315443
0.703 46.56 950.782 413.463 4812.41 2166.98 0.376698 0.315574 0.315574 0.315574
0.704 47.0949 952.201 413.559 4816 2375.94 0.376804 0.315711 0.315711 0.315711
0.705 47.6302 953.621 413.654 4819.72 2523.3 0.376931 0.315852 0.315852 0.315852
0.706 48.1659 955.042 413.751 4823.54 2631.39 0.377073 0.315997 0.315997 0.315997
0.707 48.7021 956.463 413.847 4827.46 2710.99 0.377225 0.316145 0.316145 0.316145
0.708 49.2387 957.885 413.945 4831.45 2769.08 0.377385 0.316297 0.316297 0.316297
0.709 49.7758 959.307 414.043 4835.52 2810.26 0.377551 0.316451 0.316451 0.316451
0.71 50.3133 960.73 414.141 4839.64 2837.57 0.377724 0.316607 0.316607 0.316607
0.711 50.8512 962.154 414.24 4843.82 2854.07 0.3779 0.316765 0.316765 0.316765
0.712 51.3897 963.578 414.34 4848.05 2859.02 0.378081 0.316925 0.316925 0.316925
0.713 51.9286 965.003 414.441 4852.32 2865.87 0.37826 0.317086 0.317086 0.317086
0.714 52.468 966.429 414.542 4856.64 2885.05 0.378432 0.317249 0.317249 0.317249
0.715 53.0078 967.855 414.643 4860.98 2905.7 0.378603 0.317413 0.317413 0.317413
0.716 53.5482 969.282 414.746 4865.37 2926.08 0.378773 0.317578 0.317578 0.317578
0.717 54.089 970.709 414.848 4869.78 2945.4 0.378944 0.317744 0.317744 0.317744
0.718 54.6304 972.137 414.952 4874.21 2963.48 0.379115 0.31791 0.31791 0.31791
0.719 55.1722 973.566 415.056 4878.67 2980.25 0.379286 0.318078 0.318078 0.318078
0.72 55.7145 974.996 415.161 4883.16 2995.73 0.379458 0.318246 0.318246 0.318246
0.721 56.2573 976.426 415.266 4887.66 3009.98 0.37963 0.318414 0.318414 0.318414
0.722 56.8007 977.857 415.372 4892.18 3023.06 0.379802 0.318583 0.318583 0.318583
0.723 57.3445 979.288 415.479 4896.72 3035.06 0.379975 0.318753 0.318753 0.318753
0.724 57.8888 980.721 415.586 4901.27 3046.05 0.380147 0.318923 0.318923 0.318923
0.725 58.4337 982.154 415.694 4905.84 3056.1 0.380321 0.319093 0.319093 0.319093
0.726 58.979 983.587 415.803 4910.42 3065.27 0.380494 0.319263 0.319263 0.319263
0.727 59.5249 985.021 415.912 4915.01 3073.64 0.380667 0.319434 0.319434 0.319434
0.728 60.0712 986.456 416.022 4919.61 3081.26 0.380841 0.319605 0.319605 0.319605
0.729 60.6181 987.892 416.133 4924.23 3088.19 0.381015 0.319776 0.319776 0.319776
0.73 61.1655 989.328 416.244 4928.85 3094.47 0.381189 0.319947 0.319947 0.319947
0.731 61.7134 990.765 416.356 4933.48 3100.15 0.381362 0.320118 0.320118 0.320118
0.732 62.2618 992.203 416.469 4938.12 3105.28 0.381536 0.320289 0.320289 0.320289
0.733 62.8108 993.641 416.582 4942.76 3109.88 0.38171 0.320461 0.320461 0.320461
0.734 63.3602 995.081 416.696 4947.41 3114 0.381884 0.320632 0.320632 0.320632
0.735 63.9102 996.52 416.81 4952.07 3117.67 0.382058 0.320803 0.320803 0.320803
0.736 64.4607 997.961 416.925 4956.73 3120.91 0.382231 0.320974 0.320974 0.320974
0.737 65.0117 999.402 417.041 4961.4 3123.76 0.382405 0.321145 0.321145 0.321145
0.738 65.5632 1000.84 417.157 4966.07 3126.24 0.382578 0.321316 0.321316 0.321316
0.739 66.1153 1002.29 417.274 4970.74 3128.37 0.382751 0.321487 0.321487 0.321487
0.74 66.6678 1003.73 417.392 4975.42 3130.18 0.382924 0.321658 0.321658 0.321658
0.741 67.2209 1005.17 417.51 4980.1 3131.68 0.383097 0.321828 0.321828 0.321828
0.742 67.7745 1006.62 417.629 4984.79 3132.89 0.38327 0.321998 0.321998 0.321998
0.743 68.3286 1008.06 417.749 4989.47 3133.83 0.383442 0.322169 0.322169 0.322169
0.744 68.8833 1009.51 417.869 4994.16 3134.51 0.383615 0.322339 0.322339 0.322339
0.745 69.4385 1010.96 417.99 4998.85 3134.96 0.383787 0.322509 0.322509 0.322509
0.746 69.9941 1012.4 418.111 5003.54 3135.17 0.383958 0.322678 0.322678 0.322678
0.747 70.5503 1013.85 418.233 5008.23 3135.17 0.38413 0.322848 0.322848 0.322848
0.748 71.1071 1015.3 418.356 5012.93 3134.97 0.384301 0.323017 0.323017 0.323017
0.749 71.6643 1016.75 418.479 5017.62 3134.57 0.384472 0.323186 0.323186 0.323186
0.75 72.2221 1018.2 418.603 5022.31 3133.99 0.384643 0.323354 0.323354 0.323354
0.751 72.7804 1019.65 418.728 5027.01 3133.24 0.384813 0.323523 0.323523 0.323523
0.752 73.3392 1021.11 418.853 5031.7 3132.32 0.384983 0.323691 0.323691 0.323691
0.753 73.8986 1022.56 418.979 5036.4 3131.25 0.385153 0.323859 0.323859 0.323859
0.754 74.4584 1024.01 419.105 5041.09 3130.03 0.385323 0.324026 0.324026 0.324026
0.755 75.0188 1025.47 419.232 5045.78 3128.67 0.385492 0.324194 0.324194 0.324194
0.756 75.5797 1026.92 419.36 5050.48 3127.17 0.385661 0.324361 0.324361 0.324361
0.757 76.1411 1028.38 419.488 5055.17 3125.55 0.385829 0.324527 0.324527 0.324527
0.758 76.7031 1029.83 419.617 5059.86 3123.81 0.385998 0.324694 0.324694 0.324694
0.759 77.2655 1031.29 419.746 5064.55 3121.95 0.386165 0.32486 0.32486 0.32486
0.76 77.8285 1032.75 419.876 5069.24 3119.98 0.386333 0.325026 0.325026 0.325026
0.761 78.392 1034.2 420.007 5073.93 3117.9 0.3865 0.325191 0.325191 0.325191
0.762 78.9561 1035.66 420.138 5078.61 3115.73 0.386667 0.325356 0.325356 0.325356
0.763 79.5206 1037.12 420.27 5083.3 3113.46 0.386833 0.325521 0.325521 0.325521
0.764 80.0857 1038.58 420.402 5087.98 3111.09 0.386999 0.325686 0.325686 0.325686
0.765 80.6513 1040.04 420.535 5092.66 3108.65 0.387165 0.32585 0.32585 0.32585
0.766 81.2174 1041.51 420.669 5097.34 3106.11 0.387331 0.326014 0.326014 0.326014
0.767 81.784 1042.97 420.803 5102.02 3103.5 0.387496 0.326177 0.326177 0.326177
0.768 82.3512 1044.43 420.938 5106.69 3100.81 0.38766 0.32634 0.32634 0.32634
0.769 82.9188 1045.9 421.073 5111.36 3098.05 0.387824 0.326503 0.326503 0.326503
0.77 83.487 1047.36 421.209 5116.03 3095.21 0.387988 0.326666 0.326666 0.326666
0.771 84.0557 1048.83 421.346 5120.7 3092.31 0.388152 0.326828 0.326828 0.326828
0.772 84.625 1050.29 421.483 5125.37 3089.35 0.388315 0.326989 0.326989 0.326989
0.773 85.1947 1051.76 421.621 5130.03 3086.32 0.388478 0.327151 0.327151 0.327151
0.774 85.765 1053.23 421.759 5134.69 3083.24 0.38864 0.327312 0.327312 0.327312
0.775 86.3358 1054.7 421.898 5139.35 3080.1 0.388802 0.327472 0.327472 0.327472
0.776 86.907 1056.16 422.037 5144.01 3076.9 0.388964 0.327633 0.327633 0.327633
0.777 87.4789 1057.63 422.177 5148.66 3073.65 0.389125 0.327793 0.327793 0.327793
0.778 88.0512 1059.11 422.318 5153.31 3070.35 0.389286 0.327952 0.327952 0.327952
0.779 88.624 1060.58 422.459 5157.96 3067 0.389446 0.328111 0.328111 0.328111
0.78 89.1974 1062.05 422.6 5162.6 3063.61 0.389606 0.32827 0.32827 0.32827
0.781 89.7713 1063.52 422.743 5167.24 3060.17 0.389765 0.328429 0.328429 0.328429
0.782 90.3457 1064.99 422.885 5171.88 3056.69 0.389925 0.328587 0.328587 0.328587
0.783 90.9206 1066.47 423.029 5176.52 3053.17 0.390084 0.328745 0.328745 0.328745
0.784 91.496 1067.94 423.173 5181.15 3049.61 0.390242 0.328902 0.328902 0.328902
0.785 92.072 1069.42 423.317 5185.78 3046.01 0.3904 0.329059 0.329059 0.329059
0.786 92.6484 1070.9 423.462 5190.41 3042.37 0.390558 0.329215 0.329215 0.329215
0.787 93.2254 1072.37 423.608 5195.03 3038.7 0.390715 0.329372 0.329372 0.329372
0.788 93.8029 1073.85 423.754 5199.65 3035 0.390872 0.329527 0.329527 0.329527
0.789 94.3809 1075.33 423.9 5204.27 3031.26 0.391028 0.329683 0.329683 0.329683
0.79 94.9594 1076.81 424.047 5208.88 3027.49 0.391184 0.329838 0.329838 0.329838
0.791 95.5384 1078.29 424.195 5213.49 3023.69 0.39134 0.329993 0.329993 0.329993
0.792 96.1179 1079.77 424.343 5218.1 3019.86 0.391495 0.330147 0.330147 0.330147
0.793 96.698 1081.25 424.492 5222.7 3016.01 0.39165 0.330301 0.330301 0.330301
0.794 97.2785 1082.73 424.642 5227.3 3012.12 0.391804 0.330455 0.330455 0.330455
0.795 97.8596 1084.21 424.791 5231.9 3008.21 0.391958 0.330608 0.330608 0.330608
0.796 98.4412 1085.7 424.942 5236.49 3004.28 0.392111 0.33076 0.33076 0.33076
0.797 99.0233 1087.18 425.093 5241.08 3000.32 0.392265 0.330913 0.330913 0.330913
0.798 99.6059 1088.67 425.244 5245.66 2996.34 0.392417 0.331065 0.331065 0.331065
0.799 100.189 1090.15 425.396 5250.25 2992.34 0.39257 0.331217 0.331217 0.331217
0.8 100.773 1091.64 425.548 5254.83 2988.31 0.392722 0.331368 0.331368 0.331368
0.801 101.357 1093.13 425.701 5259.4 2984.27 0.392873 0.331519 0.331519 0.331519
0.802 101.941 1094.61 425.855 5263.97 2980.2 0.393024 0.331669 0.331669 0.331669
0.803 102.526 1096.1 426.009 5268.54 2976.12 0.393175 0.331819 0.331819 0.331819
0.804 103.112 1097.59 426.163 5273.11 2972.01 0.393326 0.331969 0.331969 0.331969
0.805 103.698 1099.08 426.318 5277.67 2967.89 0.393476 0.332118 0.332118 0.332118
0.806 104.285 1100.57 426.474 5282.22 2963.75 0.393625 0.332267 0.332267 0.332267
0.807 104.872 1102.06 426.63 5286.78 2959.6 0.393774 0.332416 0.332416 0.332416
0.808 105.46 1103.56 426.787 5291.33 2955.43 0.393923 0.332564 0.332564 0.332564
0.809 106.048 1105.05 426.944 5295.87 2951.24 0.394071 0.332712 0.332712 0.332712
0.81 106.637 1106.54 427.101 5300.42 2947.04 0.394219 0.332859 0.332859 0.332859
0.811 107.226 1108.04 427.259 5304.96 2942.83 0.394367 0.333007 0.333007 0.333007
0.812 107.816 1109.53 427.418 5309.49 2938.6 0.394514 0.333153 0.333153 0.333153
0.813 108.406 1111.03 427.577 5314.02 2934.36 0.394661 0.3333 0.3333 0.3333
0.814 108.996 1112.52 427.736 5318.55 2930.1 0.394807 0.333445 0.333445 0.333445
0.815 109.588 1114.02 427.897 5323.07 2925.84 0.394953 0.333591 0.333591 0.333591
0.816 110.179 1115.52 428.057 5327.59 2921.56 0.395099 0.333736 0.333736 0.333736
0.817 110.772 1117.02 428.218 5332.11 2917.27 0.395244 0.333881 0.333881 0.333881
0.818 111.364 1118.52 428.38 5336.62 2912.97 0.395389 0.334025 0.334025 0.334025
0.819 111.957 1120.02 428.542 5341.13 2908.66 0.395533 0.334169 0.334169 0.334169
0.82 112.551 1121.52 428.704 5345.63 2904.32 0.395677 0.334313 0.334313 0.334313
0.821 113.145 1123.02 428.867 5350.13 2900.06 0.39582 0.334456 0.334456 0.334456
0.822 113.74 1124.52 429.03 5354.63 2895.44 0.395964 0.334599 0.334599 0.334599
0.823 114.335 1126.02 429.194 5359.12 2892.84 0.396107 0.334742 0.334742 0.334742
0.824 114.931 1127.53 429.359 5363.61 2893.49 0.396249 0.334884 0.334884 0.334884
0.825 115.527 1129.03 429.523 5368.1 2895.91 0.396392 0.335026 0.335026 0.335026
0.826 116.124 1130.54 429.689 5372.58 2899.7 0.396535 0.335167 0.335167 0.335167
0.827 116.721 1132.04 429.855 5377.06 2904.61 0.396677 0.335308 0.335308 0.335308
0.828 117.319 1133.55 430.021 5381.53 2910.48 0.396819 0.335449 0.335449 0.335449
0.829 117.917 1135.06 430.188 5386 2917.24 0.39696 0.335589 0.335589 0.335589
0.83 118.516 1136.56 430.355 5390.47 2924.68 0.397102 0.335729 0.335729 0.335729
0.831 119.115 1138.07 430.522 5394.93 2933.22 0.397243 0.335868 0.335868 0.335868
0.832 119.715 1139.58 430.69 5399.39 2941.04 0.397383 0.336007 0.336007 0.336007
0.833 120.315 1141.09 430.859 5403.84 2954.47 0.397524 0.336146 0.336146 0.336146
0.834 120.915 1142.6 431.028 5408.29 2921.46 0.397662 0.336285 0.336285 0.336285
0.835 121.517 1144.11 431.198 5412.74 2842.33 0.397797 0.336423 0.336423 0.336423
0.836 122.118 1145.63 431.367 5417.18 2736.49 0.397931 0.33656 0.33656 0.33656
0.837 122.72 1147.14 431.538 5421.62 2609.83 0.398063 0.336698 0.336698 0.336698
0.838 123.323 1148.65 431.709 5426.05 2465.84 0.398193 0.336835 0.336835 0.336835
0.839 123.926 1150.17 431.88 5430.48 2306.74 0.398323 0.336971 0.336971 0.336971
0.84 124.53 1151.68 432.052 5434.9 2134.14 0.398452 0.337108 0.337108 0.337108
0.841 125.134 1153.2 432.224 5439.35 1949.24 0.39858 0.337242 0.337242 0.337242
0.842 125.739 1154.72 432.396 5443.67 1753.02 0.398706 0.337383 0.337383 0.337383
0.843 126.344 1156.23 432.569 5448.47 1546.25 0.398832 0.337499 0.337499 0.337499
0.844 126.949 1157.75 432.743 5451.28 1330.7 0.398957 0.337707 0.337707 0.337707
0.845 127.555 1159.27 432.916 5452.67 1214.26 0.399081 0.337978 0.337978 0.337978
0.846 128.161 1160.79 433.089 5455.51 1165.29 0.399205 0.33818 0.33818 0.33818
0.847 128.767 1162.31 433.262 5458.72 1157.28 0.399327 0.338367 0.338367 0.338367
0.848 129.374 1163.83 433.435 5462.14 1180.32 0.399449 0.338543 0.338543 0.338543
0.849 129.981 1165.34 433.609 5465.69 1228.79 0.39957 0.338713 0.338713 0.338713
0.85 130.589 1166.87 433.782 5469.32 1298.99 0.399691 0.338878 0.338878 0.338878
0.851 131.197 1168.39 433.956 5473.03 1388.19 0.39981 0.33904 0.33904 0.33904
0.852 131.805 1169.91 434.131 5476.78 1494.65 0.399929 0.339199 0.339199 0.339199
0.853 132.414 1171.43 434.305 5480.58 1615.82 0.400047 0.339355 0.339355 0.339355
0.854 133.023 1172.95 434.48 5484.41 1754.04 0.400165 0.339509 0.339509 0.339509
0.855 133.632 1174.47 434.655 5488.27 1892.99 0.400282 0.339661 0.339661 0.339661
0.856 134.242 1176 434.83 5492.15 1982.15 0.400401 0.339811 0.339811 0.339811
0.857 134.853 1177.52 435.006 5496.05 2046.7 0.400522 0.33996 0.33996 0.33996
0.858 135.464 1179.05 435.182 5499.97 2096.55 0.400643 0.340107 0.340107 0.340107
0.859 136.075 1180.57 435.358 5503.9 2136.2 0.400764 0.340253 0.340253 0.340253
0.86 136.687 1182.1 435.535 5507.84 2168.05 0.400885 0.340398 0.340398 0.340398
0.861 137.299 1183.63 435.712 5511.8 2193.68 0.401007 0.340542 0.340542 0.340542
0.862 137.912 1185.15 435.889 5515.76 2214.22 0.401128 0.340685 0.340685 0.340685
0.863 138.525 1186.68 436.067 5519.74 2230.44 0.40125 0.340827 0.340827 0.340827
0.864 139.138 1188.21 436.245 5523.72 2243.06 0.401371 0.340968 0.340968 0.340968
0.865 139.752 1189.74 436.423 5527.7 2252.13 0.401492 0.341108 0.341108 0.341108
0.866 140.367 1191.27 436.601 5531.7 2260.16 0.401613 0.341247 0.341247 0.341247
0.867 140.982 1192.8 436.78 5535.69 2269.47 0.401734 0.341386 0.341386 0.341386
0.868 141.597 1194.33 436.96 5539.69 2278.6 0.401854 0.341523 0.341523 0.341523
0.869 142.213 1195.86 437.139 5543.7 2287.24 0.401974 0.34166 0.34166 0.34166
0.87 142.829 1197.4 437.319 5547.71 2295.29 0.402093 0.341797 0.341797 0.341797
0.871 143.445 1198.93 437.499 5551.72 2302.74 0.402213 0.341932 0.341932 0.341932
0.872 144.062 1200.46 437.68 5555.73 2309.61 0.402331 0.342067 0.342067 0.342067
0.873 144.68 1202 437.861 5559.74 2315.91 0.40245 0.342201 0.342201 0.342201
0.874 145.298 1203.53 438.042 5563.76 2321.69 0.402568 0.342334 0.342334 0.342334
0.875 145.916 1205.07 438.224 5567.77 2326.96 0.402686 0.342467 0.342467 0.342467
0.876 146.535 1206.61 438.406 5571.79 2331.77 0.402804 0.342599 0.342599 0.342599
0.877 147.155 1208.14 438.588 5575.81 2336.14 0.402921 0.342731 0.342731 0.342731
0.878 147.774 1209.68 438.771 5579.83 2340.11 0.403038 0.342862 0.342862 0.342862
0.879 148.395 1211.22 438.954 5583.85 2343.7 0.403155 0.342992 0.342992 0.342992
0.88 149.015 1212.76 439.137 5587.86 2346.93 0.403272 0.343122 0.343122 0.343122
0.881 149.636 1214.3 439.321 5591.88 2349.83 0.403388 0.343252 0.343252 0.343252
0.882 150.258 1215.84 439.505 5595.9 2352.42 0.403504 0.34338 0.34338 0.34338
0.883 150.88 1217.38 439.689 5599.92 2354.72 0.403619 0.343509 0.343509 0.343509
0.884 151.502 1218.92 439.874 5603.93 2356.74 0.403734 0.343636 0.343636 0.343636
0.885 152.125 1220.47 440.059 5607.95 2358.5 0.403849 0.343763 0.343763 0.343763
0.886 152.748 1222.01 440.244 5611.96 2360.03 0.403964 0.34389 0.34389 0.34389
0.887 153.372 1223.55 440.43 5615.97 2361.32 0.404078 0.344016 0.344016 0.344016
0.888 153.996 1225.1 440.616 5619.98 2362.4 0.404192 0.344142 0.344142 0.344142
0.889 154.621 1226.64 440.802 5623.99 2363.28 0.404305 0.344267 0.344267 0.344267
0.89 155.246 1228.19 440.988 5628 2363.97 0.404418 0.344392 0.344392 0.344392
0.891 155.872 1229.74 441.175 5632.01 2364.47 0.404531 0.344516 0.344516 0.344516
0.892 156.498 1231.28 441.363 5636.01 2364.81 0.404644 0.34464 0.34464 0.34464
0.893 157.124 1232.83 441.55 5640.02 2364.98 0.404756 0.344763 0.344763 0.344763
0.894 157.751 1234.38 441.738 5644.02 2365 0.404868 0.344886 0.344886 0.344886
0.895 158.378 1235.93 441.927 5648.02 2364.87 0.40498 0.345008 0.345008 0.345008
0.896 159.006 1237.48 442.115 5652.02 2364.6 0.405091 0.34513 0.34513 0.34513
0.897 159.634 1239.03 442.304 5656.01 2364.2 0.405202 0.345251 0.345251 0.345251
0.898 160.263 1240.58 442.494 5660 2363.67 0.405313 0.345372 0.345372 0.345372
0.899 160.892 1242.13 442.683 5664 2363.03 0.405423 0.345493 0.345493 0.345493
0.9 161.522 1243.69 442.873 5667.98 2362.27 0.405533 0.345613 0.345613 0.345613
0.901 162.152 1245.24 443.063 5671.97 2361.4 0.405643 0.345733 0.345733 0.345733
0.902 162.782 1246.79 443.254 5675.95 2360.43 0.405752 0.345852 0.345852 0.345852
0.903 163.413 1248.35 443.445 5679.94 2359.36 0.405861 0.345971 0.345971 0.345971
0.904 164.044 1249.9 443.636 5683.92 2358.19 0.40597 0.346089 0.346089 0.346089
0.905 164.676 1251.46 443.828 5687.89 2356.94 0.406079 0.346207 0.346207 0.346207
0.906 165.308 1253.02 444.019 5691.87 2355.59 0.406187 0.346325 0.346325 0.346325
0.907 165.941 1254.57 444.212 5695.84 2354.17 0.406294 0.346442 0.346442 0.346442
0.908 166.574 1256.13 444.404 5699.81 2352.66 0.406402 0.346559 0.346559 0.346559
0.909 167.208 1257.69 444.597 5703.77 2351.08 0.406509 0.346675 0.346675 0.346675
0.91 167.842 1259.25 444.79 5707.74 2349.42 0.406616 0.346791 0.346791 0.346791
0.911 168.476 1260.81 444.984 5711.7 2347.7 0.406722 0.346906 0.346906 0.346906
0.912 169.111 1262.37 445.177 5715.66 2345.9 0.406829 0.347022 0.347022 0.347022
0.913 169.746 1263.93 445.371 5719.61 2344.05 0.406935 0.347136 0.347136 0.347136
0.914 170.382 1265.49 445.566 5723.56 2342.13 0.40704 0.347251 0.347251 0.347251
0.915 171.018 1267.06 445.76 5727.51 2340.15 0.407145 0.347365 0.347365 0.347365
0.916 171.655 1268.62 445.955 5731.46 2338.11 0.40725 0.347478 0.347478 0.347478
0.917 172.292 1270.18 446.151 5735.4 2336.02 0.407355 0.347592 0.347592 0.347592
0.918 172.929 1271.75 446.346 5739.34 2333.87 0.407459 0.347704 0.347704 0.347704
0.919 173.567 1273.31 446.542 5743.28 2331.68 0.407563 0.347817 0.347817 0.347817
0.92 174.206 1274.88 446.739 5747.22 2329.43 0.407667 0.347929 0.347929 0.347929
0.921 174.844 1276.45 446.935 5751.15 2327.13 0.407771 0.348041 0.348041 0.348041
0.922 175.484 1278.01 447.132 5755.08 2324.8 0.407874 0.348152 0.348152 0.348152
0.923 176.123 1279.58 447.329 5759 2322.41 0.407977 0.348263 0.348263 0.348263
0.924 176.763 1281.15 447.527 5762.93 2319.98 0.408079 0.348374 0.348374 0.348374
0.925 177.404 1282.72 447.724 5766.85 2317.52 0.408181 0.348484 0.348484 0.348484
0.926 178.045 1284.29 447.922 5770.76 2315.01 0.408283 0.348594 0.348594 0.348594
0.927 178.686 1285.86 448.121 5774.68 2312.46 0.408385 0.348703 0.348703 0.348703
0.928 179.328 1287.43 448.319 5778.59 2309.88 0.408486 0.348812 0.348812 0.348812
0.929 179.97 1289 448.518 5782.5 2307.26 0.408587 0.348921 0.348921 0.348921
0.93 180.613 1290.58 448.718 5786.4 2304.61 0.408688 0.34903 0.34903 0.34903
0.931 181.256 1292.15 448.917 5790.3 2301.92 0.408788 0.349138 0.349138 0.349138
0.932 181.9 1293.73 449.117 5794.2 2299.2 0.408888 0.349245 0.349245 0.349245
0.933 182.544 1295.3 449.317 5798.1 2296.45 0.408988 0.349353 0.349353 0.349353
0.934 183.188 1296.88 449.518 5801.99 2293.67 0.409087 0.34946 0.34946 0.34946
0.935 183.833 1298.45 449.718 5805.88 2290.86 0.409187 0.349567 0.349567 0.349567
0.936 184.479 1300.03 449.919 5809.76 2288.02 0.409286 0.349673 0.349673 0.349673
0.937 185.124 1301.61 450.121 5813.65 2285.16 0.409384 0.349779 0.349779 0.349779
0.938 185.77 1303.18 450.322 5817.53 2282.27 0.409482 0.349885 0.349885 0.349885
0.939 186.417 1304.76 450.524 5821.4 2279.35 0.40958 0.34999 0.34999 0.34999
0.94 187.064 1306.34 450.726 5825.27 2276.41 0.409678 0.350095 0.350095 0.350095
0.941 187.712 1307.92 450.929 5829.14 2273.44 0.409776 0.3502 0.3502 0.3502
0.942 188.359 1309.5 451.132 5833.01 2270.45 0.409873 0.350304 0.350304 0.350304
0.943 189.008 1311.09 451.335 5836.87 2267.44 0.40997 0.350408 0.350408 0.350408
0.944 189.657 1312.67 451.538 5840.74 2264.41 0.410066 0.350512 0.350512 0.350512
0.945 190.306 1314.25 451.742 5844.59 2261.35 0.410162 0.350615 0.350615 0.350615
0.946 190.955 1315.83 451.945 5848.45 2258.27 0.410258 0.350718 0.350718 0.350718
0.947 191.605 1317.42 452.15 5852.3 2255.18 0.410354 0.350821 0.350821 0.350821
0.948 192.256 1319 452.354 5856.14 2252.06 0.41045 0.350923 0.350923 0.350923
0.949 192.907 1320.59 452.559 5859.99 2248.93 0.410545 0.351025 0.351025 0.351025
0.95 193.558 1322.18 452.764 5863.83 2245.78 0.41064 0.351127 0.351127 0.351127
0.951 194.21 1323.76 452.969 5867.67 2242.61 0.410734 0.351228 0.351228 0.351228
0.952 194.862 1325.35 453.175 5871.5 2239.42 0.410828 0.351329 0.351329 0.351329
0.953 195.515 1326.94 453.38 5875.33 2236.22 0.410922 0.35143 0.35143 0.35143
0.954 196.168 1328.53 453.586 5879.16 2233 0.411016 0.351531 0.351531 0.351531
0.955 196.821 1330.12 453.793 5882.99 2229.76 0.411109 0.351631 0.351631 0.351631
0.956 197.475 1331.71 453.999 5886.81 2226.51 0.411203 0.351731 0.351731 0.351731
0.957 198.129 1333.3 454.206 5890.62 2223.25 0.411296 0.35183 0.35183 0.35183
0.958 198.784 1334.89 454.414 5894.44 2219.97 0.411388 0.351929 0.351929 0.351929
0.959 199.439 1336.48 454.621 5898.25 2216.67 0.41148 0.352028 0.352028 0.352028
0.96 200.095 1338.08 454.829 5902.06 2213.37 0.411573 0.352127 0.352127 0.352127
0.961 200.751 1339.67 455.037 5905.86 2210.05 0.411664 0.352225 0.352225 0.352225
0.962 201.407 1341.26 455.245 5909.67 2206.72 0.411756 0.352323 0.352323 0.352323
0.963 202.064 1342.86 455.453 5913.47 2203.37 0.411847 0.352421 0.352421 0.352421
0.964 202.721 1344.45 455.662 5917.26 2200.02 0.411938 0.352518 0.352518 0.352518
0.965 203.379 1346.05 455.871 5921.05 2196.65 0.412029 0.352615 0.352615 0.352615
0.966 204.037 1347.65 456.081 5924.84 2193.27 0.412119 0.352712 0.352712 0.352712
0.967 204.696 1349.25 456.29 5928.63 2189.88 0.412209 0.352809 0.352809 0.352809
0.968 205.355 1350.84 456.5 5932.41 2186.48 0.412299 0.352905 0.352905 0.352905
0.969 206.014 1352.44 456.71 5936.19 2183.07 0.412389 0.353001 0.353001 0.353001
0.97 206.674 1354.04 456.92 5939.96 2179.64 0.412478 0.353096 0.353096 0.353096
0.971 207.334 1355.64 457.131 5943.74 2176.21 0.412567 0.353191 0.353191 0.353191
0.972 207.994 1357.24 457.342 5947.51 2172.77 0.412656 0.353287 0.353287 0.353287
0.973 208.656 1358.85 457.553 5951.27 2169.32 0.412744 0.353381 0.353381 0.353381
0.974 209.317 1360.45 457.764 5955.03 2165.87 0.412833 0.353476 0.353476 0.353476
0.975 209.979 1362.05 457.976 5958.79 2162.4 0.412921 0.35357 0.35357 0.35357
0.976 210.641 1363.66 458.188 5962.55 2158.92 0.413008 0.353664 0.353664 0.353664
0.977 211.304 1365.26 458.4 5966.3 2155.46 0.413096 0.353757 0.353757 0.353757
0.978 211.967 1366.86 458.612 5970.05 2151.87 0.413183 0.35385 0.35385 0.35385
0.979 212.631 1368.47 458.825 5973.8 2148.45 0.41327 0.353943 0.353943 0.353943
0.98 213.295 1370.08 459.038 5977.54 2144.94 0.413357 0.354036 0.354036 0.354036
0.981 213.959 1371.68 459.251 5981.28 2141.43 0.413443 0.354129 0.354129 0.354129
0.982 214.624 1373.29 459.464 5985.02 2137.91 0.41353 0.354221 0.354221 0.354221
0.983 215.289 1374.9 459.678 5988.75 2134.38 0.413615 0.354313 0.354313 0.354313
0.984 215.955 1376.51 459.892 5992.48 2130.85 0.413701 0.354404 0.354404 0.354404
0.985 216.621 1378.12 460.106 5996.21 2127.31 0.413787 0.354496 0.354496 0.354496
0.986 217.287 1379.73 460.32 5999.93 2123.76 0.413872 0.354587 0.354587 0.354587
0.987 217.954 1381.34 460.535 6003.65 2120.21 0.413957 0.354677 0.354677 0.354677
0.988 218.621 1382.95 460.75 6007.37 2116.66 0.414041 0.354768 0.354768 0.354768
0.989 219.289 1384.57 460.965 6011.09 2113.08 0.414126 0.354858 0.354858 0.354858
0.99 219.957 1386.18 461.18 6014.8 2109.55 0.41421 0.354948 0.354948 0.354948
0.991 220.625 1387.79 461.396 6018.5 2105.83 0.414294 0.355038 0.355038 0.355038
0.992 221.294 1389.41 461.611 6022.21 2102.74 0.414378 0.355127 0.355127 0.355127
0.993 221.964 1391.02 461.827 6025.91 2097.59 0.414461 0.355216 0.355216 0.355216
0.994 222.633 1392.64 462.044 6029.61 2098.96 0.414544 0.355305 0.355305 0.355305
0.995 223.304 1394.25 462.26 6033.3 2080.15 0.414627 0.355394 0.355394 0.355394
0.996 223.974 1395.87 462.477 6036.99 2121 0.41471 0.355482 0.355482 0.355482
0.997 224.645 1397.49 462.694 6040.7 1997.74 0.414792 0.35557 0.35557 0.35557
0.998 225.317 1399.11 462.911 6044.29 2267.44 0.414873 0.355656 0.355656 0.355656
0.999 225.988 1400.73 463.129 6048.32 1893.04 0.414962 0.355752 0.355752 0.355752
1 226.661 1402.35 463.346 6050.64 1058.48 0.415012 0.355807 0.355807 0.355807
