0.002 0.00174519 1.88097 1.4871 14.0047 -0.881633 0.00165235 -0.0010218 -0.0010218 -0.0010218
0.004 0.00509902 3.76489 2.22269 17.2673 -4.92299 0.00203586 -0.00144216 -0.00144216 -0.00144216
0.006 0.00956012 5.65081 2.80159 22.4277 -8.09285 0.00264142 -0.00212998 -0.00212998 -0.00212998
0.008 0.0149699 7.53839 3.29877 26.2785 -5.74954 0.00309251 -0.00268774 -0.00268774 -0.00268774
0.01 0.0212208 9.42744 3.74372 29.8772 -9.3188 0.00351339 -0.00325973 -0.00325973 -0.00325973
0.012 0.0282086 11.3178 4.15115 32.9348 -8.86142 0.00387035 -0.00383795 -0.00383795 -0.00383795
0.014 0.0358202 13.2094 4.52939 35.4757 -10.8083 0.00416637 -0.00444813 -0.00444813 -0.00444813
0.016 0.043933 15.1021 4.88349 37.4427 -11.8829 0.00439486 -0.00510042 -0.00510042 -0.00510042
0.018 0.0524178 16.9959 5.21671 38.8206 -13.6342 0.00455419 -0.00580317 -0.00580317 -0.00580317
0.02 0.061143 18.8906 5.53122 39.6089 -15.4043 0.00464441 -0.00655995 -0.00655995 -0.00655995
0.022 0.0699796 20.7862 5.82857 39.8288 -17.4319 0.00466812 -0.00737117 -0.00737117 -0.00737117
0.024 0.0788054 22.6826 6.1099 39.5181 -18.5115 0.00459816 -0.00823446 -0.00823446 -0.00823446
0.026 0.0875078 24.5798 6.3761 38.7287 -21.2444 0.00451088 -0.00914538 -0.00914538 -0.00914538
0.028 0.0959872 26.4776 6.62793 37.5224 -23.7596 0.00437635 -0.010098 -0.010098 -0.010098
0.03 0.104159 28.376 6.86604 35.9682 -26.2349 0.00420059 -0.0110852 -0.0110852 -0.0110852
0.032 0.111953 30.2749 7.09105 34.1385 -28.6238 0.00399191 -0.0120994 -0.0120994 -0.0120994
0.034 0.119316 32.1743 7.30355 32.1076 -30.9078 0.00375875 -0.0131326 -0.0131326 -0.0131326
0.036 0.126213 34.0741 7.5041 29.9489 -33.0479 0.00350973 -0.014177 -0.014177 -0.014177
0.038 0.132623 35.9743 7.69329 27.734 -35.0093 0.00325327 -0.0152247 -0.0152247 -0.0152247
0.04 0.13854 37.8749 7.87167 25.531 -36.758 0.00299748 -0.0162683 -0.0162683 -0.0162683
0.042 0.143976 39.7757 8.03983 23.4044 -38.2636 0.00274999 -0.0173008 -0.0173008 -0.0173008
0.044 0.148952 41.6767 8.19834 21.4137 -39.4994 0.00251789 -0.0183155 -0.0183155 -0.0183155
0.046 0.153507 43.578 8.34778 19.6141 -40.4425 0.00230772 -0.0193065 -0.0193065 -0.0193065
0.048 0.157688 45.4795 8.48871 18.0553 -41.0741 0.00212539 -0.0202685 -0.0202685 -0.0202685
0.05 0.161553 47.3811 8.62173 16.7823 -41.3792 0.00197623 -0.0211964 -0.0211964 -0.0211964
0.052 0.16517 49.2829 8.74739 15.835 -41.3462 0.00186496 -0.0220859 -0.0220859 -0.0220859
0.054 0.168617 51.1848 8.86625 15.2486 -40.9669 0.00179574 -0.0229334 -0.0229334 -0.0229334
0.056 0.171977 53.0868 8.97887 15.0537 -40.2363 0.00177217 -0.0237355 -0.0237355 -0.0237355
0.058 0.175339 54.989 9.08579 15.2764 -39.1521 0.00179734 -0.0244893 -0.0244893 -0.0244893
0.06 0.178799 56.8913 9.18753 15.9387 -37.7146 0.00187382 -0.0251927 -0.0251927 -0.0251927
0.062 0.182456 58.7936 9.28462 17.0589 -35.9263 0.00200374 -0.0258438 -0.0258438 -0.0258438
0.064 0.186415 60.6962 9.37756 18.6513 -33.7919 0.00218879 -0.026441 -0.026441 -0.026441
0.066 0.190782 62.5988 9.46683 20.727 -31.3179 0.00243026 -0.0269833 -0.0269833 -0.0269833
0.068 0.195664 64.5016 9.5529 23.2939 -28.5123 0.00272906 -0.0274699 -0.0274699 -0.0274699
0.07 0.201171 66.4045 9.63624 26.3572 -25.3848 0.00308577 -0.0279005 -0.0279005 -0.0279005
0.072 0.207415 68.3076 9.71727 29.9193 -21.946 0.00350065 -0.0282749 -0.0282749 -0.0282749
0.074 0.214506 70.2109 9.79642 33.9801 -18.2078 0.00397367 -0.0285932 -0.0285932 -0.0285932
0.076 0.222554 72.1144 9.87409 38.5375 -14.1827 0.00450454 -0.0288558 -0.0288558 -0.0288558
0.078 0.23167 74.0182 9.95066 43.5874 -9.88408 0.00509274 -0.0290633 -0.0290633 -0.0290633
0.08 0.241962 75.9221 10.0265 49.1239 -5.32594 0.00573755 -0.0292165 -0.0292165 -0.0292165
0.082 0.253538 77.8264 10.102 55.1398 -0.522568 0.00643805 -0.0293164 -0.0293164 -0.0293164
0.084 0.266504 79.7309 10.1775 61.6261 4.51143 0.00719317 -0.029364 -0.029364 -0.029364
0.086 0.280962 81.6358 10.2532 68.5733 9.7613 0.00800175 -0.0293606 -0.0293606 -0.0293606
0.088 0.297014 83.541 10.3295 75.9703 15.2122 0.00886219 -0.0293074 -0.0293074 -0.0293074
0.09 0.314759 85.4466 10.4067 83.8058 20.85 0.00977542 -0.029206 -0.029206 -0.029206
0.092 0.334293 87.3526 10.485 92.0674 26.6634 0.010741 -0.0290576 -0.0290576 -0.0290576
0.094 0.355708 89.2591 10.5648 100.742 32.6412 0.0117563 -0.028864 -0.028864 -0.028864
0.096 0.379097 91.166 10.6461 109.818 38.7716 0.0128185 -0.0286265 -0.0286265 -0.0286265
0.098 0.404545 93.0735 10.7294 119.281 45.0429 0.0139279 -0.0283469 -0.0283469 -0.0283469
0.1 0.432138 94.9815 10.8147 129.118 51.4419 0.0150736 -0.0280265 -0.0280265 -0.0280265
0.102 0.461957 96.89 10.9023 139.312 57.9135 0.0162355 -0.0276671 -0.0276671 -0.0276671
0.104 0.494082 98.7992 10.9924 149.87 64.3737 0.0174174 -0.0272697 -0.0272697 -0.0272697
0.106 0.528586 100.709 11.0851 160.7 70.7703 0.0186264 -0.026838 -0.026838 -0.026838
0.108 0.565545 102.62 11.1806 172.086 77.0577 0.0198625 -0.0263648 -0.0263648 -0.0263648
0.11 0.605027 104.531 11.2791 182.905 83.1946 0.0211257 -0.0258844 -0.0258844 -0.0258844
0.112 0.646769 106.443 11.3806 192.823 89.1871 0.0224152 -0.0254066 -0.0254066 -0.0254066
0.114 0.690789 108.355 11.4853 203.591 95.1721 0.0237301 -0.0248803 -0.0248803 -0.0248803
0.116 0.737317 110.269 11.5933 215.198 101.228 0.0250693 -0.0243079 -0.0243079 -0.0243079
0.118 0.786458 112.183 11.7045 227.146 107.403 0.0264323 -0.0237053 -0.0237053 -0.0237053
0.12 0.838297 114.098 11.8192 239.45 113.735 0.0278152 -0.0230731 -0.0230731 -0.0230731
0.122 0.892902 116.014 11.9374 252.046 120.249 0.029232 -0.0224144 -0.0224144 -0.0224144
0.124 0.950337 117.931 12.0592 264.913 126.887 0.0306948 -0.0217304 -0.0217304 -0.0217304
0.126 1.01066 119.849 12.1847 278.028 133.582 0.0321939 -0.0210228 -0.0210228 -0.0210228
0.128 1.07392 121.768 12.3139 291.375 140.307 0.0337215 -0.0202926 -0.0202926 -0.0202926
0.13 1.14018 123.688 12.4469 304.94 147.041 0.0352753 -0.019541 -0.019541 -0.019541
0.132 1.20947 125.609 12.5838 318.712 153.77 0.0368524 -0.0187688 -0.0187688 -0.0187688
0.134 1.28184 127.531 12.7246 332.681 160.486 0.0384485 -0.017977 -0.017977 -0.017977
0.136 1.35734 129.454 12.8693 346.839 167.187 0.0400626 -0.0171662 -0.0171662 -0.0171662
0.138 1.436 131.379 13.0181 361.177 173.871 0.0416947 -0.016337 -0.016337 -0.016337
0.14 1.51787 133.304 13.171 375.69 180.535 0.0433441 -0.0154902 -0.0154902 -0.0154902
0.142 1.60299 135.231 13.3279 390.37 187.177 0.0450101 -0.0146262 -0.0146262 -0.0146262
0.144 1.69138 137.158 13.489 405.214 193.795 0.046692 -0.0137455 -0.0137455 -0.0137455
0.146 1.7831 139.088 13.6542 420.216 200.387 0.0483893 -0.0128485 -0.0128485 -0.0128485
0.148 1.87816 141.018 13.8236 435.373 206.953 0.0501012 -0.0119356 -0.0119356 -0.0119356
0.15 1.97661 142.95 13.9972 450.679 213.492 0.0518274 -0.0110072 -0.0110072 -0.0110072
0.152 2.07847 144.883 14.175 466.133 220.004 0.0535674 -0.0100634 -0.0100634 -0.0100634
0.154 2.18379 146.817 14.357 481.731 226.489 0.0553206 -0.00910465 -0.00910465 -0.00910465
0.156 2.29259 148.753 14.5433 497.47 232.947 0.0570868 -0.00813109 -0.00813109 -0.00813109
0.158 2.4049 150.69 14.7338 513.349 239.379 0.0588656 -0.00714294 -0.00714294 -0.00714294
0.16 2.52075 152.629 14.9286 529.364 245.785 0.0606566 -0.00614039 -0.00614039 -0.00614039
0.162 2.64018 154.569 15.1277 545.515 252.167 0.0624595 -0.00512359 -0.00512359 -0.00512359
0.164 2.76321 156.51 15.3311 561.798 258.525 0.064274 -0.00409268 -0.00409268 -0.00409268
0.166 2.88988 158.453 15.5387 578.214 264.859 0.0660999 -0.00304781 -0.00304781 -0.00304781
0.168 3.0202 160.398 15.7505 594.759 271.171 0.0679368 -0.00198909 -0.00198909 -0.00198909
0.17 3.15422 162.344 15.9667 611.433 277.462 0.0697846 -0.000916617 -0.000916617 -0.000916617
0.172 3.29196 164.292 16.1871 628.235 283.732 0.0716431 0.000169496 0.000169496 0.000169496
0.174 3.43345 166.242 16.4118 645.163 289.983 0.0735119 0.00126915 0.00126915 0.00126915
0.176 3.57871 168.193 16.6407 662.216 296.216 0.0753908 0.00238227 0.00238227 0.00238227
0.178 3.72778 170.146 16.8739 679.393 302.431 0.0772797 0.00350874 0.00350874 0.00350874
0.18 3.88067 172.1 17.1113 696.693 308.63 0.0791783 0.00464848 0.00464848 0.00464848
0.182 4.03743 174.056 17.353 714.114 314.812 0.0810865 0.00580141 0.00580141 0.00580141
0.184 4.19807 176.014 17.5989 731.656 320.98 0.0830039 0.00696742 0.00696742 0.00696742
0.186 4.36262 177.974 17.849 749.318 327.133 0.0849304 0.00814641 0.00814641 0.00814641
0.188 4.5311 179.935 18.1033 767.097 333.272 0.0868658 0.00933829 0.00933829 0.00933829
0.19 4.70356 181.899 18.3618 784.994 339.397 0.0888098 0.0105429 0.0105429 0.0105429
0.192 4.88 183.864 18.6245 803.006 345.51 0.0907623 0.0117603 0.0117603 0.0117603
0.194 5.06046 185.831 18.8913 821.133 351.609 0.092723 0.0129901 0.0129901 0.0129901
0.196 5.24496 187.8 19.1623 839.373 357.696 0.0946916 0.0142324 0.0142324 0.0142324
0.198 5.43352 189.771 19.4374 857.725 363.771 0.0966679 0.0154869 0.0154869 0.0154869
0.2 5.62617 191.743 19.7167 876.187 369.833 0.0986518 0.0167536 0.0167536 0.0167536
0.202 5.82294 193.718 20 894.757 375.883 0.100643 0.0180322 0.0180322 0.0180322
0.204 6.02385 195.695 20.2875 913.435 381.921 0.102641 0.0193227 0.0193227 0.0193227
0.206 6.22892 197.673 20.579 932.218 387.945 0.104646 0.0206248 0.0206248 0.0206248
0.208 6.43818 199.654 20.8746 951.105 393.957 0.106657 0.0219384 0.0219384 0.0219384
0.21 6.65164 201.637 21.1743 970.094 399.955 0.108674 0.0232633 0.0232633 0.0232633
0.212 6.86934 203.621 21.4779 989.182 405.938 0.110697 0.0245992 0.0245992 0.0245992
0.214 7.09129 205.608 21.7856 1008.37 411.907 0.112726 0.025946 0.025946 0.025946
0.216 7.31751 207.597 22.0973 1027.65 417.861 0.11476 0.0273035 0.0273035 0.0273035
0.218 7.54803 209.588 22.413 1047.03 423.799 0.1168 0.0286714 0.0286714 0.0286714
0.22 7.78286 211.581 22.7326 1066.5 429.719 0.118843 0.0300495 0.0300495 0.0300495
0.222 8.02203 213.576 23.0562 1086.06 435.622 0.120892 0.0314376 0.0314376 0.0314376
0.224 8.26556 215.574 23.3837 1105.7 441.506 0.122944 0.0328354 0.0328354 0.0328354
0.226 8.51346 217.574 23.7151 1125.43 447.37 0.125 0.0342426 0.0342426 0.0342426
0.228 8.76576 219.575 24.0504 1145.25 453.213 0.127059 0.035659 0.035659 0.035659
0.23 9.02247 221.58 24.3896 1165.14 459.033 0.129122 0.0370844 0.0370844 0.0370844
0.232 9.2836 223.586 24.7326 1185.11 464.83 0.131187 0.0385183 0.0385183 0.0385183
0.234 9.54919 225.595 25.0795 1205.15 470.603 0.133255 0.0399607 0.0399607 0.0399607
0.236 9.81923 227.606 25.4302 1225.27 476.349 0.135325 0.0414111 0.0414111 0.0414111
0.238 10.0938 229.619 25.7847 1245.46 482.067 0.137396 0.0428692 0.0428692 0.0428692
0.24 10.3728 231.634 26.143 1265.71 487.757 0.139469 0.0443348 0.0443348 0.0443348
0.242 10.6563 233.652 26.505 1286.03 493.416 0.141543 0.0458075 0.0458075 0.0458075
0.244 10.9444 235.672 26.8708 1306.41 499.044 0.143617 0.0472871 0.0472871 0.0472871
0.246 11.2369 237.695 27.2403 1326.85 504.638 0.145692 0.0487732 0.0487732 0.0487732
0.248 11.5341 239.72 27.6136 1347.35 510.197 0.147766 0.0502655 0.0502655 0.0502655
0.25 11.8358 241.748 27.9905 1367.89 515.719 0.14984 0.0517636 0.0517636 0.0517636
0.252 12.142 243.778 28.371 1388.49 521.203 0.151914 0.0532673 0.0532673 0.0532673
0.254 12.4529 245.81 28.7553 1409.13 526.647 0.153986 0.0547761 0.0547761 0.0547761
0.256 12.7683 247.845 29.1431 1429.82 532.049 0.156057 0.0562899 0.0562899 0.0562899
0.258 13.0883 249.882 29.5346 1450.55 537.408 0.158126 0.0578082 0.0578082 0.0578082
0.26 13.413 251.922 29.9296 1471.31 542.723 0.160193 0.0593307 0.0593307 0.0593307
0.262 13.7423 253.964 30.3282 1492.12 547.99 0.162257 0.060857 0.060857 0.060857
0.264 14.0762 256.009 30.7304 1512.95 553.21 0.164318 0.0623868 0.0623868 0.0623868
0.266 14.4147 258.056 31.1361 1533.81 558.379 0.166376 0.0639199 0.0639199 0.0639199
0.268 14.7579 260.106 31.5453 1554.7 563.497 0.16843 0.0654557 0.0654557 0.0654557
0.27 15.1057 262.159 31.958 1575.61 568.562 0.170481 0.0669941 0.0669941 0.0669941
0.272 15.4581 264.214 32.3741 1596.54 573.572 0.172527 0.0685346 0.0685346 0.0685346
0.274 15.8152 266.271 32.7937 1617.48 578.525 0.174568 0.070077 0.070077 0.070077
0.276 16.177 268.332 33.2167 1638.44 583.42 0.176605 0.0716208 0.0716208 0.0716208
0.278 16.5434 270.395 33.6432 1659.41 588.255 0.178636 0.0731658 0.0731658 0.0731658
0.28 16.9145 272.46 34.073 1680.39 593.029 0.180661 0.0747115 0.0747115 0.0747115
0.282 17.2903 274.529 34.5061 1701.37 597.74 0.182681 0.0762578 0.0762578 0.0762578
0.284 17.6707 276.6 34.9427 1722.36 602.386 0.184694 0.0778043 0.0778043 0.0778043
0.286 18.0558 278.673 35.3825 1743.34 606.966 0.186701 0.0793505 0.0793505 0.0793505
0.288 18.4455 280.75 35.8256 1764.32 611.479 0.188701 0.0808963 0.0808963 0.0808963
0.29 18.8399 282.829 36.272 1785.3 615.922 0.190693 0.0824413 0.0824413 0.0824413
0.292 19.239 284.911 36.7217 1806.26 620.296 0.192678 0.0839851 0.0839851 0.0839851
0.294 19.6427 286.995 37.1746 1827.21 624.597 0.194656 0.0855275 0.0855275 0.0855275
0.296 20.0511 289.083 37.6307 1848.15 628.825 0.196625 0.0870682 0.0870682 0.0870682
0.298 20.4641 291.173 38.09 1869.07 632.978 0.198586 0.0886068 0.0886068 0.0886068
0.3 20.8818 293.266 38.5524 1889.96 637.056 0.200539 0.0901431 0.0901431 0.0901431
0.302 21.3041 295.361 39.018 1910.84 641.056 0.202482 0.0916768 0.0916768 0.0916768
0.304 21.731 297.46 39.4868 1931.68 644.978 0.204417 0.0932075 0.0932075 0.0932075
0.306 22.1626 299.561 39.9586 1952.5 648.821 0.206342 0.094735 0.094735 0.094735
0.308 22.5988 301.666 40.4335 1973.29 652.583 0.208257 0.0962591 0.0962591 0.0962591
0.31 23.0396 303.773 40.9115 1994.05 656.263 0.210163 0.0977794 0.0977794 0.0977794
0.312 23.485 305.882 41.3925 2014.77 659.86 0.212059 0.0992956 0.0992956 0.0992956
0.314 23.9351 307.995 41.8765 2035.45 663.373 0.213944 0.100808 0.100808 0.100808
0.316 24.3897 310.111 42.3635 2056.09 666.801 0.215819 0.102315 0.102315 0.102315
0.318 24.8489 312.229 42.8535 2076.68 670.144 0.217683 0.103818 0.103818 0.103818
0.32 25.3127 314.351 43.3464 2097.24 673.4 0.219536 0.105315 0.105315 0.105315
0.322 25.781 316.475 43.8423 2117.74 676.568 0.221378 0.106808 0.106808 0.106808
0.324 26.2539 318.602 44.341 2138.2 679.648 0.223209 0.108295 0.108295 0.108295
0.326 26.7313 320.733 44.8426 2158.6 682.639 0.225028 0.109776 0.109776 0.109776
0.328 27.2132 322.866 45.3471 2178.95 685.54 0.226836 0.111251 0.111251 0.111251
0.33 27.6997 325.002 45.8544 2199.24 688.351 0.228632 0.11272 0.11272 0.11272
0.332 28.1907 327.141 46.3646 2219.48 691.07 0.230416 0.114183 0.114183 0.114183
0.334 28.6861 329.283 46.8775 2239.66 693.698 0.232188 0.115639 0.115639 0.115639
0.336 29.1861 331.428 47.3931 2259.77 696.234 0.233948 0.117088 0.117088 0.117088
0.338 29.6905 333.576 47.9115 2279.83 698.677 0.235695 0.118531 0.118531 0.118531
0.34 30.1993 335.727 48.4327 2299.81 701.027 0.23743 0.119966 0.119966 0.119966
0.342 30.7126 337.881 48.9565 2319.74 703.283 0.239152 0.121394 0.121394 0.121394
0.344 31.2303 340.038 49.483 2339.59 705.445 0.240861 0.122815 0.122815 0.122815
0.346 31.7524 342.198 50.0121 2359.37 707.513 0.242558 0.124228 0.124228 0.124228
0.348 32.2789 344.361 50.5439 2379.09 709.487 0.244242 0.125633 0.125633 0.125633
0.35 32.8098 346.527 51.0783 2398.73 711.366 0.245912 0.12703 0.12703 0.12703
0.352 33.345 348.697 51.6152 2418.29 713.15 0.24757 0.12842 0.12842 0.12842
0.354 33.8846 350.869 52.1547 2437.78 714.839 0.249214 0.129801 0.129801 0.129801
0.356 34.4285 353.044 52.6968 2457.2 716.432 0.250846 0.131173 0.131173 0.131173
0.358 34.9767 355.222 53.2414 2476.53 717.931 0.252463 0.132537 0.132537 0.132537
0.36 35.5291 357.404 53.7884 2495.79 719.333 0.254069 0.133893 0.133893 0.133893
0.362 36.0859 359.588 54.3379 2514.97 720.646 0.255655 0.13524 0.13524 0.13524
0.364 36.6469 361.776 54.8899 2534.06 721.861 0.25732 0.136578 0.136578 0.136578
0.366 37.2121 363.967 55.4443 2553.08 723.473 0.259375 0.137907 0.137907 0.137907
0.368 37.7816 366.16 56.0011 2572.01 726.036 0.261676 0.139227 0.139227 0.139227
0.37 38.3553 368.357 56.5602 2590.85 729.9 0.264085 0.140538 0.140538 0.140538
0.372 38.9331 370.557 57.1217 2609.61 735.154 0.26663 0.14184 0.14184 0.14184
0.374 39.5151 372.76 57.6856 2628.31 742.437 0.26903 0.143134 0.143134 0.143134
0.376 40.1012 374.967 58.2517 2646.8 747.552 0.269198 0.144412 0.144412 0.144412
0.378 40.6915 377.176 58.8202 2665.66 739.938 0.266445 0.145704 0.145704 0.145704
0.38 41.2858 379.389 59.3909 2682.7 712.985 0.262612 0.146901 0.146901 0.146901
0.382 41.8842 381.604 59.9638 2706.14 662.754 0.257831 0.148408 0.148408 0.148408
0.384 42.4867 383.823 60.539 2705.28 586.004 0.252347 0.148715 0.148715 0.148715
0.386 43.0719 386.045 61.1163 2505.9 481.698 0.24626 0.139179 0.139179 0.139179
0.388 43.5998 388.27 61.695 2297.74 367.296 0.239658 0.129157 0.129157 0.129157
0.39 44.1037 390.497 62.2746 2232.65 257.363 0.232594 0.126163 0.126163 0.126163
0.392 44.5923 392.727 62.8548 2170.48 159.26 0.225132 0.123299 0.123299 0.123299
0.394 45.0698 394.96 63.4353 2127.94 77.985 0.217244 0.121388 0.121388 0.121388
0.396 45.5386 397.194 64.0161 2092.73 18.166 0.209471 0.119829 0.119829 0.119829
0.398 46.0004 399.432 64.5969 2064.2 -24.3045 0.20423 0.11859 0.11859 0.11859
0.4 46.4564 401.671 65.1776 2040.21 -57.7596 0.201105 0.117567 0.117567 0.117567
0.402 46.9074 403.913 65.7582 2019.86 -86.045 0.198747 0.116715 0.116715 0.116715
0.404 47.3543 406.157 66.3386 2002.37 -110.953 0.197044 0.115999 0.115999 0.115999
0.406 47.7976 408.403 66.9188 1987.23 -133.786 0.195786 0.115392 0.115392 0.115392
0.408 48.2377 410.651 67.4985 1974.04 -155.25 0.194676 0.114876 0.114876 0.114876
0.41 48.675 412.902 68.0779 1962.5 -175.239 0.193467 0.114436 0.114436 0.114436
0.412 49.11 415.155 68.6567 1952.37 -193.793 0.192422 0.114062 0.114062 0.114062
0.414 49.5428 417.409 69.2351 1943.45 -210.511 0.191927 0.113743 0.113743 0.113743
0.416 49.9738 419.666 69.8129 1935.6 -224.942 0.191747 0.113472 0.113472 0.113472
0.418 50.4032 421.925 70.3902 1928.68 -236.937 0.191708 0.113243 0.113243 0.113243
0.42 50.8311 424.186 70.9668 1922.59 -246.684 0.191799 0.113052 0.113052 0.113052
0.422 51.2577 426.449 71.5428 1917.24 -253.515 0.19192 0.112894 0.112894 0.112894
0.424 51.6832 428.714 72.1181 1912.55 -261.959 0.189718 0.112765 0.112765 0.112765
0.426 52.1078 430.981 72.6928 1908.49 -283.713 0.184427 0.112664 0.112664 0.112664
0.428 52.5315 433.25 73.2667 1904.81 -324.768 0.178735 0.112579 0.112579 0.112579
0.43 52.9544 435.521 73.8398 1902.25 -387.131 0.172614 0.112545 0.112545 0.112545
0.432 53.3768 437.794 74.4122 1897.8 -472.38 0.166281 0.11242 0.11242 0.11242
0.434 53.78 440.069 74.9838 1650.88 -580.721 0.159721 0.100606 0.100606 0.100606
0.436 54.111 442.346 75.554 1410.48 -691.678 0.152991 0.0890999 0.0890999 0.0890999
0.438 54.4225 444.624 76.1224 1381.96 -789.263 0.146188 0.0877983 0.0877983 0.0877983
0.44 54.7242 446.903 76.6887 1340.16 -868.524 0.139338 0.0858376 0.0858376 0.0858376
0.442 55.0196 449.184 77.253 1317.6 -926.938 0.132455 0.0848865 0.0848865 0.0848865
0.444 55.3096 451.466 77.8152 1292.76 -961.627 0.125807 0.0842593 0.0842593 0.0842593
0.446 55.5947 453.749 78.3753 1274.77 -978.543 0.122352 0.0839084 0.0839084 0.0839084
0.448 55.8768 456.034 78.9332 1264.98 -988.243 0.121241 0.0836106 0.0836106 0.0836106
0.45 56.157 458.32 79.4889 1257.35 -994.799 0.120558 0.0834067 0.0834067 0.0834067
0.452 56.4358 460.607 80.0424 1251.88 -999.4 0.120313 0.0832615 0.0832615 0.0832615
0.454 56.7135 462.896 80.5938 1247.79 -1002.98 0.120335 0.0831669 0.0831669 0.0831669
0.456 56.9905 465.185 81.1431 1244.82 -1006.17 0.120424 0.0831121 0.0831121 0.0831121
0.458 57.2668 467.476 81.6901 1242.71 -1008.86 0.120264 0.0830909 0.0830909 0.0830909
0.46 57.5428 469.768 82.2351 1241.33 -1010.95 0.120147 0.0830977 0.0830977 0.0830977
0.462 57.8186 472.061 82.7779 1240.54 -1012.5 0.120062 0.0831286 0.0831286 0.0831286
0.464 58.0942 474.356 83.3186 1240.26 -1013.61 0.120017 0.0831803 0.0831803 0.0831803
0.466 58.3698 476.651 83.8573 1240.41 -1014.36 0.119998 0.0832501 0.0832501 0.0832501
0.468 58.6455 478.948 84.3938 1240.94 -1014.76 0.120001 0.0833359 0.0833359 0.0833359
0.47 58.9214 481.246 84.9283 1241.8 -1014.84 0.120031 0.083436 0.083436 0.083436
0.472 59.1975 483.545 85.4607 1242.95 -1014.63 0.120087 0.0835487 0.0835487 0.0835487
0.474 59.4738 485.846 85.9912 1244.37 -1014.23 0.120167 0.0836729 0.0836729 0.0836729
0.476 59.7505 488.147 86.5196 1246.02 -1013.54 0.120268 0.0838074 0.0838074 0.0838074
0.478 60.0276 490.45 87.046 1247.88 -1012.65 0.120389 0.0839513 0.0839513 0.0839513
0.48 60.3052 492.754 87.5705 1249.93 -1011.57 0.120528 0.0841037 0.0841037 0.0841037
0.482 60.5832 495.059 88.093 1252.16 -1010.34 0.120684 0.0842639 0.0842639 0.0842639
0.484 60.8617 497.365 88.6136 1254.55 -1008.93 0.120855 0.0844314 0.0844314 0.0844314
0.486 61.1408 499.672 89.1322 1257.09 -1007.39 0.121039 0.0846055 0.0846055 0.0846055
0.488 61.4204 501.981 89.649 1259.76 -1005.76 0.121237 0.0847857 0.0847857 0.0847857
0.49 61.7007 504.29 90.1639 1262.56 -1004.01 0.121446 0.0849716 0.0849716 0.0849716
0.492 61.9816 506.601 90.6769 1265.47 -1002.15 0.121667 0.0851628 0.0851628 0.0851628
0.494 62.2631 508.913 91.1881 1268.49 -1000.21 0.121898 0.0853589 0.0853589 0.0853589
0.496 62.5453 511.226 91.6975 1271.62 -998.182 0.122138 0.0855596 0.0855596 0.0855596
0.498 62.8283 513.54 92.2051 1274.83 -996.073 0.122387 0.0857646 0.0857646 0.0857646
0.5 63.1119 515.855 92.7108 1278.14 -993.894 0.122644 0.0859736 0.0859736 0.0859736
0.502 63.3963 518.172 93.2148 1281.53 -991.65 0.122909 0.0861864 0.0861864 0.0861864
0.504 63.6815 520.489 93.7171 1285 -989.346 0.123182 0.0864026 0.0864026 0.0864026
0.506 63.9675 522.808 94.2176 1288.54 -986.986 0.123461 0.0866223 0.0866223 0.0866223
0.508 64.2542 525.128 94.7165 1292.15 -984.576 0.123747 0.086845 0.086845 0.086845
0.51 64.5418 527.449 95.2136 1295.83 -982.12 0.124039 0.0870707 0.0870707 0.0870707
0.512 64.8301 529.771 95.709 1299.57 -979.621 0.124336 0.0872991 0.0872991 0.0872991
0.514 65.1193 532.094 96.2028 1303.36 -977.082 0.124639 0.0875302 0.0875302 0.0875302
0.516 65.4094 534.419 96.695 1307.22 -974.508 0.124947 0.0877638 0.0877638 0.0877638
0.518 65.7003 536.744 97.1855 1311.12 -971.901 0.12526 0.0879997 0.0879997 0.0879997
0.52 65.9921 539.071 97.6744 1315.08 -969.264 0.125577 0.0882379 0.0882379 0.0882379
0.522 66.2848 541.398 98.1617 1319.09 -966.599 0.125899 0.0884781 0.0884781 0.0884781
0.524 66.5784 543.727 98.6474 1323.14 -963.909 0.126225 0.0887203 0.0887203 0.0887203
0.526 66.8729 546.057 99.1316 1327.23 -961.196 0.126554 0.0889645 0.0889645 0.0889645
0.528 67.1683 548.388 99.6143 1331.37 -958.462 0.126888 0.0892104 0.0892104 0.0892104
0.53 67.4646 550.721 100.095 1335.54 -955.709 0.127225 0.089458 0.089458 0.089458
0.532 67.7619 553.054 100.575 1339.76 -952.94 0.127565 0.0897072 0.0897072 0.0897072
0.534 68.0601 555.388 101.053 1344.01 -950.154 0.127908 0.089958 0.089958 0.089958
0.536 68.3592 557.724 101.53 1348.29 -947.355 0.128255 0.0902102 0.0902102 0.0902102
0.538 68.6593 560.061 102.005 1352.61 -944.544 0.128604 0.0904637 0.0904637 0.0904637
0.54 68.9604 562.398 102.479 1356.96 -941.722 0.128956 0.0907186 0.0907186 0.0907186
0.542 69.2624 564.737 102.951 1361.34 -938.89 0.12931 0.0909747 0.0909747 0.0909747
0.544 69.5654 567.077 103.422 1365.75 -936.05 0.129667 0.091232 0.091232 0.091232
0.546 69.8694 569.419 103.891 1370.18 -933.203 0.130027 0.0914905 0.0914905 0.0914905
0.548 70.1744 571.761 104.359 1374.65 -930.35 0.130388 0.0917499 0.0917499 0.0917499
0.55 70.4803 574.104 104.826 1379.14 -927.492 0.130752 0.0920104 0.0920104 0.0920104
0.552 70.7873 576.449 105.291 1383.65 -924.629 0.131118 0.0922719 0.0922719 0.0922719
0.554 71.0953 578.794 105.755 1388.19 -921.764 0.131485 0.0925342 0.0925342 0.0925342
0.556 71.4043 581.141 106.218 1392.75 -918.897 0.131855 0.0927974 0.0927974 0.0927974
0.558 71.7143 583.489 106.679 1397.34 -916.028 0.132226 0.0930614 0.0930614 0.0930614
0.56 72.0253 585.838 107.139 1401.94 -913.158 0.132599 0.0933262 0.0933262 0.0933262
0.562 72.3374 588.188 107.598 1406.57 -910.289 0.132973 0.0935917 0.0935917 0.0935917
0.564 72.6505 590.539 108.055 1411.21 -907.421 0.133349 0.0938579 0.0938579 0.0938579
0.566 72.9646 592.891 108.511 1415.88 -904.554 0.133727 0.0941247 0.0941247 0.0941247
0.568 73.2798 595.245 108.966 1420.56 -901.689 0.134106 0.0943921 0.0943921 0.0943921
0.57 73.596 597.599 109.42 1425.26 -898.828 0.134486 0.0946601 0.0946601 0.0946601
0.572 73.9132 599.955 109.872 1429.97 -895.969 0.134867 0.0949287 0.0949287 0.0949287
0.574 74.2315 602.312 110.323 1434.7 -893.115 0.135249 0.0951977 0.0951977 0.0951977
0.576 74.5509 604.669 110.773 1439.45 -890.265 0.135633 0.0954673 0.0954673 0.0954673
0.578 74.8713 607.028 111.222 1444.21 -887.42 0.136018 0.0957372 0.0957372 0.0957372
0.58 75.1927 609.389 111.67 1448.99 -884.58 0.136403 0.0960076 0.0960076 0.0960076
0.582 75.5153 611.75 112.116 1453.78 -881.746 0.13679 0.0962784 0.0962784 0.0962784
0.584 75.8389 614.112 112.562 1458.58 -878.919 0.137177 0.0965495 0.0965495 0.0965495
0.586 76.1635 616.475 113.006 1463.4 -876.098 0.137566 0.096821 0.096821 0.096821
0.588 76.4892 618.84 113.449 1468.22 -873.284 0.137955 0.0970927 0.0970927 0.0970927
0.59 76.8161 621.206 113.891 1473.06 -870.478 0.138344 0.0973647 0.0973647 0.0973647
0.592 77.1439 623.572 114.332 1477.91 -867.679 0.138735 0.097637 0.097637 0.097637
0.594 77.4729 625.94 114.771 1482.78 -864.889 0.139126 0.0979096 0.0979096 0.0979096
0.596 77.803 628.309 115.21 1487.65 -862.107 0.139518 0.0981823 0.0981823 0.0981823
0.598 78.1341 630.679 115.647 1492.53 -859.334 0.13991 0.0984552 0.0984552 0.0984552
0.6 78.4663 633.05 116.084 1497.42 -856.569 0.140303 0.0987283 0.0987283 0.0987283
0.602 78.7996 635.423 116.519 1502.32 -853.815 0.140696 0.0990015 0.0990015 0.0990015
0.604 79.134 637.796 116.954 1507.23 -851.069 0.14109 0.0992749 0.0992749 0.0992749
0.606 79.4695 640.17 117.387 1512.15 -848.334 0.141484 0.0995483 0.0995483 0.0995483
0.608 79.8061 642.546 117.819 1517.07 -845.608 0.141879 0.0998219 0.0998219 0.0998219
0.61 80.1437 644.923 118.25 1522 -842.893 0.142274 0.100095 0.100095 0.100095
0.612 80.4825 647.301 118.681 1526.94 -840.189 0.142669 0.100369 0.100369 0.100369
0.614 80.8224 649.679 119.11 1531.89 -837.495 0.143065 0.100643 0.100643 0.100643
0.616 81.1634 652.06 119.538 1536.84 -834.812 0.14346 0.100917 0.100917 0.100917
0.618 81.5054 654.441 119.965 1541.8 -832.14 0.143856 0.10119 0.10119 0.10119
0.62 81.8486 656.823 120.392 1546.77 -829.479 0.144253 0.101464 0.101464 0.101464
0.622 82.1929 659.206 120.817 1551.74 -826.83 0.144649 0.101738 0.101738 0.101738
0.624 82.5383 661.591 121.242 1556.72 -824.192 0.145045 0.102011 0.102011 0.102011
0.626 82.8848 663.976 121.665 1561.7 -821.566 0.145442 0.102285 0.102285 0.102285
0.628 83.2324 666.363 122.088 1566.69 -818.952 0.145839 0.102558 0.102558 0.102558
0.63 83.5811 668.751 122.509 1571.68 -816.35 0.146235 0.102832 0.102832 0.102832
0.632 83.9309 671.14 122.93 1576.68 -813.761 0.146632 0.103105 0.103105 0.103105
0.634 84.2818 673.53 123.35 1581.68 -811.183 0.147029 0.103378 0.103378 0.103378
0.636 84.6338 675.921 123.769 1586.68 -808.618 0.147426 0.103651 0.103651 0.103651
0.638 84.987 678.313 124.187 1591.69 -806.066 0.147822 0.103924 0.103924 0.103924
0.64 85.3413 680.706 124.604 1596.7 -803.526 0.148219 0.104197 0.104197 0.104197
0.642 85.6966 683.101 125.02 1601.71 -800.999 0.148616 0.10447 0.10447 0.10447
0.644 86.0531 685.497 125.436 1606.73 -798.485 0.149012 0.104742 0.104742 0.104742
0.646 86.4107 687.893 125.85 1611.75 -795.984 0.149408 0.105014 0.105014 0.105014
0.648 86.7695 690.291 126.264 1616.77 -793.496 0.149805 0.105286 0.105286 0.105286
0.65 87.1293 692.69 126.677 1621.79 -791.021 0.150201 0.105558 0.105558 0.105558
0.652 87.4903 695.09 127.089 1626.82 -788.559 0.150596 0.10583 0.10583 0.10583
0.654 87.8523 697.491 127.5 1631.84 -786.11 0.150992 0.106101 0.106101 0.106101
0.656 88.2155 699.893 127.91 1636.87 -783.675 0.151388 0.106372 0.106372 0.106372
0.658 88.5798 702.296 128.32 1641.9 -781.253 0.151783 0.106643 0.106643 0.106643
0.66 88.9453 704.701 128.729 1646.93 -778.845 0.152178 0.106914 0.106914 0.106914
0.662 89.3118 707.106 129.137 1651.97 -776.45 0.152572 0.107184 0.107184 0.107184
0.664 89.6795 709.513 129.544 1657 -774.069 0.152967 0.107454 0.107454 0.107454
0.666 90.0483 711.921 129.95 1662.04 -771.701 0.153361 0.107724 0.107724 0.107724
0.668 90.4182 714.33 130.356 1667.07 -769.347 0.153755 0.107994 0.107994 0.107994
0.67 90.7892 716.74 130.761 1672.1 -767.007 0.154148 0.108263 0.108263 0.108263
0.672 91.1613 719.151 131.165 1677.14 -764.681 0.154541 0.108532 0.108532 0.108532
0.674 91.5346 721.563 131.568 1682.17 -762.368 0.154934 0.108801 0.108801 0.108801
0.676 91.9089 723.976 131.971 1687.21 -760.07 0.155326 0.109069 0.109069 0.109069
0.678 92.2844 726.391 132.373 1692.24 -757.785 0.155718 0.109337 0.109337 0.109337
0.68 92.6611 728.806 132.774 1697.28 -755.514 0.156109 0.109605 0.109605 0.109605
0.682 93.0388 731.223 133.174 1702.31 -753.257 0.156501 0.109872 0.109872 0.109872
0.684 93.4176 733.641 133.574 1707.34 -751.014 0.156891 0.110139 0.110139 0.110139
0.686 93.7976 736.059 133.973 1712.38 -748.785 0.157281 0.110405 0.110405 0.110405
0.688 94.1787 738.479 134.371 1717.41 -746.57 0.157671 0.110672 0.110672 0.110672
0.69 94.5609 740.901 134.769 1722.44 -744.369 0.158061 0.110937 0.110937 0.110937
0.692 94.9442 743.323 135.166 1727.46 -742.183 0.158449 0.111203 0.111203 0.111203
0.694 95.3287 745.746 135.562 1732.49 -740.01 0.158838 0.111468 0.111468 0.111468
0.696 95.7142 748.17 135.957 1737.52 -737.851 0.159225 0.111733 0.111733 0.111733
0.698 96.1009 750.596 136.352 1742.54 -735.707 0.159613 0.111997 0.111997 0.111997
0.7 96.4887 753.023 136.746 1747.56 -733.576 0.16 0.112261 0.112261 0.112261
0.702 96.8776 755.45 137.14 1752.58 -731.46 0.160386 0.112524 0.112524 0.112524
0.704 97.2676 757.879 137.533 1757.6 -729.357 0.160772 0.112787 0.112787 0.112787
0.706 97.6587 760.309 137.925 1762.61 -727.269 0.161157 0.11305 0.11305 0.11305
0.708 98.051 762.74 138.317 1767.63 -725.195 0.161541 0.113312 0.113312 0.113312
0.71 98.4443 765.172 138.707 1772.64 -723.135 0.161925 0.113574 0.113574 0.113574
0.712 98.8388 767.606 139.098 1777.64 -721.09 0.162309 0.113836 0.113836 0.113836
0.714 99.2344 770.04 139.487 1782.65 -719.058 0.162691 0.114097 0.114097 0.114097
0.716 99.6311 772.475 139.876 1787.65 -717.041 0.163074 0.114357 0.114357 0.114357
0.718 100.029 774.912 140.265 1792.65 -715.037 0.163455 0.114617 0.114617 0.114617
0.72 100.428 777.35 140.652 1797.65 -713.048 0.163836 0.114877 0.114877 0.114877
0.722 100.828 779.789 141.04 1802.64 -711.073 0.164217 0.115136 0.115136 0.115136
0.724 101.229 782.229 141.426 1807.63 -709.111 0.164596 0.115395 0.115395 0.115395
0.726 101.631 784.67 141.812 1812.62 -707.164 0.164976 0.115653 0.115653 0.115653
0.728 102.035 787.112 142.197 1817.6 -705.231 0.165354 0.115911 0.115911 0.115911
0.73 102.439 789.555 142.582 1822.58 -703.312 0.165732 0.116168 0.116168 0.116168
0.732 102.845 791.999 142.966 1827.56 -701.407 0.166109 0.116425 0.116425 0.116425
0.734 103.251 794.445 143.35 1832.53 -699.516 0.166485 0.116681 0.116681 0.116681
0.736 103.659 796.891 143.733 1837.5 -697.639 0.166861 0.116937 0.116937 0.116937
0.738 104.068 799.339 144.115 1842.47 -695.776 0.167236 0.117192 0.117192 0.117192
0.74 104.478 801.788 144.497 1847.43 -693.927 0.167611 0.117447 0.117447 0.117447
0.742 104.889 804.238 144.879 1852.39 -692.092 0.167984 0.117702 0.117702 0.117702
0.744 105.301 806.689 145.259 1857.34 -690.271 0.168357 0.117956 0.117956 0.117956
0.746 105.715 809.141 145.639 1862.29 -688.464 0.168729 0.118209 0.118209 0.118209
0.748 106.129 811.594 146.019 1867.24 -686.67 0.169101 0.118462 0.118462 0.118462
0.75 106.544 814.049 146.398 1872.18 -684.891 0.169472 0.118714 0.118714 0.118714
0.752 106.961 816.504 146.777 1877.11 -683.125 0.169842 0.118966 0.118966 0.118966
0.754 107.379 818.961 147.155 1882.04 -681.373 0.170211 0.119218 0.119218 0.119218
0.756 107.798 821.418 147.532 1886.97 -679.635 0.17058 0.119469 0.119469 0.119469
0.758 108.217 823.877 147.909 1891.9 -677.91 0.170948 0.119719 0.119719 0.119719
0.76 108.638 826.337 148.286 1896.81 -676.2 0.171315 0.119969 0.119969 0.119969
0.762 109.06 828.798 148.662 1901.73 -674.502 0.171681 0.120218 0.120218 0.120218
0.764 109.484 831.26 149.037 1906.64 -672.819 0.172047 0.120467 0.120467 0.120467
0.766 109.908 833.723 149.412 1911.54 -671.149 0.172412 0.120716 0.120716 0.120716
0.768 110.333 836.188 149.786 1916.44 -669.493 0.172776 0.120963 0.120963 0.120963
0.77 110.76 838.653 150.16 1921.33 -667.85 0.173139 0.121211 0.121211 0.121211
0.772 111.187 841.12 150.533 1926.22 -666.221 0.173502 0.121457 0.121457 0.121457
0.774 111.616 843.588 150.906 1931.11 -664.605 0.173864 0.121704 0.121704 0.121704
0.776 112.045 846.056 151.279 1935.99 -663.003 0.174225 0.121949 0.121949 0.121949
0.778 112.476 848.526 151.651 1940.86 -661.414 0.174585 0.122195 0.122195 0.122195
0.78 112.908 850.997 152.022 1945.73 -659.839 0.174944 0.122439 0.122439 0.122439
0.782 113.341 853.469 152.393 1950.59 -658.277 0.175303 0.122683 0.122683 0.122683
0.784 113.775 855.943 152.763 1955.45 -656.728 0.175661 0.122927 0.122927 0.122927
0.786 114.21 858.417 153.133 1960.3 -655.192 0.176018 0.12317 0.12317 0.12317
0.788 114.646 860.892 153.503 1965.15 -653.67 0.176374 0.123412 0.123412 0.123412
0.79 115.083 863.369 153.872 1969.99 -652.161 0.17673 0.123654 0.123654 0.123654
0.792 115.522 865.846 154.24 1974.83 -650.665 0.177084 0.123896 0.123896 0.123896
0.794 115.961 868.325 154.609 1979.66 -649.182 0.177438 0.124137 0.124137 0.124137
0.796 116.402 870.805 154.976 1984.48 -647.712 0.177791 0.124377 0.124377 0.124377
0.798 116.843 873.286 155.343 1989.3 -646.256 0.178143 0.124617 0.124617 0.124617
0.8 117.286 875.768 155.71 1994.11 -644.812 0.178495 0.124856 0.124856 0.124856
0.802 117.729 878.251 156.076 1998.92 -643.381 0.178845 0.125095 0.125095 0.125095
0.804 118.174 880.736 156.442 2003.72 -641.963 0.179195 0.125333 0.125333 0.125333
0.806 118.62 883.221 156.808 2008.52 -640.558 0.179544 0.125571 0.125571 0.125571
0.808 119.067 885.708 157.173 2013.31 -639.166 0.179892 0.125808 0.125808 0.125808
0.81 119.515 888.195 157.537 2018.1 -637.786 0.180239 0.126045 0.126045 0.126045
0.812 119.964 890.684 157.901 2022.87 -636.419 0.180585 0.126281 0.126281 0.126281
0.814 120.414 893.174 158.265 2027.65 -635.065 0.180931 0.126516 0.126516 0.126516
0.816 120.865 895.665 158.628 2032.41 -633.723 0.181276 0.126751 0.126751 0.126751
0.818 121.317 898.157 158.991 2037.17 -632.394 0.18162 0.126985 0.126985 0.126985
0.82 121.77 900.65 159.353 2041.93 -631.078 0.181963 0.127219 0.127219 0.127219
0.822 122.225 903.144 159.715 2046.68 -629.774 0.182305 0.127453 0.127453 0.127453
0.824 122.68 905.639 160.077 2051.42 -628.482 0.182646 0.127685 0.127685 0.127685
0.826 123.136 908.136 160.438 2056.15 -627.203 0.182987 0.127918 0.127918 0.127918
0.828 123.594 910.634 160.799 2060.88 -625.936 0.183327 0.128149 0.128149 0.128149
0.83 124.052 913.132 161.159 2065.61 -624.681 0.183665 0.12838 0.12838 0.12838
0.832 124.512 915.632 161.519 2070.33 -623.439 0.184003 0.128611 0.128611 0.128611
0.834 124.972 918.133 161.879 2075.04 -622.209 0.184341 0.128841 0.128841 0.128841
0.836 125.434 920.635 162.238 2079.74 -620.99 0.184677 0.129071 0.129071 0.129071
0.838 125.897 923.138 162.597 2084.44 -619.784 0.185013 0.1293 0.1293 0.1293
0.84 126.36 925.642 162.955 2089.13 -618.59 0.185347 0.129528 0.129528 0.129528
0.842 126.825 928.148 163.313 2093.82 -617.408 0.185681 0.129756 0.129756 0.129756
0.844 127.291 930.654 163.671 2098.5 -616.238 0.186014 0.129983 0.129983 0.129983
0.846 127.758 933.162 164.028 2103.17 -615.079 0.186346 0.13021 0.13021 0.13021
0.848 128.226 935.67 164.385 2107.84 -613.932 0.186677 0.130436 0.130436 0.130436
0.85 128.695 938.18 164.741 2112.5 -612.797 0.187008 0.130662 0.130662 0.130662
0.852 129.165 940.691 165.097 2117.16 -611.674 0.187338 0.130888 0.130888 0.130888
0.854 129.636 943.203 165.453 2121.8 -610.562 0.187666 0.131112 0.131112 0.131112
0.856 130.108 945.716 165.808 2126.45 -609.462 0.187994 0.131336 0.131336 0.131336
0.858 130.581 948.23 166.163 2131.08 -608.373 0.188321 0.13156 0.13156 0.13156
0.86 131.055 950.745 166.518 2135.71 -607.295 0.188648 0.131783 0.131783 0.131783
0.862 131.53 953.262 166.872 2140.34 -606.229 0.188973 0.132006 0.132006 0.132006
0.864 132.006 955.779 167.226 2144.95 -605.174 0.189298 0.132228 0.132228 0.132228
0.866 132.483 958.298 167.579 2149.56 -604.13 0.189622 0.13245 0.13245 0.13245
0.868 132.961 960.817 167.932 2154.17 -603.098 0.189945 0.132671 0.132671 0.132671
0.87 133.441 963.338 168.285 2158.76 -602.076 0.190267 0.132891 0.132891 0.132891
0.872 133.921 965.86 168.637 2163.36 -601.065 0.190588 0.133111 0.133111 0.133111
0.874 134.402 968.383 168.99 2167.94 -600.066 0.190909 0.133331 0.133331 0.133331
0.876 134.884 970.907 169.341 2172.52 -599.077 0.191228 0.13355 0.13355 0.13355
0.878 135.368 973.432 169.693 2177.09 -598.098 0.191547 0.133769 0.133769 0.133769
0.88 135.852 975.958 170.044 2181.66 -597.131 0.191865 0.133987 0.133987 0.133987
0.882 136.337 978.486 170.394 2186.22 -596.174 0.192183 0.134204 0.134204 0.134204
0.884 136.824 981.014 170.745 2190.77 -595.227 0.192499 0.134421 0.134421 0.134421
0.886 137.311 983.544 171.095 2195.32 -594.291 0.192815 0.134638 0.134638 0.134638
0.888 137.799 986.075 171.444 2199.86 -593.365 0.19313 0.134854 0.134854 0.134854
0.89 138.289 988.606 171.794 2204.4 -592.45 0.193444 0.13507 0.13507 0.13507
0.892 138.779 991.139 172.143 2208.93 -591.544 0.193757 0.135285 0.135285 0.135285
0.894 139.27 993.673 172.491 2213.45 -590.649 0.194069 0.1355 0.1355 0.1355
0.896 139.763 996.208 172.84 2217.97 -589.763 0.194381 0.135714 0.135714 0.135714
0.898 140.256 998.745 173.188 2222.48 -588.888 0.194692 0.135928 0.135928 0.135928
0.9 140.751 1001.28 173.535 2226.99 -588.022 0.195002 0.136141 0.136141 0.136141
0.902 141.246 1003.82 173.883 2231.49 -587.165 0.195312 0.136354 0.136354 0.136354
0.904 141.742 1006.36 174.23 2235.99 -586.319 0.19562 0.136567 0.136567 0.136567
0.906 142.24 1008.9 174.577 2240.47 -585.481 0.195928 0.136779 0.136779 0.136779
0.908 142.738 1011.44 174.923 2244.96 -584.653 0.196236 0.13699 0.13699 0.13699
0.91 143.238 1013.98 175.269 2249.44 -583.834 0.196542 0.137202 0.137202 0.137202
0.912 143.738 1016.53 175.615 2253.91 -583.024 0.196848 0.137412 0.137412 0.137412
0.914 144.239 1019.07 175.96 2258.38 -582.222 0.197153 0.137623 0.137623 0.137623
0.916 144.742 1021.62 176.306 2262.84 -581.43 0.197457 0.137833 0.137833 0.137833
0.918 145.245 1024.17 176.65 2267.3 -580.646 0.197761 0.138043 0.138043 0.138043
0.92 145.749 1026.72 176.995 2271.75 -579.87 0.198064 0.138252 0.138252 0.138252
0.922 146.255 1029.26 177.339 2276.19 -579.103 0.198366 0.138461 0.138461 0.138461
0.924 146.761 1031.82 177.683 2280.64 -578.343 0.198668 0.138669 0.138669 0.138669
0.926 147.268 1034.37 178.027 2285.07 -577.591 0.198969 0.138878 0.138878 0.138878
0.928 147.777 1036.92 178.37 2289.51 -576.847 0.199269 0.139086 0.139086 0.139086
0.93 148.286 1039.47 178.713 2293.94 -576.111 0.199569 0.139293 0.139293 0.139293
0.932 148.796 1042.03 179.056 2298.36 -575.381 0.199868 0.139501 0.139501 0.139501
0.934 149.307 1044.58 179.398 2302.78 -574.658 0.200167 0.139708 0.139708 0.139708
0.936 149.82 1047.14 179.741 2307.2 -573.942 0.200465 0.139915 0.139915 0.139915
0.938 150.333 1049.7 180.082 2311.62 -573.232 0.200763 0.140121 0.140121 0.140121
0.94 150.847 1052.26 180.424 2316.03 -572.528 0.20106 0.140328 0.140328 0.140328
0.942 151.362 1054.82 180.765 2320.44 -571.83 0.201357 0.140534 0.140534 0.140534
0.944 151.878 1057.38 181.106 2324.85 -571.137 0.201653 0.14074 0.14074 0.14074
0.946 152.395 1059.94 181.447 2329.25 -570.449 0.201949 0.140946 0.140946 0.140946
0.948 152.913 1062.51 181.787 2333.66 -569.765 0.202244 0.141152 0.141152 0.141152
0.95 153.433 1065.07 182.128 2338.06 -569.085 0.202539 0.141357 0.141357 0.141357
0.952 153.953 1067.64 182.468 2342.46 -568.407 0.202834 0.141563 0.141563 0.141563
0.954 154.474 1070.2 182.807 2346.87 -567.733 0.203129 0.141769 0.141769 0.141769
0.956 154.996 1072.77 183.146 2351.27 -567.06 0.203423 0.141975 0.141975 0.141975
0.958 155.519 1075.34 183.485 2355.68 -566.388 0.203718 0.142181 0.142181 0.142181
0.96 156.043 1077.91 183.824 2360.09 -565.715 0.204012 0.142387 0.142387 0.142387
0.962 156.568 1080.48 184.163 2364.5 -565.042 0.204307 0.142594 0.142594 0.142594
0.964 157.093 1083.05 184.501 2368.92 -564.366 0.204601 0.142801 0.142801 0.142801
0.966 157.62 1085.63 184.839 2373.35 -563.686 0.204896 0.143008 0.143008 0.143008
0.968 158.148 1088.2 185.177 2377.79 -563.001 0.20519 0.143217 0.143217 0.143217
0.97 158.677 1090.78 185.514 2382.23 -562.311 0.205484 0.143426 0.143426 0.143426
0.972 159.207 1093.36 185.851 2386.7 -561.611 0.205782 0.143636 0.143636 0.143636
0.974 159.738 1095.93 186.188 2391.19 -560.883 0.206084 0.143847 0.143847 0.143847
0.976 160.27 1098.51 186.525 2395.7 -560.147 0.206391 0.144061 0.144061 0.144061
0.978 160.803 1101.09 186.861 2400.25 -559.244 0.206711 0.144276 0.144276 0.144276
0.98 161.337 1103.67 187.197 2404.85 -558.493 0.207003 0.144495 0.144495 0.144495
0.982 161.872 1106.26 187.533 2409.5 -557.561 0.207316 0.144718 0.144718 0.144718
0.984 162.408 1108.84 187.869 2414.3 -556.701 0.207641 0.14495 0.14495 0.14495
0.986 162.945 1111.42 188.204 2419.13 -555.147 0.207969 0.145184 0.145184 0.145184
0.988 163.483 1114.01 188.539 2424.94 -554.452 0.20838 0.145481 0.145481 0.145481
0.99 164.022 1116.6 188.874 2430.56 -548.87 0.208775 0.145767 0.145767 0.145767
0.992 164.563 1119.18 189.208 2434.6 -559.618 0.209035 0.145952 0.145952 0.145952
0.994 165.104 1121.77 189.543 2438.44 -529.493 0.209275 0.146123 0.146123 0.146123
0.996 165.647 1124.36 189.877 2442.21 -599.667 0.209513 0.146291 0.146291 0.146291
0.998 166.19 1126.95 190.211 2446.42 -496.914 0.209778 0.14648 0.14648 0.14648
1 166.734 1129.54 190.544 2448.86 -275.911 0.209931 0.146589 0.146589 0.146589
