0.001 0.000905189 0.922469 -16.5314 14.3581 -0.959619 0.00172701 0.00172702 -0.0178031 -0.0112931
0.002 0.00260768 1.84645 -15.7728 17.2511 -5.42045 0.00207348 0.00207348 -0.0174347 -0.010932
0.003 0.00479157 2.77144 -15.1863 21.5699 -9.15455 0.00258975 0.00258976 -0.0168842 -0.0103929
0.004 0.00734888 3.69723 -14.693 24.4816 -6.81211 0.00293712 0.00293705 -0.0165128 -0.0100295
0.005 0.0102259 4.6237 -14.2602 27.2319 -10.6778 0.00326479 0.00326507 -0.01616 -0.00968501
0.006 0.013394 5.55078 -13.8705 29.8088 -9.77387 0.00357152 0.00357047 -0.0158387 -0.009369
0.007 0.0168379 6.47841 -13.5133 32.0559 -11.1615 0.00383854 0.00384243 -0.0155277 -0.00907099
0.008 0.0205456 7.40655 -13.1806 35.0613 -11.8086 0.00419618 0.00419949 -0.0152238 -0.00874939
0.009 0.0245285 8.33518 -12.8692 35.3455 -12.7502 0.00422809 0.00422343 -0.0149137 -0.00853466
0.01 0.0287816 9.26426 -12.5742 45.9283 -9.05452 0.00549136 0.00549786 -0.0146226 -0.00791579
0.011 0.0333123 10.1938 -12.2931 18.1042 -29.631 0.00216362 0.00212994 -0.0142411 -0.00878409
0.012 0.032419 11.1236 -12.036 -20.1345 -70.5879 -0.00240628 -0.00243749 -0.0132292 -0.00963198
0.013 0.0306885 12.0531 -11.8349 -8.40822 -56.3444 -0.0010051 -0.000996679 -0.0132794 -0.00918513
0.014 0.0305852 12.9827 -11.667 4.25335 -31.6661 0.000508426 0.000509186 -0.0142175 -0.0093086
0.015 0.0313915 13.9122 -11.5198 10.3751 -30.1224 0.00124014 0.00123152 -0.0145298 -0.00927602
0.016 0.0328621 14.8418 -11.3869 15.7237 -18.5708 0.00187926 0.00187447 -0.0148112 -0.00924933
0.017 0.0348459 15.7715 -11.2623 19.9989 -16.8378 0.00238989 0.00239757 -0.0149732 -0.00918294
0.018 0.0372983 16.7014 -11.1445 24.0585 -14.0983 0.0028746 0.00287555 -0.0150748 -0.00909136
0.019 0.0401801 17.6314 -11.0313 27.7903 -10.0292 0.00331993 0.00332128 -0.0151207 -0.00897338
0.02 0.0434691 18.5616 -10.9214 31.3919 -7.9349 0.00374951 0.00375008 -0.0151227 -0.00883179
0.021 0.047153 19.4919 -10.8136 34.9108 -5.48291 0.00416901 0.00416944 -0.0150867 -0.00866796
0.022 0.0512259 20.4224 -10.7073 38.3988 -3.5553 0.00458461 0.00458487 -0.0150174 -0.00848328
0.023 0.0556861 21.3532 -10.6018 41.8855 -1.36986 0.00454488 0.00500002 -0.0149183 -0.00827888
0.024 0.0605346 22.2841 -10.4966 45.3933 1.95163 0.00520886 0.00541748 -0.0147923 -0.00805574
0.025 0.0657748 23.2152 -10.3915 48.9378 4.73761 0.00580237 0.00583911 -0.0146416 -0.00781471
0.026 0.0714115 24.1466 -10.286 52.5305 6.97271 0.00637742 0.00626627 -0.014468 -0.00755655
0.027 0.0774504 25.0781 -10.1801 56.1799 8.84174 0.00694298 0.00669994 -0.0142728 -0.00728191
0.028 0.0838982 26.0099 -10.0735 59.8923 10.5235 0.00751173 0.00714086 -0.0140575 -0.0069914
0.029 0.0907623 26.942 -9.96604 63.6723 11.9725 0.00804969 0.00758957 -0.0138232 -0.00668558
0.03 0.0980502 27.8743 -9.85761 67.5234 13.1835 0.00845352 0.00804648 -0.0135706 -0.00636493
0.031 0.10577 28.8068 -9.74811 71.4481 14.0464 0.00877149 0.00851184 -0.0133008 -0.00602993
0.032 0.11393 29.7396 -9.63746 75.4482 14.5129 0.00905103 0.00898589 -0.0130144 -0.005681
0.033 0.122539 30.6727 -9.52557 79.5242 14.5541 0.00927067 0.00946865 -0.0127122 -0.00531856
0.034 0.131605 31.606 -9.41239 83.6803 14.3281 0.00942455 0.00996061 -0.0123947 -0.00494296
0.035 0.141137 32.5396 -9.29786 87.9033 13.9072 0.00955998 0.0104602 -0.012062 -0.00455463
0.036 0.151144 33.4734 -9.18195 92.2443 13.094 0.00968398 0.0109735 -0.0117172 -0.00415367
0.037 0.161633 34.4076 -9.06461 96.5135 11.8073 0.00979294 0.0114777 -0.0113508 -0.0037413
0.038 0.172615 35.3421 -8.9458 101.418 9.95446 0.0098876 0.0120575 -0.0110005 -0.00331446
0.039 0.184097 36.2768 -8.82552 104.319 7.4571 0.00996826 0.012397 -0.0105276 -0.00288604
0.04 0.195262 37.2118 -8.70384 92.7895 4.28936 0.0100357 0.0110289 -0.00935576 -0.00256086
0.041 0.204695 38.1471 -8.58174 80.6704 0.712496 0.0100903 0.00958432 -0.00820287 -0.0022738
0.042 0.21356 39.0827 -8.46037 78.5584 -2.88816 0.0101326 0.00932561 -0.00756966 -0.0019379
0.043 0.222159 40.0184 -8.33977 76.6345 -6.44248 0.010163 0.00909859 -0.00695632 -0.00160468
0.044 0.230644 40.9543 -8.22014 76.172 -9.82067 0.0101818 0.00904149 -0.00641743 -0.00126446
0.045 0.239107 41.8904 -8.10154 76.2762 -12.9165 0.0101893 0.00905237 -0.00590688 -0.000920463
0.046 0.247614 42.8267 -7.98399 76.9077 -15.6347 0.0101858 0.00912553 -0.00542051 -0.000571826
0.047 0.256212 43.7632 -7.8675 77.9133 -17.8873 0.0101713 0.0092431 -0.00494948 -0.000218619
0.048 0.264939 44.6999 -7.75201 79.2291 -19.5899 0.0101463 0.00939738 -0.00448965 0.000139359
0.049 0.273827 45.6368 -7.6375 80.8001 -20.6632 0.0101095 0.00958187 -0.00403761 0.000502213
0.05 0.282903 46.5738 -7.5239 82.5894 -21.0249 0.0100671 0.00979215 -0.00359101 0.00087004
0.051 0.292188 47.511 -7.41116 84.5682 -20.6693 0.0100949 0.0100248 -0.00314805 0.00124291
0.052 0.301702 48.4484 -7.29921 86.7148 -19.855 0.0102544 0.0102773 -0.00270733 0.00162086
0.053 0.311463 49.386 -7.18799 89.0115 -18.8265 0.0104631 0.0105474 -0.00226779 0.00200393
0.054 0.321487 50.3238 -7.07743 91.4444 -17.5866 0.0107131 0.0108335 -0.00182857 0.00239212
0.055 0.331789 51.2618 -6.96747 94.0017 -16.2111 0.0109938 0.0111342 -0.00138898 0.00278542
0.056 0.342381 52.1999 -6.85804 96.674 -14.738 0.0113007 0.0114484 -0.000948468 0.00318383
0.057 0.353276 53.1383 -6.74909 99.4529 -13.2004 0.0116301 0.0117751 -0.00050658 0.00358731
0.058 0.364485 54.0768 -6.64056 102.332 -11.6236 0.0119796 0.0121134 -6.29442e-05 0.00399584
0.059 0.37602 55.0156 -6.53238 105.304 -10.0291 0.0123471 0.0124626 0.000382743 0.00440937
0.06 0.387889 55.9545 -6.4245 108.365 -8.43474 0.0127314 0.0128221 0.000830734 0.00482786
0.061 0.400104 56.8937 -6.31686 111.509 -6.85671 0.0131293 0.0131913 0.00128124 0.00525127
0.062 0.412672 57.833 -6.20943 114.733 -5.29726 0.013528 0.0135698 0.00173442 0.00567954
0.063 0.425603 58.7726 -6.10214 118.033 -3.73507 0.0139246 0.013957 0.00219043 0.00611262
0.064 0.438904 59.7123 -5.99495 121.405 -2.15973 0.0143271 0.0143526 0.00264938 0.00655045
0.065 0.452584 60.6523 -5.88782 124.847 -0.575033 0.0147354 0.0147562 0.00311137 0.00699297
0.066 0.466651 61.5925 -5.7807 128.356 1.0213 0.0151503 0.0151674 0.00357647 0.00744013
0.067 0.48111 62.5329 -5.67355 131.93 2.6286 0.0155717 0.0155861 0.00404475 0.00789187
0.068 0.49597 63.4735 -5.56633 135.565 4.24633 0.0159996 0.0160119 0.00451626 0.00834813
0.069 0.511238 64.4143 -5.45901 139.261 5.87365 0.0164339 0.0164445 0.00499104 0.00880885
0.07 0.52692 65.3554 -5.35156 143.015 7.5097 0.0168746 0.0168837 0.00546912 0.00927398
0.071 0.543021 66.2967 -5.24393 146.825 9.1536 0.0173213 0.0173293 0.00595051 0.00974345
0.072 0.559549 67.2382 -5.13611 150.69 10.8045 0.0177741 0.0177811 0.00643525 0.0102172
0.073 0.57651 68.18 -5.02805 154.608 12.4616 0.0182327 0.018239 0.00692333 0.0106952
0.074 0.593909 69.1219 -4.91973 158.579 14.1242 0.018697 0.0187026 0.00741476 0.0111774
0.075 0.611751 70.0642 -4.81113 162.599 15.7916 0.0191668 0.0191719 0.00790955 0.0116637
0.076 0.630044 71.0066 -4.70221 166.669 17.4631 0.0196421 0.0196467 0.0084077 0.012154
0.077 0.648791 71.9493 -4.59296 170.787 19.1383 0.0201227 0.0201269 0.00890919 0.0126484
0.078 0.667998 72.8923 -4.48335 174.952 20.8164 0.0206085 0.0206123 0.00941402 0.0131468
0.079 0.687671 73.8355 -4.37336 179.163 22.4972 0.0210993 0.0211029 0.00992219 0.0136491
0.08 0.707814 74.779 -4.26297 183.419 24.1802 0.0215951 0.0215983 0.0104337 0.0141552
0.081 0.728432 75.7227 -4.15216 187.719 25.8649 0.0220957 0.0220987 0.0109485 0.0146652
0.082 0.749531 76.6666 -4.04092 192.062 27.5512 0.022601 0.0226038 0.0114666 0.015179
0.083 0.771114 77.6109 -3.92922 196.448 29.2386 0.023111 0.0231136 0.011988 0.0156965
0.084 0.793187 78.5554 -3.81704 200.876 30.927 0.0236254 0.0236279 0.0125127 0.0162177
0.085 0.815755 79.5001 -3.70439 205.344 32.6162 0.0241444 0.0241467 0.0130406 0.0167426
0.086 0.838821 80.4452 -3.59123 209.853 34.3059 0.0246677 0.0246699 0.0135718 0.0172711
0.087 0.86239 81.3905 -3.47755 214.402 35.996 0.0251953 0.0251974 0.0141062 0.0178032
0.088 0.886467 82.336 -3.36335 218.99 37.6863 0.0257271 0.0257291 0.0146438 0.0183389
0.089 0.911056 83.2819 -3.2486 223.617 39.3769 0.0262631 0.0262649 0.0151846 0.0188781
0.09 0.936161 84.228 -3.13331 228.282 41.0676 0.0268031 0.0268049 0.0157287 0.0194207
0.091 0.961787 85.1744 -3.01745 232.984 42.7583 0.0273472 0.0273489 0.0162759 0.0199669
0.092 0.987937 86.1211 -2.90102 237.724 44.449 0.0278952 0.0278968 0.0168263 0.0205165
0.093 1.01462 87.0681 -2.784 242.5 46.1398 0.0284471 0.0284487 0.0173798 0.0210694
0.094 1.04183 88.0154 -2.66639 247.313 47.8307 0.0290029 0.0290044 0.0179365 0.0216258
0.095 1.06958 88.9629 -2.54818 252.162 49.5216 0.0295624 0.0295639 0.0184964 0.0221856
0.096 1.09786 89.9108 -2.42937 257.047 51.2126 0.0301261 0.0301272 0.0190594 0.0227486
0.097 1.1267 90.8589 -2.30993 261.967 52.9037 0.0306919 0.0306941 0.0196255 0.023315
0.098 1.15608 91.8074 -2.18987 266.922 54.5957 0.0312672 0.0312648 0.0201947 0.0238847
0.099 1.18602 92.7562 -2.06918 271.912 56.2856 0.0318246 0.0318391 0.020767 0.0244577
0.1 1.21651 93.7052 -1.94785 276.937 57.9916 0.032493 0.032417 0.0213425 0.025034
0.101 1.24756 94.6546 -1.82587 281.996 59.7739 0.0332572 0.0329985 0.021921 0.0256135
0.102 1.27917 95.6043 -1.70325 287.089 61.6553 0.0339998 0.0335835 0.0225026 0.0261962
0.103 1.31136 96.5543 -1.57997 292.217 63.6243 0.0347356 0.034172 0.0230874 0.0267822
0.104 1.34411 97.5046 -1.45603 297.378 65.6786 0.0354636 0.034764 0.0236752 0.0273714
0.105 1.37744 98.4552 -1.33143 302.573 67.8145 0.0361863 0.0353594 0.0242661 0.0279639
0.106 1.41135 99.4061 -1.20616 307.802 70.0306 0.0369058 0.0359583 0.0248601 0.0285595
0.107 1.44584 100.357 -1.08021 313.065 72.3234 0.0376195 0.0365606 0.0254572 0.0291584
0.108 1.48092 101.309 -0.953583 318.36 74.6949 0.0383418 0.0371663 0.0260574 0.0297604
0.109 1.51659 102.261 -0.826276 323.69 77.1309 0.0390225 0.0377754 0.0266608 0.0303656
0.11 1.55286 103.213 -0.698285 329.052 79.6823 0.0398519 0.0383879 0.0272672 0.0309741
0.111 1.58972 104.166 -0.569605 334.448 81.7936 0.0395156 0.0390037 0.0278767 0.0315857
0.112 1.62718 105.119 -0.440234 339.878 82.2487 0.0388197 0.039623 0.0284894 0.0322006
0.113 1.66525 106.072 -0.310169 345.337 80.935 0.0382916 0.0402452 0.0291048 0.0328183
0.114 1.70392 107.026 -0.179407 350.844 78.023 0.0378522 0.0408723 0.029725 0.0334408
0.115 1.74321 107.979 -0.0479452 356.332 73.5802 0.0374968 0.0414967 0.0303422 0.0340603
0.116 1.78312 108.934 0.0842177 362.05 67.6812 0.0372081 0.0421473 0.0309855 0.0347061
0.117 1.82364 109.888 0.217084 367.066 60.3656 0.0369773 0.0427157 0.0315461 0.0352693
0.118 1.86479 110.843 0.350657 374.86 51.6991 0.0367964 0.0436067 0.0324305 0.0361559
0.119 1.90656 111.799 0.484937 372.444 41.7087 0.0366596 0.0433096 0.0321216 0.0358509
0.12 1.94897 112.754 0.619927 408.291 30.4199 0.0365621 0.047461 0.0362798 0.0400069
0.121 1.99201 113.71 0.755628 301.503 17.8619 0.0364999 0.0350319 0.0237875 0.0275356
0.122 2.01568 114.667 0.891443 186.725 5.78134 0.03647 0.0216894 0.0103269 0.0141144
0.123 2.03928 115.623 1.02653 227.785 -3.25895 0.0364696 0.0264584 0.014993 0.0188148
0.124 2.06536 116.58 1.16108 243.723 -9.56594 0.0364965 0.0283025 0.0167169 0.0205787
0.125 2.09354 117.537 1.29523 262.373 -13.3635 0.0365487 0.0304611 0.0187633 0.0226625
0.126 2.12354 118.494 1.42909 277.52 -14.8416 0.0366245 0.0322117 0.020404 0.0243399
0.127 2.15517 119.451 1.56277 291.609 -14.1457 0.0367222 0.0338373 0.0219236 0.0258949
0.128 2.1883 120.409 1.69635 304.476 -11.3717 0.0368423 0.0353212 0.0233051 0.0273105
0.129 2.2228 121.367 1.82992 316.513 -6.66905 0.0369766 0.0367082 0.024593 0.0286314
0.13 2.25861 122.325 1.96353 327.875 -0.0902348 0.0371504 0.0380144 0.0258035 0.0298738
0.131 2.29564 123.284 2.09723 338.693 8.33172 0.0372651 0.039257 0.0269535 0.0310547
0.132 2.33386 124.243 2.23109 349.068 18.3781 0.0376986 0.0404473 0.028054 0.0321851
0.133 2.3732 125.202 2.36514 359.079 28.6251 0.0393306 0.0415944 0.029114 0.0332741
0.134 2.41364 126.161 2.49942 368.787 37.7506 0.0408436 0.0427054 0.0301406 0.0343289
0.135 2.45514 127.121 2.63399 378.241 46.0957 0.0422806 0.0437862 0.0311394 0.035355
0.136 2.49769 128.081 2.76886 387.482 53.7289 0.0436371 0.0448412 0.0321147 0.0363569
0.137 2.54124 129.041 2.90408 396.542 60.7643 0.044936 0.0458744 0.0330703 0.0373384
0.138 2.5858 130.001 3.03966 405.449 67.2658 0.0461869 0.046889 0.0340093 0.0383025
0.139 2.63134 130.962 3.17565 414.224 73.2906 0.0473983 0.0478874 0.0349342 0.0392519
0.14 2.67785 131.924 3.31205 422.887 78.9134 0.0485783 0.048872 0.0358471 0.0401887
0.141 2.72531 132.885 3.4489 431.456 84.149 0.0497257 0.0498447 0.0367498 0.0411148
0.142 2.77372 133.847 3.58622 439.943 89.031 0.0508684 0.0508071 0.0376439 0.0420317
0.143 2.82307 134.81 3.72403 448.36 93.6152 0.0519063 0.0517606 0.0385308 0.0429407
0.144 2.87336 135.772 3.86234 456.72 98.0426 0.0528155 0.0527065 0.0394115 0.0438432
0.145 2.92456 136.735 4.00117 465.03 102.394 0.0537342 0.0536458 0.0402872 0.04474
0.146 2.97669 137.699 4.14054 473.3 106.658 0.0546502 0.0545794 0.0411586 0.0456322
0.147 3.02974 138.662 4.28046 481.535 110.844 0.0555663 0.0555083 0.0420265 0.0465204
0.148 3.0837 139.626 4.42096 489.743 114.955 0.0564809 0.056433 0.0428917 0.0474055
0.149 3.13857 140.591 4.56203 497.93 118.997 0.0573944 0.0573544 0.0437548 0.048288
0.15 3.19435 141.556 4.7037 506.1 122.973 0.0583067 0.058273 0.0446162 0.0491685
0.151 3.25104 142.521 4.84598 514.259 126.889 0.0592178 0.0591892 0.0454766 0.0500475
0.152 3.30863 143.486 4.98887 522.41 130.749 0.0601281 0.0601037 0.0463363 0.0509254
0.153 3.36713 144.452 5.1324 530.557 134.561 0.0610378 0.0610168 0.0471957 0.0518027
0.154 3.42653 145.419 5.27656 538.704 138.31 0.0619472 0.0619289 0.0480552 0.0526798
0.155 3.48684 146.385 5.42136 546.854 142.078 0.0628559 0.0628405 0.0489151 0.0535569
0.156 3.54806 147.352 5.56683 555.01 145.563 0.0637669 0.0637517 0.0497757 0.0544344
0.157 3.61018 148.32 5.71295 563.174 149.933 0.0646699 0.064663 0.0506374 0.0553126
0.158 3.67321 149.288 5.85976 571.35 150.783 0.0656047 0.0655746 0.0515002 0.0561917
0.159 3.73714 150.256 6.00724 579.538 164.774 0.0664236 0.0664867 0.0523646 0.057072
0.16 3.80199 151.225 6.15541 587.743 128.959 0.0676791 0.0673997 0.0532306 0.0579536
0.161 3.86775 152.194 6.30427 595.965 281.227 0.0673104 0.0683137 0.0540985 0.0588369
0.162 3.93443 153.164 6.45383 604.206 -426.762 0.0743103 0.0692289 0.0549685 0.059722
0.163 4.00202 154.133 6.60411 612.469 -310.216 0.0742197 0.0701455 0.0558408 0.060609
0.164 4.07054 155.104 6.75509 620.755 282.619 0.0702318 0.0710638 0.0567154 0.0614982
0.165 4.13997 156.075 6.9068 629.065 148.287 0.0723627 0.0719838 0.0575926 0.0623897
0.166 4.21033 157.046 7.05922 637.401 188.43 0.0730451 0.0729057 0.0584725 0.0632836
0.167 4.28162 158.017 7.21238 645.764 184.926 0.074103 0.0738298 0.0593552 0.0641801
0.168 4.35383 158.99 7.36627 654.156 179.617 0.0751163 0.074756 0.0602409 0.0650793
0.169 4.42698 159.962 7.5209 662.577 226.683 0.0759394 0.0756847 0.0611296 0.0659813
0.17 4.50107 160.935 7.67628 671.03 63.7013 0.0775792 0.0766158 0.0620215 0.0668863
0.171 4.5761 161.908 7.8324 679.514 697.245 0.0761571 0.0775495 0.0629167 0.0677943
0.172 4.65208 162.882 7.98927 688.036 -1677.48 0.0862402 0.0784859 0.0638153 0.0687055
0.173 4.729 163.856 8.1469 696.573 14899.5 0.0278512 0.0794252 0.0647173 0.0696199
0.174 4.80688 164.831 8.30528 705.219 4102.75 0.066679 0.0803673 0.0656229 0.0705377
0.175 4.88571 165.806 8.46444 713.628 -794.564 0.0851391 0.0813127 0.0665323 0.0714591
0.176 4.9655 166.782 8.62435 723.093 489.62 0.0809072 0.0822605 0.0674446 0.0723832
0.177 5.04626 167.758 8.78504 728.793 144.142 0.0826584 0.0832137 0.0683637 0.0733137
0.178 5.12798 168.734 8.9465 748.727 239.512 0.0828227 0.0841637 0.0692771 0.0742393
0.179 5.21068 169.711 9.10874 715.725 213.349 0.0834292 0.0851351 0.0702241 0.0751944
0.18 5.29435 170.689 9.27175 880.472 220.05 0.0839256 0.0860658 0.0710864 0.0760795
0.181 5.37901 171.667 9.43555 307.403 217.488 0.0844609 0.0870747 0.0721905 0.0771519
0.182 5.46466 172.645 9.60013 2488.1 216.319 0.0849977 0.0881721 0.0726489 0.0778233
0.183 5.55129 173.624 9.7655 -5608.19 213.748 0.0855454 0.0883166 0.0741133 0.0788477
0.184 4.75506 175.571 15.192 785.587 -34299.5 0.086101 0.0887645 0.0744539 0.0792241
0.185 5.72433 175.583 10.0961 7137.88 223.202 0.0866649 0.0736091 0.0701526 0.0713048
0.186 5.80515 176.563 10.2661 -984.742 203.85 0.0872374 0.0836431 0.0735176 0.0768928
0.187 5.88755 177.544 10.4342 1207.85 200.955 0.0878156 0.0845796 0.0746421 0.0779546
0.188 5.97107 178.525 10.6028 633.04 201.57 0.0884098 0.0856585 0.0754895 0.0788791
0.189 6.05571 179.507 10.7721 800.31 193.416 0.0889809 0.0867917 0.0765111 0.079938
0.19 6.14153 180.489 10.9416 768.218 225.004 0.0896737 0.0878756 0.0774627 0.0809336
0.191 6.22838 181.471 11.1121 788.989 116.365 0.0899475 0.0889722 0.0784386 0.0819498
0.192 6.31636 182.454 11.2832 796.306 528.753 0.0918213 0.0900687 0.0794143 0.0829658
0.193 6.40547 183.438 11.4549 807.168 -1017.5 0.087772 0.091164 0.0803934 0.0839836
0.194 6.4957 184.422 11.6272 817.062 5058.25 0.106785 0.0922587 0.081375 0.0850029
0.195 6.58705 185.406 11.8002 827.217 18879 0.151194 0.0933534 0.0823599 0.0860244
0.196 6.67952 186.391 11.9737 837.314 -2229.89 0.0865699 0.0944483 0.083348 0.0870481
0.197 6.77312 187.376 12.1479 847.445 887.851 0.0968263 0.095544 0.0843395 0.0880744
0.198 6.86784 188.362 12.3228 857.59 51.9302 0.0955542 0.0966406 0.0853348 0.0891034
0.199 6.96369 189.348 12.4983 867.76 284.606 0.0973819 0.0977385 0.0863338 0.0901354
0.2 7.06068 190.335 12.6745 877.955 228.731 0.0983849 0.098838 0.0873367 0.0911705
0.201 7.1588 191.322 12.8513 888.178 245.293 0.0995803 0.0999392 0.0883437 0.0922088
0.202 7.25805 192.31 13.0289 898.43 261.367 0.100828 0.101042 0.0893548 0.0932507
0.203 7.35845 193.298 13.2071 908.715 211.287 0.101697 0.102148 0.0903702 0.0942961
0.204 7.45999 194.287 13.386 919.034 428.065 0.104031 0.103256 0.09139 0.0953452
0.205 7.56268 195.276 13.5656 929.389 -495.852 0.100212 0.104366 0.0924142 0.0963981
0.206 7.66652 196.266 13.7459 939.781 -690.016 0.100367 0.105479 0.093443 0.097455
0.207 7.77152 197.256 13.9269 950.212 469.241 0.107634 0.106595 0.0944764 0.0985159
0.208 7.87768 198.247 14.1087 960.683 226.239 0.107441 0.107714 0.0955145 0.099581
0.209 7.98501 199.238 14.2911 971.196 297.728 0.108914 0.108836 0.0965573 0.10065
0.21 8.09351 200.23 14.4743 981.752 284.146 0.109945 0.109962 0.097605 0.101724
0.211 8.20318 201.222 14.6582 992.353 293.639 0.111099 0.111091 0.0986576 0.102802
0.212 8.31403 202.215 14.8428 1003 296.898 0.112225 0.112223 0.0997152 0.103884
0.213 8.42607 203.208 15.0281 1013.69 301.747 0.113362 0.113359 0.100778 0.104972
0.214 8.5393 204.202 15.2142 1024.43 306.185 0.114502 0.114499 0.101845 0.106063
0.215 8.65372 205.196 15.4011 1035.22 310.751 0.115645 0.115643 0.102918 0.10716
0.216 8.76935 206.191 15.5887 1046.06 315.296 0.116793 0.11679 0.103996 0.108261
0.217 8.88618 207.187 15.777 1056.94 319.859 0.117944 0.117942 0.105079 0.109367
0.218 9.00422 208.183 15.9661 1067.88 324.43 0.1191 0.119098 0.106168 0.110478
0.219 9.12349 209.179 16.1559 1078.87 329.013 0.12026 0.120258 0.107261 0.111593
0.22 9.24398 210.176 16.3465 1089.92 333.607 0.121424 0.121422 0.10836 0.112714
0.221 9.36569 211.174 16.5379 1101.02 338.212 0.122592 0.122591 0.109465 0.11384
0.222 9.48865 212.172 16.7301 1112.17 342.831 0.123765 0.123764 0.110574 0.114971
0.223 9.61285 213.171 16.923 1123.38 347.464 0.124942 0.124941 0.11169 0.116107
0.224 9.73829 214.17 17.1167 1134.64 352.11 0.126124 0.126123 0.11281 0.117248
0.225 9.86499 215.17 17.3111 1145.96 356.772 0.127311 0.127309 0.113936 0.118394
0.226 9.99295 216.17 17.5064 1157.34 361.449 0.128502 0.1285 0.115068 0.119545
0.227 10.1222 217.171 17.7024 1168.77 366.143 0.129697 0.129696 0.116205 0.120702
0.228 10.2527 218.173 17.8993 1180.27 370.854 0.130898 0.130896 0.117348 0.121864
0.229 10.3845 219.175 18.0969 1191.82 375.582 0.132103 0.132102 0.118496 0.123031
0.23 10.5175 220.178 18.2953 1203.43 380.329 0.133313 0.133312 0.11965 0.124204
0.231 10.6519 221.181 18.4945 1215.1 385.094 0.134527 0.134526 0.12081 0.125382
0.232 10.7876 222.185 18.6945 1226.84 389.879 0.135747 0.135746 0.121975 0.126565
0.233 10.9245 223.19 18.8954 1238.63 394.683 0.136972 0.136971 0.123146 0.127754
0.234 11.0628 224.195 19.097 1250.49 399.507 0.138201 0.1382 0.124322 0.128948
0.235 11.2024 225.2 19.2995 1262.4 404.352 0.139436 0.139435 0.125505 0.130148
0.236 11.3433 226.207 19.5027 1274.38 409.218 0.140675 0.140674 0.126692 0.131353
0.237 11.4856 227.214 19.7068 1286.42 414.105 0.141919 0.141919 0.127886 0.132564
0.238 11.6292 228.221 19.9117 1298.53 419.015 0.143169 0.143168 0.129085 0.13378
0.239 11.7742 229.229 20.1174 1310.7 423.946 0.144423 0.144423 0.13029 0.135001
0.24 11.9205 230.238 20.3239 1322.93 428.9 0.145683 0.145682 0.131501 0.136228
0.241 12.0682 231.247 20.5313 1335.23 433.878 0.146948 0.146947 0.132717 0.137461
0.242 12.2172 232.257 20.7395 1347.59 438.878 0.148218 0.148217 0.13394 0.138699
0.243 12.3676 233.267 20.9485 1360.02 443.902 0.149493 0.149492 0.135167 0.139942
0.244 12.5194 234.279 21.1584 1372.51 448.95 0.150773 0.150772 0.136401 0.141191
0.245 12.6726 235.29 21.3691 1385.07 454.022 0.152058 0.152058 0.137641 0.142446
0.246 12.8272 236.303 21.5806 1397.69 459.118 0.153349 0.153348 0.138886 0.143706
0.247 12.9832 237.316 21.793 1410.38 464.24 0.154644 0.154644 0.140136 0.144972
0.248 13.1407 238.33 22.0063 1423.14 469.386 0.155945 0.155944 0.141393 0.146243
0.249 13.2995 239.344 22.2203 1435.96 474.557 0.157251 0.15725 0.142655 0.14752
0.25 13.4598 240.359 22.4353 1448.85 479.753 0.158563 0.158562 0.143923 0.148803
0.251 13.6215 241.374 22.651 1461.81 484.975 0.159876 0.159878 0.145197 0.150091
0.252 13.7846 242.391 22.8677 1474.83 490.222 0.161212 0.1612 0.146476 0.151384
0.253 13.9492 243.408 23.0852 1487.93 495.496 0.162484 0.162526 0.147762 0.152683
0.254 14.1153 244.425 23.3035 1501.09 500.816 0.164122 0.163858 0.149052 0.153988
0.255 14.2828 245.443 23.5228 1514.31 506.607 0.166323 0.165196 0.150349 0.155298
0.256 14.4518 246.462 23.7428 1527.61 513.14 0.168612 0.166538 0.151651 0.156613
0.257 14.6223 247.482 23.9638 1540.98 520.356 0.170838 0.167885 0.152959 0.157934
0.258 14.7942 248.502 24.1856 1554.41 528.254 0.17304 0.169238 0.154272 0.159261
0.259 14.9677 249.523 24.4083 1567.91 536.807 0.175212 0.170596 0.155591 0.160593
0.26 15.1426 250.544 24.6319 1581.48 546.002 0.177363 0.171959 0.156916 0.16193
0.261 15.3191 251.566 24.8563 1595.12 555.82 0.179482 0.173327 0.158246 0.163273
0.262 15.4971 252.589 25.0816 1608.83 566.271 0.181617 0.1747 0.159582 0.164621
0.263 15.6766 253.613 25.3078 1622.6 577.318 0.183606 0.176078 0.160923 0.165975
0.264 15.8577 254.637 25.5349 1636.45 588.932 0.18606 0.177462 0.16227 0.167334
0.265 16.0403 255.662 25.7629 1650.36 600.083 0.184434 0.17885 0.163622 0.168698
0.266 16.2245 256.688 25.9917 1664.35 601.872 0.179176 0.180244 0.16498 0.170068
0.267 16.4102 257.714 26.2215 1678.39 592.181 0.173855 0.181641 0.166343 0.171442
0.268 16.5974 258.741 26.4521 1692.55 571.597 0.168947 0.183049 0.167715 0.172826
0.269 16.7863 259.769 26.6837 1706.6 540.331 0.164287 0.184442 0.169076 0.174198
0.27 16.9767 260.797 26.9161 1721.4 498.789 0.159877 0.185914 0.170503 0.17564
0.271 17.1687 261.826 27.1494 1733.72 447.211 0.155685 0.187115 0.171711 0.176846
0.272 17.3623 262.856 27.3836 1755.61 385.917 0.151692 0.189347 0.173761 0.178956
0.273 17.5575 263.887 27.6188 1742.12 314.643 0.14788 0.187761 0.172698 0.177719
0.274 17.7544 264.918 27.8548 1861.01 234.394 0.144233 0.200435 0.183265 0.188988
0.275 17.9528 265.95 28.0917 1486.18 145.051 0.14074 0.159953 0.150489 0.153644
0.276 18.0723 266.983 28.3293 777.582 51.3472 0.137388 0.0836484 0.0641165 0.0706271
0.277 18.1485 268.016 28.5661 685.61 -27.7497 0.134169 0.0737385 0.0393548 0.050816
0.278 18.232 269.049 28.8023 791.375 -92.0238 0.131074 0.0850927 0.0551081 0.065103
0.279 18.3221 270.083 29.038 836.497 -141.633 0.128094 0.0899128 0.0590785 0.0693566
0.28 18.4182 271.116 29.2731 891.644 -177.3 0.125224 0.0958092 0.065458 0.075575
0.281 18.5199 272.151 29.5079 939.047 -199.625 0.122456 0.100867 0.0705826 0.0806773
0.282 18.6268 273.185 29.7422 984.306 -209.073 0.11979 0.105692 0.0755388 0.0855899
0.283 18.7386 274.22 29.9763 1026.75 -206.061 0.117199 0.110197 0.0801183 0.0901446
0.284 18.8549 275.256 30.2102 1066.89 -190.16 0.114763 0.114463 0.08444 0.0944476
0.285 18.9756 276.291 30.4439 1104.99 -163.59 0.112164 0.118514 0.0885239 0.0985205
0.286 19.1004 277.328 30.6774 1141.59 -125.445 0.11062 0.122382 0.0924091 0.1024
0.287 19.2292 278.364 30.9109 1176.69 -81.0619 0.114145 0.126091 0.0961185 0.106109
0.288 19.3618 279.402 31.1444 1210.54 -40.1613 0.119527 0.12966 0.0996752 0.10967
0.289 19.4982 280.439 31.3778 1243.27 -1.81287 0.124446 0.133105 0.103097 0.1131
0.29 19.6381 281.477 31.6113 1275.03 33.7121 0.129191 0.136441 0.1064 0.116414
0.291 19.7815 282.516 31.8448 1305.91 66.8172 0.133726 0.139679 0.109597 0.119625
0.292 19.9283 283.555 32.0785 1336.03 97.6807 0.138094 0.142831 0.1127 0.122744
0.293 20.0783 284.595 32.3123 1365.45 126.521 0.14231 0.145904 0.115719 0.125781
0.294 20.2317 285.635 32.5463 1394.26 153.298 0.146398 0.148908 0.118662 0.128744
0.295 20.3882 286.675 32.7804 1422.51 178.023 0.150351 0.151847 0.121537 0.13164
0.296 20.5478 287.716 33.0148 1450.26 201.673 0.15426 0.15473 0.12435 0.134476
0.297 20.7104 288.758 33.2495 1477.57 223.598 0.157794 0.15756 0.127107 0.137258
0.298 20.8761 289.8 33.4844 1504.47 244.54 0.160663 0.160342 0.129814 0.13999
0.299 21.0447 290.843 33.7197 1531 265.019 0.163332 0.163082 0.132474 0.142677
0.3 21.2163 291.887 33.9552 1557.2 285.025 0.165999 0.165781 0.135093 0.145322
0.301 21.3908 292.931 34.1911 1583.09 304.622 0.168629 0.168444 0.137673 0.14793
0.302 21.5681 293.975 34.4274 1608.71 323.826 0.171233 0.171074 0.140218 0.150503
0.303 21.7482 295.02 34.6641 1634.08 342.667 0.173811 0.173673 0.142731 0.153045
0.304 21.9312 296.066 34.9012 1659.23 361.162 0.176363 0.176244 0.145214 0.155558
0.305 22.117 297.112 35.1387 1684.17 379.359 0.178893 0.178789 0.147671 0.158043
0.306 22.3055 298.159 35.3767 1708.92 397.255 0.181401 0.181309 0.150102 0.160504
0.307 22.4967 299.207 35.6152 1733.49 414.839 0.183888 0.183807 0.152511 0.162943
0.308 22.6907 300.255 35.8541 1757.92 432.168 0.186356 0.186285 0.154898 0.16536
0.309 22.8874 301.304 36.0936 1782.2 449.249 0.188807 0.188743 0.157266 0.167758
0.31 23.0867 302.353 36.3335 1806.35 466.095 0.191238 0.191183 0.159615 0.170138
0.311 23.2888 303.404 36.574 1830.38 482.719 0.193664 0.193607 0.161948 0.172501
0.312 23.4935 304.454 36.8151 1854.31 499.136 0.196036 0.196015 0.164266 0.174849
0.313 23.7008 305.506 37.0567 1878.14 515.354 0.198595 0.198409 0.166569 0.177183
0.314 23.9108 306.558 37.2989 1901.88 531.642 0.2014 0.200789 0.16886 0.179503
0.315 24.1235 307.611 37.5418 1925.54 548.126 0.204202 0.203157 0.171137 0.181811
0.316 24.3387 308.664 37.7852 1949.13 564.745 0.206957 0.205513 0.173404 0.184107
0.317 24.5566 309.718 38.0292 1972.66 581.52 0.20968 0.207857 0.17566 0.186392
0.318 24.7771 310.773 38.2739 1996.13 598.429 0.21237 0.210192 0.177906 0.188668
0.319 25.0002 311.829 38.5193 2019.54 615.505 0.215034 0.212516 0.180143 0.190934
0.32 25.2259 312.885 38.7653 2042.91 632.684 0.217668 0.214832 0.182371 0.193192
0.321 25.4542 313.942 39.012 2066.24 650.027 0.220298 0.217138 0.184592 0.195441
0.322 25.685 315 39.2594 2089.53 667.284 0.222835 0.219437 0.186805 0.197682
0.323 25.9185 316.058 39.5074 2112.79 685.51 0.22562 0.221728 0.189011 0.199917
0.324 26.1545 317.117 39.7562 2136.02 700.17 0.226179 0.224011 0.191211 0.202145
0.325 26.3932 318.177 40.0057 2159.23 721.742 0.225146 0.226288 0.193405 0.204366
0.326 26.6344 319.237 40.256 2182.41 690.525 0.224426 0.228558 0.195593 0.206581
0.327 26.8782 320.299 40.507 2205.6 830.669 0.223213 0.230824 0.197778 0.208793
0.328 27.1245 321.361 40.7587 2228.67 303.593 0.225407 0.233073 0.19995 0.210991
0.329 27.3734 322.424 41.0112 2252.12 2258.13 0.21867 0.235358 0.202144 0.213215
0.33 27.6249 323.487 41.2645 2274.09 -7563.68 0.257505 0.237483 0.204238 0.21532
0.331 27.879 324.552 41.5186 2301.57 -14695.5 0.287387 0.240179 0.206683 0.217849
0.332 28.1356 325.617 41.7734 2308.43 -11044.1 0.272575 0.240721 0.207799 0.218773
0.333 28.3948 326.683 42.0291 2392.22 -9365.17 0.266212 0.249273 0.213855 0.225661
0.334 28.6566 327.749 42.2856 2188.93 -7140.75 0.257927 0.227932 0.201473 0.210293
0.335 28.8765 328.817 42.5427 1856.95 -4974.32 0.250234 0.193236 0.1809 0.185012
0.336 29.0821 329.885 42.8002 1870.87 -3005.83 0.243337 0.194568 0.182573 0.186572
0.337 29.2943 330.954 43.0579 1941.27 -68.5155 0.234162 0.201779 0.187842 0.192488
0.338 29.5126 332.023 43.3161 1989.65 -1037.94 0.235494 0.20668 0.191671 0.196674
0.339 29.7365 333.093 43.5746 2038.54 6700.39 0.21718 0.211632 0.195519 0.20089
0.34 29.9655 334.163 43.8336 2083.27 -22643.7 0.264894 0.216126 0.199074 0.204758
0.341 30.1993 335.235 44.093 2125.52 203580 -0.0471466 0.22038 0.202475 0.208443
0.342 30.4378 336.307 44.353 2165.97 245080 -0.0873904 0.224408 0.205733 0.211958
0.343 30.6805 337.379 44.6135 2203.26 194765 -0.0423835 0.22823 0.208853 0.215312
0.344 30.9275 338.453 44.8746 2245.21 162109 -0.0108571 0.231994 0.211952 0.218633
0.345 31.1786 339.527 45.1362 2262.91 124331 0.029439 0.235242 0.214658 0.221519
0.346 31.4336 340.602 45.3985 2365.51 87274.4 0.0750992 0.239839 0.218475 0.225596
0.347 31.6923 341.677 45.6614 2146.4 50755.1 0.12481 0.238836 0.217776 0.224796
0.348 31.9548 342.754 45.9249 3123.75 10270.2 0.18699 0.260013 0.235069 0.243383
0.349 32.2038 343.831 46.1886 -832.377 -419.118 0.196386 0.173375 0.165253 0.16796
0.35 32.33 344.909 46.4531 10333.9 383.8 0.185891 0.622509 0.521172 0.554951
0.351 32.476 345.987 46.717 -33152.9 57.0284 0.179259 0.176803 0.167367 0.170513
0.352 26.6805 354.345 67.6622 -30256.8 -496500 0.172826 0.177965 0.168185 0.171445
0.353 27.4363 354.721 65.8759 18106.5 -449919 0.167147 0.18957 0.177922 0.181805
0.354 28.519 354.721 63.0369 7468.82 -377197 0.161837 0.187239 0.177414 0.180689
0.355 29.5939 354.729 60.2358 10274.8 -304567 0.15689 0.208928 0.186847 0.194207
0.356 30.6758 354.729 57.4309 9666.26 -230970 0.152103 0.321605 0.269396 0.286799
0.357 31.7566 354.731 54.6449 9452.64 -157100 0.147087 -0.0216274 0.0321157 0.0142013
0.358 32.8342 354.736 51.8828 10801 -82568.5 0.142907 0.0143419 0.0529151 0.0400573
0.359 33.9125 354.74 49.1345 5553.12 -9076.42 0.136487 0.0145478 0.0540907 0.0409097
0.36 34.05 355.712 49.0885 -188.527 3169.81 0.141221 0.046068 0.0769654 0.0666663
0.361 34.1293 356.795 49.3508 1053.81 -13958.5 0.1216 0.0914338 0.110263 0.103986
0.362 34.2362 357.878 49.6124 1002.36 53464 0.227042 0.107216 0.121942 0.117033
0.363 34.3617 358.961 49.8734 1210.69 303499 0.930704 0.122984 0.13368 0.130115
0.364 34.5011 360.045 50.1339 1305.51 238690 0.672395 0.134128 0.142066 0.13942
0.365 34.6519 361.129 50.3942 1404.89 205703 0.567989 0.143886 0.149468 0.147607
0.366 34.8126 362.213 50.6542 1486.52 162288 0.452823 0.152284 0.155893 0.15469
0.367 34.982 363.298 50.914 1561.26 121014 0.360756 0.159845 0.161724 0.161097
0.368 35.1593 364.384 51.1736 1629.35 79459.7 0.281942 0.166748 0.167086 0.166974
0.369 35.3439 365.47 51.4332 1692.75 35690.8 0.209861 0.173155 0.172098 0.17245
0.37 35.5353 366.556 51.6928 1752.34 533.246 0.162012 0.179165 0.17683 0.177608
0.371 35.7332 367.643 51.9524 1808.86 -6.84602 0.171807 0.184853 0.181335 0.182508
0.372 35.9372 368.731 52.2121 1862.86 1740.15 0.185493 0.190275 0.185654 0.187194
0.373 36.1471 369.819 52.4718 1914.74 -8099.45 0.165621 0.195473 0.189816 0.191701
0.374 36.3627 370.908 52.7317 1964.81 -19850.5 0.141723 0.200478 0.193844 0.196055
0.375 36.5837 371.997 52.9917 2013.33 -14909.7 0.16045 0.205318 0.197757 0.200277
0.376 36.81 373.087 53.252 2060.5 -12756.9 0.17192 0.210012 0.20157 0.204384
0.377 37.0415 374.177 53.5125 2106.49 -9806.23 0.185267 0.214579 0.205295 0.20839
0.378 37.2781 375.268 53.7732 2151.44 -7022.29 0.198081 0.219031 0.208943 0.212305
0.379 37.5196 376.36 54.0343 2195.46 -4253.67 0.210724 0.223382 0.21252 0.216141
0.38 37.7659 377.452 54.2957 2238.64 -1202.6 0.224238 0.22764 0.216036 0.219904
0.381 38.017 378.545 54.5574 2281.07 560.65 0.233463 0.231815 0.219494 0.223601
0.382 38.2728 379.639 54.8195 2322.83 489.59 0.236731 0.235914 0.222902 0.227239
0.383 38.5332 380.733 55.0819 2363.97 563.875 0.240653 0.239943 0.226263 0.230823
0.384 38.7981 381.828 55.3448 2404.56 585.217 0.244416 0.243908 0.229581 0.234357
0.385 39.0675 382.924 55.6082 2444.62 620.125 0.24822 0.247814 0.23286 0.237845
0.386 39.3414 384.021 55.872 2484.22 650.661 0.251988 0.251665 0.236103 0.24129
0.387 39.6196 385.118 56.1363 2523.38 681.628 0.255728 0.255464 0.239312 0.244696
0.388 39.9021 386.216 56.4011 2562.13 711.82 0.259434 0.259216 0.242489 0.248065
0.389 40.1889 387.314 56.6664 2600.52 741.585 0.263105 0.262922 0.245637 0.251399
0.39 40.48 388.414 56.9322 2638.55 770.854 0.266741 0.266586 0.248758 0.254701
0.391 40.7752 389.514 57.1987 2676.26 799.671 0.270342 0.270211 0.251852 0.257972
0.392 41.0747 390.615 57.4657 2713.67 828.051 0.273911 0.273797 0.254923 0.261214
0.393 41.3783 391.716 57.7333 2750.79 856.014 0.277446 0.277348 0.25797 0.264429
0.394 41.686 392.819 58.0015 2787.65 883.576 0.28095 0.280865 0.260995 0.267618
0.395 41.9977 393.922 58.2704 2824.25 910.755 0.284424 0.284349 0.264 0.270783
0.396 42.3136 395.026 58.5399 2860.62 937.564 0.28787 0.287802 0.266984 0.273924
0.397 42.6334 396.131 58.81 2896.76 964.02 0.291279 0.291226 0.26995 0.277042
0.398 42.9573 397.236 59.0809 2932.69 990.132 0.294703 0.29462 0.272897 0.280138
0.399 43.2851 398.343 59.3524 2968.41 1015.98 0.298175 0.297988 0.275827 0.283214
0.4 43.6169 399.45 59.6246 3003.95 1041.63 0.301661 0.301329 0.27874 0.28627
0.401 43.9527 400.558 59.8976 3039.3 1067.1 0.305151 0.304644 0.281637 0.289306
0.402 44.2923 401.667 60.1713 3074.47 1092.44 0.30864 0.307935 0.284518 0.292323
0.403 44.6359 402.777 60.4458 3109.47 1117.66 0.312125 0.311201 0.287383 0.295323
0.404 44.9833 403.887 60.721 3144.31 1142.81 0.315606 0.314444 0.290234 0.298304
0.405 45.3346 404.999 60.997 3179 1167.89 0.31908 0.317665 0.29307 0.301268
0.406 45.6897 406.111 61.2738 3213.54 1192.94 0.322551 0.320863 0.295892 0.304216
0.407 46.0487 407.224 61.5514 3247.93 1217.97 0.326 0.32404 0.2987 0.307147
0.408 46.4115 408.339 61.8298 3282.18 1242.99 0.329497 0.327195 0.301495 0.310062
0.409 46.7781 409.454 62.109 3316.29 1267.96 0.332506 0.33033 0.304276 0.312961
0.41 47.1484 410.57 62.389 3350.28 1291.51 0.334986 0.333445 0.307044 0.315844
0.411 47.5226 411.686 62.6699 3384.13 1313.11 0.337166 0.33654 0.309799 0.318712
0.412 47.9005 412.804 62.9517 3417.87 1332.39 0.339125 0.339615 0.312542 0.321566
0.413 48.2821 413.923 63.2343 3451.46 1348.95 0.340897 0.34267 0.31527 0.324403
0.414 48.6675 415.042 63.5178 3485.02 1362.5 0.342506 0.345713 0.317993 0.327233
0.415 49.0565 416.163 63.8022 3518.14 1372.76 0.343967 0.348707 0.320676 0.33002
0.416 49.4493 417.284 64.0875 3552.34 1379.5 0.345293 0.3518 0.323451 0.332901
0.417 49.8458 418.407 64.3737 3581.97 1382.46 0.346492 0.354433 0.325827 0.335362
0.418 50.2459 419.53 64.6608 3628.16 1381.45 0.347572 0.358699 0.329631 0.339321
0.419 50.6497 420.655 64.9489 3612 1376.24 0.34854 0.356792 0.328053 0.337632
0.42 51.0467 421.78 65.2378 3544.2 1367.13 0.349399 0.349798 0.321677 0.331051
0.421 51.4391 422.906 65.5276 3523.35 1356.89 0.350155 0.347457 0.319368 0.328731
0.422 51.8302 424.033 65.8183 3519.11 1345.89 0.350812 0.346753 0.318783 0.328106
0.423 52.2213 425.161 66.1097 3520.63 1334.87 0.351369 0.346619 0.318661 0.32798
0.424 52.6128 426.29 66.402 3526.34 1324.39 0.351848 0.346896 0.318935 0.328255
0.425 53.005 427.42 66.695 3534.64 1314.9 0.35227 0.347428 0.319441 0.32877
0.426 53.3983 428.551 66.9889 3544.86 1306.8 0.352625 0.348148 0.320123 0.329465
0.427 53.7928 429.683 67.2835 3556.5 1300.44 0.352905 0.349006 0.320935 0.330292
0.428 54.1887 430.816 67.5789 3569.25 1296.15 0.353118 0.349972 0.321848 0.331222
0.429 54.586 431.949 67.8751 3582.89 1294.2 0.35323 0.351021 0.322841 0.332234
0.43 54.9849 433.084 68.1721 3597.23 1294.9 0.35338 0.352139 0.323899 0.333312
0.431 55.3854 434.22 68.4699 3612.17 1297.88 0.354066 0.353311 0.32501 0.334444
0.432 55.7876 435.356 68.7684 3627.6 1301.89 0.355067 0.35453 0.326166 0.335621
0.433 56.1916 436.493 69.0677 3643.45 1306.93 0.356233 0.355786 0.32736 0.336835
0.434 56.5973 437.632 69.3678 3659.65 1312.76 0.35754 0.357074 0.328585 0.338081
0.435 57.0048 438.771 69.6687 3676.15 1319.05 0.358766 0.358389 0.329837 0.339354
0.436 57.4142 439.911 69.9703 3692.91 1325.19 0.359812 0.359727 0.331112 0.34065
0.437 57.8255 441.052 70.2728 3709.9 1330.79 0.360771 0.361083 0.332407 0.341966
0.438 58.2387 442.194 70.5759 3727.09 1335.57 0.361688 0.362456 0.333719 0.343298
0.439 58.6537 443.337 70.8799 3744.44 1339.27 0.362569 0.363842 0.335046 0.344644
0.44 59.0708 444.481 71.1846 3761.97 1341.71 0.363432 0.365242 0.336387 0.346006
0.441 59.4897 445.626 71.4901 3779.52 1342.72 0.364241 0.366641 0.337731 0.347368
0.442 59.9107 446.772 71.7964 3797.61 1342.22 0.364958 0.36809 0.339118 0.348775
0.443 60.3336 447.919 72.1035 3814.23 1340.14 0.365617 0.369392 0.340385 0.350054
0.444 60.7585 449.067 72.4113 3836.79 1336.39 0.366233 0.371269 0.342139 0.351849
0.445 61.1854 450.215 72.7199 3837.54 1330.75 0.366813 0.371031 0.342108 0.351749
0.446 61.6103 451.365 73.0292 3810.15 1323.68 0.367359 0.368076 0.339782 0.349213
0.447 62.0327 452.516 73.3393 3797.98 1316.09 0.367876 0.366599 0.338709 0.348006
0.448 62.4548 453.667 73.6501 3799.53 1308.36 0.368366 0.366448 0.338761 0.34799
0.449 62.8771 454.82 73.9617 3803.33 1300.87 0.36883 0.366515 0.338999 0.348171
0.45 63.3 455.973 74.2739 3809.94 1293.88 0.369269 0.366853 0.339468 0.348596
0.451 63.7238 457.128 74.5869 3818.07 1287.59 0.369685 0.367337 0.340062 0.349153
0.452 64.1485 458.283 74.9005 3827.46 1282.18 0.37008 0.36794 0.340758 0.349818
0.453 64.5744 459.439 75.2148 3837.77 1277.8 0.370452 0.368632 0.34153 0.350564
0.454 65.0014 460.597 75.5299 3848.84 1274.57 0.370805 0.369394 0.342363 0.351373
0.455 65.4297 461.755 75.8456 3860.52 1272.65 0.371134 0.370214 0.343245 0.352235
0.456 65.8593 462.914 76.162 3872.72 1272.11 0.371462 0.371081 0.344169 0.35314
0.457 66.2903 464.074 76.479 3885.34 1272.76 0.372126 0.371987 0.345127 0.354081
0.458 66.7228 465.235 76.7968 3898.33 1274.36 0.373154 0.372928 0.346115 0.355052
0.459 67.1566 466.397 77.1152 3911.64 1276.74 0.374292 0.373896 0.347127 0.35605
0.46 67.592 467.56 77.4343 3925.23 1279.76 0.375472 0.37489 0.348161 0.357071
0.461 68.0289 468.724 77.7541 3939.06 1283.35 0.376691 0.375904 0.349214 0.358111
0.462 68.4674 469.888 78.0745 3953.11 1287.44 0.377939 0.376937 0.350283 0.359168
0.463 68.9074 471.054 78.3956 3967.35 1291.9 0.37921 0.377987 0.351366 0.36024
0.464 69.349 472.221 78.7174 3981.76 1296.65 0.380499 0.37905 0.352462 0.361325
0.465 69.7922 473.389 79.0398 3996.32 1301.76 0.381814 0.380125 0.353569 0.362421
0.466 70.2371 474.557 79.3629 4011.02 1306.95 0.383106 0.381211 0.354686 0.363528
0.467 70.6836 475.727 79.6867 4025.84 1313.47 0.384544 0.382307 0.355811 0.364643
0.468 71.1317 476.897 80.0111 4040.78 1318.4 0.384727 0.383411 0.356943 0.365766
0.469 71.5815 478.069 80.3362 4055.81 1319.64 0.383796 0.384522 0.358082 0.366896
0.47 72.033 479.241 80.662 4070.93 1318 0.382922 0.385639 0.359227 0.368031
0.471 72.4862 480.415 80.9884 4086.15 1312.41 0.382194 0.386764 0.360377 0.369173
0.472 72.9411 481.589 81.3155 4101.38 1303.37 0.381817 0.387886 0.36153 0.370315
0.473 73.3976 482.764 81.6432 4116.92 1290.51 0.381736 0.389036 0.362695 0.371475
0.474 73.8559 483.941 81.9716 4131.64 1275.77 0.381677 0.390105 0.363831 0.372589
0.475 74.3159 485.118 82.3007 4149.69 1258.43 0.381673 0.391488 0.36509 0.37389
0.476 74.7776 486.296 82.6304 4155.56 1238.4 0.381713 0.391717 0.365901 0.374506
0.477 75.241 487.475 82.9607 4207.12 1215.79 0.381798 0.39626 0.368396 0.377684
0.478 75.7062 488.655 83.2918 4087.92 1188.75 0.381926 0.384709 0.364606 0.371307
0.479 76.1451 489.837 83.6234 3851.93 1164.65 0.382086 0.362203 0.356589 0.35846
0.48 76.5704 491.019 83.9555 3838.43 1145.77 0.382304 0.360679 0.356798 0.358092
0.481 77.0009 492.202 84.2881 3899.02 1130.75 0.38247 0.366096 0.359705 0.361836
0.482 77.4359 493.385 84.6211 3933.24 1121.73 0.382989 0.369025 0.361635 0.364099
0.483 77.875 494.57 84.9547 3969.78 1116.79 0.381056 0.37216 0.36364 0.36648
0.484 78.3179 495.756 85.2887 4001.9 1110.85 0.378556 0.374885 0.365476 0.368612
0.485 78.7642 496.942 85.6233 4032.22 1105.11 0.376544 0.377442 0.367241 0.370641
0.486 79.2139 498.13 85.9584 4061.03 1098.93 0.37479 0.379836 0.368942 0.372573
0.487 79.6666 499.318 86.2941 4088.26 1091.1 0.373298 0.382084 0.370586 0.374419
0.488 80.1224 500.508 86.6303 4114.89 1085.05 0.371918 0.38427 0.372185 0.376213
0.489 80.5809 501.698 86.967 4138.59 1079.82 0.370992 0.386179 0.373744 0.377889
0.49 81.0423 502.889 87.3042 4168.82 1071.05 0.371709 0.388691 0.375269 0.379743
0.491 81.5063 504.081 87.6421 4170.99 1058.66 0.37306 0.388586 0.376769 0.380708
0.492 81.9729 505.274 87.9804 4274.72 1043.04 0.374274 0.397928 0.378226 0.384793
0.493 82.4421 506.468 88.3193 3996.8 1023.94 0.375455 0.371771 0.379731 0.377078
0.494 82.8612 507.663 88.6587 3720.71 1004.8 0.376595 0.345819 0.381593 0.369668
0.495 83.2844 508.859 88.9983 3862.29 996.8 0.377708 0.358742 0.383543 0.375276
0.496 83.7163 510.056 89.3385 3917.83 988.104 0.378801 0.363655 0.385295 0.378082
0.497 84.1553 511.253 89.679 3980.76 988.802 0.379879 0.369191 0.386986 0.381055
0.498 84.6004 512.452 90.0199 4030.37 995.869 0.38094 0.373523 0.388602 0.383576
0.499 85.0508 513.651 90.3613 4075.75 1004.67 0.38201 0.377451 0.39017 0.385931
0.5 85.506 514.852 90.7031 4116.78 1017.89 0.382991 0.380957 0.391699 0.388119
0.501 85.9655 516.053 91.0453 4154.62 1035.36 0.38378 0.384165 0.393194 0.390184
0.502 86.4291 517.255 91.3881 4189.89 1055.7 0.384579 0.387128 0.394661 0.39215
0.503 86.8965 518.458 91.7313 4223.09 1082.38 0.385235 0.389894 0.396103 0.394034
0.504 87.3675 519.662 92.075 4254.6 1100.49 0.386567 0.392498 0.397524 0.395849
0.505 87.8419 520.867 92.4192 4284.68 1160.7 0.390258 0.394964 0.398926 0.397605
0.506 88.3196 522.073 92.7639 4313.55 1056.16 0.39381 0.397314 0.40031 0.399312
0.507 88.8005 523.279 93.1091 4341.38 1554.8 0.395942 0.399563 0.401679 0.400974
0.508 89.2843 524.487 93.4548 4368.32 -677.458 0.403199 0.401725 0.403034 0.402598
0.509 89.7712 525.696 93.801 4394.48 -291.356 0.405134 0.403811 0.404376 0.404187
0.51 90.2609 526.905 94.1478 4419.94 1569.62 0.404107 0.405828 0.405705 0.405746
0.511 90.7534 528.116 94.4951 4444.79 1158.25 0.407439 0.407785 0.407023 0.407277
0.512 91.2486 529.328 94.8429 4469.09 1285.06 0.409599 0.409687 0.40833 0.408782
0.513 91.7465 530.54 95.1912 4492.9 1277.03 0.411928 0.411539 0.409627 0.410264
0.514 92.247 531.754 95.5401 4516.27 1262.77 0.414181 0.413348 0.410914 0.411725
0.515 92.7501 532.968 95.8896 4539.23 1404.42 0.416041 0.415115 0.412193 0.413167
0.516 93.2557 534.184 96.2395 4561.83 922.062 0.418214 0.416845 0.413462 0.41459
0.517 93.7638 535.4 96.5901 4584.09 2786.3 0.418146 0.41854 0.414723 0.415995
0.518 94.2744 536.618 96.9411 4606.04 -4145.1 0.426511 0.420204 0.415976 0.417385
0.519 94.7874 537.836 97.2927 4627.69 43834.3 0.383903 0.421837 0.417221 0.41876
0.52 95.3027 539.055 97.6449 4649.13 12545.1 0.41371 0.423443 0.418459 0.42012
0.521 95.8205 540.276 97.9977 4670.16 -1501.47 0.427753 0.425024 0.419689 0.421467
0.522 96.3406 541.497 98.3509 4691.55 2143.61 0.425013 0.426579 0.420912 0.422801
0.523 96.863 542.72 98.7048 4710.54 1170.65 0.426723 0.428114 0.422131 0.424125
0.524 97.3876 543.943 99.0592 4737.47 1435.78 0.427289 0.42962 0.423333 0.425429
0.525 97.9146 545.167 99.4141 4733.85 1367.45 0.428192 0.431128 0.424558 0.426748
0.526 98.4438 546.393 99.7697 4843.38 1387.69 0.429029 0.432561 0.42569 0.427981
0.527 98.9752 547.619 100.126 4529.79 1381.76 0.429905 0.434079 0.427053 0.429395
0.528 99.5089 548.847 100.482 5794.52 1380.9 0.430786 0.435578 0.427766 0.43037
0.529 100.045 550.075 100.84 1168.17 1376.87 0.431677 0.436177 0.429546 0.431756
0.53 100.075 552.201 102.888 4825.01 -90633.3 0.432576 0.43586 0.43079 0.43248
0.531 101.114 552.535 101.556 8409.84 1369.14 0.43348 0.419066 0.437623 0.431437
0.532 101.638 553.767 101.915 3739.31 1362.46 0.434389 0.427047 0.434234 0.431838
0.533 102.166 554.999 102.274 5030.73 1359.33 0.4353 0.429418 0.436064 0.433848
0.534 102.697 556.233 102.634 4721.68 1364.86 0.43622 0.431539 0.436886 0.435103
0.535 103.231 557.467 102.994 4838.94 1350.75 0.437119 0.433662 0.438076 0.436605
0.536 103.768 558.702 103.355 4840 1426.59 0.438103 0.435577 0.439147 0.437957
0.537 104.308 559.939 103.717 4871.27 1154.28 0.438774 0.437447 0.440274 0.439332
0.538 104.85 561.176 104.079 4893.31 2198.61 0.440617 0.439222 0.441384 0.440663
0.539 105.395 562.415 104.441 4916.91 -1680.15 0.438093 0.440938 0.442497 0.441977
0.54 105.943 563.654 104.804 4939.33 13465.3 0.452504 0.442597 0.443608 0.443271
0.541 106.493 564.895 105.168 4961.43 47575.2 0.485097 0.444209 0.444717 0.444548
0.542 107.045 566.136 105.532 4983.07 -4580.2 0.438925 0.445781 0.445823 0.445809
0.543 107.6 567.379 105.897 5004.35 3045.43 0.447432 0.447316 0.446926 0.447056
0.544 108.157 568.622 106.262 5025.3 1008.69 0.447358 0.448819 0.448027 0.448291
0.545 108.717 569.867 106.628 5045.97 1568.15 0.449514 0.450292 0.449124 0.449513
0.546 109.279 571.113 106.994 5066.37 1430.51 0.451012 0.45174 0.450217 0.450725
0.547 109.843 572.359 107.361 5086.54 1471.19 0.452614 0.453163 0.451307 0.451925
0.548 110.409 573.607 107.728 5106.49 1504.64 0.454212 0.454564 0.452393 0.453116
0.549 110.978 574.856 108.096 5126.25 1383.39 0.455499 0.455944 0.453475 0.454298
0.55 111.548 576.105 108.464 5145.83 1886.73 0.457834 0.457305 0.454553 0.45547
0.551 112.121 577.356 108.834 5165.24 -263.701 0.455606 0.458648 0.455627 0.456634
0.552 112.696 578.608 109.203 5184.5 -705.399 0.456269 0.459975 0.456697 0.45779
0.553 113.273 579.861 109.573 5203.6 1962.75 0.462121 0.461285 0.457763 0.458937
0.554 113.852 581.115 109.944 5222.58 1403.7 0.462435 0.462581 0.458825 0.460077
0.555 114.434 582.37 110.315 5241.42 1562.47 0.463965 0.463862 0.459883 0.46121
0.556 115.017 583.626 110.687 5260.15 1528.11 0.465156 0.46513 0.460937 0.462335
0.557 115.603 584.883 111.059 5278.76 1545.52 0.466423 0.466386 0.461986 0.463453
0.558 116.19 586.141 111.432 5297.26 1548.71 0.467656 0.467628 0.463031 0.464564
0.559 116.78 587.4 111.806 5315.66 1555.6 0.468884 0.468859 0.464072 0.465668
0.56 117.371 588.661 112.18 5333.96 1561.36 0.470099 0.470079 0.465109 0.466766
0.561 117.965 589.922 112.554 5352.16 1567.28 0.471305 0.471287 0.466142 0.467857
0.562 118.561 591.184 112.929 5370.28 1573.03 0.472501 0.472486 0.46717 0.468942
0.563 119.159 592.448 113.305 5388.31 1578.69 0.473687 0.473673 0.468194 0.470021
0.564 119.758 593.712 113.681 5406.26 1584.25 0.474863 0.474851 0.469214 0.471093
0.565 120.36 594.978 114.058 5424.13 1589.71 0.47603 0.47602 0.47023 0.47216
0.566 120.964 596.244 114.435 5441.92 1595.07 0.477188 0.477179 0.471242 0.473221
0.567 121.569 597.512 114.813 5459.64 1600.34 0.478338 0.478329 0.47225 0.474276
0.568 122.177 598.781 115.191 5477.29 1605.53 0.479478 0.479471 0.473253 0.475326
0.569 122.786 600.051 115.57 5494.87 1610.62 0.48061 0.480603 0.474252 0.476369
0.57 123.398 601.321 115.95 5512.38 1615.64 0.481734 0.481728 0.475248 0.477408
0.571 124.011 602.593 116.33 5529.83 1620.57 0.48285 0.482844 0.476239 0.478441
0.572 124.627 603.866 116.711 5547.21 1625.42 0.483958 0.483953 0.477226 0.479468
0.573 125.244 605.141 117.092 5564.54 1630.19 0.485058 0.485053 0.478209 0.48049
0.574 125.863 606.416 117.474 5581.8 1634.89 0.48615 0.486146 0.479188 0.481507
0.575 126.484 607.692 117.856 5599.01 1639.53 0.487236 0.487232 0.480163 0.482519
0.576 127.108 608.969 118.239 5616.16 1644.01 0.488314 0.48831 0.481134 0.483526
0.577 127.732 610.248 118.622 5633.25 1648.74 0.489384 0.489381 0.482101 0.484528
0.578 128.359 611.527 119.006 5650.29 1652.21 0.49045 0.490446 0.483064 0.485524
0.579 128.988 612.808 119.391 5667.28 1660.09 0.491501 0.491503 0.484023 0.486516
0.58 129.619 614.09 119.776 5684.22 1651.13 0.492573 0.492554 0.484978 0.487503
0.581 130.251 615.373 120.161 5701.11 1704.94 0.493535 0.493598 0.485929 0.488485
0.582 130.886 616.657 120.547 5717.95 1523.37 0.494877 0.494635 0.486876 0.489463
0.583 131.522 617.941 120.934 5734.74 2222.97 0.494773 0.495666 0.48782 0.490435
0.584 132.16 619.228 121.321 5751.48 -1068.92 0.501183 0.496691 0.488759 0.491403
0.585 132.8 620.515 121.709 5768.18 -523.422 0.501315 0.497709 0.489695 0.492366
0.586 133.442 621.803 122.097 5784.83 2178.6 0.498001 0.498721 0.490627 0.493325
0.587 134.086 623.092 122.486 5801.44 1558.28 0.500094 0.499728 0.491555 0.494279
0.588 134.731 624.383 122.876 5818.01 1726.64 0.500895 0.500728 0.492479 0.495229
0.589 135.378 625.674 123.266 5834.53 1699.27 0.502015 0.501723 0.493399 0.496174
0.59 136.028 626.967 123.656 5851.01 1664.02 0.503087 0.502711 0.494316 0.497114
0.591 136.679 628.261 124.047 5867.45 1857.31 0.50398 0.503695 0.495229 0.498051
0.592 137.332 629.556 124.439 5883.85 1140.94 0.505583 0.504672 0.496138 0.498983
0.593 137.986 630.852 124.831 5900.21 3845.61 0.504474 0.505644 0.497044 0.49991
0.594 138.643 632.149 125.223 5916.53 -6263.98 0.513502 0.50661 0.497945 0.500834
0.595 139.301 633.447 125.617 5932.8 63584.7 0.461842 0.507571 0.498843 0.501753
0.596 139.961 634.746 126.01 5949.08 18004.1 0.496422 0.508527 0.499738 0.502668
0.597 140.623 636.047 126.405 5965.16 -2442.93 0.512708 0.509478 0.500629 0.503578
0.598 141.287 637.348 126.799 5981.83 2852.07 0.508969 0.510423 0.501516 0.504485
0.599 141.952 638.651 127.195 5996.09 1430.47 0.51052 0.511363 0.502401 0.505388
0.6 142.619 639.954 127.591 6019.19 1810.55 0.510694 0.512297 0.503277 0.506284
0.601 143.289 641.259 127.987 6009.11 1706.67 0.511263 0.513227 0.504163 0.507184
0.602 143.959 642.565 128.384 6122.71 1732.55 0.511749 0.514167 0.505015 0.508066
0.603 144.632 643.872 128.782 5774.56 1721.8 0.512278 0.514979 0.505905 0.50893
0.604 145.306 645.181 129.18 7149.52 1719.51 0.512815 0.51665 0.506932 0.510171
0.605 145.983 646.49 129.578 2093.47 1712.78 0.513365 0.515341 0.506974 0.509763
0.606 146.107 648.935 131.85 6093.34 -131540 0.513925 0.516395 0.509788 0.511991
0.607 147.335 649.112 130.377 10038.8 1714.93 0.514495 0.507397 0.538621 0.528213
0.608 148.003 650.424 130.777 4948.5 1697.96 0.515074 0.509997 0.517345 0.514895
0.609 148.675 651.738 131.178 6342.44 1690.01 0.515658 0.511844 0.519696 0.517079
0.61 149.348 653.053 131.579 5997.22 1695.25 0.516255 0.51307 0.519538 0.517382
0.611 150.024 654.369 131.98 6116.47 1669.64 0.516832 0.514476 0.520229 0.518311
0.612 150.703 655.686 132.383 6110.11 1774.67 0.517514 0.515716 0.520738 0.519064
0.613 151.383 657.004 132.785 6137.09 1375.47 0.517828 0.516961 0.521347 0.519885
0.614 152.066 658.324 133.188 6154.48 2875.14 0.51954 0.518146 0.52196 0.520689
0.615 152.751 659.644 133.592 6173.92 -2727.59 0.516065 0.519301 0.522599 0.5215
0.616 153.438 660.966 133.996 6192.37 19098.6 0.53274 0.520425 0.523252 0.522309
0.617 154.127 662.288 134.401 6210.72 68226.8 0.571294 0.521522 0.523918 0.523119
0.618 154.818 663.612 134.806 6228.76 -6933.38 0.515315 0.522596 0.524595 0.523929
0.619 155.511 664.937 135.211 6246.6 4042.84 0.524461 0.52365 0.525281 0.524737
0.62 156.207 666.263 135.617 6264.25 1102 0.523503 0.524685 0.525974 0.525544
0.621 156.904 667.59 136.024 6281.71 1898.24 0.525218 0.525702 0.526674 0.52635
0.622 157.602 668.918 136.431 6299.02 1692.27 0.526185 0.526705 0.527378 0.527154
0.623 158.303 670.248 136.839 6316.19 1742.16 0.527302 0.527693 0.528086 0.527955
0.624 159.006 671.578 137.247 6333.22 1782.38 0.528435 0.528668 0.528798 0.528754
0.625 159.711 672.91 137.656 6350.13 1600.8 0.52922 0.529631 0.529512 0.529551
0.626 160.417 674.242 138.065 6366.93 2316.03 0.531262 0.530582 0.530228 0.530346
0.627 161.126 675.576 138.474 6383.63 -775.835 0.527927 0.531523 0.530945 0.531138
0.628 161.836 676.911 138.884 6400.23 -1414.42 0.528035 0.532453 0.531664 0.531927
0.629 162.548 678.248 139.295 6416.74 2404.59 0.534311 0.533374 0.532384 0.532714
0.63 163.262 679.585 139.706 6433.16 1596.87 0.534076 0.534286 0.533103 0.533498
0.631 163.977 680.923 140.118 6449.5 1818.11 0.535279 0.535189 0.533823 0.534279
0.632 164.695 682.263 140.53 6465.77 1762.83 0.536089 0.536084 0.534543 0.535057
0.633 165.414 683.603 140.942 6481.97 1781.77 0.536995 0.536972 0.535263 0.535832
0.634 166.135 684.945 141.355 6498.1 1780.52 0.537866 0.537851 0.535982 0.536605
0.635 166.858 686.288 141.769 6514.16 1784.64 0.538737 0.538724 0.5367 0.537374
0.636 167.583 687.632 142.183 6530.16 1787.25 0.539601 0.539589 0.537417 0.538141
0.637 168.309 688.978 142.598 6546.11 1790.18 0.540458 0.540448 0.538133 0.538905
0.638 169.038 690.324 143.013 6561.99 1792.94 0.541309 0.5413 0.538849 0.539666
0.639 169.768 691.672 143.428 6577.82 1795.68 0.542153 0.542146 0.539562 0.540424
0.64 170.499 693.02 143.844 6593.6 1798.34 0.542992 0.542985 0.540275 0.541178
0.641 171.233 694.37 144.261 6609.33 1800.95 0.543825 0.543819 0.540986 0.54193
0.642 171.968 695.721 144.678 6625.01 1803.5 0.544652 0.544647 0.541696 0.542679
0.643 172.705 697.073 145.095 6640.65 1806 0.545474 0.545469 0.542404 0.543426
0.644 173.444 698.426 145.513 6656.24 1808.45 0.546291 0.546286 0.54311 0.544169
0.645 174.184 699.781 145.931 6671.78 1810.85 0.547102 0.547098 0.543814 0.544909
0.646 174.926 701.136 146.35 6687.28 1813.19 0.547908 0.547904 0.544517 0.545646
0.647 175.67 702.493 146.77 6702.74 1815.49 0.548708 0.548705 0.545218 0.546381
0.648 176.416 703.851 147.19 6718.16 1817.74 0.549504 0.549501 0.545917 0.547112
0.649 177.163 705.21 147.61 6733.55 1819.94 0.550295 0.550293 0.546614 0.547841
0.65 177.912 706.57 148.031 6748.89 1822.1 0.551082 0.551079 0.54731 0.548566
0.651 178.663 707.931 148.452 6764.2 1824.22 0.551863 0.551861 0.548003 0.549289
0.652 179.415 709.294 148.874 6779.47 1826.29 0.55264 0.552638 0.548694 0.550009
0.653 180.17 710.658 149.296 6794.7 1828.32 0.553413 0.553411 0.549384 0.550726
0.654 180.925 712.022 149.719 6809.9 1830.31 0.554181 0.554179 0.550071 0.55144
0.655 181.683 713.388 150.142 6825.07 1832.27 0.554944 0.554943 0.550756 0.552151
0.656 182.442 714.755 150.566 6840.2 1834.18 0.555704 0.555702 0.551439 0.55286
0.657 183.203 716.124 150.99 6855.3 1836.05 0.556459 0.556458 0.55212 0.553566
0.658 183.965 717.493 151.415 6870.37 1837.89 0.55721 0.557209 0.552799 0.554269
0.659 184.73 718.864 151.84 6885.41 1839.69 0.557957 0.557956 0.553475 0.554969
0.66 185.496 720.235 152.266 6900.42 1841.46 0.5587 0.558699 0.55415 0.555666
0.661 186.263 721.608 152.692 6915.4 1843.18 0.559439 0.559438 0.554822 0.556361
0.662 187.032 722.982 153.118 6930.35 1844.9 0.560174 0.560173 0.555492 0.557053
0.663 187.803 724.358 153.545 6945.27 1846.48 0.560905 0.560904 0.55616 0.557742
0.664 188.576 725.734 153.973 6960.16 1848.41 0.561632 0.561632 0.556826 0.558428
0.665 189.35 727.111 154.401 6975.02 1848.89 0.562357 0.562355 0.55749 0.559112
0.666 190.126 728.49 154.829 6989.86 1854.64 0.563071 0.563075 0.558152 0.559793
0.667 190.903 729.87 155.258 7004.67 1840.5 0.563808 0.563791 0.558811 0.560471
0.668 191.682 731.251 155.687 7019.45 1900.67 0.564443 0.564504 0.559468 0.561147
0.669 192.463 732.633 156.117 7034.21 1682.53 0.565443 0.565213 0.560123 0.56182
0.67 193.245 734.017 156.547 7048.94 2506 0.565064 0.565918 0.560776 0.56249
0.671 194.029 735.401 156.978 7063.65 -1386.08 0.570908 0.56662 0.561426 0.563158
0.672 194.815 736.787 157.409 7078.33 -743.814 0.570762 0.567319 0.562075 0.563823
0.673 195.602 738.174 157.841 7092.99 2442.97 0.567379 0.568014 0.562721 0.564485
0.674 196.391 739.562 158.273 7107.62 1707.73 0.569181 0.568706 0.563365 0.565145
0.675 197.182 740.951 158.706 7122.23 1903.26 0.569736 0.569394 0.564007 0.565803
0.676 197.974 742.342 159.139 7136.82 1868.02 0.570595 0.570079 0.564647 0.566458
0.677 198.768 743.733 159.572 7151.38 1823.61 0.571403 0.570761 0.565284 0.56711
0.678 199.563 745.126 160.006 7165.92 2048.51 0.57204 0.57144 0.56592 0.56776
0.679 200.36 746.52 160.44 7180.44 1202.48 0.573352 0.572115 0.566553 0.568407
0.68 201.159 747.915 160.875 7194.93 4382.49 0.57208 0.572787 0.567184 0.569052
0.681 201.959 749.311 161.31 7209.41 -7511.3 0.580461 0.573456 0.567813 0.569694
0.682 202.761 750.709 161.746 7223.85 74602 0.530955 0.574122 0.568439 0.570334
0.683 203.564 752.107 162.182 7238.31 21007 0.563705 0.574785 0.569064 0.570971
0.684 204.369 753.507 162.619 7252.6 -3019.97 0.578485 0.575445 0.569687 0.571606
0.685 205.176 754.908 163.056 7267.44 3196.26 0.57417 0.576101 0.570306 0.572238
0.686 205.984 756.31 163.493 7280.14 1522.61 0.57498 0.576755 0.570926 0.572869
0.687 206.794 757.714 163.931 7300.69 1963.72 0.574521 0.577405 0.571537 0.573493
0.688 207.606 759.118 164.37 7291.85 1835.51 0.574479 0.578055 0.572167 0.57413
0.689 208.419 760.524 164.808 7392.62 1858.65 0.574388 0.578702 0.572728 0.574719
0.69 209.233 761.931 165.248 7084.24 1838.46 0.574365 0.579298 0.573485 0.575423
0.691 210.05 763.339 165.687 8302.7 1827.67 0.57437 0.580321 0.573598 0.575839
0.692 210.867 764.748 166.128 3822.83 1812.27 0.574409 0.579734 0.57506 0.576618
0.693 211.196 767.32 168.244 7364.9 -154119 0.574474 0.57991 0.575654 0.577073
0.694 212.499 767.57 167.009 10773.4 1799.37 0.574563 0.55 0.587999 0.575333
0.695 213.295 768.983 167.45 6212.19 1769.03 0.574674 0.565376 0.581515 0.576136
0.696 214.095 770.397 167.892 7481.28 1750.84 0.574802 0.567143 0.58233 0.577267
0.697 214.899 771.812 168.334 7181.46 1751.62 0.574955 0.56912 0.582396 0.57797
0.698 215.707 773.228 168.777 7297.3 1716.05 0.575099 0.570818 0.58278 0.578792
0.699 216.517 774.646 169.22 7298.57 1836.22 0.575352 0.572303 0.583133 0.579523
0.7 217.33 776.064 169.663 7328.56 1368.61 0.575266 0.573686 0.583554 0.580265
0.701 218.145 777.484 170.107 7349.1 3116.81 0.576507 0.574954 0.58399 0.580978
0.702 218.963 778.905 170.551 7370.79 -3416.09 0.572866 0.576143 0.584447 0.581679
0.703 219.783 780.327 170.996 7391.08 22021.4 0.588215 0.577264 0.58492 0.582368
0.704 220.605 781.75 171.441 7410.84 79243.2 0.62407 0.57833 0.585404 0.583046
0.705 221.43 783.175 171.886 7429.99 -8306.37 0.571339 0.579349 0.585898 0.583715
0.706 222.256 784.6 172.332 7448.67 4476.36 0.580226 0.580328 0.586399 0.584376
0.707 223.085 786.027 172.778 7466.94 1055.13 0.579466 0.581273 0.586907 0.585029
0.708 223.916 787.455 173.224 7484.85 1981.91 0.581192 0.582188 0.58742 0.585676
0.709 224.748 788.884 173.671 7502.44 1743.08 0.582173 0.583077 0.587937 0.586317
0.71 225.583 790.314 174.118 7519.76 1800.36 0.583266 0.583942 0.588457 0.586952
0.711 226.419 791.745 174.566 7536.83 1846.49 0.584352 0.584787 0.58898 0.587582
0.712 227.258 793.178 175.014 7553.68 1634.86 0.585092 0.585612 0.589505 0.588207
0.713 228.098 794.612 175.463 7570.33 2464.31 0.587001 0.586421 0.590031 0.588828
0.714 228.94 796.047 175.912 7586.81 -1124.43 0.583831 0.587214 0.590559 0.589444
0.715 229.784 797.483 176.361 7603.12 -1864.98 0.583894 0.587993 0.591087 0.590056
0.716 230.63 798.92 176.81 7619.28 2563.13 0.589717 0.588758 0.591616 0.590663
0.717 231.477 800.359 177.261 7635.31 1625.45 0.589367 0.589512 0.592145 0.591267
0.718 232.326 801.798 177.711 7651.21 1880.62 0.590381 0.590254 0.592675 0.591868
0.719 233.177 803.239 178.162 7667 1815.36 0.591023 0.590986 0.593204 0.592465
0.72 234.03 804.681 178.613 7682.67 1836.07 0.591757 0.591708 0.593733 0.593058
0.721 234.885 806.125 179.065 7698.25 1833.43 0.592456 0.592421 0.594262 0.593648
0.722 235.741 807.569 179.517 7713.73 1836.97 0.593156 0.593125 0.59479 0.594235
0.723 236.599 809.015 179.969 7729.13 1838.76 0.593847 0.593821 0.595318 0.594819
0.724 237.458 810.462 180.422 7744.44 1840.91 0.594531 0.594509 0.595845 0.595399
0.725 238.32 811.91 180.875 7759.68 1842.86 0.595209 0.595189 0.596371 0.595977
0.726 239.183 813.359 181.329 7774.84 1844.77 0.59588 0.595863 0.596896 0.596552
0.727 240.047 814.809 181.783 7789.94 1846.6 0.596545 0.59653 0.597421 0.597124
0.728 240.914 816.261 182.237 7804.97 1848.37 0.597204 0.597191 0.597944 0.597693
0.729 241.782 817.713 182.692 7819.93 1850.06 0.597857 0.597846 0.598466 0.598259
0.73 242.652 819.167 183.147 7834.84 1851.7 0.598504 0.598494 0.598988 0.598823
0.731 243.523 820.623 183.603 7849.69 1853.27 0.599146 0.599137 0.599508 0.599384
0.732 244.396 822.079 184.059 7864.49 1854.79 0.599783 0.599775 0.600027 0.599943
0.733 245.271 823.536 184.515 7879.24 1856.25 0.600415 0.600408 0.600544 0.600499
0.734 246.147 824.995 184.972 7893.93 1857.66 0.601041 0.601035 0.601061 0.601052
0.735 247.025 826.455 185.429 7908.58 1859.02 0.601663 0.601658 0.601576 0.601603
0.736 247.904 827.916 185.886 7923.19 1860.33 0.602281 0.602276 0.60209 0.602152
0.737 248.786 829.378 186.344 7937.75 1861.6 0.602894 0.602889 0.602603 0.602698
0.738 249.668 830.842 186.802 7952.27 1862.82 0.603502 0.603498 0.603114 0.603242
0.739 250.553 832.307 187.261 7966.75 1863.99 0.604106 0.604103 0.603624 0.603783
0.74 251.439 833.773 187.72 7981.19 1865.13 0.604707 0.604703 0.604132 0.604323
0.741 252.326 835.24 188.179 7995.59 1866.22 0.605303 0.6053 0.604639 0.60486
0.742 253.216 836.708 188.639 8009.95 1867.27 0.605895 0.605892 0.605145 0.605394
0.743 254.106 838.177 189.099 8024.28 1868.29 0.606483 0.606481 0.60565 0.605927
0.744 254.999 839.648 189.559 8038.58 1869.27 0.607068 0.607066 0.606153 0.606457
0.745 255.893 841.12 190.02 8052.84 1870.21 0.607649 0.607647 0.606654 0.606985
0.746 256.788 842.593 190.481 8067.07 1871.12 0.608227 0.608225 0.607154 0.607511
0.747 257.685 844.067 190.943 8081.27 1872 0.608801 0.608799 0.607653 0.608035
0.748 258.584 845.543 191.405 8095.44 1872.84 0.609371 0.609369 0.60815 0.608557
0.749 259.484 847.02 191.867 8109.58 1873.65 0.609938 0.609937 0.608646 0.609076
0.75 260.386 848.498 192.33 8123.69 1874.43 0.610502 0.610501 0.60914 0.609594
0.751 261.29 849.977 192.793 8137.78 1875.18 0.611063 0.611062 0.609633 0.610109
0.752 262.195 851.457 193.257 8151.83 1875.91 0.611621 0.611619 0.610124 0.610623
0.753 263.101 852.939 193.721 8165.86 1876.6 0.612175 0.612174 0.610614 0.611134
0.754 264.009 854.421 194.185 8179.87 1877.26 0.612727 0.612726 0.611103 0.611644
0.755 264.919 855.905 194.649 8193.84 1877.9 0.613275 0.613274 0.61159 0.612151
0.756 265.83 857.39 195.114 8207.8 1878.51 0.613821 0.61382 0.612075 0.612657
0.757 266.743 858.877 195.58 8221.72 1879.1 0.614363 0.614362 0.61256 0.613161
0.758 267.657 860.364 196.045 8235.63 1879.66 0.614903 0.614902 0.613042 0.613662
0.759 268.573 861.853 196.511 8249.51 1880.2 0.61544 0.615439 0.613523 0.614162
0.76 269.49 863.343 196.978 8263.37 1880.71 0.615975 0.615974 0.614003 0.61466
0.761 270.409 864.834 197.444 8277.21 1881.2 0.616506 0.616506 0.614481 0.615156
0.762 271.33 866.327 197.911 8291.02 1881.66 0.617035 0.617035 0.614958 0.61565
0.763 272.252 867.82 198.379 8304.81 1882.1 0.617561 0.617561 0.615434 0.616143
0.764 273.175 869.315 198.847 8318.59 1882.52 0.618085 0.618085 0.615908 0.616633
0.765 274.1 870.811 199.315 8332.34 1882.92 0.618606 0.618606 0.61638 0.617122
0.766 275.027 872.308 199.783 8346.07 1883.3 0.619125 0.619125 0.616851 0.617609
0.767 275.955 873.807 200.252 8359.78 1883.66 0.619641 0.619641 0.617321 0.618094
0.768 276.885 875.306 200.722 8373.47 1883.99 0.620155 0.620155 0.617789 0.618577
0.769 277.816 876.807 201.191 8387.15 1884.31 0.620666 0.620666 0.618256 0.619059
0.77 278.748 878.309 201.661 8400.8 1884.61 0.621175 0.621175 0.618721 0.619539
0.771 279.683 879.812 202.132 8414.44 1884.88 0.621682 0.621682 0.619185 0.620017
0.772 280.618 881.317 202.602 8428.05 1885.14 0.622186 0.622186 0.619647 0.620493
0.773 281.555 882.823 203.073 8441.65 1885.38 0.622688 0.622688 0.620108 0.620968
0.774 282.494 884.33 203.545 8455.23 1885.6 0.623188 0.623187 0.620568 0.621441
0.775 283.434 885.838 204.016 8468.8 1885.8 0.623685 0.623685 0.621026 0.621912
0.776 284.376 887.347 204.488 8482.34 1885.99 0.62418 0.62418 0.621483 0.622382
0.777 285.319 888.858 204.961 8495.87 1886.16 0.624674 0.624673 0.621938 0.62285
0.778 286.264 890.369 205.434 8509.39 1886.31 0.625164 0.625164 0.622392 0.623316
0.779 287.21 891.882 205.907 8522.88 1886.44 0.625653 0.625653 0.622845 0.623781
0.78 288.158 893.397 206.38 8536.36 1886.56 0.62614 0.626139 0.623296 0.624244
0.781 289.107 894.912 206.854 8549.83 1886.66 0.626624 0.626624 0.623746 0.624705
0.782 290.058 896.429 207.328 8563.27 1886.75 0.627107 0.627106 0.624194 0.625165
0.783 291.01 897.946 207.803 8576.71 1886.82 0.627587 0.627587 0.624642 0.625623
0.784 291.964 899.466 208.277 8590.13 1886.87 0.628065 0.628065 0.625087 0.62608
0.785 292.919 900.986 208.753 8603.53 1886.91 0.628542 0.628541 0.625532 0.626535
0.786 293.876 902.507 209.228 8616.92 1886.93 0.629016 0.629016 0.625975 0.626988
0.787 294.834 904.03 209.704 8630.29 1886.94 0.629488 0.629488 0.626416 0.62744
0.788 295.794 905.554 210.18 8643.65 1886.94 0.629959 0.629959 0.626857 0.627891
0.789 296.755 907.079 210.657 8656.99 1886.92 0.630427 0.630427 0.627295 0.628339
0.79 297.718 908.606 211.134 8670.32 1886.88 0.630894 0.630894 0.627733 0.628787
0.791 298.682 910.133 211.611 8683.64 1886.84 0.631358 0.631358 0.628169 0.629232
0.792 299.647 911.662 212.088 8696.94 1886.77 0.631821 0.631821 0.628604 0.629677
0.793 300.614 913.192 212.566 8710.23 1886.7 0.632282 0.632282 0.629038 0.630119
0.794 301.583 914.723 213.044 8723.5 1886.61 0.632741 0.632741 0.62947 0.63056
0.795 302.553 916.256 213.523 8736.76 1886.51 0.633198 0.633198 0.629901 0.631
0.796 303.524 917.789 214.002 8750.01 1886.39 0.633654 0.633653 0.630331 0.631438
0.797 304.497 919.324 214.481 8763.24 1886.27 0.634107 0.634107 0.630759 0.631875
0.798 305.472 920.861 214.961 8776.46 1886.13 0.634559 0.634559 0.631186 0.632311
0.799 306.448 922.398 215.44 8789.67 1885.97 0.635009 0.635009 0.631612 0.632744
0.8 307.425 923.936 215.921 8802.87 1885.81 0.635457 0.635457 0.632037 0.633177
0.801 308.404 925.476 216.401 8816.05 1885.63 0.635904 0.635904 0.63246 0.633608
0.802 309.384 927.017 216.882 8829.22 1885.44 0.636348 0.636348 0.632882 0.634037
0.803 310.366 928.56 217.363 8842.38 1885.24 0.636791 0.636791 0.633303 0.634466
0.804 311.349 930.103 217.845 8855.53 1885.03 0.637233 0.637233 0.633722 0.634892
0.805 312.334 931.648 218.326 8868.66 1884.8 0.637673 0.637672 0.63414 0.635318
0.806 313.32 933.194 218.809 8881.79 1884.57 0.638111 0.63811 0.634557 0.635742
0.807 314.307 934.741 219.291 8894.9 1884.32 0.638547 0.638547 0.634973 0.636164
0.808 315.297 936.289 219.774 8908 1884.07 0.638982 0.638982 0.635387 0.636585
0.809 316.287 937.839 220.257 8921.08 1883.8 0.639415 0.639415 0.6358 0.637005
0.81 317.279 939.39 220.74 8934.16 1883.52 0.639846 0.639846 0.636212 0.637424
0.811 318.272 940.942 221.224 8947.23 1883.23 0.640276 0.640276 0.636623 0.637841
0.812 319.267 942.495 221.708 8960.28 1882.93 0.640704 0.640704 0.637033 0.638256
0.813 320.264 944.05 222.193 8973.32 1882.62 0.641131 0.641131 0.637441 0.638671
0.814 321.261 945.605 222.677 8986.35 1882.29 0.641556 0.641556 0.637848 0.639084
0.815 322.261 947.162 223.162 8999.37 1881.96 0.641979 0.641979 0.638254 0.639496
0.816 323.261 948.72 223.648 9012.38 1881.62 0.642401 0.642401 0.638658 0.639906
0.817 324.263 950.28 224.133 9025.38 1881.27 0.642822 0.642822 0.639062 0.640315
0.818 325.267 951.84 224.619 9038.37 1880.91 0.643241 0.643241 0.639464 0.640723
0.819 326.272 953.402 225.105 9051.35 1880.54 0.643658 0.643658 0.639865 0.641129
0.82 327.278 954.965 225.592 9064.31 1880.16 0.644074 0.644074 0.640265 0.641535
0.821 328.286 956.53 226.079 9077.27 1879.77 0.644488 0.644488 0.640664 0.641939
0.822 329.295 958.095 226.566 9090.22 1879.37 0.644901 0.644901 0.641061 0.642341
0.823 330.306 959.662 227.054 9103.15 1878.96 0.645313 0.645313 0.641458 0.642743
0.824 331.318 961.23 227.541 9116.08 1878.54 0.645723 0.645723 0.641853 0.643143
0.825 332.332 962.799 228.03 9129 1878.12 0.646131 0.646131 0.642247 0.643542
0.826 333.347 964.37 228.518 9141.9 1877.68 0.646538 0.646538 0.64264 0.643939
0.827 334.363 965.942 229.007 9154.8 1877.24 0.646944 0.646944 0.643032 0.644336
0.828 335.381 967.514 229.496 9167.69 1876.79 0.647348 0.647348 0.643422 0.644731
0.829 336.401 969.089 229.985 9180.56 1876.33 0.647751 0.647751 0.643812 0.645125
0.83 337.422 970.664 230.475 9193.43 1875.86 0.648152 0.648152 0.6442 0.645517
0.831 338.444 972.241 230.965 9206.29 1875.38 0.648552 0.648552 0.644587 0.645909
0.832 339.467 973.818 231.455 9219.14 1874.89 0.648951 0.648951 0.644973 0.646299
0.833 340.492 975.398 231.945 9231.98 1874.4 0.649348 0.649348 0.645358 0.646688
0.834 341.519 976.978 232.436 9244.81 1873.89 0.649744 0.649744 0.645742 0.647076
0.835 342.547 978.559 232.927 9257.63 1873.38 0.650138 0.650138 0.646125 0.647463
0.836 343.576 980.142 233.419 9270.44 1872.86 0.650532 0.650532 0.646507 0.647848
0.837 344.607 981.726 233.911 9283.24 1872.34 0.650923 0.650923 0.646887 0.648233
0.838 345.639 983.311 234.403 9296.03 1871.8 0.651314 0.651314 0.647267 0.648616
0.839 346.673 984.898 234.895 9308.82 1871.26 0.651703 0.651703 0.647645 0.648998
0.84 347.708 986.486 235.388 9321.59 1870.71 0.652091 0.652091 0.648022 0.649378
0.841 348.744 988.075 235.881 9334.36 1870.16 0.652477 0.652477 0.648399 0.649758
0.842 349.782 989.665 236.374 9347.12 1869.59 0.652863 0.652863 0.648774 0.650137
0.843 350.821 991.256 236.867 9359.87 1869.02 0.653247 0.653247 0.649148 0.650514
0.844 351.862 992.849 237.361 9372.61 1868.44 0.653629 0.653629 0.649521 0.65089
0.845 352.904 994.443 237.855 9385.34 1867.85 0.654011 0.654011 0.649893 0.651265
0.846 353.948 996.038 238.35 9398.06 1867.26 0.654391 0.654391 0.650264 0.651639
0.847 354.993 997.634 238.844 9410.78 1866.66 0.654769 0.654769 0.650633 0.652012
0.848 356.039 999.232 239.339 9423.48 1866.05 0.655147 0.655147 0.651002 0.652384
0.849 357.087 1000.83 239.835 9436.18 1865.44 0.655523 0.655523 0.65137 0.652754
0.85 358.136 1002.43 240.33 9448.87 1864.82 0.655899 0.655899 0.651737 0.653124
0.851 359.186 1004.03 240.826 9461.55 1864.19 0.656272 0.656272 0.652102 0.653492
0.852 360.238 1005.63 241.322 9474.23 1863.56 0.656645 0.656645 0.652467 0.65386
0.853 361.292 1007.24 241.818 9486.89 1862.92 0.657016 0.657016 0.652831 0.654226
0.854 362.347 1008.84 242.315 9499.55 1862.27 0.657387 0.657387 0.653193 0.654591
0.855 363.403 1010.45 242.812 9512.2 1861.62 0.657756 0.657756 0.653555 0.654955
0.856 364.46 1012.06 243.309 9524.84 1860.96 0.658124 0.658124 0.653915 0.655318
0.857 365.519 1013.67 243.807 9537.48 1860.29 0.65849 0.65849 0.654275 0.65568
0.858 366.58 1015.28 244.305 9550.1 1859.62 0.658856 0.658856 0.654633 0.656041
0.859 367.642 1016.89 244.803 9562.72 1858.94 0.65922 0.65922 0.654991 0.656401
0.86 368.705 1018.5 245.301 9575.33 1858.25 0.659583 0.659583 0.655348 0.656759
0.861 369.77 1020.11 245.8 9587.94 1857.56 0.659945 0.659945 0.655703 0.657117
0.862 370.836 1021.73 246.299 9600.53 1856.87 0.660306 0.660306 0.656058 0.657474
0.863 371.903 1023.34 246.798 9613.12 1856.16 0.660666 0.660666 0.656411 0.657829
0.864 372.972 1024.96 247.298 9625.7 1855.45 0.661024 0.661024 0.656764 0.658184
0.865 374.042 1026.58 247.797 9638.27 1854.74 0.661381 0.661381 0.657116 0.658538
0.866 375.114 1028.2 248.297 9650.84 1854.02 0.661738 0.661738 0.657466 0.65889
0.867 376.187 1029.82 248.798 9663.4 1853.29 0.662093 0.662093 0.657816 0.659242
0.868 377.261 1031.44 249.298 9675.95 1852.56 0.662447 0.662447 0.658165 0.659592
0.869 378.337 1033.07 249.799 9688.49 1851.83 0.6628 0.6628 0.658513 0.659942
0.87 379.414 1034.69 250.3 9701.03 1851.08 0.663152 0.663152 0.65886 0.66029
0.871 380.493 1036.32 250.802 9713.56 1850.34 0.663502 0.663502 0.659206 0.660638
0.872 381.573 1037.94 251.303 9726.08 1849.58 0.663852 0.663852 0.659551 0.660984
0.873 382.654 1039.57 251.805 9738.6 1848.82 0.664201 0.664201 0.659895 0.66133
0.874 383.737 1041.2 252.308 9751.11 1848.06 0.664548 0.664548 0.660238 0.661675
0.875 384.821 1042.83 252.81 9763.61 1847.29 0.664895 0.664894 0.66058 0.662018
0.876 385.906 1044.47 253.313 9776.1 1846.52 0.66524 0.66524 0.660921 0.662361
0.877 386.993 1046.1 253.816 9788.59 1845.74 0.665585 0.665584 0.661261 0.662702
0.878 388.082 1047.73 254.319 9801.07 1844.96 0.665929 0.665927 0.661601 0.663043
0.879 389.171 1049.37 254.823 9813.55 1844.17 0.666271 0.666269 0.661939 0.663383
0.88 390.262 1051.01 255.326 9826.01 1843.38 0.666613 0.666611 0.662277 0.663721
0.881 391.355 1052.65 255.831 9838.47 1842.58 0.666953 0.666951 0.662614 0.664059
0.882 392.449 1054.29 256.335 9850.93 1841.78 0.667293 0.66729 0.662949 0.664396
0.883 393.544 1055.93 256.839 9863.37 1840.98 0.667632 0.667628 0.663284 0.664732
0.884 394.641 1057.57 257.344 9875.82 1840.17 0.667969 0.667965 0.663618 0.665067
0.885 395.739 1059.21 257.85 9888.25 1839.36 0.668305 0.668301 0.663951 0.665401
0.886 396.838 1060.86 258.355 9900.68 1838.54 0.668639 0.668636 0.664283 0.665734
0.887 397.939 1062.5 258.861 9913.1 1837.71 0.668971 0.66897 0.664615 0.666066
0.888 399.041 1064.15 259.366 9925.51 1836.87 0.669302 0.669303 0.664945 0.666398
0.889 400.145 1065.8 259.873 9937.92 1836.02 0.669631 0.669635 0.665275 0.666728
0.89 401.249 1067.45 260.379 9950.32 1835.15 0.66996 0.669966 0.665603 0.667058
0.891 402.356 1069.1 260.886 9962.72 1834.27 0.670287 0.670296 0.665931 0.667386
0.892 403.463 1070.75 261.393 9975.11 1833.38 0.670613 0.670625 0.666258 0.667714
0.893 404.572 1072.4 261.9 9987.49 1832.48 0.670938 0.670952 0.666584 0.66804
0.894 405.683 1074.06 262.407 9999.89 1831.56 0.671261 0.671282 0.66691 0.668368
0.895 406.795 1075.71 262.915 10012.2 1830.62 0.671584 0.6716 0.66723 0.668687
0.896 407.908 1077.37 263.423 10024.2 1829.67 0.671906 0.671907 0.66754 0.668995
0.897 409.022 1079.03 263.931 10036.4 1828.71 0.672226 0.672219 0.667853 0.669308
0.898 410.138 1080.69 264.44 10048.7 1827.75 0.672546 0.672535 0.66817 0.669625
0.899 411.255 1082.35 264.949 10060.9 1826.78 0.672864 0.672851 0.668486 0.669941
0.9 412.374 1084.01 265.457 10073.2 1825.82 0.67318 0.673167 0.668803 0.670257
0.901 413.494 1085.68 265.967 10085.4 1824.85 0.673495 0.673483 0.669119 0.670573
0.902 414.615 1087.34 266.476 10097.7 1823.88 0.673808 0.673798 0.669435 0.670889
0.903 415.738 1089.01 266.986 10110 1822.9 0.67412 0.674113 0.66975 0.671204
0.904 416.862 1090.67 267.496 10122.2 1821.92 0.674431 0.674428 0.670065 0.671519
0.905 417.987 1092.34 268.006 10134.5 1820.94 0.67474 0.674742 0.670379 0.671833
0.906 419.114 1094.01 268.517 10146.8 1819.96 0.675049 0.675055 0.670693 0.672147
0.907 420.242 1095.68 269.027 10159 1818.97 0.675357 0.675368 0.671006 0.67246
0.908 421.371 1097.35 269.538 10171.3 1817.97 0.675666 0.675679 0.671318 0.672772
0.909 422.502 1099.03 270.049 10183.6 1816.97 0.675973 0.675992 0.671631 0.673085
0.91 423.634 1100.7 270.561 10195.7 1815.96 0.67628 0.676292 0.671934 0.673387
0.911 424.768 1102.38 271.073 10207.7 1814.94 0.676587 0.676586 0.672233 0.673684
0.912 425.903 1104.05 271.585 10219.8 1813.91 0.676893 0.676887 0.672538 0.673987
0.913 427.039 1105.73 272.097 10232 1812.89 0.677198 0.677189 0.672842 0.674291
0.914 428.176 1107.41 272.609 10244.1 1811.87 0.677502 0.677492 0.673147 0.674595
0.915 429.315 1109.09 273.122 10256.3 1810.84 0.677805 0.677794 0.673452 0.6749
0.916 430.456 1110.77 273.635 10268.5 1809.82 0.678107 0.678096 0.673757 0.675203
0.917 431.597 1112.46 274.148 10280.6 1808.8 0.678407 0.678399 0.674061 0.675507
0.918 432.74 1114.14 274.661 10292.8 1807.78 0.678706 0.6787 0.674365 0.67581
0.919 433.885 1115.83 275.175 10305 1806.75 0.679004 0.679002 0.674668 0.676113
0.92 435.03 1117.51 275.689 10317.2 1805.73 0.679301 0.679302 0.674971 0.676415
0.921 436.177 1119.2 276.203 10329.4 1804.71 0.679597 0.679603 0.675273 0.676717
0.922 437.326 1120.89 276.717 10341.6 1803.68 0.679894 0.679903 0.675575 0.677018
0.923 438.475 1122.58 277.232 10353.7 1802.65 0.68019 0.680201 0.675876 0.677318
0.924 439.627 1124.27 277.747 10365.9 1801.61 0.680485 0.680501 0.676178 0.677619
0.925 440.779 1125.97 278.262 10378 1800.56 0.680781 0.680795 0.676475 0.677915
0.926 441.933 1127.66 278.777 10390 1799.51 0.681075 0.681079 0.676766 0.678204
0.927 443.088 1129.36 279.292 10402 1798.45 0.681369 0.681366 0.677058 0.678494
0.928 444.244 1131.05 279.808 10414.1 1797.39 0.681662 0.681656 0.677353 0.678787
0.929 445.402 1132.75 280.324 10426.2 1796.33 0.681955 0.681946 0.677647 0.67908
0.93 446.561 1134.45 280.84 10438.3 1795.28 0.682247 0.682237 0.677942 0.679374
0.931 447.722 1136.15 281.357 10450.4 1794.23 0.682538 0.682528 0.678236 0.679667
0.932 448.884 1137.85 281.873 10462.5 1793.18 0.682827 0.682818 0.67853 0.679959
0.933 450.047 1139.56 282.39 10474.6 1792.13 0.683116 0.683108 0.678824 0.680252
0.934 451.211 1141.26 282.907 10486.8 1791.08 0.683403 0.683398 0.679117 0.680544
0.935 452.377 1142.97 283.425 10498.9 1790.03 0.683689 0.683687 0.679409 0.680835
0.936 453.544 1144.67 283.942 10511 1788.98 0.683975 0.683976 0.679702 0.681126
0.937 454.713 1146.38 284.46 10523.1 1787.94 0.68426 0.684265 0.679993 0.681417
0.938 455.883 1148.09 284.978 10535.2 1786.89 0.684545 0.684552 0.680284 0.681707
0.939 457.054 1149.8 285.496 10547.3 1785.83 0.68483 0.68484 0.680575 0.681997
0.94 458.227 1151.51 286.015 10559.5 1784.77 0.685114 0.685127 0.680865 0.682286
0.941 459.401 1153.23 286.534 10571.6 1783.71 0.685398 0.685412 0.681154 0.682574
0.942 460.576 1154.94 287.052 10583.5 1782.63 0.685681 0.685688 0.681438 0.682855
0.943 461.752 1156.66 287.572 10595.5 1781.56 0.685963 0.685962 0.681719 0.683134
0.944 462.93 1158.37 288.091 10607.5 1780.48 0.686245 0.686242 0.682004 0.683417
0.945 464.11 1160.09 288.611 10619.5 1779.4 0.686526 0.686521 0.682289 0.6837
0.946 465.29 1161.81 289.13 10631.6 1778.32 0.686807 0.686801 0.682573 0.683983
0.947 466.472 1163.53 289.65 10643.6 1777.24 0.687087 0.687081 0.682858 0.684265
0.948 467.656 1165.25 290.171 10655.7 1776.17 0.687366 0.68736 0.683142 0.684548
0.949 468.84 1166.98 290.691 10667.7 1775.1 0.687644 0.687639 0.683425 0.68483
0.95 470.026 1168.7 291.212 10679.8 1774.04 0.687922 0.687918 0.683708 0.685112
0.951 471.213 1170.43 291.733 10691.8 1772.98 0.6882 0.688196 0.683991 0.685393
0.952 472.402 1172.15 292.254 10703.9 1771.92 0.688476 0.688474 0.684273 0.685674
0.953 473.592 1173.88 292.775 10716 1770.87 0.688752 0.688752 0.684555 0.685954
0.954 474.783 1175.61 293.297 10728 1769.83 0.689029 0.689029 0.684837 0.686234
0.955 475.976 1177.34 293.819 10740.1 1768.78 0.689305 0.689305 0.685117 0.686513
0.956 477.17 1179.07 294.341 10752.1 1767.74 0.689581 0.689581 0.685398 0.686792
0.957 478.365 1180.81 294.863 10764.2 1766.7 0.689856 0.689857 0.685677 0.68707
0.958 479.562 1182.54 295.385 10776.2 1765.66 0.690131 0.690132 0.685956 0.687348
0.959 480.76 1184.28 295.908 10788.3 1764.62 0.690405 0.690406 0.686235 0.687625
0.96 481.96 1186.01 296.431 10800.3 1763.59 0.690679 0.69068 0.686513 0.687902
0.961 483.16 1187.75 296.954 10812.4 1762.55 0.690952 0.690953 0.68679 0.688178
0.962 484.362 1189.49 297.477 10824.4 1761.51 0.691225 0.691226 0.687067 0.688454
0.963 485.566 1191.23 298.001 10836.5 1760.47 0.691498 0.691498 0.687344 0.688728
0.964 486.77 1192.97 298.524 10848.5 1759.43 0.691769 0.69177 0.687619 0.689003
0.965 487.976 1194.72 299.048 10860.5 1758.39 0.69204 0.692041 0.687895 0.689277
0.966 489.184 1196.46 299.572 10872.6 1757.36 0.692311 0.692311 0.688169 0.68955
0.967 490.393 1198.21 300.097 10884.6 1756.32 0.692581 0.692581 0.688443 0.689823
0.968 491.603 1199.95 300.621 10896.6 1755.28 0.69285 0.69285 0.688717 0.690095
0.969 492.814 1201.7 301.146 10908.7 1754.24 0.693119 0.693119 0.68899 0.690366
0.97 494.027 1203.45 301.671 10920.7 1753.19 0.693387 0.693387 0.689262 0.690637
0.971 495.241 1205.2 302.196 10932.7 1752.15 0.693655 0.693655 0.689534 0.690907
0.972 496.456 1206.95 302.721 10944.7 1751.11 0.693922 0.693922 0.689805 0.691177
0.973 497.673 1208.71 303.247 10956.8 1750.07 0.694188 0.694188 0.690075 0.691446
0.974 498.891 1210.46 303.773 10968.8 1749.02 0.694454 0.694454 0.690345 0.691715
0.975 500.111 1212.22 304.299 10980.8 1747.98 0.694719 0.694719 0.690615 0.691983
0.976 501.331 1213.97 304.825 10992.8 1746.93 0.694983 0.694983 0.690883 0.69225
0.977 502.553 1215.73 305.351 11004.8 1745.9 0.695247 0.695247 0.691151 0.692517
0.978 503.777 1217.49 305.878 11016.8 1744.8 0.695511 0.695511 0.691419 0.692783
0.979 505.002 1219.25 306.405 11028.8 1743.79 0.695773 0.695773 0.691686 0.693049
0.98 506.228 1221.01 306.932 11040.8 1742.75 0.696036 0.696036 0.691952 0.693314
0.981 507.455 1222.78 307.459 11052.8 1741.7 0.696297 0.696297 0.692218 0.693578
0.982 508.684 1224.54 307.986 11064.8 1740.65 0.696558 0.696558 0.692484 0.693842
0.983 509.914 1226.31 308.514 11076.8 1739.59 0.696819 0.696819 0.692748 0.694105
0.984 511.145 1228.07 309.042 11088.8 1738.54 0.697078 0.697078 0.693012 0.694368
0.985 512.378 1229.84 309.57 11100.7 1737.49 0.697337 0.697337 0.693276 0.69463
0.986 513.612 1231.61 310.098 11112.7 1736.43 0.697596 0.697596 0.693539 0.694891
0.987 514.848 1233.38 310.626 11124.7 1735.38 0.697854 0.697854 0.693801 0.695152
0.988 516.084 1235.15 311.155 11136.7 1734.32 0.698111 0.698111 0.694063 0.695412
0.989 517.322 1236.93 311.684 11148.6 1733.26 0.698368 0.698368 0.694324 0.695672
0.99 518.562 1238.7 312.213 11160.6 1732.23 0.698624 0.698624 0.694584 0.695931
0.991 519.803 1240.48 312.742 11172.6 1731.07 0.69888 0.69888 0.694844 0.69619
0.992 521.045 1242.25 313.271 11184.5 1730.34 0.699135 0.699135 0.695104 0.696447
0.993 522.288 1244.03 313.801 11196.5 1728.21 0.699389 0.699389 0.695363 0.696705
0.994 523.533 1245.81 314.331 11208.4 1730.54 0.699643 0.699643 0.695621 0.696962
0.995 524.779 1247.59 314.861 11220.4 1718.97 0.699897 0.699897 0.695879 0.697218
0.996 526.026 1249.37 315.391 11232.3 1749.04 0.700149 0.700149 0.696135 0.697473
0.997 527.275 1251.16 315.921 11244.3 1662.01 0.700403 0.700403 0.696393 0.69773
0.998 528.525 1252.94 316.452 11256 1868.42 0.700647 0.700647 0.696643 0.697978
0.999 529.776 1254.73 316.982 11269.1 1517.78 0.700925 0.700923 0.696923 0.698257
1 531.029 1256.51 317.513 11276.7 826.012 0.701086 0.701082 0.697085 0.698418
