1 0.229123 0.479379 0.11859 0.110532 0.291498 0 0 0 0 0 0 0 0 0 
0.999 0.229023 0.479081 0.118539 0.110484 0.290896 0 0 0 0 0 0 0 0 0 
0.998 0.228923 0.478783 0.118487 0.110436 0.290295 0 0 0 0 0 0 0 0 0 
0.997 0.228823 0.478484 0.118436 0.110387 0.289693 0 0 0 0 0 0 0 0 0 
0.996 0.228723 0.478186 0.118384 0.110339 0.289091 0 0 0 0 0 0 0 0 0 
0.995 0.228622 0.477887 0.118332 0.11029 0.28849 0 0 0 0 0 0 0 0 0 
0.994 0.228522 0.477589 0.118281 0.110242 0.287889 0 0 0 0 0 0 0 0 0 
0.993 0.228422 0.477291 0.118229 0.110193 0.287287 0 0 0 0 0 0 0 0 0 
0.992 0.228322 0.476992 0.118177 0.110145 0.286686 0 0 0 0 0 0 0 0 0 
0.991 0.228221 0.476694 0.118125 0.110096 0.286085 0 0 0 0 0 0 0 0 0 
0.99 0.228121 0.476395 0.118074 0.110047 0.285484 0 0 0 0 0 0 0 0 0 
0.989 0.228021 0.476097 0.118022 0.109999 0.284883 0 0 0 0 0 0 0 0 0 
0.988 0.22792 0.475798 0.11797 0.10995 0.284282 0 0 0 0 0 0 0 0 0 
0.987 0.22782 0.4755 0.117918 0.109902 0.283681 0 0 0 0 0 0 0 0 0 
0.986 0.227719 0.475201 0.117866 0.109853 0.28308 0 0 0 0 0 0 0 0 0 
0.985 0.227619 0.474903 0.117814 0.109804 0.282479 0 0 0 0 0 0 0 0 0 
0.984 0.227518 0.474604 0.117762 0.109756 0.281878 0 0 0 0 0 0 0 0 0 
0.983 0.227417 0.474305 0.117711 0.109707 0.281277 0 0 0 0 0 0 0 0 0 
0.982 0.227317 0.474007 0.117659 0.109658 0.280677 0 0 0 0 0 0 0 0 0 
0.981 0.227216 0.473708 0.117607 0.109609 0.280076 0 0 0 0 0 0 0 0 0 
0.98 0.227115 0.473409 0.117555 0.109561 0.279475 0 0 0 0 0 0 0 0 0 
0.979 0.227014 0.473111 0.117503 0.109512 0.278875 0 0 0 0 0 0 0 0 0 
0.978 0.226913 0.472812 0.117451 0.109463 0.278274 0 0 0 0 0 0 0 0 0 
0.977 0.226813 0.472513 0.117398 0.109414 0.277674 0 0 0 0 0 0 0 0 0 
0.976 0.226712 0.472215 0.117346 0.109365 0.277074 0 0 0 0 0 0 0 0 0 
0.975 0.226611 0.471916 0.117294 0.109316 0.276474 0 0 0 0 0 0 0 0 0 
0.974 0.22651 0.471617 0.117242 0.109267 0.275873 0 0 0 0 0 0 0 0 0 
0.973 0.226408 0.471318 0.11719 0.109218 0.275273 0 0 0 0 0 0 0 0 0 
0.972 0.226307 0.471019 0.117138 0.10917 0.274673 0 0 0 0 0 0 0 0 0 
0.971 0.226206 0.470721 0.117086 0.109121 0.274073 0 0 0 0 0 0 0 0 0 
0.97 0.226105 0.470422 0.117033 0.109072 0.273473 0 0 0 0 0 0 0 0 0 
0.969 0.226004 0.470123 0.116981 0.109023 0.272873 0 0 0 0 0 0 0 0 0 
0.968 0.225902 0.469824 0.116929 0.108973 0.272274 0 0 0 0 0 0 0 0 0 
0.967 0.225801 0.469525 0.116877 0.108924 0.271674 0 0 0 0 0 0 0 0 0 
0.966 0.2257 0.469226 0.116824 0.108875 0.271074 0 0 0 0 0 0 0 0 0 
0.965 0.225598 0.468927 0.116772 0.108826 0.270475 0 0 0 0 0 0 0 0 0 
0.964 0.225497 0.468628 0.116719 0.108777 0.269875 0 0 0 0 0 0 0 0 0 
0.963 0.225395 0.468329 0.116667 0.108728 0.269276 0 0 0 0 0 0 0 0 0 
0.962 0.225293 0.46803 0.116615 0.108679 0.268676 0 0 0 0 0 0 0 0 0 
0.961 0.225192 0.467731 0.116562 0.10863 0.268077 0 0 0 0 0 0 0 0 0 
0.96 0.22509 0.467432 0.11651 0.10858 0.267478 0 0 0 0 0 0 0 0 0 
0.959 0.224988 0.467133 0.116457 0.108531 0.266879 0 0 0 0 0 0 0 0 0 
0.958 0.224887 0.466834 0.116405 0.108482 0.266279 0 0 0 0 0 0 0 0 0 
0.957 0.224785 0.466535 0.116352 0.108433 0.26568 0 0 0 0 0 0 0 0 0 
0.956 0.224683 0.466236 0.1163 0.108383 0.265081 0 0 0 0 0 0 0 0 0 
0.955 0.224581 0.465936 0.116247 0.108334 0.264482 0 0 0 0 0 0 0 0 0 
0.954 0.224479 0.465637 0.116194 0.108285 0.263884 0 0 0 0 0 0 0 0 0 
0.953 0.224377 0.465338 0.116142 0.108235 0.263285 0 0 0 0 0 0 0 0 0 
0.952 0.224275 0.465039 0.116089 0.108186 0.262686 0 0 0 0 0 0 0 0 0 
0.951 0.224173 0.46474 0.116037 0.108136 0.262088 0 0 0 0 0 0 0 0 0 
0.95 0.224071 0.46444 0.115984 0.108087 0.261489 0 0 0 0 0 0 0 0 0 
0.949 0.223969 0.464141 0.115931 0.108038 0.26089 0 0 0 0 0 0 0 0 0 
0.948 0.223866 0.463842 0.115878 0.107988 0.260292 0 0 0 0 0 0 0 0 0 
0.947 0.223764 0.463542 0.115826 0.107939 0.259694 0 0 0 0 0 0 0 0 0 
0.946 0.223662 0.463243 0.115773 0.107889 0.259095 0 0 0 0 0 0 0 0 0 
0.945 0.223559 0.462943 0.11572 0.10784 0.258497 0 0 0 0 0 0 0 0 0 
0.944 0.223457 0.462644 0.115667 0.10779 0.257899 0 0 0 0 0 0 0 0 0 
0.943 0.223354 0.462344 0.115614 0.10774 0.257301 0 0 0 0 0 0 0 0 0 
0.942 0.223252 0.462045 0.115561 0.107691 0.256703 0 0 0 0 0 0 0 0 0 
0.941 0.223149 0.461745 0.115508 0.107641 0.256105 0 0 0 0 0 0 0 0 0 
0.94 0.223047 0.461446 0.115455 0.107591 0.255507 0 0 0 0 0 0 0 0 0 
0.939 0.222944 0.461146 0.115402 0.107542 0.25491 0 0 0 0 0 0 0 0 0 
0.938 0.222841 0.460847 0.115349 0.107492 0.254312 0 0 0 0 0 0 0 0 0 
0.937 0.222739 0.460547 0.115296 0.107442 0.253714 0 0 0 0 0 0 0 0 0 
0.936 0.222636 0.460247 0.115243 0.107392 0.253117 0 0 0 0 0 0 0 0 0 
0.935 0.222533 0.459948 0.11519 0.107343 0.252519 0 0 0 0 0 0 0 0 0 
0.934 0.22243 0.459648 0.115137 0.107293 0.251922 0 0 0 0 0 0 0 0 0 
0.933 0.222327 0.459348 0.115084 0.107243 0.251325 0 0 0 0 0 0 0 0 0 
0.932 0.222224 0.459049 0.115031 0.107193 0.250727 0 0 0 0 0 0 0 0 0 
0.931 0.222121 0.458749 0.114978 0.107143 0.25013 0 0 0 0 0 0 0 0 0 
0.93 0.222018 0.458449 0.114924 0.107093 0.249533 0 0 0 0 0 0 0 0 0 
0.929 0.221915 0.458149 0.114871 0.107043 0.248936 0 0 0 0 0 0 0 0 0 
0.928 0.221811 0.457849 0.114818 0.106994 0.248339 0 0 0 0 0 0 0 0 0 
0.927 0.221708 0.457549 0.114765 0.106944 0.247742 0 0 0 0 0 0 0 0 0 
0.926 0.221605 0.45725 0.114711 0.106894 0.247146 0 0 0 0 0 0 0 0 0 
0.925 0.221501 0.45695 0.114658 0.106844 0.246549 0 0 0 0 0 0 0 0 0 
0.924 0.221398 0.45665 0.114605 0.106793 0.245952 0 0 0 0 0 0 0 0 0 
0.923 0.221295 0.45635 0.114551 0.106743 0.245356 0 0 0 0 0 0 0 0 0 
0.922 0.221191 0.45605 0.114498 0.106693 0.244759 0 0 0 0 0 0 0 0 0 
0.921 0.221087 0.455749 0.114444 0.106643 0.244163 0 0 0 0 0 0 0 0 0 
0.92 0.220984 0.455449 0.114391 0.106593 0.243567 0 0 0 0 0 0 0 0 0 
0.919 0.22088 0.455149 0.114337 0.106543 0.242971 0 0 0 0 0 0 0 0 0 
0.918 0.220776 0.454849 0.114284 0.106493 0.242375 0 0 0 0 0 0 0 0 0 
0.917 0.220673 0.454549 0.11423 0.106442 0.241779 0 0 0 0 0 0 0 0 0 
0.916 0.220569 0.454249 0.114177 0.106392 0.241183 0 0 0 0 0 0 0 0 0 
0.915 0.220465 0.453948 0.114123 0.106342 0.240587 0 0 0 0 0 0 0 0 0 
0.914 0.220361 0.453648 0.114069 0.106292 0.239991 0 0 0 0 0 0 0 0 0 
0.913 0.220257 0.453348 0.114016 0.106241 0.239395 0 0 0 0 0 0 0 0 0 
0.912 0.220153 0.453047 0.113962 0.106191 0.2388 0 0 0 0 0 0 0 0 0 
0.911 0.220049 0.452747 0.113908 0.10614 0.238204 0 0 0 0 0 0 0 0 0 
0.91 0.219945 0.452447 0.113854 0.10609 0.237609 0 0 0 0 0 0 0 0 0 
0.909 0.21984 0.452146 0.113801 0.10604 0.237014 0 0 0 0 0 0 0 0 0 
0.908 0.219736 0.451846 0.113747 0.105989 0.236418 0 0 0 0 0 0 0 0 0 
0.907 0.219632 0.451545 0.113693 0.105939 0.235823 0 0 0 0 0 0 0 0 0 
0.906 0.219527 0.451245 0.113639 0.105888 0.235228 0 0 0 0 0 0 0 0 0 
0.905 0.219423 0.450944 0.113585 0.105838 0.234633 0 0 0 0 0 0 0 0 0 
0.904 0.219318 0.450643 0.113531 0.105787 0.234038 0 0 0 0 0 0 0 0 0 
0.903 0.219214 0.450343 0.113477 0.105736 0.233443 0 0 0 0 0 0 0 0 0 
0.902 0.219109 0.450042 0.113423 0.105686 0.232849 0 0 0 0 0 0 0 0 0 
0.901 0.219005 0.449741 0.113369 0.105635 0.232254 0 0 0 0 0 0 0 0 0 
0.9 0.2189 0.449441 0.113315 0.105585 0.23166 0 0 0 0 0 0 0 0 0 
0.899 0.218795 0.44914 0.113261 0.105534 0.231065 0 0 0 0 0 0 0 0 0 
0.898 0.21869 0.448839 0.113207 0.105483 0.230471 0 0 0 0 0 0 0 0 0 
0.897 0.218585 0.448538 0.113153 0.105432 0.229877 0 0 0 0 0 0 0 0 0 
0.896 0.21848 0.448237 0.113099 0.105382 0.229282 0 0 0 0 0 0 0 0 0 
0.895 0.218375 0.447936 0.113045 0.105331 0.228688 0 0 0 0 0 0 0 0 0 
0.894 0.21827 0.447635 0.11299 0.10528 0.228094 0 0 0 0 0 0 0 0 0 
0.893 0.218165 0.447334 0.112936 0.105229 0.227501 0 0 0 0 0 0 0 0 0 
0.892 0.21806 0.447033 0.112882 0.105178 0.226907 0 0 0 0 0 0 0 0 0 
0.891 0.217955 0.446732 0.112828 0.105127 0.226313 0 0 0 0 0 0 0 0 0 
0.89 0.21785 0.446431 0.112773 0.105076 0.22572 0 0 0 0 0 0 0 0 0 
0.889 0.217744 0.44613 0.112719 0.105025 0.225126 0 0 0 0 0 0 0 0 0 
0.888 0.217639 0.445829 0.112664 0.104974 0.224533 0 0 0 0 0 0 0 0 0 
0.887 0.217533 0.445527 0.11261 0.104923 0.223939 0 0 0 0 0 0 0 0 0 
0.886 0.217428 0.445226 0.112556 0.104872 0.223346 0 0 0 0 0 0 0 0 0 
0.885 0.217322 0.444925 0.112501 0.104821 0.222753 0 0 0 0 0 0 0 0 0 
0.884 0.217217 0.444623 0.112447 0.10477 0.22216 0 0 0 0 0 0 0 0 0 
0.883 0.217111 0.444322 0.112392 0.104719 0.221567 0 0 0 0 0 0 0 0 0 
0.882 0.217005 0.444021 0.112337 0.104668 0.220974 0 0 0 0 0 0 0 0 0 
0.881 0.216899 0.443719 0.112283 0.104616 0.220382 0 0 0 0 0 0 0 0 0 
0.88 0.216793 0.443418 0.112228 0.104565 0.219789 0 0 0 0 0 0 0 0 0 
0.879 0.216687 0.443116 0.112173 0.104514 0.219197 0 0 0 0 0 0 0 0 0 
0.878 0.216581 0.442814 0.112119 0.104463 0.218604 0 0 0 0 0 0 0 0 0 
0.877 0.216475 0.442513 0.112064 0.104411 0.218012 0 0 0 0 0 0 0 0 0 
0.876 0.216369 0.442211 0.112009 0.10436 0.21742 0 0 0 0 0 0 0 0 0 
0.875 0.216263 0.441909 0.111954 0.104309 0.216828 0 0 0 0 0 0 0 0 0 
0.874 0.216157 0.441608 0.1119 0.104257 0.216236 0 0 0 0 0 0 0 0 0 
0.873 0.216051 0.441306 0.111845 0.104206 0.215644 0 0 0 0 0 0 0 0 0 
0.872 0.215944 0.441004 0.11179 0.104154 0.215052 0 0 0 0 0 0 0 0 0 
0.871 0.215838 0.440702 0.111735 0.104103 0.21446 0 0 0 0 0 0 0 0 0 
0.87 0.215731 0.4404 0.11168 0.104051 0.213869 0 0 0 0 0 0 0 0 0 
0.869 0.215625 0.440098 0.111625 0.104 0.213277 0 0 0 0 0 0 0 0 0 
0.868 0.215518 0.439796 0.11157 0.103948 0.212686 0 0 0 0 0 0 0 0 0 
0.867 0.215411 0.439494 0.111515 0.103897 0.212095 0 0 0 0 0 0 0 0 0 
0.866 0.215305 0.439192 0.11146 0.103845 0.211504 0 0 0 0 0 0 0 0 0 
0.865 0.215198 0.43889 0.111405 0.103793 0.210912 0 0 0 0 0 0 0 0 0 
0.864 0.215091 0.438587 0.111349 0.103742 0.210322 0 0 0 0 0 0 0 0 0 
0.863 0.214984 0.438285 0.111294 0.10369 0.209731 0 0 0 0 0 0 0 0 0 
0.862 0.214877 0.437983 0.111239 0.103638 0.20914 0 0 0 0 0 0 0 0 0 
0.861 0.21477 0.437681 0.111184 0.103586 0.20855 0 0 0 0 0 0 0 0 0 
0.86 0.214663 0.437378 0.111128 0.103534 0.207959 0 0 0 0 0 0 0 0 0 
0.859 0.214556 0.437076 0.111073 0.103483 0.207369 0 0 0 0 0 0 0 0 0 
0.858 0.214448 0.436773 0.111018 0.103431 0.206778 0 0 0 0 0 0 0 0 0 
0.857 0.214341 0.436471 0.110962 0.103379 0.206188 0 0 0 0 0 0 0 0 0 
0.856 0.214234 0.436168 0.110907 0.103327 0.205598 0 0 0 0 0 0 0 0 0 
0.855 0.214126 0.435865 0.110851 0.103275 0.205008 0 0 0 0 0 0 0 0 0 
0.854 0.214019 0.435563 0.110796 0.103223 0.204419 0 0 0 0 0 0 0 0 0 
0.853 0.213911 0.43526 0.11074 0.103171 0.203829 0 0 0 0 0 0 0 0 0 
0.852 0.213803 0.434957 0.110685 0.103119 0.203239 0 0 0 0 0 0 0 0 0 
0.851 0.213696 0.434654 0.110629 0.103066 0.20265 0 0 0 0 0 0 0 0 0 
0.85 0.213588 0.434351 0.110574 0.103014 0.202061 0 0 0 0 0 0 0 0 0 
0.849 0.21348 0.434048 0.110518 0.102962 0.201471 0 0 0 0 0 0 0 0 0 
0.848 0.213372 0.433745 0.110462 0.10291 0.200882 0 0 0 0 0 0 0 0 0 
0.847 0.213264 0.433442 0.110407 0.102858 0.200293 0 0 0 0 0 0 0 0 0 
0.846 0.213156 0.433139 0.110351 0.102805 0.199705 0 0 0 0 0 0 0 0 0 
0.845 0.213048 0.432836 0.110295 0.102753 0.199116 0 0 0 0 0 0 0 0 0 
0.844 0.21294 0.432533 0.110239 0.102701 0.198527 0 0 0 0 0 0 0 0 0 
0.843 0.212832 0.43223 0.110183 0.102648 0.197939 0 0 0 0 0 0 0 0 0 
0.842 0.212723 0.431926 0.110127 0.102596 0.19735 0 0 0 0 0 0 0 0 0 
0.841 0.212615 0.431623 0.110071 0.102544 0.196762 0 0 0 0 0 0 0 0 0 
0.84 0.212506 0.43132 0.110015 0.102491 0.196174 0 0 0 0 0 0 0 0 0 
0.839 0.212398 0.431016 0.109959 0.102439 0.195586 0 0 0 0 0 0 0 0 0 
0.838 0.212289 0.430713 0.109903 0.102386 0.194998 0 0 0 0 0 0 0 0 0 
0.837 0.212181 0.430409 0.109847 0.102333 0.194411 0 0 0 0 0 0 0 0 0 
0.836 0.212072 0.430105 0.109791 0.102281 0.193823 0 0 0 0 0 0 0 0 0 
0.835 0.211963 0.429802 0.109735 0.102228 0.193235 0 0 0 0 0 0 0 0 0 
0.834 0.211854 0.429498 0.109679 0.102175 0.192648 0 0 0 0 0 0 0 0 0 
0.833 0.211745 0.429194 0.109622 0.102123 0.192061 0 0 0 0 0 0 0 0 0 
0.832 0.211636 0.42889 0.109566 0.10207 0.191474 0 0 0 0 0 0 0 0 0 
0.831 0.211527 0.428586 0.10951 0.102017 0.190887 0 0 0 0 0 0 0 0 0 
0.83 0.211418 0.428282 0.109453 0.101964 0.1903 0 0 0 0 0 0 0 0 0 
0.829 0.211308 0.427978 0.109397 0.101912 0.189713 0 0 0 0 0 0 0 0 0 
0.828 0.211199 0.427674 0.109341 0.101859 0.189127 0 0 0 0 0 0 0 0 0 
0.827 0.21109 0.42737 0.109284 0.101806 0.18854 0 0 0 0 0 0 0 0 0 
0.826 0.21098 0.427066 0.109228 0.101753 0.187954 0 0 0 0 0 0 0 0 0 
0.825 0.210871 0.426761 0.109171 0.1017 0.187368 0 0 0 0 0 0 0 0 0 
0.824 0.210761 0.426457 0.109114 0.101647 0.186782 0 0 0 0 0 0 0 0 0 
0.823 0.210651 0.426153 0.109058 0.101594 0.186196 0 0 0 0 0 0 0 0 0 
0.822 0.210542 0.425848 0.109001 0.101541 0.18561 0 0 0 0 0 0 0 0 0 
0.821 0.210432 0.425544 0.108944 0.101487 0.185025 0 0 0 0 0 0 0 0 0 
0.82 0.210322 0.425239 0.108888 0.101434 0.184439 0 0 0 0 0 0 0 0 0 
0.819 0.210212 0.424934 0.108831 0.101381 0.183854 0 0 0 0 0 0 0 0 0 
0.818 0.210102 0.42463 0.108774 0.101328 0.183269 0 0 0 0 0 0 0 0 0 
0.817 0.209992 0.424325 0.108717 0.101275 0.182684 0 0 0 0 0 0 0 0 0 
0.816 0.209881 0.42402 0.10866 0.101221 0.182099 0 0 0 0 0 0 0 0 0 
0.815 0.209771 0.423715 0.108603 0.101168 0.181514 0 0 0 0 0 0 0 0 0 
0.814 0.209661 0.42341 0.108546 0.101114 0.180929 0 0 0 0 0 0 0 0 0 
0.813 0.20955 0.423105 0.108489 0.101061 0.180345 0 0 0 0 0 0 0 0 0 
0.812 0.20944 0.4228 0.108432 0.101008 0.17976 0 0 0 0 0 0 0 0 0 
0.811 0.209329 0.422495 0.108375 0.100954 0.179176 0 0 0 0 0 0 0 0 0 
0.81 0.209218 0.422189 0.108318 0.1009 0.178592 0 0 0 0 0 0 0 0 0 
0.809 0.209108 0.421884 0.108261 0.100847 0.178008 0 0 0 0 0 0 0 0 0 
0.808 0.208997 0.421579 0.108204 0.100793 0.177425 0 0 0 0 0 0 0 0 0 
0.807 0.208886 0.421273 0.108146 0.10074 0.176841 0 0 0 0 0 0 0 0 0 
0.806 0.208775 0.420968 0.108089 0.100686 0.176258 0 0 0 0 0 0 0 0 0 
0.805 0.208664 0.420662 0.108032 0.100632 0.175674 0 0 0 0 0 0 0 0 0 
0.804 0.208553 0.420356 0.107974 0.100578 0.175091 0 0 0 0 0 0 0 0 0 
0.803 0.208441 0.420051 0.107917 0.100525 0.174508 0 0 0 0 0 0 0 0 0 
0.802 0.20833 0.419745 0.107859 0.100471 0.173925 0 0 0 0 0 0 0 0 0 
0.801 0.208219 0.419439 0.107802 0.100417 0.173343 0 0 0 0 0 0 0 0 0 
0.8 0.208107 0.419133 0.107744 0.100363 0.17276 0 0 0 0 0 0 0 0 0 
0.799 0.207996 0.418827 0.107687 0.100309 0.172178 0 0 0 0 0 0 0 0 0 
0.798 0.207884 0.418521 0.107629 0.100255 0.171595 0 0 0 0 0 0 0 0 0 
0.797 0.207772 0.418215 0.107571 0.100201 0.171013 0 0 0 0 0 0 0 0 0 
0.796 0.20766 0.417908 0.107514 0.100147 0.170431 0 0 0 0 0 0 0 0 0 
0.795 0.207548 0.417602 0.107456 0.100093 0.16985 0 0 0 0 0 0 0 0 0 
0.794 0.207436 0.417296 0.107398 0.100038 0.169268 0 0 0 0 0 0 0 0 0 
0.793 0.207324 0.416989 0.10734 0.0999843 0.168687 0 0 0 0 0 0 0 0 0 
0.792 0.207212 0.416683 0.107282 0.09993 0.168105 0 0 0 0 0 0 0 0 0 
0.791 0.2071 0.416376 0.107224 0.0998757 0.167524 0 0 0 0 0 0 0 0 0 
0.79 0.206988 0.416069 0.107166 0.0998214 0.166943 0 0 0 0 0 0 0 0 0 
0.789 0.206875 0.415762 0.107108 0.099767 0.166363 0 0 0 0 0 0 0 0 0 
0.788 0.206763 0.415455 0.10705 0.0997126 0.165782 0 0 0 0 0 0 0 0 0 
0.787 0.20665 0.415148 0.106992 0.0996581 0.165201 0 0 0 0 0 0 0 0 0 
0.786 0.206537 0.414841 0.106934 0.0996036 0.164621 0 0 0 0 0 0 0 0 0 
0.785 0.206425 0.414534 0.106876 0.0995491 0.164041 0 0 0 0 0 0 0 0 0 
0.784 0.206312 0.414227 0.106817 0.0994945 0.163461 0 0 0 0 0 0 0 0 0 
0.783 0.206199 0.41392 0.106759 0.0994399 0.162881 0 0 0 0 0 0 0 0 0 
0.782 0.206086 0.413612 0.106701 0.0993852 0.162302 0 0 0 0 0 0 0 0 0 
0.781 0.205973 0.413305 0.106642 0.0993305 0.161722 0 0 0 0 0 0 0 0 0 
0.78 0.205859 0.412997 0.106584 0.0992757 0.161143 0 0 0 0 0 0 0 0 0 
0.779 0.205746 0.41269 0.106525 0.0992209 0.160564 0 0 0 0 0 0 0 0 0 
0.778 0.205633 0.412382 0.106467 0.0991661 0.159985 0 0 0 0 0 0 0 0 0 
0.777 0.205519 0.412074 0.106408 0.0991112 0.159406 0 0 0 0 0 0 0 0 0 
0.776 0.205406 0.411766 0.106349 0.0990563 0.158828 0 0 0 0 0 0 0 0 0 
0.775 0.205292 0.411459 0.106291 0.0990013 0.158249 0 0 0 0 0 0 0 0 0 
0.774 0.205178 0.41115 0.106232 0.0989463 0.157671 0 0 0 0 0 0 0 0 0 
0.773 0.205065 0.410842 0.106173 0.0988913 0.157093 0 0 0 0 0 0 0 0 0 
0.772 0.204951 0.410534 0.106114 0.0988362 0.156515 0 0 0 0 0 0 0 0 0 
0.771 0.204837 0.410226 0.106056 0.098781 0.155938 0 0 0 0 0 0 0 0 0 
0.77 0.204723 0.409917 0.105997 0.0987258 0.15536 0 0 0 0 0 0 0 0 0 
0.769 0.204608 0.409609 0.105938 0.0986706 0.154783 0 0 0 0 0 0 0 0 0 
0.768 0.204494 0.4093 0.105879 0.0986153 0.154206 0 0 0 0 0 0 0 0 0 
0.767 0.20438 0.408992 0.10582 0.09856 0.153629 0 0 0 0 0 0 0 0 0 
0.766 0.204265 0.408683 0.105761 0.0985046 0.153052 0 0 0 0 0 0 0 0 0 
0.765 0.204151 0.408374 0.105701 0.0984492 0.152476 0 0 0 0 0 0 0 0 0 
0.764 0.204036 0.408065 0.105642 0.0983937 0.151899 0 0 0 0 0 0 0 0 0 
0.763 0.203921 0.407756 0.105583 0.0983382 0.151323 0 0 0 0 0 0 0 0 0 
0.762 0.203806 0.407447 0.105524 0.0982827 0.150747 0 0 0 0 0 0 0 0 0 
0.761 0.203691 0.407137 0.105464 0.0982271 0.150171 0 0 0 0 0 0 0 0 0 
0.76 0.203576 0.406828 0.105405 0.0981714 0.149596 0 0 0 0 0 0 0 0 0 
0.759 0.203461 0.406519 0.105345 0.0981157 0.14902 0 0 0 0 0 0 0 0 0 
0.758 0.203346 0.406209 0.105286 0.09806 0.148445 0 0 0 0 0 0 0 0 0 
0.757 0.20323 0.405899 0.105226 0.0980042 0.14787 0 0 0 0 0 0 0 0 0 
0.756 0.203115 0.40559 0.105167 0.0979484 0.147295 0 0 0 0 0 0 0 0 0 
0.755 0.202999 0.40528 0.105107 0.0978925 0.146721 0 0 0 0 0 0 0 0 0 
0.754 0.202884 0.40497 0.105047 0.0978365 0.146146 0 0 0 0 0 0 0 0 0 
0.753 0.202768 0.40466 0.104987 0.0977806 0.145572 0 0 0 0 0 0 0 0 0 
0.752 0.202652 0.40435 0.104928 0.0977245 0.144998 0 0 0 0 0 0 0 0 0 
0.751 0.202536 0.404039 0.104868 0.0976685 0.144424 0 0 0 0 0 0 0 0 0 
0.75 0.20242 0.403729 0.104808 0.0976123 0.143851 0 0 0 0 0 0 0 0 0 
0.749 0.202304 0.403419 0.104748 0.0975562 0.143277 0 0 0 0 0 0 0 0 0 
0.748 0.202188 0.403108 0.104688 0.0974999 0.142704 0 0 0 0 0 0 0 0 0 
0.747 0.202071 0.402797 0.104628 0.0974437 0.142131 0 0 0 0 0 0 0 0 0 
0.746 0.201955 0.402487 0.104568 0.0973873 0.141559 0 0 0 0 0 0 0 0 0 
0.745 0.201838 0.402176 0.104507 0.097331 0.140986 0 0 0 0 0 0 0 0 0 
0.744 0.201722 0.401865 0.104447 0.0972745 0.140414 0 0 0 0 0 0 0 0 0 
0.743 0.201605 0.401554 0.104387 0.0972181 0.139842 0 0 0 0 0 0 0 0 0 
0.742 0.201488 0.401242 0.104327 0.0971616 0.13927 0 0 0 0 0 0 0 0 0 
0.741 0.201371 0.400931 0.104266 0.097105 0.138698 0 0 0 0 0 0 0 0 0 
0.74 0.201254 0.40062 0.104206 0.0970484 0.138126 0 0 0 0 0 0 0 0 0 
0.739 0.201137 0.400308 0.104145 0.0969917 0.137555 0 0 0 0 0 0 0 0 0 
0.738 0.20102 0.399996 0.104085 0.096935 0.136984 0 0 0 0 0 0 0 0 0 
0.737 0.200902 0.399684 0.104024 0.0968782 0.136413 0 0 0 0 0 0 0 0 0 
0.736 0.200785 0.399373 0.103963 0.0968213 0.135843 0 0 0 0 0 0 0 0 0 
0.735 0.200667 0.399061 0.103902 0.0967645 0.135273 0 0 0 0 0 0 0 0 0 
0.734 0.200549 0.398748 0.103842 0.0967075 0.134702 0 0 0 0 0 0 0 0 0 
0.733 0.200431 0.398436 0.103781 0.0966505 0.134132 0 0 0 0 0 0 0 0 0 
0.732 0.200313 0.398124 0.10372 0.0965935 0.133563 0 0 0 0 0 0 0 0 0 
0.731 0.200195 0.397811 0.103659 0.0965364 0.132993 0 0 0 0 0 0 0 0 0 
0.73 0.200077 0.397499 0.103598 0.0964793 0.132424 0 0 0 0 0 0 0 0 0 
0.729 0.199959 0.397186 0.103537 0.0964221 0.131855 0 0 0 0 0 0 0 0 0 
0.728 0.19984 0.396873 0.103476 0.0963648 0.131286 0 0 0 0 0 0 0 0 0 
0.727 0.199722 0.39656 0.103414 0.0963075 0.130718 0 0 0 0 0 0 0 0 0 
0.726 0.199603 0.396247 0.103353 0.0962501 0.13015 0 0 0 0 0 0 0 0 0 
0.725 0.199485 0.395934 0.103292 0.0961927 0.129582 0 0 0 0 0 0 0 0 0 
0.724 0.199366 0.39562 0.103231 0.0961353 0.129014 0 0 0 0 0 0 0 0 0 
0.723 0.199247 0.395307 0.103169 0.0960777 0.128446 0 0 0 0 0 0 0 0 0 
0.722 0.199128 0.394993 0.103108 0.0960201 0.127879 0 0 0 0 0 0 0 0 0 
0.721 0.199009 0.394679 0.103046 0.0959625 0.127312 0 0 0 0 0 0 0 0 0 
0.72 0.198889 0.394366 0.102984 0.0959048 0.126745 0 0 0 0 0 0 0 0 0 
0.719 0.19877 0.394052 0.102923 0.0958471 0.126179 0 0 0 0 0 0 0 0 0 
0.718 0.19865 0.393737 0.102861 0.0957893 0.125612 0 0 0 0 0 0 0 0 0 
0.717 0.198531 0.393423 0.102799 0.0957314 0.125046 0 0 0 0 0 0 0 0 0 
0.716 0.198411 0.393109 0.102737 0.0956735 0.12448 0 0 0 0 0 0 0 0 0 
0.715 0.198291 0.392794 0.102675 0.0956155 0.123915 0 0 0 0 0 0 0 0 0 
0.714 0.198171 0.39248 0.102613 0.0955575 0.12335 0 0 0 0 0 0 0 0 0 
0.713 0.198051 0.392165 0.102551 0.0954994 0.122785 0 0 0 0 0 0 0 0 0 
0.712 0.19793 0.39185 0.102489 0.0954412 0.12222 0 0 0 0 0 0 0 0 0 
0.711 0.19781 0.391535 0.102427 0.095383 0.121655 0 0 0 0 0 0 0 0 0 
0.71 0.19769 0.391219 0.102365 0.0953247 0.121091 0 0 0 0 0 0 0 0 0 
0.709 0.197569 0.390904 0.102303 0.0952664 0.120527 0 0 0 0 0 0 0 0 0 
0.708 0.197448 0.390589 0.10224 0.095208 0.119963 0 0 0 0 0 0 0 0 0 
0.707 0.197327 0.390273 0.102178 0.0951496 0.1194 0 0 0 0 0 0 0 0 0 
0.706 0.197206 0.389957 0.102115 0.0950911 0.118837 0 0 0 0 0 0 0 0 0 
0.705 0.197085 0.389641 0.102053 0.0950325 0.118274 0 0 0 0 0 0 0 0 0 
0.704 0.196964 0.389325 0.10199 0.0949739 0.117711 0 0 0 0 0 0 0 0 0 
0.703 0.196843 0.389009 0.101927 0.0949152 0.117149 0 0 0 0 0 0 0 0 0 
0.702 0.196721 0.388692 0.101865 0.0948564 0.116586 0 0 0 0 0 0 0 0 0 
0.701 0.196599 0.388376 0.101802 0.0947976 0.116025 0 0 0 0 0 0 0 0 0 
0.7 0.196478 0.388059 0.101739 0.0947388 0.115463 0 0 0 0 0 0 0 0 0 
0.699 0.196356 0.387742 0.101676 0.0946798 0.114902 0 0 0 0 0 0 0 0 0 
0.698 0.196234 0.387425 0.101613 0.0946208 0.114341 0 0 0 0 0 0 0 0 0 
0.697 0.196112 0.387108 0.10155 0.0945618 0.11378 0 0 0 0 0 0 0 0 0 
0.696 0.195989 0.386791 0.101487 0.0945027 0.11322 0 0 0 0 0 0 0 0 0 
0.695 0.195867 0.386473 0.101424 0.0944435 0.11266 0 0 0 0 0 0 0 0 0 
0.694 0.195744 0.386156 0.10136 0.0943842 0.1121 0 0 0 0 0 0 0 0 0 
0.693 0.195622 0.385838 0.101297 0.0943249 0.11154 0 0 0 0 0 0 0 0 0 
0.692 0.195499 0.38552 0.101233 0.0942655 0.110981 0 0 0 0 0 0 0 0 0 
0.691 0.195376 0.385202 0.10117 0.0942061 0.110422 0 0 0 0 0 0 0 0 0 
0.69 0.195253 0.384884 0.101106 0.0941466 0.109863 0 0 0 0 0 0 0 0 0 
0.689 0.19513 0.384565 0.101043 0.094087 0.109305 0 0 0 0 0 0 0 0 0 
0.688 0.195006 0.384247 0.100979 0.0940274 0.108747 0 0 0 0 0 0 0 0 0 
0.687 0.194883 0.383928 0.100915 0.0939677 0.108189 0 0 0 0 0 0 0 0 0 
0.686 0.194759 0.383609 0.100851 0.0939079 0.107632 0 0 0 0 0 0 0 0 0 
0.685 0.194636 0.38329 0.100787 0.0938481 0.107075 0 0 0 0 0 0 0 0 0 
0.684 0.194512 0.382971 0.100723 0.0937882 0.106518 0 0 0 0 0 0 0 0 0 
0.683 0.194388 0.382651 0.100659 0.0937282 0.105961 0 0 0 0 0 0 0 0 0 
0.682 0.194263 0.382332 0.100595 0.0936682 0.105405 0 0 0 0 0 0 0 0 0 
0.681 0.194139 0.382012 0.100531 0.0936081 0.104849 0 0 0 0 0 0 0 0 0 
0.68 0.194015 0.381692 0.100467 0.0935479 0.104294 0 0 0 0 0 0 0 0 0 
0.679 0.19389 0.381372 0.100402 0.0934877 0.103738 0 0 0 0 0 0 0 0 0 
0.678 0.193765 0.381051 0.100338 0.0934274 0.103183 0 0 0 0 0 0 0 0 0 
0.677 0.19364 0.380731 0.100273 0.093367 0.102629 0 0 0 0 0 0 0 0 0 
0.676 0.193515 0.38041 0.100209 0.0933065 0.102074 0 0 0 0 0 0 0 0 0 
0.675 0.19339 0.380089 0.100144 0.093246 0.10152 0 0 0 0 0 0 0 0 0 
0.674 0.193265 0.379768 0.10008 0.0931854 0.100967 0 0 0 0 0 0 0 0 0 
0.673 0.193139 0.379447 0.100015 0.0931248 0.100414 0 0 0 0 0 0 0 0 0 
0.672 0.193014 0.379126 0.0999498 0.0930641 0.0998606 0 0 0 0 0 0 0 0 0 
0.671 0.192888 0.378804 0.0998849 0.0930033 0.099308 0 0 0 0 0 0 0 0 0 
0.67 0.192762 0.378482 0.0998198 0.0929424 0.0987557 0 0 0 0 0 0 0 0 0 
0.669 0.192636 0.37816 0.0997547 0.0928814 0.0982038 0 0 0 0 0 0 0 0 0 
0.668 0.19251 0.377838 0.0996895 0.0928204 0.0976522 0 0 0 0 0 0 0 0 0 
0.667 0.192384 0.377516 0.0996242 0.0927593 0.0971009 0 0 0 0 0 0 0 0 0 
0.666 0.192257 0.377193 0.0995589 0.0926982 0.09655 0 0 0 0 0 0 0 0 0 
0.665 0.19213 0.37687 0.0994934 0.0926369 0.0959994 0 0 0 0 0 0 0 0 0 
0.664 0.192004 0.376547 0.0994279 0.0925756 0.0954492 0 0 0 0 0 0 0 0 0 
0.663 0.191877 0.376224 0.0993623 0.0925142 0.0948994 0 0 0 0 0 0 0 0 0 
0.662 0.191749 0.375901 0.0992967 0.0924528 0.0943499 0 0 0 0 0 0 0 0 0 
0.661 0.191622 0.375577 0.0992309 0.0923912 0.0938008 0 0 0 0 0 0 0 0 0 
0.66 0.191495 0.375253 0.0991651 0.0923296 0.093252 0 0 0 0 0 0 0 0 0 
0.659 0.191367 0.374929 0.0990992 0.0922679 0.0927036 0 0 0 0 0 0 0 0 0 
0.658 0.191239 0.374605 0.0990331 0.0922062 0.0921556 0 0 0 0 0 0 0 0 0 
0.657 0.191111 0.374281 0.0989671 0.0921443 0.091608 0 0 0 0 0 0 0 0 0 
0.656 0.190983 0.373956 0.0989009 0.0920824 0.0910607 0 0 0 0 0 0 0 0 0 
0.655 0.190855 0.373631 0.0988346 0.0920204 0.0905138 0 0 0 0 0 0 0 0 0 
0.654 0.190727 0.373306 0.0987683 0.0919583 0.0899672 0 0 0 0 0 0 0 0 0 
0.653 0.190598 0.372981 0.0987019 0.0918962 0.0894211 0 0 0 0 0 0 0 0 0 
0.652 0.190469 0.372655 0.0986354 0.0918339 0.0888753 0 0 0 0 0 0 0 0 0 
0.651 0.19034 0.37233 0.0985688 0.0917716 0.08833 0 0 0 0 0 0 0 0 0 
0.65 0.190211 0.372004 0.0985021 0.0917092 0.087785 0 0 0 0 0 0 0 0 0 
0.649 0.190082 0.371678 0.0984353 0.0916467 0.0872404 0 0 0 0 0 0 0 0 0 
0.648 0.189953 0.371351 0.0983685 0.0915842 0.0866962 0 0 0 0 0 0 0 0 0 
0.647 0.189823 0.371025 0.0983016 0.0915216 0.0861524 0 0 0 0 0 0 0 0 0 
0.646 0.189693 0.370698 0.0982345 0.0914588 0.085609 0 0 0 0 0 0 0 0 0 
0.645 0.189563 0.370371 0.0981674 0.091396 0.085066 0 0 0 0 0 0 0 0 0 
0.644 0.189433 0.370043 0.0981002 0.0913331 0.0845234 0 0 0 0 0 0 0 0 0 
0.643 0.189303 0.369716 0.0980329 0.0912702 0.0839812 0 0 0 0 0 0 0 0 0 
0.642 0.189173 0.369388 0.0979655 0.0912071 0.0834394 0 0 0 0 0 0 0 0 0 
0.641 0.189042 0.36906 0.097898 0.091144 0.0828981 0 0 0 0 0 0 0 0 0 
0.64 0.188911 0.368732 0.0978305 0.0910808 0.0823571 0 0 0 0 0 0 0 0 0 
0.639 0.18878 0.368403 0.0977628 0.0910175 0.0818166 0 0 0 0 0 0 0 0 0 
0.638 0.188649 0.368074 0.0976951 0.0909541 0.0812765 0 0 0 0 0 0 0 0 0 
0.637 0.188518 0.367745 0.0976272 0.0908906 0.0807369 0 0 0 0 0 0 0 0 0 
0.636 0.188386 0.367416 0.0975593 0.090827 0.0801977 0 0 0 0 0 0 0 0 0 
0.635 0.188255 0.367087 0.0974912 0.0907634 0.0796589 0 0 0 0 0 0 0 0 0 
0.634 0.188123 0.366757 0.0974231 0.0906996 0.0791205 0 0 0 0 0 0 0 0 0 
0.633 0.187991 0.366427 0.0973549 0.0906358 0.0785826 0 0 0 0 0 0 0 0 0 
0.632 0.187858 0.366096 0.0972866 0.0905719 0.0780451 0 0 0 0 0 0 0 0 0 
0.631 0.187726 0.365766 0.0972181 0.0905079 0.0775081 0 0 0 0 0 0 0 0 0 
0.63 0.187593 0.365435 0.0971496 0.0904438 0.0769715 0 0 0 0 0 0 0 0 0 
0.629 0.187461 0.365104 0.097081 0.0903796 0.0764354 0 0 0 0 0 0 0 0 0 
0.628 0.187328 0.364773 0.0970123 0.0903153 0.0758997 0 0 0 0 0 0 0 0 0 
0.627 0.187194 0.364441 0.0969435 0.0902509 0.0753645 0 0 0 0 0 0 0 0 0 
0.626 0.187061 0.364109 0.0968746 0.0901864 0.0748298 0 0 0 0 0 0 0 0 0 
0.625 0.186927 0.363777 0.0968056 0.0901219 0.0742955 0 0 0 0 0 0 0 0 0 
0.624 0.186794 0.363445 0.0967365 0.0900572 0.0737617 0 0 0 0 0 0 0 0 0 
0.623 0.18666 0.363112 0.0966673 0.0899925 0.0732283 0 0 0 0 0 0 0 0 0 
0.622 0.186526 0.362779 0.096598 0.0899276 0.0726955 0 0 0 0 0 0 0 0 0 
0.621 0.186391 0.362446 0.0965286 0.0898627 0.0721631 0 0 0 0 0 0 0 0 0 
0.62 0.186257 0.362112 0.096459 0.0897977 0.0716312 0 0 0 0 0 0 0 0 0 
0.619 0.186122 0.361778 0.0963894 0.0897325 0.0710998 0 0 0 0 0 0 0 0 0 
0.618 0.185987 0.361444 0.0963197 0.0896673 0.0705689 0 0 0 0 0 0 0 0 0 
0.617 0.185852 0.36111 0.0962499 0.089602 0.0700385 0 0 0 0 0 0 0 0 0 
0.616 0.185717 0.360775 0.0961799 0.0895366 0.0695086 0 0 0 0 0 0 0 0 0 
0.615 0.185581 0.36044 0.0961099 0.0894711 0.0689792 0 0 0 0 0 0 0 0 0 
0.614 0.185445 0.360104 0.0960398 0.0894054 0.0684504 0 0 0 0 0 0 0 0 0 
0.613 0.185309 0.359769 0.0959695 0.0893397 0.067922 0 0 0 0 0 0 0 0 0 
0.612 0.185173 0.359433 0.0958991 0.0892739 0.0673941 0 0 0 0 0 0 0 0 0 
0.611 0.185037 0.359097 0.0958287 0.089208 0.0668668 0 0 0 0 0 0 0 0 0 
0.61 0.1849 0.35876 0.0957581 0.0891419 0.06634 0 0 0 0 0 0 0 0 0 
0.609 0.184763 0.358423 0.0956874 0.0890758 0.0658137 0 0 0 0 0 0 0 0 0 
0.608 0.184626 0.358086 0.0956166 0.0890096 0.0652879 0 0 0 0 0 0 0 0 0 
0.607 0.184489 0.357748 0.0955457 0.0889433 0.0647627 0 0 0 0 0 0 0 0 0 
0.606 0.184351 0.35741 0.0954746 0.0888768 0.0642381 0 0 0 0 0 0 0 0 0 
0.605 0.184214 0.357072 0.0954035 0.0888103 0.063714 0 0 0 0 0 0 0 0 0 
0.604 0.184076 0.356734 0.0953322 0.0887436 0.0631904 0 0 0 0 0 0 0 0 0 
0.603 0.183938 0.356395 0.0952609 0.0886769 0.0626674 0 0 0 0 0 0 0 0 0 
0.602 0.183799 0.356056 0.0951894 0.08861 0.0621449 0 0 0 0 0 0 0 0 0 
0.601 0.183661 0.355716 0.0951178 0.088543 0.061623 0 0 0 0 0 0 0 0 0 
0.6 0.183522 0.355376 0.095046 0.0884759 0.0611017 0 0 0 0 0 0 0 0 0 
0.599 0.183383 0.355036 0.0949742 0.0884087 0.060581 0 0 0 0 0 0 0 0 0 
0.598 0.183244 0.354695 0.0949022 0.0883414 0.0600608 0 0 0 0 0 0 0 0 0 
0.597 0.183104 0.354355 0.0948302 0.088274 0.0595413 0 0 0 0 0 0 0 0 0 
0.596 0.182964 0.354013 0.094758 0.0882065 0.0590223 0 0 0 0 0 0 0 0 0 
0.595 0.182824 0.353672 0.0946856 0.0881388 0.0585039 0 0 0 0 0 0 0 0 0 
0.594 0.182684 0.35333 0.0946132 0.0880711 0.0579861 0 0 0 0 0 0 0 0 0 
0.593 0.182544 0.352987 0.0945406 0.0880032 0.0574689 0 0 0 0 0 0 0 0 0 
0.592 0.182403 0.352644 0.0944679 0.0879352 0.0569523 0 0 0 0 0 0 0 0 0 
0.591 0.182262 0.352301 0.0943951 0.0878671 0.0564364 0 0 0 0 0 0 0 0 0 
0.59 0.182121 0.351958 0.0943222 0.0877989 0.0559211 0 0 0 0 0 0 0 0 0 
0.589 0.18198 0.351614 0.0942491 0.0877306 0.0554063 0 0 0 0 0 0 0 0 0 
0.588 0.181838 0.35127 0.0941759 0.0876621 0.0548923 0 0 0 0 0 0 0 0 0 
0.587 0.181696 0.350925 0.0941026 0.0875935 0.0543788 0 0 0 0 0 0 0 0 0 
0.586 0.181554 0.35058 0.0940291 0.0875248 0.053866 0 0 0 0 0 0 0 0 0 
0.585 0.181412 0.350235 0.0939555 0.087456 0.0533539 0 0 0 0 0 0 0 0 0 
0.584 0.181269 0.349889 0.0938818 0.0873871 0.0528424 0 0 0 0 0 0 0 0 0 
0.583 0.181126 0.349542 0.093808 0.087318 0.0523316 0 0 0 0 0 0 0 0 0 
0.582 0.180983 0.349196 0.093734 0.0872488 0.0518214 0 0 0 0 0 0 0 0 0 
0.581 0.180839 0.348849 0.0936599 0.0871795 0.0513119 0 0 0 0 0 0 0 0 0 
0.58 0.180696 0.348501 0.0935856 0.0871101 0.0508031 0 0 0 0 0 0 0 0 0 
0.579 0.180552 0.348153 0.0935112 0.0870405 0.050295 0 0 0 0 0 0 0 0 0 
0.578 0.180407 0.347805 0.0934367 0.0869708 0.0497876 0 0 0 0 0 0 0 0 0 
0.577 0.180263 0.347456 0.093362 0.086901 0.0492808 0 0 0 0 0 0 0 0 0 
0.576 0.180118 0.347107 0.0932872 0.086831 0.0487748 0 0 0 0 0 0 0 0 0 
0.575 0.179973 0.346757 0.0932122 0.0867609 0.0482695 0 0 0 0 0 0 0 0 0 
0.574 0.179828 0.346407 0.0931371 0.0866907 0.0477649 0 0 0 0 0 0 0 0 0 
0.573 0.179682 0.346057 0.0930619 0.0866203 0.047261 0 0 0 0 0 0 0 0 0 
0.572 0.179536 0.345706 0.0929865 0.0865499 0.0467579 0 0 0 0 0 0 0 0 0 
0.571 0.17939 0.345354 0.092911 0.0864792 0.0462555 0 0 0 0 0 0 0 0 0 
0.57 0.179244 0.345002 0.0928353 0.0864085 0.0457539 0 0 0 0 0 0 0 0 0 
0.569 0.179097 0.34465 0.0927595 0.0863376 0.045253 0 0 0 0 0 0 0 0 0 
0.568 0.17895 0.344297 0.0926835 0.0862665 0.0447528 0 0 0 0 0 0 0 0 0 
0.567 0.178803 0.343944 0.0926074 0.0861954 0.0442535 0 0 0 0 0 0 0 0 0 
0.566 0.178655 0.34359 0.0925311 0.086124 0.0437549 0 0 0 0 0 0 0 0 0 
0.565 0.178507 0.343236 0.0924547 0.0860526 0.0432571 0 0 0 0 0 0 0 0 0 
0.564 0.178359 0.342881 0.0923781 0.085981 0.0427601 0 0 0 0 0 0 0 0 0 
0.563 0.178211 0.342526 0.0923014 0.0859092 0.0422639 0 0 0 0 0 0 0 0 0 
0.562 0.178062 0.34217 0.0922245 0.0858373 0.0417685 0 0 0 0 0 0 0 0 0 
0.561 0.177913 0.341813 0.0921474 0.0857653 0.041274 0 0 0 0 0 0 0 0 0 
0.56 0.177763 0.341457 0.0920702 0.0856931 0.0407802 0 0 0 0 0 0 0 0 0 
0.559 0.177614 0.341099 0.0919928 0.0856207 0.0402873 0 0 0 0 0 0 0 0 0 
0.558 0.177463 0.340741 0.0919153 0.0855482 0.0397953 0 0 0 0 0 0 0 0 0 
0.557 0.177313 0.340383 0.0918376 0.0854756 0.0393041 0 0 0 0 0 0 0 0 0 
0.556 0.177162 0.340024 0.0917597 0.0854028 0.0388137 0 0 0 0 0 0 0 0 0 
0.555 0.177011 0.339664 0.0916816 0.0853298 0.0383243 0 0 0 0 0 0 0 0 0 
0.554 0.17686 0.339304 0.0916034 0.0852567 0.0378357 0 0 0 0 0 0 0 0 0 
0.553 0.176708 0.338944 0.091525 0.0851834 0.037348 0 0 0 0 0 0 0 0 0 
0.552 0.176556 0.338582 0.0914465 0.08511 0.0368612 0 0 0 0 0 0 0 0 0 
0.551 0.176404 0.338221 0.0913678 0.0850364 0.0363754 0 0 0 0 0 0 0 0 0 
0.55 0.176251 0.337858 0.0912889 0.0849626 0.0358904 0 0 0 0 0 0 0 0 0 
0.549 0.176098 0.337495 0.0912098 0.0848887 0.0354064 0 0 0 0 0 0 0 0 0 
0.548 0.175945 0.337132 0.0911305 0.0848146 0.0349234 0 0 0 0 0 0 0 0 0 
0.547 0.175791 0.336767 0.0910511 0.0847403 0.0344413 0 0 0 0 0 0 0 0 0 
0.546 0.175637 0.336403 0.0909714 0.0846658 0.0339601 0 0 0 0 0 0 0 0 0 
0.545 0.175483 0.336037 0.0908916 0.0845912 0.03348 0 0 0 0 0 0 0 0 0 
0.544 0.175328 0.335671 0.0908116 0.0845164 0.0330008 0 0 0 0 0 0 0 0 0 
0.543 0.175173 0.335304 0.0907314 0.0844415 0.0325226 0 0 0 0 0 0 0 0 0 
0.542 0.175017 0.334937 0.090651 0.0843663 0.0320455 0 0 0 0 0 0 0 0 0 
0.541 0.174861 0.334569 0.0905705 0.084291 0.0315694 0 0 0 0 0 0 0 0 0 
0.54 0.174705 0.3342 0.0904897 0.0842155 0.0310943 0 0 0 0 0 0 0 0 0 
0.539 0.174549 0.333831 0.0904087 0.0841398 0.0306203 0 0 0 0 0 0 0 0 0 
0.538 0.174392 0.333461 0.0903276 0.084064 0.0301474 0 0 0 0 0 0 0 0 0 
0.537 0.174234 0.33309 0.0902462 0.0839879 0.0296755 0 0 0 0 0 0 0 0 0 
0.536 0.174076 0.332719 0.0901646 0.0839116 0.0292048 0 0 0 0 0 0 0 0 0 
0.535 0.173918 0.332347 0.0900828 0.0838352 0.0287351 0 0 0 0 0 0 0 0 0 
0.534 0.173759 0.331974 0.0900008 0.0837586 0.0282666 0 0 0 0 0 0 0 0 0 
0.533 0.1736 0.3316 0.0899186 0.0836817 0.0277993 0 0 0 0 0 0 0 0 0 
0.532 0.173441 0.331226 0.0898362 0.0836047 0.0273331 0 0 0 0 0 0 0 0 0 
0.531 0.173281 0.330851 0.0897536 0.0835274 0.026868 0 0 0 0 0 0 0 0 0 
0.53 0.173121 0.330475 0.0896707 0.08345 0.0264042 0 0 0 0 0 0 0 0 0 
0.529 0.17296 0.330098 0.0895876 0.0833723 0.0259416 0 0 0 0 0 0 0 0 0 
0.528 0.172799 0.329721 0.0895043 0.0832945 0.0254802 0 0 0 0 0 0 0 0 0 
0.527 0.172637 0.329343 0.0894208 0.0832164 0.02502 0 0 0 0 0 0 0 0 0 
0.526 0.172475 0.328964 0.089337 0.0831381 0.0245612 0 0 0 0 0 0 0 0 0 
0.525 0.172313 0.328584 0.089253 0.0830596 0.0241036 0 0 0 0 0 0 0 0 0 
0.524 0.17215 0.328203 0.0891688 0.0829809 0.0236473 0 0 0 0 0 0 0 0 0 
0.523 0.171986 0.327821 0.0890843 0.0829019 0.0231923 0 0 0 0 0 0 0 0 0 
0.522 0.171822 0.327439 0.0889996 0.0828227 0.0227387 0 0 0 0 0 0 0 0 0 
0.521 0.171658 0.327056 0.0889146 0.0827433 0.0222864 0 0 0 0 0 0 0 0 0 
0.52 0.171493 0.326671 0.0888294 0.0826637 0.0218356 0 0 0 0 0 0 0 0 0 
0.519 0.171328 0.326286 0.0887439 0.0825838 0.0213862 0 0 0 0 0 0 0 0 0 
0.518 0.171162 0.3259 0.0886582 0.0825037 0.0209382 0 0 0 0 0 0 0 0 0 
0.517 0.170995 0.325513 0.0885722 0.0824233 0.0204916 0 0 0 0 0 0 0 0 0 
0.516 0.170829 0.325125 0.0884859 0.0823427 0.0200466 0 0 0 0 0 0 0 0 0 
0.515 0.170661 0.324736 0.0883994 0.0822618 0.0196031 0 0 0 0 0 0 0 0 0 
0.514 0.170493 0.324346 0.0883126 0.0821806 0.0191611 0 0 0 0 0 0 0 0 0 
0.513 0.170325 0.323955 0.0882255 0.0820993 0.0187207 0 0 0 0 0 0 0 0 0 
0.512 0.170156 0.323562 0.0881381 0.0820176 0.0182819 0 0 0 0 0 0 0 0 0 
0.511 0.169986 0.323169 0.0880504 0.0819357 0.0178447 0 0 0 0 0 0 0 0 0 
0.51 0.169816 0.322775 0.0879624 0.0818534 0.0174092 0 0 0 0 0 0 0 0 0 
0.509 0.169645 0.32238 0.0878741 0.081771 0.0169754 0 0 0 0 0 0 0 0 0 
0.508 0.169474 0.321983 0.0877856 0.0816882 0.0165433 0 0 0 0 0 0 0 0 0 
0.507 0.169302 0.321585 0.0876967 0.0816051 0.016113 0 0 0 0 0 0 0 0 0 
0.506 0.169129 0.321186 0.0876074 0.0815217 0.0156845 0 0 0 0 0 0 0 0 0 
0.505 0.168956 0.320786 0.0875179 0.0814381 0.0152579 0 0 0 0 0 0 0 0 0 
0.504 0.168782 0.320385 0.087428 0.0813541 0.0148331 0 0 0 0 0 0 0 0 0 
0.503 0.168608 0.319982 0.0873378 0.0812698 0.0144103 0 0 0 0 0 0 0 0 0 
0.502 0.168432 0.319578 0.0872473 0.0811852 0.0139895 0 0 0 0 0 0 0 0 0 
0.501 0.168257 0.319173 0.0871564 0.0811002 0.0135706 0 0 0 0 0 0 0 0 0 
0.5 0.16808 0.318766 0.0870651 0.081015 0.0131539 0 0 0 0 0 0 0 0 0 
0.499 0.167903 0.318358 0.0869735 0.0809293 0.0127393 0 0 0 0 0 0 0 0 0 
0.498 0.167725 0.317948 0.0868814 0.0808434 0.0123268 0 0 0 0 0 0 0 0 0 
0.497 0.167546 0.317537 0.086789 0.080757 0.0119166 0 0 0 0 0 0 0 0 0 
0.496 0.167367 0.317125 0.0866962 0.0806703 0.0115087 0 0 0 0 0 0 0 0 0 
0.495 0.167186 0.316711 0.086603 0.0805832 0.0111032 0 0 0 0 0 0 0 0 0 
0.494 0.167005 0.316295 0.0865094 0.0804958 0.0107001 0 0 0 0 0 0 0 0 0 
0.493 0.166823 0.315877 0.0864153 0.0804079 0.0102995 0 0 0 0 0 0 0 0 0 
0.492 0.16664 0.315458 0.0863208 0.0803196 0.00990146 0 0 0 0 0 0 0 0 0 
0.491 0.166457 0.315037 0.0862259 0.0802309 0.00950609 0 0 0 0 0 0 0 0 0 
0.49 0.166272 0.314614 0.0861304 0.0801417 0.00911347 0 0 0 0 0 0 0 0 0 
0.489 0.166087 0.31419 0.0860345 0.0800521 0.00872369 0 0 0 0 0 0 0 0 0 
0.488 0.1659 0.313763 0.0859381 0.079962 0.00833685 0 0 0 0 0 0 0 0 0 
0.487 0.165713 0.313334 0.0858412 0.0798715 0.00795305 0 0 0 0 0 0 0 0 0 
0.486 0.165524 0.312903 0.0857438 0.0797805 0.00757241 0 0 0 0 0 0 0 0 0 
0.485 0.165335 0.31247 0.0856457 0.0796889 0.00719504 0 0 0 0 0 0 0 0 0 
0.484 0.165144 0.312035 0.0855472 0.0795968 0.00682109 0 0 0 0 0 0 0 0 0 
0.483 0.164952 0.311597 0.085448 0.0795041 0.0064507 0 0 0 0 0 0 0 0 0 
0.482 0.164759 0.311157 0.0853482 0.0794109 0.00608402 0 0 0 0 0 0 0 0 0 
0.481 0.164565 0.310714 0.0852477 0.0793171 0.00572122 0 0 0 0 0 0 0 0 0 
0.48 0.164369 0.310268 0.0851466 0.0792226 0.0053625 0 0 0 0 0 0 0 0 0 
0.479 0.164172 0.30982 0.0850448 0.0791275 0.00500805 0 0 0 0 0 0 0 0 0 
0.478 0.163974 0.309368 0.0849422 0.0790316 0.00465811 0 0 0 0 0 0 0 0 0 
0.477 0.163774 0.308913 0.0848388 0.0789351 0.00431293 0 0 0 0 0 0 0 0 0 
0.476 0.163572 0.308455 0.0847346 0.0788377 0.0039728 0 0 0 0 0 0 0 0 0 
0.475 0.163369 0.307993 0.0846295 0.0787396 0.00363804 0 0 0 0 0 0 0 0 0 
0.474 0.163164 0.307527 0.0845235 0.0786405 0.00330902 0 0 0 0 0 0 0 0 0 
0.473 0.162957 0.307057 0.0844164 0.0785405 0.00298615 0 0 0 0 0 0 0 0 0 
0.472 0.162748 0.306582 0.0843083 0.0784395 0.00266992 0 0 0 0 0 0 0 0 0 
0.471 0.162536 0.306103 0.084199 0.0783374 0.00236089 0 0 0 0 0 0 0 0 0 
0.47 0.162323 0.305618 0.0840884 0.0782342 0.00205974 0 0 0 0 0 0 0 0 0 
0.469 0.162106 0.305127 0.0839764 0.0781296 0.00176729 0 0 0 0 0 0 0 0 0 
0.468 0.161886 0.304629 0.0838629 0.0780235 0.00148453 0 0 0 0 0 0 0 0 0 
0.467 0.161663 0.304124 0.0837476 0.0779158 0.00121273 0 0 0 0 0 0 0 0 0 
0.466 0.161436 0.30361 0.0836302 0.0778062 0.000953517 0 0 0 0 0 0 0 0 0 
0.465 0.161205 0.303086 0.0835105 0.0776944 0.000709139 0 0 0 0 0 0 0 0 0 
0.464 0.160968 0.302549 0.083388 0.07758 0.000482811 0 0 0 0 0 0 0 0 0 
0.463 0.160724 0.301997 0.0832617 0.0774621 0.000279634 0 0 0 0 0 0 0 0 0 
0.462 0.16047 0.301421 0.0831303 0.0773393 0.000109152 0 0 0 0 0 0 0 0 0 
0.461 0.160197 0.300803 0.0829892 0.0772075 6.42339e-07 0 0 0 0 0 0 0 0 0 
0.46 0.159891 0.300109 0.0828312 0.07706 0 0 0 0 0 0 0 0 0 0 
0.459 0.159585 0.299415 0.082673 0.0769122 0 0 0 0 0 0 0 0 0 0 
0.458 0.159279 0.298721 0.0825146 0.0767644 0 0 0 0 0 0 0 0 0 0 
0.457 0.158973 0.298027 0.0823562 0.0766164 0 0 0 0 0 0 0 0 0 0 
0.456 0.158666 0.297334 0.0821976 0.0764683 0 0 0 0 0 0 0 0 0 0 
0.455 0.158359 0.296641 0.0820389 0.0763202 0 0 0 0 0 0 0 0 0 0 
0.454 0.158052 0.295948 0.0818801 0.0761719 0 0 0 0 0 0 0 0 0 0 
0.453 0.157745 0.295255 0.0817212 0.0760235 0 0 0 0 0 0 0 0 0 0 
0.452 0.157437 0.294563 0.0815622 0.075875 0 0 0 0 0 0 0 0 0 0 
0.451 0.15713 0.29387 0.0814031 0.0757264 0 0 0 0 0 0 0 0 0 0 
0.45 0.156822 0.293178 0.0812439 0.0755778 0 0 0 0 0 0 0 0 0 0 
0.449 0.156513 0.292487 0.0810845 0.075429 0 0 0 0 0 0 0 0 0 0 
0.448 0.156205 0.291795 0.080925 0.0752801 0 0 0 0 0 0 0 0 0 0 
0.447 0.155897 0.291103 0.0807654 0.0751311 0 0 0 0 0 0 0 0 0 0 
0.446 0.155588 0.290412 0.0806058 0.074982 0 0 0 0 0 0 0 0 0 0 
0.445 0.155279 0.289721 0.0804459 0.0748328 0 0 0 0 0 0 0 0 0 0 
0.444 0.15497 0.28903 0.080286 0.0746835 0 0 0 0 0 0 0 0 0 0 
0.443 0.15466 0.28834 0.080126 0.0745341 0 0 0 0 0 0 0 0 0 0 
0.442 0.15435 0.28765 0.0799659 0.0743846 0 0 0 0 0 0 0 0 0 0 
0.441 0.154041 0.286959 0.0798056 0.074235 0 0 0 0 0 0 0 0 0 0 
0.44 0.153731 0.286269 0.0796452 0.0740853 0 0 0 0 0 0 0 0 0 0 
0.439 0.15342 0.28558 0.0794847 0.0739355 0 0 0 0 0 0 0 0 0 0 
0.438 0.15311 0.28489 0.0793242 0.0737856 0 0 0 0 0 0 0 0 0 0 
0.437 0.152799 0.284201 0.0791635 0.0736355 0 0 0 0 0 0 0 0 0 0 
0.436 0.152488 0.283512 0.0790026 0.0734854 0 0 0 0 0 0 0 0 0 0 
0.435 0.152177 0.282823 0.0788417 0.0733352 0 0 0 0 0 0 0 0 0 0 
0.434 0.151866 0.282134 0.0786807 0.0731849 0 0 0 0 0 0 0 0 0 0 
0.433 0.151554 0.281446 0.0785195 0.0730345 0 0 0 0 0 0 0 0 0 0 
0.432 0.151242 0.280758 0.0783583 0.072884 0 0 0 0 0 0 0 0 0 0 
0.431 0.15093 0.28007 0.0781969 0.0727334 0 0 0 0 0 0 0 0 0 0 
0.43 0.150618 0.279382 0.0780354 0.0725826 0 0 0 0 0 0 0 0 0 0 
0.429 0.150306 0.278694 0.0778738 0.0724318 0 0 0 0 0 0 0 0 0 0 
0.428 0.149993 0.278007 0.0777121 0.0722809 0 0 0 0 0 0 0 0 0 0 
0.427 0.14968 0.27732 0.0775503 0.0721299 0 0 0 0 0 0 0 0 0 0 
0.426 0.149367 0.276633 0.0773884 0.0719788 0 0 0 0 0 0 0 0 0 0 
0.425 0.149054 0.275946 0.0772264 0.0718276 0 0 0 0 0 0 0 0 0 0 
0.424 0.14874 0.27526 0.0770642 0.0716763 0 0 0 0 0 0 0 0 0 0 
0.423 0.148427 0.274573 0.076902 0.0715248 0 0 0 0 0 0 0 0 0 0 
0.422 0.148113 0.273887 0.0767396 0.0713733 0 0 0 0 0 0 0 0 0 0 
0.421 0.147799 0.273201 0.0765772 0.0712217 0 0 0 0 0 0 0 0 0 0 
0.42 0.147485 0.272515 0.0764146 0.07107 0 0 0 0 0 0 0 0 0 0 
0.419 0.14717 0.27183 0.0762519 0.0709182 0 0 0 0 0 0 0 0 0 0 
0.418 0.146855 0.271145 0.0760891 0.0707663 0 0 0 0 0 0 0 0 0 0 
0.417 0.146541 0.270459 0.0759262 0.0706143 0 0 0 0 0 0 0 0 0 0 
0.416 0.146225 0.269775 0.0757632 0.0704622 0 0 0 0 0 0 0 0 0 0 
0.415 0.14591 0.26909 0.0756001 0.07031 0 0 0 0 0 0 0 0 0 0 
0.414 0.145595 0.268405 0.0754369 0.0701577 0 0 0 0 0 0 0 0 0 0 
0.413 0.145279 0.267721 0.0752735 0.0700053 0 0 0 0 0 0 0 0 0 0 
0.412 0.144963 0.267037 0.0751101 0.0698528 0 0 0 0 0 0 0 0 0 0 
0.411 0.144647 0.266353 0.0749466 0.0697002 0 0 0 0 0 0 0 0 0 0 
0.41 0.14433 0.26567 0.0747829 0.0695476 0 0 0 0 0 0 0 0 0 0 
0.409 0.144014 0.264986 0.0746192 0.0693948 0 0 0 0 0 0 0 0 0 0 
0.408 0.143697 0.264303 0.0744553 0.0692419 0 0 0 0 0 0 0 0 0 0 
0.407 0.14338 0.26362 0.0742913 0.0690889 0 0 0 0 0 0 0 0 0 0 
0.406 0.143063 0.262937 0.0741273 0.0689359 0 0 0 0 0 0 0 0 0 0 
0.405 0.142746 0.262254 0.0739631 0.0687827 0 0 0 0 0 0 0 0 0 0 
0.404 0.142428 0.261572 0.0737988 0.0686295 0 0 0 0 0 0 0 0 0 0 
0.403 0.142111 0.260889 0.0736344 0.0684761 0 0 0 0 0 0 0 0 0 0 
0.402 0.141793 0.260207 0.0734699 0.0683227 0 0 0 0 0 0 0 0 0 0 
0.401 0.141475 0.259525 0.0733053 0.0681692 0 0 0 0 0 0 0 0 0 0 
0.4 0.141156 0.258844 0.0731407 0.0680155 0 0 0 0 0 0 0 0 0 0 
0.399 0.140838 0.258162 0.0729759 0.0678618 0 0 0 0 0 0 0 0 0 0 
0.398 0.140519 0.257481 0.072811 0.067708 0 0 0 0 0 0 0 0 0 0 
0.397 0.1402 0.2568 0.0726459 0.0675541 0 0 0 0 0 0 0 0 0 0 
0.396 0.139881 0.256119 0.0724808 0.0674001 0 0 0 0 0 0 0 0 0 0 
0.395 0.139562 0.255438 0.0723156 0.067246 0 0 0 0 0 0 0 0 0 0 
0.394 0.139242 0.254758 0.0721503 0.0670918 0 0 0 0 0 0 0 0 0 0 
0.393 0.138922 0.254078 0.0719849 0.0669375 0 0 0 0 0 0 0 0 0 0 
0.392 0.138603 0.253397 0.0718194 0.0667832 0 0 0 0 0 0 0 0 0 0 
0.391 0.138283 0.252717 0.0716538 0.0666287 0 0 0 0 0 0 0 0 0 0 
0.39 0.137962 0.252038 0.0714881 0.0664742 0 0 0 0 0 0 0 0 0 0 
0.389 0.137642 0.251358 0.0713223 0.0663195 0 0 0 0 0 0 0 0 0 0 
0.388 0.137321 0.250679 0.0711564 0.0661648 0 0 0 0 0 0 0 0 0 0 
0.387 0.137 0.25 0.0709903 0.06601 0 0 0 0 0 0 0 0 0 0 
0.386 0.136679 0.249321 0.0708242 0.0658551 0 0 0 0 0 0 0 0 0 0 
0.385 0.136358 0.248642 0.070658 0.0657001 0 0 0 0 0 0 0 0 0 0 
0.384 0.136037 0.247963 0.0704917 0.065545 0 0 0 0 0 0 0 0 0 0 
0.383 0.135715 0.247285 0.0703253 0.0653898 0 0 0 0 0 0 0 0 0 0 
0.382 0.135393 0.246607 0.0701588 0.0652346 0 0 0 0 0 0 0 0 0 0 
0.381 0.135071 0.245929 0.0699922 0.0650792 0 0 0 0 0 0 0 0 0 0 
0.38 0.134749 0.245251 0.0698255 0.0649238 0 0 0 0 0 0 0 0 0 0 
0.379 0.134427 0.244573 0.0696587 0.0647683 0 0 0 0 0 0 0 0 0 0 
0.378 0.134104 0.243896 0.0694918 0.0646127 0 0 0 0 0 0 0 0 0 0 
0.377 0.133782 0.243218 0.0693249 0.064457 0 0 0 0 0 0 0 0 0 0 
0.376 0.133459 0.242541 0.0691578 0.0643012 0 0 0 0 0 0 0 0 0 0 
0.375 0.133136 0.241864 0.0689906 0.0641453 0 0 0 0 0 0 0 0 0 0 
0.374 0.132813 0.241187 0.0688233 0.0639894 0 0 0 0 0 0 0 0 0 0 
0.373 0.132489 0.240511 0.068656 0.0638333 0 0 0 0 0 0 0 0 0 0 
0.372 0.132166 0.239834 0.0684885 0.0636772 0 0 0 0 0 0 0 0 0 0 
0.371 0.131842 0.239158 0.068321 0.063521 0 0 0 0 0 0 0 0 0 0 
0.37 0.131518 0.238482 0.0681533 0.0633647 0 0 0 0 0 0 0 0 0 0 
0.369 0.131194 0.237806 0.0679856 0.0632083 0 0 0 0 0 0 0 0 0 0 
0.368 0.13087 0.23713 0.0678178 0.0630519 0 0 0 0 0 0 0 0 0 0 
0.367 0.130545 0.236455 0.0676498 0.0628953 0 0 0 0 0 0 0 0 0 0 
0.366 0.130221 0.235779 0.0674818 0.0627387 0 0 0 0 0 0 0 0 0 0 
0.365 0.129896 0.235104 0.0673137 0.062582 0 0 0 0 0 0 0 0 0 0 
0.364 0.129571 0.234429 0.0671455 0.0624252 0 0 0 0 0 0 0 0 0 0 
0.363 0.129246 0.233754 0.0669772 0.0622683 0 0 0 0 0 0 0 0 0 0 
0.362 0.12892 0.23308 0.0668089 0.0621114 0 0 0 0 0 0 0 0 0 0 
0.361 0.128595 0.232405 0.0666404 0.0619544 0 0 0 0 0 0 0 0 0 0 
0.36 0.128269 0.231731 0.0664718 0.0617972 0 0 0 0 0 0 0 0 0 0 
0.359 0.127943 0.231057 0.0663032 0.0616401 0 0 0 0 0 0 0 0 0 0 
0.358 0.127617 0.230383 0.0661345 0.0614828 0 0 0 0 0 0 0 0 0 0 
0.357 0.127291 0.229709 0.0659656 0.0613254 0 0 0 0 0 0 0 0 0 0 
0.356 0.126965 0.229035 0.0657967 0.061168 0 0 0 0 0 0 0 0 0 0 
0.355 0.126638 0.228362 0.0656277 0.0610105 0 0 0 0 0 0 0 0 0 0 
0.354 0.126312 0.227688 0.0654586 0.0608529 0 0 0 0 0 0 0 0 0 0 
0.353 0.125985 0.227015 0.0652895 0.0606952 0 0 0 0 0 0 0 0 0 0 
0.352 0.125658 0.226342 0.0651202 0.0605375 0 0 0 0 0 0 0 0 0 0 
0.351 0.125331 0.225669 0.0649509 0.0603797 0 0 0 0 0 0 0 0 0 0 
0.35 0.125003 0.224997 0.0647814 0.0602218 0 0 0 0 0 0 0 0 0 0 
0.349 0.124676 0.224324 0.0646119 0.0600638 0 0 0 0 0 0 0 0 0 0 
0.348 0.124348 0.223652 0.0644423 0.0599057 0 0 0 0 0 0 0 0 0 0 
0.347 0.12402 0.22298 0.0642726 0.0597476 0 0 0 0 0 0 0 0 0 0 
0.346 0.123692 0.222308 0.0641029 0.0595894 0 0 0 0 0 0 0 0 0 0 
0.345 0.123364 0.221636 0.063933 0.0594311 0 0 0 0 0 0 0 0 0 0 
0.344 0.123036 0.220964 0.0637631 0.0592728 0 0 0 0 0 0 0 0 0 0 
0.343 0.122707 0.220293 0.063593 0.0591144 0 0 0 0 0 0 0 0 0 0 
0.342 0.122379 0.219621 0.0634229 0.0589559 0 0 0 0 0 0 0 0 0 0 
0.341 0.12205 0.21895 0.0632528 0.0587973 0 0 0 0 0 0 0 0 0 0 
0.34 0.121721 0.218279 0.0630825 0.0586386 0 0 0 0 0 0 0 0 0 0 
0.339 0.121392 0.217608 0.0629121 0.0584799 0 0 0 0 0 0 0 0 0 0 
0.338 0.121063 0.216937 0.0627417 0.0583211 0 0 0 0 0 0 0 0 0 0 
0.337 0.120733 0.216267 0.0625712 0.0581622 0 0 0 0 0 0 0 0 0 0 
0.336 0.120404 0.215596 0.0624006 0.0580033 0 0 0 0 0 0 0 0 0 0 
0.335 0.120074 0.214926 0.0622299 0.0578443 0 0 0 0 0 0 0 0 0 0 
0.334 0.119744 0.214256 0.0620592 0.0576852 0 0 0 0 0 0 0 0 0 0 
0.333 0.119414 0.213586 0.0618883 0.057526 0 0 0 0 0 0 0 0 0 0 
0.332 0.119084 0.212916 0.0617174 0.0573668 0 0 0 0 0 0 0 0 0 0 
0.331 0.118754 0.212246 0.0615464 0.0572075 0 0 0 0 0 0 0 0 0 0 
0.33 0.118423 0.211577 0.0613753 0.0570481 0 0 0 0 0 0 0 0 0 0 
0.329 0.118093 0.210907 0.0612042 0.0568887 0 0 0 0 0 0 0 0 0 0 
0.328 0.117762 0.210238 0.0610329 0.0567291 0 0 0 0 0 0 0 0 0 0 
0.327 0.117431 0.209569 0.0608616 0.0565696 0 0 0 0 0 0 0 0 0 0 
0.326 0.1171 0.2089 0.0606902 0.0564099 0 0 0 0 0 0 0 0 0 0 
0.325 0.116769 0.208231 0.0605188 0.0562502 0 0 0 0 0 0 0 0 0 0 
0.324 0.116438 0.207562 0.0603472 0.0560904 0 0 0 0 0 0 0 0 0 0 
0.323 0.116106 0.206894 0.0601756 0.0559305 0 0 0 0 0 0 0 0 0 0 
0.322 0.115775 0.206225 0.0600039 0.0557706 0 0 0 0 0 0 0 0 0 0 
0.321 0.115443 0.205557 0.0598321 0.0556106 0 0 0 0 0 0 0 0 0 0 
0.32 0.115111 0.204889 0.0596603 0.0554505 0 0 0 0 0 0 0 0 0 0 
0.319 0.114779 0.204221 0.0594884 0.0552904 0 0 0 0 0 0 0 0 0 0 
0.318 0.114447 0.203553 0.0593164 0.0551302 0 0 0 0 0 0 0 0 0 0 
0.317 0.114114 0.202886 0.0591443 0.0549699 0 0 0 0 0 0 0 0 0 0 
0.316 0.113782 0.202218 0.0589721 0.0548096 0 0 0 0 0 0 0 0 0 0 
0.315 0.113449 0.201551 0.0587999 0.0546492 0 0 0 0 0 0 0 0 0 0 
0.314 0.113116 0.200884 0.0586276 0.0544887 0 0 0 0 0 0 0 0 0 0 
0.313 0.112783 0.200217 0.0584552 0.0543282 0 0 0 0 0 0 0 0 0 0 
0.312 0.11245 0.19955 0.0582828 0.0541675 0 0 0 0 0 0 0 0 0 0 
0.311 0.112117 0.198883 0.0581102 0.0540069 0 0 0 0 0 0 0 0 0 0 
0.31 0.111784 0.198216 0.0579376 0.0538461 0 0 0 0 0 0 0 0 0 0 
0.309 0.11145 0.19755 0.0577649 0.0536853 0 0 0 0 0 0 0 0 0 0 
0.308 0.111117 0.196883 0.0575922 0.0535244 0 0 0 0 0 0 0 0 0 0 
0.307 0.110783 0.196217 0.0574194 0.0533635 0 0 0 0 0 0 0 0 0 0 
0.306 0.110449 0.195551 0.0572465 0.0532025 0 0 0 0 0 0 0 0 0 0 
0.305 0.110115 0.194885 0.0570735 0.0530414 0 0 0 0 0 0 0 0 0 0 
0.304 0.109781 0.194219 0.0569005 0.0528803 0 0 0 0 0 0 0 0 0 0 
0.303 0.109446 0.193554 0.0567273 0.0527191 0 0 0 0 0 0 0 0 0 0 
0.302 0.109112 0.192888 0.0565541 0.0525578 0 0 0 0 0 0 0 0 0 0 
0.301 0.108777 0.192223 0.0563809 0.0523965 0 0 0 0 0 0 0 0 0 0 
0.3 0.108443 0.191557 0.0562075 0.0522351 0 0 0 0 0 0 0 0 0 0 
0.299 0.108108 0.190892 0.0560341 0.0520736 0 0 0 0 0 0 0 0 0 0 
0.298 0.107773 0.190227 0.0558607 0.0519121 0 0 0 0 0 0 0 0 0 0 
0.297 0.107438 0.189562 0.0556871 0.0517505 0 0 0 0 0 0 0 0 0 0 
0.296 0.107102 0.188898 0.0555135 0.0515889 0 0 0 0 0 0 0 0 0 0 
0.295 0.106767 0.188233 0.0553398 0.0514271 0 0 0 0 0 0 0 0 0 0 
0.294 0.106431 0.187569 0.055166 0.0512654 0 0 0 0 0 0 0 0 0 0 
0.293 0.106096 0.186904 0.0549922 0.0511035 0 0 0 0 0 0 0 0 0 0 
0.292 0.10576 0.18624 0.0548183 0.0509416 0 0 0 0 0 0 0 0 0 0 
0.291 0.105424 0.185576 0.0546443 0.0507796 0 0 0 0 0 0 0 0 0 0 
0.29 0.105088 0.184912 0.0544702 0.0506176 0 0 0 0 0 0 0 0 0 0 
0.289 0.104752 0.184248 0.0542961 0.0504555 0 0 0 0 0 0 0 0 0 0 
0.288 0.104415 0.183585 0.0541219 0.0502933 0 0 0 0 0 0 0 0 0 0 
0.287 0.104079 0.182921 0.0539476 0.0501311 0 0 0 0 0 0 0 0 0 0 
0.286 0.103742 0.182258 0.0537733 0.0499688 0 0 0 0 0 0 0 0 0 0 
0.285 0.103405 0.181595 0.0535989 0.0498064 0 0 0 0 0 0 0 0 0 0 
0.284 0.103068 0.180932 0.0534244 0.049644 0 0 0 0 0 0 0 0 0 0 
0.283 0.102731 0.180269 0.0532498 0.0494815 0 0 0 0 0 0 0 0 0 0 
0.282 0.102394 0.179606 0.0530752 0.049319 0 0 0 0 0 0 0 0 0 0 
0.281 0.102057 0.178943 0.0529005 0.0491563 0 0 0 0 0 0 0 0 0 0 
0.28 0.101719 0.178281 0.0527257 0.0489937 0 0 0 0 0 0 0 0 0 0 
0.279 0.101382 0.177618 0.0525509 0.0488309 0 0 0 0 0 0 0 0 0 0 
0.278 0.101044 0.176956 0.0523759 0.0486681 0 0 0 0 0 0 0 0 0 0 
0.277 0.100706 0.176294 0.0522009 0.0485052 0 0 0 0 0 0 0 0 0 0 
0.276 0.100368 0.175632 0.0520259 0.0483423 0 0 0 0 0 0 0 0 0 0 
0.275 0.10003 0.17497 0.0518508 0.0481793 0 0 0 0 0 0 0 0 0 0 
0.274 0.0996918 0.174308 0.0516755 0.0480162 0 0 0 0 0 0 0 0 0 0 
0.273 0.0993534 0.173647 0.0515003 0.0478531 0 0 0 0 0 0 0 0 0 0 
0.272 0.0990148 0.172985 0.0513249 0.0476899 0 0 0 0 0 0 0 0 0 0 
0.271 0.0986761 0.172324 0.0511495 0.0475266 0 0 0 0 0 0 0 0 0 0 
0.27 0.0983373 0.171663 0.050974 0.0473633 0 0 0 0 0 0 0 0 0 0 
0.269 0.0979984 0.171002 0.0507984 0.0471999 0 0 0 0 0 0 0 0 0 0 
0.268 0.0976593 0.170341 0.0506228 0.0470365 0 0 0 0 0 0 0 0 0 0 
0.267 0.09732 0.16968 0.0504471 0.0468729 0 0 0 0 0 0 0 0 0 0 
0.266 0.0969807 0.169019 0.0502713 0.0467094 0 0 0 0 0 0 0 0 0 0 
0.265 0.0966412 0.168359 0.0500955 0.0465457 0 0 0 0 0 0 0 0 0 0 
0.264 0.0963015 0.167698 0.0499195 0.046382 0 0 0 0 0 0 0 0 0 0 
0.263 0.0959617 0.167038 0.0497435 0.0462182 0 0 0 0 0 0 0 0 0 0 
0.262 0.0956218 0.166378 0.0495674 0.0460544 0 0 0 0 0 0 0 0 0 0 
0.261 0.0952817 0.165718 0.0493913 0.0458905 0 0 0 0 0 0 0 0 0 0 
0.26 0.0949415 0.165058 0.0492151 0.0457265 0 0 0 0 0 0 0 0 0 0 
0.259 0.0946012 0.164399 0.0490388 0.0455624 0 0 0 0 0 0 0 0 0 0 
0.258 0.0942607 0.163739 0.0488624 0.0453983 0 0 0 0 0 0 0 0 0 0 
0.257 0.0939201 0.16308 0.048686 0.0452341 0 0 0 0 0 0 0 0 0 0 
0.256 0.0935793 0.162421 0.0485094 0.0450699 0 0 0 0 0 0 0 0 0 0 
0.255 0.0932384 0.161762 0.0483328 0.0449056 0 0 0 0 0 0 0 0 0 0 
0.254 0.0928974 0.161103 0.0481562 0.0447412 0 0 0 0 0 0 0 0 0 0 
0.253 0.0925562 0.160444 0.0479794 0.0445768 0 0 0 0 0 0 0 0 0 0 
0.252 0.0922149 0.159785 0.0478026 0.0444122 0 0 0 0 0 0 0 0 0 0 
0.251 0.0918734 0.159127 0.0476257 0.0442477 0 0 0 0 0 0 0 0 0 0 
0.25 0.0915318 0.158468 0.0474487 0.044083 0 0 0 0 0 0 0 0 0 0 
0.249 0.09119 0.15781 0.0472717 0.0439183 0 0 0 0 0 0 0 0 0 0 
0.248 0.0908481 0.157152 0.0470946 0.0437535 0 0 0 0 0 0 0 0 0 0 
0.247 0.090506 0.156494 0.0469174 0.0435887 0 0 0 0 0 0 0 0 0 0 
0.246 0.0901638 0.155836 0.0467401 0.0434237 0 0 0 0 0 0 0 0 0 0 
0.245 0.0898215 0.155179 0.0465627 0.0432587 0 0 0 0 0 0 0 0 0 0 
0.244 0.089479 0.154521 0.0463853 0.0430937 0 0 0 0 0 0 0 0 0 0 
0.243 0.0891364 0.153864 0.0462078 0.0429286 0 0 0 0 0 0 0 0 0 0 
0.242 0.0887936 0.153206 0.0460302 0.0427634 0 0 0 0 0 0 0 0 0 0 
0.241 0.0884506 0.152549 0.0458526 0.0425981 0 0 0 0 0 0 0 0 0 0 
0.24 0.0881076 0.151892 0.0456748 0.0424327 0 0 0 0 0 0 0 0 0 0 
0.239 0.0877643 0.151236 0.045497 0.0422673 0 0 0 0 0 0 0 0 0 0 
0.238 0.087421 0.150579 0.0453191 0.0421019 0 0 0 0 0 0 0 0 0 0 
0.237 0.0870774 0.149923 0.0451411 0.0419363 0 0 0 0 0 0 0 0 0 0 
0.236 0.0867337 0.149266 0.0449631 0.0417707 0 0 0 0 0 0 0 0 0 0 
0.235 0.0863899 0.14861 0.0447849 0.041605 0 0 0 0 0 0 0 0 0 0 
0.234 0.0860459 0.147954 0.0446067 0.0414392 0 0 0 0 0 0 0 0 0 0 
0.233 0.0857018 0.147298 0.0444284 0.0412734 0 0 0 0 0 0 0 0 0 0 
0.232 0.0853575 0.146642 0.04425 0.0411075 0 0 0 0 0 0 0 0 0 0 
0.231 0.0850131 0.145987 0.0440716 0.0409415 0 0 0 0 0 0 0 0 0 0 
0.23 0.0846685 0.145332 0.0438931 0.0407754 0 0 0 0 0 0 0 0 0 0 
0.229 0.0843237 0.144676 0.0437144 0.0406093 0 0 0 0 0 0 0 0 0 0 
0.228 0.0839788 0.144021 0.0435357 0.0404431 0 0 0 0 0 0 0 0 0 0 
0.227 0.0836337 0.143366 0.0433569 0.0402768 0 0 0 0 0 0 0 0 0 0 
0.226 0.0832885 0.142711 0.0431781 0.0401104 0 0 0 0 0 0 0 0 0 0 
0.225 0.0829431 0.142057 0.0429991 0.039944 0 0 0 0 0 0 0 0 0 0 
0.224 0.0825976 0.141402 0.0428201 0.0397775 0 0 0 0 0 0 0 0 0 0 
0.223 0.0822519 0.140748 0.042641 0.0396109 0 0 0 0 0 0 0 0 0 0 
0.222 0.081906 0.140094 0.0424618 0.0394443 0 0 0 0 0 0 0 0 0 0 
0.221 0.08156 0.13944 0.0422825 0.0392775 0 0 0 0 0 0 0 0 0 0 
0.22 0.0812138 0.138786 0.0421031 0.0391107 0 0 0 0 0 0 0 0 0 0 
0.219 0.0808675 0.138132 0.0419237 0.0389438 0 0 0 0 0 0 0 0 0 0 
0.218 0.080521 0.137479 0.0417441 0.0387769 0 0 0 0 0 0 0 0 0 0 
0.217 0.0801743 0.136826 0.0415645 0.0386098 0 0 0 0 0 0 0 0 0 0 
0.216 0.0798275 0.136172 0.0413848 0.0384427 0 0 0 0 0 0 0 0 0 0 
0.215 0.0794805 0.135519 0.041205 0.0382755 0 0 0 0 0 0 0 0 0 0 
0.214 0.0791334 0.134867 0.0410251 0.0381083 0 0 0 0 0 0 0 0 0 0 
0.213 0.078786 0.134214 0.0408451 0.0379409 0 0 0 0 0 0 0 0 0 0 
0.212 0.0784385 0.133561 0.0406651 0.0377735 0 0 0 0 0 0 0 0 0 0 
0.211 0.0780909 0.132909 0.0404849 0.037606 0 0 0 0 0 0 0 0 0 0 
0.21 0.0777431 0.132257 0.0403047 0.0374384 0 0 0 0 0 0 0 0 0 0 
0.209 0.0773951 0.131605 0.0401244 0.0372707 0 0 0 0 0 0 0 0 0 0 
0.208 0.0770469 0.130953 0.039944 0.0371029 0 0 0 0 0 0 0 0 0 0 
0.207 0.0766986 0.130301 0.0397635 0.0369351 0 0 0 0 0 0 0 0 0 0 
0.206 0.0763501 0.12965 0.0395829 0.0367672 0 0 0 0 0 0 0 0 0 0 
0.205 0.0760014 0.128999 0.0394022 0.0365992 0 0 0 0 0 0 0 0 0 0 
0.204 0.0756526 0.128347 0.0392214 0.0364311 0 0 0 0 0 0 0 0 0 0 
0.203 0.0753035 0.127696 0.0390406 0.036263 0 0 0 0 0 0 0 0 0 0 
0.202 0.0749543 0.127046 0.0388596 0.0360947 0 0 0 0 0 0 0 0 0 0 
0.201 0.074605 0.126395 0.0386786 0.0359264 0 0 0 0 0 0 0 0 0 0 
0.2 0.0742554 0.125745 0.0384974 0.035758 0 0 0 0 0 0 0 0 0 0 
0.199 0.0739057 0.125094 0.0383162 0.0355895 0 0 0 0 0 0 0 0 0 0 
0.198 0.0735558 0.124444 0.0381349 0.0354209 0 0 0 0 0 0 0 0 0 0 
0.197 0.0732057 0.123794 0.0379535 0.0352523 0 0 0 0 0 0 0 0 0 0 
0.196 0.0728555 0.123145 0.037772 0.0350835 0 0 0 0 0 0 0 0 0 0 
0.195 0.0725051 0.122495 0.0375904 0.0349147 0 0 0 0 0 0 0 0 0 0 
0.194 0.0721545 0.121846 0.0374087 0.0347458 0 0 0 0 0 0 0 0 0 0 
0.193 0.0718037 0.121196 0.0372269 0.0345768 0 0 0 0 0 0 0 0 0 0 
0.192 0.0714527 0.120547 0.037045 0.0344077 0 0 0 0 0 0 0 0 0 0 
0.191 0.0711016 0.119898 0.036863 0.0342386 0 0 0 0 0 0 0 0 0 0 
0.19 0.0707502 0.11925 0.0366809 0.0340693 0 0 0 0 0 0 0 0 0 0 
0.189 0.0703987 0.118601 0.0364988 0.0339 0 0 0 0 0 0 0 0 0 0 
0.188 0.070047 0.117953 0.0363165 0.0337305 0 0 0 0 0 0 0 0 0 0 
0.187 0.0696952 0.117305 0.0361341 0.033561 0 0 0 0 0 0 0 0 0 0 
0.186 0.0693431 0.116657 0.0359517 0.0333914 0 0 0 0 0 0 0 0 0 0 
0.185 0.0689908 0.116009 0.0357691 0.0332217 0 0 0 0 0 0 0 0 0 0 
0.184 0.0686384 0.115362 0.0355865 0.0330519 0 0 0 0 0 0 0 0 0 0 
0.183 0.0682858 0.114714 0.0354037 0.0328821 0 0 0 0 0 0 0 0 0 0 
0.182 0.067933 0.114067 0.0352209 0.0327121 0 0 0 0 0 0 0 0 0 0 
0.181 0.06758 0.11342 0.0350379 0.0325421 0 0 0 0 0 0 0 0 0 0 
0.18 0.0672268 0.112773 0.0348549 0.0323719 0 0 0 0 0 0 0 0 0 0 
0.179 0.0668734 0.112127 0.0346718 0.0322017 0 0 0 0 0 0 0 0 0 0 
0.178 0.0665199 0.11148 0.0344885 0.0320314 0 0 0 0 0 0 0 0 0 0 
0.177 0.0661661 0.110834 0.0343052 0.031861 0 0 0 0 0 0 0 0 0 0 
0.176 0.0658122 0.110188 0.0341217 0.0316905 0 0 0 0 0 0 0 0 0 0 
0.175 0.0654581 0.109542 0.0339382 0.0315199 0 0 0 0 0 0 0 0 0 0 
0.174 0.0651037 0.108896 0.0337545 0.0313492 0 0 0 0 0 0 0 0 0 0 
0.173 0.0647492 0.108251 0.0335708 0.0311784 0 0 0 0 0 0 0 0 0 0 
0.172 0.0643945 0.107605 0.033387 0.0310076 0 0 0 0 0 0 0 0 0 0 
0.171 0.0640396 0.10696 0.033203 0.0308366 0 0 0 0 0 0 0 0 0 0 
0.17 0.0636845 0.106315 0.033019 0.0306656 0 0 0 0 0 0 0 0 0 0 
0.169 0.0633292 0.105671 0.0328348 0.0304944 0 0 0 0 0 0 0 0 0 0 
0.168 0.0629738 0.105026 0.0326506 0.0303232 0 0 0 0 0 0 0 0 0 0 
0.167 0.0626181 0.104382 0.0324662 0.0301519 0 0 0 0 0 0 0 0 0 0 
0.166 0.0622622 0.103738 0.0322818 0.0299804 0 0 0 0 0 0 0 0 0 0 
0.165 0.0619061 0.103094 0.0320972 0.0298089 0 0 0 0 0 0 0 0 0 0 
0.164 0.0615499 0.10245 0.0319126 0.0296373 0 0 0 0 0 0 0 0 0 0 
0.163 0.0611934 0.101807 0.0317278 0.0294656 0 0 0 0 0 0 0 0 0 0 
0.162 0.0608367 0.101163 0.0315429 0.0292938 0 0 0 0 0 0 0 0 0 0 
0.161 0.0604799 0.10052 0.031358 0.0291219 0 0 0 0 0 0 0 0 0 0 
0.16 0.0601228 0.0998772 0.0311729 0.0289499 0 0 0 0 0 0 0 0 0 0 
0.159 0.0597656 0.0992344 0.0309877 0.0287779 0 0 0 0 0 0 0 0 0 0 
0.158 0.0594081 0.0985919 0.0308024 0.0286057 0 0 0 0 0 0 0 0 0 0 
0.157 0.0590505 0.0979495 0.030617 0.0284334 0 0 0 0 0 0 0 0 0 0 
0.156 0.0586926 0.0973074 0.0304315 0.0282611 0 0 0 0 0 0 0 0 0 0 
0.155 0.0583345 0.0966655 0.0302459 0.0280886 0 0 0 0 0 0 0 0 0 0 
0.154 0.0579763 0.0960237 0.0300602 0.027916 0 0 0 0 0 0 0 0 0 0 
0.153 0.0576178 0.0953822 0.0298744 0.0277434 0 0 0 0 0 0 0 0 0 0 
0.152 0.0572592 0.0947408 0.0296885 0.0275706 0 0 0 0 0 0 0 0 0 0 
0.151 0.0569003 0.0940997 0.0295025 0.0273978 0 0 0 0 0 0 0 0 0 0 
0.15 0.0565412 0.0934588 0.0293164 0.0272248 0 0 0 0 0 0 0 0 0 0 
0.149 0.056182 0.092818 0.0291302 0.0270518 0 0 0 0 0 0 0 0 0 0 
0.148 0.0558225 0.0921775 0.0289438 0.0268787 0 0 0 0 0 0 0 0 0 0 
0.147 0.0554628 0.0915372 0.0287574 0.0267054 0 0 0 0 0 0 0 0 0 0 
0.146 0.0551029 0.0908971 0.0285708 0.0265321 0 0 0 0 0 0 0 0 0 0 
0.145 0.0547429 0.0902571 0.0283842 0.0263587 0 0 0 0 0 0 0 0 0 0 
0.144 0.0543826 0.0896174 0.0281974 0.0261852 0 0 0 0 0 0 0 0 0 0 
0.143 0.0540221 0.0889779 0.0280105 0.0260115 0 0 0 0 0 0 0 0 0 0 
0.142 0.0536614 0.0883386 0.0278236 0.0258378 0 0 0 0 0 0 0 0 0 0 
0.141 0.0533005 0.0876995 0.0276365 0.025664 0 0 0 0 0 0 0 0 0 0 
0.14 0.0529394 0.0870606 0.0274493 0.0254901 0 0 0 0 0 0 0 0 0 0 
0.139 0.0525781 0.0864219 0.027262 0.0253161 0 0 0 0 0 0 0 0 0 0 
0.138 0.0522166 0.0857834 0.0270746 0.025142 0 0 0 0 0 0 0 0 0 0 
0.137 0.0518549 0.0851451 0.0268871 0.0249678 0 0 0 0 0 0 0 0 0 0 
0.136 0.0514929 0.0845071 0.0266995 0.0247935 0 0 0 0 0 0 0 0 0 0 
0.135 0.0511308 0.0838692 0.0265117 0.0246191 0 0 0 0 0 0 0 0 0 0 
0.134 0.0507685 0.0832315 0.0263239 0.0244446 0 0 0 0 0 0 0 0 0 0 
0.133 0.0504059 0.0825941 0.026136 0.02427 0 0 0 0 0 0 0 0 0 0 
0.132 0.0500432 0.0819568 0.0259479 0.0240953 0 0 0 0 0 0 0 0 0 0 
0.131 0.0496802 0.0813198 0.0257598 0.0239205 0 0 0 0 0 0 0 0 0 0 
0.13 0.0493171 0.0806829 0.0255715 0.0237456 0 0 0 0 0 0 0 0 0 0 
0.129 0.0489537 0.0800463 0.0253831 0.0235706 0 0 0 0 0 0 0 0 0 0 
0.128 0.0485901 0.0794099 0.0251947 0.0233955 0 0 0 0 0 0 0 0 0 0 
0.127 0.0482264 0.0787736 0.0250061 0.0232203 0 0 0 0 0 0 0 0 0 0 
0.126 0.0478624 0.0781376 0.0248174 0.023045 0 0 0 0 0 0 0 0 0 0 
0.125 0.0474982 0.0775018 0.0246286 0.0228696 0 0 0 0 0 0 0 0 0 0 
0.124 0.0471338 0.0768662 0.0244397 0.0226941 0 0 0 0 0 0 0 0 0 0 
0.123 0.0467692 0.0762308 0.0242506 0.0225185 0 0 0 0 0 0 0 0 0 0 
0.122 0.0464044 0.0755956 0.0240615 0.0223429 0 0 0 0 0 0 0 0 0 0 
0.121 0.0460394 0.0749606 0.0238723 0.0221671 0 0 0 0 0 0 0 0 0 0 
0.12 0.0456742 0.0743258 0.023683 0.0219912 0 0 0 0 0 0 0 0 0 0 
0.119 0.0453087 0.0736913 0.0234935 0.0218152 0 0 0 0 0 0 0 0 0 0 
0.118 0.0449431 0.0730569 0.0233039 0.0216391 0 0 0 0 0 0 0 0 0 0 
0.117 0.0445773 0.0724227 0.0231143 0.021463 0 0 0 0 0 0 0 0 0 0 
0.116 0.0442112 0.0717888 0.0229245 0.0212867 0 0 0 0 0 0 0 0 0 0 
0.115 0.043845 0.071155 0.0227346 0.0211103 0 0 0 0 0 0 0 0 0 0 
0.114 0.0434785 0.0705215 0.0225447 0.0209339 0 0 0 0 0 0 0 0 0 0 
0.113 0.0431118 0.0698882 0.0223546 0.0207573 0 0 0 0 0 0 0 0 0 0 
0.112 0.042745 0.069255 0.0221644 0.0205806 0 0 0 0 0 0 0 0 0 0 
0.111 0.0423779 0.0686221 0.021974 0.0204039 0 0 0 0 0 0 0 0 0 0 
0.11 0.0420106 0.0679894 0.0217836 0.020227 0 0 0 0 0 0 0 0 0 0 
0.109 0.0416431 0.0673569 0.0215931 0.02005 0 0 0 0 0 0 0 0 0 0 
0.108 0.0412755 0.0667245 0.0214025 0.019873 0 0 0 0 0 0 0 0 0 0 
0.107 0.0409076 0.0660924 0.0212117 0.0196958 0 0 0 0 0 0 0 0 0 0 
0.106 0.0405395 0.0654605 0.0210209 0.0195186 0 0 0 0 0 0 0 0 0 0 
0.105 0.0401712 0.0648288 0.02083 0.0193412 0 0 0 0 0 0 0 0 0 0 
0.104 0.0398027 0.0641973 0.0206389 0.0191638 0 0 0 0 0 0 0 0 0 0 
0.103 0.0394339 0.0635661 0.0204477 0.0189862 0 0 0 0 0 0 0 0 0 0 
0.102 0.039065 0.062935 0.0202565 0.0188086 0 0 0 0 0 0 0 0 0 0 
0.101 0.0386959 0.0623041 0.0200651 0.0186308 0 0 0 0 0 0 0 0 0 0 
0.1 0.0383266 0.0616734 0.0198736 0.018453 0 0 0 0 0 0 0 0 0 0 
0.099 0.0379571 0.0610429 0.019682 0.018275 0 0 0 0 0 0 0 0 0 0 
0.098 0.0375873 0.0604127 0.0194903 0.018097 0 0 0 0 0 0 0 0 0 0 
0.097 0.0372174 0.0597826 0.0192985 0.0179189 0 0 0 0 0 0 0 0 0 0 
0.096 0.0368472 0.0591528 0.0191066 0.0177406 0 0 0 0 0 0 0 0 0 0 
0.095 0.0364769 0.0585231 0.0189146 0.0175623 0 0 0 0 0 0 0 0 0 0 
0.094 0.0361064 0.0578936 0.0187225 0.0173839 0 0 0 0 0 0 0 0 0 0 
0.093 0.0357356 0.0572644 0.0185303 0.0172054 0 0 0 0 0 0 0 0 0 0 
0.092 0.0353647 0.0566353 0.0183379 0.0170267 0 0 0 0 0 0 0 0 0 0 
0.091 0.0349935 0.0560065 0.0181455 0.016848 0 0 0 0 0 0 0 0 0 0 
0.09 0.0346222 0.0553778 0.0179529 0.0166692 0 0 0 0 0 0 0 0 0 0 
0.089 0.0342506 0.0547494 0.0177603 0.0164903 0 0 0 0 0 0 0 0 0 0 
0.088 0.0338788 0.0541212 0.0175675 0.0163113 0 0 0 0 0 0 0 0 0 0 
0.087 0.0335069 0.0534931 0.0173747 0.0161322 0 0 0 0 0 0 0 0 0 0 
0.086 0.0331347 0.0528653 0.0171817 0.015953 0 0 0 0 0 0 0 0 0 0 
0.085 0.0327623 0.0522377 0.0169886 0.0157737 0 0 0 0 0 0 0 0 0 0 
0.084 0.0323898 0.0516102 0.0167955 0.0155943 0 0 0 0 0 0 0 0 0 0 
0.083 0.032017 0.050983 0.0166022 0.0154148 0 0 0 0 0 0 0 0 0 0 
0.082 0.031644 0.050356 0.0164088 0.0152352 0 0 0 0 0 0 0 0 0 0 
0.081 0.0312708 0.0497292 0.0162153 0.0150555 0 0 0 0 0 0 0 0 0 0 
0.08 0.0308975 0.0491025 0.0160217 0.0148757 0 0 0 0 0 0 0 0 0 0 
0.079 0.0305239 0.0484761 0.015828 0.0146959 0 0 0 0 0 0 0 0 0 0 
0.078 0.0301501 0.0478499 0.0156342 0.0145159 0 0 0 0 0 0 0 0 0 0 
0.077 0.0297761 0.0472239 0.0154403 0.0143358 0 0 0 0 0 0 0 0 0 0 
0.076 0.0294019 0.0465981 0.0152463 0.0141557 0 0 0 0 0 0 0 0 0 0 
0.075 0.0290275 0.0459725 0.0150521 0.0139754 0 0 0 0 0 0 0 0 0 0 
0.074 0.0286529 0.0453471 0.0148579 0.013795 0 0 0 0 0 0 0 0 0 0 
0.073 0.0282781 0.0447219 0.0146636 0.0136146 0 0 0 0 0 0 0 0 0 0 
0.072 0.0279031 0.0440969 0.0144691 0.013434 0 0 0 0 0 0 0 0 0 0 
0.071 0.0275279 0.0434721 0.0142746 0.0132533 0 0 0 0 0 0 0 0 0 0 
0.07 0.0271525 0.0428475 0.0140799 0.0130726 0 0 0 0 0 0 0 0 0 0 
0.069 0.0267769 0.0422231 0.0138851 0.0128917 0 0 0 0 0 0 0 0 0 0 
0.068 0.026401 0.041599 0.0136903 0.0127108 0 0 0 0 0 0 0 0 0 0 
0.067 0.026025 0.040975 0.0134953 0.0125297 0 0 0 0 0 0 0 0 0 0 
0.066 0.0256488 0.0403512 0.0133002 0.0123486 0 0 0 0 0 0 0 0 0 0 
0.065 0.0252723 0.0397277 0.013105 0.0121673 0 0 0 0 0 0 0 0 0 0 
0.064 0.0248957 0.0391043 0.0129097 0.011986 0 0 0 0 0 0 0 0 0 0 
0.063 0.0245188 0.0384812 0.0127143 0.0118045 0 0 0 0 0 0 0 0 0 0 
0.062 0.0241417 0.0378583 0.0125187 0.011623 0 0 0 0 0 0 0 0 0 0 
0.061 0.0237644 0.0372356 0.0123231 0.0114413 0 0 0 0 0 0 0 0 0 0 
0.06 0.0233869 0.0366131 0.0121274 0.0112595 0 0 0 0 0 0 0 0 0 0 
0.059 0.0230092 0.0359908 0.0119315 0.0110777 0 0 0 0 0 0 0 0 0 0 
0.058 0.0226312 0.0353688 0.0117355 0.0108957 0 0 0 0 0 0 0 0 0 0 
0.057 0.0222531 0.0347469 0.0115394 0.0107136 0 0 0 0 0 0 0 0 0 0 
0.056 0.0218747 0.0341253 0.0113432 0.0105315 0 0 0 0 0 0 0 0 0 0 
0.055 0.0214961 0.0335039 0.0111469 0.0103492 0 0 0 0 0 0 0 0 0 0 
0.054 0.0211173 0.0328827 0.0109505 0.0101668 0 0 0 0 0 0 0 0 0 0 
0.053 0.0207382 0.0322618 0.0107539 0.0099843 0 0 0 0 0 0 0 0 0 0 
0.052 0.020359 0.031641 0.0105573 0.00980169 0 0 0 0 0 0 0 0 0 0 
0.051 0.0199795 0.0310205 0.0103605 0.00961898 0 0 0 0 0 0 0 0 0 0 
0.05 0.0195997 0.0304003 0.0101636 0.00943615 0 0 0 0 0 0 0 0 0 0 
0.049 0.0192198 0.0297802 0.00996655 0.00925321 0 0 0 0 0 0 0 0 0 0 
0.048 0.0188395 0.0291605 0.00976939 0.00907015 0 0 0 0 0 0 0 0 0 0 
0.047 0.0184591 0.0285409 0.00957211 0.00888698 0 0 0 0 0 0 0 0 0 0 
0.046 0.0180784 0.0279216 0.0093747 0.00870369 0 0 0 0 0 0 0 0 0 0 
0.045 0.0176974 0.0273026 0.00917716 0.00852028 0 0 0 0 0 0 0 0 0 0 
0.044 0.0173162 0.0266838 0.00897949 0.00833674 0 0 0 0 0 0 0 0 0 0 
0.043 0.0169348 0.0260652 0.00878168 0.00815309 0 0 0 0 0 0 0 0 0 0 
0.042 0.016553 0.025447 0.00858374 0.00796931 0 0 0 0 0 0 0 0 0 0 
0.041 0.0161711 0.0248289 0.00838566 0.00778539 0 0 0 0 0 0 0 0 0 0 
0.04 0.0157888 0.0242112 0.00818744 0.00760135 0 0 0 0 0 0 0 0 0 0 
0.039 0.0154062 0.0235938 0.00798907 0.00741717 0 0 0 0 0 0 0 0 0 0 
0.038 0.0150234 0.0229766 0.00779055 0.00723286 0 0 0 0 0 0 0 0 0 0 
0.037 0.0146403 0.0223597 0.00759188 0.0070484 0 0 0 0 0 0 0 0 0 0 
0.036 0.0142569 0.0217431 0.00739305 0.00686381 0 0 0 0 0 0 0 0 0 0 
0.035 0.0138731 0.0211269 0.00719407 0.00667906 0 0 0 0 0 0 0 0 0 0 
0.034 0.0134891 0.0205109 0.00699492 0.00649416 0 0 0 0 0 0 0 0 0 0 
0.033 0.0131047 0.0198953 0.00679559 0.0063091 0 0 0 0 0 0 0 0 0 0 
0.032 0.01272 0.01928 0.0065961 0.00612388 0 0 0 0 0 0 0 0 0 0 
0.031 0.0123349 0.0186651 0.00639642 0.00593849 0 0 0 0 0 0 0 0 0 0 
0.03 0.0119495 0.0180505 0.00619656 0.00575293 0 0 0 0 0 0 0 0 0 0 
0.029 0.0115637 0.0174363 0.0059965 0.0055672 0 0 0 0 0 0 0 0 0 0 
0.028 0.0111775 0.0168225 0.00579625 0.00538127 0 0 0 0 0 0 0 0 0 0 
0.027 0.0107909 0.0162091 0.00559578 0.00519515 0 0 0 0 0 0 0 0 0 0 
0.026 0.0104039 0.0155961 0.0053951 0.00500883 0 0 0 0 0 0 0 0 0 0 
0.025 0.0100165 0.0149835 0.00519418 0.0048223 0 0 0 0 0 0 0 0 0 0 
0.024 0.00962859 0.0143714 0.00499304 0.00463555 0 0 0 0 0 0 0 0 0 0 
0.023 0.00924021 0.0137598 0.00479164 0.00444857 0 0 0 0 0 0 0 0 0 0 
0.022 0.00885133 0.0131487 0.00458998 0.00426135 0 0 0 0 0 0 0 0 0 0 
0.021 0.00846191 0.0125381 0.00438804 0.00407387 0 0 0 0 0 0 0 0 0 0 
0.02 0.00807194 0.0119281 0.00418582 0.00388612 0 0 0 0 0 0 0 0 0 0 
0.019 0.00768137 0.0113186 0.00398328 0.00369808 0 0 0 0 0 0 0 0 0 0 
0.018 0.00729017 0.0107098 0.00378042 0.00350975 0 0 0 0 0 0 0 0 0 0 
0.017 0.00689829 0.0101017 0.00357721 0.00332108 0 0 0 0 0 0 0 0 0 0 
0.016 0.00650569 0.00949431 0.00337362 0.00313207 0 0 0 0 0 0 0 0 0 0 
0.015 0.00611232 0.00888768 0.00316963 0.00294269 0 0 0 0 0 0 0 0 0 0 
0.014 0.00571811 0.00828189 0.00296521 0.0027529 0 0 0 0 0 0 0 0 0 0 
0.013 0.00532299 0.00767701 0.00276032 0.00256267 0 0 0 0 0 0 0 0 0 0 
0.012 0.00492688 0.00707312 0.00255491 0.00237197 0 0 0 0 0 0 0 0 0 0 
0.011 0.00452968 0.00647032 0.00234893 0.00218075 0 0 0 0 0 0 0 0 0 0 
0.01 0.00413128 0.00586873 0.00214234 0.00198894 0 0 0 0 0 0 0 0 0 0 
0.009 0.00373153 0.00526848 0.00193504 0.00179649 0 0 0 0 0 0 0 0 0 0 
0.008 0.00333026 0.00466975 0.00172696 0.0016033 0 0 0 0 0 0 0 0 0 0 
0.007 0.00292726 0.00407275 0.00151797 0.00140928 0 0 0 0 0 0 0 0 0 0 
0.006 0.00252225 0.00347776 0.00130795 0.00121429 0 0 0 0 0 0 0 0 0 0 
0.005 0.00211484 0.00288516 0.00109668 0.00101816 0 0 0 0 0 0 0 0 0 0 
0.004 0.00170454 0.00229546 0.000883914 0.000820622 0 0 0 0 0 0 0 0 0 0 
0.003 0.00129054 0.00170946 0.000669228 0.000621309 0 0 0 0 0 0 0 0 0 0 
0.002 0.000871538 0.00112846 0.00045195 0.000419588 0 0 0 0 0 0 0 0 0 0 
0.001 0.000444882 0.000555118 0.0002307 0.000214181 0 0 0 0 0 0 0 0 0 0 
