1 0.21386 0.371547 0.0806695 0.0750415 0.356444 0 0 0.0131689 0 0.0449801 0 0 0 0 
0.999 0.213691 0.371389 0.0806996 0.0750696 0.355997 0 0 0.0130572 0 0.044865 0 0 0 0 
0.998 0.213523 0.371232 0.0807297 0.0750977 0.35555 0 0 0.0129457 0 0.0447497 0 0 0 0 
0.997 0.213354 0.371074 0.0807598 0.0751258 0.355103 0 0 0.0128344 0 0.0446342 0 0 0 0 
0.996 0.213186 0.370917 0.0807899 0.0751539 0.354655 0 0 0.0127233 0 0.0445186 0 0 0 0 
0.995 0.213017 0.37076 0.08082 0.075182 0.354208 0 0 0.0126125 0 0.0444028 0 0 0 0 
0.994 0.212849 0.370602 0.0808501 0.0752101 0.35376 0 0 0.0125018 0 0.0442869 0 0 0 0 
0.993 0.212681 0.370445 0.0808802 0.0752382 0.353312 0 0 0.0123914 0 0.0441708 0 0 0 0 
0.992 0.212512 0.370288 0.0809103 0.0752663 0.352864 0 0 0.0122812 0 0.0440546 0 0 0 0 
0.991 0.212344 0.37013 0.0809404 0.0752944 0.352416 0 0 0.0121712 0 0.0439382 0 0 0 0 
0.99 0.212176 0.369973 0.0809705 0.0753225 0.351968 0 0 0.0120614 0 0.0438217 0 0 0 0 
0.989 0.212008 0.369816 0.0810005 0.0753506 0.351519 0 0 0.0119518 0 0.043705 0 0 0 0 
0.988 0.21184 0.369659 0.0810306 0.0753787 0.351071 0 0 0.0118424 0 0.0435882 0 0 0 0 
0.987 0.211672 0.369502 0.0810607 0.0754067 0.350622 0 0 0.0117333 0 0.0434712 0 0 0 0 
0.986 0.211504 0.369344 0.0810907 0.0754348 0.350173 0 0 0.0116243 0 0.043354 0 0 0 0 
0.985 0.211336 0.369187 0.0811208 0.0754629 0.349724 0 0 0.0115156 0 0.0432367 0 0 0 0 
0.984 0.211168 0.36903 0.0811509 0.0754909 0.349275 0 0 0.0114072 0 0.0431192 0 0 0 0 
0.983 0.211 0.368873 0.0811809 0.075519 0.348826 0 0 0.0112989 0 0.0430016 0 0 0 0 
0.982 0.210833 0.368716 0.0812109 0.075547 0.348377 0 0 0.0111909 0 0.0428838 0 0 0 0 
0.981 0.210665 0.368559 0.081241 0.0755751 0.347927 0 0 0.0110831 0 0.0427659 0 0 0 0 
0.98 0.210497 0.368402 0.081271 0.0756031 0.347477 0 0 0.0109755 0 0.0426478 0 0 0 0 
0.979 0.21033 0.368245 0.081301 0.0756311 0.347027 0 0 0.0108682 0 0.0425295 0 0 0 0 
0.978 0.210162 0.368088 0.0813311 0.0756592 0.346577 0 0 0.0107611 0 0.0424111 0 0 0 0 
0.977 0.209995 0.367931 0.0813611 0.0756872 0.346127 0 0 0.0106542 0 0.0422925 0 0 0 0 
0.976 0.209828 0.367774 0.0813911 0.0757152 0.345677 0 0 0.0105476 0 0.0421737 0 0 0 0 
0.975 0.20966 0.367617 0.0814211 0.0757432 0.345226 0 0 0.0104412 0 0.0420548 0 0 0 0 
0.974 0.209493 0.367461 0.081451 0.0757712 0.344776 0 0 0.010335 0 0.0419357 0 0 0 0 
0.973 0.209326 0.367304 0.081481 0.0757992 0.344325 0 0 0.0102291 0 0.0418165 0 0 0 0 
0.972 0.209159 0.367147 0.081511 0.0758272 0.343874 0 0 0.0101234 0 0.0416971 0 0 0 0 
0.971 0.208992 0.36699 0.0815409 0.0758551 0.343423 0 0 0.010018 0 0.0415775 0 0 0 0 
0.97 0.208824 0.366833 0.0815709 0.0758831 0.342972 0 0 0.00991279 0 0.0414577 0 0 0 0 
0.969 0.208658 0.366676 0.0816008 0.0759111 0.34252 0 0 0.00980785 0 0.0413378 0 0 0 0 
0.968 0.208491 0.36652 0.0816307 0.075939 0.342069 0 0 0.00970316 0 0.0412177 0 0 0 0 
0.967 0.208324 0.366363 0.0816606 0.0759669 0.341617 0 0 0.00959871 0 0.0410975 0 0 0 0 
0.966 0.208157 0.366206 0.0816905 0.0759948 0.341165 0 0 0.00949452 0 0.040977 0 0 0 0 
0.965 0.20799 0.366049 0.0817204 0.0760227 0.340713 0 0 0.00939059 0 0.0408564 0 0 0 0 
0.964 0.207824 0.365893 0.0817503 0.0760506 0.340261 0 0 0.00928691 0 0.0407357 0 0 0 0 
0.963 0.207657 0.365736 0.0817802 0.0760785 0.339809 0 0 0.00918348 0 0.0406147 0 0 0 0 
0.962 0.20749 0.365579 0.08181 0.0761064 0.339356 0 0 0.00908032 0 0.0404936 0 0 0 0 
0.961 0.207324 0.365423 0.0818398 0.0761342 0.338904 0 0 0.00897742 0 0.0403723 0 0 0 0 
0.96 0.207157 0.365266 0.0818697 0.0761621 0.338451 0 0 0.00887478 0 0.0402508 0 0 0 0 
0.959 0.206991 0.365109 0.0818995 0.0761899 0.337998 0 0 0.00877241 0 0.0401292 0 0 0 0 
0.958 0.206825 0.364953 0.0819292 0.0762177 0.337545 0 0 0.00867031 0 0.0400074 0 0 0 0 
0.957 0.206658 0.364796 0.081959 0.0762455 0.337092 0 0 0.00856847 0 0.0398854 0 0 0 0 
0.956 0.206492 0.364639 0.0819888 0.0762733 0.336638 0 0 0.00846691 0 0.0397632 0 0 0 0 
0.955 0.206326 0.364483 0.0820185 0.0763011 0.336185 0 0 0.00836562 0 0.0396408 0 0 0 0 
0.954 0.20616 0.364326 0.0820482 0.0763288 0.335731 0 0 0.00826461 0 0.0395183 0 0 0 0 
0.953 0.205994 0.364169 0.0820779 0.0763566 0.335277 0 0 0.00816388 0 0.0393955 0 0 0 0 
0.952 0.205828 0.364013 0.0821076 0.0763843 0.334823 0 0 0.00806343 0 0.0392726 0 0 0 0 
0.951 0.205662 0.363856 0.0821373 0.076412 0.334369 0 0 0.00796326 0 0.0391495 0 0 0 0 
0.95 0.205496 0.363699 0.0821669 0.0764397 0.333915 0 0 0.00786337 0 0.0390262 0 0 0 0 
0.949 0.20533 0.363543 0.0821965 0.0764673 0.33346 0 0 0.00776378 0 0.0389028 0 0 0 0 
0.948 0.205165 0.363386 0.0822261 0.076495 0.333006 0 0 0.00766447 0 0.0387791 0 0 0 0 
0.947 0.204999 0.36323 0.0822557 0.0765226 0.332551 0 0 0.00756546 0 0.0386553 0 0 0 0 
0.946 0.204833 0.363073 0.0822853 0.0765502 0.332096 0 0 0.00746674 0 0.0385312 0 0 0 0 
0.945 0.204668 0.362916 0.0823148 0.0765778 0.33164 0 0 0.00736832 0 0.038407 0 0 0 0 
0.944 0.204502 0.36276 0.0823443 0.0766053 0.331185 0 0 0.0072702 0 0.0382826 0 0 0 0 
0.943 0.204337 0.362603 0.0823738 0.0766329 0.33073 0 0 0.00717238 0 0.038158 0 0 0 0 
0.942 0.204172 0.362446 0.0824033 0.0766604 0.330274 0 0 0.00707486 0 0.0380332 0 0 0 0 
0.941 0.204006 0.36229 0.0824327 0.0766879 0.329818 0 0 0.00697766 0 0.0379082 0 0 0 0 
0.94 0.203841 0.362133 0.0824621 0.0767153 0.329362 0 0 0.00688077 0 0.037783 0 0 0 0 
0.939 0.203676 0.361976 0.0824915 0.0767428 0.328906 0 0 0.00678418 0 0.0376576 0 0 0 0 
0.938 0.203511 0.36182 0.0825209 0.0767702 0.32845 0 0 0.00668792 0 0.037532 0 0 0 0 
0.937 0.203346 0.361663 0.0825502 0.0767976 0.327993 0 0 0.00659198 0 0.0374062 0 0 0 0 
0.936 0.203181 0.361506 0.0825795 0.076825 0.327536 0 0 0.00649636 0 0.0372802 0 0 0 0 
0.935 0.203016 0.361349 0.0826088 0.0768523 0.327079 0 0 0.00640106 0 0.037154 0 0 0 0 
0.934 0.202851 0.361193 0.082638 0.0768796 0.326622 0 0 0.00630609 0 0.0370276 0 0 0 0 
0.933 0.202687 0.361036 0.0826672 0.0769069 0.326165 0 0 0.00621146 0 0.036901 0 0 0 0 
0.932 0.202522 0.360879 0.0826964 0.0769341 0.325708 0 0 0.00611716 0 0.0367742 0 0 0 0 
0.931 0.202357 0.360722 0.0827256 0.0769614 0.32525 0 0 0.00602319 0 0.0366471 0 0 0 0 
0.93 0.202193 0.360565 0.0827547 0.0769886 0.324792 0 0 0.00592957 0 0.0365199 0 0 0 0 
0.929 0.202028 0.360409 0.0827838 0.0770157 0.324334 0 0 0.0058363 0 0.0363924 0 0 0 0 
0.928 0.201864 0.360252 0.0828128 0.0770428 0.323876 0 0 0.00574337 0 0.0362648 0 0 0 0 
0.927 0.201699 0.360095 0.0828418 0.0770699 0.323418 0 0 0.0056508 0 0.0361369 0 0 0 0 
0.926 0.201535 0.359938 0.0828708 0.077097 0.32296 0 0 0.00555858 0 0.0360088 0 0 0 0 
0.925 0.201371 0.359781 0.0828998 0.077124 0.322501 0 0 0.00546672 0 0.0358805 0 0 0 0 
0.924 0.201207 0.359624 0.0829287 0.077151 0.322042 0 0 0.00537522 0 0.0357519 0 0 0 0 
0.923 0.201043 0.359467 0.0829575 0.077178 0.321583 0 0 0.0052841 0 0.0356232 0 0 0 0 
0.922 0.200879 0.35931 0.0829863 0.0772049 0.321124 0 0 0.00519334 0 0.0354942 0 0 0 0 
0.921 0.200715 0.359153 0.0830151 0.0772318 0.320665 0 0 0.00510296 0 0.035365 0 0 0 0 
0.92 0.200551 0.358995 0.0830439 0.0772586 0.320205 0 0 0.00501296 0 0.0352356 0 0 0 0 
0.919 0.200387 0.358838 0.0830726 0.0772854 0.319745 0 0 0.00492334 0 0.0351059 0 0 0 0 
0.918 0.200223 0.358681 0.0831012 0.0773122 0.319285 0 0 0.00483411 0 0.034976 0 0 0 0 
0.917 0.20006 0.358524 0.0831298 0.0773389 0.318825 0 0 0.00474527 0 0.0348459 0 0 0 0 
0.916 0.199896 0.358367 0.0831584 0.0773656 0.318365 0 0 0.00465683 0 0.0347155 0 0 0 0 
0.915 0.199733 0.358209 0.0831869 0.0773922 0.317904 0 0 0.00456879 0 0.0345849 0 0 0 0 
0.914 0.199569 0.358052 0.0832154 0.0774188 0.317444 0 0 0.00448116 0 0.0344541 0 0 0 0 
0.913 0.199406 0.357894 0.0832438 0.0774453 0.316983 0 0 0.00439394 0 0.034323 0 0 0 0 
0.912 0.199243 0.357737 0.0832722 0.0774718 0.316522 0 0 0.00430714 0 0.0341916 0 0 0 0 
0.911 0.19908 0.357579 0.0833005 0.0774983 0.31606 0 0 0.00422075 0 0.0340601 0 0 0 0 
0.91 0.198916 0.357422 0.0833287 0.0775246 0.315599 0 0 0.0041348 0 0.0339282 0 0 0 0 
0.909 0.198753 0.357264 0.0833569 0.077551 0.315137 0 0 0.00404928 0 0.0337962 0 0 0 0 
0.908 0.19859 0.357106 0.0833851 0.0775773 0.314675 0 0 0.00396419 0 0.0336638 0 0 0 0 
0.907 0.198428 0.356948 0.0834132 0.0776035 0.314213 0 0 0.00387955 0 0.0335312 0 0 0 0 
0.906 0.198265 0.356791 0.0834412 0.0776297 0.313751 0 0 0.00379536 0 0.0333984 0 0 0 0 
0.905 0.198102 0.356633 0.0834692 0.0776558 0.313288 0 0 0.00371163 0 0.0332653 0 0 0 0 
0.904 0.197939 0.356475 0.0834971 0.0776819 0.312826 0 0 0.00362835 0 0.0331319 0 0 0 0 
0.903 0.197777 0.356317 0.083525 0.0777079 0.312363 0 0 0.00354555 0 0.0329983 0 0 0 0 
0.902 0.197614 0.356159 0.0835528 0.0777339 0.3119 0 0 0.00346322 0 0.0328644 0 0 0 0 
0.901 0.197452 0.356 0.0835805 0.0777598 0.311436 0 0 0.00338137 0 0.0327302 0 0 0 0 
0.9 0.19729 0.355842 0.0836082 0.0777856 0.310973 0 0 0.00330001 0 0.0325957 0 0 0 0 
0.899 0.197127 0.355684 0.0836358 0.0778114 0.310509 0 0 0.00321915 0 0.032461 0 0 0 0 
0.898 0.196965 0.355525 0.0836633 0.0778371 0.310045 0 0 0.00313879 0 0.032326 0 0 0 0 
0.897 0.196803 0.355367 0.0836907 0.0778627 0.309581 0 0 0.00305894 0 0.0321907 0 0 0 0 
0.896 0.196641 0.355208 0.0837181 0.0778883 0.309116 0 0 0.00297961 0 0.0320551 0 0 0 0 
0.895 0.196479 0.355049 0.0837454 0.0779138 0.308652 0 0 0.0029008 0 0.0319192 0 0 0 0 
0.894 0.196317 0.35489 0.0837726 0.0779392 0.308187 0 0 0.00282253 0 0.031783 0 0 0 0 
0.893 0.196156 0.354731 0.0837998 0.0779646 0.307722 0 0 0.00274481 0 0.0316465 0 0 0 0 
0.892 0.195994 0.354572 0.0838269 0.0779899 0.307256 0 0 0.00266764 0 0.0315097 0 0 0 0 
0.891 0.195832 0.354413 0.0838538 0.0780151 0.306791 0 0 0.00259103 0 0.0313726 0 0 0 0 
0.89 0.195671 0.354254 0.0838807 0.0780402 0.306325 0 0 0.00251499 0 0.0312351 0 0 0 0 
0.889 0.19551 0.354094 0.0839075 0.0780652 0.305859 0 0 0.00243954 0 0.0310974 0 0 0 0 
0.888 0.195348 0.353935 0.0839343 0.0780902 0.305393 0 0 0.00236467 0 0.0309593 0 0 0 0 
0.887 0.195187 0.353775 0.0839609 0.078115 0.304926 0 0 0.00229041 0 0.0308209 0 0 0 0 
0.886 0.195026 0.353615 0.0839874 0.0781398 0.30446 0 0 0.00221677 0 0.0306822 0 0 0 0 
0.885 0.194865 0.353455 0.0840138 0.0781645 0.303993 0 0 0.00214375 0 0.0305431 0 0 0 0 
0.884 0.194704 0.353295 0.0840402 0.0781891 0.303525 0 0 0.00207137 0 0.0304037 0 0 0 0 
0.883 0.194544 0.353135 0.0840664 0.0782136 0.303058 0 0 0.00199963 0 0.0302639 0 0 0 0 
0.882 0.194383 0.352975 0.0840925 0.078238 0.30259 0 0 0.00192857 0 0.0301238 0 0 0 0 
0.881 0.194222 0.352814 0.0841185 0.0782623 0.302122 0 0 0.00185818 0 0.0299833 0 0 0 0 
0.88 0.194062 0.352653 0.0841444 0.0782865 0.301654 0 0 0.00178848 0 0.0298425 0 0 0 0 
0.879 0.193901 0.352492 0.0841702 0.0783106 0.301185 0 0 0.00171948 0 0.0297012 0 0 0 0 
0.878 0.193741 0.352331 0.0841959 0.0783345 0.300717 0 0 0.00165121 0 0.0295596 0 0 0 0 
0.877 0.193581 0.35217 0.0842214 0.0783584 0.300248 0 0 0.00158368 0 0.0294176 0 0 0 0 
0.876 0.193421 0.352009 0.0842468 0.0783821 0.299778 0 0 0.0015169 0 0.0292752 0 0 0 0 
0.875 0.193261 0.351847 0.0842721 0.0784057 0.299309 0 0 0.00145089 0 0.0291324 0 0 0 0 
0.874 0.193101 0.351685 0.0842973 0.0784292 0.298839 0 0 0.00138568 0 0.0289891 0 0 0 0 
0.873 0.192942 0.351523 0.0843223 0.0784526 0.298369 0 0 0.00132128 0 0.0288455 0 0 0 0 
0.872 0.192782 0.351361 0.0843471 0.0784758 0.297898 0 0 0.00125772 0 0.0287014 0 0 0 0 
0.871 0.192623 0.351198 0.0843719 0.0784989 0.297427 0 0 0.00119501 0 0.0285568 0 0 0 0 
0.87 0.192463 0.351035 0.0843964 0.0785219 0.296956 0 0 0.00113317 0 0.0284118 0 0 0 0 
0.869 0.192304 0.350872 0.0844208 0.0785447 0.296485 0 0 0.00107225 0 0.0282663 0 0 0 0 
0.868 0.192145 0.350709 0.0844451 0.0785673 0.296013 0 0 0.00101225 0 0.0281204 0 0 0 0 
0.867 0.191986 0.350546 0.0844691 0.0785898 0.295541 0 0 0.000953215 0 0.0279739 0 0 0 0 
0.866 0.191827 0.350382 0.084493 0.0786121 0.295069 0 0 0.000895169 0 0.027827 0 0 0 0 
0.865 0.191669 0.350218 0.0845167 0.0786343 0.294596 0 0 0.000838145 0 0.0276795 0 0 0 0 
0.864 0.19151 0.350053 0.0845403 0.0786562 0.294123 0 0 0.000782179 0 0.0275315 0 0 0 0 
0.863 0.191352 0.349888 0.0845636 0.078678 0.29365 0 0 0.000727307 0 0.0273829 0 0 0 0 
0.862 0.191194 0.349723 0.0845867 0.0786996 0.293176 0 0 0.000673572 0 0.0272337 0 0 0 0 
0.861 0.191035 0.349558 0.0846096 0.078721 0.292702 0 0 0.000621017 0 0.0270839 0 0 0 0 
0.86 0.190878 0.349392 0.0846322 0.0787421 0.292228 0 0 0.000569692 0 0.0269335 0 0 0 0 
0.859 0.19072 0.349225 0.0846547 0.0787631 0.291753 0 0 0.000519648 0 0.0267825 0 0 0 0 
0.858 0.190562 0.349059 0.0846768 0.0787838 0.291277 0 0 0.000470945 0 0.0266308 0 0 0 0 
0.857 0.190405 0.348891 0.0846987 0.0788042 0.290802 0 0 0.000423648 0 0.0264783 0 0 0 0 
0.856 0.190248 0.348724 0.0847203 0.0788244 0.290326 0 0 0.000377829 0 0.0263251 0 0 0 0 
0.855 0.190091 0.348555 0.0847417 0.0788443 0.289849 0 0 0.000333571 0 0.0261712 0 0 0 0 
0.854 0.189934 0.348387 0.0847626 0.0788639 0.289372 0 0 0.000290967 0 0.0260164 0 0 0 0 
0.853 0.189777 0.348217 0.0847833 0.0788832 0.288895 0 0 0.000250125 0 0.0258607 0 0 0 0 
0.852 0.189621 0.348047 0.0848036 0.0789022 0.288417 0 0 0.000211169 0 0.0257041 0 0 0 0 
0.851 0.189465 0.347876 0.0848235 0.0789208 0.287938 0 0 0.000174249 0 0.0255464 0 0 0 0 
0.85 0.189309 0.347705 0.0848429 0.0789389 0.287459 0 0 0.000139545 0 0.0253877 0 0 0 0 
0.849 0.189154 0.347532 0.0848619 0.0789567 0.286979 0 0 0.000107283 0 0.0252277 0 0 0 0 
0.848 0.188998 0.347359 0.0848803 0.0789739 0.286499 0 0 7.77531e-05 0 0.0250664 0 0 0 0 
0.847 0.188843 0.347184 0.0848981 0.0789905 0.286018 0 0 5.1353e-05 0 0.0249035 0 0 0 0 
0.846 0.188689 0.347008 0.0849152 0.0790064 0.285536 0 0 2.867e-05 0 0.0247387 0 0 0 0 
0.845 0.188535 0.34683 0.0849313 0.0790214 0.285053 0 0 1.07134e-05 0 0.0245716 0 0 0 0 
0.844 0.188382 0.346649 0.0849458 0.0790351 0.284568 0 0 1.34091e-07 0 0.0244008 0 0 0 0 
0.843 0.18823 0.346464 0.0849583 0.0790467 0.284082 0 0 0 0 0.0242248 0 0 0 0 
0.842 0.188078 0.346279 0.0849707 0.0790583 0.283595 0 0 0 0 0.0240487 0 0 0 0 
0.841 0.187926 0.346094 0.0849832 0.0790699 0.283108 0 0 0 0 0.0238727 0 0 0 0 
0.84 0.187774 0.345909 0.0849956 0.0790815 0.28262 0 0 0 0 0.0236967 0 0 0 0 
0.839 0.187622 0.345725 0.085008 0.0790932 0.282133 0 0 0 0 0.0235208 0 0 0 0 
0.838 0.18747 0.34554 0.0850205 0.0791048 0.281645 0 0 0 0 0.0233449 0 0 0 0 
0.837 0.187318 0.345356 0.0850329 0.0791164 0.281157 0 0 0 0 0.0231691 0 0 0 0 
0.836 0.187167 0.345171 0.0850454 0.0791281 0.280669 0 0 0 0 0.0229933 0 0 0 0 
0.835 0.187015 0.344987 0.0850579 0.0791397 0.28018 0 0 0 0 0.0228176 0 0 0 0 
0.834 0.186864 0.344803 0.0850703 0.0791513 0.279692 0 0 0 0 0.0226419 0 0 0 0 
0.833 0.186712 0.344619 0.0850828 0.079163 0.279203 0 0 0 0 0.0224663 0 0 0 0 
0.832 0.186561 0.344435 0.0850953 0.0791746 0.278713 0 0 0 0 0.0222908 0 0 0 0 
0.831 0.186409 0.344251 0.0851077 0.0791863 0.278224 0 0 0 0 0.0221153 0 0 0 0 
0.83 0.186258 0.344068 0.0851202 0.0791979 0.277735 0 0 0 0 0.0219398 0 0 0 0 
0.829 0.186107 0.343884 0.0851327 0.0792096 0.277245 0 0 0 0 0.0217644 0 0 0 0 
0.828 0.185956 0.343701 0.0851452 0.0792213 0.276755 0 0 0 0 0.0215891 0 0 0 0 
0.827 0.185804 0.343517 0.0851576 0.0792329 0.276264 0 0 0 0 0.0214138 0 0 0 0 
0.826 0.185653 0.343334 0.0851701 0.0792446 0.275774 0 0 0 0 0.0212386 0 0 0 0 
0.825 0.185502 0.343151 0.0851826 0.0792562 0.275283 0 0 0 0 0.0210635 0 0 0 0 
0.824 0.185351 0.342968 0.0851951 0.0792679 0.274792 0 0 0 0 0.0208884 0 0 0 0 
0.823 0.1852 0.342785 0.0852075 0.0792795 0.274301 0 0 0 0 0.0207134 0 0 0 0 
0.822 0.18505 0.342603 0.08522 0.0792912 0.273809 0 0 0 0 0.0205385 0 0 0 0 
0.821 0.184899 0.34242 0.0852325 0.0793028 0.273317 0 0 0 0 0.0203636 0 0 0 0 
0.82 0.184748 0.342238 0.0852449 0.0793145 0.272825 0 0 0 0 0.0201888 0 0 0 0 
0.819 0.184598 0.342055 0.0852574 0.0793261 0.272333 0 0 0 0 0.020014 0 0 0 0 
0.818 0.184447 0.341873 0.0852698 0.0793377 0.271841 0 0 0 0 0.0198394 0 0 0 0 
0.817 0.184296 0.341691 0.0852823 0.0793494 0.271348 0 0 0 0 0.0196648 0 0 0 0 
0.816 0.184146 0.341509 0.0852947 0.079361 0.270855 0 0 0 0 0.0194903 0 0 0 0 
0.815 0.183996 0.341327 0.0853072 0.0793726 0.270362 0 0 0 0 0.0193159 0 0 0 0 
0.814 0.183845 0.341145 0.0853196 0.0793842 0.269868 0 0 0 0 0.0191415 0 0 0 0 
0.813 0.183695 0.340963 0.085332 0.0793958 0.269374 0 0 0 0 0.0189672 0 0 0 0 
0.812 0.183545 0.340782 0.0853445 0.0794074 0.26888 0 0 0 0 0.018793 0 0 0 0 
0.811 0.183395 0.3406 0.0853569 0.079419 0.268386 0 0 0 0 0.0186189 0 0 0 0 
0.81 0.183245 0.340419 0.0853693 0.0794306 0.267892 0 0 0 0 0.0184449 0 0 0 0 
0.809 0.183095 0.340237 0.0853817 0.0794422 0.267397 0 0 0 0 0.018271 0 0 0 0 
0.808 0.182945 0.340056 0.085394 0.0794537 0.266902 0 0 0 0 0.0180972 0 0 0 0 
0.807 0.182795 0.339875 0.0854064 0.0794653 0.266406 0 0 0 0 0.0179234 0 0 0 0 
0.806 0.182645 0.339694 0.0854188 0.0794769 0.265911 0 0 0 0 0.0177498 0 0 0 0 
0.805 0.182496 0.339513 0.0854311 0.0794884 0.265415 0 0 0 0 0.0175762 0 0 0 0 
0.804 0.182346 0.339333 0.0854435 0.0794999 0.264918 0 0 0 0 0.0174027 0 0 0 0 
0.803 0.182197 0.339152 0.0854558 0.0795114 0.264422 0 0 0 0 0.0172294 0 0 0 0 
0.802 0.182047 0.338972 0.0854681 0.0795229 0.263925 0 0 0 0 0.0170561 0 0 0 0 
0.801 0.181898 0.338791 0.0854804 0.0795344 0.263428 0 0 0 0 0.0168829 0 0 0 0 
0.8 0.181748 0.338611 0.0854927 0.0795459 0.262931 0 0 0 0 0.0167099 0 0 0 0 
0.799 0.181599 0.338431 0.0855049 0.0795573 0.262433 0 0 0 0 0.0165369 0 0 0 0 
0.798 0.18145 0.338251 0.0855172 0.0795688 0.261935 0 0 0 0 0.0163641 0 0 0 0 
0.797 0.181301 0.338071 0.0855294 0.0795802 0.261437 0 0 0 0 0.0161914 0 0 0 0 
0.796 0.181152 0.337891 0.0855416 0.0795916 0.260939 0 0 0 0 0.0160188 0 0 0 0 
0.795 0.181003 0.337711 0.0855538 0.079603 0.26044 0 0 0 0 0.0158463 0 0 0 0 
0.794 0.180854 0.337531 0.0855659 0.0796143 0.259941 0 0 0 0 0.0156739 0 0 0 0 
0.793 0.180705 0.337352 0.0855781 0.0796257 0.259441 0 0 0 0 0.0155016 0 0 0 0 
0.792 0.180557 0.337172 0.0855902 0.079637 0.258942 0 0 0 0 0.0153295 0 0 0 0 
0.791 0.180408 0.336993 0.0856023 0.0796483 0.258441 0 0 0 0 0.0151575 0 0 0 0 
0.79 0.18026 0.336814 0.0856144 0.0796596 0.257941 0 0 0 0 0.0149856 0 0 0 0 
0.789 0.180111 0.336635 0.0856264 0.0796709 0.25744 0 0 0 0 0.0148138 0 0 0 0 
0.788 0.179963 0.336455 0.0856385 0.0796821 0.256939 0 0 0 0 0.0146422 0 0 0 0 
0.787 0.179815 0.336277 0.0856505 0.0796933 0.256438 0 0 0 0 0.0144707 0 0 0 0 
0.786 0.179666 0.336098 0.0856625 0.0797045 0.255937 0 0 0 0 0.0142994 0 0 0 0 
0.785 0.179518 0.335919 0.0856744 0.0797157 0.255435 0 0 0 0 0.0141282 0 0 0 0 
0.784 0.17937 0.33574 0.0856863 0.0797268 0.254932 0 0 0 0 0.0139572 0 0 0 0 
0.783 0.179222 0.335562 0.0856982 0.0797379 0.25443 0 0 0 0 0.0137863 0 0 0 0 
0.782 0.179075 0.335383 0.0857101 0.079749 0.253927 0 0 0 0 0.0136155 0 0 0 0 
0.781 0.178927 0.335205 0.0857219 0.07976 0.253423 0 0 0 0 0.0134449 0 0 0 0 
0.78 0.178779 0.335027 0.0857337 0.079771 0.25292 0 0 0 0 0.0132745 0 0 0 0 
0.779 0.178632 0.334849 0.0857454 0.079782 0.252416 0 0 0 0 0.0131042 0 0 0 0 
0.778 0.178484 0.334671 0.0857571 0.0797929 0.251911 0 0 0 0 0.0129341 0 0 0 0 
0.777 0.178337 0.334493 0.0857688 0.0798039 0.251406 0 0 0 0 0.0127641 0 0 0 0 
0.776 0.178189 0.334315 0.0857804 0.0798147 0.250901 0 0 0 0 0.0125943 0 0 0 0 
0.775 0.178042 0.334137 0.085792 0.0798256 0.250396 0 0 0 0 0.0124247 0 0 0 0 
0.774 0.177895 0.333959 0.0858036 0.0798364 0.24989 0 0 0 0 0.0122553 0 0 0 0 
0.773 0.177748 0.333782 0.0858151 0.0798471 0.249384 0 0 0 0 0.0120861 0 0 0 0 
0.772 0.177601 0.333604 0.0858266 0.0798578 0.248877 0 0 0 0 0.011917 0 0 0 0 
0.771 0.177455 0.333427 0.085838 0.0798685 0.24837 0 0 0 0 0.0117481 0 0 0 0 
0.77 0.177308 0.33325 0.0858494 0.0798791 0.247863 0 0 0 0 0.0115795 0 0 0 0 
0.769 0.177161 0.333073 0.0858607 0.0798897 0.247355 0 0 0 0 0.011411 0 0 0 0 
0.768 0.177015 0.332896 0.085872 0.0799003 0.246847 0 0 0 0 0.0112427 0 0 0 0 
0.767 0.176869 0.332719 0.0858832 0.0799108 0.246338 0 0 0 0 0.0110747 0 0 0 0 
0.766 0.176722 0.332542 0.0858944 0.0799212 0.245829 0 0 0 0 0.0109068 0 0 0 0 
0.765 0.176576 0.332365 0.0859055 0.0799316 0.24532 0 0 0 0 0.0107392 0 0 0 0 
0.764 0.17643 0.332188 0.0859166 0.0799419 0.24481 0 0 0 0 0.0105718 0 0 0 0 
0.763 0.176284 0.332011 0.0859276 0.0799522 0.244299 0 0 0 0 0.0104046 0 0 0 0 
0.762 0.176139 0.331835 0.0859386 0.0799624 0.243789 0 0 0 0 0.0102377 0 0 0 0 
0.761 0.175993 0.331658 0.0859495 0.0799726 0.243278 0 0 0 0 0.010071 0 0 0 0 
0.76 0.175848 0.331482 0.0859603 0.0799827 0.242766 0 0 0 0 0.00990452 0 0 0 0 
0.759 0.175702 0.331306 0.085971 0.0799928 0.242254 0 0 0 0 0.00973831 0 0 0 0 
0.758 0.175557 0.33113 0.0859817 0.0800028 0.241741 0 0 0 0 0.00957236 0 0 0 0 
0.757 0.175412 0.330953 0.0859924 0.0800127 0.241228 0 0 0 0 0.00940666 0 0 0 0 
0.756 0.175267 0.330777 0.0860029 0.0800226 0.240715 0 0 0 0 0.00924124 0 0 0 0 
0.755 0.175122 0.330601 0.0860134 0.0800324 0.240201 0 0 0 0 0.00907609 0 0 0 0 
0.754 0.174977 0.330425 0.0860238 0.0800421 0.239686 0 0 0 0 0.00891122 0 0 0 0 
0.753 0.174832 0.33025 0.0860341 0.0800517 0.239171 0 0 0 0 0.00874664 0 0 0 0 
0.752 0.174688 0.330074 0.0860444 0.0800613 0.238656 0 0 0 0 0.00858236 0 0 0 0 
0.751 0.174544 0.329898 0.0860545 0.0800708 0.23814 0 0 0 0 0.00841837 0 0 0 0 
0.75 0.174399 0.329723 0.0860646 0.0800802 0.237623 0 0 0 0 0.0082547 0 0 0 0 
0.749 0.174255 0.329547 0.0860746 0.0800895 0.237106 0 0 0 0 0.00809135 0 0 0 0 
0.748 0.174112 0.329372 0.0860845 0.0800988 0.236588 0 0 0 0 0.00792833 0 0 0 0 
0.747 0.173968 0.329196 0.0860943 0.0801079 0.23607 0 0 0 0 0.00776564 0 0 0 0 
0.746 0.173824 0.329021 0.086104 0.080117 0.235551 0 0 0 0 0.0076033 0 0 0 0 
0.745 0.173681 0.328846 0.0861136 0.080126 0.235032 0 0 0 0 0.00744131 0 0 0 0 
0.744 0.173538 0.328671 0.0861231 0.0801348 0.234512 0 0 0 0 0.00727969 0 0 0 0 
0.743 0.173395 0.328496 0.0861325 0.0801436 0.233991 0 0 0 0 0.00711844 0 0 0 0 
0.742 0.173252 0.328321 0.0861418 0.0801523 0.23347 0 0 0 0 0.00695757 0 0 0 0 
0.741 0.173109 0.328146 0.0861509 0.0801609 0.232948 0 0 0 0 0.0067971 0 0 0 0 
0.74 0.172966 0.327971 0.08616 0.0801693 0.232426 0 0 0 0 0.00663704 0 0 0 0 
0.739 0.172824 0.327796 0.0861689 0.0801777 0.231902 0 0 0 0 0.0064774 0 0 0 0 
0.738 0.172682 0.327621 0.0861777 0.0801859 0.231379 0 0 0 0 0.00631818 0 0 0 0 
0.737 0.17254 0.327447 0.0861864 0.080194 0.230854 0 0 0 0 0.00615941 0 0 0 0 
0.736 0.172398 0.327272 0.086195 0.080202 0.230329 0 0 0 0 0.0060011 0 0 0 0 
0.735 0.172256 0.327097 0.0862034 0.0802098 0.229803 0 0 0 0 0.00584326 0 0 0 0 
0.734 0.172115 0.326923 0.0862116 0.0802176 0.229276 0 0 0 0 0.0056859 0 0 0 0 
0.733 0.171974 0.326748 0.0862197 0.0802251 0.228749 0 0 0 0 0.00552905 0 0 0 0 
0.732 0.171833 0.326574 0.0862277 0.0802326 0.22822 0 0 0 0 0.00537272 0 0 0 0 
0.731 0.171692 0.326399 0.0862355 0.0802399 0.227691 0 0 0 0 0.00521692 0 0 0 0 
0.73 0.171552 0.326225 0.0862432 0.080247 0.227161 0 0 0 0 0.00506167 0 0 0 0 
0.729 0.171412 0.326051 0.0862506 0.080254 0.226631 0 0 0 0 0.00490699 0 0 0 0 
0.728 0.171272 0.325876 0.0862579 0.0802608 0.226099 0 0 0 0 0.00475291 0 0 0 0 
0.727 0.171132 0.325702 0.086265 0.0802674 0.225566 0 0 0 0 0.00459944 0 0 0 0 
0.726 0.170992 0.325528 0.0862719 0.0802739 0.225033 0 0 0 0 0.00444661 0 0 0 0 
0.725 0.170853 0.325354 0.0862786 0.0802802 0.224499 0 0 0 0 0.00429443 0 0 0 0 
0.724 0.170714 0.32518 0.0862851 0.0802862 0.223963 0 0 0 0 0.00414294 0 0 0 0 
0.723 0.170576 0.325005 0.0862914 0.0802921 0.223427 0 0 0 0 0.00399216 0 0 0 0 
0.722 0.170437 0.324831 0.0862975 0.0802978 0.222889 0 0 0 0 0.00384211 0 0 0 0 
0.721 0.170299 0.324657 0.0863033 0.0803032 0.222351 0 0 0 0 0.00369284 0 0 0 0 
0.72 0.170162 0.324483 0.0863089 0.0803085 0.221811 0 0 0 0 0.00354436 0 0 0 0 
0.719 0.170024 0.324309 0.0863142 0.0803134 0.22127 0 0 0 0 0.00339673 0 0 0 0 
0.718 0.169887 0.324135 0.0863193 0.0803182 0.220728 0 0 0 0 0.00324996 0 0 0 0 
0.717 0.169751 0.323961 0.0863241 0.0803226 0.220184 0 0 0 0 0.0031041 0 0 0 0 
0.716 0.169615 0.323786 0.0863286 0.0803268 0.21964 0 0 0 0 0.0029592 0 0 0 0 
0.715 0.169479 0.323612 0.0863328 0.0803307 0.219094 0 0 0 0 0.0028153 0 0 0 0 
0.714 0.169343 0.323438 0.0863366 0.0803343 0.218546 0 0 0 0 0.00267245 0 0 0 0 
0.713 0.169208 0.323264 0.0863401 0.0803376 0.217997 0 0 0 0 0.00253071 0 0 0 0 
0.712 0.169074 0.32309 0.0863433 0.0803406 0.217446 0 0 0 0 0.00239012 0 0 0 0 
0.711 0.16894 0.322915 0.0863461 0.0803431 0.216894 0 0 0 0 0.00225077 0 0 0 0 
0.71 0.168806 0.322741 0.0863484 0.0803454 0.21634 0 0 0 0 0.00211272 0 0 0 0 
0.709 0.168674 0.322566 0.0863504 0.0803472 0.215784 0 0 0 0 0.00197604 0 0 0 0 
0.708 0.168541 0.322392 0.0863518 0.0803486 0.215226 0 0 0 0 0.00184083 0 0 0 0 
0.707 0.168409 0.322217 0.0863528 0.0803495 0.214666 0 0 0 0 0.00170718 0 0 0 0 
0.706 0.168278 0.322042 0.0863533 0.0803499 0.214104 0 0 0 0 0.00157521 0 0 0 0 
0.705 0.168148 0.321868 0.0863532 0.0803498 0.213539 0 0 0 0 0.00144503 0 0 0 0 
0.704 0.168018 0.321693 0.0863525 0.0803492 0.212972 0 0 0 0 0.00131679 0 0 0 0 
0.703 0.16789 0.321517 0.0863512 0.0803479 0.212402 0 0 0 0 0.00119064 0 0 0 0 
0.702 0.167762 0.321342 0.0863491 0.080346 0.211829 0 0 0 0 0.00106678 0 0 0 0 
0.701 0.167635 0.321166 0.0863462 0.0803433 0.211253 0 0 0 0 0.000945419 0 0 0 0 
0.7 0.167509 0.32099 0.0863425 0.0803398 0.210674 0 0 0 0 0.000826825 0 0 0 0 
0.699 0.167385 0.320814 0.0863378 0.0803355 0.21009 0 0 0 0 0.000711312 0 0 0 0 
0.698 0.167261 0.320638 0.086332 0.08033 0.209502 0 0 0 0 0.000599269 0 0 0 0 
0.697 0.16714 0.320461 0.086325 0.0803235 0.208908 0 0 0 0 0.00049119 0 0 0 0 
0.696 0.16702 0.320284 0.0863165 0.0803156 0.208309 0 0 0 0 0.000387718 0 0 0 0 
0.695 0.166902 0.320105 0.0863063 0.080306 0.207703 0 0 0 0 0.000289732 0 0 0 0 
0.694 0.166787 0.319927 0.086294 0.0802945 0.207088 0 0 0 0 0.000198505 0 0 0 0 
0.693 0.166675 0.319747 0.0862789 0.0802804 0.206462 0 0 0 0 0.000116061 0 0 0 0 
0.692 0.166569 0.319566 0.0862599 0.0802626 0.20582 0 0 0 0 4.62092e-05 0 0 0 0 
0.691 0.166471 0.319381 0.0862332 0.0802377 0.205147 0 0 0 0 5.39134e-07 0 0 0 0 
0.69 0.166392 0.319191 0.0861924 0.0801996 0.204417 0 0 0 0 0 0 0 0 0 
0.689 0.166313 0.319001 0.0861514 0.0801613 0.203686 0 0 0 0 0 0 0 0 0 
0.688 0.166233 0.318811 0.0861104 0.080123 0.202955 0 0 0 0 0 0 0 0 0 
0.687 0.166154 0.318621 0.0860693 0.0800846 0.202225 0 0 0 0 0 0 0 0 0 
0.686 0.166075 0.318431 0.0860283 0.0800462 0.201494 0 0 0 0 0 0 0 0 0 
0.685 0.165995 0.318241 0.0859872 0.0800079 0.200764 0 0 0 0 0 0 0 0 0 
0.684 0.165915 0.318051 0.085946 0.0799694 0.200033 0 0 0 0 0 0 0 0 0 
0.683 0.165836 0.317862 0.0859049 0.079931 0.199303 0 0 0 0 0 0 0 0 0 
0.682 0.165756 0.317672 0.0858637 0.0798925 0.198572 0 0 0 0 0 0 0 0 0 
0.681 0.165677 0.317482 0.0858225 0.0798541 0.197842 0 0 0 0 0 0 0 0 0 
0.68 0.165597 0.317292 0.0857813 0.0798156 0.197111 0 0 0 0 0 0 0 0 0 
0.679 0.165517 0.317102 0.0857401 0.079777 0.196381 0 0 0 0 0 0 0 0 0 
0.678 0.165437 0.316912 0.0856988 0.0797385 0.195651 0 0 0 0 0 0 0 0 0 
0.677 0.165357 0.316722 0.0856575 0.0796999 0.19492 0 0 0 0 0 0 0 0 0 
0.676 0.165278 0.316532 0.0856162 0.0796613 0.19419 0 0 0 0 0 0 0 0 0 
0.675 0.165198 0.316342 0.0855749 0.0796227 0.19346 0 0 0 0 0 0 0 0 0 
0.674 0.165118 0.316153 0.0855335 0.079584 0.19273 0 0 0 0 0 0 0 0 0 
0.673 0.165038 0.315963 0.0854921 0.0795454 0.192 0 0 0 0 0 0 0 0 0 
0.672 0.164957 0.315773 0.0854507 0.0795067 0.19127 0 0 0 0 0 0 0 0 0 
0.671 0.164877 0.315583 0.0854093 0.079468 0.19054 0 0 0 0 0 0 0 0 0 
0.67 0.164797 0.315393 0.0853678 0.0794292 0.18981 0 0 0 0 0 0 0 0 0 
0.669 0.164717 0.315203 0.0853263 0.0793905 0.18908 0 0 0 0 0 0 0 0 0 
0.668 0.164636 0.315014 0.0852848 0.0793517 0.18835 0 0 0 0 0 0 0 0 0 
0.667 0.164556 0.314824 0.0852432 0.0793128 0.18762 0 0 0 0 0 0 0 0 0 
0.666 0.164476 0.314634 0.0852016 0.079274 0.18689 0 0 0 0 0 0 0 0 0 
0.665 0.164395 0.314444 0.08516 0.0792351 0.186161 0 0 0 0 0 0 0 0 0 
0.664 0.164315 0.314254 0.0851184 0.0791962 0.185431 0 0 0 0 0 0 0 0 0 
0.663 0.164234 0.314064 0.0850767 0.0791573 0.184702 0 0 0 0 0 0 0 0 0 
0.662 0.164153 0.313875 0.085035 0.0791184 0.183972 0 0 0 0 0 0 0 0 0 
0.661 0.164073 0.313685 0.0849933 0.0790794 0.183243 0 0 0 0 0 0 0 0 0 
0.66 0.163992 0.313495 0.0849515 0.0790404 0.182513 0 0 0 0 0 0 0 0 0 
0.659 0.163911 0.313305 0.0849097 0.0790013 0.181784 0 0 0 0 0 0 0 0 0 
0.658 0.16383 0.313115 0.0848679 0.0789623 0.181055 0 0 0 0 0 0 0 0 0 
0.657 0.163749 0.312925 0.0848261 0.0789232 0.180326 0 0 0 0 0 0 0 0 0 
0.656 0.163668 0.312735 0.0847842 0.0788841 0.179597 0 0 0 0 0 0 0 0 0 
0.655 0.163587 0.312545 0.0847423 0.0788449 0.178868 0 0 0 0 0 0 0 0 0 
0.654 0.163506 0.312355 0.0847003 0.0788057 0.178139 0 0 0 0 0 0 0 0 0 
0.653 0.163425 0.312165 0.0846584 0.0787665 0.17741 0 0 0 0 0 0 0 0 0 
0.652 0.163344 0.311975 0.0846164 0.0787273 0.176681 0 0 0 0 0 0 0 0 0 
0.651 0.163262 0.311785 0.0845743 0.078688 0.175952 0 0 0 0 0 0 0 0 0 
0.65 0.163181 0.311595 0.0845323 0.0786487 0.175224 0 0 0 0 0 0 0 0 0 
0.649 0.1631 0.311405 0.0844902 0.0786094 0.174495 0 0 0 0 0 0 0 0 0 
0.648 0.163018 0.311215 0.084448 0.0785701 0.173767 0 0 0 0 0 0 0 0 0 
0.647 0.162937 0.311025 0.0844059 0.0785307 0.173038 0 0 0 0 0 0 0 0 0 
0.646 0.162855 0.310835 0.0843637 0.0784913 0.17231 0 0 0 0 0 0 0 0 0 
0.645 0.162773 0.310645 0.0843214 0.0784518 0.171582 0 0 0 0 0 0 0 0 0 
0.644 0.162691 0.310455 0.0842792 0.0784123 0.170854 0 0 0 0 0 0 0 0 0 
0.643 0.16261 0.310265 0.0842369 0.0783728 0.170126 0 0 0 0 0 0 0 0 0 
0.642 0.162528 0.310075 0.0841945 0.0783333 0.169398 0 0 0 0 0 0 0 0 0 
0.641 0.162446 0.309884 0.0841521 0.0782937 0.16867 0 0 0 0 0 0 0 0 0 
0.64 0.162364 0.309694 0.0841097 0.0782541 0.167942 0 0 0 0 0 0 0 0 0 
0.639 0.162282 0.309504 0.0840673 0.0782144 0.167214 0 0 0 0 0 0 0 0 0 
0.638 0.1622 0.309313 0.0840248 0.0781748 0.166487 0 0 0 0 0 0 0 0 0 
0.637 0.162117 0.309123 0.0839823 0.078135 0.16576 0 0 0 0 0 0 0 0 0 
0.636 0.162035 0.308933 0.0839397 0.0780953 0.165032 0 0 0 0 0 0 0 0 0 
0.635 0.161953 0.308742 0.0838971 0.0780555 0.164305 0 0 0 0 0 0 0 0 0 
0.634 0.16187 0.308552 0.0838545 0.0780157 0.163578 0 0 0 0 0 0 0 0 0 
0.633 0.161788 0.308361 0.0838118 0.0779758 0.162851 0 0 0 0 0 0 0 0 0 
0.632 0.161705 0.308171 0.0837691 0.0779359 0.162124 0 0 0 0 0 0 0 0 0 
0.631 0.161622 0.30798 0.0837264 0.077896 0.161397 0 0 0 0 0 0 0 0 0 
0.63 0.16154 0.30779 0.0836836 0.0778561 0.160671 0 0 0 0 0 0 0 0 0 
0.629 0.161457 0.307599 0.0836408 0.0778161 0.159944 0 0 0 0 0 0 0 0 0 
0.628 0.161374 0.307408 0.0835979 0.077776 0.159218 0 0 0 0 0 0 0 0 0 
0.627 0.161291 0.307218 0.083555 0.077736 0.158491 0 0 0 0 0 0 0 0 0 
0.626 0.161208 0.307027 0.083512 0.0776958 0.157765 0 0 0 0 0 0 0 0 0 
0.625 0.161125 0.306836 0.0834691 0.0776557 0.157039 0 0 0 0 0 0 0 0 0 
0.624 0.161042 0.306645 0.083426 0.0776155 0.156313 0 0 0 0 0 0 0 0 0 
0.623 0.160958 0.306454 0.083383 0.0775753 0.155588 0 0 0 0 0 0 0 0 0 
0.622 0.160875 0.306263 0.0833398 0.077535 0.154862 0 0 0 0 0 0 0 0 0 
0.621 0.160791 0.306072 0.0832967 0.0774947 0.154136 0 0 0 0 0 0 0 0 0 
0.62 0.160708 0.305881 0.0832535 0.0774544 0.153411 0 0 0 0 0 0 0 0 0 
0.619 0.160624 0.30569 0.0832103 0.077414 0.152686 0 0 0 0 0 0 0 0 0 
0.618 0.160541 0.305499 0.083167 0.0773736 0.151961 0 0 0 0 0 0 0 0 0 
0.617 0.160457 0.305308 0.0831236 0.0773331 0.151236 0 0 0 0 0 0 0 0 0 
0.616 0.160373 0.305116 0.0830803 0.0772926 0.150511 0 0 0 0 0 0 0 0 0 
0.615 0.160289 0.304925 0.0830368 0.077252 0.149786 0 0 0 0 0 0 0 0 0 
0.614 0.160205 0.304733 0.0829934 0.0772115 0.149062 0 0 0 0 0 0 0 0 0 
0.613 0.160121 0.304542 0.0829499 0.0771708 0.148337 0 0 0 0 0 0 0 0 0 
0.612 0.160036 0.30435 0.0829063 0.0771302 0.147613 0 0 0 0 0 0 0 0 0 
0.611 0.159952 0.304159 0.0828627 0.0770894 0.146889 0 0 0 0 0 0 0 0 0 
0.61 0.159868 0.303967 0.0828191 0.0770487 0.146165 0 0 0 0 0 0 0 0 0 
0.609 0.159783 0.303775 0.0827754 0.0770079 0.145442 0 0 0 0 0 0 0 0 0 
0.608 0.159699 0.303583 0.0827316 0.076967 0.144718 0 0 0 0 0 0 0 0 0 
0.607 0.159614 0.303391 0.0826878 0.0769261 0.143995 0 0 0 0 0 0 0 0 0 
0.606 0.159529 0.303199 0.082644 0.0768852 0.143272 0 0 0 0 0 0 0 0 0 
0.605 0.159444 0.303007 0.0826001 0.0768442 0.142548 0 0 0 0 0 0 0 0 0 
0.604 0.159359 0.302815 0.0825562 0.0768032 0.141826 0 0 0 0 0 0 0 0 0 
0.603 0.159274 0.302623 0.0825122 0.0767621 0.141103 0 0 0 0 0 0 0 0 0 
0.602 0.159189 0.30243 0.0824681 0.076721 0.14038 0 0 0 0 0 0 0 0 0 
0.601 0.159104 0.302238 0.0824241 0.0766798 0.139658 0 0 0 0 0 0 0 0 0 
0.6 0.159018 0.302046 0.0823799 0.0766386 0.138936 0 0 0 0 0 0 0 0 0 
0.599 0.158933 0.301853 0.0823357 0.0765973 0.138214 0 0 0 0 0 0 0 0 0 
0.598 0.158847 0.30166 0.0822915 0.076556 0.137492 0 0 0 0 0 0 0 0 0 
0.597 0.158762 0.301467 0.0822472 0.0765146 0.136771 0 0 0 0 0 0 0 0 0 
0.596 0.158676 0.301275 0.0822028 0.0764732 0.136049 0 0 0 0 0 0 0 0 0 
0.595 0.15859 0.301082 0.0821584 0.0764317 0.135328 0 0 0 0 0 0 0 0 0 
0.594 0.158504 0.300889 0.082114 0.0763902 0.134607 0 0 0 0 0 0 0 0 0 
0.593 0.158418 0.300695 0.0820694 0.0763486 0.133886 0 0 0 0 0 0 0 0 0 
0.592 0.158332 0.300502 0.0820249 0.076307 0.133166 0 0 0 0 0 0 0 0 0 
0.591 0.158246 0.300309 0.0819803 0.0762654 0.132446 0 0 0 0 0 0 0 0 0 
0.59 0.158159 0.300115 0.0819356 0.0762236 0.131725 0 0 0 0 0 0 0 0 0 
0.589 0.158073 0.299922 0.0818908 0.0761819 0.131006 0 0 0 0 0 0 0 0 0 
0.588 0.157986 0.299728 0.081846 0.07614 0.130286 0 0 0 0 0 0 0 0 0 
0.587 0.157899 0.299534 0.0818012 0.0760982 0.129566 0 0 0 0 0 0 0 0 0 
0.586 0.157812 0.29934 0.0817563 0.0760562 0.128847 0 0 0 0 0 0 0 0 0 
0.585 0.157726 0.299146 0.0817113 0.0760142 0.128128 0 0 0 0 0 0 0 0 0 
0.584 0.157638 0.298952 0.0816663 0.0759722 0.127409 0 0 0 0 0 0 0 0 0 
0.583 0.157551 0.298758 0.0816212 0.0759301 0.126691 0 0 0 0 0 0 0 0 0 
0.582 0.157464 0.298564 0.081576 0.0758879 0.125972 0 0 0 0 0 0 0 0 0 
0.581 0.157377 0.298369 0.0815308 0.0758457 0.125254 0 0 0 0 0 0 0 0 0 
0.58 0.157289 0.298174 0.0814855 0.0758034 0.124537 0 0 0 0 0 0 0 0 0 
0.579 0.157201 0.29798 0.0814402 0.0757611 0.123819 0 0 0 0 0 0 0 0 0 
0.578 0.157114 0.297785 0.0813948 0.0757187 0.123102 0 0 0 0 0 0 0 0 0 
0.577 0.157026 0.29759 0.0813493 0.0756763 0.122385 0 0 0 0 0 0 0 0 0 
0.576 0.156938 0.297395 0.0813038 0.0756338 0.121668 0 0 0 0 0 0 0 0 0 
0.575 0.156849 0.297199 0.0812582 0.0755912 0.120951 0 0 0 0 0 0 0 0 0 
0.574 0.156761 0.297004 0.0812126 0.0755486 0.120235 0 0 0 0 0 0 0 0 0 
0.573 0.156673 0.296808 0.0811669 0.0755059 0.119519 0 0 0 0 0 0 0 0 0 
0.572 0.156584 0.296613 0.0811211 0.0754631 0.118803 0 0 0 0 0 0 0 0 0 
0.571 0.156496 0.296417 0.0810752 0.0754203 0.118088 0 0 0 0 0 0 0 0 0 
0.57 0.156407 0.296221 0.0810293 0.0753774 0.117372 0 0 0 0 0 0 0 0 0 
0.569 0.156318 0.296025 0.0809833 0.0753345 0.116657 0 0 0 0 0 0 0 0 0 
0.568 0.156229 0.295828 0.0809372 0.0752915 0.115943 0 0 0 0 0 0 0 0 0 
0.567 0.15614 0.295632 0.0808911 0.0752484 0.115228 0 0 0 0 0 0 0 0 0 
0.566 0.15605 0.295435 0.0808449 0.0752053 0.114514 0 0 0 0 0 0 0 0 0 
0.565 0.155961 0.295239 0.0807986 0.0751621 0.113801 0 0 0 0 0 0 0 0 0 
0.564 0.155871 0.295042 0.0807523 0.0751188 0.113087 0 0 0 0 0 0 0 0 0 
0.563 0.155781 0.294845 0.0807059 0.0750755 0.112374 0 0 0 0 0 0 0 0 0 
0.562 0.155691 0.294647 0.0806594 0.0750321 0.111661 0 0 0 0 0 0 0 0 0 
0.561 0.155601 0.29445 0.0806128 0.0749886 0.110949 0 0 0 0 0 0 0 0 0 
0.56 0.155511 0.294252 0.0805662 0.0749451 0.110236 0 0 0 0 0 0 0 0 0 
0.559 0.155421 0.294055 0.0805195 0.0749015 0.109524 0 0 0 0 0 0 0 0 0 
0.558 0.155331 0.293857 0.0804727 0.0748578 0.108813 0 0 0 0 0 0 0 0 0 
0.557 0.15524 0.293658 0.0804259 0.074814 0.108102 0 0 0 0 0 0 0 0 0 
0.556 0.155149 0.29346 0.0803789 0.0747702 0.107391 0 0 0 0 0 0 0 0 0 
0.555 0.155058 0.293262 0.0803319 0.0747263 0.10668 0 0 0 0 0 0 0 0 0 
0.554 0.154967 0.293063 0.0802848 0.0746824 0.10597 0 0 0 0 0 0 0 0 0 
0.553 0.154876 0.292864 0.0802376 0.0746383 0.10526 0 0 0 0 0 0 0 0 0 
0.552 0.154785 0.292665 0.0801904 0.0745942 0.104551 0 0 0 0 0 0 0 0 0 
0.551 0.154693 0.292466 0.0801431 0.07455 0.103841 0 0 0 0 0 0 0 0 0 
0.55 0.154601 0.292266 0.0800956 0.0745058 0.103133 0 0 0 0 0 0 0 0 0 
0.549 0.15451 0.292066 0.0800481 0.0744614 0.102424 0 0 0 0 0 0 0 0 0 
0.548 0.154418 0.291866 0.0800006 0.074417 0.101716 0 0 0 0 0 0 0 0 0 
0.547 0.154325 0.291666 0.0799529 0.0743725 0.101008 0 0 0 0 0 0 0 0 0 
0.546 0.154233 0.291466 0.0799051 0.0743279 0.100301 0 0 0 0 0 0 0 0 0 
0.545 0.154141 0.291265 0.0798573 0.0742833 0.0995939 0 0 0 0 0 0 0 0 0 
0.544 0.154048 0.291065 0.0798094 0.0742385 0.0988874 0 0 0 0 0 0 0 0 0 
0.543 0.153955 0.290864 0.0797614 0.0741937 0.0981812 0 0 0 0 0 0 0 0 0 
0.542 0.153862 0.290662 0.0797133 0.0741488 0.0974754 0 0 0 0 0 0 0 0 0 
0.541 0.153769 0.290461 0.0796651 0.0741038 0.0967701 0 0 0 0 0 0 0 0 0 
0.54 0.153676 0.290259 0.0796168 0.0740588 0.0960651 0 0 0 0 0 0 0 0 0 
0.539 0.153582 0.290057 0.0795685 0.0740136 0.0953605 0 0 0 0 0 0 0 0 0 
0.538 0.153488 0.289855 0.07952 0.0739684 0.0946564 0 0 0 0 0 0 0 0 0 
0.537 0.153395 0.289653 0.0794715 0.0739231 0.0939527 0 0 0 0 0 0 0 0 0 
0.536 0.1533 0.28945 0.0794228 0.0738776 0.0932494 0 0 0 0 0 0 0 0 0 
0.535 0.153206 0.289247 0.0793741 0.0738322 0.0925466 0 0 0 0 0 0 0 0 0 
0.534 0.153112 0.289044 0.0793252 0.0737866 0.0918442 0 0 0 0 0 0 0 0 0 
0.533 0.153017 0.288841 0.0792763 0.0737409 0.0911422 0 0 0 0 0 0 0 0 0 
0.532 0.152922 0.288637 0.0792273 0.0736951 0.0904407 0 0 0 0 0 0 0 0 0 
0.531 0.152827 0.288433 0.0791782 0.0736493 0.0897396 0 0 0 0 0 0 0 0 0 
0.53 0.152732 0.288229 0.0791289 0.0736033 0.0890391 0 0 0 0 0 0 0 0 0 
0.529 0.152637 0.288024 0.0790796 0.0735573 0.0883389 0 0 0 0 0 0 0 0 0 
0.528 0.152541 0.287819 0.0790302 0.0735112 0.0876393 0 0 0 0 0 0 0 0 0 
0.527 0.152446 0.287614 0.0789807 0.0734649 0.0869401 0 0 0 0 0 0 0 0 0 
0.526 0.15235 0.287409 0.078931 0.0734186 0.0862415 0 0 0 0 0 0 0 0 0 
0.525 0.152253 0.287203 0.0788813 0.0733722 0.0855433 0 0 0 0 0 0 0 0 0 
0.524 0.152157 0.286997 0.0788315 0.0733257 0.0848456 0 0 0 0 0 0 0 0 0 
0.523 0.152061 0.286791 0.0787815 0.073279 0.0841484 0 0 0 0 0 0 0 0 0 
0.522 0.151964 0.286584 0.0787315 0.0732323 0.0834518 0 0 0 0 0 0 0 0 0 
0.521 0.151867 0.286378 0.0786813 0.0731855 0.0827557 0 0 0 0 0 0 0 0 0 
0.52 0.15177 0.28617 0.078631 0.0731386 0.08206 0 0 0 0 0 0 0 0 0 
0.519 0.151672 0.285963 0.0785807 0.0730915 0.081365 0 0 0 0 0 0 0 0 0 
0.518 0.151575 0.285755 0.0785302 0.0730444 0.0806704 0 0 0 0 0 0 0 0 0 
0.517 0.151477 0.285547 0.0784796 0.0729972 0.0799764 0 0 0 0 0 0 0 0 0 
0.516 0.151379 0.285338 0.0784288 0.0729498 0.079283 0 0 0 0 0 0 0 0 0 
0.515 0.15128 0.285129 0.078378 0.0729024 0.0785901 0 0 0 0 0 0 0 0 0 
0.514 0.151182 0.28492 0.078327 0.0728548 0.0778978 0 0 0 0 0 0 0 0 0 
0.513 0.151083 0.284711 0.078276 0.0728072 0.0772061 0 0 0 0 0 0 0 0 0 
0.512 0.150984 0.284501 0.0782248 0.0727594 0.076515 0 0 0 0 0 0 0 0 0 
0.511 0.150885 0.284291 0.0781735 0.0727115 0.0758244 0 0 0 0 0 0 0 0 0 
0.51 0.150786 0.28408 0.078122 0.0726635 0.0751345 0 0 0 0 0 0 0 0 0 
0.509 0.150686 0.283869 0.0780705 0.0726154 0.0744452 0 0 0 0 0 0 0 0 0 
0.508 0.150586 0.283658 0.0780188 0.0725671 0.0737564 0 0 0 0 0 0 0 0 0 
0.507 0.150486 0.283446 0.077967 0.0725188 0.0730683 0 0 0 0 0 0 0 0 0 
0.506 0.150385 0.283234 0.0779151 0.0724703 0.0723809 0 0 0 0 0 0 0 0 0 
0.505 0.150285 0.283021 0.077863 0.0724217 0.0716941 0 0 0 0 0 0 0 0 0 
0.504 0.150184 0.282808 0.0778108 0.072373 0.0710079 0 0 0 0 0 0 0 0 0 
0.503 0.150083 0.282595 0.0777585 0.0723242 0.0703224 0 0 0 0 0 0 0 0 0 
0.502 0.149981 0.282381 0.0777061 0.0722752 0.0696375 0 0 0 0 0 0 0 0 0 
0.501 0.14988 0.282167 0.0776535 0.0722262 0.0689534 0 0 0 0 0 0 0 0 0 
0.5 0.149778 0.281952 0.0776007 0.072177 0.0682699 0 0 0 0 0 0 0 0 0 
0.499 0.149676 0.281737 0.0775479 0.0721276 0.0675871 0 0 0 0 0 0 0 0 0 
0.498 0.149573 0.281522 0.0774949 0.0720782 0.066905 0 0 0 0 0 0 0 0 0 
0.497 0.14947 0.281306 0.0774417 0.0720286 0.0662236 0 0 0 0 0 0 0 0 0 
0.496 0.149367 0.28109 0.0773885 0.0719788 0.065543 0 0 0 0 0 0 0 0 0 
0.495 0.149264 0.280873 0.077335 0.071929 0.0648631 0 0 0 0 0 0 0 0 0 
0.494 0.14916 0.280656 0.0772815 0.071879 0.0641839 0 0 0 0 0 0 0 0 0 
0.493 0.149057 0.280438 0.0772277 0.0718289 0.0635055 0 0 0 0 0 0 0 0 0 
0.492 0.148952 0.28022 0.0771739 0.0717786 0.0628279 0 0 0 0 0 0 0 0 0 
0.491 0.148848 0.280001 0.0771199 0.0717282 0.062151 0 0 0 0 0 0 0 0 0 
0.49 0.148743 0.279782 0.0770657 0.0716776 0.0614749 0 0 0 0 0 0 0 0 0 
0.489 0.148638 0.279562 0.0770114 0.0716269 0.0607996 0 0 0 0 0 0 0 0 0 
0.488 0.148533 0.279342 0.0769569 0.0715761 0.0601252 0 0 0 0 0 0 0 0 0 
0.487 0.148427 0.279121 0.0769023 0.0715251 0.0594515 0 0 0 0 0 0 0 0 0 
0.486 0.148321 0.2789 0.0768475 0.071474 0.0587787 0 0 0 0 0 0 0 0 0 
0.485 0.148215 0.278678 0.0767925 0.0714227 0.0581067 0 0 0 0 0 0 0 0 0 
0.484 0.148109 0.278456 0.0767374 0.0713712 0.0574356 0 0 0 0 0 0 0 0 0 
0.483 0.148002 0.278233 0.0766821 0.0713197 0.0567653 0 0 0 0 0 0 0 0 0 
0.482 0.147895 0.278009 0.0766267 0.0712679 0.056096 0 0 0 0 0 0 0 0 0 
0.481 0.147787 0.277785 0.076571 0.071216 0.0554275 0 0 0 0 0 0 0 0 0 
0.48 0.147679 0.277561 0.0765152 0.0711639 0.0547599 0 0 0 0 0 0 0 0 0 
0.479 0.147571 0.277336 0.0764593 0.0711117 0.0540933 0 0 0 0 0 0 0 0 0 
0.478 0.147462 0.27711 0.0764031 0.0710593 0.0534276 0 0 0 0 0 0 0 0 0 
0.477 0.147354 0.276884 0.0763468 0.0710068 0.0527628 0 0 0 0 0 0 0 0 0 
0.476 0.147244 0.276657 0.0762903 0.070954 0.0520991 0 0 0 0 0 0 0 0 0 
0.475 0.147135 0.276429 0.0762336 0.0709012 0.0514362 0 0 0 0 0 0 0 0 0 
0.474 0.147025 0.276201 0.0761768 0.0708481 0.0507744 0 0 0 0 0 0 0 0 0 
0.473 0.146915 0.275972 0.0761197 0.0707948 0.0501136 0 0 0 0 0 0 0 0 0 
0.472 0.146804 0.275742 0.0760624 0.0707414 0.0494538 0 0 0 0 0 0 0 0 0 
0.471 0.146693 0.275512 0.076005 0.0706878 0.0487951 0 0 0 0 0 0 0 0 0 
0.47 0.146581 0.275281 0.0759474 0.070634 0.0481374 0 0 0 0 0 0 0 0 0 
0.469 0.14647 0.27505 0.0758895 0.0705801 0.0474808 0 0 0 0 0 0 0 0 0 
0.468 0.146357 0.274817 0.0758315 0.0705259 0.0468252 0 0 0 0 0 0 0 0 0 
0.467 0.146245 0.274584 0.0757733 0.0704716 0.0461708 0 0 0 0 0 0 0 0 0 
0.466 0.146132 0.274351 0.0757148 0.0704171 0.0455175 0 0 0 0 0 0 0 0 0 
0.465 0.146019 0.274116 0.0756562 0.0703623 0.0448654 0 0 0 0 0 0 0 0 0 
0.464 0.145905 0.273881 0.0755973 0.0703074 0.0442144 0 0 0 0 0 0 0 0 0 
0.463 0.145791 0.273645 0.0755382 0.0702523 0.0435646 0 0 0 0 0 0 0 0 0 
0.462 0.145676 0.273408 0.0754789 0.070197 0.042916 0 0 0 0 0 0 0 0 0 
0.461 0.145561 0.273171 0.0754194 0.0701414 0.0422686 0 0 0 0 0 0 0 0 0 
0.46 0.145445 0.272932 0.0753597 0.0700857 0.0416224 0 0 0 0 0 0 0 0 0 
0.459 0.145329 0.272693 0.0752997 0.0700297 0.0409776 0 0 0 0 0 0 0 0 0 
0.458 0.145213 0.272453 0.0752395 0.0699736 0.040334 0 0 0 0 0 0 0 0 0 
0.457 0.145096 0.272212 0.0751791 0.0699172 0.0396917 0 0 0 0 0 0 0 0 0 
0.456 0.144979 0.27197 0.0751184 0.0698606 0.0390507 0 0 0 0 0 0 0 0 0 
0.455 0.144861 0.271728 0.0750575 0.0698037 0.0384111 0 0 0 0 0 0 0 0 0 
0.454 0.144743 0.271484 0.0749963 0.0697467 0.0377729 0 0 0 0 0 0 0 0 0 
0.453 0.144624 0.27124 0.0749349 0.0696894 0.037136 0 0 0 0 0 0 0 0 0 
0.452 0.144505 0.270994 0.0748732 0.0696318 0.0365006 0 0 0 0 0 0 0 0 0 
0.451 0.144385 0.270748 0.0748113 0.0695741 0.0358667 0 0 0 0 0 0 0 0 0 
0.45 0.144265 0.270501 0.0747491 0.069516 0.0352342 0 0 0 0 0 0 0 0 0 
0.449 0.144144 0.270252 0.0746867 0.0694578 0.0346032 0 0 0 0 0 0 0 0 0 
0.448 0.144023 0.270003 0.0746239 0.0693993 0.0339738 0 0 0 0 0 0 0 0 0 
0.447 0.143901 0.269753 0.074561 0.0693405 0.0333459 0 0 0 0 0 0 0 0 0 
0.446 0.143779 0.269501 0.0744977 0.0692815 0.0327196 0 0 0 0 0 0 0 0 0 
0.445 0.143656 0.269249 0.0744341 0.0692222 0.032095 0 0 0 0 0 0 0 0 0 
0.444 0.143533 0.268995 0.0743703 0.0691626 0.031472 0 0 0 0 0 0 0 0 0 
0.443 0.143409 0.26874 0.0743061 0.0691027 0.0308507 0 0 0 0 0 0 0 0 0 
0.442 0.143284 0.268485 0.0742417 0.0690426 0.0302311 0 0 0 0 0 0 0 0 0 
0.441 0.143159 0.268228 0.0741769 0.0689822 0.0296133 0 0 0 0 0 0 0 0 0 
0.44 0.143033 0.267969 0.0741118 0.0689215 0.0289972 0 0 0 0 0 0 0 0 0 
0.439 0.142907 0.26771 0.0740465 0.0688605 0.028383 0 0 0 0 0 0 0 0 0 
0.438 0.14278 0.267449 0.0739808 0.0687992 0.0277707 0 0 0 0 0 0 0 0 0 
0.437 0.142652 0.267187 0.0739147 0.0687376 0.0271603 0 0 0 0 0 0 0 0 0 
0.436 0.142524 0.266924 0.0738484 0.0686757 0.0265518 0 0 0 0 0 0 0 0 0 
0.435 0.142395 0.26666 0.0737816 0.0686135 0.0259454 0 0 0 0 0 0 0 0 0 
0.434 0.142265 0.266394 0.0737146 0.0685509 0.025341 0 0 0 0 0 0 0 0 0 
0.433 0.142135 0.266126 0.0736472 0.068488 0.0247386 0 0 0 0 0 0 0 0 0 
0.432 0.142004 0.265857 0.0735794 0.0684248 0.0241384 0 0 0 0 0 0 0 0 0 
0.431 0.141872 0.265587 0.0735112 0.0683612 0.0235404 0 0 0 0 0 0 0 0 0 
0.43 0.14174 0.265315 0.0734427 0.0682973 0.0229446 0 0 0 0 0 0 0 0 0 
0.429 0.141607 0.265042 0.0733738 0.068233 0.0223512 0 0 0 0 0 0 0 0 0 
0.428 0.141473 0.264767 0.0733044 0.0681683 0.02176 0 0 0 0 0 0 0 0 0 
0.427 0.141338 0.264491 0.0732347 0.0681033 0.0211713 0 0 0 0 0 0 0 0 0 
0.426 0.141202 0.264213 0.0731646 0.0680378 0.0205851 0 0 0 0 0 0 0 0 0 
0.425 0.141066 0.263933 0.073094 0.067972 0.0200014 0 0 0 0 0 0 0 0 0 
0.424 0.140929 0.263651 0.073023 0.0679058 0.0194202 0 0 0 0 0 0 0 0 0 
0.423 0.140791 0.263368 0.0729515 0.0678391 0.0188418 0 0 0 0 0 0 0 0 0 
0.422 0.140652 0.263082 0.0728796 0.067772 0.0182661 0 0 0 0 0 0 0 0 0 
0.421 0.140512 0.262795 0.0728072 0.0677045 0.0176933 0 0 0 0 0 0 0 0 0 
0.42 0.140371 0.262506 0.0727343 0.0676365 0.0171233 0 0 0 0 0 0 0 0 0 
0.419 0.140229 0.262215 0.072661 0.0675681 0.0165563 0 0 0 0 0 0 0 0 0 
0.418 0.140086 0.261921 0.0725871 0.0674992 0.0159924 0 0 0 0 0 0 0 0 0 
0.417 0.139943 0.261626 0.0725127 0.0674298 0.0154317 0 0 0 0 0 0 0 0 0 
0.416 0.139798 0.261328 0.0724378 0.0673599 0.0148743 0 0 0 0 0 0 0 0 0 
0.415 0.139652 0.261028 0.0723623 0.0672895 0.0143202 0 0 0 0 0 0 0 0 0 
0.414 0.139505 0.260726 0.0722862 0.0672185 0.0137697 0 0 0 0 0 0 0 0 0 
0.413 0.139357 0.260421 0.0722095 0.067147 0.0132227 0 0 0 0 0 0 0 0 0 
0.412 0.139207 0.260113 0.0721322 0.0670749 0.0126796 0 0 0 0 0 0 0 0 0 
0.411 0.139057 0.259803 0.0720543 0.0670023 0.0121402 0 0 0 0 0 0 0 0 0 
0.41 0.138905 0.25949 0.0719757 0.066929 0.0116049 0 0 0 0 0 0 0 0 0 
0.409 0.138752 0.259175 0.0718965 0.0668551 0.0110738 0 0 0 0 0 0 0 0 0 
0.408 0.138597 0.258856 0.0718165 0.0667805 0.0105471 0 0 0 0 0 0 0 0 0 
0.407 0.138441 0.258534 0.0717358 0.0667052 0.0100248 0 0 0 0 0 0 0 0 0 
0.406 0.138284 0.258209 0.0716544 0.0666293 0.00950733 0 0 0 0 0 0 0 0 0 
0.405 0.138125 0.257881 0.0715721 0.0665526 0.00899474 0 0 0 0 0 0 0 0 0 
0.404 0.137964 0.257549 0.0714891 0.0664751 0.0084873 0 0 0 0 0 0 0 0 0 
0.403 0.137802 0.257213 0.0714051 0.0663968 0.00798526 0 0 0 0 0 0 0 0 0 
0.402 0.137638 0.256873 0.0713203 0.0663177 0.0074889 0 0 0 0 0 0 0 0 0 
0.401 0.137472 0.256529 0.0712344 0.0662376 0.0069985 0 0 0 0 0 0 0 0 0 
0.4 0.137304 0.256181 0.0711476 0.0661567 0.00651439 0 0 0 0 0 0 0 0 0 
0.399 0.137134 0.255829 0.0710598 0.0660747 0.00603695 0 0 0 0 0 0 0 0 0 
0.398 0.136963 0.255471 0.0709708 0.0659917 0.00556656 0 0 0 0 0 0 0 0 0 
0.397 0.136788 0.255108 0.0708806 0.0659076 0.00510368 0 0 0 0 0 0 0 0 0 
0.396 0.136611 0.25474 0.0707891 0.0658223 0.00464883 0 0 0 0 0 0 0 0 0 
0.395 0.136432 0.254365 0.0706963 0.0657358 0.00420258 0 0 0 0 0 0 0 0 0 
0.394 0.13625 0.253984 0.0706021 0.0656479 0.00376562 0 0 0 0 0 0 0 0 0 
0.393 0.136065 0.253597 0.0705062 0.0655585 0.00333871 0 0 0 0 0 0 0 0 0 
0.392 0.135876 0.253201 0.0704086 0.0654675 0.00292277 0 0 0 0 0 0 0 0 0 
0.391 0.135684 0.252797 0.0703092 0.0653748 0.00251891 0 0 0 0 0 0 0 0 0 
0.39 0.135488 0.252384 0.0702076 0.0652801 0.00212844 0 0 0 0 0 0 0 0 0 
0.389 0.135287 0.25196 0.0701037 0.0651832 0.00175303 0 0 0 0 0 0 0 0 0 
0.388 0.135081 0.251524 0.0699972 0.0650839 0.00139479 0 0 0 0 0 0 0 0 0 
0.387 0.134869 0.251074 0.0698876 0.0649816 0.00105654 0 0 0 0 0 0 0 0 0 
0.386 0.13465 0.250608 0.0697742 0.064876 0.00074221 0 0 0 0 0 0 0 0 0 
0.385 0.134422 0.25012 0.0696563 0.064766 0.00045776 0 0 0 0 0 0 0 0 0 
0.384 0.134183 0.249604 0.0695322 0.0646503 0.000213443 0 0 0 0 0 0 0 0 0 
0.383 0.133924 0.249043 0.0693984 0.0645255 3.29853e-05 0 0 0 0 0 0 0 0 0 
0.382 0.133622 0.248378 0.0692422 0.0643799 0 0 0 0 0 0 0 0 0 0 
0.381 0.13331 0.24769 0.0690809 0.0642295 0 0 0 0 0 0 0 0 0 0 
0.38 0.132998 0.247002 0.0689194 0.0640789 0 0 0 0 0 0 0 0 0 0 
0.379 0.132686 0.246314 0.0687578 0.0639282 0 0 0 0 0 0 0 0 0 0 
0.378 0.132373 0.245627 0.068596 0.0637774 0 0 0 0 0 0 0 0 0 0 
0.377 0.132061 0.244939 0.0684341 0.0636265 0 0 0 0 0 0 0 0 0 0 
0.376 0.131748 0.244252 0.0682721 0.0634754 0 0 0 0 0 0 0 0 0 0 
0.375 0.131434 0.243566 0.0681099 0.0633242 0 0 0 0 0 0 0 0 0 0 
0.374 0.131121 0.242879 0.0679476 0.0631729 0 0 0 0 0 0 0 0 0 0 
0.373 0.130807 0.242193 0.0677851 0.0630215 0 0 0 0 0 0 0 0 0 0 
0.372 0.130492 0.241508 0.0676225 0.0628699 0 0 0 0 0 0 0 0 0 0 
0.371 0.130178 0.240822 0.0674598 0.0627182 0 0 0 0 0 0 0 0 0 0 
0.37 0.129863 0.240137 0.0672969 0.0625663 0 0 0 0 0 0 0 0 0 0 
0.369 0.129548 0.239452 0.0671338 0.0624143 0 0 0 0 0 0 0 0 0 0 
0.368 0.129233 0.238767 0.0669707 0.0622622 0 0 0 0 0 0 0 0 0 0 
0.367 0.128917 0.238083 0.0668073 0.06211 0 0 0 0 0 0 0 0 0 0 
0.366 0.128601 0.237399 0.0666439 0.0619576 0 0 0 0 0 0 0 0 0 0 
0.365 0.128285 0.236715 0.0664803 0.0618051 0 0 0 0 0 0 0 0 0 0 
0.364 0.127969 0.236031 0.0663165 0.0616525 0 0 0 0 0 0 0 0 0 0 
0.363 0.127652 0.235348 0.0661526 0.0614997 0 0 0 0 0 0 0 0 0 0 
0.362 0.127335 0.234665 0.0659885 0.0613468 0 0 0 0 0 0 0 0 0 0 
0.361 0.127018 0.233982 0.0658244 0.0611938 0 0 0 0 0 0 0 0 0 0 
0.36 0.126701 0.233299 0.06566 0.0610406 0 0 0 0 0 0 0 0 0 0 
0.359 0.126383 0.232617 0.0654955 0.0608873 0 0 0 0 0 0 0 0 0 0 
0.358 0.126065 0.231935 0.0653309 0.0607339 0 0 0 0 0 0 0 0 0 0 
0.357 0.125746 0.231254 0.0651661 0.0605803 0 0 0 0 0 0 0 0 0 0 
0.356 0.125428 0.230572 0.0650012 0.0604266 0 0 0 0 0 0 0 0 0 0 
0.355 0.125109 0.229891 0.0648361 0.0602728 0 0 0 0 0 0 0 0 0 0 
0.354 0.12479 0.22921 0.0646709 0.0601188 0 0 0 0 0 0 0 0 0 0 
0.353 0.12447 0.22853 0.0645056 0.0599647 0 0 0 0 0 0 0 0 0 0 
0.352 0.12415 0.22785 0.0643401 0.0598104 0 0 0 0 0 0 0 0 0 0 
0.351 0.12383 0.22717 0.0641744 0.0596561 0 0 0 0 0 0 0 0 0 0 
0.35 0.12351 0.22649 0.0640086 0.0595016 0 0 0 0 0 0 0 0 0 0 
0.349 0.12319 0.22581 0.0638426 0.0593469 0 0 0 0 0 0 0 0 0 0 
0.348 0.122869 0.225131 0.0636766 0.0591922 0 0 0 0 0 0 0 0 0 0 
0.347 0.122548 0.224452 0.0635103 0.0590373 0 0 0 0 0 0 0 0 0 0 
0.346 0.122226 0.223774 0.0633439 0.0588822 0 0 0 0 0 0 0 0 0 0 
0.345 0.121904 0.223096 0.0631774 0.0587271 0 0 0 0 0 0 0 0 0 0 
0.344 0.121582 0.222418 0.0630107 0.0585718 0 0 0 0 0 0 0 0 0 0 
0.343 0.12126 0.22174 0.0628439 0.0584163 0 0 0 0 0 0 0 0 0 0 
0.342 0.120938 0.221062 0.0626769 0.0582607 0 0 0 0 0 0 0 0 0 0 
0.341 0.120615 0.220385 0.0625098 0.058105 0 0 0 0 0 0 0 0 0 0 
0.34 0.120292 0.219708 0.0623425 0.0579492 0 0 0 0 0 0 0 0 0 0 
0.339 0.119968 0.219032 0.0621751 0.0577932 0 0 0 0 0 0 0 0 0 0 
0.338 0.119645 0.218355 0.0620076 0.0576371 0 0 0 0 0 0 0 0 0 0 
0.337 0.119321 0.217679 0.0618399 0.0574809 0 0 0 0 0 0 0 0 0 0 
0.336 0.118997 0.217003 0.061672 0.0573245 0 0 0 0 0 0 0 0 0 0 
0.335 0.118672 0.216328 0.061504 0.057168 0 0 0 0 0 0 0 0 0 0 
0.334 0.118347 0.215653 0.0613359 0.0570114 0 0 0 0 0 0 0 0 0 0 
0.333 0.118022 0.214978 0.0611676 0.0568546 0 0 0 0 0 0 0 0 0 0 
0.332 0.117697 0.214303 0.0609992 0.0566977 0 0 0 0 0 0 0 0 0 0 
0.331 0.117371 0.213629 0.0608306 0.0565407 0 0 0 0 0 0 0 0 0 0 
0.33 0.117045 0.212955 0.0606619 0.0563835 0 0 0 0 0 0 0 0 0 0 
0.329 0.116719 0.212281 0.060493 0.0562262 0 0 0 0 0 0 0 0 0 0 
0.328 0.116393 0.211607 0.060324 0.0560688 0 0 0 0 0 0 0 0 0 0 
0.327 0.116066 0.210934 0.0601549 0.0559112 0 0 0 0 0 0 0 0 0 0 
0.326 0.115739 0.210261 0.0599856 0.0557535 0 0 0 0 0 0 0 0 0 0 
0.325 0.115412 0.209588 0.0598162 0.0555957 0 0 0 0 0 0 0 0 0 0 
0.324 0.115084 0.208916 0.0596466 0.0554378 0 0 0 0 0 0 0 0 0 0 
0.323 0.114757 0.208243 0.0594769 0.0552797 0 0 0 0 0 0 0 0 0 0 
0.322 0.114428 0.207572 0.059307 0.0551215 0 0 0 0 0 0 0 0 0 0 
0.321 0.1141 0.2069 0.059137 0.0549632 0 0 0 0 0 0 0 0 0 0 
0.32 0.113772 0.206228 0.0589669 0.0548047 0 0 0 0 0 0 0 0 0 0 
0.319 0.113443 0.205557 0.0587966 0.0546461 0 0 0 0 0 0 0 0 0 0 
0.318 0.113114 0.204886 0.0586262 0.0544874 0 0 0 0 0 0 0 0 0 0 
0.317 0.112784 0.204216 0.0584557 0.0543286 0 0 0 0 0 0 0 0 0 0 
0.316 0.112455 0.203545 0.058285 0.0541696 0 0 0 0 0 0 0 0 0 0 
0.315 0.112125 0.202875 0.0581141 0.0540105 0 0 0 0 0 0 0 0 0 0 
0.314 0.111795 0.202205 0.0579432 0.0538513 0 0 0 0 0 0 0 0 0 0 
0.313 0.111464 0.201536 0.0577721 0.053692 0 0 0 0 0 0 0 0 0 0 
0.312 0.111133 0.200867 0.0576009 0.0535325 0 0 0 0 0 0 0 0 0 0 
0.311 0.110802 0.200198 0.0574295 0.053373 0 0 0 0 0 0 0 0 0 0 
0.31 0.110471 0.199529 0.057258 0.0532133 0 0 0 0 0 0 0 0 0 0 
0.309 0.11014 0.19886 0.0570864 0.0530535 0 0 0 0 0 0 0 0 0 0 
0.308 0.109808 0.198192 0.0569147 0.0528935 0 0 0 0 0 0 0 0 0 0 
0.307 0.109476 0.197524 0.0567428 0.0527335 0 0 0 0 0 0 0 0 0 0 
0.306 0.109144 0.196856 0.0565708 0.0525733 0 0 0 0 0 0 0 0 0 0 
0.305 0.108812 0.196188 0.0563986 0.052413 0 0 0 0 0 0 0 0 0 0 
0.304 0.108479 0.195521 0.0562264 0.0522526 0 0 0 0 0 0 0 0 0 0 
0.303 0.108146 0.194854 0.056054 0.0520921 0 0 0 0 0 0 0 0 0 0 
0.302 0.107813 0.194187 0.0558815 0.0519315 0 0 0 0 0 0 0 0 0 0 
0.301 0.10748 0.19352 0.0557088 0.0517708 0 0 0 0 0 0 0 0 0 0 
0.3 0.107146 0.192854 0.0555361 0.0516099 0 0 0 0 0 0 0 0 0 0 
0.299 0.106812 0.192188 0.0553632 0.051449 0 0 0 0 0 0 0 0 0 0 
0.298 0.106478 0.191522 0.0551902 0.0512879 0 0 0 0 0 0 0 0 0 0 
0.297 0.106144 0.190856 0.0550171 0.0511267 0 0 0 0 0 0 0 0 0 0 
0.296 0.105809 0.190191 0.0548439 0.0509655 0 0 0 0 0 0 0 0 0 0 
0.295 0.105475 0.189525 0.0546705 0.0508041 0 0 0 0 0 0 0 0 0 0 
0.294 0.10514 0.18886 0.0544971 0.0506426 0 0 0 0 0 0 0 0 0 0 
0.293 0.104805 0.188195 0.0543235 0.050481 0 0 0 0 0 0 0 0 0 0 
0.292 0.104469 0.187531 0.0541499 0.0503193 0 0 0 0 0 0 0 0 0 0 
0.291 0.104134 0.186866 0.0539761 0.0501576 0 0 0 0 0 0 0 0 0 0 
0.29 0.103798 0.186202 0.0538022 0.0499957 0 0 0 0 0 0 0 0 0 0 
0.289 0.103462 0.185538 0.0536282 0.0498337 0 0 0 0 0 0 0 0 0 0 
0.288 0.103126 0.184874 0.0534541 0.0496717 0 0 0 0 0 0 0 0 0 0 
0.287 0.102789 0.184211 0.0532799 0.0495095 0 0 0 0 0 0 0 0 0 0 
0.286 0.102453 0.183547 0.0531056 0.0493473 0 0 0 0 0 0 0 0 0 0 
0.285 0.102116 0.182884 0.0529312 0.0491849 0 0 0 0 0 0 0 0 0 0 
0.284 0.101779 0.182221 0.0527567 0.0490225 0 0 0 0 0 0 0 0 0 0 
0.283 0.101442 0.181558 0.0525821 0.04886 0 0 0 0 0 0 0 0 0 0 
0.282 0.101105 0.180895 0.0524074 0.0486974 0 0 0 0 0 0 0 0 0 0 
0.281 0.100767 0.180233 0.0522326 0.0485347 0 0 0 0 0 0 0 0 0 0 
0.28 0.10043 0.17957 0.0520578 0.048372 0 0 0 0 0 0 0 0 0 0 
0.279 0.100092 0.178908 0.0518828 0.0482091 0 0 0 0 0 0 0 0 0 0 
0.278 0.099754 0.178246 0.0517078 0.0480462 0 0 0 0 0 0 0 0 0 0 
0.277 0.0994159 0.177584 0.0515327 0.0478832 0 0 0 0 0 0 0 0 0 0 
0.276 0.0990777 0.176922 0.0513575 0.0477202 0 0 0 0 0 0 0 0 0 0 
0.275 0.0987393 0.176261 0.0511822 0.0475571 0 0 0 0 0 0 0 0 0 0 
0.274 0.0984007 0.175599 0.0510069 0.0473939 0 0 0 0 0 0 0 0 0 0 
0.273 0.0980621 0.174938 0.0508314 0.0472306 0 0 0 0 0 0 0 0 0 0 
0.272 0.0977232 0.174277 0.0506559 0.0470673 0 0 0 0 0 0 0 0 0 0 
0.271 0.0973843 0.173616 0.0504804 0.0469039 0 0 0 0 0 0 0 0 0 0 
0.27 0.0970452 0.172955 0.0503047 0.0467405 0 0 0 0 0 0 0 0 0 0 
0.269 0.096706 0.172294 0.050129 0.046577 0 0 0 0 0 0 0 0 0 0 
0.268 0.0963667 0.171633 0.0499533 0.0464134 0 0 0 0 0 0 0 0 0 0 
0.267 0.0960273 0.170973 0.0497775 0.0462498 0 0 0 0 0 0 0 0 0 0 
0.266 0.0956878 0.170312 0.0496016 0.0460861 0 0 0 0 0 0 0 0 0 0 
0.265 0.0953481 0.169652 0.0494257 0.0459224 0 0 0 0 0 0 0 0 0 0 
0.264 0.0950084 0.168992 0.0492497 0.0457587 0 0 0 0 0 0 0 0 0 0 
0.263 0.0946686 0.168331 0.0490737 0.0455949 0 0 0 0 0 0 0 0 0 0 
0.262 0.0943286 0.167671 0.0488976 0.0454311 0 0 0 0 0 0 0 0 0 0 
0.261 0.0939886 0.167011 0.0487215 0.0452672 0 0 0 0 0 0 0 0 0 0 
0.26 0.0936486 0.166351 0.0485453 0.0451033 0 0 0 0 0 0 0 0 0 0 
0.259 0.0933084 0.165692 0.0483691 0.0449393 0 0 0 0 0 0 0 0 0 0 
0.258 0.0929682 0.165032 0.0481929 0.0447753 0 0 0 0 0 0 0 0 0 0 
0.257 0.0926279 0.164372 0.0480166 0.0446113 0 0 0 0 0 0 0 0 0 0 
0.256 0.0922876 0.163712 0.0478403 0.0444473 0 0 0 0 0 0 0 0 0 0 
0.255 0.0919472 0.163053 0.0476639 0.0442832 0 0 0 0 0 0 0 0 0 0 
0.254 0.0916067 0.162393 0.0474876 0.0441192 0 0 0 0 0 0 0 0 0 0 
0.253 0.0912662 0.161734 0.0473112 0.043955 0 0 0 0 0 0 0 0 0 0 
0.252 0.0909257 0.161074 0.0471348 0.0437909 0 0 0 0 0 0 0 0 0 0 
0.251 0.0905852 0.160415 0.0469584 0.0436268 0 0 0 0 0 0 0 0 0 0 
0.25 0.0902446 0.159755 0.0467819 0.0434627 0 0 0 0 0 0 0 0 0 0 
0.249 0.089904 0.159096 0.0466055 0.0432985 0 0 0 0 0 0 0 0 0 0 
0.248 0.0895634 0.158437 0.046429 0.0431343 0 0 0 0 0 0 0 0 0 0 
0.247 0.0892227 0.157777 0.0462526 0.0429702 0 0 0 0 0 0 0 0 0 0 
0.246 0.0888821 0.157118 0.0460761 0.042806 0 0 0 0 0 0 0 0 0 0 
0.245 0.0885415 0.156459 0.0458996 0.0426419 0 0 0 0 0 0 0 0 0 0 
0.244 0.0882008 0.155799 0.0457231 0.0424777 0 0 0 0 0 0 0 0 0 0 
0.243 0.0878602 0.15514 0.0455467 0.0423135 0 0 0 0 0 0 0 0 0 0 
0.242 0.0875196 0.15448 0.0453702 0.0421494 0 0 0 0 0 0 0 0 0 0 
0.241 0.087179 0.153821 0.0451938 0.0419853 0 0 0 0 0 0 0 0 0 0 
0.24 0.0868385 0.153162 0.0450173 0.0418211 0 0 0 0 0 0 0 0 0 0 
0.239 0.0864979 0.152502 0.0448409 0.041657 0 0 0 0 0 0 0 0 0 0 
0.238 0.0861574 0.151843 0.0446645 0.0414929 0 0 0 0 0 0 0 0 0 0 
0.237 0.085817 0.151183 0.0444881 0.0413289 0 0 0 0 0 0 0 0 0 0 
0.236 0.0854766 0.150523 0.0443117 0.0411648 0 0 0 0 0 0 0 0 0 0 
0.235 0.0851362 0.149864 0.0441354 0.0410008 0 0 0 0 0 0 0 0 0 0 
0.234 0.0847959 0.149204 0.0439591 0.0408368 0 0 0 0 0 0 0 0 0 0 
0.233 0.0844557 0.148544 0.0437828 0.0406729 0 0 0 0 0 0 0 0 0 0 
0.232 0.0841155 0.147884 0.0436066 0.0405089 0 0 0 0 0 0 0 0 0 0 
0.231 0.0837754 0.147225 0.0434303 0.0403451 0 0 0 0 0 0 0 0 0 0 
0.23 0.0834354 0.146565 0.0432542 0.0401812 0 0 0 0 0 0 0 0 0 0 
0.229 0.0830954 0.145905 0.043078 0.0400174 0 0 0 0 0 0 0 0 0 0 
0.228 0.0827555 0.145244 0.0429019 0.0398536 0 0 0 0 0 0 0 0 0 0 
0.227 0.0824158 0.144584 0.0427259 0.0396899 0 0 0 0 0 0 0 0 0 0 
0.226 0.0820761 0.143924 0.0425499 0.0395262 0 0 0 0 0 0 0 0 0 0 
0.225 0.0817365 0.143264 0.0423739 0.0393626 0 0 0 0 0 0 0 0 0 0 
0.224 0.081397 0.142603 0.042198 0.039199 0 0 0 0 0 0 0 0 0 0 
0.223 0.0810576 0.141942 0.0420222 0.0390354 0 0 0 0 0 0 0 0 0 0 
0.222 0.0807183 0.141282 0.0418464 0.038872 0 0 0 0 0 0 0 0 0 0 
0.221 0.0803792 0.140621 0.0416706 0.0387085 0 0 0 0 0 0 0 0 0 0 
0.22 0.0800401 0.13996 0.041495 0.0385452 0 0 0 0 0 0 0 0 0 0 
0.219 0.0797012 0.139299 0.0413193 0.0383819 0 0 0 0 0 0 0 0 0 0 
0.218 0.0793624 0.138638 0.0411438 0.0382186 0 0 0 0 0 0 0 0 0 0 
0.217 0.0790237 0.137976 0.0409683 0.0380554 0 0 0 0 0 0 0 0 0 0 
0.216 0.0786852 0.137315 0.0407929 0.0378923 0 0 0 0 0 0 0 0 0 0 
0.215 0.0783468 0.136653 0.0406175 0.0377292 0 0 0 0 0 0 0 0 0 0 
0.214 0.0780085 0.135992 0.0404422 0.0375662 0 0 0 0 0 0 0 0 0 0 
0.213 0.0776703 0.13533 0.040267 0.0374033 0 0 0 0 0 0 0 0 0 0 
0.212 0.0773324 0.134668 0.0400919 0.0372405 0 0 0 0 0 0 0 0 0 0 
0.211 0.0769945 0.134005 0.0399168 0.0370777 0 0 0 0 0 0 0 0 0 0 
0.21 0.0766568 0.133343 0.0397418 0.036915 0 0 0 0 0 0 0 0 0 0 
0.209 0.0763193 0.132681 0.0395669 0.0367524 0 0 0 0 0 0 0 0 0 0 
0.208 0.0759819 0.132018 0.0393921 0.0365898 0 0 0 0 0 0 0 0 0 0 
0.207 0.0756446 0.131355 0.0392173 0.0364273 0 0 0 0 0 0 0 0 0 0 
0.206 0.0753075 0.130692 0.0390426 0.0362649 0 0 0 0 0 0 0 0 0 0 
0.205 0.0749706 0.130029 0.038868 0.0361026 0 0 0 0 0 0 0 0 0 0 
0.204 0.0746338 0.129366 0.0386935 0.0359403 0 0 0 0 0 0 0 0 0 0 
0.203 0.0742972 0.128703 0.0385191 0.0357782 0 0 0 0 0 0 0 0 0 0 
0.202 0.0739608 0.128039 0.0383447 0.0356161 0 0 0 0 0 0 0 0 0 0 
0.201 0.0736245 0.127375 0.0381705 0.035454 0 0 0 0 0 0 0 0 0 0 
0.2 0.0732884 0.126712 0.0379963 0.0352921 0 0 0 0 0 0 0 0 0 0 
0.199 0.0729525 0.126048 0.0378222 0.0351303 0 0 0 0 0 0 0 0 0 0 
0.198 0.0726167 0.125383 0.0376482 0.0349685 0 0 0 0 0 0 0 0 0 0 
0.197 0.0722811 0.124719 0.0374743 0.0348068 0 0 0 0 0 0 0 0 0 0 
0.196 0.0719456 0.124054 0.0373004 0.0346452 0 0 0 0 0 0 0 0 0 0 
0.195 0.0716103 0.12339 0.0371267 0.0344837 0 0 0 0 0 0 0 0 0 0 
0.194 0.0712752 0.122725 0.036953 0.0343222 0 0 0 0 0 0 0 0 0 0 
0.193 0.0709403 0.12206 0.0367794 0.0341609 0 0 0 0 0 0 0 0 0 0 
0.192 0.0706055 0.121394 0.0366059 0.0339996 0 0 0 0 0 0 0 0 0 0 
0.191 0.0702709 0.120729 0.0364325 0.0338384 0 0 0 0 0 0 0 0 0 0 
0.19 0.0699364 0.120064 0.0362592 0.0336773 0 0 0 0 0 0 0 0 0 0 
0.189 0.0696022 0.119398 0.0360859 0.0335162 0 0 0 0 0 0 0 0 0 0 
0.188 0.069268 0.118732 0.0359128 0.0333552 0 0 0 0 0 0 0 0 0 0 
0.187 0.0689341 0.118066 0.0357397 0.0331944 0 0 0 0 0 0 0 0 0 0 
0.186 0.0686003 0.1174 0.0355667 0.0330336 0 0 0 0 0 0 0 0 0 0 
0.185 0.0682666 0.116733 0.0353938 0.0328728 0 0 0 0 0 0 0 0 0 0 
0.184 0.0679331 0.116067 0.035221 0.0327122 0 0 0 0 0 0 0 0 0 0 
0.183 0.0675998 0.1154 0.0350482 0.0325516 0 0 0 0 0 0 0 0 0 0 
0.182 0.0672666 0.114733 0.0348755 0.0323911 0 0 0 0 0 0 0 0 0 0 
0.181 0.0669336 0.114066 0.0347029 0.0322307 0 0 0 0 0 0 0 0 0 0 
0.18 0.0666007 0.113399 0.0345304 0.0320703 0 0 0 0 0 0 0 0 0 0 
0.179 0.066268 0.112732 0.0343579 0.03191 0 0 0 0 0 0 0 0 0 0 
0.178 0.0659353 0.112065 0.0341856 0.0317498 0 0 0 0 0 0 0 0 0 0 
0.177 0.0656029 0.111397 0.0340132 0.0315896 0 0 0 0 0 0 0 0 0 0 
0.176 0.0652705 0.110729 0.033841 0.0314295 0 0 0 0 0 0 0 0 0 0 
0.175 0.0649383 0.110062 0.0336688 0.0312695 0 0 0 0 0 0 0 0 0 0 
0.174 0.0646062 0.109394 0.0334967 0.0311095 0 0 0 0 0 0 0 0 0 0 
0.173 0.0642743 0.108726 0.0333246 0.0309496 0 0 0 0 0 0 0 0 0 0 
0.172 0.0639424 0.108058 0.0331526 0.0307898 0 0 0 0 0 0 0 0 0 0 
0.171 0.0636107 0.107389 0.0329807 0.03063 0 0 0 0 0 0 0 0 0 0 
0.17 0.0632791 0.106721 0.0328088 0.0304702 0 0 0 0 0 0 0 0 0 0 
0.169 0.0629475 0.106052 0.032637 0.0303105 0 0 0 0 0 0 0 0 0 0 
0.168 0.0626161 0.105384 0.0324652 0.0301509 0 0 0 0 0 0 0 0 0 0 
0.167 0.0622847 0.104715 0.0322934 0.0299913 0 0 0 0 0 0 0 0 0 0 
0.166 0.0619535 0.104047 0.0321218 0.0298317 0 0 0 0 0 0 0 0 0 0 
0.165 0.0616223 0.103378 0.0319501 0.0296722 0 0 0 0 0 0 0 0 0 0 
0.164 0.0612912 0.102709 0.0317785 0.0295127 0 0 0 0 0 0 0 0 0 0 
0.163 0.0609601 0.10204 0.0316069 0.0293533 0 0 0 0 0 0 0 0 0 0 
0.162 0.0606292 0.101371 0.0314353 0.0291938 0 0 0 0 0 0 0 0 0 0 
0.161 0.0602982 0.100702 0.0312638 0.0290344 0 0 0 0 0 0 0 0 0 0 
0.16 0.0599673 0.100033 0.0310923 0.0288751 0 0 0 0 0 0 0 0 0 0 
0.159 0.0596365 0.0993635 0.0309208 0.0287157 0 0 0 0 0 0 0 0 0 0 
0.158 0.0593057 0.0986943 0.0307493 0.0285564 0 0 0 0 0 0 0 0 0 0 
0.157 0.0589749 0.0980251 0.0305779 0.028397 0 0 0 0 0 0 0 0 0 0 
0.156 0.0586441 0.0973559 0.0304064 0.0282377 0 0 0 0 0 0 0 0 0 0 
0.155 0.0583134 0.0966866 0.030235 0.0280784 0 0 0 0 0 0 0 0 0 0 
0.154 0.0579826 0.0960174 0.0300635 0.0279191 0 0 0 0 0 0 0 0 0 0 
0.153 0.0576518 0.0953482 0.0298921 0.0277598 0 0 0 0 0 0 0 0 0 0 
0.152 0.057321 0.094679 0.0297206 0.0276004 0 0 0 0 0 0 0 0 0 0 
0.151 0.0569902 0.0940098 0.0295491 0.0274411 0 0 0 0 0 0 0 0 0 0 
0.15 0.0566593 0.0933407 0.0293776 0.0272817 0 0 0 0 0 0 0 0 0 0 
0.149 0.0563284 0.0926716 0.0292061 0.0271224 0 0 0 0 0 0 0 0 0 0 
0.148 0.0559975 0.0920025 0.0290345 0.026963 0 0 0 0 0 0 0 0 0 0 
0.147 0.0556665 0.0913335 0.0288629 0.0268035 0 0 0 0 0 0 0 0 0 0 
0.146 0.0553354 0.0906646 0.0286913 0.0266441 0 0 0 0 0 0 0 0 0 0 
0.145 0.0550042 0.0899958 0.0285196 0.0264846 0 0 0 0 0 0 0 0 0 0 
0.144 0.0546729 0.0893271 0.0283479 0.026325 0 0 0 0 0 0 0 0 0 0 
0.143 0.0543415 0.0886585 0.0281761 0.0261654 0 0 0 0 0 0 0 0 0 0 
0.142 0.0540101 0.0879899 0.0280043 0.0260057 0 0 0 0 0 0 0 0 0 0 
0.141 0.0536784 0.0873216 0.0278324 0.025846 0 0 0 0 0 0 0 0 0 0 
0.14 0.0533467 0.0866533 0.0276604 0.0256863 0 0 0 0 0 0 0 0 0 0 
0.139 0.0530148 0.0859852 0.0274884 0.0255264 0 0 0 0 0 0 0 0 0 0 
0.138 0.0526827 0.0853173 0.0273162 0.0253665 0 0 0 0 0 0 0 0 0 0 
0.137 0.0523505 0.0846495 0.027144 0.0252065 0 0 0 0 0 0 0 0 0 0 
0.136 0.0520181 0.0839819 0.0269717 0.0250464 0 0 0 0 0 0 0 0 0 0 
0.135 0.0516855 0.0833145 0.0267993 0.0248862 0 0 0 0 0 0 0 0 0 0 
0.134 0.0513526 0.0826474 0.0266267 0.0247259 0 0 0 0 0 0 0 0 0 0 
0.133 0.0510196 0.0819804 0.0264541 0.0245655 0 0 0 0 0 0 0 0 0 0 
0.132 0.0506863 0.0813137 0.0262813 0.024405 0 0 0 0 0 0 0 0 0 0 
0.131 0.0503528 0.0806472 0.0261084 0.0242444 0 0 0 0 0 0 0 0 0 0 
0.13 0.0500191 0.0799809 0.0259354 0.0240836 0 0 0 0 0 0 0 0 0 0 
0.129 0.049685 0.079315 0.0257622 0.0239228 0 0 0 0 0 0 0 0 0 0 
0.128 0.0493507 0.0786493 0.0255889 0.0237618 0 0 0 0 0 0 0 0 0 0 
0.127 0.0490161 0.0779839 0.0254155 0.0236006 0 0 0 0 0 0 0 0 0 0 
0.126 0.0486811 0.0773189 0.0252418 0.0234393 0 0 0 0 0 0 0 0 0 0 
0.125 0.0483459 0.0766541 0.025068 0.0232779 0 0 0 0 0 0 0 0 0 0 
0.124 0.0480103 0.0759897 0.0248941 0.0231162 0 0 0 0 0 0 0 0 0 0 
0.123 0.0476743 0.0753257 0.0247199 0.0229544 0 0 0 0 0 0 0 0 0 0 
0.122 0.047338 0.074662 0.0245455 0.0227925 0 0 0 0 0 0 0 0 0 0 
0.121 0.0470013 0.0739987 0.024371 0.0226303 0 0 0 0 0 0 0 0 0 0 
0.12 0.0466643 0.0733357 0.0241963 0.022468 0 0 0 0 0 0 0 0 0 0 
0.119 0.0463268 0.0726732 0.0240213 0.0223055 0 0 0 0 0 0 0 0 0 0 
0.118 0.0459889 0.0720111 0.0238461 0.0221428 0 0 0 0 0 0 0 0 0 0 
0.117 0.0456505 0.0713495 0.0236707 0.0219798 0 0 0 0 0 0 0 0 0 0 
0.116 0.0453117 0.0706883 0.023495 0.0218167 0 0 0 0 0 0 0 0 0 0 
0.115 0.0449724 0.0700276 0.0233192 0.0216533 0 0 0 0 0 0 0 0 0 0 
0.114 0.0446327 0.0693673 0.023143 0.0214897 0 0 0 0 0 0 0 0 0 0 
0.113 0.0442924 0.0687076 0.0229666 0.0213258 0 0 0 0 0 0 0 0 0 0 
0.112 0.0439517 0.0680483 0.02279 0.0211617 0 0 0 0 0 0 0 0 0 0 
0.111 0.0436104 0.0673896 0.022613 0.0209974 0 0 0 0 0 0 0 0 0 0 
0.11 0.0432685 0.0667315 0.0224358 0.0208327 0 0 0 0 0 0 0 0 0 0 
0.109 0.0429262 0.0660738 0.0222583 0.0206679 0 0 0 0 0 0 0 0 0 0 
0.108 0.0425832 0.0654168 0.0220805 0.0205027 0 0 0 0 0 0 0 0 0 0 
0.107 0.0422396 0.0647604 0.0219024 0.0203373 0 0 0 0 0 0 0 0 0 0 
0.106 0.0418955 0.0641045 0.0217239 0.0201715 0 0 0 0 0 0 0 0 0 0 
0.105 0.0415507 0.0634493 0.0215452 0.0200055 0 0 0 0 0 0 0 0 0 0 
0.104 0.0412053 0.0627947 0.0213661 0.0198392 0 0 0 0 0 0 0 0 0 0 
0.103 0.0408592 0.0621408 0.0211867 0.0196725 0 0 0 0 0 0 0 0 0 0 
0.102 0.0405125 0.0614875 0.0210069 0.0195056 0 0 0 0 0 0 0 0 0 0 
0.101 0.0401651 0.0608349 0.0208268 0.0193383 0 0 0 0 0 0 0 0 0 0 
0.1 0.039817 0.060183 0.0206463 0.0191707 0 0 0 0 0 0 0 0 0 0 
0.099 0.0394682 0.0595318 0.0204655 0.0190027 0 0 0 0 0 0 0 0 0 0 
0.098 0.0391186 0.0588814 0.0202843 0.0188344 0 0 0 0 0 0 0 0 0 0 
0.097 0.0387684 0.0582316 0.0201027 0.0186657 0 0 0 0 0 0 0 0 0 0 
0.096 0.0384173 0.0575827 0.0199206 0.0184967 0 0 0 0 0 0 0 0 0 0 
0.095 0.0380655 0.0569345 0.0197382 0.0183273 0 0 0 0 0 0 0 0 0 0 
0.094 0.0377129 0.0562871 0.0195554 0.0181575 0 0 0 0 0 0 0 0 0 0 
0.093 0.0373595 0.0556405 0.0193722 0.0179873 0 0 0 0 0 0 0 0 0 0 
0.092 0.0370052 0.0549948 0.0191885 0.0178167 0 0 0 0 0 0 0 0 0 0 
0.091 0.0366502 0.0543498 0.0190044 0.0176457 0 0 0 0 0 0 0 0 0 0 
0.09 0.0362943 0.0537057 0.0188199 0.0174744 0 0 0 0 0 0 0 0 0 0 
0.089 0.0359375 0.0530625 0.0186349 0.0173026 0 0 0 0 0 0 0 0 0 0 
0.088 0.0355798 0.0524202 0.0184495 0.0171303 0 0 0 0 0 0 0 0 0 0 
0.087 0.0352213 0.0517787 0.0182636 0.0169577 0 0 0 0 0 0 0 0 0 0 
0.086 0.0348618 0.0511382 0.0180772 0.0167846 0 0 0 0 0 0 0 0 0 0 
0.085 0.0345014 0.0504986 0.0178904 0.0166111 0 0 0 0 0 0 0 0 0 0 
0.084 0.0341401 0.0498599 0.017703 0.0164371 0 0 0 0 0 0 0 0 0 0 
0.083 0.0337779 0.0492221 0.0175152 0.0162627 0 0 0 0 0 0 0 0 0 0 
0.082 0.0334147 0.0485853 0.0173269 0.0160878 0 0 0 0 0 0 0 0 0 0 
0.081 0.0330505 0.0479495 0.017138 0.0159124 0 0 0 0 0 0 0 0 0 0 
0.08 0.0326853 0.0473147 0.0169487 0.0157366 0 0 0 0 0 0 0 0 0 0 
0.079 0.0323191 0.0466809 0.0167588 0.0155603 0 0 0 0 0 0 0 0 0 0 
0.078 0.031952 0.046048 0.0165685 0.0153835 0 0 0 0 0 0 0 0 0 0 
0.077 0.0315837 0.0454163 0.0163776 0.0152062 0 0 0 0 0 0 0 0 0 0 
0.076 0.0312145 0.0447855 0.0161861 0.0150284 0 0 0 0 0 0 0 0 0 0 
0.075 0.0308442 0.0441558 0.0159941 0.0148501 0 0 0 0 0 0 0 0 0 0 
0.074 0.0304729 0.0435271 0.0158016 0.0146713 0 0 0 0 0 0 0 0 0 0 
0.073 0.0301005 0.0428995 0.0156085 0.014492 0 0 0 0 0 0 0 0 0 0 
0.072 0.029727 0.042273 0.0154148 0.0143122 0 0 0 0 0 0 0 0 0 0 
0.071 0.0293524 0.0416476 0.0152206 0.0141318 0 0 0 0 0 0 0 0 0 0 
0.07 0.0289768 0.0410232 0.0150258 0.0139509 0 0 0 0 0 0 0 0 0 0 
0.069 0.0286 0.0404 0.0148305 0.0137695 0 0 0 0 0 0 0 0 0 0 
0.068 0.0282221 0.0397779 0.0146345 0.0135876 0 0 0 0 0 0 0 0 0 0 
0.067 0.0278431 0.0391569 0.014438 0.0134051 0 0 0 0 0 0 0 0 0 0 
0.066 0.027463 0.038537 0.0142409 0.0132221 0 0 0 0 0 0 0 0 0 0 
0.065 0.0270817 0.0379183 0.0140432 0.0130385 0 0 0 0 0 0 0 0 0 0 
0.064 0.0266993 0.0373007 0.0138449 0.0128544 0 0 0 0 0 0 0 0 0 0 
0.063 0.0263158 0.0366842 0.0136461 0.0126697 0 0 0 0 0 0 0 0 0 0 
0.062 0.0259311 0.0360689 0.0134466 0.0124845 0 0 0 0 0 0 0 0 0 0 
0.061 0.0255453 0.0354547 0.0132465 0.0122987 0 0 0 0 0 0 0 0 0 0 
0.06 0.0251582 0.0348418 0.0130459 0.0121124 0 0 0 0 0 0 0 0 0 0 
0.059 0.0247701 0.0342299 0.0128446 0.0119255 0 0 0 0 0 0 0 0 0 0 
0.058 0.0243807 0.0336193 0.0126427 0.011738 0 0 0 0 0 0 0 0 0 0 
0.057 0.0239902 0.0330098 0.0124402 0.01155 0 0 0 0 0 0 0 0 0 0 
0.056 0.0235986 0.0324014 0.0122371 0.0113615 0 0 0 0 0 0 0 0 0 0 
0.055 0.0232057 0.0317943 0.0120334 0.0111723 0 0 0 0 0 0 0 0 0 0 
0.054 0.0228117 0.0311883 0.0118291 0.0109826 0 0 0 0 0 0 0 0 0 0 
0.053 0.0224165 0.0305835 0.0116242 0.0107923 0 0 0 0 0 0 0 0 0 0 
0.052 0.0220202 0.0299798 0.0114187 0.0106015 0 0 0 0 0 0 0 0 0 0 
0.051 0.0216227 0.0293773 0.0112125 0.0104101 0 0 0 0 0 0 0 0 0 0 
0.05 0.021224 0.028776 0.0110058 0.0102182 0 0 0 0 0 0 0 0 0 0 
0.049 0.0208241 0.0281759 0.0107985 0.0100257 0 0 0 0 0 0 0 0 0 0 
0.048 0.0204231 0.0275769 0.0105906 0.00983259 0 0 0 0 0 0 0 0 0 0 
0.047 0.020021 0.026979 0.010382 0.00963897 0 0 0 0 0 0 0 0 0 0 
0.046 0.0196177 0.0263823 0.0101729 0.0094448 0 0 0 0 0 0 0 0 0 0 
0.045 0.0192133 0.0257867 0.00996318 0.00925008 0 0 0 0 0 0 0 0 0 0 
0.044 0.0188077 0.0251923 0.00975288 0.00905482 0 0 0 0 0 0 0 0 0 0 
0.043 0.018401 0.024599 0.00954199 0.00885902 0 0 0 0 0 0 0 0 0 0 
0.042 0.0179932 0.0240068 0.00933053 0.00866267 0 0 0 0 0 0 0 0 0 0 
0.041 0.0175843 0.0234157 0.00911849 0.0084658 0 0 0 0 0 0 0 0 0 0 
0.04 0.0171743 0.0228257 0.00890587 0.00826839 0 0 0 0 0 0 0 0 0 0 
0.039 0.0167632 0.0222368 0.0086927 0.00807047 0 0 0 0 0 0 0 0 0 0 
0.038 0.016351 0.021649 0.00847896 0.00787202 0 0 0 0 0 0 0 0 0 0 
0.037 0.0159377 0.0210623 0.00826468 0.00767307 0 0 0 0 0 0 0 0 0 0 
0.036 0.0155235 0.0204765 0.00804985 0.00747361 0 0 0 0 0 0 0 0 0 0 
0.035 0.0151081 0.0198919 0.00783448 0.00727364 0 0 0 0 0 0 0 0 0 0 
0.034 0.0146918 0.0193082 0.00761858 0.00707319 0 0 0 0 0 0 0 0 0 0 
0.033 0.0142744 0.0187256 0.00740215 0.00687225 0 0 0 0 0 0 0 0 0 0 
0.032 0.013856 0.018144 0.00718521 0.00667083 0 0 0 0 0 0 0 0 0 0 
0.031 0.0134367 0.0175633 0.00696776 0.00646894 0 0 0 0 0 0 0 0 0 0 
0.03 0.0130164 0.0169836 0.00674981 0.00626659 0 0 0 0 0 0 0 0 0 0 
0.029 0.0125952 0.0164048 0.00653137 0.00606378 0 0 0 0 0 0 0 0 0 0 
0.028 0.012173 0.015827 0.00631245 0.00586053 0 0 0 0 0 0 0 0 0 0 
0.027 0.0117499 0.0152501 0.00609306 0.00565684 0 0 0 0 0 0 0 0 0 0 
0.026 0.0113259 0.0146741 0.0058732 0.00545271 0 0 0 0 0 0 0 0 0 0 
0.025 0.0109011 0.0140989 0.00565288 0.00524817 0 0 0 0 0 0 0 0 0 0 
0.024 0.0104753 0.0135247 0.00543212 0.00504321 0 0 0 0 0 0 0 0 0 0 
0.023 0.0100488 0.0129512 0.00521093 0.00483785 0 0 0 0 0 0 0 0 0 0 
0.022 0.00962139 0.0123786 0.0049893 0.00463209 0 0 0 0 0 0 0 0 0 0 
0.021 0.0091932 0.0118068 0.00476726 0.00442594 0 0 0 0 0 0 0 0 0 0 
0.02 0.00876422 0.0112358 0.00454481 0.00421941 0 0 0 0 0 0 0 0 0 0 
0.019 0.00833447 0.0106655 0.00432196 0.00401251 0 0 0 0 0 0 0 0 0 0 
0.018 0.00790396 0.010096 0.00409871 0.00380525 0 0 0 0 0 0 0 0 0 0 
0.017 0.00747271 0.00952729 0.00387508 0.00359763 0 0 0 0 0 0 0 0 0 0 
0.016 0.00704072 0.00895928 0.00365107 0.00338965 0 0 0 0 0 0 0 0 0 0 
0.015 0.00660801 0.00839199 0.00342668 0.00318133 0 0 0 0 0 0 0 0 0 0 
0.014 0.00617458 0.00782542 0.00320192 0.00297266 0 0 0 0 0 0 0 0 0 0 
0.013 0.00574044 0.00725956 0.00297679 0.00276365 0 0 0 0 0 0 0 0 0 0 
0.012 0.00530559 0.00669441 0.00275129 0.0025543 0 0 0 0 0 0 0 0 0 0 
0.011 0.00487002 0.00612998 0.00252542 0.0023446 0 0 0 0 0 0 0 0 0 0 
0.01 0.00443371 0.00556629 0.00229917 0.00213454 0 0 0 0 0 0 0 0 0 0 
0.009 0.00399665 0.00500335 0.00207252 0.00192413 0 0 0 0 0 0 0 0 0 0 
0.008 0.00355879 0.00444121 0.00184547 0.00171333 0 0 0 0 0 0 0 0 0 0 
0.007 0.00312008 0.00387993 0.00161796 0.00150211 0 0 0 0 0 0 0 0 0 0 
0.006 0.00268043 0.00331959 0.00138997 0.00129045 0 0 0 0 0 0 0 0 0 0 
0.005 0.00223969 0.00276031 0.00116143 0.00107827 0 0 0 0 0 0 0 0 0 0 
0.004 0.00179769 0.00220231 0.000932223 0.000865472 0 0 0 0 0 0 0 0 0 0 
0.003 0.00135409 0.00164591 0.000702187 0.000651907 0 0 0 0 0 0 0 0 0 0 
0.002 0.000908297 0.0010917 0.000471012 0.000437285 0 0 0 0 0 0 0 0 0 0 
0.001 0.000458986 0.000541014 0.000238015 0.000220972 0 0 0 0 0 0 0 0 0 0 
