1 0.167454 0.177711 0.0120083 0 0.303822 0.0461943 0.103178 0.190982 0 0.0106585 0 0 0 0 
0.998 0.167882 0.178181 0.0120487 0 0.303018 0.0453158 0.102455 0.190587 0 0.0105619 0 0 0 0 
0.996 0.168315 0.178653 0.0120888 0 0.302223 0.0444228 0.101738 0.190186 0 0.0104635 0 0 0 0 
0.994 0.168755 0.179125 0.0121287 0 0.301437 0.0435143 0.101029 0.189777 0 0.0103632 0 0 0 0 
0.992 0.169201 0.1796 0.0121683 0 0.300661 0.0425893 0.100327 0.189361 0 0.0102609 0 0 0 0 
0.99 0.169655 0.180076 0.0122076 0 0.299896 0.0416465 0.0996325 0.188937 0 0.0101566 0 0 0 0 
0.988 0.170118 0.180554 0.0122466 0 0.299142 0.0406844 0.0989467 0.188505 0 0.01005 0 0 0 0 
0.986 0.170589 0.181034 0.0122853 0 0.2984 0.0397015 0.0982697 0.188064 0 0.00994116 0 0 0 0 
0.984 0.171071 0.181516 0.0123237 0 0.297672 0.0386959 0.097602 0.187613 0 0.0098298 0 0 0 0 
0.982 0.171564 0.182001 0.0123617 0 0.296957 0.0376654 0.0969445 0.187152 0 0.00971577 0 0 0 0 
0.98 0.172186 0.182592 0.012382 0.000426914 0.296233 0.0366695 0.0962727 0.186556 0 0.00949026 0 0 0 0 
0.978 0.172812 0.183182 0.0124028 0.000834903 0.295528 0.0356445 0.0956141 0.185955 0 0.00926382 0 0 0 0 
0.976 0.173424 0.183751 0.0124273 0.00114238 0.294847 0.0345745 0.0949743 0.185371 0 0.00905773 0 0 0 0 
0.974 0.174038 0.184311 0.0124534 0.00139837 0.29419 0.033462 0.0943517 0.184789 0 0.0088596 0 0 0 0 
0.972 0.174661 0.184866 0.0124804 0.00162121 0.293557 0.0323043 0.0937468 0.1842 0 0.00866447 0 0 0 0 
0.97 0.1753 0.18542 0.0125078 0.00182004 0.292953 0.0310962 0.093161 0.183599 0 0.00846956 0 0 0 0 
0.968 0.175961 0.185975 0.0125353 0.00200008 0.292381 0.0298301 0.0925967 0.182983 0 0.00827286 0 0 0 0 
0.966 0.17665 0.186533 0.0125625 0.0021645 0.291846 0.0284956 0.0920573 0.182346 0 0.00807264 0 0 0 0 
0.964 0.177376 0.187094 0.0125894 0.0023152 0.291357 0.0270776 0.0915474 0.181681 0 0.00786713 0 0 0 0 
0.962 0.17815 0.187661 0.0126155 0.00245311 0.290925 0.0255545 0.0910741 0.180981 0 0.0076542 0 0 0 0 
0.96 0.178991 0.188238 0.0126404 0.00257822 0.290567 0.023892 0.0906485 0.180233 0 0.00743098 0 0 0 0 
0.958 0.179908 0.188826 0.0126639 0.00269099 0.290295 0.0220697 0.0902777 0.179428 0 0.00719523 0 0 0 0 
0.956 0.179987 0.189308 0.0127039 0.00287326 0.289242 0.0218168 0.0894212 0.179172 0 0.00705432 0 0 0 0 
0.954 0.180062 0.189787 0.0127442 0.00304675 0.288191 0.0215607 0.0885679 0.178918 0 0.00691387 0 0 0 0 
0.952 0.180135 0.190265 0.0127849 0.00321268 0.287142 0.0213016 0.0877179 0.178665 0 0.00677347 0 0 0 0 
0.95 0.180206 0.190742 0.0128259 0.00337203 0.286095 0.0210392 0.0868712 0.178414 0 0.0066328 0 0 0 0 
0.948 0.180275 0.191217 0.0128671 0.00352559 0.285051 0.0207736 0.0860278 0.178164 0 0.00649157 0 0 0 0 
0.946 0.180343 0.191691 0.0129085 0.003674 0.284009 0.0205046 0.0851877 0.177915 0 0.00634951 0 0 0 0 
0.944 0.180409 0.192164 0.0129502 0.0038178 0.28297 0.0202321 0.0843511 0.177667 0 0.0062064 0 0 0 0 
0.942 0.180474 0.192637 0.0129921 0.00395744 0.281934 0.0199561 0.0835179 0.177419 0 0.00606201 0 0 0 0 
0.94 0.180539 0.193109 0.0130341 0.00409331 0.2809 0.0196764 0.0826882 0.177172 0 0.00591614 0 0 0 0 
0.938 0.180602 0.19358 0.0130763 0.00422574 0.279869 0.0193928 0.0818621 0.176925 0 0.00576858 0 0 0 0 
0.936 0.180665 0.194051 0.0131186 0.00435502 0.278842 0.0191054 0.0810396 0.176678 0 0.00561913 0 0 0 0 
0.934 0.180728 0.194521 0.0131611 0.0044814 0.277817 0.0188138 0.0802208 0.176432 0 0.00546757 0 0 0 0 
0.932 0.18079 0.194991 0.0132038 0.00460511 0.276796 0.018518 0.0794059 0.176186 0 0.00531371 0 0 0 0 
0.93 0.180852 0.195461 0.0132465 0.00472635 0.275778 0.0182177 0.0785947 0.17594 0 0.00515731 0 0 0 0 
0.928 0.180914 0.19593 0.0132894 0.0048453 0.274763 0.0179129 0.0777876 0.175694 0 0.00499815 0 0 0 0 
0.926 0.180976 0.196399 0.0133325 0.00496211 0.273752 0.0176032 0.0769845 0.175449 0 0.00483598 0 0 0 0 
0.924 0.181038 0.196868 0.0133756 0.00507694 0.272745 0.0172885 0.0761855 0.175204 0 0.00467054 0 0 0 0 
0.922 0.181101 0.197337 0.0134189 0.00518992 0.271742 0.0169685 0.0753908 0.174959 0 0.00450152 0 0 0 0 
0.92 0.181164 0.197806 0.0134623 0.00530118 0.270744 0.0166431 0.0746005 0.174715 0 0.00432863 0 0 0 0 
0.918 0.181227 0.198275 0.0135059 0.00541083 0.26975 0.0163118 0.0738147 0.174471 0 0.00415149 0 0 0 0 
0.916 0.181291 0.198744 0.0135496 0.00551898 0.26876 0.0159744 0.0730336 0.174227 0 0.00396973 0 0 0 0 
0.914 0.181356 0.199213 0.0135934 0.00562573 0.267776 0.0156306 0.0722573 0.173985 0 0.0037829 0 0 0 0 
0.912 0.181422 0.199682 0.0136374 0.00573119 0.266796 0.01528 0.071486 0.173743 0 0.00359048 0 0 0 0 
0.91 0.181489 0.200151 0.0136815 0.00583545 0.265823 0.0149222 0.07072 0.173503 0 0.00339191 0 0 0 0 
0.908 0.181558 0.20062 0.0137259 0.00593861 0.264855 0.0145567 0.0699594 0.173264 0 0.0031865 0 0 0 0 
0.906 0.181628 0.20109 0.0137704 0.00604076 0.263894 0.0141831 0.0692045 0.173027 0 0.00297345 0 0 0 0 
0.904 0.1817 0.20156 0.0138151 0.00614201 0.26294 0.0138008 0.0684556 0.172792 0 0.00275181 0 0 0 0 
0.902 0.181773 0.20203 0.01386 0.00624247 0.261994 0.0134092 0.0677131 0.17256 0 0.00252044 0 0 0 0 
0.9 0.181849 0.202501 0.0139053 0.00634225 0.261056 0.0130076 0.0669774 0.172331 0 0.00227791 0 0 0 0 
0.898 0.181927 0.202972 0.0139508 0.00644149 0.260127 0.0125951 0.066249 0.172107 0 0.00202245 0 0 0 0 
0.896 0.182007 0.203443 0.0139967 0.00654034 0.259209 0.0121708 0.0655284 0.171889 0 0.00175178 0 0 0 0 
0.894 0.18209 0.203915 0.0140431 0.00663902 0.258302 0.0117338 0.0648165 0.171679 0 0.00146286 0 0 0 0 
0.892 0.182176 0.204388 0.0140901 0.00673778 0.257408 0.0112826 0.0641142 0.171479 0 0.00115156 0 0 0 0 
0.89 0.182265 0.204861 0.0141378 0.00683699 0.25653 0.0108157 0.0634229 0.171294 0 0.00081192 0 0 0 0 
0.888 0.182356 0.205335 0.0141865 0.0069372 0.255671 0.0103313 0.0627444 0.171128 0 0.000434815 0 0 0 0 
0.886 0.182448 0.205809 0.0142367 0.00703934 0.254836 0.00982695 0.0620819 0.170994 0 4.95494e-06 0 0 0 0 
0.884 0.182605 0.20629 0.0142729 0.00711218 0.253894 0.00931766 0.0613563 0.170537 0 0 0 0 0 0 
0.882 0.182772 0.206774 0.0143086 0.00718366 0.252963 0.00878652 0.0606388 0.170066 0 0 0 0 0 0 
0.88 0.182951 0.20726 0.0143441 0.00725408 0.252045 0.00823032 0.0599311 0.169583 0 0 0 0 0 0 
0.878 0.183143 0.207748 0.0143793 0.00732336 0.251143 0.00764522 0.0592343 0.169086 0 0 0 0 0 0 
0.876 0.183351 0.208241 0.0144141 0.00739142 0.25026 0.0070263 0.0585497 0.168572 0 0 0 0 0 0 
0.874 0.183579 0.208737 0.0144484 0.00745813 0.249398 0.00636706 0.0578794 0.16804 0 0 0 0 0 0 
0.872 0.183831 0.209238 0.0144821 0.00752331 0.248562 0.0056586 0.0572259 0.167484 0 0 0 0 0 0 
0.87 0.184114 0.209745 0.0145152 0.00758671 0.247759 0.00488814 0.056593 0.1669 0 0 0 0 0 0 
0.868 0.184438 0.21026 0.0145473 0.0076479 0.247 0.00403618 0.0559862 0.166279 0 0 0 0 0 0 
0.866 0.18482 0.210787 0.014578 0.00770618 0.246301 0.00307011 0.0554152 0.165606 0 0 0 0 0 0 
0.864 0.185293 0.211332 0.0146066 0.00776014 0.245696 0.00192716 0.0548984 0.164854 0 0 0 0 0 0 
0.862 0.18594 0.21191 0.0146311 0.00780621 0.245267 0.000449371 0.0544821 0.163952 0 0 0 0 0 0 
0.86 0.186037 0.212391 0.0146687 0.00787648 0.244309 0 0.0537701 0.163492 0 0 0 0 0 0 
0.858 0.185895 0.21283 0.014712 0.00795681 0.24312 0 0.0529305 0.163226 0 0 0 0 0 0 
0.856 0.18575 0.213268 0.0147553 0.00803661 0.241931 0 0.0520943 0.162958 0 0 0 0 0 0 
0.854 0.185602 0.213706 0.0147986 0.00811588 0.240742 0 0.0512614 0.162688 0 0 0 0 0 0 
0.852 0.185453 0.214144 0.014842 0.00819465 0.239554 0 0.050432 0.162416 0 0 0 0 0 0 
0.85 0.185301 0.214582 0.0148853 0.00827292 0.238367 0 0.049606 0.162143 0 0 0 0 0 0 
0.848 0.185148 0.21502 0.0149287 0.00835072 0.23718 0 0.0487835 0.161868 0 0 0 0 0 0 
0.846 0.184991 0.215458 0.0149721 0.00842805 0.235994 0 0.0479646 0.161591 0 0 0 0 0 0 
0.844 0.184833 0.215897 0.0150155 0.00850493 0.234809 0 0.0471493 0.161312 0 0 0 0 0 0 
0.842 0.184672 0.216334 0.015059 0.00858137 0.233624 0 0.0463376 0.161032 0 0 0 0 0 0 
0.84 0.184509 0.216772 0.0151024 0.00865739 0.23244 0 0.0455296 0.160749 0 0 0 0 0 0 
0.838 0.184343 0.21721 0.0151459 0.00873299 0.231257 0 0.0447253 0.160464 0 0 0 0 0 0 
0.836 0.184175 0.217648 0.0151894 0.00880818 0.230074 0 0.0439248 0.160178 0 0 0 0 0 0 
0.834 0.184005 0.218086 0.0152328 0.00888298 0.228892 0 0.0431281 0.159889 0 0 0 0 0 0 
0.832 0.183832 0.218524 0.0152764 0.0089574 0.22771 0 0.0423353 0.159598 0 0 0 0 0 0 
0.83 0.183656 0.218963 0.0153199 0.00903145 0.22653 0 0.0415463 0.159305 0 0 0 0 0 0 
0.828 0.183478 0.219401 0.0153635 0.00910513 0.22535 0 0.0407614 0.15901 0 0 0 0 0 0 
0.826 0.183298 0.219839 0.015407 0.00917847 0.224171 0 0.0399805 0.158712 0 0 0 0 0 0 
0.824 0.183114 0.220277 0.0154506 0.00925146 0.222992 0 0.0392036 0.158412 0 0 0 0 0 0 
0.822 0.182928 0.220716 0.0154942 0.00932412 0.221815 0 0.0384309 0.15811 0 0 0 0 0 0 
0.82 0.18274 0.221154 0.0155379 0.00939645 0.220638 0 0.0376624 0.157806 0 0 0 0 0 0 
0.818 0.182548 0.221593 0.0155815 0.00946848 0.219462 0 0.0368981 0.157498 0 0 0 0 0 0 
0.816 0.182354 0.222032 0.0156252 0.0095402 0.218287 0 0.0361381 0.157189 0 0 0 0 0 0 
0.814 0.182157 0.222471 0.0156689 0.00961162 0.217113 0 0.0353825 0.156877 0 0 0 0 0 0 
0.812 0.181957 0.22291 0.0157127 0.00968276 0.215939 0 0.0346314 0.156562 0 0 0 0 0 0 
0.81 0.181755 0.223349 0.0157564 0.00975362 0.214767 0 0.0338847 0.156244 0 0 0 0 0 0 
0.808 0.181549 0.223789 0.0158002 0.00982422 0.213595 0 0.0331426 0.155924 0 0 0 0 0 0 
0.806 0.18134 0.224229 0.0158441 0.00989455 0.212425 0 0.0324052 0.155601 0 0 0 0 0 0 
0.804 0.181128 0.224669 0.0158879 0.00996464 0.211255 0 0.0316724 0.155275 0 0 0 0 0 0 
0.802 0.180913 0.22511 0.0159318 0.0100345 0.210087 0 0.0309444 0.154946 0 0 0 0 0 0 
0.8 0.180694 0.225551 0.0159758 0.0101041 0.20892 0 0.0302213 0.154614 0 0 0 0 0 0 
0.798 0.180472 0.225992 0.0160197 0.0101735 0.207753 0 0.0295031 0.154279 0 0 0 0 0 0 
0.796 0.180247 0.226433 0.0160638 0.0102427 0.206588 0 0.0287899 0.153941 0 0 0 0 0 0 
0.794 0.180019 0.226876 0.0161078 0.0103116 0.205424 0 0.0280818 0.153599 0 0 0 0 0 0 
0.792 0.179787 0.227318 0.016152 0.0103804 0.204262 0 0.0273789 0.153254 0 0 0 0 0 0 
0.79 0.179551 0.227761 0.0161961 0.010449 0.203101 0 0.0266813 0.152906 0 0 0 0 0 0 
0.788 0.179312 0.228205 0.0162404 0.0105175 0.201941 0 0.025989 0.152554 0 0 0 0 0 0 
0.786 0.179068 0.228649 0.0162847 0.0105857 0.200782 0 0.0253022 0.152198 0 0 0 0 0 0 
0.784 0.178821 0.229094 0.016329 0.0106539 0.199625 0 0.0246209 0.151838 0 0 0 0 0 0 
0.782 0.17857 0.22954 0.0163735 0.0107218 0.198469 0 0.0239453 0.151475 0 0 0 0 0 0 
0.78 0.178315 0.229987 0.016418 0.0107897 0.197316 0 0.0232754 0.151107 0 0 0 0 0 0 
0.778 0.178056 0.230434 0.0164626 0.0108574 0.196163 0 0.0226115 0.150736 0 0 0 0 0 0 
0.776 0.177792 0.230882 0.0165073 0.0109251 0.195013 0 0.0219535 0.150359 0 0 0 0 0 0 
0.774 0.177523 0.231332 0.0165521 0.0109926 0.193865 0 0.0213016 0.149979 0 0 0 0 0 0 
0.772 0.17725 0.231782 0.016597 0.0110601 0.192718 0 0.020656 0.149593 0 0 0 0 0 0 
0.77 0.176972 0.232234 0.016642 0.0111276 0.191574 0 0.0200167 0.149203 0 0 0 0 0 0 
0.768 0.17669 0.232687 0.0166871 0.011195 0.190432 0 0.019384 0.148807 0 0 0 0 0 0 
0.766 0.176402 0.233142 0.0167324 0.0112624 0.189292 0 0.0187579 0.148407 0 0 0 0 0 0 
0.764 0.176108 0.233598 0.0167779 0.0113298 0.188155 0 0.0181386 0.148 0 0 0 0 0 0 
0.762 0.175809 0.234056 0.0168235 0.0113973 0.187021 0 0.0175263 0.147588 0 0 0 0 0 0 
0.76 0.175504 0.234516 0.0168693 0.0114648 0.18589 0 0.0169212 0.14717 0 0 0 0 0 0 
0.758 0.175192 0.234978 0.0169153 0.0115324 0.184762 0 0.0163234 0.146745 0 0 0 0 0 0 
0.756 0.174875 0.235442 0.0169616 0.0116001 0.183637 0 0.0157331 0.146313 0 0 0 0 0 0 
0.754 0.17455 0.235909 0.0170081 0.011668 0.182517 0 0.0151506 0.145874 0 0 0 0 0 0 
0.752 0.174218 0.236379 0.0170549 0.0117361 0.181401 0 0.0145761 0.145427 0 0 0 0 0 0 
0.75 0.173878 0.236852 0.017102 0.0118045 0.180289 0 0.0140098 0.144971 0 0 0 0 0 0 
0.748 0.173859 0.236908 0.0171049 0.0118087 0.180194 0 0.013963 0.144887 0 0 0 0 0 0 
0.746 0.173842 0.236922 0.0171061 0.0118104 0.180154 0 0.0139432 0.144867 0 0 0 0 0 0 
0.744 0.173186 0.237995 0.0172092 0.0119593 0.176597 0 0.0122033 0.144018 0 0 0 0 0 0 
0.742 0.172963 0.238363 0.0172433 0.0120084 0.175351 0 0.0116108 0.143712 0 0 0 0 0 0 
0.74 0.172737 0.23873 0.0172774 0.0120572 0.174104 0 0.0110266 0.143402 0 0 0 0 0 0 
0.738 0.172507 0.239096 0.0173113 0.0121057 0.172856 0 0.0104509 0.14309 0 0 0 0 0 0 
0.736 0.172274 0.23946 0.0173451 0.012154 0.171608 0 0.00988401 0.142774 0 0 0 0 0 0 
0.734 0.172036 0.239824 0.0173788 0.012202 0.170359 0 0.00932608 0.142455 0 0 0 0 0 0 
0.732 0.171795 0.240186 0.0174124 0.0122498 0.169108 0 0.00877742 0.142133 0 0 0 0 0 0 
0.73 0.17155 0.240547 0.0174458 0.0122973 0.167857 0 0.00823832 0.141807 0 0 0 0 0 0 
0.728 0.171301 0.240907 0.0174791 0.0123445 0.166605 0 0.00770909 0.141478 0 0 0 0 0 0 
0.726 0.171048 0.241265 0.0175123 0.0123914 0.165352 0 0.00719007 0.141145 0 0 0 0 0 0 
0.724 0.170791 0.241622 0.0175453 0.0124381 0.164098 0 0.00668159 0.140808 0 0 0 0 0 0 
0.722 0.170529 0.241978 0.0175782 0.0124845 0.162842 0 0.00618405 0.140467 0 0 0 0 0 0 
0.72 0.170263 0.242333 0.017611 0.0125306 0.161585 0 0.00569787 0.140122 0 0 0 0 0 0 
0.718 0.169992 0.242686 0.0176436 0.0125764 0.160326 0 0.00522348 0.139772 0 0 0 0 0 0 
0.716 0.169717 0.243037 0.0176761 0.0126219 0.159066 0 0.00476139 0.139419 0 0 0 0 0 0 
0.714 0.169436 0.243387 0.0177084 0.0126671 0.157804 0 0.00431213 0.139061 0 0 0 0 0 0 
0.712 0.16915 0.243736 0.0177406 0.0127121 0.15654 0 0.00387631 0.138698 0 0 0 0 0 0 
0.71 0.168859 0.244082 0.0177726 0.0127567 0.155274 0 0.00345459 0.13833 0 0 0 0 0 0 
0.708 0.168562 0.244427 0.0178044 0.0128009 0.154006 0 0.00304773 0.137957 0 0 0 0 0 0 
0.706 0.16826 0.24477 0.017836 0.0128449 0.152735 0 0.00265656 0.137579 0 0 0 0 0 0 
0.704 0.167951 0.245111 0.0178675 0.0128885 0.151461 0 0.00228207 0.137195 0 0 0 0 0 0 
0.702 0.167635 0.24545 0.0178987 0.0129318 0.150185 0 0.00192538 0.136805 0 0 0 0 0 0 
0.7 0.167313 0.245786 0.0179298 0.0129748 0.148904 0 0.00158785 0.136409 0 0 0 0 0 0 
0.698 0.166983 0.24612 0.0179606 0.0130173 0.14762 0 0.00127108 0.136006 0 0 0 0 0 0 
0.696 0.166646 0.246452 0.0179912 0.0130595 0.14633 0 0.000977084 0.135595 0 0 0 0 0 0 
0.694 0.166299 0.24678 0.0180215 0.0131012 0.145036 0 0.00070845 0.135177 0 0 0 0 0 0 
0.692 0.165943 0.247105 0.0180515 0.0131425 0.143734 0 0.000468686 0.134749 0 0 0 0 0 0 
0.69 0.165576 0.247425 0.0180812 0.0131832 0.142424 0 0.000262957 0.134312 0 0 0 0 0 0 
0.688 0.165196 0.24774 0.0181105 0.0132234 0.141102 0 0.000100052 0.133862 0 0 0 0 0 0 
0.686 0.164796 0.248047 0.0181393 0.0132628 0.139761 0 2.32915e-06 0.133394 0 0 0 0 0 0 
0.684 0.16437 0.248341 0.0181673 0.013301 0.138389 0 0 0.132901 0 0 0 0 0 0 
0.682 0.163939 0.248635 0.0181951 0.0133391 0.137021 0 0 0.132405 0 0 0 0 0 0 
0.68 0.163505 0.248931 0.0182229 0.0133769 0.135659 0 0 0.131905 0 0 0 0 0 0 
0.678 0.163067 0.249228 0.0182505 0.0134145 0.134303 0 0 0.131402 0 0 0 0 0 0 
0.676 0.162625 0.249527 0.018278 0.0134519 0.132953 0 0 0.130895 0 0 0 0 0 0 
0.674 0.162179 0.249827 0.0183054 0.013489 0.131608 0 0 0.130385 0 0 0 0 0 0 
0.672 0.16173 0.250129 0.0183326 0.013526 0.13027 0 0 0.129871 0 0 0 0 0 0 
0.67 0.161276 0.250432 0.0183597 0.0135626 0.128938 0 0 0.129354 0 0 0 0 0 0 
0.668 0.160818 0.250737 0.0183866 0.0135991 0.127612 0 0 0.128833 0 0 0 0 0 0 
0.666 0.160356 0.251044 0.0184134 0.0136353 0.126293 0 0 0.128307 0 0 0 0 0 0 
0.664 0.15989 0.251352 0.01844 0.0136712 0.12498 0 0 0.127778 0 0 0 0 0 0 
0.662 0.159419 0.251663 0.0184665 0.0137069 0.123673 0 0 0.127245 0 0 0 0 0 0 
0.66 0.158943 0.251976 0.0184928 0.0137423 0.122374 0 0 0.126708 0 0 0 0 0 0 
0.658 0.158462 0.25229 0.0185189 0.0137775 0.121081 0 0 0.126166 0 0 0 0 0 0 
0.656 0.157977 0.252608 0.0185449 0.0138123 0.119796 0 0 0.12562 0 0 0 0 0 0 
0.654 0.157487 0.252927 0.0185706 0.0138469 0.118517 0 0 0.125069 0 0 0 0 0 0 
0.652 0.156991 0.253249 0.0185962 0.0138811 0.117246 0 0 0.124514 0 0 0 0 0 0 
0.65 0.15649 0.253574 0.0186215 0.0139151 0.115983 0 0 0.123953 0 0 0 0 0 0 
0.648 0.155983 0.253902 0.0186467 0.0139487 0.114727 0 0 0.123388 0 0 0 0 0 0 
0.646 0.15547 0.254233 0.0186716 0.013982 0.11348 0 0 0.122817 0 0 0 0 0 0 
0.644 0.154952 0.254567 0.0186963 0.0140149 0.112241 0 0 0.122241 0 0 0 0 0 0 
0.642 0.154427 0.254905 0.0187207 0.0140475 0.11101 0 0 0.121659 0 0 0 0 0 0 
0.64 0.153895 0.255246 0.0187448 0.0140797 0.109788 0 0 0.121071 0 0 0 0 0 0 
0.638 0.153357 0.255591 0.0187687 0.0141114 0.108575 0 0 0.120477 0 0 0 0 0 0 
0.636 0.152811 0.255941 0.0187923 0.0141428 0.107372 0 0 0.119876 0 0 0 0 0 0 
0.634 0.152258 0.256295 0.0188155 0.0141736 0.106179 0 0 0.119269 0 0 0 0 0 0 
0.632 0.151696 0.256654 0.0188384 0.014204 0.104996 0 0 0.118654 0 0 0 0 0 0 
0.63 0.151126 0.257019 0.018861 0.0142339 0.103823 0 0 0.118032 0 0 0 0 0 0 
0.628 0.150547 0.257389 0.0188831 0.0142632 0.102663 0 0 0.117401 0 0 0 0 0 0 
0.626 0.149959 0.257766 0.0189048 0.0142919 0.101514 0 0 0.116762 0 0 0 0 0 0 
0.624 0.149359 0.25815 0.018926 0.0143199 0.100378 0 0 0.116113 0 0 0 0 0 0 
0.622 0.148749 0.258541 0.0189467 0.0143473 0.0992553 0 0 0.115455 0 0 0 0 0 0 
0.62 0.148126 0.258941 0.0189668 0.0143738 0.0981476 0 0 0.114785 0 0 0 0 0 0 
0.618 0.147489 0.259351 0.0189862 0.0143995 0.0970557 0 0 0.114104 0 0 0 0 0 0 
0.616 0.146838 0.259772 0.0190049 0.0144241 0.0959812 0 0 0.113409 0 0 0 0 0 0 
0.614 0.14617 0.260205 0.0190228 0.0144476 0.0949259 0 0 0.112699 0 0 0 0 0 0 
0.612 0.145483 0.260653 0.0190397 0.0144699 0.093892 0 0 0.111973 0 0 0 0 0 0 
0.61 0.144797 0.261098 0.019057 0.0144927 0.0928577 0 0 0.111248 0 0 0 0 0 0 
0.608 0.144415 0.261297 0.0190949 0.0145425 0.0915102 0 0 0.110778 0 0 0 0 0 0 
0.606 0.144031 0.261496 0.0191328 0.0145922 0.0901684 0 0 0.110306 0 0 0 0 0 0 
0.604 0.143643 0.261694 0.0191706 0.0146418 0.0888326 0 0 0.10983 0 0 0 0 0 0 
0.602 0.143252 0.261893 0.0192085 0.0146912 0.0875027 0 0 0.109352 0 0 0 0 0 0 
0.6 0.142858 0.262092 0.0192462 0.0147406 0.0861789 0 0 0.108871 0 0 0 0 0 0 
0.598 0.142461 0.262291 0.019284 0.0147899 0.0848612 0 0 0.108387 0 0 0 0 0 0 
0.596 0.142061 0.262489 0.0193217 0.014839 0.0835496 0 0 0.1079 0 0 0 0 0 0 
0.594 0.141657 0.262688 0.0193594 0.0148881 0.0822443 0 0 0.10741 0 0 0 0 0 0 
0.592 0.141251 0.262887 0.0193971 0.014937 0.0809452 0 0 0.106917 0 0 0 0 0 0 
0.59 0.140841 0.263086 0.0194347 0.0149858 0.0796526 0 0 0.106421 0 0 0 0 0 0 
0.588 0.140428 0.263285 0.0194723 0.0150346 0.0783664 0 0 0.105921 0 0 0 0 0 0 
0.586 0.140011 0.263484 0.0195099 0.0150832 0.0770867 0 0 0.105418 0 0 0 0 0 0 
0.584 0.139591 0.263683 0.0195474 0.0151317 0.0758136 0 0 0.104912 0 0 0 0 0 0 
0.582 0.139168 0.263882 0.0195849 0.0151802 0.0745472 0 0 0.104403 0 0 0 0 0 0 
0.58 0.138741 0.264082 0.0196224 0.0152285 0.0732875 0 0 0.10389 0 0 0 0 0 0 
0.578 0.13831 0.264282 0.0196599 0.0152768 0.0720347 0 0 0.103373 0 0 0 0 0 0 
0.576 0.137876 0.264482 0.0196974 0.015325 0.0707888 0 0 0.102853 0 0 0 0 0 0 
0.574 0.137438 0.264683 0.0197348 0.015373 0.06955 0 0 0.10233 0 0 0 0 0 0 
0.572 0.136996 0.264884 0.0197722 0.015421 0.0683182 0 0 0.101802 0 0 0 0 0 0 
0.57 0.13655 0.265085 0.0198096 0.015469 0.0670936 0 0 0.101271 0 0 0 0 0 0 
0.568 0.1361 0.265287 0.019847 0.0155168 0.0658762 0 0 0.100737 0 0 0 0 0 0 
0.566 0.135647 0.265489 0.0198844 0.0155646 0.0646663 0 0 0.100198 0 0 0 0 0 0 
0.564 0.135189 0.265692 0.0199217 0.0156123 0.0634638 0 0 0.0996553 0 0 0 0 0 0 
0.562 0.134727 0.265895 0.0199591 0.0156599 0.0622688 0 0 0.0991085 0 0 0 0 0 0 
0.56 0.134262 0.266099 0.0199964 0.0157074 0.0610816 0 0 0.0985577 0 0 0 0 0 0 
0.558 0.133791 0.266304 0.0200337 0.0157549 0.0599021 0 0 0.0980026 0 0 0 0 0 0 
0.556 0.133317 0.26651 0.0200711 0.0158024 0.0587304 0 0 0.0974432 0 0 0 0 0 0 
0.554 0.132838 0.266716 0.0201084 0.0158498 0.0575668 0 0 0.0968794 0 0 0 0 0 0 
0.552 0.132354 0.266924 0.0201457 0.0158971 0.0564112 0 0 0.0963112 0 0 0 0 0 0 
0.55 0.131866 0.267132 0.0201831 0.0159444 0.0552639 0 0 0.0957383 0 0 0 0 0 0 
0.548 0.131373 0.267342 0.0202204 0.0159917 0.0541249 0 0 0.0951607 0 0 0 0 0 0 
0.546 0.130875 0.267552 0.0202578 0.0160389 0.0529944 0 0 0.0945784 0 0 0 0 0 0 
0.544 0.130372 0.267764 0.0202952 0.0160861 0.0518724 0 0 0.0939911 0 0 0 0 0 0 
0.542 0.129865 0.267977 0.0203326 0.0161333 0.0507592 0 0 0.0933987 0 0 0 0 0 0 
0.54 0.129352 0.268192 0.0203701 0.0161805 0.0496548 0 0 0.0928012 0 0 0 0 0 0 
0.538 0.128834 0.268409 0.0204076 0.0162277 0.0485594 0 0 0.0921983 0 0 0 0 0 0 
0.536 0.12831 0.268627 0.0204451 0.0162749 0.0474732 0 0 0.09159 0 0 0 0 0 0 
0.534 0.127781 0.268847 0.0204827 0.0163221 0.0463963 0 0 0.0909761 0 0 0 0 0 0 
0.532 0.127246 0.269069 0.0205204 0.0163693 0.0453289 0 0 0.0903564 0 0 0 0 0 0 
0.53 0.126706 0.269293 0.0205582 0.0164166 0.044271 0 0 0.0897308 0 0 0 0 0 0 
0.528 0.126159 0.269519 0.020596 0.016464 0.043223 0 0 0.089099 0 0 0 0 0 0 
0.526 0.125606 0.269748 0.0206339 0.0165114 0.042185 0 0 0.088461 0 0 0 0 0 0 
0.524 0.125047 0.269979 0.0206719 0.0165589 0.0411572 0 0 0.0878164 0 0 0 0 0 0 
0.522 0.124482 0.270214 0.0207101 0.0166065 0.0401397 0 0 0.0871651 0 0 0 0 0 0 
0.52 0.123909 0.270451 0.0207483 0.0166542 0.0391329 0 0 0.0865068 0 0 0 0 0 0 
0.518 0.12333 0.270692 0.0207868 0.016702 0.0381369 0 0 0.0858413 0 0 0 0 0 0 
0.516 0.122744 0.270936 0.0208254 0.0167501 0.0371519 0 0 0.0851682 0 0 0 0 0 0 
0.514 0.12215 0.271185 0.0208642 0.0167983 0.0361783 0 0 0.0844873 0 0 0 0 0 0 
0.512 0.121548 0.271437 0.0209032 0.0168467 0.0352163 0 0 0.0837983 0 0 0 0 0 0 
0.51 0.120939 0.271694 0.0209425 0.0168954 0.0342662 0 0 0.0831008 0 0 0 0 0 0 
0.508 0.120321 0.271957 0.020982 0.0169444 0.0333283 0 0 0.0823943 0 0 0 0 0 0 
0.506 0.119694 0.272224 0.0210219 0.0169937 0.032403 0 0 0.0816785 0 0 0 0 0 0 
0.504 0.119058 0.272498 0.0210621 0.0170434 0.0314906 0 0 0.0809528 0 0 0 0 0 0 
0.502 0.118413 0.272779 0.0211027 0.0170936 0.0305916 0 0 0.0802167 0 0 0 0 0 0 
0.5 0.117758 0.273066 0.0211437 0.0171442 0.0297065 0 0 0.0794696 0 0 0 0 0 0 
0.498 0.117091 0.273362 0.0211853 0.0171954 0.0288357 0 0 0.0787108 0 0 0 0 0 0 
0.496 0.116414 0.273667 0.0212274 0.0172473 0.0279798 0 0 0.0779394 0 0 0 0 0 0 
0.494 0.115725 0.273981 0.0212702 0.0173 0.0271395 0 0 0.0771545 0 0 0 0 0 0 
0.492 0.115022 0.274307 0.0213137 0.0173535 0.0263156 0 0 0.076355 0 0 0 0 0 0 
0.49 0.114306 0.274645 0.0213582 0.017408 0.025509 0 0 0.0755397 0 0 0 0 0 0 
0.488 0.114267 0.274697 0.0213599 0.0174101 0.0254535 0 0 0.0754209 0 0 0 0 0 0 
0.486 0.11324 0.2748 0.0213891 0.017446 0.0235545 0 0 0.0744054 0 0 0 0 0 0 
0.484 0.112721 0.274845 0.0214009 0.0174604 0.0225739 0 0 0.0738599 0 0 0 0 0 0 
0.482 0.112196 0.27489 0.0214125 0.0174746 0.0216062 0 0 0.0733085 0 0 0 0 0 0 
0.48 0.111664 0.274934 0.0214238 0.0174885 0.0206515 0 0 0.0727511 0 0 0 0 0 0 
0.478 0.111125 0.274977 0.021435 0.0175022 0.0197102 0 0 0.0721875 0 0 0 0 0 0 
0.476 0.110579 0.275021 0.021446 0.0175156 0.0187826 0 0 0.0716175 0 0 0 0 0 0 
0.474 0.110026 0.275064 0.0214567 0.0175288 0.017869 0 0 0.0710409 0 0 0 0 0 0 
0.472 0.109467 0.275106 0.0214673 0.0175417 0.0169697 0 0 0.0704576 0 0 0 0 0 0 
0.47 0.108899 0.275148 0.0214776 0.0175543 0.016085 0 0 0.0698673 0 0 0 0 0 0 
0.468 0.108324 0.275191 0.0214877 0.0175667 0.0152154 0 0 0.0692698 0 0 0 0 0 0 
0.466 0.107741 0.275233 0.0214976 0.0175787 0.0143611 0 0 0.068665 0 0 0 0 0 0 
0.464 0.10715 0.275275 0.0215072 0.0175905 0.0135226 0 0 0.0680525 0 0 0 0 0 0 
0.462 0.106551 0.275317 0.0215166 0.017602 0.0127002 0 0 0.0674321 0 0 0 0 0 0 
0.46 0.105943 0.275359 0.0215258 0.0176132 0.0118945 0 0 0.0668036 0 0 0 0 0 0 
0.458 0.105326 0.275402 0.0215347 0.0176242 0.0111059 0 0 0.0661667 0 0 0 0 0 0 
0.456 0.104699 0.275445 0.0215434 0.0176348 0.0103348 0 0 0.0655211 0 0 0 0 0 0 
0.454 0.104063 0.275488 0.0215518 0.0176451 0.00958185 0 0 0.0648665 0 0 0 0 0 0 
0.452 0.103417 0.275533 0.02156 0.0176551 0.00884754 0 0 0.0642024 0 0 0 0 0 0 
0.45 0.102761 0.275578 0.0215679 0.0176647 0.00813251 0 0 0.0635287 0 0 0 0 0 0 
0.448 0.102094 0.275624 0.0215756 0.0176741 0.00743738 0 0 0.0628447 0 0 0 0 0 0 
0.446 0.101416 0.275671 0.0215829 0.0176831 0.00676287 0 0 0.0621502 0 0 0 0 0 0 
0.444 0.100726 0.275719 0.02159 0.0176917 0.00610973 0 0 0.0614447 0 0 0 0 0 0 
0.442 0.100024 0.275769 0.0215968 0.0177 0.00547879 0 0 0.0607276 0 0 0 0 0 0 
0.44 0.0993097 0.275821 0.0216033 0.0177079 0.00487096 0 0 0.0599985 0 0 0 0 0 0 
0.438 0.0985816 0.275875 0.0216095 0.0177155 0.00428726 0 0 0.0592566 0 0 0 0 0 0 
0.436 0.0978393 0.275931 0.0216154 0.0177226 0.0037288 0 0 0.0585013 0 0 0 0 0 0 
0.434 0.0970821 0.275989 0.0216209 0.0177293 0.00319686 0 0 0.0577319 0 0 0 0 0 0 
0.432 0.0963091 0.276051 0.021626 0.0177357 0.00269289 0 0 0.0569474 0 0 0 0 0 0 
0.43 0.0955193 0.276115 0.0216308 0.0177415 0.00221858 0 0 0.0561469 0 0 0 0 0 0 
0.428 0.0947114 0.276183 0.0216352 0.0177469 0.00177595 0 0 0.0553293 0 0 0 0 0 0 
0.426 0.093884 0.276255 0.0216392 0.0177517 0.00136743 0 0 0.0544931 0 0 0 0 0 0 
0.424 0.0930354 0.276332 0.0216427 0.017756 0.000996113 0 0 0.0536367 0 0 0 0 0 0 
0.422 0.0921633 0.276413 0.0216457 0.0177597 0.00066613 0 0 0.0527579 0 0 0 0 0 0 
0.42 0.0912646 0.276498 0.0216482 0.0177626 0.000383435 0 0 0.0518538 0 0 0 0 0 0 
0.418 0.0903344 0.276588 0.0216499 0.0177648 0.000157931 0 0 0.0509197 0 0 0 0 0 0 
0.416 0.0893622 0.276679 0.0216507 0.0177657 1.2761e-05 0 0 0.0499458 0 0 0 0 0 0 
0.414 0.0883251 0.276765 0.0216499 0.0177648 0 0 0 0.0489104 0 0 0 0 0 0 
0.412 0.08727 0.276872 0.0216489 0.0177635 0 0 0 0.0478575 0 0 0 0 0 0 
0.41 0.0862013 0.277007 0.0216478 0.0177622 0 0 0 0.0467913 0 0 0 0 0 0 
0.408 0.0851178 0.277171 0.0216465 0.0177606 0 0 0 0.0457107 0 0 0 0 0 0 
0.406 0.0840184 0.277367 0.021645 0.0177588 0 0 0 0.0446145 0 0 0 0 0 0 
0.404 0.0829015 0.277597 0.0216433 0.0177567 0 0 0 0.0435014 0 0 0 0 0 0 
0.402 0.0817654 0.277865 0.0216413 0.0177543 0 0 0 0.0423698 0 0 0 0 0 0 
0.4 0.0806081 0.278174 0.021639 0.0177514 0 0 0 0.0412178 0 0 0 0 0 0 
0.398 0.079427 0.27853 0.0216361 0.017748 0 0 0 0.0400429 0 0 0 0 0 0 
0.396 0.078219 0.278939 0.0216327 0.0177438 0 0 0 0.0388424 0 0 0 0 0 0 
0.394 0.0769799 0.279408 0.0216286 0.0177388 0 0 0 0.0376125 0 0 0 0 0 0 
0.392 0.0757045 0.279947 0.0216235 0.0177326 0 0 0 0.0363485 0 0 0 0 0 0 
0.39 0.0754388 0.280062 0.0216225 0.0177313 0 0 0 0.0360899 0 0 0 0 0 0 
0.388 0.0739841 0.279528 0.0216866 0.0178094 0 0 0 0.034488 0 0 0 0 0 0 
0.386 0.0731788 0.279222 0.0217242 0.0178552 0 0 0 0.0335995 0 0 0 0 0 0 
0.384 0.0723658 0.278932 0.0217621 0.0179013 0 0 0 0.0327024 0 0 0 0 0 0 
0.382 0.0715447 0.278659 0.0218004 0.0179479 0 0 0 0.0317964 0 0 0 0 0 0 
0.38 0.0707152 0.278404 0.0218392 0.017995 0 0 0 0.030881 0 0 0 0 0 0 
0.378 0.069877 0.278167 0.0218786 0.0180427 0 0 0 0.0299557 0 0 0 0 0 0 
0.376 0.0690296 0.27795 0.0219184 0.018091 0 0 0 0.0290201 0 0 0 0 0 0 
0.374 0.0681726 0.277754 0.0219589 0.0181401 0 0 0 0.0280735 0 0 0 0 0 0 
0.372 0.0673055 0.277579 0.0220001 0.0181899 0 0 0 0.0271155 0 0 0 0 0 0 
0.37 0.0664279 0.277427 0.022042 0.0182406 0 0 0 0.0261453 0 0 0 0 0 0 
0.368 0.0655855 0.277415 0.0223053 0.018281 0 0 0 0.0249991 0 0 0 0 0 0 
0.366 0.0648706 0.277811 0.0232617 0.0182902 0 0 0 0.0233187 0 0 0 0 0 0 
0.364 0.0641222 0.277902 0.0238445 0.0183017 0 0 0 0.021976 0 0 0 0 0 0 
0.362 0.0633765 0.277054 0.0235124 0.0182946 0 0 0 0.0215696 0 0 0 0 0 0 
0.36 0.0626199 0.276218 0.0231688 0.0182888 0 0 0 0.0211624 0 0 0 0 0 0 
0.358 0.0618516 0.275394 0.0228123 0.0182844 0 0 0 0.0207549 0 0 0 0 0 0 
0.356 0.0610705 0.274582 0.022441 0.0182816 0 0 0 0.0203479 0 0 0 0 0 0 
0.354 0.0602849 0.273782 0.0220731 0.0182782 0 0 0 0.0199336 0 0 0 0 0 0 
0.352 0.0596428 0.272986 0.0220371 0.0182346 0 0 0 0.0193711 0 0 0 0 0 0 
0.35 0.0589932 0.272207 0.0220017 0.0181919 0 0 0 0.0187996 0 0 0 0 0 0 
0.348 0.0583357 0.271446 0.0219671 0.0181499 0 0 0 0.0182187 0 0 0 0 0 0 
0.346 0.0576699 0.270702 0.0219332 0.0181089 0 0 0 0.0176279 0 0 0 0 0 0 
0.344 0.0569955 0.269978 0.0219001 0.0180688 0 0 0 0.0170267 0 0 0 0 0 0 
0.342 0.0563121 0.269273 0.0218678 0.0180297 0 0 0 0.0164146 0 0 0 0 0 0 
0.34 0.0556191 0.26859 0.0218365 0.0179917 0 0 0 0.0157908 0 0 0 0 0 0 
0.338 0.054916 0.267929 0.0218062 0.0179549 0 0 0 0.0151549 0 0 0 0 0 0 
0.336 0.0542024 0.267292 0.021777 0.0179195 0 0 0 0.0145059 0 0 0 0 0 0 
0.334 0.0534775 0.266679 0.021749 0.0178854 0 0 0 0.0138432 0 0 0 0 0 0 
0.332 0.0527408 0.266094 0.0217222 0.0178528 0 0 0 0.0131657 0 0 0 0 0 0 
0.33 0.0519913 0.265536 0.0216968 0.0178219 0 0 0 0.0124726 0 0 0 0 0 0 
0.328 0.0512284 0.265009 0.021673 0.0177928 0 0 0 0.0117626 0 0 0 0 0 0 
0.326 0.0504509 0.264515 0.0216507 0.0177657 0 0 0 0.0110345 0 0 0 0 0 0 
0.324 0.0496579 0.264055 0.0216302 0.0177407 0 0 0 0.0102869 0 0 0 0 0 0 
0.322 0.048848 0.263634 0.0216117 0.0177182 0 0 0 0.00951814 0 0 0 0 0 0 
0.32 0.0480199 0.263254 0.0215954 0.0176982 0 0 0 0.00872631 0 0 0 0 0 0 
0.318 0.0471719 0.262919 0.0215814 0.0176812 0 0 0 0.00790925 0 0 0 0 0 0 
0.316 0.046302 0.262634 0.0215702 0.0176675 0 0 0 0.00706442 0 0 0 0 0 0 
0.314 0.0454081 0.262403 0.0215619 0.0176574 0 0 0 0.00618882 0 0 0 0 0 0 
0.312 0.0444873 0.262234 0.021557 0.0176514 0 0 0 0.00527888 0 0 0 0 0 0 
0.31 0.0435364 0.262133 0.021556 0.0176502 0 0 0 0.00433026 0 0 0 0 0 0 
0.308 0.0425513 0.262111 0.0215594 0.0176543 0 0 0 0.00333764 0 0 0 0 0 0 
0.306 0.041527 0.262179 0.0215679 0.0176648 0 0 0 0.00229433 0 0 0 0 0 0 
0.304 0.040457 0.262351 0.0215826 0.0176826 0 0 0 0.00119179 0 0 0 0 0 0 
0.302 0.0393327 0.262649 0.0216045 0.0177094 0 0 0 1.87612e-05 0 0 0 0 0 0 
0.3 0.0390073 0.260993 0.0214665 0.0175408 0 0 0 0 0 0 0 0 0 0 
0.298 0.038694 0.259306 0.0213258 0.0173682 0 0 0 0 0 0 0 0 0 0 
0.296 0.0383798 0.25762 0.0211849 0.017195 0 0 0 0 0 0 0 0 0 0 
0.294 0.0380648 0.255935 0.0210439 0.0170209 0 0 0 0 0 0 0 0 0 0 
0.292 0.0377488 0.254251 0.0209027 0.0168461 0 0 0 0 0 0 0 0 0 0 
0.29 0.037432 0.252568 0.0207615 0.0166705 0 0 0 0 0 0 0 0 0 0 
0.288 0.0371142 0.250886 0.0206201 0.0164941 0 0 0 0 0 0 0 0 0 0 
0.286 0.0367956 0.249204 0.0204786 0.0163169 0 0 0 0 0 0 0 0 0 0 
0.284 0.0364759 0.247524 0.020337 0.0161389 0 0 0 0 0 0 0 0 0 0 
0.282 0.0361553 0.245845 0.0201954 0.01596 0 0 0 0 0 0 0 0 0 0 
0.28 0.0358337 0.244166 0.0200536 0.0157802 0 0 0 0 0 0 0 0 0 0 
0.278 0.0355112 0.242489 0.0199117 0.0155995 0 0 0 0 0 0 0 0 0 0 
0.276 0.0351876 0.240812 0.0197697 0.0154178 0 0 0 0 0 0 0 0 0 0 
0.274 0.0348629 0.239137 0.0196277 0.0152353 0 0 0 0 0 0 0 0 0 0 
0.272 0.0345372 0.237463 0.0194855 0.0150517 0 0 0 0 0 0 0 0 0 0 
0.27 0.0342104 0.23579 0.0193433 0.0148671 0 0 0 0 0 0 0 0 0 0 
0.268 0.0338826 0.234117 0.019201 0.0146815 0 0 0 0 0 0 0 0 0 0 
0.266 0.0335535 0.232446 0.0190587 0.0144949 0 0 0 0 0 0 0 0 0 0 
0.264 0.0332234 0.230777 0.0189163 0.0143071 0 0 0 0 0 0 0 0 0 0 
0.262 0.032892 0.229108 0.0187738 0.0141182 0 0 0 0 0 0 0 0 0 0 
0.26 0.0325594 0.227441 0.0186313 0.0139281 0 0 0 0 0 0 0 0 0 0 
0.258 0.0322255 0.225774 0.0184887 0.0137368 0 0 0 0 0 0 0 0 0 0 
0.256 0.0318904 0.22411 0.0183461 0.0135443 0 0 0 0 0 0 0 0 0 0 
0.254 0.0315539 0.222446 0.0182035 0.0133504 0 0 0 0 0 0 0 0 0 0 
0.252 0.0312161 0.220784 0.0180608 0.0131552 0 0 0 0 0 0 0 0 0 0 
0.25 0.0308768 0.219123 0.0179181 0.0129587 0 0 0 0 0 0 0 0 0 0 
0.248 0.030536 0.217464 0.0177754 0.0127606 0 0 0 0 0 0 0 0 0 0 
0.246 0.0301938 0.215806 0.0176327 0.0125611 0 0 0 0 0 0 0 0 0 0 
0.244 0.0298499 0.21415 0.01749 0.0123599 0 0 0 0 0 0 0 0 0 0 
0.242 0.0295044 0.212496 0.0173473 0.0121571 0 0 0 0 0 0 0 0 0 0 
0.24 0.0291572 0.210843 0.0172046 0.0119526 0 0 0 0 0 0 0 0 0 0 
0.238 0.0288083 0.209192 0.0170619 0.0117463 0 0 0 0 0 0 0 0 0 0 
0.236 0.0284574 0.207543 0.0169193 0.0115382 0 0 0 0 0 0 0 0 0 0 
0.234 0.0281047 0.205895 0.0167767 0.011328 0 0 0 0 0 0 0 0 0 0 
0.232 0.0277499 0.20425 0.0166341 0.0111158 0 0 0 0 0 0 0 0 0 0 
0.23 0.027393 0.202607 0.0164916 0.0109014 0 0 0 0 0 0 0 0 0 0 
0.228 0.0270339 0.200966 0.0163492 0.0106847 0 0 0 0 0 0 0 0 0 0 
0.226 0.0266724 0.199328 0.0162068 0.0104656 0 0 0 0 0 0 0 0 0 0 
0.224 0.0263085 0.197692 0.0160646 0.0102439 0 0 0 0 0 0 0 0 0 0 
0.222 0.0259419 0.196058 0.0159224 0.0100195 0 0 0 0 0 0 0 0 0 0 
0.22 0.0255726 0.194427 0.0157804 0.00979223 0 0 0 0 0 0 0 0 0 0 
0.218 0.0252003 0.1928 0.0156385 0.00956187 0 0 0 0 0 0 0 0 0 0 
0.216 0.0248249 0.191175 0.0154967 0.00932823 0 0 0 0 0 0 0 0 0 0 
0.214 0.0244462 0.189554 0.0153551 0.00909108 0 0 0 0 0 0 0 0 0 0 
0.212 0.0240639 0.187936 0.0152137 0.00885017 0 0 0 0 0 0 0 0 0 0 
0.21 0.0236778 0.186322 0.0150726 0.00860522 0 0 0 0 0 0 0 0 0 0 
0.208 0.0232875 0.184712 0.0149316 0.00835589 0 0 0 0 0 0 0 0 0 0 
0.206 0.0228928 0.183107 0.0147909 0.00810182 0 0 0 0 0 0 0 0 0 0 
0.204 0.0224932 0.181507 0.0146506 0.00784261 0 0 0 0 0 0 0 0 0 0 
0.202 0.0221304 0.180332 0.0145487 0.00765068 0 0 0 0 0 0 0 0 0 0 
0.2 0.0218342 0.178166 0.0144238 0.00741037 0 0 0 0 0 0 0 0 0 0 
0.198 0.0215824 0.176418 0.0143388 0.00724359 0 0 0 0 0 0 0 0 0 0 
0.196 0.0213278 0.174672 0.0142539 0.00707393 0 0 0 0 0 0 0 0 0 0 
0.194 0.0210702 0.17293 0.014169 0.00690123 0 0 0 0 0 0 0 0 0 0 
0.192 0.0208094 0.171191 0.0140841 0.0067253 0 0 0 0 0 0 0 0 0 0 
0.19 0.0205453 0.169455 0.0139994 0.00654596 0 0 0 0 0 0 0 0 0 0 
0.188 0.0202777 0.167722 0.0139147 0.00636299 0 0 0 0 0 0 0 0 0 0 
0.186 0.0200065 0.165994 0.0138303 0.00617616 0 0 0 0 0 0 0 0 0 0 
0.184 0.0197313 0.164269 0.0137461 0.00598519 0 0 0 0 0 0 0 0 0 0 
0.182 0.019452 0.162548 0.0136621 0.00578981 0 0 0 0 0 0 0 0 0 0 
0.18 0.0191682 0.160832 0.0135785 0.00558966 0 0 0 0 0 0 0 0 0 0 
0.178 0.0188797 0.15912 0.0134953 0.00538438 0 0 0 0 0 0 0 0 0 0 
0.176 0.0185861 0.157414 0.0134126 0.00517353 0 0 0 0 0 0 0 0 0 0 
0.174 0.0182871 0.155713 0.0133304 0.00495662 0 0 0 0 0 0 0 0 0 0 
0.172 0.017982 0.154018 0.0132489 0.00473308 0 0 0 0 0 0 0 0 0 0 
0.17 0.0176705 0.15233 0.0131682 0.00450223 0 0 0 0 0 0 0 0 0 0 
0.168 0.0173518 0.150648 0.0130885 0.0042633 0 0 0 0 0 0 0 0 0 0 
0.166 0.0170252 0.148975 0.0130098 0.00401535 0 0 0 0 0 0 0 0 0 0 
0.164 0.0166897 0.14731 0.0129325 0.00375725 0 0 0 0 0 0 0 0 0 0 
0.162 0.0163443 0.145656 0.0128567 0.0034876 0 0 0 0 0 0 0 0 0 0 
0.16 0.0159876 0.144012 0.0127829 0.00320471 0 0 0 0 0 0 0 0 0 0 
0.158 0.0156177 0.142382 0.0127114 0.00290636 0 0 0 0 0 0 0 0 0 0 
0.156 0.0152324 0.140768 0.0126427 0.0025897 0 0 0 0 0 0 0 0 0 0 
0.154 0.0148286 0.139171 0.0125777 0.0022509 0 0 0 0 0 0 0 0 0 0 
0.152 0.0144019 0.137598 0.0125173 0.00188456 0 0 0 0 0 0 0 0 0 0 
0.15 0.0139459 0.136054 0.0124632 0.00148274 0 0 0 0 0 0 0 0 0 0 
0.148 0.0134505 0.134549 0.0124177 0.00103283 0 0 0 0 0 0 0 0 0 0 
0.146 0.0128978 0.133102 0.0123853 0.000512564 0 0 0 0 0 0 0 0 0 0 
0.144 0.0123478 0.131652 0.0123478 0 0 0 0 0 0 0 0 0 0 0 
0.142 0.0121962 0.129804 0.0121962 0 0 0 0 0 0 0 0 0 0 0 
0.14 0.0120442 0.127956 0.0120442 0 0 0 0 0 0 0 0 0 0 0 
0.138 0.0118921 0.126108 0.0118921 0 0 0 0 0 0 0 0 0 0 0 
0.136 0.0117398 0.12426 0.0117398 0 0 0 0 0 0 0 0 0 0 0 
0.134 0.0115872 0.122413 0.0115872 0 0 0 0 0 0 0 0 0 0 0 
0.132 0.0114344 0.120566 0.0114344 0 0 0 0 0 0 0 0 0 0 0 
0.13 0.0112814 0.118719 0.0112814 0 0 0 0 0 0 0 0 0 0 0 
0.128 0.0111281 0.116872 0.0111281 0 0 0 0 0 0 0 0 0 0 0 
0.126 0.0109747 0.115025 0.0109747 0 0 0 0 0 0 0 0 0 0 0 
0.124 0.010821 0.113179 0.010821 0 0 0 0 0 0 0 0 0 0 0 
0.122 0.010667 0.111333 0.010667 0 0 0 0 0 0 0 0 0 0 0 
0.12 0.0105129 0.109487 0.0105129 0 0 0 0 0 0 0 0 0 0 0 
0.118 0.0103585 0.107642 0.0103585 0 0 0 0 0 0 0 0 0 0 0 
0.116 0.0102039 0.105796 0.0102039 0 0 0 0 0 0 0 0 0 0 0 
0.114 0.010049 0.103951 0.010049 0 0 0 0 0 0 0 0 0 0 0 
0.112 0.00989388 0.102106 0.00989388 0 0 0 0 0 0 0 0 0 0 0 
0.11 0.00973854 0.100261 0.00973854 0 0 0 0 0 0 0 0 0 0 0 
0.108 0.00958294 0.0984171 0.00958294 0 0 0 0 0 0 0 0 0 0 0 
0.106 0.0094271 0.0965729 0.0094271 0 0 0 0 0 0 0 0 0 0 0 
0.104 0.009271 0.094729 0.009271 0 0 0 0 0 0 0 0 0 0 0 
0.102 0.00911464 0.0928854 0.00911464 0 0 0 0 0 0 0 0 0 0 0 
0.1 0.00895802 0.091042 0.00895802 0 0 0 0 0 0 0 0 0 0 0 
0.098 0.00880114 0.0891989 0.00880114 0 0 0 0 0 0 0 0 0 0 0 
0.096 0.00864398 0.087356 0.00864398 0 0 0 0 0 0 0 0 0 0 0 
0.094 0.00848654 0.0855135 0.00848654 0 0 0 0 0 0 0 0 0 0 0 
0.092 0.00832881 0.0836712 0.00832881 0 0 0 0 0 0 0 0 0 0 0 
0.09 0.00817079 0.0818292 0.00817079 0 0 0 0 0 0 0 0 0 0 0 
0.088 0.00801247 0.0799875 0.00801247 0 0 0 0 0 0 0 0 0 0 0 
0.086 0.00785384 0.0781462 0.00785384 0 0 0 0 0 0 0 0 0 0 0 
0.084 0.00769489 0.0763051 0.00769489 0 0 0 0 0 0 0 0 0 0 0 
0.082 0.00753562 0.0744644 0.00753562 0 0 0 0 0 0 0 0 0 0 0 
0.08 0.00737601 0.072624 0.00737601 0 0 0 0 0 0 0 0 0 0 0 
0.078 0.00721605 0.070784 0.00721605 0 0 0 0 0 0 0 0 0 0 0 
0.076 0.00705572 0.0689443 0.00705572 0 0 0 0 0 0 0 0 0 0 0 
0.074 0.00689503 0.067105 0.00689503 0 0 0 0 0 0 0 0 0 0 0 
0.072 0.00673394 0.0652661 0.00673394 0 0 0 0 0 0 0 0 0 0 0 
0.07 0.00657246 0.0634275 0.00657246 0 0 0 0 0 0 0 0 0 0 0 
0.068 0.00641055 0.0615895 0.00641055 0 0 0 0 0 0 0 0 0 0 0 
0.066 0.0062482 0.0597518 0.0062482 0 0 0 0 0 0 0 0 0 0 0 
0.064 0.00608539 0.0579146 0.00608539 0 0 0 0 0 0 0 0 0 0 0 
0.062 0.00592211 0.0560779 0.00592211 0 0 0 0 0 0 0 0 0 0 0 
0.06 0.00575832 0.0542417 0.00575832 0 0 0 0 0 0 0 0 0 0 0 
0.058 0.00559401 0.052406 0.00559401 0 0 0 0 0 0 0 0 0 0 0 
0.056 0.00542914 0.0505709 0.00542914 0 0 0 0 0 0 0 0 0 0 0 
0.054 0.00526368 0.0487363 0.00526368 0 0 0 0 0 0 0 0 0 0 0 
0.052 0.0050976 0.0469024 0.0050976 0 0 0 0 0 0 0 0 0 0 0 
0.05 0.00493086 0.0450691 0.00493086 0 0 0 0 0 0 0 0 0 0 0 
0.048 0.00476343 0.0432366 0.00476343 0 0 0 0 0 0 0 0 0 0 0 
0.046 0.00459525 0.0414047 0.00459525 0 0 0 0 0 0 0 0 0 0 0 
0.044 0.00442628 0.0395737 0.00442628 0 0 0 0 0 0 0 0 0 0 0 
0.042 0.00425646 0.0377435 0.00425646 0 0 0 0 0 0 0 0 0 0 0 
0.04 0.00408572 0.0359143 0.00408572 0 0 0 0 0 0 0 0 0 0 0 
0.038 0.00391401 0.034086 0.00391401 0 0 0 0 0 0 0 0 0 0 0 
0.036 0.00374122 0.0322588 0.00374122 0 0 0 0 0 0 0 0 0 0 0 
0.034 0.00356728 0.0304327 0.00356728 0 0 0 0 0 0 0 0 0 0 0 
0.032 0.00339207 0.0286079 0.00339207 0 0 0 0 0 0 0 0 0 0 0 
0.03 0.00321548 0.0267845 0.00321548 0 0 0 0 0 0 0 0 0 0 0 
0.028 0.00303737 0.0249626 0.00303737 0 0 0 0 0 0 0 0 0 0 0 
0.026 0.00285756 0.0231424 0.00285756 0 0 0 0 0 0 0 0 0 0 0 
0.024 0.00267586 0.0213241 0.00267586 0 0 0 0 0 0 0 0 0 0 0 
0.022 0.00249202 0.019508 0.00249202 0 0 0 0 0 0 0 0 0 0 0 
0.02 0.00230577 0.0176942 0.00230577 0 0 0 0 0 0 0 0 0 0 0 
0.018 0.00211672 0.0158833 0.00211672 0 0 0 0 0 0 0 0 0 0 0 
0.016 0.00192442 0.0140756 0.00192442 0 0 0 0 0 0 0 0 0 0 0 
0.014 0.00172827 0.0122717 0.00172827 0 0 0 0 0 0 0 0 0 0 0 
0.012 0.00152744 0.0104726 0.00152744 0 0 0 0 0 0 0 0 0 0 0 
0.01 0.00132079 0.00867921 0.00132079 0 0 0 0 0 0 0 0 0 0 0 
0.008 0.00110659 0.00689341 0.00110659 0 0 0 0 0 0 0 0 0 0 0 
0.006 0.00088204 0.00511796 0.00088204 0 0 0 0 0 0 0 0 0 0 0 
0.004 0.000641872 0.00335813 0.000641872 0 0 0 0 0 0 0 0 0 0 0 
0.002 0.000373239 0.00162676 0.000373239 0 0 0 0 0 0 0 0 0 0 0 
