1 0.169409 0.182838 0.0151123 0.00939748 0.308635 0.0441901 0.105839 0.186785 0 0.00230405 0 0 0 0 
0.998 0.169767 0.183346 0.0151845 0.0094485 0.307827 0.0434066 0.105113 0.186332 0 0.0022088 0 0 0 0 
0.996 0.170124 0.183853 0.0152567 0.00949966 0.307017 0.0426258 0.104387 0.185879 0 0.00211453 0 0 0 0 
0.994 0.170479 0.184361 0.0153291 0.00955097 0.306205 0.0418479 0.103662 0.185425 0 0.00202127 0 0 0 0 
0.992 0.170832 0.184868 0.0154016 0.00960243 0.305392 0.0410727 0.102936 0.184971 0 0.00192905 0 0 0 0 
0.99 0.171183 0.185374 0.0154743 0.00965403 0.304577 0.0403005 0.10221 0.184517 0 0.00183791 0 0 0 0 
0.988 0.171533 0.185881 0.0155471 0.00970577 0.30376 0.0395311 0.101484 0.184063 0 0.00174787 0 0 0 0 
0.986 0.17188 0.186387 0.01562 0.00975766 0.302942 0.0387647 0.100759 0.183608 0 0.00165899 0 0 0 0 
0.984 0.172226 0.186892 0.0156931 0.00980968 0.302122 0.0380014 0.100033 0.183154 0 0.00157128 0 0 0 0 
0.982 0.17257 0.187398 0.0157663 0.00986185 0.301301 0.037241 0.0993072 0.182698 0 0.0014848 0 0 0 0 
0.98 0.172912 0.187903 0.0158396 0.00991415 0.300477 0.0364838 0.0985814 0.182243 0 0.00139959 0 0 0 0 
0.978 0.173253 0.188407 0.015913 0.00996659 0.299652 0.0357297 0.0978555 0.181787 0 0.0013157 0 0 0 0 
0.976 0.173591 0.188912 0.0159866 0.0100192 0.298825 0.0349788 0.0971295 0.181331 0 0.00123317 0 0 0 0 
0.974 0.173927 0.189416 0.0160603 0.0100719 0.297996 0.0342312 0.0964035 0.180874 0 0.00115206 0 0 0 0 
0.972 0.174261 0.18992 0.0161341 0.0101247 0.297165 0.0334868 0.0956773 0.180417 0 0.00107243 0 0 0 0 
0.97 0.174594 0.190423 0.016208 0.0101777 0.296333 0.0327458 0.094951 0.17996 0 0.00099433 0 0 0 0 
0.968 0.174924 0.190926 0.016282 0.0102307 0.295498 0.0320083 0.0942246 0.179502 0 0.000917841 0 0 0 0 
0.966 0.175252 0.191428 0.0163561 0.0102839 0.294661 0.0312741 0.0934981 0.179043 0 0.000843032 0 0 0 0 
0.964 0.175578 0.191931 0.0164303 0.0103373 0.293822 0.0305435 0.0927713 0.178584 0 0.000769984 0 0 0 0 
0.962 0.175902 0.192433 0.0165046 0.0103907 0.292981 0.0298165 0.0920444 0.178125 0 0.000698786 0 0 0 0 
0.96 0.176224 0.192934 0.016579 0.0104442 0.292137 0.0290932 0.0913172 0.177665 0 0.000629537 0 0 0 0 
0.958 0.176544 0.193435 0.0166535 0.0104979 0.291291 0.0283736 0.0905898 0.177204 0 0.000562346 0 0 0 0 
0.956 0.176861 0.193936 0.016728 0.0105516 0.290443 0.0276577 0.0898621 0.176742 0 0.000497337 0 0 0 0 
0.954 0.177177 0.194436 0.0168026 0.0106055 0.289593 0.0269458 0.0891341 0.17628 0 0.000434651 0 0 0 0 
0.952 0.17749 0.194936 0.0168772 0.0106594 0.28874 0.0262378 0.0884057 0.175816 0 0.000374448 0 0 0 0 
0.95 0.177801 0.195436 0.0169519 0.0107134 0.287884 0.0255338 0.0876769 0.175352 0 0.000316918 0 0 0 0 
0.948 0.178109 0.195935 0.0170266 0.0107674 0.287026 0.024834 0.0869477 0.174887 0 0.000262281 0 0 0 0 
0.946 0.178415 0.196433 0.0171013 0.0108215 0.286164 0.0241383 0.086218 0.17442 0 0.000210808 0 0 0 0 
0.944 0.178719 0.196932 0.017176 0.0108757 0.2853 0.023447 0.0854877 0.173952 0 0.000162832 0 0 0 0 
0.942 0.179021 0.197429 0.0172507 0.0109298 0.284433 0.0227601 0.0847567 0.173482 0 0.000118782 0 0 0 0 
0.94 0.17932 0.197927 0.0173252 0.0109839 0.283562 0.0220778 0.0840249 0.173009 0 7.9242e-05 0 0 0 0 
0.938 0.179617 0.198424 0.0173996 0.011038 0.282687 0.0214001 0.0832922 0.172535 0 4.50674e-05 0 0 0 0 
0.936 0.179912 0.19892 0.0174737 0.0110919 0.281809 0.0207273 0.0825581 0.172056 0 1.77044e-05 0 0 0 0 
0.934 0.180205 0.199416 0.0175473 0.0111454 0.280925 0.0200597 0.0818221 0.171572 0 7.07913e-07 0 0 0 0 
0.932 0.180498 0.199911 0.0176199 0.0111983 0.280033 0.0193977 0.081083 0.171077 0 0 0 0 0 0 
0.93 0.180787 0.200406 0.0176927 0.0112514 0.27914 0.0187405 0.0803437 0.170583 0 0 0 0 0 0 
0.928 0.181073 0.2009 0.0177657 0.0113047 0.278244 0.0180881 0.0796046 0.170091 0 0 0 0 0 0 
0.926 0.181356 0.201394 0.017839 0.0113582 0.277346 0.0174406 0.0788654 0.169599 0 0 0 0 0 0 
0.924 0.181635 0.201887 0.0179125 0.0114119 0.276445 0.0167982 0.0781263 0.169109 0 0 0 0 0 0 
0.922 0.181911 0.20238 0.0179863 0.0114658 0.275542 0.0161611 0.0773873 0.168619 0 0 0 0 0 0 
0.92 0.182183 0.202872 0.0180604 0.01152 0.274636 0.0155293 0.0766482 0.168132 0 0 0 0 0 0 
0.918 0.182451 0.203364 0.0181347 0.0115745 0.273728 0.014903 0.075909 0.167645 0 0 0 0 0 0 
0.916 0.182716 0.203855 0.0182092 0.0116291 0.272817 0.0142825 0.0751698 0.16716 0 0 0 0 0 0 
0.914 0.182977 0.204346 0.0182841 0.011684 0.271903 0.0136677 0.0744305 0.166676 0 0 0 0 0 0 
0.912 0.183233 0.204836 0.0183592 0.0117392 0.270987 0.013059 0.0736911 0.166194 0 0 0 0 0 0 
0.91 0.183486 0.205326 0.0184347 0.0117946 0.270067 0.0124565 0.0729516 0.165713 0 0 0 0 0 0 
0.908 0.183734 0.205815 0.0185104 0.0118503 0.269145 0.0118604 0.0722119 0.165234 0 0 0 0 0 0 
0.906 0.183978 0.206303 0.0185864 0.0119062 0.268219 0.0112709 0.0714719 0.164757 0 0 0 0 0 0 
0.904 0.184218 0.206791 0.0186627 0.0119624 0.26729 0.0106883 0.0707317 0.164281 0 0 0 0 0 0 
0.902 0.184452 0.207278 0.0187394 0.0120189 0.266358 0.0101128 0.0699912 0.163807 0 0 0 0 0 0 
0.9 0.184682 0.207765 0.0188163 0.0120757 0.265422 0.0095447 0.0692504 0.163335 0 0 0 0 0 0 
0.898 0.184907 0.208251 0.0188936 0.0121328 0.264483 0.00898424 0.0685091 0.162865 0 0 0 0 0 0 
0.896 0.185127 0.208736 0.0189713 0.0121901 0.26354 0.00843176 0.0677674 0.162397 0 0 0 0 0 0 
0.894 0.185341 0.209221 0.0190493 0.0122478 0.262593 0.00788758 0.0670252 0.161932 0 0 0 0 0 0 
0.892 0.18555 0.209705 0.0191276 0.0123058 0.261642 0.00735206 0.0662824 0.161469 0 0 0 0 0 0 
0.89 0.185753 0.210188 0.0192064 0.0123641 0.260687 0.00682562 0.0655389 0.161008 0 0 0 0 0 0 
0.888 0.185949 0.21067 0.0192855 0.0124228 0.259727 0.00630867 0.0647947 0.16055 0 0 0 0 0 0 
0.886 0.18614 0.211152 0.0193651 0.0124818 0.258763 0.0058017 0.0640496 0.160094 0 0 0 0 0 0 
0.884 0.186323 0.211633 0.0194451 0.0125412 0.257793 0.00530523 0.0633036 0.159642 0 0 0 0 0 0 
0.882 0.1865 0.212113 0.0195256 0.0126009 0.256818 0.00481987 0.0625565 0.159193 0 0 0 0 0 0 
0.88 0.186669 0.212592 0.0196065 0.0126611 0.255838 0.00434627 0.0618081 0.158747 0 0 0 0 0 0 
0.878 0.18683 0.21307 0.0196879 0.0127217 0.254852 0.00388519 0.0610584 0.158305 0 0 0 0 0 0 
0.876 0.186982 0.213547 0.0197699 0.0127827 0.253859 0.00343748 0.0603071 0.157867 0 0 0 0 0 0 
0.874 0.187126 0.214023 0.0198524 0.0128442 0.25286 0.00300414 0.059554 0.157433 0 0 0 0 0 0 
0.872 0.18726 0.214498 0.0199355 0.0129062 0.251853 0.0025863 0.0587988 0.157004 0 0 0 0 0 0 
0.87 0.187383 0.214972 0.0200192 0.0129687 0.250838 0.00218535 0.0580413 0.15658 0 0 0 0 0 0 
0.868 0.187495 0.215444 0.0201037 0.0130318 0.249815 0.00180294 0.0572811 0.156162 0 0 0 0 0 0 
0.866 0.187594 0.215915 0.020189 0.0130955 0.248782 0.00144112 0.0565175 0.155751 0 0 0 0 0 0 
0.864 0.187679 0.216384 0.0202751 0.01316 0.247737 0.0011025 0.0557502 0.155346 0 0 0 0 0 0 
0.862 0.187748 0.216852 0.0203622 0.0132252 0.24668 0.000790543 0.0549781 0.154951 0 0 0 0 0 0 
0.86 0.187798 0.217317 0.0204504 0.0132913 0.245608 0.000510171 0.0542 0.154566 0 0 0 0 0 0 
0.858 0.187824 0.21778 0.0205401 0.0133586 0.244518 0.00026902 0.0534141 0.154195 0 0 0 0 0 0 
0.856 0.187819 0.21824 0.0206316 0.0134273 0.243402 8.14267e-05 0.0526167 0.153842 0 0 0 0 0 0 
0.854 0.187752 0.218692 0.0207269 0.0134988 0.242235 0 0.0517941 0.153527 0 0 0 0 0 0 
0.852 0.187638 0.219139 0.020825 0.0135726 0.24103 0 0.050953 0.15324 0 0 0 0 0 0 
0.85 0.187522 0.219586 0.0209232 0.0136465 0.239824 0 0.0501151 0.152952 0 0 0 0 0 0 
0.848 0.187405 0.220033 0.0210216 0.0137206 0.238619 0 0.0492804 0.152663 0 0 0 0 0 0 
0.846 0.187286 0.22048 0.0211201 0.0137949 0.237413 0 0.048449 0.152371 0 0 0 0 0 0 
0.844 0.187166 0.220927 0.0212188 0.0138694 0.236208 0 0.0476209 0.152078 0 0 0 0 0 0 
0.842 0.187045 0.221373 0.0213177 0.0139441 0.235003 0 0.0467961 0.151783 0 0 0 0 0 0 
0.84 0.186922 0.22182 0.0214167 0.0140189 0.233798 0 0.0459747 0.151486 0 0 0 0 0 0 
0.838 0.186798 0.222266 0.0215158 0.0140939 0.232592 0 0.0451566 0.151188 0 0 0 0 0 0 
0.836 0.186672 0.222712 0.0216151 0.0141691 0.231387 0 0.0443421 0.150888 0 0 0 0 0 0 
0.834 0.186544 0.223157 0.0217145 0.0142444 0.230182 0 0.043531 0.150585 0 0 0 0 0 0 
0.832 0.186416 0.223603 0.0218141 0.01432 0.228976 0 0.0427235 0.150282 0 0 0 0 0 0 
0.83 0.186285 0.224048 0.0219138 0.0143956 0.227771 0 0.0419196 0.149976 0 0 0 0 0 0 
0.828 0.186153 0.224493 0.0220137 0.0144715 0.226566 0 0.0411193 0.149668 0 0 0 0 0 0 
0.826 0.18602 0.224938 0.0221137 0.0145475 0.22536 0 0.0403227 0.149359 0 0 0 0 0 0 
0.824 0.185885 0.225383 0.0222138 0.0146237 0.224155 0 0.0395298 0.149048 0 0 0 0 0 0 
0.822 0.185748 0.225827 0.022314 0.0147001 0.222949 0 0.0387407 0.148734 0 0 0 0 0 0 
0.82 0.18561 0.226271 0.0224144 0.0147766 0.221744 0 0.0379554 0.148419 0 0 0 0 0 0 
0.818 0.185471 0.226715 0.0225149 0.0148532 0.220538 0 0.037174 0.148102 0 0 0 0 0 0 
0.816 0.185329 0.227158 0.0226155 0.0149301 0.219332 0 0.0363965 0.147784 0 0 0 0 0 0 
0.814 0.185186 0.227601 0.0227162 0.015007 0.218127 0 0.035623 0.147463 0 0 0 0 0 0 
0.812 0.185041 0.228044 0.0228171 0.0150842 0.216921 0 0.0348536 0.14714 0 0 0 0 0 0 
0.81 0.184895 0.228487 0.0229181 0.0151615 0.215715 0 0.0340883 0.146815 0 0 0 0 0 0 
0.808 0.184747 0.228929 0.0230192 0.0152389 0.214508 0 0.0333271 0.146489 0 0 0 0 0 0 
0.806 0.184597 0.229371 0.0231204 0.0153165 0.213302 0 0.0325701 0.14616 0 0 0 0 0 0 
0.804 0.184445 0.229812 0.0232217 0.0153942 0.212095 0 0.0318175 0.145829 0 0 0 0 0 0 
0.802 0.184292 0.230253 0.0233231 0.0154721 0.210889 0 0.0310692 0.145497 0 0 0 0 0 0 
0.8 0.184137 0.230694 0.0234247 0.0155501 0.209682 0 0.0303253 0.145162 0 0 0 0 0 0 
0.798 0.18398 0.231134 0.0235263 0.0156283 0.208475 0 0.0295858 0.144825 0 0 0 0 0 0 
0.796 0.183821 0.231574 0.023628 0.0157066 0.207267 0 0.028851 0.144486 0 0 0 0 0 0 
0.794 0.18366 0.232014 0.0237299 0.015785 0.20606 0 0.0281207 0.144146 0 0 0 0 0 0 
0.792 0.183498 0.232453 0.0238318 0.0158636 0.204852 0 0.0273952 0.143802 0 0 0 0 0 0 
0.79 0.183333 0.232891 0.0239338 0.0159423 0.203644 0 0.0266744 0.143457 0 0 0 0 0 0 
0.788 0.183167 0.233329 0.0240359 0.0160211 0.202435 0 0.0259585 0.14311 0 0 0 0 0 0 
0.786 0.182999 0.233767 0.0241381 0.0161001 0.201227 0 0.0252475 0.14276 0 0 0 0 0 0 
0.784 0.182828 0.234204 0.0242404 0.0161792 0.200018 0 0.0245416 0.142409 0 0 0 0 0 0 
0.782 0.182656 0.23464 0.0243428 0.0162584 0.198808 0 0.0238407 0.142055 0 0 0 0 0 0 
0.78 0.182482 0.235076 0.0244452 0.0163377 0.197599 0 0.023145 0.141699 0 0 0 0 0 0 
0.778 0.182305 0.235511 0.0245477 0.0164171 0.196388 0 0.0224547 0.14134 0 0 0 0 0 0 
0.776 0.182127 0.235946 0.0246503 0.0164967 0.195178 0 0.0217697 0.14098 0 0 0 0 0 0 
0.774 0.181946 0.23638 0.024753 0.0165764 0.193967 0 0.0210902 0.140617 0 0 0 0 0 0 
0.772 0.181763 0.236814 0.0248557 0.0166561 0.192755 0 0.0204163 0.140251 0 0 0 0 0 0 
0.77 0.181578 0.237247 0.0249585 0.016736 0.191543 0 0.0197481 0.139884 0 0 0 0 0 0 
0.768 0.181391 0.237679 0.0250613 0.016816 0.190331 0 0.0190857 0.139514 0 0 0 0 0 0 
0.766 0.181201 0.23811 0.0251642 0.0168961 0.189118 0 0.0184292 0.139141 0 0 0 0 0 0 
0.764 0.18101 0.238541 0.0252672 0.0169763 0.187904 0 0.0177788 0.138766 0 0 0 0 0 0 
0.762 0.180816 0.238971 0.0253702 0.0170566 0.18669 0 0.0171346 0.138389 0 0 0 0 0 0 
0.76 0.180619 0.239401 0.0254733 0.017137 0.185475 0 0.0164966 0.138009 0 0 0 0 0 0 
0.758 0.18042 0.239829 0.0255764 0.0172175 0.184259 0 0.0158651 0.137626 0 0 0 0 0 0 
0.756 0.180219 0.240257 0.0256795 0.017298 0.183043 0 0.0152402 0.137241 0 0 0 0 0 0 
0.754 0.180015 0.240684 0.0257827 0.0173787 0.181826 0 0.0146221 0.136854 0 0 0 0 0 0 
0.752 0.179809 0.24111 0.0258859 0.0174594 0.180608 0 0.0140108 0.136463 0 0 0 0 0 0 
0.75 0.1796 0.241535 0.0259891 0.0175402 0.179389 0 0.0134066 0.13607 0 0 0 0 0 0 
0.748 0.179388 0.241959 0.0260924 0.0176211 0.178169 0 0.0128096 0.135675 0 0 0 0 0 0 
0.746 0.179174 0.242382 0.0261956 0.017702 0.176948 0 0.01222 0.135276 0 0 0 0 0 0 
0.744 0.178957 0.242804 0.0262989 0.0177831 0.175727 0 0.011638 0.134875 0 0 0 0 0 0 
0.742 0.178737 0.243225 0.0264022 0.0178641 0.174504 0 0.0110639 0.13447 0 0 0 0 0 0 
0.74 0.178514 0.243645 0.0265055 0.0179453 0.17328 0 0.0104977 0.134063 0 0 0 0 0 0 
0.738 0.178288 0.244064 0.0266088 0.0180265 0.172055 0 0.00993982 0.133653 0 0 0 0 0 0 
0.736 0.17806 0.244482 0.0267121 0.0181077 0.170828 0 0.00939042 0.13324 0 0 0 0 0 0 
0.734 0.177828 0.244898 0.0268154 0.018189 0.169601 0 0.00884977 0.132824 0 0 0 0 0 0 
0.732 0.177593 0.245313 0.0269187 0.0182703 0.168371 0 0.00831813 0.132404 0 0 0 0 0 0 
0.73 0.177355 0.245727 0.0270219 0.0183517 0.167141 0 0.00779581 0.131981 0 0 0 0 0 0 
0.728 0.177114 0.24614 0.0271252 0.0184331 0.165908 0 0.00728311 0.131555 0 0 0 0 0 0 
0.726 0.176869 0.246551 0.0272284 0.0185145 0.164674 0 0.00678038 0.131126 0 0 0 0 0 0 
0.724 0.17662 0.246961 0.0273315 0.018596 0.163438 0 0.00628797 0.130693 0 0 0 0 0 0 
0.722 0.176369 0.247369 0.0274346 0.0186775 0.1622 0 0.00580628 0.130256 0 0 0 0 0 0 
0.72 0.176113 0.247775 0.0275377 0.0187589 0.16096 0 0.00533573 0.129816 0 0 0 0 0 0 
0.718 0.175853 0.24818 0.0276407 0.0188404 0.159718 0 0.00487681 0.129372 0 0 0 0 0 0 
0.716 0.17559 0.248583 0.0277436 0.0189219 0.158473 0 0.00443002 0.128924 0 0 0 0 0 0 
0.714 0.175322 0.248984 0.0278465 0.0190034 0.157225 0 0.00399593 0.128473 0 0 0 0 0 0 
0.712 0.17505 0.249383 0.0279492 0.0190848 0.155975 0 0.00357517 0.128016 0 0 0 0 0 0 
0.71 0.174774 0.24978 0.0280519 0.0191663 0.154722 0 0.00316846 0.127556 0 0 0 0 0 0 
0.708 0.174493 0.250174 0.0281545 0.0192477 0.153465 0 0.00277661 0.127091 0 0 0 0 0 0 
0.706 0.174207 0.250567 0.0282569 0.019329 0.152205 0 0.00240052 0.126621 0 0 0 0 0 0 
0.704 0.173916 0.250956 0.0283592 0.0194103 0.150941 0 0.00204127 0.126146 0 0 0 0 0 0 
0.702 0.173619 0.251343 0.0284614 0.0194915 0.149672 0 0.00170011 0.125666 0 0 0 0 0 0 
0.7 0.173316 0.251727 0.0285634 0.0195727 0.148398 0 0.00137854 0.12518 0 0 0 0 0 0 
0.698 0.173007 0.252108 0.0286652 0.0196537 0.147118 0 0.00107842 0.124688 0 0 0 0 0 0 
0.696 0.172691 0.252485 0.0287668 0.0197346 0.145833 0 0.00080209 0.12419 0 0 0 0 0 0 
0.694 0.172367 0.252857 0.0288681 0.0198154 0.144539 0 0.00055267 0.123684 0 0 0 0 0 0 
0.692 0.172035 0.253225 0.0289692 0.019896 0.143236 0 0.000334592 0.123169 0 0 0 0 0 0 
0.69 0.171691 0.253587 0.0290699 0.0199763 0.141921 0 0.000154914 0.122645 0 0 0 0 0 0 
0.688 0.171334 0.253941 0.0291701 0.0200563 0.140589 0 2.80121e-05 0.122107 0 0 0 0 0 0 
0.686 0.170951 0.254281 0.0292693 0.0201355 0.139223 0 0 0.121546 0 0 0 0 0 0 
0.684 0.170559 0.254615 0.0293682 0.0202146 0.137849 0 0 0.120976 0 0 0 0 0 0 
0.682 0.170167 0.254949 0.0294671 0.0202937 0.136478 0 0 0.120406 0 0 0 0 0 0 
0.68 0.169773 0.255283 0.029566 0.0203728 0.13511 0 0 0.119834 0 0 0 0 0 0 
0.678 0.169377 0.255617 0.0296649 0.0204519 0.133746 0 0 0.119261 0 0 0 0 0 0 
0.676 0.168981 0.255949 0.0297637 0.0205311 0.132384 0 0 0.118686 0 0 0 0 0 0 
0.674 0.168583 0.256282 0.0298624 0.0206102 0.131025 0 0 0.11811 0 0 0 0 0 0 
0.672 0.168183 0.256614 0.0299611 0.0206894 0.12967 0 0 0.117533 0 0 0 0 0 0 
0.67 0.167783 0.256945 0.0300598 0.0207685 0.128318 0 0 0.116954 0 0 0 0 0 0 
0.668 0.167381 0.257276 0.0301584 0.0208476 0.126969 0 0 0.116375 0 0 0 0 0 0 
0.666 0.166977 0.257607 0.0302569 0.0209268 0.125623 0 0 0.115793 0 0 0 0 0 0 
0.664 0.166572 0.257937 0.0303554 0.0210059 0.12428 0 0 0.115211 0 0 0 0 0 0 
0.662 0.166166 0.258266 0.0304538 0.021085 0.122941 0 0 0.114627 0 0 0 0 0 0 
0.66 0.165758 0.258595 0.0305521 0.0211641 0.121605 0 0 0.114042 0 0 0 0 0 0 
0.658 0.165349 0.258924 0.0306504 0.0212432 0.120272 0 0 0.113455 0 0 0 0 0 0 
0.656 0.164938 0.259252 0.0307486 0.0213223 0.118943 0 0 0.112867 0 0 0 0 0 0 
0.654 0.164526 0.259579 0.0308467 0.0214013 0.117617 0 0 0.112278 0 0 0 0 0 0 
0.652 0.164113 0.259906 0.0309447 0.0214803 0.116294 0 0 0.111688 0 0 0 0 0 0 
0.65 0.163698 0.260232 0.0310426 0.0215593 0.114975 0 0 0.111096 0 0 0 0 0 0 
0.648 0.163281 0.260558 0.0311405 0.0216382 0.113659 0 0 0.110502 0 0 0 0 0 0 
0.646 0.162863 0.260883 0.0312382 0.0217171 0.112346 0 0 0.109908 0 0 0 0 0 0 
0.644 0.162444 0.261207 0.0313358 0.021796 0.111038 0 0 0.109312 0 0 0 0 0 0 
0.642 0.162023 0.261531 0.0314334 0.0218748 0.109732 0 0 0.108714 0 0 0 0 0 0 
0.64 0.1616 0.261854 0.0315308 0.0219536 0.10843 0 0 0.108116 0 0 0 0 0 0 
0.638 0.161176 0.262176 0.0316281 0.0220323 0.107132 0 0 0.107516 0 0 0 0 0 0 
0.636 0.16075 0.262498 0.0317253 0.0221109 0.105837 0 0 0.106914 0 0 0 0 0 0 
0.634 0.160323 0.262819 0.0318223 0.0221895 0.104546 0 0 0.106311 0 0 0 0 0 0 
0.632 0.159894 0.26314 0.0319193 0.022268 0.103259 0 0 0.105707 0 0 0 0 0 0 
0.63 0.159464 0.263459 0.032016 0.0223465 0.101975 0 0 0.105102 0 0 0 0 0 0 
0.628 0.159032 0.263778 0.0321127 0.0224248 0.100695 0 0 0.104495 0 0 0 0 0 0 
0.626 0.158599 0.264097 0.0322092 0.0225031 0.0994186 0 0 0.103886 0 0 0 0 0 0 
0.624 0.158163 0.264414 0.0323056 0.0225814 0.098146 0 0 0.103277 0 0 0 0 0 0 
0.622 0.157727 0.264731 0.0324018 0.0226595 0.0968772 0 0 0.102665 0 0 0 0 0 0 
0.62 0.157288 0.265047 0.0324979 0.0227375 0.0956123 0 0 0.102053 0 0 0 0 0 0 
0.618 0.156848 0.265362 0.0325938 0.0228155 0.0943512 0 0 0.101439 0 0 0 0 0 0 
0.616 0.156406 0.265676 0.0326895 0.0228933 0.093094 0 0 0.100824 0 0 0 0 0 0 
0.614 0.155963 0.26599 0.0327851 0.022971 0.0918407 0 0 0.100207 0 0 0 0 0 0 
0.612 0.155518 0.266302 0.0328805 0.0230487 0.0905913 0 0 0.0995886 0 0 0 0 0 0 
0.61 0.155071 0.266614 0.0329757 0.0231262 0.089346 0 0 0.098969 0 0 0 0 0 0 
0.608 0.154622 0.266925 0.0330707 0.0232036 0.0881047 0 0 0.098348 0 0 0 0 0 0 
0.606 0.154172 0.267235 0.0331655 0.0232809 0.0868674 0 0 0.0977255 0 0 0 0 0 0 
0.604 0.15372 0.267544 0.0332602 0.023358 0.0856342 0 0 0.0971016 0 0 0 0 0 0 
0.602 0.153266 0.267852 0.0333546 0.0234351 0.0844052 0 0 0.0964763 0 0 0 0 0 0 
0.6 0.15281 0.26816 0.0334488 0.023512 0.0831803 0 0 0.0958496 0 0 0 0 0 0 
0.598 0.152353 0.268466 0.0335428 0.0235887 0.0819596 0 0 0.0952214 0 0 0 0 0 0 
0.596 0.151894 0.268771 0.0336366 0.0236653 0.0807431 0 0 0.0945918 0 0 0 0 0 0 
0.594 0.151433 0.269076 0.0337302 0.0237418 0.079531 0 0 0.0939607 0 0 0 0 0 0 
0.592 0.15097 0.269379 0.0338236 0.0238181 0.0783231 0 0 0.0933281 0 0 0 0 0 0 
0.59 0.150505 0.269681 0.0339167 0.0238942 0.0771196 0 0 0.0926941 0 0 0 0 0 0 
0.588 0.150038 0.269982 0.0340096 0.0239702 0.0759205 0 0 0.0920587 0 0 0 0 0 0 
0.586 0.14957 0.270283 0.0341022 0.024046 0.0747258 0 0 0.0914217 0 0 0 0 0 0 
0.584 0.1491 0.270582 0.0341946 0.0241217 0.0735356 0 0 0.0907833 0 0 0 0 0 0 
0.582 0.148627 0.270879 0.0342867 0.0241971 0.0723499 0 0 0.0901434 0 0 0 0 0 0 
0.58 0.148153 0.271176 0.0343786 0.0242724 0.0711688 0 0 0.089502 0 0 0 0 0 0 
0.578 0.147677 0.271472 0.0344702 0.0243475 0.0699923 0 0 0.0888591 0 0 0 0 0 0 
0.576 0.147199 0.271766 0.0345615 0.0244224 0.0688205 0 0 0.0882147 0 0 0 0 0 0 
0.574 0.146718 0.272059 0.0346525 0.0244971 0.0676533 0 0 0.0875689 0 0 0 0 0 0 
0.572 0.146236 0.272351 0.0347433 0.0245716 0.0664909 0 0 0.0869215 0 0 0 0 0 0 
0.57 0.145752 0.272642 0.0348337 0.0246459 0.0653333 0 0 0.0862726 0 0 0 0 0 0 
0.568 0.145266 0.272931 0.0349239 0.0247199 0.0641806 0 0 0.0856221 0 0 0 0 0 0 
0.566 0.144778 0.273219 0.0350138 0.0247938 0.0630327 0 0 0.0849702 0 0 0 0 0 0 
0.564 0.144287 0.273506 0.0351033 0.0248674 0.0618899 0 0 0.0843167 0 0 0 0 0 0 
0.562 0.143795 0.273792 0.0351925 0.0249408 0.060752 0 0 0.0836616 0 0 0 0 0 0 
0.56 0.1433 0.274075 0.0352814 0.0250139 0.0596191 0 0 0.083005 0 0 0 0 0 0 
0.558 0.142804 0.274358 0.03537 0.0250868 0.0584914 0 0 0.0823469 0 0 0 0 0 0 
0.556 0.142305 0.274639 0.0354582 0.0251594 0.0573689 0 0 0.0816872 0 0 0 0 0 0 
0.554 0.141804 0.274919 0.0355461 0.0252318 0.0562515 0 0 0.0810259 0 0 0 0 0 0 
0.552 0.141301 0.275197 0.0356336 0.0253039 0.0551395 0 0 0.080363 0 0 0 0 0 0 
0.55 0.140795 0.275474 0.0357208 0.0253757 0.0540328 0 0 0.0796986 0 0 0 0 0 0 
0.548 0.140287 0.275749 0.0358076 0.0254473 0.0529315 0 0 0.0790325 0 0 0 0 0 0 
0.546 0.139777 0.276022 0.035894 0.0255186 0.0518357 0 0 0.0783648 0 0 0 0 0 0 
0.544 0.139265 0.276294 0.03598 0.0255896 0.0507455 0 0 0.0776955 0 0 0 0 0 0 
0.542 0.138751 0.276564 0.0360657 0.0256603 0.0496608 0 0 0.0770246 0 0 0 0 0 0 
0.54 0.138234 0.276832 0.0361509 0.0257306 0.0485818 0 0 0.0763521 0 0 0 0 0 0 
0.538 0.137714 0.277099 0.0362358 0.0258007 0.0475086 0 0 0.0756779 0 0 0 0 0 0 
0.536 0.137193 0.277364 0.0363202 0.0258705 0.0464412 0 0 0.075002 0 0 0 0 0 0 
0.534 0.136669 0.277627 0.0364042 0.0259399 0.0453797 0 0 0.0743245 0 0 0 0 0 0 
0.532 0.136142 0.277888 0.0364877 0.026009 0.0443242 0 0 0.0736453 0 0 0 0 0 0 
0.53 0.135613 0.278148 0.0365709 0.0260777 0.0432747 0 0 0.0729644 0 0 0 0 0 0 
0.528 0.135081 0.278405 0.0366536 0.0261461 0.0422314 0 0 0.0722818 0 0 0 0 0 0 
0.526 0.134547 0.278661 0.0367358 0.0262142 0.0411943 0 0 0.0715975 0 0 0 0 0 0 
0.524 0.134011 0.278914 0.0368175 0.0262819 0.0401635 0 0 0.0709114 0 0 0 0 0 0 
0.522 0.133472 0.279166 0.0368988 0.0263492 0.0391391 0 0 0.0702236 0 0 0 0 0 0 
0.52 0.13293 0.279415 0.0369796 0.0264161 0.0381212 0 0 0.069534 0 0 0 0 0 0 
0.518 0.132385 0.279662 0.0370599 0.0264827 0.0371099 0 0 0.0688427 0 0 0 0 0 0 
0.516 0.131838 0.279907 0.0371397 0.0265488 0.0361052 0 0 0.0681495 0 0 0 0 0 0 
0.514 0.131288 0.28015 0.037219 0.0266146 0.0351074 0 0 0.0674545 0 0 0 0 0 0 
0.512 0.130735 0.28039 0.0372977 0.0266799 0.0341165 0 0 0.0667577 0 0 0 0 0 0 
0.51 0.13018 0.280628 0.037376 0.0267448 0.0331326 0 0 0.0660591 0 0 0 0 0 0 
0.508 0.129621 0.280864 0.0374536 0.0268093 0.0321558 0 0 0.0653586 0 0 0 0 0 0 
0.506 0.12906 0.281097 0.0375308 0.0268733 0.0311863 0 0 0.0646561 0 0 0 0 0 0 
0.504 0.128496 0.281328 0.0376073 0.0269369 0.0302241 0 0 0.0639518 0 0 0 0 0 0 
0.502 0.127929 0.281556 0.0376833 0.027 0.0292694 0 0 0.0632455 0 0 0 0 0 0 
0.5 0.127359 0.281782 0.0377587 0.0270626 0.0283224 0 0 0.0625373 0 0 0 0 0 0 
0.498 0.126785 0.282004 0.0378335 0.0271248 0.0273831 0 0 0.0618271 0 0 0 0 0 0 
0.496 0.126209 0.282224 0.0379076 0.0271864 0.0264518 0 0 0.0611148 0 0 0 0 0 0 
0.494 0.125629 0.282442 0.0379812 0.0272476 0.0255285 0 0 0.0604006 0 0 0 0 0 0 
0.492 0.125047 0.282656 0.0380541 0.0273082 0.0246135 0 0 0.0596842 0 0 0 0 0 0 
0.49 0.12446 0.282867 0.0381263 0.0273684 0.0237069 0 0 0.0589657 0 0 0 0 0 0 
0.488 0.123871 0.283075 0.0381979 0.0274279 0.0228088 0 0 0.0582451 0 0 0 0 0 0 
0.486 0.123278 0.28328 0.0382688 0.027487 0.0219195 0 0 0.0575223 0 0 0 0 0 0 
0.484 0.122682 0.283482 0.038339 0.0275454 0.0210392 0 0 0.0567973 0 0 0 0 0 0 
0.482 0.122082 0.28368 0.0384085 0.0276033 0.020168 0 0 0.05607 0 0 0 0 0 0 
0.48 0.121478 0.283875 0.0384773 0.0276606 0.0193062 0 0 0.0553404 0 0 0 0 0 0 
0.478 0.120871 0.284066 0.0385453 0.0277173 0.018454 0 0 0.0546085 0 0 0 0 0 0 
0.476 0.12026 0.284254 0.0386125 0.0277734 0.0176116 0 0 0.0538741 0 0 0 0 0 0 
0.474 0.119645 0.284438 0.038679 0.0278288 0.0167793 0 0 0.0531373 0 0 0 0 0 0 
0.472 0.119026 0.284618 0.0387447 0.0278836 0.0159574 0 0 0.052398 0 0 0 0 0 0 
0.47 0.118403 0.284794 0.0388096 0.0279377 0.0151461 0 0 0.0516561 0 0 0 0 0 0 
0.468 0.117776 0.284966 0.0388736 0.0279911 0.0143458 0 0 0.0509116 0 0 0 0 0 0 
0.466 0.117145 0.285134 0.0389368 0.0280439 0.0135568 0 0 0.0501643 0 0 0 0 0 0 
0.464 0.116509 0.285297 0.0389991 0.0280959 0.0127793 0 0 0.0494142 0 0 0 0 0 0 
0.462 0.115869 0.285456 0.0390605 0.0281472 0.0120139 0 0 0.0486612 0 0 0 0 0 0 
0.46 0.115224 0.28561 0.039121 0.0281977 0.0112609 0 0 0.0479052 0 0 0 0 0 0 
0.458 0.114574 0.285759 0.0391805 0.0282474 0.0105208 0 0 0.0471462 0 0 0 0 0 0 
0.456 0.113919 0.285903 0.0392391 0.0282963 0.00979394 0 0 0.0463839 0 0 0 0 0 0 
0.454 0.113259 0.286041 0.0392966 0.0283444 0.00908094 0 0 0.0456183 0 0 0 0 0 0 
0.452 0.112594 0.286175 0.0393531 0.0283916 0.00838236 0 0 0.0448492 0 0 0 0 0 0 
0.45 0.111923 0.286302 0.0394085 0.028438 0.00769881 0 0 0.0440765 0 0 0 0 0 0 
0.448 0.111246 0.286423 0.0394628 0.0284834 0.00703098 0 0 0.0433 0 0 0 0 0 0 
0.446 0.110563 0.286538 0.039516 0.0285279 0.00637964 0 0 0.0425194 0 0 0 0 0 0 
0.444 0.109874 0.286646 0.039568 0.0285713 0.00574565 0 0 0.0417346 0 0 0 0 0 0 
0.442 0.109178 0.286747 0.0396188 0.0286138 0.00512997 0 0 0.0409454 0 0 0 0 0 0 
0.44 0.108475 0.28684 0.0396682 0.0286552 0.0045337 0 0 0.0401513 0 0 0 0 0 0 
0.438 0.107764 0.286926 0.0397164 0.0286955 0.00395811 0 0 0.0393521 0 0 0 0 0 0 
0.436 0.107045 0.287003 0.0397631 0.0287346 0.00340468 0 0 0.0385473 0 0 0 0 0 0 
0.434 0.106317 0.287071 0.0398083 0.0287725 0.00287513 0 0 0.0377365 0 0 0 0 0 0 
0.432 0.10558 0.287129 0.039852 0.028809 0.00237158 0 0 0.0369191 0 0 0 0 0 0 
0.43 0.104833 0.287177 0.039894 0.0288442 0.00189659 0 0 0.0360943 0 0 0 0 0 0 
0.428 0.104073 0.287212 0.0399342 0.0288779 0.00145343 0 0 0.0352611 0 0 0 0 0 0 
0.426 0.103301 0.287234 0.0399725 0.02891 0.00104639 0 0 0.0344184 0 0 0 0 0 0 
0.424 0.102513 0.287241 0.0400086 0.0289402 0.000681474 0 0 0.0335641 0 0 0 0 0 0 
0.422 0.101706 0.28723 0.0400423 0.0289685 0.000367852 0 0 0.0326956 0 0 0 0 0 0 
0.42 0.100875 0.287196 0.040073 0.0289942 0.000122121 0 0 0.0318076 0 0 0 0 0 0 
0.418 0.0999974 0.28712 0.0400991 0.0290161 0 0 0 0.0308823 0 0 0 0 0 0 
0.416 0.0990751 0.287004 0.0401205 0.029034 0 0 0 0.0299206 0 0 0 0 0 0 
0.414 0.0981537 0.286884 0.0401405 0.0290508 0 0 0 0.0289624 0 0 0 0 0 0 
0.412 0.0972334 0.286759 0.0401591 0.0290664 0 0 0 0.0280079 0 0 0 0 0 0 
0.41 0.0963141 0.286629 0.0401762 0.0290807 0 0 0 0.0270572 0 0 0 0 0 0 
0.408 0.095396 0.286494 0.0401919 0.0290938 0 0 0 0.0261103 0 0 0 0 0 0 
0.406 0.0944791 0.286353 0.0402059 0.0291056 0 0 0 0.0251675 0 0 0 0 0 0 
0.404 0.0935633 0.286208 0.0402184 0.0291161 0 0 0 0.0242288 0 0 0 0 0 0 
0.402 0.0926489 0.286057 0.0402293 0.0291252 0 0 0 0.0232944 0 0 0 0 0 0 
0.4 0.0917357 0.2859 0.0402384 0.0291329 0 0 0 0.0223645 0 0 0 0 0 0 
0.398 0.090824 0.285737 0.0402458 0.0291391 0 0 0 0.0214391 0 0 0 0 0 0 
0.396 0.0899137 0.285568 0.0402514 0.0291437 0 0 0 0.0205186 0 0 0 0 0 0 
0.394 0.089005 0.285392 0.0402551 0.0291469 0 0 0 0.019603 0 0 0 0 0 0 
0.392 0.0880978 0.28521 0.0402569 0.0291483 0 0 0 0.0186926 0 0 0 0 0 0 
0.39 0.0871924 0.28502 0.0402566 0.0291481 0 0 0 0.0177876 0 0 0 0 0 0 
0.388 0.0862887 0.284823 0.0402543 0.0291462 0 0 0 0.0168882 0 0 0 0 0 0 
0.386 0.0853868 0.284618 0.0402498 0.0291424 0 0 0 0.0159947 0 0 0 0 0 0 
0.384 0.084487 0.284406 0.040243 0.0291367 0 0 0 0.0151074 0 0 0 0 0 0 
0.382 0.0835893 0.284184 0.0402338 0.029129 0 0 0 0.0142265 0 0 0 0 0 0 
0.38 0.0826938 0.283954 0.0402221 0.0291191 0 0 0 0.0133526 0 0 0 0 0 0 
0.378 0.0818006 0.283714 0.0402077 0.0291071 0 0 0 0.0124858 0 0 0 0 0 0 
0.376 0.0809101 0.283463 0.0401906 0.0290928 0 0 0 0.0116267 0 0 0 0 0 0 
0.374 0.0800222 0.283202 0.0401705 0.0290759 0 0 0 0.0107758 0 0 0 0 0 0 
0.372 0.0791373 0.282929 0.0401473 0.0290564 0 0 0 0.00993357 0 0 0 0 0 0 
0.37 0.0782555 0.282644 0.0401207 0.0290341 0 0 0 0.00910071 0 0 0 0 0 0 
0.368 0.0773772 0.282345 0.0400904 0.0290088 0 0 0 0.00827793 0 0 0 0 0 0 
0.366 0.0765026 0.282031 0.0400563 0.0289802 0 0 0 0.00746611 0 0 0 0 0 0 
0.364 0.0756322 0.281702 0.0400179 0.028948 0 0 0 0.00666627 0 0 0 0 0 0 
0.362 0.0747664 0.281354 0.0399748 0.0289119 0 0 0 0.00587964 0 0 0 0 0 0 
0.36 0.0739058 0.280986 0.0399265 0.0288715 0 0 0 0.00510775 0 0 0 0 0 0 
0.358 0.073051 0.280597 0.0398724 0.0288261 0 0 0 0.00435248 0 0 0 0 0 0 
0.356 0.072203 0.280181 0.0398115 0.0287752 0 0 0 0.00361631 0 0 0 0 0 0 
0.354 0.071363 0.279735 0.0397428 0.0287176 0 0 0 0.00290249 0 0 0 0 0 0 
0.352 0.0705326 0.279252 0.0396647 0.0286523 0 0 0 0.00221562 0 0 0 0 0 0 
0.35 0.0697144 0.278723 0.0395748 0.028577 0 0 0 0.00156257 0 0 0 0 0 0 
0.348 0.0689126 0.278133 0.0394692 0.0284887 0 0 0 0.000954746 0 0 0 0 0 0 
0.346 0.0681354 0.27745 0.0393399 0.0283806 0 0 0 0.000414821 0 0 0 0 0 0 
0.344 0.0674099 0.276573 0.0391615 0.0282315 0 0 0 1.68838e-05 0 0 0 0 0 0 
0.342 0.0668235 0.275177 0.0388511 0.0279724 0 0 0 0 0 0 0 0 0 0 
0.34 0.0662446 0.273755 0.0385355 0.0277091 0 0 0 0 0 0 0 0 0 0 
0.338 0.065667 0.272333 0.0382204 0.0274467 0 0 0 0 0 0 0 0 0 0 
0.336 0.0650909 0.270909 0.0379059 0.027185 0 0 0 0 0 0 0 0 0 0 
0.334 0.0645162 0.269484 0.037592 0.0269242 0 0 0 0 0 0 0 0 0 0 
0.332 0.0639429 0.268057 0.0372788 0.0266641 0 0 0 0 0 0 0 0 0 0 
0.33 0.0633711 0.266629 0.0369661 0.026405 0 0 0 0 0 0 0 0 0 0 
0.328 0.0628007 0.265199 0.0366541 0.0261466 0 0 0 0 0 0 0 0 0 0 
0.326 0.0622319 0.263768 0.0363428 0.0258891 0 0 0 0 0 0 0 0 0 0 
0.324 0.0616645 0.262335 0.0360321 0.0256325 0 0 0 0 0 0 0 0 0 0 
0.322 0.0610988 0.260901 0.035722 0.0253768 0 0 0 0 0 0 0 0 0 0 
0.32 0.0605345 0.259465 0.0354127 0.0251219 0 0 0 0 0 0 0 0 0 0 
0.318 0.0599719 0.258028 0.035104 0.0248679 0 0 0 0 0 0 0 0 0 0 
0.316 0.0594109 0.256589 0.034796 0.0246149 0 0 0 0 0 0 0 0 0 0 
0.314 0.0588515 0.255149 0.0344887 0.0243627 0 0 0 0 0 0 0 0 0 0 
0.312 0.0582937 0.253706 0.0341822 0.0241115 0 0 0 0 0 0 0 0 0 0 
0.31 0.0577377 0.252262 0.0338764 0.0238613 0 0 0 0 0 0 0 0 0 0 
0.308 0.0571833 0.250817 0.0335713 0.023612 0 0 0 0 0 0 0 0 0 0 
0.306 0.0566306 0.249369 0.033267 0.0233636 0 0 0 0 0 0 0 0 0 0 
0.304 0.0560797 0.24792 0.0329635 0.0231162 0 0 0 0 0 0 0 0 0 0 
0.302 0.0555305 0.246469 0.0326607 0.0228699 0 0 0 0 0 0 0 0 0 0 
0.3 0.0549832 0.245017 0.0323587 0.0226245 0 0 0 0 0 0 0 0 0 0 
0.298 0.0544376 0.243562 0.0320575 0.0223801 0 0 0 0 0 0 0 0 0 0 
0.296 0.0538938 0.242106 0.0317571 0.0221367 0 0 0 0 0 0 0 0 0 0 
0.294 0.0533519 0.240648 0.0314576 0.0218944 0 0 0 0 0 0 0 0 0 0 
0.292 0.0528119 0.239188 0.0311589 0.0216531 0 0 0 0 0 0 0 0 0 0 
0.29 0.0522738 0.237726 0.030861 0.0214128 0 0 0 0 0 0 0 0 0 0 
0.288 0.0517376 0.236262 0.030564 0.0211736 0 0 0 0 0 0 0 0 0 0 
0.286 0.0512033 0.234797 0.0302678 0.0209355 0 0 0 0 0 0 0 0 0 0 
0.284 0.050671 0.233329 0.0299725 0.0206985 0 0 0 0 0 0 0 0 0 0 
0.282 0.0501407 0.231859 0.0296782 0.0204626 0 0 0 0 0 0 0 0 0 0 
0.28 0.0496124 0.230388 0.0293847 0.0202278 0 0 0 0 0 0 0 0 0 0 
0.278 0.0490862 0.228914 0.0290921 0.019994 0 0 0 0 0 0 0 0 0 0 
0.276 0.048562 0.227438 0.0288005 0.0197615 0 0 0 0 0 0 0 0 0 0 
0.274 0.0480398 0.22596 0.0285098 0.01953 0 0 0 0 0 0 0 0 0 0 
0.272 0.0475198 0.22448 0.02822 0.0192997 0 0 0 0 0 0 0 0 0 0 
0.27 0.0470019 0.222998 0.0279313 0.0190706 0 0 0 0 0 0 0 0 0 0 
0.268 0.0464861 0.221514 0.0276435 0.0188426 0 0 0 0 0 0 0 0 0 0 
0.266 0.0459725 0.220028 0.0273566 0.0186158 0 0 0 0 0 0 0 0 0 0 
0.264 0.0454611 0.218539 0.0270708 0.0183902 0 0 0 0 0 0 0 0 0 0 
0.262 0.0449518 0.217048 0.026786 0.0181659 0 0 0 0 0 0 0 0 0 0 
0.26 0.0444449 0.215555 0.0265022 0.0179427 0 0 0 0 0 0 0 0 0 0 
0.258 0.0439401 0.21406 0.0262194 0.0177207 0 0 0 0 0 0 0 0 0 0 
0.256 0.0434377 0.212562 0.0259377 0.0175 0 0 0 0 0 0 0 0 0 0 
0.254 0.0429376 0.211062 0.0256571 0.0172805 0 0 0 0 0 0 0 0 0 0 
0.252 0.0424397 0.20956 0.0253775 0.0170623 0 0 0 0 0 0 0 0 0 0 
0.25 0.0419442 0.208056 0.0250989 0.0168453 0 0 0 0 0 0 0 0 0 0 
0.248 0.0414511 0.206549 0.0248215 0.0166296 0 0 0 0 0 0 0 0 0 0 
0.246 0.0409604 0.20504 0.0245452 0.0164152 0 0 0 0 0 0 0 0 0 0 
0.244 0.040472 0.203528 0.02427 0.016202 0 0 0 0 0 0 0 0 0 0 
0.242 0.0399861 0.202014 0.0239959 0.0159902 0 0 0 0 0 0 0 0 0 0 
0.24 0.0395026 0.200497 0.0237229 0.0157797 0 0 0 0 0 0 0 0 0 0 
0.238 0.0390216 0.198978 0.0234511 0.0155705 0 0 0 0 0 0 0 0 0 0 
0.236 0.0385431 0.197457 0.0231805 0.0153626 0 0 0 0 0 0 0 0 0 0 
0.234 0.038067 0.195933 0.022911 0.015156 0 0 0 0 0 0 0 0 0 0 
0.232 0.0375935 0.194406 0.0226427 0.0149508 0 0 0 0 0 0 0 0 0 0 
0.23 0.0371226 0.192877 0.0223756 0.014747 0 0 0 0 0 0 0 0 0 0 
0.228 0.0366542 0.191346 0.0221097 0.0145445 0 0 0 0 0 0 0 0 0 0 
0.226 0.0361884 0.189812 0.021845 0.0143434 0 0 0 0 0 0 0 0 0 0 
0.224 0.0357251 0.188275 0.0215815 0.0141436 0 0 0 0 0 0 0 0 0 0 
0.222 0.0352645 0.186735 0.0213193 0.0139453 0 0 0 0 0 0 0 0 0 0 
0.22 0.0348066 0.185193 0.0210583 0.0137483 0 0 0 0 0 0 0 0 0 0 
0.218 0.0343512 0.183649 0.0207985 0.0135527 0 0 0 0 0 0 0 0 0 0 
0.216 0.0338986 0.182101 0.02054 0.0133585 0 0 0 0 0 0 0 0 0 0 
0.214 0.0334486 0.180551 0.0202828 0.0131658 0 0 0 0 0 0 0 0 0 0 
0.212 0.0330014 0.178999 0.0200269 0.0129744 0 0 0 0 0 0 0 0 0 0 
0.21 0.0325568 0.177443 0.0197723 0.0127845 0 0 0 0 0 0 0 0 0 0 
0.208 0.032115 0.175885 0.019519 0.012596 0 0 0 0 0 0 0 0 0 0 
0.206 0.0316759 0.174324 0.0192669 0.012409 0 0 0 0 0 0 0 0 0 0 
0.204 0.0312396 0.17276 0.0190162 0.0122234 0 0 0 0 0 0 0 0 0 0 
0.202 0.0308061 0.171194 0.0187669 0.0120392 0 0 0 0 0 0 0 0 0 0 
0.2 0.0303754 0.169625 0.0185188 0.0118565 0 0 0 0 0 0 0 0 0 0 
0.198 0.0299474 0.168053 0.0182722 0.0116753 0 0 0 0 0 0 0 0 0 0 
0.196 0.0295223 0.166478 0.0180268 0.0114955 0 0 0 0 0 0 0 0 0 0 
0.194 0.0291 0.1649 0.0177829 0.0113172 0 0 0 0 0 0 0 0 0 0 
0.192 0.0286806 0.163319 0.0175403 0.0111403 0 0 0 0 0 0 0 0 0 0 
0.19 0.028264 0.161736 0.0172991 0.0109649 0 0 0 0 0 0 0 0 0 0 
0.188 0.0278503 0.16015 0.0170593 0.0107911 0 0 0 0 0 0 0 0 0 0 
0.186 0.0274395 0.158561 0.0168208 0.0106186 0 0 0 0 0 0 0 0 0 0 
0.184 0.0270315 0.156968 0.0165838 0.0104477 0 0 0 0 0 0 0 0 0 0 
0.182 0.0266264 0.155374 0.0163482 0.0102783 0 0 0 0 0 0 0 0 0 0 
0.18 0.0262243 0.153776 0.016114 0.0101103 0 0 0 0 0 0 0 0 0 0 
0.178 0.025825 0.152175 0.0158812 0.00994385 0 0 0 0 0 0 0 0 0 0 
0.176 0.0254287 0.150571 0.0156498 0.00977888 0 0 0 0 0 0 0 0 0 0 
0.174 0.0250353 0.148965 0.0154199 0.0096154 0 0 0 0 0 0 0 0 0 0 
0.172 0.0246448 0.147355 0.0151914 0.00945342 0 0 0 0 0 0 0 0 0 0 
0.17 0.0242573 0.145743 0.0149644 0.00929293 0 0 0 0 0 0 0 0 0 0 
0.168 0.0238727 0.144127 0.0147388 0.00913394 0 0 0 0 0 0 0 0 0 0 
0.166 0.0234911 0.142509 0.0145146 0.00897644 0 0 0 0 0 0 0 0 0 0 
0.164 0.0231124 0.140888 0.0142919 0.00882044 0 0 0 0 0 0 0 0 0 0 
0.162 0.0227366 0.139263 0.0140707 0.00866593 0 0 0 0 0 0 0 0 0 0 
0.16 0.0223639 0.137636 0.0138509 0.00851292 0 0 0 0 0 0 0 0 0 0 
0.158 0.021994 0.136006 0.0136326 0.00836139 0 0 0 0 0 0 0 0 0 0 
0.156 0.0216272 0.134373 0.0134158 0.00821136 0 0 0 0 0 0 0 0 0 0 
0.154 0.0212633 0.132737 0.0132005 0.00806281 0 0 0 0 0 0 0 0 0 0 
0.152 0.0209023 0.131098 0.0129866 0.00791574 0 0 0 0 0 0 0 0 0 0 
0.15 0.0205443 0.129456 0.0127742 0.00777016 0 0 0 0 0 0 0 0 0 0 
0.148 0.0201893 0.127811 0.0125632 0.00762605 0 0 0 0 0 0 0 0 0 0 
0.146 0.0198372 0.126163 0.0123538 0.00748342 0 0 0 0 0 0 0 0 0 0 
0.144 0.0194881 0.124512 0.0121458 0.00734226 0 0 0 0 0 0 0 0 0 0 
0.142 0.0191419 0.122858 0.0119393 0.00720256 0 0 0 0 0 0 0 0 0 0 
0.14 0.0187986 0.121201 0.0117343 0.00706431 0 0 0 0 0 0 0 0 0 0 
0.138 0.0184583 0.119542 0.0115308 0.00692752 0 0 0 0 0 0 0 0 0 0 
0.136 0.0181209 0.117879 0.0113287 0.00679218 0 0 0 0 0 0 0 0 0 0 
0.134 0.0177864 0.116214 0.0111281 0.00665828 0 0 0 0 0 0 0 0 0 0 
0.132 0.0174548 0.114545 0.010929 0.00652581 0 0 0 0 0 0 0 0 0 0 
0.13 0.0171261 0.112874 0.0107313 0.00639477 0 0 0 0 0 0 0 0 0 0 
0.128 0.0168002 0.1112 0.0105351 0.00626514 0 0 0 0 0 0 0 0 0 0 
0.126 0.0164773 0.109523 0.0103404 0.00613693 0 0 0 0 0 0 0 0 0 0 
0.124 0.0161572 0.107843 0.0101471 0.00601011 0 0 0 0 0 0 0 0 0 0 
0.122 0.0158399 0.10616 0.00995524 0.00588468 0 0 0 0 0 0 0 0 0 0 
0.12 0.0155255 0.104475 0.00976485 0.00576064 0 0 0 0 0 0 0 0 0 0 
0.118 0.0152139 0.102786 0.00957589 0.00563797 0 0 0 0 0 0 0 0 0 0 
0.116 0.014905 0.101095 0.00938836 0.00551666 0 0 0 0 0 0 0 0 0 0 
0.114 0.014599 0.099401 0.00920226 0.0053967 0 0 0 0 0 0 0 0 0 0 
0.112 0.0142956 0.0977044 0.00901756 0.00527807 0 0 0 0 0 0 0 0 0 0 
0.11 0.013995 0.096005 0.00883428 0.00516077 0 0 0 0 0 0 0 0 0 0 
0.108 0.0136972 0.0943028 0.00865238 0.00504478 0 0 0 0 0 0 0 0 0 0 
0.106 0.013402 0.092598 0.00847187 0.0049301 0 0 0 0 0 0 0 0 0 0 
0.104 0.0131094 0.0908906 0.00829273 0.00481669 0 0 0 0 0 0 0 0 0 0 
0.102 0.0128195 0.0891805 0.00811496 0.00470456 0 0 0 0 0 0 0 0 0 0 
0.1 0.0125322 0.0874678 0.00793853 0.00459369 0 0 0 0 0 0 0 0 0 0 
0.098 0.0122475 0.0857525 0.00776343 0.00448405 0 0 0 0 0 0 0 0 0 0 
0.096 0.0119653 0.0840347 0.00758966 0.00437564 0 0 0 0 0 0 0 0 0 0 
0.094 0.0116856 0.0823144 0.00741719 0.00426844 0 0 0 0 0 0 0 0 0 0 
0.092 0.0114084 0.0805916 0.00724601 0.00416243 0 0 0 0 0 0 0 0 0 0 
0.09 0.0111337 0.0788663 0.00707611 0.00405759 0 0 0 0 0 0 0 0 0 0 
0.088 0.0108614 0.0771386 0.00690746 0.00395391 0 0 0 0 0 0 0 0 0 0 
0.086 0.0105914 0.0754086 0.00674004 0.00385137 0 0 0 0 0 0 0 0 0 0 
0.084 0.0103238 0.0736762 0.00657384 0.00374994 0 0 0 0 0 0 0 0 0 0 
0.082 0.0100585 0.0719415 0.00640884 0.00364962 0 0 0 0 0 0 0 0 0 0 
0.08 0.00979538 0.0702046 0.00624501 0.00355036 0 0 0 0 0 0 0 0 0 0 
0.078 0.0095345 0.0684655 0.00608233 0.00345217 0 0 0 0 0 0 0 0 0 0 
0.076 0.00927579 0.0667242 0.00592078 0.00335501 0 0 0 0 0 0 0 0 0 0 
0.074 0.00901919 0.0649808 0.00576034 0.00325886 0 0 0 0 0 0 0 0 0 0 
0.072 0.00876466 0.0632353 0.00560096 0.00316369 0 0 0 0 0 0 0 0 0 0 
0.07 0.00851213 0.0614879 0.00544264 0.00306949 0 0 0 0 0 0 0 0 0 0 
0.068 0.00826157 0.0597384 0.00528534 0.00297623 0 0 0 0 0 0 0 0 0 0 
0.066 0.00801291 0.0579871 0.00512902 0.00288388 0 0 0 0 0 0 0 0 0 0 
0.064 0.00776608 0.0562339 0.00497367 0.00279242 0 0 0 0 0 0 0 0 0 0 
0.062 0.00752105 0.054479 0.00481923 0.00270181 0 0 0 0 0 0 0 0 0 0 
0.06 0.00727772 0.0527223 0.00466569 0.00261204 0 0 0 0 0 0 0 0 0 0 
0.058 0.00703605 0.0509639 0.00451299 0.00252306 0 0 0 0 0 0 0 0 0 0 
0.056 0.00679596 0.049204 0.00436111 0.00243486 0 0 0 0 0 0 0 0 0 0 
0.054 0.00655738 0.0474426 0.00420999 0.00234739 0 0 0 0 0 0 0 0 0 0 
0.052 0.00632023 0.0456798 0.0040596 0.00226063 0 0 0 0 0 0 0 0 0 0 
0.05 0.00608442 0.0439156 0.00390989 0.00217453 0 0 0 0 0 0 0 0 0 0 
0.048 0.00584988 0.0421501 0.00376081 0.00208907 0 0 0 0 0 0 0 0 0 0 
0.046 0.00561651 0.0403835 0.00361231 0.0020042 0 0 0 0 0 0 0 0 0 0 
0.044 0.00538422 0.0386158 0.00346433 0.00191989 0 0 0 0 0 0 0 0 0 0 
0.042 0.00515289 0.0368471 0.0033168 0.00183609 0 0 0 0 0 0 0 0 0 0 
0.04 0.00492243 0.0350776 0.00316967 0.00175276 0 0 0 0 0 0 0 0 0 0 
0.038 0.00469271 0.0333073 0.00302287 0.00166984 0 0 0 0 0 0 0 0 0 0 
0.036 0.00446361 0.0315364 0.00287631 0.0015873 0 0 0 0 0 0 0 0 0 0 
0.034 0.00423498 0.029765 0.00272992 0.00150506 0 0 0 0 0 0 0 0 0 0 
0.032 0.00400668 0.0279933 0.0025836 0.00142308 0 0 0 0 0 0 0 0 0 0 
0.03 0.00377853 0.0262215 0.00243725 0.00134129 0 0 0 0 0 0 0 0 0 0 
0.028 0.00355035 0.0244496 0.00229075 0.00125961 0 0 0 0 0 0 0 0 0 0 
0.026 0.00332193 0.0226781 0.00214397 0.00117796 0 0 0 0 0 0 0 0 0 0 
0.024 0.00309302 0.020907 0.00199676 0.00109626 0 0 0 0 0 0 0 0 0 0 
0.022 0.00286335 0.0191367 0.00184896 0.00101439 0 0 0 0 0 0 0 0 0 0 
0.02 0.00263259 0.0173674 0.00170035 0.000932241 0 0 0 0 0 0 0 0 0 0 
0.018 0.00240036 0.0155996 0.00155069 0.000849665 0 0 0 0 0 0 0 0 0 0 
0.016 0.00216617 0.0138338 0.00139968 0.000766487 0 0 0 0 0 0 0 0 0 0 
0.014 0.00192943 0.0120706 0.00124694 0.000682488 0 0 0 0 0 0 0 0 0 0 
0.012 0.00168935 0.0103106 0.00109197 0.000597385 0 0 0 0 0 0 0 0 0 0 
0.01 0.00144487 0.00855513 0.000934078 0.000510796 0 0 0 0 0 0 0 0 0 0 
0.008 0.00119446 0.00680554 0.000772292 0.000422172 0 0 0 0 0 0 0 0 0 0 
0.006 0.000935718 0.00506428 0.000605062 0.000330656 0 0 0 0 0 0 0 0 0 0 
0.004 0.000664343 0.00333566 0.000429619 0.000234724 0 0 0 0 0 0 0 0 0 0 
0.002 0.000370618 0.00162938 0.000239686 0.000130931 0 0 0 0 0 0 0 0 0 0 
