1 0.165458 0.400262 0.0171622 0.0121231 0.297315 0 0 0 0 0 0 0 0.000792489 0.136173 
0.999 0.165408 0.399971 0.0171579 0.012117 0.296706 0 0 0 0 0 0 0 0.000781846 0.136133 
0.998 0.165358 0.39968 0.0171536 0.0121109 0.296097 0 0 0 0 0 0 0 0.000771183 0.136094 
0.997 0.165308 0.399388 0.0171493 0.0121049 0.295488 0 0 0 0 0 0 0 0.000760499 0.136054 
0.996 0.165258 0.399097 0.0171451 0.0120989 0.29488 0 0 0 0 0 0 0 0.000749798 0.136014 
0.995 0.165208 0.398807 0.0171408 0.0120929 0.294271 0 0 0 0 0 0 0 0.000739079 0.135975 
0.994 0.165158 0.398516 0.0171366 0.0120869 0.293663 0 0 0 0 0 0 0 0.000728343 0.135934 
0.993 0.165108 0.398226 0.0171324 0.0120809 0.293055 0 0 0 0 0 0 0 0.000717593 0.135894 
0.992 0.165057 0.397936 0.0171282 0.012075 0.292447 0 0 0 0 0 0 0 0.000706829 0.135854 
0.991 0.165007 0.397646 0.0171241 0.0120691 0.291838 0 0 0 0 0 0 0 0.000696052 0.135813 
0.99 0.164956 0.397356 0.0171199 0.0120632 0.29123 0 0 0 0 0 0 0 0.000685264 0.135773 
0.989 0.164905 0.397066 0.0171158 0.0120573 0.290622 0 0 0 0 0 0 0 0.000674466 0.135732 
0.988 0.164854 0.396777 0.0171117 0.0120515 0.290015 0 0 0 0 0 0 0 0.00066366 0.135691 
0.987 0.164803 0.396487 0.0171076 0.0120457 0.289407 0 0 0 0 0 0 0 0.000652847 0.13565 
0.986 0.164752 0.396198 0.0171035 0.0120398 0.288799 0 0 0 0 0 0 0 0.000642028 0.135609 
0.985 0.164701 0.395909 0.0170994 0.0120341 0.288192 0 0 0 0 0 0 0 0.000631205 0.135567 
0.984 0.164649 0.395621 0.0170953 0.0120283 0.287584 0 0 0 0 0 0 0 0.00062038 0.135526 
0.983 0.164598 0.395332 0.0170913 0.0120226 0.286977 0 0 0 0 0 0 0 0.000609554 0.135484 
0.982 0.164546 0.395044 0.0170873 0.0120168 0.28637 0 0 0 0 0 0 0 0.000598728 0.135442 
0.981 0.164494 0.394756 0.0170833 0.0120111 0.285763 0 0 0 0 0 0 0 0.000587905 0.1354 
0.98 0.164442 0.394468 0.0170793 0.0120054 0.285155 0 0 0 0 0 0 0 0.000577086 0.135358 
0.979 0.16439 0.39418 0.0170753 0.0119998 0.284548 0 0 0 0 0 0 0 0.000566273 0.135315 
0.978 0.164338 0.393892 0.0170713 0.0119942 0.283942 0 0 0 0 0 0 0 0.000555468 0.135273 
0.977 0.164286 0.393605 0.0170674 0.0119885 0.283335 0 0 0 0 0 0 0 0.000544673 0.13523 
0.976 0.164233 0.393318 0.0170635 0.011983 0.282728 0 0 0 0 0 0 0 0.000533889 0.135187 
0.975 0.164181 0.39303 0.0170596 0.0119774 0.282122 0 0 0 0 0 0 0 0.000523119 0.135144 
0.974 0.164128 0.392744 0.0170557 0.0119718 0.281515 0 0 0 0 0 0 0 0.000512365 0.135101 
0.973 0.164075 0.392457 0.0170518 0.0119663 0.280909 0 0 0 0 0 0 0 0.000501629 0.135057 
0.972 0.164022 0.39217 0.0170479 0.0119608 0.280303 0 0 0 0 0 0 0 0.000490913 0.135014 
0.971 0.163969 0.391884 0.0170441 0.0119553 0.279696 0 0 0 0 0 0 0 0.00048022 0.13497 
0.97 0.163916 0.391598 0.0170403 0.0119499 0.27909 0 0 0 0 0 0 0 0.000469552 0.134926 
0.969 0.163863 0.391312 0.0170364 0.0119444 0.278484 0 0 0 0 0 0 0 0.000458911 0.134882 
0.968 0.163809 0.391026 0.0170326 0.011939 0.277879 0 0 0 0 0 0 0 0.0004483 0.134838 
0.967 0.163756 0.39074 0.0170289 0.0119336 0.277273 0 0 0 0 0 0 0 0.000437722 0.134793 
0.966 0.163702 0.390455 0.0170251 0.0119283 0.276667 0 0 0 0 0 0 0 0.00042718 0.134749 
0.965 0.163648 0.390169 0.0170214 0.0119229 0.276062 0 0 0 0 0 0 0 0.000416676 0.134704 
0.964 0.163594 0.389884 0.0170176 0.0119176 0.275456 0 0 0 0 0 0 0 0.000406214 0.134659 
0.963 0.16354 0.389599 0.0170139 0.0119123 0.274851 0 0 0 0 0 0 0 0.000395797 0.134614 
0.962 0.163486 0.389315 0.0170102 0.011907 0.274246 0 0 0 0 0 0 0 0.000385427 0.134569 
0.961 0.163431 0.38903 0.0170065 0.0119018 0.273641 0 0 0 0 0 0 0 0.000375109 0.134523 
0.96 0.163377 0.388745 0.0170029 0.0118965 0.273036 0 0 0 0 0 0 0 0.000364846 0.134477 
0.959 0.163322 0.388461 0.0169992 0.0118913 0.272431 0 0 0 0 0 0 0 0.000354642 0.134431 
0.958 0.163267 0.388177 0.0169956 0.0118861 0.271826 0 0 0 0 0 0 0 0.000344501 0.134385 
0.957 0.163212 0.387893 0.016992 0.011881 0.271221 0 0 0 0 0 0 0 0.000334427 0.134339 
0.956 0.163157 0.387609 0.0169884 0.0118758 0.270617 0 0 0 0 0 0 0 0.000324424 0.134293 
0.955 0.163102 0.387325 0.0169848 0.0118707 0.270012 0 0 0 0 0 0 0 0.000314498 0.134246 
0.954 0.163046 0.387042 0.0169813 0.0118656 0.269408 0 0 0 0 0 0 0 0.000304654 0.134199 
0.953 0.162991 0.386758 0.0169777 0.0118605 0.268804 0 0 0 0 0 0 0 0.000294897 0.134152 
0.952 0.162935 0.386475 0.0169742 0.0118555 0.2682 0 0 0 0 0 0 0 0.000285233 0.134105 
0.951 0.162879 0.386192 0.0169707 0.0118505 0.267596 0 0 0 0 0 0 0 0.000275669 0.134058 
0.95 0.162823 0.385909 0.0169672 0.0118455 0.266992 0 0 0 0 0 0 0 0.000266211 0.13401 
0.949 0.162767 0.385626 0.0169637 0.0118405 0.266388 0 0 0 0 0 0 0 0.000256868 0.133962 
0.948 0.16271 0.385343 0.0169603 0.0118355 0.265784 0 0 0 0 0 0 0 0.000247648 0.133915 
0.947 0.162654 0.385061 0.0169568 0.0118306 0.265181 0 0 0 0 0 0 0 0.000238563 0.133866 
0.946 0.162597 0.384778 0.0169534 0.0118257 0.264577 0 0 0 0 0 0 0 0.000229624 0.133818 
0.945 0.16254 0.384496 0.01695 0.0118208 0.263974 0 0 0 0 0 0 0 0.000220846 0.133769 
0.944 0.162483 0.384214 0.0169466 0.011816 0.263371 0 0 0 0 0 0 0 0.00021225 0.133721 
0.943 0.162426 0.383931 0.0169432 0.0118111 0.262767 0 0 0 0 0 0 0 0.000203865 0.133672 
0.942 0.162368 0.383649 0.0169399 0.0118063 0.262164 0 0 0 0 0 0 0 0.000195746 0.133622 
0.941 0.162311 0.383367 0.0169365 0.0118015 0.261561 0 0 0 0 0 0 0 0.000188054 0.133573 
0.94 0.162253 0.383085 0.0169332 0.0117967 0.260959 0 0 0 0 0 0 0 0.000180545 0.133523 
0.939 0.162195 0.382803 0.0169299 0.011792 0.260356 0 0 0 0 0 0 0 0.000173121 0.133473 
0.938 0.162137 0.382521 0.0169266 0.0117873 0.259753 0 0 0 0 0 0 0 0.000165785 0.133423 
0.937 0.162079 0.382239 0.0169233 0.0117826 0.259151 0 0 0 0 0 0 0 0.000158544 0.133373 
0.936 0.16202 0.381958 0.0169201 0.0117779 0.258549 0 0 0 0 0 0 0 0.000151404 0.133322 
0.935 0.161961 0.381676 0.0169168 0.0117732 0.257946 0 0 0 0 0 0 0 0.000144371 0.133271 
0.934 0.161903 0.381395 0.0169136 0.0117686 0.257344 0 0 0 0 0 0 0 0.000137453 0.13322 
0.933 0.161844 0.381114 0.0169104 0.011764 0.256742 0 0 0 0 0 0 0 0.000130656 0.133169 
0.932 0.161785 0.380833 0.0169072 0.0117594 0.25614 0 0 0 0 0 0 0 0.000123991 0.133118 
0.931 0.161725 0.380552 0.0169041 0.0117549 0.255539 0 0 0 0 0 0 0 0.000117468 0.133066 
0.93 0.161666 0.380272 0.0169009 0.0117503 0.254937 0 0 0 0 0 0 0 0.000111099 0.133014 
0.929 0.161606 0.379991 0.0168978 0.0117458 0.254336 0 0 0 0 0 0 0 0.000104899 0.132962 
0.928 0.161546 0.379711 0.0168947 0.0117413 0.253734 0 0 0 0 0 0 0 9.8888e-05 0.13291 
0.927 0.161486 0.37943 0.0168916 0.0117369 0.253133 0 0 0 0 0 0 0 9.30938e-05 0.132858 
0.926 0.161426 0.37915 0.0168885 0.0117325 0.252532 0 0 0 0 0 0 0 8.75638e-05 0.132805 
0.925 0.161365 0.378869 0.0168854 0.0117281 0.251931 0 0 0 0 0 0 0 8.24509e-05 0.132752 
0.924 0.161305 0.378589 0.0168824 0.0117237 0.25133 0 0 0 0 0 0 0 7.76574e-05 0.132699 
0.923 0.161244 0.378309 0.0168794 0.0117193 0.250729 0 0 0 0 0 0 0 7.29476e-05 0.132645 
0.922 0.161183 0.378029 0.0168764 0.011715 0.250128 0 0 0 0 0 0 0 6.83266e-05 0.132592 
0.921 0.161122 0.377749 0.0168734 0.0117107 0.249528 0 0 0 0 0 0 0 6.37998e-05 0.132538 
0.92 0.16106 0.377469 0.0168704 0.0117064 0.248927 0 0 0 0 0 0 0 5.93731e-05 0.132484 
0.919 0.160999 0.37719 0.0168674 0.0117021 0.248327 0 0 0 0 0 0 0 5.50532e-05 0.132429 
0.918 0.160937 0.37691 0.0168645 0.0116979 0.247727 0 0 0 0 0 0 0 5.08475e-05 0.132375 
0.917 0.160875 0.376631 0.0168616 0.0116937 0.247127 0 0 0 0 0 0 0 4.67643e-05 0.13232 
0.916 0.160813 0.376352 0.0168587 0.0116895 0.246527 0 0 0 0 0 0 0 4.28135e-05 0.132265 
0.915 0.160751 0.376073 0.0168558 0.0116854 0.245927 0 0 0 0 0 0 0 3.90065e-05 0.13221 
0.914 0.160688 0.375794 0.016853 0.0116812 0.245328 0 0 0 0 0 0 0 3.53574e-05 0.132154 
0.913 0.160626 0.375516 0.0168501 0.0116771 0.244728 0 0 0 0 0 0 0 3.18844e-05 0.132099 
0.912 0.160563 0.375237 0.0168473 0.0116731 0.244129 0 0 0 0 0 0 0 2.86121e-05 0.132043 
0.911 0.1605 0.374958 0.0168445 0.011669 0.24353 0 0 0 0 0 0 0 2.55794e-05 0.131986 
0.91 0.160437 0.37468 0.0168417 0.011665 0.242931 0 0 0 0 0 0 0 2.28699e-05 0.13193 
0.909 0.160373 0.374401 0.0168389 0.011661 0.242332 0 0 0 0 0 0 0 2.06548e-05 0.131873 
0.908 0.160309 0.374123 0.0168362 0.011657 0.241733 0 0 0 0 0 0 0 1.85428e-05 0.131816 
0.907 0.160246 0.373845 0.0168334 0.0116531 0.241134 0 0 0 0 0 0 0 1.6497e-05 0.131759 
0.906 0.160181 0.373567 0.0168307 0.0116491 0.240535 0 0 0 0 0 0 0 1.45216e-05 0.131702 
0.905 0.160117 0.373289 0.016828 0.0116453 0.239937 0 0 0 0 0 0 0 1.26218e-05 0.131644 
0.904 0.160053 0.373012 0.0168254 0.0116414 0.239339 0 0 0 0 0 0 0 1.0803e-05 0.131586 
0.903 0.159988 0.372734 0.0168227 0.0116376 0.23874 0 0 0 0 0 0 0 9.07187e-06 0.131528 
0.902 0.159923 0.372457 0.0168201 0.0116338 0.238142 0 0 0 0 0 0 0 7.43584e-06 0.13147 
0.901 0.159859 0.37218 0.0168175 0.01163 0.237545 0 0 0 0 0 0 0 5.90397e-06 0.131411 
0.9 0.159793 0.371903 0.0168149 0.0116262 0.236947 0 0 0 0 0 0 0 4.48732e-06 0.131352 
0.899 0.159728 0.371626 0.0168123 0.0116225 0.236349 0 0 0 0 0 0 0 3.20001e-06 0.131293 
0.898 0.159662 0.37135 0.0168097 0.0116188 0.235752 0 0 0 0 0 0 0 2.06107e-06 0.131234 
0.897 0.159597 0.371073 0.0168072 0.0116151 0.235154 0 0 0 0 0 0 0 1.09846e-06 0.131174 
0.896 0.159531 0.370797 0.0168047 0.0116115 0.234557 0 0 0 0 0 0 0 3.60736e-07 0.131115 
0.895 0.159465 0.370521 0.0168022 0.0116079 0.23396 0 0 0 0 0 0 0 0 0.131054 
0.894 0.159398 0.370245 0.0167997 0.0116043 0.233363 0 0 0 0 0 0 0 0 0.130994 
0.893 0.159332 0.369969 0.0167973 0.0116007 0.232766 0 0 0 0 0 0 0 0 0.130933 
0.892 0.159265 0.369693 0.0167948 0.0115972 0.23217 0 0 0 0 0 0 0 0 0.130873 
0.891 0.159198 0.369417 0.0167924 0.0115937 0.231573 0 0 0 0 0 0 0 0 0.130812 
0.89 0.159131 0.369142 0.01679 0.0115903 0.230977 0 0 0 0 0 0 0 0 0.13075 
0.889 0.159063 0.368867 0.0167877 0.0115868 0.230381 0 0 0 0 0 0 0 0 0.130689 
0.888 0.158996 0.368592 0.0167853 0.0115834 0.229785 0 0 0 0 0 0 0 0 0.130627 
0.887 0.158928 0.368318 0.016783 0.0115801 0.229189 0 0 0 0 0 0 0 0 0.130565 
0.886 0.15886 0.368044 0.0167807 0.0115767 0.228593 0 0 0 0 0 0 0 0 0.130503 
0.885 0.158792 0.36777 0.0167784 0.0115734 0.227998 0 0 0 0 0 0 0 0 0.13044 
0.884 0.158724 0.367496 0.0167761 0.0115701 0.227402 0 0 0 0 0 0 0 0 0.130378 
0.883 0.158656 0.367223 0.0167739 0.0115669 0.226807 0 0 0 0 0 0 0 0 0.130315 
0.882 0.158587 0.366949 0.0167717 0.0115637 0.226212 0 0 0 0 0 0 0 0 0.130252 
0.881 0.158518 0.366676 0.0167695 0.0115605 0.225617 0 0 0 0 0 0 0 0 0.130188 
0.88 0.158449 0.366404 0.0167673 0.0115573 0.225022 0 0 0 0 0 0 0 0 0.130125 
0.879 0.15838 0.366131 0.0167652 0.0115542 0.224428 0 0 0 0 0 0 0 0 0.130061 
0.878 0.158311 0.365859 0.016763 0.0115511 0.223833 0 0 0 0 0 0 0 0 0.129997 
0.877 0.158241 0.365587 0.0167609 0.0115481 0.223239 0 0 0 0 0 0 0 0 0.129932 
0.876 0.158172 0.365316 0.0167589 0.0115451 0.222645 0 0 0 0 0 0 0 0 0.129868 
0.875 0.158102 0.365045 0.0167568 0.0115421 0.222051 0 0 0 0 0 0 0 0 0.129803 
0.874 0.158032 0.364774 0.0167548 0.0115391 0.221457 0 0 0 0 0 0 0 0 0.129738 
0.873 0.157961 0.364503 0.0167528 0.0115362 0.220863 0 0 0 0 0 0 0 0 0.129672 
0.872 0.157891 0.364232 0.0167508 0.0115333 0.22027 0 0 0 0 0 0 0 0 0.129607 
0.871 0.15782 0.363962 0.0167488 0.0115305 0.219677 0 0 0 0 0 0 0 0 0.129541 
0.87 0.157749 0.363692 0.0167469 0.0115276 0.219083 0 0 0 0 0 0 0 0 0.129475 
0.869 0.157678 0.363423 0.0167449 0.0115249 0.21849 0 0 0 0 0 0 0 0 0.129409 
0.868 0.157607 0.363153 0.0167431 0.0115221 0.217898 0 0 0 0 0 0 0 0 0.129342 
0.867 0.157536 0.362884 0.0167412 0.0115194 0.217305 0 0 0 0 0 0 0 0 0.129275 
0.866 0.157464 0.362615 0.0167393 0.0115167 0.216713 0 0 0 0 0 0 0 0 0.129208 
0.865 0.157392 0.362347 0.0167375 0.0115141 0.21612 0 0 0 0 0 0 0 0 0.129141 
0.864 0.15732 0.362079 0.0167357 0.0115114 0.215528 0 0 0 0 0 0 0 0 0.129073 
0.863 0.157248 0.361811 0.0167339 0.0115089 0.214936 0 0 0 0 0 0 0 0 0.129005 
0.862 0.157175 0.361543 0.0167322 0.0115063 0.214344 0 0 0 0 0 0 0 0 0.128937 
0.861 0.157103 0.361276 0.0167305 0.0115038 0.213753 0 0 0 0 0 0 0 0 0.128869 
0.86 0.15703 0.361009 0.0167288 0.0115013 0.213161 0 0 0 0 0 0 0 0 0.1288 
0.859 0.156957 0.360742 0.0167271 0.0114989 0.21257 0 0 0 0 0 0 0 0 0.128731 
0.858 0.156884 0.360475 0.0167254 0.0114965 0.211979 0 0 0 0 0 0 0 0 0.128662 
0.857 0.15681 0.360209 0.0167238 0.0114941 0.211388 0 0 0 0 0 0 0 0 0.128592 
0.856 0.156737 0.359943 0.0167222 0.0114918 0.210798 0 0 0 0 0 0 0 0 0.128523 
0.855 0.156663 0.359678 0.0167206 0.0114895 0.210207 0 0 0 0 0 0 0 0 0.128453 
0.854 0.156589 0.359412 0.016719 0.0114872 0.209617 0 0 0 0 0 0 0 0 0.128382 
0.853 0.156514 0.359147 0.0167175 0.011485 0.209027 0 0 0 0 0 0 0 0 0.128312 
0.852 0.15644 0.358883 0.016716 0.0114828 0.208437 0 0 0 0 0 0 0 0 0.128241 
0.851 0.156365 0.358618 0.0167145 0.0114806 0.207847 0 0 0 0 0 0 0 0 0.12817 
0.85 0.15629 0.358354 0.0167131 0.0114785 0.207257 0 0 0 0 0 0 0 0 0.128098 
0.849 0.156215 0.358091 0.0167116 0.0114764 0.206668 0 0 0 0 0 0 0 0 0.128027 
0.848 0.156139 0.357827 0.0167102 0.0114744 0.206079 0 0 0 0 0 0 0 0 0.127955 
0.847 0.156064 0.357564 0.0167089 0.0114724 0.20549 0 0 0 0 0 0 0 0 0.127883 
0.846 0.155988 0.357301 0.0167075 0.0114704 0.204901 0 0 0 0 0 0 0 0 0.12781 
0.845 0.155912 0.357039 0.0167062 0.0114685 0.204312 0 0 0 0 0 0 0 0 0.127737 
0.844 0.155836 0.356776 0.0167049 0.0114666 0.203724 0 0 0 0 0 0 0 0 0.127664 
0.843 0.155759 0.356515 0.0167036 0.0114647 0.203135 0 0 0 0 0 0 0 0 0.127591 
0.842 0.155683 0.356253 0.0167024 0.0114629 0.202547 0 0 0 0 0 0 0 0 0.127517 
0.841 0.155606 0.355992 0.0167011 0.0114611 0.201959 0 0 0 0 0 0 0 0 0.127443 
0.84 0.155528 0.355731 0.0166999 0.0114594 0.201372 0 0 0 0 0 0 0 0 0.127369 
0.839 0.155451 0.35547 0.0166988 0.0114577 0.200784 0 0 0 0 0 0 0 0 0.127295 
0.838 0.155373 0.35521 0.0166976 0.011456 0.200197 0 0 0 0 0 0 0 0 0.12722 
0.837 0.155296 0.35495 0.0166965 0.0114544 0.19961 0 0 0 0 0 0 0 0 0.127145 
0.836 0.155217 0.35469 0.0166954 0.0114528 0.199023 0 0 0 0 0 0 0 0 0.127069 
0.835 0.155139 0.354431 0.0166944 0.0114512 0.198436 0 0 0 0 0 0 0 0 0.126993 
0.834 0.155061 0.354172 0.0166933 0.0114497 0.19785 0 0 0 0 0 0 0 0 0.126917 
0.833 0.154982 0.353914 0.0166923 0.0114483 0.197264 0 0 0 0 0 0 0 0 0.126841 
0.832 0.154903 0.353655 0.0166913 0.0114468 0.196678 0 0 0 0 0 0 0 0 0.126764 
0.831 0.154823 0.353397 0.0166904 0.0114455 0.196092 0 0 0 0 0 0 0 0 0.126688 
0.83 0.154744 0.35314 0.0166895 0.0114441 0.195506 0 0 0 0 0 0 0 0 0.12661 
0.829 0.154664 0.352883 0.0166886 0.0114428 0.194921 0 0 0 0 0 0 0 0 0.126533 
0.828 0.154584 0.352626 0.0166877 0.0114415 0.194335 0 0 0 0 0 0 0 0 0.126455 
0.827 0.154504 0.352369 0.0166869 0.0114403 0.19375 0 0 0 0 0 0 0 0 0.126377 
0.826 0.154423 0.352113 0.016686 0.0114391 0.193166 0 0 0 0 0 0 0 0 0.126298 
0.825 0.154343 0.351857 0.0166853 0.011438 0.192581 0 0 0 0 0 0 0 0 0.126219 
0.824 0.154262 0.351602 0.0166845 0.0114369 0.191997 0 0 0 0 0 0 0 0 0.12614 
0.823 0.15418 0.351347 0.0166838 0.0114358 0.191413 0 0 0 0 0 0 0 0 0.126061 
0.822 0.154099 0.351092 0.0166831 0.0114348 0.190829 0 0 0 0 0 0 0 0 0.125981 
0.821 0.154017 0.350837 0.0166824 0.0114338 0.190245 0 0 0 0 0 0 0 0 0.125901 
0.82 0.153935 0.350583 0.0166818 0.0114329 0.189661 0 0 0 0 0 0 0 0 0.12582 
0.819 0.153853 0.35033 0.0166812 0.011432 0.189078 0 0 0 0 0 0 0 0 0.12574 
0.818 0.15377 0.350076 0.0166806 0.0114311 0.188495 0 0 0 0 0 0 0 0 0.125658 
0.817 0.153687 0.349823 0.01668 0.0114303 0.187912 0 0 0 0 0 0 0 0 0.125577 
0.816 0.153604 0.349571 0.0166795 0.0114296 0.18733 0 0 0 0 0 0 0 0 0.125495 
0.815 0.153521 0.349319 0.016679 0.0114288 0.186747 0 0 0 0 0 0 0 0 0.125413 
0.814 0.153437 0.349067 0.0166785 0.0114282 0.186165 0 0 0 0 0 0 0 0 0.125331 
0.813 0.153353 0.348815 0.0166781 0.0114275 0.185583 0 0 0 0 0 0 0 0 0.125248 
0.812 0.153269 0.348564 0.0166777 0.0114269 0.185002 0 0 0 0 0 0 0 0 0.125165 
0.811 0.153185 0.348314 0.0166773 0.0114264 0.18442 0 0 0 0 0 0 0 0 0.125081 
0.81 0.1531 0.348063 0.016677 0.0114259 0.183839 0 0 0 0 0 0 0 0 0.124997 
0.809 0.153015 0.347813 0.0166767 0.0114254 0.183258 0 0 0 0 0 0 0 0 0.124913 
0.808 0.15293 0.347564 0.0166764 0.011425 0.182678 0 0 0 0 0 0 0 0 0.124828 
0.807 0.152844 0.347315 0.0166761 0.0114246 0.182097 0 0 0 0 0 0 0 0 0.124744 
0.806 0.152759 0.347066 0.0166759 0.0114243 0.181517 0 0 0 0 0 0 0 0 0.124658 
0.805 0.152672 0.346818 0.0166757 0.0114241 0.180937 0 0 0 0 0 0 0 0 0.124573 
0.804 0.152586 0.34657 0.0166756 0.0114238 0.180357 0 0 0 0 0 0 0 0 0.124487 
0.803 0.152499 0.346323 0.0166754 0.0114236 0.179778 0 0 0 0 0 0 0 0 0.1244 
0.802 0.152412 0.346076 0.0166753 0.0114235 0.179199 0 0 0 0 0 0 0 0 0.124314 
0.801 0.152325 0.345829 0.0166753 0.0114234 0.17862 0 0 0 0 0 0 0 0 0.124226 
0.8 0.152238 0.345583 0.0166753 0.0114234 0.178041 0 0 0 0 0 0 0 0 0.124139 
0.799 0.15215 0.345337 0.0166753 0.0114234 0.177462 0 0 0 0 0 0 0 0 0.124051 
0.798 0.152062 0.345091 0.0166753 0.0114234 0.176884 0 0 0 0 0 0 0 0 0.123963 
0.797 0.151973 0.344847 0.0166754 0.0114235 0.176306 0 0 0 0 0 0 0 0 0.123874 
0.796 0.151884 0.344602 0.0166755 0.0114237 0.175728 0 0 0 0 0 0 0 0 0.123785 
0.795 0.151795 0.344358 0.0166756 0.0114239 0.175151 0 0 0 0 0 0 0 0 0.123696 
0.794 0.151706 0.344114 0.0166758 0.0114241 0.174574 0 0 0 0 0 0 0 0 0.123606 
0.793 0.151616 0.343871 0.016676 0.0114244 0.173997 0 0 0 0 0 0 0 0 0.123516 
0.792 0.151526 0.343628 0.0166762 0.0114248 0.17342 0 0 0 0 0 0 0 0 0.123425 
0.791 0.151436 0.343386 0.0166765 0.0114252 0.172844 0 0 0 0 0 0 0 0 0.123334 
0.79 0.151345 0.343144 0.0166768 0.0114256 0.172268 0 0 0 0 0 0 0 0 0.123243 
0.789 0.151254 0.342903 0.0166771 0.0114261 0.171692 0 0 0 0 0 0 0 0 0.123151 
0.788 0.151163 0.342662 0.0166775 0.0114266 0.171116 0 0 0 0 0 0 0 0 0.123059 
0.787 0.151071 0.342421 0.0166779 0.0114272 0.170541 0 0 0 0 0 0 0 0 0.122966 
0.786 0.15098 0.342181 0.0166784 0.0114279 0.169966 0 0 0 0 0 0 0 0 0.122873 
0.785 0.150887 0.341942 0.0166788 0.0114286 0.169391 0 0 0 0 0 0 0 0 0.12278 
0.784 0.150795 0.341703 0.0166794 0.0114293 0.168817 0 0 0 0 0 0 0 0 0.122686 
0.783 0.150702 0.341464 0.0166799 0.0114301 0.168243 0 0 0 0 0 0 0 0 0.122592 
0.782 0.150608 0.341226 0.0166805 0.011431 0.167669 0 0 0 0 0 0 0 0 0.122497 
0.781 0.150515 0.340988 0.0166811 0.0114319 0.167095 0 0 0 0 0 0 0 0 0.122402 
0.78 0.150421 0.340751 0.0166818 0.0114329 0.166522 0 0 0 0 0 0 0 0 0.122306 
0.779 0.150327 0.340515 0.0166825 0.0114339 0.165949 0 0 0 0 0 0 0 0 0.12221 
0.778 0.150232 0.340278 0.0166832 0.011435 0.165376 0 0 0 0 0 0 0 0 0.122114 
0.777 0.150137 0.340043 0.016684 0.0114361 0.164804 0 0 0 0 0 0 0 0 0.122017 
0.776 0.150041 0.339808 0.0166848 0.0114373 0.164231 0 0 0 0 0 0 0 0 0.121919 
0.775 0.149946 0.339573 0.0166856 0.0114385 0.16366 0 0 0 0 0 0 0 0 0.121822 
0.774 0.14985 0.339339 0.0166865 0.0114398 0.163088 0 0 0 0 0 0 0 0 0.121723 
0.773 0.149753 0.339106 0.0166875 0.0114412 0.162517 0 0 0 0 0 0 0 0 0.121624 
0.772 0.149656 0.338873 0.0166884 0.0114426 0.161946 0 0 0 0 0 0 0 0 0.121525 
0.771 0.149559 0.33864 0.0166894 0.011444 0.161375 0 0 0 0 0 0 0 0 0.121426 
0.77 0.149461 0.338408 0.0166905 0.0114456 0.160805 0 0 0 0 0 0 0 0 0.121325 
0.769 0.149363 0.338177 0.0166916 0.0114471 0.160235 0 0 0 0 0 0 0 0 0.121225 
0.768 0.149265 0.337946 0.0166927 0.0114488 0.159665 0 0 0 0 0 0 0 0 0.121124 
0.767 0.149166 0.337716 0.0166938 0.0114505 0.159096 0 0 0 0 0 0 0 0 0.121022 
0.766 0.149067 0.337486 0.0166951 0.0114522 0.158527 0 0 0 0 0 0 0 0 0.12092 
0.765 0.148967 0.337257 0.0166963 0.0114541 0.157958 0 0 0 0 0 0 0 0 0.120817 
0.764 0.148867 0.337029 0.0166976 0.0114559 0.15739 0 0 0 0 0 0 0 0 0.120714 
0.763 0.148767 0.336801 0.0166989 0.0114579 0.156822 0 0 0 0 0 0 0 0 0.12061 
0.762 0.148666 0.336574 0.0167003 0.0114599 0.156254 0 0 0 0 0 0 0 0 0.120506 
0.761 0.148565 0.336347 0.0167017 0.011462 0.155687 0 0 0 0 0 0 0 0 0.120401 
0.76 0.148463 0.336121 0.0167032 0.0114641 0.15512 0 0 0 0 0 0 0 0 0.120296 
0.759 0.148361 0.335895 0.0167047 0.0114663 0.154553 0 0 0 0 0 0 0 0 0.12019 
0.758 0.148259 0.33567 0.0167062 0.0114686 0.153987 0 0 0 0 0 0 0 0 0.120084 
0.757 0.148156 0.335446 0.0167078 0.0114709 0.153421 0 0 0 0 0 0 0 0 0.119977 
0.756 0.148052 0.335223 0.0167095 0.0114733 0.152855 0 0 0 0 0 0 0 0 0.11987 
0.755 0.147949 0.335 0.0167112 0.0114757 0.15229 0 0 0 0 0 0 0 0 0.119762 
0.754 0.147844 0.334778 0.0167129 0.0114783 0.151725 0 0 0 0 0 0 0 0 0.119653 
0.753 0.14774 0.334556 0.0167147 0.0114809 0.15116 0 0 0 0 0 0 0 0 0.119544 
0.752 0.147634 0.334335 0.0167165 0.0114835 0.150596 0 0 0 0 0 0 0 0 0.119434 
0.751 0.147529 0.334115 0.0167184 0.0114863 0.150032 0 0 0 0 0 0 0 0 0.119324 
0.75 0.147423 0.333896 0.0167203 0.0114891 0.149469 0 0 0 0 0 0 0 0 0.119213 
0.749 0.147316 0.333677 0.0167223 0.0114919 0.148906 0 0 0 0 0 0 0 0 0.119102 
0.748 0.147209 0.333459 0.0167243 0.0114949 0.148343 0 0 0 0 0 0 0 0 0.11899 
0.747 0.147101 0.333241 0.0167264 0.0114979 0.147781 0 0 0 0 0 0 0 0 0.118877 
0.746 0.146993 0.333025 0.0167285 0.011501 0.147219 0 0 0 0 0 0 0 0 0.118763 
0.745 0.146884 0.332809 0.0167307 0.0115042 0.146657 0 0 0 0 0 0 0 0 0.118649 
0.744 0.146775 0.332594 0.016733 0.0115075 0.146096 0 0 0 0 0 0 0 0 0.118535 
0.743 0.146665 0.33238 0.0167353 0.0115108 0.145535 0 0 0 0 0 0 0 0 0.118419 
0.742 0.146555 0.332166 0.0167376 0.0115142 0.144975 0 0 0 0 0 0 0 0 0.118303 
0.741 0.146444 0.331954 0.01674 0.0115177 0.144415 0 0 0 0 0 0 0 0 0.118187 
0.74 0.146333 0.331742 0.0167425 0.0115213 0.143856 0 0 0 0 0 0 0 0 0.118069 
0.739 0.146221 0.331531 0.016745 0.0115249 0.143297 0 0 0 0 0 0 0 0 0.117951 
0.738 0.146109 0.331321 0.0167476 0.0115287 0.142738 0 0 0 0 0 0 0 0 0.117832 
0.737 0.145996 0.331112 0.0167502 0.0115325 0.14218 0 0 0 0 0 0 0 0 0.117713 
0.736 0.145882 0.330904 0.0167529 0.0115364 0.141622 0 0 0 0 0 0 0 0 0.117593 
0.735 0.145768 0.330696 0.0167557 0.0115404 0.141064 0 0 0 0 0 0 0 0 0.117472 
0.734 0.145653 0.33049 0.0167585 0.0115445 0.140508 0 0 0 0 0 0 0 0 0.11735 
0.733 0.145537 0.330284 0.0167614 0.0115487 0.139951 0 0 0 0 0 0 0 0 0.117227 
0.732 0.145421 0.33008 0.0167643 0.011553 0.139395 0 0 0 0 0 0 0 0 0.117104 
0.731 0.145304 0.329876 0.0167674 0.0115574 0.13884 0 0 0 0 0 0 0 0 0.11698 
0.73 0.145187 0.329674 0.0167704 0.0115619 0.138285 0 0 0 0 0 0 0 0 0.116855 
0.729 0.145069 0.329472 0.0167736 0.0115665 0.13773 0 0 0 0 0 0 0 0 0.116729 
0.728 0.14495 0.329272 0.0167769 0.0115712 0.137176 0 0 0 0 0 0 0 0 0.116602 
0.727 0.14483 0.329073 0.0167802 0.011576 0.136622 0 0 0 0 0 0 0 0 0.116474 
0.726 0.14471 0.328875 0.0167836 0.0115809 0.136069 0 0 0 0 0 0 0 0 0.116346 
0.725 0.144589 0.328678 0.016787 0.0115859 0.135517 0 0 0 0 0 0 0 0 0.116216 
0.724 0.144467 0.328482 0.0167906 0.0115911 0.134965 0 0 0 0 0 0 0 0 0.116086 
0.723 0.144345 0.328288 0.0167942 0.0115963 0.134413 0 0 0 0 0 0 0 0 0.115954 
0.722 0.144221 0.328095 0.0167979 0.0116017 0.133863 0 0 0 0 0 0 0 0 0.115822 
0.721 0.144097 0.327903 0.0168017 0.0116072 0.133312 0 0 0 0 0 0 0 0 0.115688 
0.72 0.143972 0.327713 0.0168056 0.0116129 0.132762 0 0 0 0 0 0 0 0 0.115553 
0.719 0.143846 0.327524 0.0168096 0.0116187 0.132213 0 0 0 0 0 0 0 0 0.115417 
0.718 0.143719 0.327336 0.0168137 0.0116246 0.131665 0 0 0 0 0 0 0 0 0.11528 
0.717 0.143591 0.32715 0.0168179 0.0116307 0.131117 0 0 0 0 0 0 0 0 0.115142 
0.716 0.143462 0.326966 0.0168223 0.0116369 0.130569 0 0 0 0 0 0 0 0 0.115003 
0.715 0.143332 0.326783 0.0168267 0.0116433 0.130023 0 0 0 0 0 0 0 0 0.114862 
0.714 0.143201 0.326602 0.0168312 0.0116499 0.129477 0 0 0 0 0 0 0 0 0.11472 
0.713 0.143069 0.326423 0.0168359 0.0116566 0.128931 0 0 0 0 0 0 0 0 0.114576 
0.712 0.142936 0.326246 0.0168407 0.0116636 0.128387 0 0 0 0 0 0 0 0 0.114431 
0.711 0.142801 0.326071 0.0168456 0.0116707 0.127843 0 0 0 0 0 0 0 0 0.114285 
0.71 0.142665 0.325898 0.0168507 0.011678 0.1273 0 0 0 0 0 0 0 0 0.114137 
0.709 0.142528 0.325728 0.016856 0.0116856 0.126757 0 0 0 0 0 0 0 0 0.113987 
0.708 0.14239 0.32556 0.0168614 0.0116934 0.126216 0 0 0 0 0 0 0 0 0.113835 
0.707 0.14225 0.325394 0.016867 0.0117015 0.125675 0 0 0 0 0 0 0 0 0.113681 
0.706 0.142108 0.325231 0.0168728 0.0117098 0.125136 0 0 0 0 0 0 0 0 0.113525 
0.705 0.141964 0.325072 0.0168788 0.0117184 0.124597 0 0 0 0 0 0 0 0 0.113367 
0.704 0.141819 0.324915 0.016885 0.0117274 0.124059 0 0 0 0 0 0 0 0 0.113207 
0.703 0.141671 0.324762 0.0168915 0.0117367 0.123523 0 0 0 0 0 0 0 0 0.113043 
0.702 0.141522 0.324614 0.0168982 0.0117464 0.122987 0 0 0 0 0 0 0 0 0.112877 
0.701 0.14137 0.324469 0.0169053 0.0117566 0.122453 0 0 0 0 0 0 0 0 0.112708 
0.7 0.141215 0.32433 0.0169127 0.0117672 0.121921 0 0 0 0 0 0 0 0 0.112535 
0.699 0.141057 0.324196 0.0169205 0.0117784 0.12139 0 0 0 0 0 0 0 0 0.112358 
0.698 0.140895 0.324069 0.0169287 0.0117903 0.120861 0 0 0 0 0 0 0 0 0.112176 
0.697 0.140729 0.323949 0.0169376 0.011803 0.120333 0 0 0 0 0 0 0 0 0.111989 
0.696 0.140558 0.323839 0.0169471 0.0118166 0.119809 0 0 0 0 0 0 0 0 0.111795 
0.695 0.140381 0.32374 0.0169574 0.0118314 0.119287 0 0 0 0 0 0 0 0 0.111592 
0.694 0.140196 0.323656 0.0169688 0.0118478 0.118769 0 0 0 0 0 0 0 0 0.111379 
0.693 0.140169 0.323644 0.0169706 0.0118503 0.118676 0 0 0 0 0 0 0 0 0.111335 
0.692 0.139952 0.323245 0.0169728 0.0118536 0.117678 0 0 0 0 0 0 0 0 0.111125 
0.691 0.139842 0.323016 0.016973 0.0118538 0.117128 0 0 0 0 0 0 0 0 0.111015 
0.69 0.139731 0.322788 0.0169732 0.0118541 0.116578 0 0 0 0 0 0 0 0 0.110904 
0.689 0.13962 0.32256 0.0169735 0.0118545 0.116028 0 0 0 0 0 0 0 0 0.110792 
0.688 0.139508 0.322333 0.0169737 0.0118548 0.115479 0 0 0 0 0 0 0 0 0.11068 
0.687 0.139396 0.322106 0.016974 0.0118553 0.114931 0 0 0 0 0 0 0 0 0.110567 
0.686 0.139283 0.32188 0.0169743 0.0118557 0.114383 0 0 0 0 0 0 0 0 0.110453 
0.685 0.13917 0.321655 0.0169747 0.0118562 0.113835 0 0 0 0 0 0 0 0 0.11034 
0.684 0.139057 0.32143 0.0169751 0.0118567 0.113288 0 0 0 0 0 0 0 0 0.110225 
0.683 0.138943 0.321206 0.0169754 0.0118573 0.112741 0 0 0 0 0 0 0 0 0.11011 
0.682 0.138828 0.320983 0.0169759 0.0118579 0.112195 0 0 0 0 0 0 0 0 0.109994 
0.681 0.138713 0.32076 0.0169763 0.0118585 0.111649 0 0 0 0 0 0 0 0 0.109878 
0.68 0.138597 0.320537 0.0169768 0.0118592 0.111104 0 0 0 0 0 0 0 0 0.109761 
0.679 0.138481 0.320316 0.0169773 0.0118599 0.110559 0 0 0 0 0 0 0 0 0.109644 
0.678 0.138364 0.320095 0.0169778 0.0118606 0.110015 0 0 0 0 0 0 0 0 0.109526 
0.677 0.138247 0.319874 0.0169783 0.0118614 0.109471 0 0 0 0 0 0 0 0 0.109408 
0.676 0.138129 0.319655 0.0169789 0.0118622 0.108928 0 0 0 0 0 0 0 0 0.109288 
0.675 0.138011 0.319436 0.0169795 0.011863 0.108385 0 0 0 0 0 0 0 0 0.109169 
0.674 0.137892 0.319217 0.0169801 0.0118639 0.107842 0 0 0 0 0 0 0 0 0.109048 
0.673 0.137773 0.318999 0.0169807 0.0118648 0.107301 0 0 0 0 0 0 0 0 0.108927 
0.672 0.137653 0.318782 0.0169814 0.0118658 0.106759 0 0 0 0 0 0 0 0 0.108806 
0.671 0.137532 0.318566 0.0169821 0.0118668 0.106218 0 0 0 0 0 0 0 0 0.108683 
0.67 0.137411 0.318351 0.0169828 0.0118678 0.105678 0 0 0 0 0 0 0 0 0.10856 
0.669 0.137289 0.318136 0.0169835 0.0118688 0.105138 0 0 0 0 0 0 0 0 0.108437 
0.668 0.137167 0.317921 0.0169843 0.0118699 0.104599 0 0 0 0 0 0 0 0 0.108313 
0.667 0.137044 0.317708 0.0169851 0.0118711 0.10406 0 0 0 0 0 0 0 0 0.108188 
0.666 0.13692 0.317495 0.0169859 0.0118722 0.103522 0 0 0 0 0 0 0 0 0.108062 
0.665 0.136796 0.317283 0.0169867 0.0118734 0.102985 0 0 0 0 0 0 0 0 0.107936 
0.664 0.136671 0.317072 0.0169876 0.0118746 0.102448 0 0 0 0 0 0 0 0 0.107809 
0.663 0.136546 0.316862 0.0169884 0.0118759 0.101911 0 0 0 0 0 0 0 0 0.107681 
0.662 0.13642 0.316652 0.0169893 0.0118772 0.101375 0 0 0 0 0 0 0 0 0.107553 
0.661 0.136293 0.316443 0.0169903 0.0118785 0.10084 0 0 0 0 0 0 0 0 0.107424 
0.66 0.136166 0.316235 0.0169912 0.0118798 0.100305 0 0 0 0 0 0 0 0 0.107294 
0.659 0.136037 0.316028 0.0169922 0.0118812 0.0997709 0 0 0 0 0 0 0 0 0.107164 
0.658 0.135909 0.315821 0.0169932 0.0118826 0.0992372 0 0 0 0 0 0 0 0 0.107033 
0.657 0.135779 0.315616 0.0169942 0.0118841 0.0987042 0 0 0 0 0 0 0 0 0.106901 
0.656 0.135649 0.315411 0.0169952 0.0118855 0.0981717 0 0 0 0 0 0 0 0 0.106768 
0.655 0.135518 0.315207 0.0169963 0.011887 0.0976399 0 0 0 0 0 0 0 0 0.106635 
0.654 0.135387 0.315004 0.0169973 0.0118886 0.0971086 0 0 0 0 0 0 0 0 0.106501 
0.653 0.135254 0.314802 0.0169984 0.0118901 0.096578 0 0 0 0 0 0 0 0 0.106366 
0.652 0.135121 0.314601 0.0169995 0.0118917 0.096048 0 0 0 0 0 0 0 0 0.10623 
0.651 0.134988 0.3144 0.0170007 0.0118933 0.0955186 0 0 0 0 0 0 0 0 0.106094 
0.65 0.134853 0.314201 0.0170018 0.011895 0.0949898 0 0 0 0 0 0 0 0 0.105956 
0.649 0.134718 0.314003 0.017003 0.0118966 0.0944617 0 0 0 0 0 0 0 0 0.105818 
0.648 0.134582 0.313805 0.0170041 0.0118983 0.0939343 0 0 0 0 0 0 0 0 0.105679 
0.647 0.134445 0.313609 0.0170053 0.0119 0.0934075 0 0 0 0 0 0 0 0 0.105539 
0.646 0.134307 0.313413 0.0170065 0.0119017 0.0928813 0 0 0 0 0 0 0 0 0.105399 
0.645 0.134168 0.313219 0.0170078 0.0119035 0.0923559 0 0 0 0 0 0 0 0 0.105257 
0.644 0.134029 0.313025 0.017009 0.0119053 0.0918311 0 0 0 0 0 0 0 0 0.105115 
0.643 0.133889 0.312833 0.0170103 0.0119071 0.091307 0 0 0 0 0 0 0 0 0.104971 
0.642 0.133747 0.312642 0.0170115 0.0119089 0.0907836 0 0 0 0 0 0 0 0 0.104827 
0.641 0.133605 0.312452 0.0170128 0.0119107 0.0902609 0 0 0 0 0 0 0 0 0.104682 
0.64 0.133462 0.312263 0.0170141 0.0119125 0.089739 0 0 0 0 0 0 0 0 0.104536 
0.639 0.133318 0.312075 0.0170154 0.0119144 0.0892177 0 0 0 0 0 0 0 0 0.104389 
0.638 0.133174 0.311888 0.0170167 0.0119162 0.0886972 0 0 0 0 0 0 0 0 0.104241 
0.637 0.133028 0.311703 0.017018 0.0119181 0.0881775 0 0 0 0 0 0 0 0 0.104092 
0.636 0.132881 0.311519 0.0170193 0.01192 0.0876585 0 0 0 0 0 0 0 0 0.103942 
0.635 0.132733 0.311336 0.0170206 0.0119218 0.0871403 0 0 0 0 0 0 0 0 0.103791 
0.634 0.132584 0.311155 0.0170219 0.0119237 0.0866229 0 0 0 0 0 0 0 0 0.103638 
0.633 0.132434 0.310974 0.0170233 0.0119256 0.0861063 0 0 0 0 0 0 0 0 0.103485 
0.632 0.132283 0.310796 0.0170246 0.0119275 0.0855905 0 0 0 0 0 0 0 0 0.103331 
0.631 0.132131 0.310618 0.0170259 0.0119294 0.0850755 0 0 0 0 0 0 0 0 0.103175 
0.63 0.131977 0.310442 0.0170272 0.0119312 0.0845614 0 0 0 0 0 0 0 0 0.103019 
0.629 0.131823 0.310268 0.0170285 0.0119331 0.0840482 0 0 0 0 0 0 0 0 0.102861 
0.628 0.131667 0.310095 0.0170298 0.0119349 0.0835358 0 0 0 0 0 0 0 0 0.102702 
0.627 0.13151 0.309924 0.017031 0.0119367 0.0830243 0 0 0 0 0 0 0 0 0.102542 
0.626 0.131351 0.309755 0.0170323 0.0119385 0.0825138 0 0 0 0 0 0 0 0 0.10238 
0.625 0.131191 0.309587 0.0170335 0.0119402 0.0820042 0 0 0 0 0 0 0 0 0.102217 
0.624 0.13103 0.309421 0.0170347 0.011942 0.0814955 0 0 0 0 0 0 0 0 0.102053 
0.623 0.130867 0.309257 0.0170359 0.0119436 0.0809879 0 0 0 0 0 0 0 0 0.101888 
0.622 0.130703 0.309096 0.017037 0.0119452 0.0804813 0 0 0 0 0 0 0 0 0.10172 
0.621 0.130537 0.308936 0.0170381 0.0119468 0.0799757 0 0 0 0 0 0 0 0 0.101552 
0.62 0.130369 0.308778 0.0170391 0.0119483 0.0794713 0 0 0 0 0 0 0 0 0.101382 
0.619 0.130199 0.308623 0.0170401 0.0119497 0.0789679 0 0 0 0 0 0 0 0 0.10121 
0.618 0.130028 0.30847 0.017041 0.011951 0.0784658 0 0 0 0 0 0 0 0 0.101036 
0.617 0.129855 0.30832 0.0170419 0.0119522 0.0779648 0 0 0 0 0 0 0 0 0.100861 
0.616 0.129679 0.308172 0.0170426 0.0119533 0.0774652 0 0 0 0 0 0 0 0 0.100683 
0.615 0.129501 0.308028 0.0170433 0.0119542 0.0769668 0 0 0 0 0 0 0 0 0.100504 
0.614 0.129321 0.307887 0.0170438 0.011955 0.0764699 0 0 0 0 0 0 0 0 0.100322 
0.613 0.129138 0.307749 0.0170443 0.0119556 0.0759745 0 0 0 0 0 0 0 0 0.100138 
0.612 0.128952 0.307615 0.0170445 0.0119559 0.0754807 0 0 0 0 0 0 0 0 0.0999518 
0.611 0.128763 0.307486 0.0170446 0.011956 0.0749885 0 0 0 0 0 0 0 0 0.0997627 
0.61 0.128571 0.30736 0.0170444 0.0119558 0.0744983 0 0 0 0 0 0 0 0 0.0995705 
0.609 0.128374 0.307241 0.017044 0.0119553 0.0740101 0 0 0 0 0 0 0 0 0.0993749 
0.608 0.128173 0.307127 0.0170433 0.0119542 0.0735242 0 0 0 0 0 0 0 0 0.0991756 
0.607 0.127966 0.30702 0.0170422 0.0119527 0.0730408 0 0 0 0 0 0 0 0 0.098972 
0.606 0.127916 0.307012 0.0170428 0.0119536 0.0729773 0 0 0 0 0 0 0 0 0.0989591 
0.605 0.127665 0.306658 0.017052 0.0119666 0.0720298 0 0 0 0 0 0 0 0 0.0986467 
0.604 0.12753 0.306457 0.0170587 0.0119761 0.0715188 0 0 0 0 0 0 0 0 0.0984949 
0.603 0.127393 0.306256 0.0170654 0.0119857 0.0710085 0 0 0 0 0 0 0 0 0.0983423 
0.602 0.127256 0.306056 0.0170722 0.0119953 0.070499 0 0 0 0 0 0 0 0 0.0981887 
0.601 0.127118 0.305857 0.017079 0.012005 0.0699902 0 0 0 0 0 0 0 0 0.0980343 
0.6 0.12698 0.305659 0.0170859 0.0120148 0.0694823 0 0 0 0 0 0 0 0 0.097879 
0.599 0.12684 0.305462 0.0170928 0.0120247 0.0689751 0 0 0 0 0 0 0 0 0.0977228 
0.598 0.1267 0.305266 0.0170998 0.0120347 0.0684686 0 0 0 0 0 0 0 0 0.0975656 
0.597 0.126559 0.30507 0.0171069 0.0120447 0.067963 0 0 0 0 0 0 0 0 0.0974076 
0.596 0.126417 0.304876 0.017114 0.0120548 0.0674582 0 0 0 0 0 0 0 0 0.0972486 
0.595 0.126275 0.304682 0.0171212 0.012065 0.0669542 0 0 0 0 0 0 0 0 0.0970886 
0.594 0.126131 0.30449 0.0171284 0.0120753 0.066451 0 0 0 0 0 0 0 0 0.0969277 
0.593 0.125987 0.304298 0.0171357 0.0120856 0.0659487 0 0 0 0 0 0 0 0 0.0967658 
0.592 0.125842 0.304108 0.0171431 0.012096 0.0654471 0 0 0 0 0 0 0 0 0.0966029 
0.591 0.125696 0.303918 0.0171505 0.0121065 0.0649465 0 0 0 0 0 0 0 0 0.096439 
0.59 0.125549 0.30373 0.017158 0.0121171 0.0644466 0 0 0 0 0 0 0 0 0.0962742 
0.589 0.125402 0.303543 0.0171655 0.0121278 0.0639477 0 0 0 0 0 0 0 0 0.0961083 
0.588 0.125253 0.303356 0.0171731 0.0121385 0.0634495 0 0 0 0 0 0 0 0 0.0959413 
0.587 0.125103 0.303171 0.0171808 0.0121494 0.0629523 0 0 0 0 0 0 0 0 0.0957734 
0.586 0.124953 0.302987 0.0171885 0.0121603 0.062456 0 0 0 0 0 0 0 0 0.0956043 
0.585 0.124802 0.302803 0.0171963 0.0121713 0.0619605 0 0 0 0 0 0 0 0 0.0954342 
0.584 0.12465 0.302621 0.0172041 0.0121824 0.0614659 0 0 0 0 0 0 0 0 0.095263 
0.583 0.124496 0.302441 0.017212 0.0121936 0.0609723 0 0 0 0 0 0 0 0 0.0950908 
0.582 0.124342 0.302261 0.01722 0.0122048 0.0604796 0 0 0 0 0 0 0 0 0.0949174 
0.581 0.124187 0.302082 0.017228 0.0122162 0.0599878 0 0 0 0 0 0 0 0 0.0947428 
0.58 0.124031 0.301905 0.0172361 0.0122276 0.0594969 0 0 0 0 0 0 0 0 0.0945672 
0.579 0.123874 0.301729 0.0172443 0.0122391 0.059007 0 0 0 0 0 0 0 0 0.0943903 
0.578 0.123716 0.301554 0.0172526 0.0122507 0.0585181 0 0 0 0 0 0 0 0 0.0942123 
0.577 0.123556 0.30138 0.0172609 0.0122624 0.0580301 0 0 0 0 0 0 0 0 0.0940331 
0.576 0.123396 0.301208 0.0172692 0.0122742 0.0575431 0 0 0 0 0 0 0 0 0.0938527 
0.575 0.123235 0.301037 0.0172777 0.0122861 0.0570571 0 0 0 0 0 0 0 0 0.0936711 
0.574 0.123072 0.300867 0.0172862 0.012298 0.0565721 0 0 0 0 0 0 0 0 0.0934882 
0.573 0.122909 0.300699 0.0172948 0.0123101 0.0560882 0 0 0 0 0 0 0 0 0.0933041 
0.572 0.122744 0.300532 0.0173034 0.0123223 0.0556052 0 0 0 0 0 0 0 0 0.0931186 
0.571 0.122579 0.300366 0.0173122 0.0123345 0.0551233 0 0 0 0 0 0 0 0 0.0929319 
0.57 0.122412 0.300202 0.017321 0.0123469 0.0546425 0 0 0 0 0 0 0 0 0.0927438 
0.569 0.122244 0.300039 0.0173299 0.0123593 0.0541627 0 0 0 0 0 0 0 0 0.0925543 
0.568 0.122074 0.299878 0.0173388 0.0123719 0.0536839 0 0 0 0 0 0 0 0 0.0923635 
0.567 0.121904 0.299719 0.0173478 0.0123845 0.0532063 0 0 0 0 0 0 0 0 0.0921713 
0.566 0.121732 0.299561 0.017357 0.0123973 0.0527298 0 0 0 0 0 0 0 0 0.0919777 
0.565 0.121559 0.299404 0.0173661 0.0124102 0.0522544 0 0 0 0 0 0 0 0 0.0917826 
0.564 0.121385 0.299249 0.0173754 0.0124231 0.0517801 0 0 0 0 0 0 0 0 0.091586 
0.563 0.121209 0.299096 0.0173848 0.0124362 0.051307 0 0 0 0 0 0 0 0 0.0913879 
0.562 0.121032 0.298945 0.0173942 0.0124494 0.0508351 0 0 0 0 0 0 0 0 0.0911883 
0.561 0.120854 0.298795 0.0174037 0.0124627 0.0503643 0 0 0 0 0 0 0 0 0.0909871 
0.56 0.120674 0.298647 0.0174133 0.0124761 0.0498948 0 0 0 0 0 0 0 0 0.0907843 
0.559 0.120493 0.298501 0.017423 0.0124897 0.0494264 0 0 0 0 0 0 0 0 0.0905798 
0.558 0.12031 0.298357 0.0174328 0.0125033 0.0489593 0 0 0 0 0 0 0 0 0.0903737 
0.557 0.120126 0.298215 0.0174427 0.0125171 0.0484935 0 0 0 0 0 0 0 0 0.0901658 
0.556 0.11994 0.298075 0.0174527 0.012531 0.0480289 0 0 0 0 0 0 0 0 0.0899562 
0.555 0.119753 0.297937 0.0174628 0.012545 0.0475656 0 0 0 0 0 0 0 0 0.0897448 
0.554 0.119564 0.297801 0.0174729 0.0125592 0.0471036 0 0 0 0 0 0 0 0 0.0895315 
0.553 0.119373 0.297668 0.0174832 0.0125735 0.046643 0 0 0 0 0 0 0 0 0.0893163 
0.552 0.119181 0.297536 0.0174936 0.0125879 0.0461838 0 0 0 0 0 0 0 0 0.0890991 
0.551 0.118987 0.297408 0.0175041 0.0126025 0.0457259 0 0 0 0 0 0 0 0 0.0888799 
0.55 0.118791 0.297281 0.0175148 0.0126173 0.0452695 0 0 0 0 0 0 0 0 0.0886586 
0.549 0.118593 0.297157 0.0175255 0.0126322 0.0448145 0 0 0 0 0 0 0 0 0.0884352 
0.548 0.118393 0.297036 0.0175364 0.0126473 0.0443611 0 0 0 0 0 0 0 0 0.0882095 
0.547 0.118191 0.296918 0.0175474 0.0126625 0.0439091 0 0 0 0 0 0 0 0 0.0879815 
0.546 0.117987 0.296803 0.0175585 0.0126779 0.0434587 0 0 0 0 0 0 0 0 0.087751 
0.545 0.117781 0.296691 0.0175698 0.0126936 0.0430099 0 0 0 0 0 0 0 0 0.0875181 
0.544 0.117573 0.296582 0.0175812 0.0127094 0.0425627 0 0 0 0 0 0 0 0 0.0872825 
0.543 0.117362 0.296476 0.0175928 0.0127254 0.0421173 0 0 0 0 0 0 0 0 0.0870441 
0.542 0.117149 0.296374 0.0176046 0.0127417 0.0416735 0 0 0 0 0 0 0 0 0.0868029 
0.541 0.116933 0.296276 0.0176166 0.0127582 0.0412317 0 0 0 0 0 0 0 0 0.0865585 
0.54 0.116715 0.296183 0.0176287 0.012775 0.0407916 0 0 0 0 0 0 0 0 0.0863109 
0.539 0.116493 0.296093 0.0176411 0.0127921 0.0403536 0 0 0 0 0 0 0 0 0.0860599 
0.538 0.116268 0.296009 0.0176538 0.0128095 0.0399176 0 0 0 0 0 0 0 0 0.0858051 
0.537 0.11604 0.29593 0.0176667 0.0128273 0.0394838 0 0 0 0 0 0 0 0 0.0855462 
0.536 0.115808 0.295856 0.0176799 0.0128455 0.0390523 0 0 0 0 0 0 0 0 0.0852829 
0.535 0.115572 0.29579 0.0176934 0.0128642 0.0386232 0 0 0 0 0 0 0 0 0.0850147 
0.534 0.115332 0.29573 0.0177074 0.0128834 0.0381968 0 0 0 0 0 0 0 0 0.0847412 
0.533 0.115086 0.295679 0.0177218 0.0129032 0.0377733 0 0 0 0 0 0 0 0 0.0844614 
0.532 0.114835 0.295637 0.0177368 0.0129238 0.0373531 0 0 0 0 0 0 0 0 0.0841745 
0.531 0.114577 0.295608 0.0177525 0.0129453 0.0369366 0 0 0 0 0 0 0 0 0.0838789 
0.53 0.114517 0.295608 0.0177563 0.0129505 0.0368224 0 0 0 0 0 0 0 0 0.083786 
0.529 0.114156 0.295362 0.0177689 0.0129678 0.0360623 0 0 0 0 0 0 0 0 0.0834195 
0.528 0.113959 0.295212 0.0177749 0.0129759 0.0356204 0 0 0 0 0 0 0 0 0.0832083 
0.527 0.11376 0.295065 0.0177808 0.0129841 0.03518 0 0 0 0 0 0 0 0 0.082995 
0.526 0.113559 0.29492 0.0177868 0.0129923 0.0347413 0 0 0 0 0 0 0 0 0.0827797 
0.525 0.113356 0.294778 0.0177928 0.0130006 0.0343043 0 0 0 0 0 0 0 0 0.0825623 
0.524 0.113151 0.294638 0.0177989 0.0130089 0.0338689 0 0 0 0 0 0 0 0 0.0823427 
0.523 0.112943 0.294501 0.017805 0.0130172 0.0334352 0 0 0 0 0 0 0 0 0.082121 
0.522 0.112734 0.294366 0.0178111 0.0130255 0.0330033 0 0 0 0 0 0 0 0 0.0818969 
0.521 0.112522 0.294235 0.0178173 0.0130339 0.0325731 0 0 0 0 0 0 0 0 0.0816704 
0.52 0.112307 0.294106 0.0178234 0.0130424 0.0321448 0 0 0 0 0 0 0 0 0.0814415 
0.519 0.112091 0.293981 0.0178296 0.0130508 0.0317183 0 0 0 0 0 0 0 0 0.0812101 
0.518 0.111871 0.293859 0.0178358 0.0130593 0.0312937 0 0 0 0 0 0 0 0 0.0809761 
0.517 0.111649 0.29374 0.0178421 0.0130678 0.0308711 0 0 0 0 0 0 0 0 0.0807394 
0.516 0.111425 0.293625 0.0178483 0.0130764 0.0304505 0 0 0 0 0 0 0 0 0.0804999 
0.515 0.111197 0.293514 0.0178546 0.0130849 0.0300319 0 0 0 0 0 0 0 0 0.0802574 
0.514 0.110966 0.293406 0.0178609 0.0130935 0.0296154 0 0 0 0 0 0 0 0 0.0800119 
0.513 0.110732 0.293303 0.0178672 0.0131021 0.029201 0 0 0 0 0 0 0 0 0.0797632 
0.512 0.110495 0.293204 0.0178735 0.0131107 0.0287889 0 0 0 0 0 0 0 0 0.0795112 
0.511 0.110255 0.29311 0.0178798 0.0131193 0.0283791 0 0 0 0 0 0 0 0 0.0792557 
0.51 0.11001 0.293021 0.0178861 0.0131278 0.0279717 0 0 0 0 0 0 0 0 0.0789966 
0.509 0.109762 0.292937 0.0178923 0.0131364 0.0275667 0 0 0 0 0 0 0 0 0.0787336 
0.508 0.10951 0.292859 0.0178986 0.0131449 0.0271642 0 0 0 0 0 0 0 0 0.0784665 
0.507 0.109253 0.292787 0.0179048 0.0131534 0.0267645 0 0 0 0 0 0 0 0 0.078195 
0.506 0.108992 0.292722 0.0179111 0.0131619 0.0263675 0 0 0 0 0 0 0 0 0.0779189 
0.505 0.108725 0.292663 0.0179172 0.0131703 0.0259735 0 0 0 0 0 0 0 0 0.0776378 
0.504 0.108453 0.292613 0.0179233 0.0131786 0.0255825 0 0 0 0 0 0 0 0 0.0773513 
0.503 0.108175 0.292571 0.0179293 0.0131867 0.0251948 0 0 0 0 0 0 0 0 0.0770591 
0.502 0.10789 0.292538 0.0179353 0.0131948 0.0248106 0 0 0 0 0 0 0 0 0.0767604 
0.501 0.107598 0.292517 0.0179411 0.0132027 0.0244302 0 0 0 0 0 0 0 0 0.0764548 
0.5 0.107298 0.292507 0.0179467 0.0132103 0.0240538 0 0 0 0 0 0 0 0 0.0761413 
0.499 0.106989 0.29251 0.0179521 0.0132177 0.0236819 0 0 0 0 0 0 0 0 0.075819 
0.498 0.106669 0.29253 0.0179573 0.0132247 0.023315 0 0 0 0 0 0 0 0 0.0754867 
0.497 0.106336 0.292568 0.0179621 0.0132313 0.0229537 0 0 0 0 0 0 0 0 0.0751426 
0.496 0.105988 0.292628 0.0179665 0.0132372 0.0225991 0 0 0 0 0 0 0 0 0.0747844 
0.495 0.105621 0.292717 0.0179702 0.0132422 0.0222522 0 0 0 0 0 0 0 0 0.074409 
0.494 0.10523 0.292844 0.017973 0.013246 0.0219154 0 0 0 0 0 0 0 0 0.0740111 
0.493 0.104832 0.292981 0.0179763 0.0132506 0.0215822 0 0 0 0 0 0 0 0 0.0736048 
0.492 0.104627 0.292834 0.0179946 0.0132754 0.0211816 0 0 0 0 0 0 0 0 0.0733572 
0.491 0.10442 0.292691 0.0180133 0.0133006 0.0207833 0 0 0 0 0 0 0 0 0.073106 
0.49 0.10421 0.292552 0.0180323 0.0133264 0.0203876 0 0 0 0 0 0 0 0 0.0728509 
0.489 0.103996 0.292418 0.0180517 0.0133527 0.0199944 0 0 0 0 0 0 0 0 0.0725917 
0.488 0.103779 0.292289 0.0180716 0.0133795 0.0196039 0 0 0 0 0 0 0 0 0.0723281 
0.487 0.103559 0.292165 0.0180919 0.013407 0.0192162 0 0 0 0 0 0 0 0 0.0720598 
0.486 0.103334 0.292048 0.0181128 0.0134352 0.0188315 0 0 0 0 0 0 0 0 0.0717862 
0.485 0.103105 0.291938 0.0181343 0.0134641 0.0184498 0 0 0 0 0 0 0 0 0.0715069 
0.484 0.102872 0.291835 0.0181565 0.013494 0.0180713 0 0 0 0 0 0 0 0 0.0712213 
0.483 0.102633 0.291742 0.0181795 0.0135249 0.0176964 0 0 0 0 0 0 0 0 0.0709287 
0.482 0.102388 0.291659 0.0182033 0.0135569 0.0173252 0 0 0 0 0 0 0 0 0.070628 
0.481 0.102137 0.291587 0.0182282 0.0135904 0.0169582 0 0 0 0 0 0 0 0 0.0703179 
0.48 0.101877 0.29153 0.0182544 0.0136255 0.0165957 0 0 0 0 0 0 0 0 0.0699969 
0.479 0.101608 0.291491 0.0182822 0.0136627 0.0162385 0 0 0 0 0 0 0 0 0.0696626 
0.478 0.101376 0.291372 0.0183022 0.0136895 0.0158677 0 0 0 0 0 0 0 0 0.0693845 
0.477 0.101214 0.291106 0.0183085 0.0136978 0.0154711 0 0 0 0 0 0 0 0 0.0692082 
0.476 0.101051 0.290841 0.0183147 0.0137061 0.0150767 0 0 0 0 0 0 0 0 0.0690306 
0.475 0.100887 0.290576 0.018321 0.0137145 0.0146847 0 0 0 0 0 0 0 0 0.0688517 
0.474 0.100722 0.290312 0.0183273 0.0137229 0.014295 0 0 0 0 0 0 0 0 0.0686715 
0.473 0.100555 0.290047 0.0183336 0.0137314 0.0139078 0 0 0 0 0 0 0 0 0.0684899 
0.472 0.100387 0.289783 0.01834 0.0137399 0.0135229 0 0 0 0 0 0 0 0 0.068307 
0.471 0.100217 0.289519 0.0183464 0.0137484 0.0131407 0 0 0 0 0 0 0 0 0.0681226 
0.47 0.100047 0.289256 0.0183528 0.013757 0.0127609 0 0 0 0 0 0 0 0 0.0679369 
0.469 0.0998744 0.288992 0.0183592 0.0137655 0.0123839 0 0 0 0 0 0 0 0 0.0677497 
0.468 0.0997008 0.288729 0.0183657 0.0137741 0.0120095 0 0 0 0 0 0 0 0 0.067561 
0.467 0.0995258 0.288465 0.0183721 0.0137828 0.0116379 0 0 0 0 0 0 0 0 0.0673709 
0.466 0.0993493 0.288202 0.0183786 0.0137914 0.0112692 0 0 0 0 0 0 0 0 0.0671792 
0.465 0.0991713 0.287939 0.0183851 0.0138001 0.0109034 0 0 0 0 0 0 0 0 0.066986 
0.464 0.0989917 0.287676 0.0183917 0.0138088 0.0105407 0 0 0 0 0 0 0 0 0.0667912 
0.463 0.0988106 0.287413 0.0183982 0.0138175 0.0101811 0 0 0 0 0 0 0 0 0.0665949 
0.462 0.0986279 0.287151 0.0184048 0.0138263 0.00982467 0 0 0 0 0 0 0 0 0.0663969 
0.461 0.0984436 0.286888 0.0184114 0.013835 0.00947161 0 0 0 0 0 0 0 0 0.0661972 
0.46 0.0982576 0.286625 0.018418 0.0138438 0.00912201 0 0 0 0 0 0 0 0 0.0659958 
0.459 0.0980699 0.286361 0.0184246 0.0138526 0.00877599 0 0 0 0 0 0 0 0 0.0657927 
0.458 0.0978804 0.286098 0.0184312 0.0138614 0.00843372 0 0 0 0 0 0 0 0 0.0655878 
0.457 0.097689 0.285835 0.0184378 0.0138702 0.00809535 0 0 0 0 0 0 0 0 0.065381 
0.456 0.0974958 0.285571 0.0184444 0.013879 0.00776107 0 0 0 0 0 0 0 0 0.0651724 
0.455 0.0973007 0.285306 0.0184511 0.0138878 0.00743108 0 0 0 0 0 0 0 0 0.0649618 
0.454 0.0971035 0.285042 0.0184577 0.0138966 0.00710562 0 0 0 0 0 0 0 0 0.0647492 
0.453 0.0969043 0.284776 0.0184643 0.0139054 0.00678498 0 0 0 0 0 0 0 0 0.0645346 
0.452 0.0967029 0.28451 0.0184709 0.0139142 0.00646947 0 0 0 0 0 0 0 0 0.0643178 
0.451 0.0964991 0.284243 0.0184775 0.0139229 0.00615949 0 0 0 0 0 0 0 0 0.0640987 
0.45 0.096293 0.283974 0.0184841 0.0139316 0.00585553 0 0 0 0 0 0 0 0 0.0638773 
0.449 0.0960843 0.283704 0.0184906 0.0139403 0.00555822 0 0 0 0 0 0 0 0 0.0636534 
0.448 0.0958728 0.283432 0.0184971 0.0139489 0.00526843 0 0 0 0 0 0 0 0 0.0634268 
0.447 0.0956582 0.283157 0.0185036 0.0139575 0.00498744 0 0 0 0 0 0 0 0 0.0631972 
0.446 0.0954399 0.282878 0.0185099 0.0139659 0.00471751 0 0 0 0 0 0 0 0 0.0629642 
0.445 0.0952164 0.282591 0.018516 0.013974 0.00446614 0 0 0 0 0 0 0 0 0.0627264 
0.444 0.0949876 0.282296 0.018522 0.0139819 0.00423233 0 0 0 0 0 0 0 0 0.0624838 
0.443 0.0947568 0.282002 0.0185279 0.0139898 0.00400182 0 0 0 0 0 0 0 0 0.0622391 
0.442 0.0945239 0.281709 0.0185339 0.0139977 0.0037747 0 0 0 0 0 0 0 0 0.0619923 
0.441 0.0942888 0.281417 0.0185399 0.0140056 0.00355108 0 0 0 0 0 0 0 0 0.0617433 
0.44 0.0940515 0.281125 0.0185459 0.0140136 0.00333106 0 0 0 0 0 0 0 0 0.061492 
0.439 0.093812 0.280835 0.018552 0.0140216 0.00311476 0 0 0 0 0 0 0 0 0.0612384 
0.438 0.0935701 0.280545 0.018558 0.0140296 0.00290231 0 0 0 0 0 0 0 0 0.0609825 
0.437 0.0933259 0.280256 0.0185641 0.0140376 0.00269385 0 0 0 0 0 0 0 0 0.0607242 
0.436 0.0930792 0.279968 0.0185701 0.0140456 0.00248954 0 0 0 0 0 0 0 0 0.0604634 
0.435 0.09283 0.27968 0.0185762 0.0140536 0.00228953 0 0 0 0 0 0 0 0 0.0602001 
0.434 0.0925782 0.279394 0.0185823 0.0140617 0.00209401 0 0 0 0 0 0 0 0 0.0599342 
0.433 0.0923238 0.279107 0.0185884 0.0140697 0.0019032 0 0 0 0 0 0 0 0 0.0596657 
0.432 0.0920666 0.278822 0.0185945 0.0140778 0.00171731 0 0 0 0 0 0 0 0 0.0593944 
0.431 0.0918066 0.278537 0.0186005 0.0140858 0.00153662 0 0 0 0 0 0 0 0 0.0591202 
0.43 0.0915436 0.278252 0.0186066 0.0140938 0.00136141 0 0 0 0 0 0 0 0 0.0588432 
0.429 0.0912775 0.277967 0.0186127 0.0141018 0.00119204 0 0 0 0 0 0 0 0 0.0585631 
0.428 0.0910083 0.277683 0.0186187 0.0141098 0.00102889 0 0 0 0 0 0 0 0 0.0582798 
0.427 0.0907357 0.277399 0.0186247 0.0141177 0.00087244 0 0 0 0 0 0 0 0 0.0579932 
0.426 0.0904595 0.277114 0.0186307 0.0141256 0.000723265 0 0 0 0 0 0 0 0 0.0577031 
0.425 0.0901795 0.276829 0.0186367 0.0141335 0.000582071 0 0 0 0 0 0 0 0 0.0574094 
0.424 0.0898955 0.276543 0.0186426 0.0141412 0.000449756 0 0 0 0 0 0 0 0 0.0571117 
0.423 0.0896071 0.276256 0.0186484 0.0141489 0.000327517 0 0 0 0 0 0 0 0 0.0568098 
0.422 0.0893139 0.275966 0.0186541 0.0141565 0.00021703 0 0 0 0 0 0 0 0 0.0565033 
0.421 0.089015 0.275673 0.0186597 0.0141638 0.000120876 0 0 0 0 0 0 0 0 0.0561915 
0.42 0.0887093 0.275374 0.0186651 0.014171 4.3722e-05 0 0 0 0 0 0 0 0 0.0558732 
0.419 0.0883931 0.275061 0.0186701 0.0141775 0 0 0 0 0 0 0 0 0 0.0555454 
0.418 0.0880635 0.274731 0.0186746 0.0141834 0 0 0 0 0 0 0 0 0 0.0552055 
0.417 0.0877315 0.274405 0.0186791 0.0141894 0 0 0 0 0 0 0 0 0 0.054863 
0.416 0.087397 0.274085 0.0186837 0.0141955 0 0 0 0 0 0 0 0 0 0.0545178 
0.415 0.0870599 0.27377 0.0186884 0.0142016 0 0 0 0 0 0 0 0 0 0.0541698 
0.414 0.0867202 0.273461 0.0186932 0.0142079 0 0 0 0 0 0 0 0 0 0.0538191 
0.413 0.0863779 0.273157 0.0186981 0.0142143 0 0 0 0 0 0 0 0 0 0.0534655 
0.412 0.0860328 0.272858 0.018703 0.0142208 0 0 0 0 0 0 0 0 0 0.0531091 
0.411 0.0856851 0.272565 0.018708 0.0142274 0 0 0 0 0 0 0 0 0 0.0527497 
0.41 0.0853346 0.272278 0.0187131 0.0142341 0 0 0 0 0 0 0 0 0 0.0523874 
0.409 0.0849812 0.271997 0.0187183 0.0142409 0 0 0 0 0 0 0 0 0 0.052022 
0.408 0.0846249 0.271721 0.0187235 0.0142478 0 0 0 0 0 0 0 0 0 0.0516536 
0.407 0.0842657 0.271452 0.0187289 0.0142548 0 0 0 0 0 0 0 0 0 0.0512821 
0.406 0.0839035 0.271189 0.0187343 0.0142619 0 0 0 0 0 0 0 0 0 0.0509073 
0.405 0.0835383 0.270932 0.0187398 0.0142692 0 0 0 0 0 0 0 0 0 0.0505293 
0.404 0.0831699 0.270682 0.0187454 0.0142765 0 0 0 0 0 0 0 0 0 0.050148 
0.403 0.0827984 0.270438 0.0187511 0.0142839 0 0 0 0 0 0 0 0 0 0.0497634 
0.402 0.0824236 0.270201 0.0187568 0.0142915 0 0 0 0 0 0 0 0 0 0.0493752 
0.401 0.0820454 0.269971 0.0187627 0.0142992 0 0 0 0 0 0 0 0 0 0.0489836 
0.4 0.0816639 0.269748 0.0187686 0.014307 0 0 0 0 0 0 0 0 0 0.0485884 
0.399 0.081279 0.269532 0.0187746 0.0143149 0 0 0 0 0 0 0 0 0 0.0481895 
0.398 0.0808905 0.269323 0.0187807 0.0143229 0 0 0 0 0 0 0 0 0 0.0477869 
0.397 0.0804984 0.269121 0.0187869 0.014331 0 0 0 0 0 0 0 0 0 0.0473804 
0.396 0.0801025 0.268927 0.0187932 0.0143393 0 0 0 0 0 0 0 0 0 0.04697 
0.395 0.0797029 0.268741 0.0187996 0.0143476 0 0 0 0 0 0 0 0 0 0.0465557 
0.394 0.0792994 0.268563 0.0188061 0.0143561 0 0 0 0 0 0 0 0 0 0.0461372 
0.393 0.0788919 0.268394 0.0188127 0.0143647 0 0 0 0 0 0 0 0 0 0.0457145 
0.392 0.0784803 0.268232 0.0188193 0.0143735 0 0 0 0 0 0 0 0 0 0.0452875 
0.391 0.0780644 0.26808 0.0188261 0.0143823 0 0 0 0 0 0 0 0 0 0.044856 
0.39 0.0776443 0.267936 0.018833 0.0143913 0 0 0 0 0 0 0 0 0 0.04442 
0.389 0.0772197 0.267801 0.0188399 0.0144004 0 0 0 0 0 0 0 0 0 0.0439794 
0.388 0.0767905 0.267676 0.018847 0.0144096 0 0 0 0 0 0 0 0 0 0.0435339 
0.387 0.0763566 0.26756 0.0188541 0.014419 0 0 0 0 0 0 0 0 0 0.0430834 
0.386 0.0759178 0.267454 0.0188614 0.0144285 0 0 0 0 0 0 0 0 0 0.0426278 
0.385 0.0754739 0.267359 0.0188688 0.0144382 0 0 0 0 0 0 0 0 0 0.042167 
0.384 0.0750249 0.267274 0.0188763 0.0144479 0 0 0 0 0 0 0 0 0 0.0417007 
0.383 0.0745704 0.267201 0.0188839 0.0144579 0 0 0 0 0 0 0 0 0 0.0412287 
0.382 0.0741104 0.267139 0.0188916 0.0144679 0 0 0 0 0 0 0 0 0 0.0407509 
0.381 0.0736445 0.267089 0.0188994 0.0144781 0 0 0 0 0 0 0 0 0 0.040267 
0.38 0.0731726 0.267051 0.0189073 0.0144885 0 0 0 0 0 0 0 0 0 0.0397767 
0.379 0.0726944 0.267026 0.0189154 0.014499 0 0 0 0 0 0 0 0 0 0.0392799 
0.378 0.0722095 0.267014 0.0189236 0.0145097 0 0 0 0 0 0 0 0 0 0.0387762 
0.377 0.0717178 0.267017 0.0189319 0.0145206 0 0 0 0 0 0 0 0 0 0.0382653 
0.376 0.0712188 0.267034 0.0189404 0.0145316 0 0 0 0 0 0 0 0 0 0.0377469 
0.375 0.0707122 0.267067 0.018949 0.0145428 0 0 0 0 0 0 0 0 0 0.0372205 
0.374 0.0701976 0.267117 0.0189577 0.0145542 0 0 0 0 0 0 0 0 0 0.0366857 
0.373 0.0696744 0.267184 0.0189666 0.0145657 0 0 0 0 0 0 0 0 0 0.0361421 
0.372 0.0691421 0.267269 0.0189756 0.0145775 0 0 0 0 0 0 0 0 0 0.035589 
0.371 0.0686 0.267374 0.0189848 0.0145894 0 0 0 0 0 0 0 0 0 0.0350258 
0.37 0.0680474 0.267501 0.0189942 0.0146016 0 0 0 0 0 0 0 0 0 0.0344517 
0.369 0.0674835 0.267651 0.0190037 0.014614 0 0 0 0 0 0 0 0 0 0.0338658 
0.368 0.0669071 0.267826 0.0190134 0.0146267 0 0 0 0 0 0 0 0 0 0.033267 
0.367 0.0663169 0.268029 0.0190234 0.0146396 0 0 0 0 0 0 0 0 0 0.0326539 
0.366 0.0657112 0.268264 0.0190335 0.0146528 0 0 0 0 0 0 0 0 0 0.0320249 
0.365 0.0650878 0.268535 0.0190439 0.0146663 0 0 0 0 0 0 0 0 0 0.0313776 
0.364 0.0644437 0.268847 0.0190546 0.0146802 0 0 0 0 0 0 0 0 0 0.0307089 
0.363 0.0637745 0.269211 0.0190656 0.0146945 0 0 0 0 0 0 0 0 0 0.0300144 
0.362 0.0630736 0.269639 0.0190771 0.0147094 0 0 0 0 0 0 0 0 0 0.0292871 
0.361 0.0623291 0.270156 0.0190892 0.0147251 0 0 0 0 0 0 0 0 0 0.0285148 
0.36 0.0615172 0.27081 0.0191024 0.0147422 0 0 0 0 0 0 0 0 0 0.0276726 
0.359 0.0606766 0.271624 0.0191164 0.0147603 0 0 0 0 0 0 0 0 0 0.0268009 
0.358 0.0606701 0.271626 0.0191165 0.0147604 0 0 0 0 0 0 0 0 0 0.0267985 
0.357 0.0606639 0.271628 0.0191165 0.0147604 0 0 0 0 0 0 0 0 0 0.0267947 
0.356 0.0606604 0.271628 0.0191165 0.0147604 0 0 0 0 0 0 0 0 0 0.0267944 
0.355 0.0606596 0.271629 0.0191165 0.0147604 0 0 0 0 0 0 0 0 0 0.0267937 
0.354 0.0606437 0.271629 0.0191165 0.0147604 0 0 0 0 0 0 0 0 0 0.0267929 
0.353 0.0606437 0.271629 0.0191165 0.0147604 0 0 0 0 0 0 0 0 0 0.0267931 
0.352 0.0604475 0.271744 0.0191279 0.0147751 0 0 0 0 0 0 0 0 0 0.0265382 
0.351 0.0566687 0.271756 0.019211 0.0148826 0 0 0 0 0 0 0 0 0 0.0225752 
0.35 0.056075 0.271982 0.0192277 0.0149042 0 0 0 0 0 0 0 0 0 0.021943 
0.349 0.0554334 0.27231 0.0192475 0.0149297 0 0 0 0 0 0 0 0 0 0.0212558 
0.348 0.0551042 0.27192 0.0192261 0.0149021 0 0 0 0 0 0 0 0 0 0.020976 
0.347 0.0548144 0.271437 0.0191989 0.014867 0 0 0 0 0 0 0 0 0 0.0207485 
0.346 0.0545197 0.270963 0.0191714 0.0148314 0 0 0 0 0 0 0 0 0 0.020517 
0.345 0.0542199 0.270499 0.0191434 0.0147953 0 0 0 0 0 0 0 0 0 0.0202812 
0.344 0.0539146 0.270044 0.019115 0.0147585 0 0 0 0 0 0 0 0 0 0.020041 
0.343 0.0536032 0.269601 0.0190861 0.0147211 0 0 0 0 0 0 0 0 0 0.019796 
0.342 0.0532854 0.269169 0.0190567 0.0146829 0 0 0 0 0 0 0 0 0 0.0195458 
0.341 0.0529606 0.268749 0.0190267 0.0146439 0 0 0 0 0 0 0 0 0 0.01929 
0.34 0.0526279 0.268344 0.0189959 0.0146039 0 0 0 0 0 0 0 0 0 0.0190281 
0.339 0.0522867 0.267954 0.0189644 0.0145628 0 0 0 0 0 0 0 0 0 0.0187595 
0.338 0.0519358 0.267581 0.0189318 0.0145205 0 0 0 0 0 0 0 0 0 0.0184835 
0.337 0.051574 0.267227 0.0188982 0.0144766 0 0 0 0 0 0 0 0 0 0.0181991 
0.336 0.0511995 0.266895 0.0188633 0.014431 0 0 0 0 0 0 0 0 0 0.0179053 
0.335 0.0508103 0.266589 0.0188267 0.0143831 0 0 0 0 0 0 0 0 0 0.0176005 
0.334 0.0504738 0.2662 0.0187998 0.0143479 0 0 0 0 0 0 0 0 0 0.017326 
0.333 0.0502781 0.265585 0.0187969 0.0143441 0 0 0 0 0 0 0 0 0 0.0171371 
0.332 0.0500807 0.264973 0.0187941 0.0143404 0 0 0 0 0 0 0 0 0 0.0169462 
0.331 0.0498816 0.264365 0.0187913 0.0143368 0 0 0 0 0 0 0 0 0 0.0167535 
0.33 0.0496807 0.263761 0.0187887 0.0143333 0 0 0 0 0 0 0 0 0 0.0165587 
0.329 0.0494781 0.26316 0.0187861 0.0143299 0 0 0 0 0 0 0 0 0 0.016362 
0.328 0.0492736 0.262563 0.0187836 0.0143267 0 0 0 0 0 0 0 0 0 0.0161633 
0.327 0.0490672 0.26197 0.0187812 0.0143236 0 0 0 0 0 0 0 0 0 0.0159624 
0.326 0.048859 0.261382 0.018779 0.0143206 0 0 0 0 0 0 0 0 0 0.0157595 
0.325 0.0486488 0.260797 0.0187768 0.0143177 0 0 0 0 0 0 0 0 0 0.0155543 
0.324 0.0484366 0.260216 0.0187747 0.014315 0 0 0 0 0 0 0 0 0 0.0153469 
0.323 0.0482224 0.25964 0.0187727 0.0143124 0 0 0 0 0 0 0 0 0 0.0151373 
0.322 0.0480061 0.259069 0.0187709 0.01431 0 0 0 0 0 0 0 0 0 0.0149253 
0.321 0.0477877 0.258501 0.0187691 0.0143077 0 0 0 0 0 0 0 0 0 0.0147109 
0.32 0.0475671 0.257939 0.0187675 0.0143056 0 0 0 0 0 0 0 0 0 0.014494 
0.319 0.0473443 0.257381 0.018766 0.0143036 0 0 0 0 0 0 0 0 0 0.0142747 
0.318 0.0471192 0.256828 0.0187647 0.0143018 0 0 0 0 0 0 0 0 0 0.0140527 
0.317 0.0468918 0.25628 0.0187635 0.0143002 0 0 0 0 0 0 0 0 0 0.0138281 
0.316 0.046662 0.255737 0.0187624 0.0142988 0 0 0 0 0 0 0 0 0 0.0136008 
0.315 0.0464297 0.2552 0.0187614 0.0142976 0 0 0 0 0 0 0 0 0 0.0133707 
0.314 0.0461949 0.254667 0.0187606 0.0142965 0 0 0 0 0 0 0 0 0 0.0131377 
0.313 0.0459575 0.254141 0.01876 0.0142957 0 0 0 0 0 0 0 0 0 0.0129018 
0.312 0.0457174 0.25362 0.0187595 0.0142951 0 0 0 0 0 0 0 0 0 0.0126628 
0.311 0.0454746 0.253105 0.0187593 0.0142947 0 0 0 0 0 0 0 0 0 0.0124207 
0.31 0.045229 0.252596 0.0187591 0.0142946 0 0 0 0 0 0 0 0 0 0.0121753 
0.309 0.0449805 0.252093 0.0187592 0.0142946 0 0 0 0 0 0 0 0 0 0.0119266 
0.308 0.0447289 0.251597 0.0187595 0.014295 0 0 0 0 0 0 0 0 0 0.0116745 
0.307 0.0444743 0.251107 0.0187599 0.0142956 0 0 0 0 0 0 0 0 0 0.0114188 
0.306 0.0442165 0.250624 0.0187606 0.0142965 0 0 0 0 0 0 0 0 0 0.0111594 
0.305 0.0439554 0.250148 0.0187615 0.0142977 0 0 0 0 0 0 0 0 0 0.0108962 
0.304 0.0436908 0.24968 0.0187626 0.0142991 0 0 0 0 0 0 0 0 0 0.0106291 
0.303 0.0434228 0.249219 0.018764 0.0143009 0 0 0 0 0 0 0 0 0 0.0103579 
0.302 0.0431511 0.248767 0.0187656 0.0143031 0 0 0 0 0 0 0 0 0 0.0100824 
0.301 0.0428755 0.248322 0.0187675 0.0143056 0 0 0 0 0 0 0 0 0 0.00980246 
0.3 0.0425961 0.247886 0.0187697 0.0143084 0 0 0 0 0 0 0 0 0 0.00951795 
0.299 0.0423125 0.247459 0.0187722 0.0143117 0 0 0 0 0 0 0 0 0 0.00922864 
0.298 0.0420246 0.247041 0.018775 0.0143153 0 0 0 0 0 0 0 0 0 0.00893433 
0.297 0.0417323 0.246633 0.0187781 0.0143194 0 0 0 0 0 0 0 0 0 0.00863479 
0.296 0.0414353 0.246235 0.0187815 0.014324 0 0 0 0 0 0 0 0 0 0.00832977 
0.295 0.0411334 0.245848 0.0187854 0.014329 0 0 0 0 0 0 0 0 0 0.00801902 
0.294 0.0408264 0.245471 0.0187896 0.0143345 0 0 0 0 0 0 0 0 0 0.00770224 
0.293 0.040514 0.245107 0.0187943 0.0143406 0 0 0 0 0 0 0 0 0 0.00737912 
0.292 0.040196 0.244755 0.0187994 0.0143473 0 0 0 0 0 0 0 0 0 0.00704932 
0.291 0.0398721 0.244415 0.018805 0.0143546 0 0 0 0 0 0 0 0 0 0.00671246 
0.29 0.0395418 0.24409 0.018811 0.0143626 0 0 0 0 0 0 0 0 0 0.00636812 
0.289 0.0392048 0.243779 0.0188177 0.0143713 0 0 0 0 0 0 0 0 0 0.00601585 
0.288 0.0388608 0.243484 0.0188249 0.0143808 0 0 0 0 0 0 0 0 0 0.00565514 
0.287 0.0385092 0.243205 0.0188328 0.014391 0 0 0 0 0 0 0 0 0 0.0052854 
0.286 0.0381495 0.242944 0.0188413 0.0144022 0 0 0 0 0 0 0 0 0 0.00490601 
0.285 0.0377812 0.242703 0.0188506 0.0144143 0 0 0 0 0 0 0 0 0 0.00451623 
0.284 0.0374035 0.242481 0.0188607 0.0144275 0 0 0 0 0 0 0 0 0 0.00411525 
0.283 0.0370157 0.242282 0.0188717 0.0144419 0 0 0 0 0 0 0 0 0 0.00370214 
0.282 0.0366169 0.242107 0.0188836 0.0144575 0 0 0 0 0 0 0 0 0 0.00327577 
0.281 0.0362061 0.241959 0.0188966 0.0144745 0 0 0 0 0 0 0 0 0 0.0028349 
0.28 0.035782 0.24184 0.0189109 0.0144931 0 0 0 0 0 0 0 0 0 0.00237805 
0.279 0.0353433 0.241753 0.0189264 0.0145134 0 0 0 0 0 0 0 0 0 0.00190343 
0.278 0.0348881 0.241703 0.0189435 0.0145357 0 0 0 0 0 0 0 0 0 0.00140892 
0.277 0.0344144 0.241694 0.0189623 0.0145602 0 0 0 0 0 0 0 0 0 0.000891915 
0.276 0.0339196 0.241731 0.0189831 0.0145873 0 0 0 0 0 0 0 0 0 0.000349174 
0.275 0.0335615 0.241438 0.0189793 0.0145822 0 0 0 0 0 0 0 0 0 0 
0.274 0.0334544 0.240546 0.0189328 0.0145217 0 0 0 0 0 0 0 0 0 0 
0.273 0.033347 0.239653 0.0188861 0.0144608 0 0 0 0 0 0 0 0 0 0 
0.272 0.0332392 0.238761 0.0188394 0.0143997 0 0 0 0 0 0 0 0 0 0 
0.271 0.033131 0.237869 0.0187926 0.0143384 0 0 0 0 0 0 0 0 0 0 
0.27 0.0330225 0.236978 0.0187456 0.0142768 0 0 0 0 0 0 0 0 0 0 
0.269 0.0329136 0.236086 0.0186986 0.014215 0 0 0 0 0 0 0 0 0 0 
0.268 0.0328044 0.235196 0.0186514 0.0141529 0 0 0 0 0 0 0 0 0 0 
0.267 0.0326947 0.234305 0.0186042 0.0140906 0 0 0 0 0 0 0 0 0 0 
0.266 0.0325848 0.233415 0.0185568 0.014028 0 0 0 0 0 0 0 0 0 0 
0.265 0.0324744 0.232526 0.0185093 0.0139651 0 0 0 0 0 0 0 0 0 0 
0.264 0.0323637 0.231636 0.0184617 0.013902 0 0 0 0 0 0 0 0 0 0 
0.263 0.0322526 0.230747 0.018414 0.0138385 0 0 0 0 0 0 0 0 0 0 
0.262 0.0321411 0.229859 0.0183662 0.0137749 0 0 0 0 0 0 0 0 0 0 
0.261 0.0320292 0.228971 0.0183183 0.0137109 0 0 0 0 0 0 0 0 0 0 
0.26 0.0319169 0.228083 0.0182703 0.0136467 0 0 0 0 0 0 0 0 0 0 
0.259 0.0318043 0.227196 0.0182221 0.0135822 0 0 0 0 0 0 0 0 0 0 
0.258 0.0316912 0.226309 0.0181739 0.0135173 0 0 0 0 0 0 0 0 0 0 
0.257 0.0315778 0.225422 0.0181255 0.0134523 0 0 0 0 0 0 0 0 0 0 
0.256 0.0314639 0.224536 0.018077 0.0133869 0 0 0 0 0 0 0 0 0 0 
0.255 0.0313496 0.22365 0.0180284 0.0133212 0 0 0 0 0 0 0 0 0 0 
0.254 0.0312349 0.222765 0.0179797 0.0132552 0 0 0 0 0 0 0 0 0 0 
0.253 0.0311198 0.22188 0.0179309 0.0131889 0 0 0 0 0 0 0 0 0 0 
0.252 0.0310043 0.220996 0.017882 0.0131223 0 0 0 0 0 0 0 0 0 0 
0.251 0.0308883 0.220112 0.0178329 0.0130554 0 0 0 0 0 0 0 0 0 0 
0.25 0.0307719 0.219228 0.0177838 0.0129882 0 0 0 0 0 0 0 0 0 0 
0.249 0.0306551 0.218345 0.0177345 0.0129206 0 0 0 0 0 0 0 0 0 0 
0.248 0.0305379 0.217462 0.0176851 0.0128527 0 0 0 0 0 0 0 0 0 0 
0.247 0.0304202 0.21658 0.0176356 0.0127845 0 0 0 0 0 0 0 0 0 0 
0.246 0.030302 0.215698 0.017586 0.012716 0 0 0 0 0 0 0 0 0 0 
0.245 0.0301834 0.214817 0.0175363 0.0126471 0 0 0 0 0 0 0 0 0 0 
0.244 0.0300643 0.213936 0.0174864 0.0125779 0 0 0 0 0 0 0 0 0 0 
0.243 0.0299448 0.213055 0.0174364 0.0125083 0 0 0 0 0 0 0 0 0 0 
0.242 0.0298247 0.212175 0.0173863 0.0124384 0 0 0 0 0 0 0 0 0 0 
0.241 0.0297042 0.211296 0.0173361 0.0123681 0 0 0 0 0 0 0 0 0 0 
0.24 0.0295832 0.210417 0.0172858 0.0122975 0 0 0 0 0 0 0 0 0 0 
0.239 0.0294618 0.209538 0.0172353 0.0122264 0 0 0 0 0 0 0 0 0 0 
0.238 0.0293398 0.20866 0.0171848 0.012155 0 0 0 0 0 0 0 0 0 0 
0.237 0.0292173 0.207783 0.0171341 0.0120833 0 0 0 0 0 0 0 0 0 0 
0.236 0.0290943 0.206906 0.0170832 0.0120111 0 0 0 0 0 0 0 0 0 0 
0.235 0.0289708 0.206029 0.0170323 0.0119385 0 0 0 0 0 0 0 0 0 0 
0.234 0.0288468 0.205153 0.0169812 0.0118655 0 0 0 0 0 0 0 0 0 0 
0.233 0.0287222 0.204278 0.01693 0.0117922 0 0 0 0 0 0 0 0 0 0 
0.232 0.0285971 0.203403 0.0168787 0.0117184 0 0 0 0 0 0 0 0 0 0 
0.231 0.0284714 0.202529 0.0168273 0.0116442 0 0 0 0 0 0 0 0 0 0 
0.23 0.0283452 0.201655 0.0167757 0.0115695 0 0 0 0 0 0 0 0 0 0 
0.229 0.0282184 0.200782 0.016724 0.0114944 0 0 0 0 0 0 0 0 0 0 
0.228 0.028091 0.199909 0.0166722 0.0114189 0 0 0 0 0 0 0 0 0 0 
0.227 0.0279631 0.199037 0.0166202 0.0113429 0 0 0 0 0 0 0 0 0 0 
0.226 0.0278345 0.198165 0.0165681 0.0112664 0 0 0 0 0 0 0 0 0 0 
0.225 0.0277054 0.197295 0.0165159 0.0111895 0 0 0 0 0 0 0 0 0 0 
0.224 0.0275756 0.196424 0.0164636 0.0111121 0 0 0 0 0 0 0 0 0 0 
0.223 0.0274452 0.195555 0.0164111 0.0110342 0 0 0 0 0 0 0 0 0 0 
0.222 0.0273142 0.194686 0.0163585 0.0109557 0 0 0 0 0 0 0 0 0 0 
0.221 0.0271825 0.193817 0.0163057 0.0108768 0 0 0 0 0 0 0 0 0 0 
0.22 0.0270502 0.19295 0.0162528 0.0107974 0 0 0 0 0 0 0 0 0 0 
0.219 0.0269172 0.192083 0.0161998 0.0107174 0 0 0 0 0 0 0 0 0 0 
0.218 0.0267835 0.191217 0.0161466 0.0106368 0 0 0 0 0 0 0 0 0 0 
0.217 0.0266491 0.190351 0.0160933 0.0105558 0 0 0 0 0 0 0 0 0 0 
0.216 0.026514 0.189486 0.0160399 0.0104741 0 0 0 0 0 0 0 0 0 0 
0.215 0.0263781 0.188622 0.0159863 0.0103918 0 0 0 0 0 0 0 0 0 0 
0.214 0.0262415 0.187758 0.0159325 0.010309 0 0 0 0 0 0 0 0 0 0 
0.213 0.0261042 0.186896 0.0158787 0.0102255 0 0 0 0 0 0 0 0 0 0 
0.212 0.0259661 0.186034 0.0158246 0.0101414 0 0 0 0 0 0 0 0 0 0 
0.211 0.0258272 0.185173 0.0157705 0.0100567 0 0 0 0 0 0 0 0 0 0 
0.21 0.0256874 0.184313 0.0157161 0.00997128 0 0 0 0 0 0 0 0 0 0 
0.209 0.0255469 0.183453 0.0156617 0.0098852 0 0 0 0 0 0 0 0 0 0 
0.208 0.0254055 0.182595 0.015607 0.00979842 0 0 0 0 0 0 0 0 0 0 
0.207 0.0252632 0.181737 0.0155523 0.00971092 0 0 0 0 0 0 0 0 0 0 
0.206 0.02512 0.18088 0.0154973 0.00962269 0 0 0 0 0 0 0 0 0 0 
0.205 0.0249759 0.180024 0.0154422 0.0095337 0 0 0 0 0 0 0 0 0 0 
0.204 0.0248309 0.179169 0.015387 0.00944393 0 0 0 0 0 0 0 0 0 0 
0.203 0.0246849 0.178315 0.0153315 0.00935336 0 0 0 0 0 0 0 0 0 0 
0.202 0.0245379 0.177462 0.015276 0.00926196 0 0 0 0 0 0 0 0 0 0 
0.201 0.0243899 0.17661 0.0152202 0.00916971 0 0 0 0 0 0 0 0 0 0 
0.2 0.0242408 0.175759 0.0151643 0.00907658 0 0 0 0 0 0 0 0 0 0 
0.199 0.0240907 0.174909 0.0151082 0.00898254 0 0 0 0 0 0 0 0 0 0 
0.198 0.0239395 0.174061 0.0150519 0.00888756 0 0 0 0 0 0 0 0 0 0 
0.197 0.023787 0.173213 0.0149954 0.00879161 0 0 0 0 0 0 0 0 0 0 
0.196 0.0236334 0.172367 0.0149388 0.00869465 0 0 0 0 0 0 0 0 0 0 
0.195 0.0234786 0.171521 0.014882 0.00859666 0 0 0 0 0 0 0 0 0 0 
0.194 0.0233225 0.170677 0.014825 0.00849758 0 0 0 0 0 0 0 0 0 0 
0.193 0.0231651 0.169835 0.0147678 0.00839737 0 0 0 0 0 0 0 0 0 0 
0.192 0.0230063 0.168994 0.0147104 0.008296 0 0 0 0 0 0 0 0 0 0 
0.191 0.0228461 0.168154 0.0146527 0.00819342 0 0 0 0 0 0 0 0 0 0 
0.19 0.0226844 0.167315 0.0145949 0.00808957 0 0 0 0 0 0 0 0 0 0 
0.189 0.0225213 0.166479 0.0145369 0.00798441 0 0 0 0 0 0 0 0 0 0 
0.188 0.0223565 0.165643 0.0144787 0.00787786 0 0 0 0 0 0 0 0 0 0 
0.187 0.0221901 0.16481 0.0144202 0.00776988 0 0 0 0 0 0 0 0 0 0 
0.186 0.0220219 0.163978 0.0143615 0.00766039 0 0 0 0 0 0 0 0 0 0 
0.185 0.0218511 0.163148 0.0143025 0.00754931 0 0 0 0 0 0 0 0 0 0 
0.184 0.0218442 0.163142 0.0143021 0.00754843 0 0 0 0 0 0 0 0 0 0 
0.183 0.0216128 0.161387 0.0142204 0.00739241 0 0 0 0 0 0 0 0 0 0 
0.182 0.0215068 0.160493 0.0141842 0.00732258 0 0 0 0 0 0 0 0 0 0 
0.181 0.0214 0.1596 0.0141479 0.0072521 0 0 0 0 0 0 0 0 0 0 
0.18 0.0212925 0.158707 0.0141116 0.00718095 0 0 0 0 0 0 0 0 0 0 
0.179 0.0211843 0.157816 0.0140752 0.00710911 0 0 0 0 0 0 0 0 0 0 
0.178 0.0210752 0.156925 0.0140387 0.00703658 0 0 0 0 0 0 0 0 0 0 
0.177 0.0209654 0.156035 0.0140021 0.00696333 0 0 0 0 0 0 0 0 0 0 
0.176 0.0208548 0.155145 0.0139655 0.00688935 0 0 0 0 0 0 0 0 0 0 
0.175 0.0207434 0.154257 0.0139287 0.00681462 0 0 0 0 0 0 0 0 0 0 
0.174 0.0206311 0.153369 0.013892 0.00673912 0 0 0 0 0 0 0 0 0 0 
0.173 0.0205179 0.152482 0.0138551 0.00666283 0 0 0 0 0 0 0 0 0 0 
0.172 0.0204039 0.151596 0.0138182 0.00658573 0 0 0 0 0 0 0 0 0 0 
0.171 0.020289 0.150711 0.0137812 0.00650781 0 0 0 0 0 0 0 0 0 0 
0.17 0.0201732 0.149827 0.0137442 0.00642903 0 0 0 0 0 0 0 0 0 0 
0.169 0.0200565 0.148943 0.0137071 0.00634937 0 0 0 0 0 0 0 0 0 0 
0.168 0.0199388 0.148061 0.01367 0.00626882 0 0 0 0 0 0 0 0 0 0 
0.167 0.0198202 0.14718 0.0136328 0.00618734 0 0 0 0 0 0 0 0 0 0 
0.166 0.0197005 0.146299 0.0135956 0.0061049 0 0 0 0 0 0 0 0 0 0 
0.165 0.0195798 0.14542 0.0135584 0.00602149 0 0 0 0 0 0 0 0 0 0 
0.164 0.0194581 0.144542 0.0135211 0.00593706 0 0 0 0 0 0 0 0 0 0 
0.163 0.0193354 0.143665 0.0134838 0.00585159 0 0 0 0 0 0 0 0 0 0 
0.162 0.0192115 0.142789 0.0134464 0.00576504 0 0 0 0 0 0 0 0 0 0 
0.161 0.0190865 0.141914 0.0134091 0.00567738 0 0 0 0 0 0 0 0 0 0 
0.16 0.0189603 0.14104 0.0133717 0.00558857 0 0 0 0 0 0 0 0 0 0 
0.159 0.0188329 0.140167 0.0133344 0.00549858 0 0 0 0 0 0 0 0 0 0 
0.158 0.0187043 0.139296 0.013297 0.00540735 0 0 0 0 0 0 0 0 0 0 
0.157 0.0185745 0.138426 0.0132597 0.00531484 0 0 0 0 0 0 0 0 0 0 
0.156 0.0184433 0.137557 0.0132223 0.00522101 0 0 0 0 0 0 0 0 0 0 
0.155 0.0183108 0.136689 0.013185 0.00512581 0 0 0 0 0 0 0 0 0 0 
0.154 0.0181769 0.135823 0.0131478 0.00502918 0 0 0 0 0 0 0 0 0 0 
0.153 0.0180416 0.134958 0.0131105 0.00493107 0 0 0 0 0 0 0 0 0 0 
0.152 0.0179048 0.134095 0.0130734 0.00483141 0 0 0 0 0 0 0 0 0 0 
0.151 0.0177664 0.133234 0.0130363 0.00473013 0 0 0 0 0 0 0 0 0 0 
0.15 0.0176265 0.132374 0.0129993 0.00462717 0 0 0 0 0 0 0 0 0 0 
0.149 0.0174848 0.131515 0.0129624 0.00452244 0 0 0 0 0 0 0 0 0 0 
0.148 0.0173415 0.130659 0.0129256 0.00441587 0 0 0 0 0 0 0 0 0 0 
0.147 0.0171963 0.129804 0.0128889 0.00430737 0 0 0 0 0 0 0 0 0 0 
0.146 0.0170492 0.128951 0.0128524 0.00419683 0 0 0 0 0 0 0 0 0 0 
0.145 0.0169002 0.1281 0.012816 0.00408415 0 0 0 0 0 0 0 0 0 0 
0.144 0.0167491 0.127251 0.0127799 0.00396921 0 0 0 0 0 0 0 0 0 0 
0.143 0.0165958 0.126404 0.0127439 0.00385189 0 0 0 0 0 0 0 0 0 0 
0.142 0.0164403 0.12556 0.0127082 0.00373204 0 0 0 0 0 0 0 0 0 0 
0.141 0.0162823 0.124718 0.0126728 0.00360952 0 0 0 0 0 0 0 0 0 0 
0.14 0.0161218 0.123878 0.0126376 0.00348414 0 0 0 0 0 0 0 0 0 0 
0.139 0.0159586 0.123041 0.0126028 0.00335572 0 0 0 0 0 0 0 0 0 0 
0.138 0.0157925 0.122208 0.0125684 0.00322405 0 0 0 0 0 0 0 0 0 0 
0.137 0.0156233 0.121377 0.0125344 0.00308888 0 0 0 0 0 0 0 0 0 0 
0.136 0.0154509 0.120549 0.0125009 0.00294996 0 0 0 0 0 0 0 0 0 0 
0.135 0.0152749 0.119725 0.012468 0.00280696 0 0 0 0 0 0 0 0 0 0 
0.134 0.0150951 0.118905 0.0124356 0.00265954 0 0 0 0 0 0 0 0 0 0 
0.133 0.0149112 0.118089 0.0124039 0.00250729 0 0 0 0 0 0 0 0 0 0 
0.132 0.0147228 0.117277 0.012373 0.00234975 0 0 0 0 0 0 0 0 0 0 
0.131 0.0145294 0.116471 0.0123431 0.00218635 0 0 0 0 0 0 0 0 0 0 
0.13 0.0143305 0.115669 0.0123141 0.00201645 0 0 0 0 0 0 0 0 0 0 
0.129 0.0141256 0.114874 0.0122863 0.00183925 0 0 0 0 0 0 0 0 0 0 
0.128 0.0139137 0.114086 0.0122599 0.00165379 0 0 0 0 0 0 0 0 0 0 
0.127 0.0136941 0.113306 0.0122352 0.00145889 0 0 0 0 0 0 0 0 0 0 
0.126 0.0134654 0.112535 0.0122123 0.00125303 0 0 0 0 0 0 0 0 0 0 
0.125 0.0132261 0.111774 0.0121918 0.00103425 0 0 0 0 0 0 0 0 0 0 
0.124 0.0129741 0.111026 0.0121742 0.000799928 0 0 0 0 0 0 0 0 0 0 
0.123 0.0127066 0.110293 0.0121602 0.000546435 0 0 0 0 0 0 0 0 0 0 
0.122 0.0124193 0.109581 0.0121508 0.000268452 0 0 0 0 0 0 0 0 0 0 
0.121 0.0121384 0.108862 0.0121384 0 0 0 0 0 0 0 0 0 0 0 
0.12 0.0120647 0.107935 0.0120647 0 0 0 0 0 0 0 0 0 0 0 
0.119 0.0119908 0.107009 0.0119908 0 0 0 0 0 0 0 0 0 0 0 
0.118 0.0119166 0.106083 0.0119166 0 0 0 0 0 0 0 0 0 0 0 
0.117 0.0118423 0.105158 0.0118423 0 0 0 0 0 0 0 0 0 0 0 
0.116 0.0117676 0.104232 0.0117676 0 0 0 0 0 0 0 0 0 0 0 
0.115 0.0116928 0.103307 0.0116928 0 0 0 0 0 0 0 0 0 0 0 
0.114 0.0116176 0.102382 0.0116176 0 0 0 0 0 0 0 0 0 0 0 
0.113 0.0115423 0.101458 0.0115423 0 0 0 0 0 0 0 0 0 0 0 
0.112 0.0114667 0.100533 0.0114667 0 0 0 0 0 0 0 0 0 0 0 
0.111 0.0113908 0.0996092 0.0113908 0 0 0 0 0 0 0 0 0 0 0 
0.11 0.0113147 0.0986853 0.0113147 0 0 0 0 0 0 0 0 0 0 0 
0.109 0.0112384 0.0977616 0.0112384 0 0 0 0 0 0 0 0 0 0 0 
0.108 0.0111618 0.0968382 0.0111618 0 0 0 0 0 0 0 0 0 0 0 
0.107 0.0110849 0.0959151 0.0110849 0 0 0 0 0 0 0 0 0 0 0 
0.106 0.0110078 0.0949922 0.0110078 0 0 0 0 0 0 0 0 0 0 0 
0.105 0.0109304 0.0940696 0.0109304 0 0 0 0 0 0 0 0 0 0 0 
0.104 0.0108527 0.0931473 0.0108527 0 0 0 0 0 0 0 0 0 0 0 
0.103 0.0107748 0.0922252 0.0107748 0 0 0 0 0 0 0 0 0 0 0 
0.102 0.0106967 0.0913033 0.0106967 0 0 0 0 0 0 0 0 0 0 0 
0.101 0.0106182 0.0903818 0.0106182 0 0 0 0 0 0 0 0 0 0 0 
0.1 0.0105395 0.0894605 0.0105395 0 0 0 0 0 0 0 0 0 0 0 
0.099 0.0104606 0.0885394 0.0104606 0 0 0 0 0 0 0 0 0 0 0 
0.098 0.0103813 0.0876187 0.0103813 0 0 0 0 0 0 0 0 0 0 0 
0.097 0.0103018 0.0866982 0.0103018 0 0 0 0 0 0 0 0 0 0 0 
0.096 0.010222 0.085778 0.010222 0 0 0 0 0 0 0 0 0 0 0 
0.095 0.0101419 0.0848581 0.0101419 0 0 0 0 0 0 0 0 0 0 0 
0.094 0.0100615 0.0839385 0.0100615 0 0 0 0 0 0 0 0 0 0 0 
0.093 0.00998087 0.0830191 0.00998087 0 0 0 0 0 0 0 0 0 0 0 
0.092 0.00989992 0.0821001 0.00989992 0 0 0 0 0 0 0 0 0 0 0 
0.091 0.00981868 0.0811813 0.00981868 0 0 0 0 0 0 0 0 0 0 0 
0.09 0.00973715 0.0802629 0.00973715 0 0 0 0 0 0 0 0 0 0 0 
0.089 0.00965532 0.0793447 0.00965532 0 0 0 0 0 0 0 0 0 0 0 
0.088 0.00957318 0.0784268 0.00957318 0 0 0 0 0 0 0 0 0 0 0 
0.087 0.00949074 0.0775093 0.00949074 0 0 0 0 0 0 0 0 0 0 0 
0.086 0.00940798 0.076592 0.00940798 0 0 0 0 0 0 0 0 0 0 0 
0.085 0.00932491 0.0756751 0.00932491 0 0 0 0 0 0 0 0 0 0 0 
0.084 0.00924153 0.0747585 0.00924153 0 0 0 0 0 0 0 0 0 0 0 
0.083 0.00915782 0.0738422 0.00915782 0 0 0 0 0 0 0 0 0 0 0 
0.082 0.00907378 0.0729262 0.00907378 0 0 0 0 0 0 0 0 0 0 0 
0.081 0.00898942 0.0720106 0.00898942 0 0 0 0 0 0 0 0 0 0 0 
0.08 0.00890471 0.0710953 0.00890471 0 0 0 0 0 0 0 0 0 0 0 
0.079 0.00881967 0.0701803 0.00881966 0 0 0 0 0 0 0 0 0 0 0 
0.078 0.00873427 0.0692657 0.00873427 0 0 0 0 0 0 0 0 0 0 0 
0.077 0.00864852 0.0683515 0.00864852 0 0 0 0 0 0 0 0 0 0 0 
0.076 0.00856241 0.0674376 0.00856241 0 0 0 0 0 0 0 0 0 0 0 
0.075 0.00847594 0.0665241 0.00847594 0 0 0 0 0 0 0 0 0 0 0 
0.074 0.00838909 0.0656109 0.00838909 0 0 0 0 0 0 0 0 0 0 0 
0.073 0.00830185 0.0646981 0.00830185 0 0 0 0 0 0 0 0 0 0 0 
0.072 0.00821423 0.0637858 0.00821423 0 0 0 0 0 0 0 0 0 0 0 
0.071 0.00812622 0.0628738 0.00812622 0 0 0 0 0 0 0 0 0 0 0 
0.07 0.00803779 0.0619622 0.00803779 0 0 0 0 0 0 0 0 0 0 0 
0.069 0.00794895 0.061051 0.00794895 0 0 0 0 0 0 0 0 0 0 0 
0.068 0.00785969 0.0601403 0.00785969 0 0 0 0 0 0 0 0 0 0 0 
0.067 0.00776999 0.05923 0.00776999 0 0 0 0 0 0 0 0 0 0 0 
0.066 0.00767984 0.0583202 0.00767984 0 0 0 0 0 0 0 0 0 0 0 
0.065 0.00758923 0.0574108 0.00758923 0 0 0 0 0 0 0 0 0 0 0 
0.064 0.00749814 0.0565019 0.00749814 0 0 0 0 0 0 0 0 0 0 0 
0.063 0.00740657 0.0555934 0.00740657 0 0 0 0 0 0 0 0 0 0 0 
0.062 0.00731449 0.0546855 0.00731449 0 0 0 0 0 0 0 0 0 0 0 
0.061 0.0072219 0.0537781 0.0072219 0 0 0 0 0 0 0 0 0 0 0 
0.06 0.00712876 0.0528712 0.00712876 0 0 0 0 0 0 0 0 0 0 0 
0.059 0.00703506 0.0519649 0.00703506 0 0 0 0 0 0 0 0 0 0 0 
0.058 0.00694079 0.0510592 0.00694079 0 0 0 0 0 0 0 0 0 0 0 
0.057 0.00684591 0.0501541 0.00684591 0 0 0 0 0 0 0 0 0 0 0 
0.056 0.0067504 0.0492496 0.0067504 0 0 0 0 0 0 0 0 0 0 0 
0.055 0.00665423 0.0483458 0.00665423 0 0 0 0 0 0 0 0 0 0 0 
0.054 0.00655736 0.0474426 0.00655736 0 0 0 0 0 0 0 0 0 0 0 
0.053 0.00645977 0.0465402 0.00645977 0 0 0 0 0 0 0 0 0 0 0 
0.052 0.00636141 0.0456386 0.00636141 0 0 0 0 0 0 0 0 0 0 0 
0.051 0.00626224 0.0447378 0.00626224 0 0 0 0 0 0 0 0 0 0 0 
0.05 0.0061622 0.0438378 0.0061622 0 0 0 0 0 0 0 0 0 0 0 
0.049 0.00606123 0.0429388 0.00606123 0 0 0 0 0 0 0 0 0 0 0 
0.048 0.00595927 0.0420407 0.00595927 0 0 0 0 0 0 0 0 0 0 0 
0.047 0.00585623 0.0411438 0.00585623 0 0 0 0 0 0 0 0 0 0 0 
0.046 0.00575201 0.040248 0.00575201 0 0 0 0 0 0 0 0 0 0 0 
0.045 0.00564648 0.0393535 0.00564648 0 0 0 0 0 0 0 0 0 0 0 
0.044 0.0055395 0.0384605 0.0055395 0 0 0 0 0 0 0 0 0 0 0 
0.043 0.00543085 0.0375691 0.00543085 0 0 0 0 0 0 0 0 0 0 0 
0.042 0.00532025 0.0366798 0.00532025 0 0 0 0 0 0 0 0 0 0 0 
0.041 0.00520721 0.0357928 0.00520721 0 0 0 0 0 0 0 0 0 0 0 
0.04 0.00509084 0.0349092 0.00509084 0 0 0 0 0 0 0 0 0 0 0 
0.039 0.00496791 0.0340321 0.00496791 0 0 0 0 0 0 0 0 0 0 0 
0.038 0.00484182 0.0331582 0.00484182 0 0 0 0 0 0 0 0 0 0 0 
0.037 0.00471465 0.0322854 0.00471465 0 0 0 0 0 0 0 0 0 0 0 
0.036 0.00458632 0.0314137 0.00458632 0 0 0 0 0 0 0 0 0 0 0 
0.035 0.00445677 0.0305432 0.00445677 0 0 0 0 0 0 0 0 0 0 0 
0.034 0.00432591 0.0296741 0.00432591 0 0 0 0 0 0 0 0 0 0 0 
0.033 0.00419365 0.0288063 0.00419365 0 0 0 0 0 0 0 0 0 0 0 
0.032 0.0040599 0.0279401 0.0040599 0 0 0 0 0 0 0 0 0 0 0 
0.031 0.00392452 0.0270755 0.00392452 0 0 0 0 0 0 0 0 0 0 0 
0.03 0.00378739 0.0262126 0.00378739 0 0 0 0 0 0 0 0 0 0 0 
0.029 0.00364835 0.0253517 0.00364835 0 0 0 0 0 0 0 0 0 0 0 
0.028 0.00350722 0.0244928 0.00350722 0 0 0 0 0 0 0 0 0 0 0 
0.027 0.0033638 0.0236362 0.0033638 0 0 0 0 0 0 0 0 0 0 0 
0.026 0.00321783 0.0227822 0.00321783 0 0 0 0 0 0 0 0 0 0 0 
0.025 0.00306904 0.021931 0.00306904 0 0 0 0 0 0 0 0 0 0 0 
0.024 0.00291707 0.0210829 0.00291707 0 0 0 0 0 0 0 0 0 0 0 
0.023 0.00276149 0.0202385 0.00276149 0 0 0 0 0 0 0 0 0 0 0 
0.022 0.00260178 0.0193982 0.00260178 0 0 0 0 0 0 0 0 0 0 0 
0.021 0.00243728 0.0185627 0.00243729 0 0 0 0 0 0 0 0 0 0 0 
0.02 0.00226716 0.0177328 0.00226716 0 0 0 0 0 0 0 0 0 0 0 
0.019 0.00209031 0.0169097 0.00209031 0 0 0 0 0 0 0 0 0 0 0 
0.018 0.00190523 0.0160948 0.00190523 0 0 0 0 0 0 0 0 0 0 0 
0.017 0.00170983 0.0152902 0.00170983 0 0 0 0 0 0 0 0 0 0 0 
0.016 0.00150103 0.014499 0.00150104 0 0 0 0 0 0 0 0 0 0 0 
0.015 0.00127402 0.013726 0.00127402 0 0 0 0 0 0 0 0 0 0 0 
0.014 0.00102038 0.0129796 0.00102038 0 0 0 0 0 0 0 0 0 0 0 
0.013 0.000723229 0.0122768 0.00072323 0 0 0 0 0 0 0 0 0 0 0 
0.012 0.000336595 0.0116634 0.000336597 0 0 0 0 0 0 0 0 0 0 0 
0.011 0 0.011 0 0 0 0 0 0 0 0 0 0 0 0 
0.01 0 0.01 0 0 0 0 0 0 0 0 0 0 0 0 
0.009 0 0.009 0 0 0 0 0 0 0 0 0 0 0 0 
0.008 0 0.00800001 0 0 0 0 0 0 0 0 0 0 0 0 
0.007 0 0.007 0 0 0 0 0 0 0 0 0 0 0 0 
0.006 0 0.006 0 0 0 0 0 0 0 0 0 0 0 0 
0.005 0 0.005 0 0 0 0 0 0 0 0 0 0 0 0 
0.004 0 0.004 0 0 0 0 0 0 0 0 0 0 0 0 
0.003 0 0.003 0 0 0 0 0 0 0 0 0 0 0 0 
0.002 0 0.002 0 0 0 0 0 0 0 0 0 0 0 0 
0.001 0 0.001 0 0 0 0 0 0 0 0 0 0 0 0 
