1 0.157316 0.411547 0.0183831 0.013594 0.302486 0 0 0 0 0 0 0 0.00331265 0.125339 
0.999 0.157257 0.411271 0.0183769 0.0135856 0.301879 0 0 0 0 0 0 0 0.00329818 0.125295 
0.998 0.157198 0.410994 0.0183708 0.0135773 0.301273 0 0 0 0 0 0 0 0.00328361 0.12525 
0.997 0.15714 0.410718 0.0183646 0.013569 0.300667 0 0 0 0 0 0 0 0.00326895 0.125206 
0.996 0.157081 0.410443 0.0183585 0.0135607 0.300061 0 0 0 0 0 0 0 0.0032542 0.125162 
0.995 0.157022 0.410167 0.0183524 0.0135524 0.299455 0 0 0 0 0 0 0 0.00323936 0.125117 
0.994 0.156962 0.409892 0.0183462 0.0135441 0.298849 0 0 0 0 0 0 0 0.00322442 0.125072 
0.993 0.156903 0.409617 0.0183401 0.0135358 0.298243 0 0 0 0 0 0 0 0.00320939 0.125027 
0.992 0.156844 0.409343 0.018334 0.0135276 0.297637 0 0 0 0 0 0 0 0.00319426 0.124982 
0.991 0.156784 0.409069 0.0183279 0.0135193 0.297032 0 0 0 0 0 0 0 0.00317904 0.124937 
0.99 0.156724 0.408795 0.0183219 0.013511 0.296426 0 0 0 0 0 0 0 0.00316373 0.124891 
0.989 0.156664 0.408521 0.0183158 0.0135028 0.295821 0 0 0 0 0 0 0 0.00314832 0.124846 
0.988 0.156604 0.408248 0.0183097 0.0134946 0.295216 0 0 0 0 0 0 0 0.00313283 0.1248 
0.987 0.156544 0.407975 0.0183037 0.0134864 0.29461 0 0 0 0 0 0 0 0.00311724 0.124754 
0.986 0.156483 0.407702 0.0182976 0.0134782 0.294005 0 0 0 0 0 0 0 0.00310156 0.124708 
0.985 0.156423 0.407429 0.0182916 0.01347 0.2934 0 0 0 0 0 0 0 0.00308578 0.124661 
0.984 0.156362 0.407157 0.0182856 0.0134618 0.292796 0 0 0 0 0 0 0 0.00306992 0.124615 
0.983 0.156301 0.406885 0.0182795 0.0134536 0.292191 0 0 0 0 0 0 0 0.00305396 0.124568 
0.982 0.15624 0.406614 0.0182735 0.0134454 0.291586 0 0 0 0 0 0 0 0.00303791 0.124521 
0.981 0.156179 0.406343 0.0182675 0.0134373 0.290982 0 0 0 0 0 0 0 0.00302177 0.124474 
0.98 0.156118 0.406072 0.0182615 0.0134291 0.290378 0 0 0 0 0 0 0 0.00300554 0.124427 
0.979 0.156057 0.405801 0.0182555 0.013421 0.289773 0 0 0 0 0 0 0 0.00298922 0.12438 
0.978 0.155995 0.405531 0.0182496 0.0134129 0.289169 0 0 0 0 0 0 0 0.0029728 0.124333 
0.977 0.155933 0.40526 0.0182436 0.0134047 0.288565 0 0 0 0 0 0 0 0.0029563 0.124285 
0.976 0.155871 0.404991 0.0182376 0.0133966 0.287961 0 0 0 0 0 0 0 0.00293971 0.124237 
0.975 0.155809 0.404721 0.0182317 0.0133885 0.287358 0 0 0 0 0 0 0 0.00292302 0.124189 
0.974 0.155747 0.404452 0.0182258 0.0133804 0.286754 0 0 0 0 0 0 0 0.00290625 0.124141 
0.973 0.155685 0.404183 0.0182198 0.0133724 0.286151 0 0 0 0 0 0 0 0.00288939 0.124092 
0.972 0.155622 0.403915 0.0182139 0.0133643 0.285547 0 0 0 0 0 0 0 0.00287244 0.124044 
0.971 0.155559 0.403646 0.018208 0.0133562 0.284944 0 0 0 0 0 0 0 0.0028554 0.123995 
0.97 0.155496 0.403379 0.0182021 0.0133482 0.284341 0 0 0 0 0 0 0 0.00283827 0.123946 
0.969 0.155433 0.403111 0.0181962 0.0133401 0.283738 0 0 0 0 0 0 0 0.00282105 0.123897 
0.968 0.15537 0.402844 0.0181903 0.0133321 0.283135 0 0 0 0 0 0 0 0.00280375 0.123848 
0.967 0.155307 0.402577 0.0181844 0.0133241 0.282532 0 0 0 0 0 0 0 0.00278636 0.123798 
0.966 0.155243 0.40231 0.0181786 0.0133161 0.281929 0 0 0 0 0 0 0 0.00276888 0.123749 
0.965 0.155179 0.402044 0.0181727 0.0133081 0.281327 0 0 0 0 0 0 0 0.00275132 0.123699 
0.964 0.155116 0.401778 0.0181668 0.0133001 0.280725 0 0 0 0 0 0 0 0.00273367 0.123649 
0.963 0.155051 0.401512 0.018161 0.0132921 0.280122 0 0 0 0 0 0 0 0.00271593 0.123598 
0.962 0.154987 0.401246 0.0181552 0.0132841 0.27952 0 0 0 0 0 0 0 0.00269811 0.123548 
0.961 0.154923 0.400981 0.0181493 0.0132761 0.278918 0 0 0 0 0 0 0 0.0026802 0.123497 
0.96 0.154858 0.400717 0.0181435 0.0132682 0.278316 0 0 0 0 0 0 0 0.00266221 0.123447 
0.959 0.154794 0.400452 0.0181377 0.0132602 0.277715 0 0 0 0 0 0 0 0.00264414 0.123396 
0.958 0.154729 0.400188 0.0181319 0.0132523 0.277113 0 0 0 0 0 0 0 0.00262598 0.123344 
0.957 0.154663 0.399924 0.0181261 0.0132444 0.276512 0 0 0 0 0 0 0 0.00260774 0.123293 
0.956 0.154598 0.399661 0.0181203 0.0132365 0.27591 0 0 0 0 0 0 0 0.00258942 0.123241 
0.955 0.154533 0.399398 0.0181145 0.0132286 0.275309 0 0 0 0 0 0 0 0.00257101 0.12319 
0.954 0.154467 0.399135 0.0181088 0.0132207 0.274708 0 0 0 0 0 0 0 0.00255252 0.123138 
0.953 0.154401 0.398872 0.018103 0.0132128 0.274107 0 0 0 0 0 0 0 0.00253396 0.123085 
0.952 0.154335 0.39861 0.0180973 0.0132049 0.273506 0 0 0 0 0 0 0 0.00251531 0.123033 
0.951 0.154269 0.398348 0.0180915 0.013197 0.272906 0 0 0 0 0 0 0 0.00249658 0.122981 
0.95 0.154203 0.398087 0.0180858 0.0131891 0.272305 0 0 0 0 0 0 0 0.00247777 0.122928 
0.949 0.154136 0.397826 0.0180801 0.0131813 0.271705 0 0 0 0 0 0 0 0.00245889 0.122875 
0.948 0.154069 0.397565 0.0180743 0.0131734 0.271104 0 0 0 0 0 0 0 0.00243992 0.122822 
0.947 0.154002 0.397304 0.0180686 0.0131656 0.270504 0 0 0 0 0 0 0 0.00242088 0.122768 
0.946 0.153935 0.397044 0.0180629 0.0131578 0.269904 0 0 0 0 0 0 0 0.00240177 0.122715 
0.945 0.153868 0.396784 0.0180572 0.01315 0.269304 0 0 0 0 0 0 0 0.00238257 0.122661 
0.944 0.1538 0.396525 0.0180515 0.0131422 0.268705 0 0 0 0 0 0 0 0.00236331 0.122607 
0.943 0.153733 0.396266 0.0180459 0.0131344 0.268105 0 0 0 0 0 0 0 0.00234396 0.122552 
0.942 0.153665 0.396007 0.0180402 0.0131266 0.267506 0 0 0 0 0 0 0 0.00232455 0.122498 
0.941 0.153597 0.395748 0.0180345 0.0131188 0.266907 0 0 0 0 0 0 0 0.00230506 0.122443 
0.94 0.153528 0.39549 0.0180289 0.013111 0.266308 0 0 0 0 0 0 0 0.0022855 0.122388 
0.939 0.15346 0.395233 0.0180232 0.0131032 0.265709 0 0 0 0 0 0 0 0.00226586 0.122333 
0.938 0.153391 0.394975 0.0180176 0.0130955 0.26511 0 0 0 0 0 0 0 0.00224616 0.122278 
0.937 0.153322 0.394718 0.018012 0.0130877 0.264511 0 0 0 0 0 0 0 0.00222638 0.122222 
0.936 0.153253 0.394461 0.0180063 0.01308 0.263913 0 0 0 0 0 0 0 0.00220654 0.122167 
0.935 0.153184 0.394205 0.0180007 0.0130723 0.263314 0 0 0 0 0 0 0 0.00218663 0.122111 
0.934 0.153114 0.393949 0.0179951 0.0130645 0.262716 0 0 0 0 0 0 0 0.00216665 0.122054 
0.933 0.153044 0.393693 0.0179895 0.0130568 0.262118 0 0 0 0 0 0 0 0.00214661 0.121998 
0.932 0.152974 0.393438 0.0179839 0.0130491 0.26152 0 0 0 0 0 0 0 0.0021265 0.121941 
0.931 0.152904 0.393183 0.0179783 0.0130414 0.260922 0 0 0 0 0 0 0 0.00210633 0.121884 
0.93 0.152834 0.392928 0.0179727 0.0130337 0.260325 0 0 0 0 0 0 0 0.00208609 0.121827 
0.929 0.152763 0.392674 0.0179672 0.013026 0.259727 0 0 0 0 0 0 0 0.00206579 0.12177 
0.928 0.152692 0.39242 0.0179616 0.0130183 0.25913 0 0 0 0 0 0 0 0.00204543 0.121712 
0.927 0.152621 0.392167 0.017956 0.0130107 0.258533 0 0 0 0 0 0 0 0.00202501 0.121654 
0.926 0.15255 0.391913 0.0179505 0.013003 0.257936 0 0 0 0 0 0 0 0.00200453 0.121596 
0.925 0.152478 0.391661 0.0179449 0.0129953 0.257339 0 0 0 0 0 0 0 0.00198399 0.121538 
0.924 0.152407 0.391408 0.0179394 0.0129877 0.256742 0 0 0 0 0 0 0 0.0019634 0.121479 
0.923 0.152335 0.391156 0.0179339 0.01298 0.256146 0 0 0 0 0 0 0 0.00194275 0.121421 
0.922 0.152262 0.390904 0.0179283 0.0129724 0.25555 0 0 0 0 0 0 0 0.00192204 0.121362 
0.921 0.15219 0.390653 0.0179228 0.0129648 0.254953 0 0 0 0 0 0 0 0.00190128 0.121302 
0.92 0.152117 0.390402 0.0179173 0.0129572 0.254357 0 0 0 0 0 0 0 0.00188047 0.121243 
0.919 0.152044 0.390151 0.0179118 0.0129495 0.253762 0 0 0 0 0 0 0 0.00185961 0.121183 
0.918 0.151971 0.389901 0.0179063 0.0129419 0.253166 0 0 0 0 0 0 0 0.0018387 0.121123 
0.917 0.151898 0.389651 0.0179008 0.0129343 0.252571 0 0 0 0 0 0 0 0.00181774 0.121063 
0.916 0.151824 0.389402 0.0178953 0.0129267 0.251975 0 0 0 0 0 0 0 0.00179673 0.121002 
0.915 0.15175 0.389153 0.0178898 0.0129191 0.25138 0 0 0 0 0 0 0 0.00177568 0.120941 
0.914 0.151676 0.388904 0.0178843 0.0129115 0.250785 0 0 0 0 0 0 0 0.00175459 0.12088 
0.913 0.151602 0.388656 0.0178789 0.012904 0.25019 0 0 0 0 0 0 0 0.00173345 0.120819 
0.912 0.151527 0.388408 0.0178734 0.0128964 0.249596 0 0 0 0 0 0 0 0.00171227 0.120757 
0.911 0.151452 0.38816 0.0178679 0.0128888 0.249001 0 0 0 0 0 0 0 0.00169105 0.120696 
0.91 0.151377 0.387913 0.0178625 0.0128812 0.248407 0 0 0 0 0 0 0 0.0016698 0.120633 
0.909 0.151302 0.387666 0.017857 0.0128737 0.247813 0 0 0 0 0 0 0 0.00164851 0.120571 
0.908 0.151226 0.38742 0.0178516 0.0128661 0.247219 0 0 0 0 0 0 0 0.00162718 0.120508 
0.907 0.15115 0.387174 0.0178461 0.0128586 0.246625 0 0 0 0 0 0 0 0.00160582 0.120445 
0.906 0.151074 0.386928 0.0178407 0.012851 0.246032 0 0 0 0 0 0 0 0.00158443 0.120382 
0.905 0.150997 0.386683 0.0178353 0.0128435 0.245438 0 0 0 0 0 0 0 0.00156301 0.120319 
0.904 0.150921 0.386438 0.0178298 0.0128359 0.244845 0 0 0 0 0 0 0 0.00154157 0.120255 
0.903 0.150844 0.386193 0.0178244 0.0128284 0.244252 0 0 0 0 0 0 0 0.00152009 0.120191 
0.902 0.150766 0.385949 0.017819 0.0128209 0.243659 0 0 0 0 0 0 0 0.0014986 0.120127 
0.901 0.150689 0.385706 0.0178136 0.0128133 0.243066 0 0 0 0 0 0 0 0.00147708 0.120062 
0.9 0.150611 0.385462 0.0178082 0.0128058 0.242474 0 0 0 0 0 0 0 0.00145554 0.119997 
0.899 0.150533 0.38522 0.0178028 0.0127983 0.241882 0 0 0 0 0 0 0 0.00143398 0.119932 
0.898 0.150454 0.384977 0.0177973 0.0127908 0.24129 0 0 0 0 0 0 0 0.00141241 0.119866 
0.897 0.150376 0.384735 0.0177919 0.0127832 0.240698 0 0 0 0 0 0 0 0.00139083 0.119801 
0.896 0.150297 0.384494 0.0177865 0.0127757 0.240106 0 0 0 0 0 0 0 0.00136923 0.119734 
0.895 0.150217 0.384252 0.0177811 0.0127682 0.239515 0 0 0 0 0 0 0 0.00134762 0.119668 
0.894 0.150138 0.384012 0.0177757 0.0127607 0.238923 0 0 0 0 0 0 0 0.00132601 0.119601 
0.893 0.150058 0.383771 0.0177704 0.0127532 0.238332 0 0 0 0 0 0 0 0.00130439 0.119534 
0.892 0.149978 0.383531 0.017765 0.0127457 0.237741 0 0 0 0 0 0 0 0.00128277 0.119467 
0.891 0.149897 0.383292 0.0177596 0.0127381 0.237151 0 0 0 0 0 0 0 0.00126115 0.119399 
0.89 0.149816 0.383053 0.0177542 0.0127306 0.23656 0 0 0 0 0 0 0 0.00123954 0.119331 
0.889 0.149735 0.382814 0.0177488 0.0127231 0.23597 0 0 0 0 0 0 0 0.00121792 0.119263 
0.888 0.149654 0.382576 0.0177434 0.0127156 0.23538 0 0 0 0 0 0 0 0.00119632 0.119195 
0.887 0.149572 0.382338 0.017738 0.0127081 0.23479 0 0 0 0 0 0 0 0.00117473 0.119126 
0.886 0.14949 0.382101 0.0177326 0.0127006 0.2342 0 0 0 0 0 0 0 0.00115315 0.119056 
0.885 0.149407 0.381864 0.0177273 0.012693 0.233611 0 0 0 0 0 0 0 0.00113158 0.118987 
0.884 0.149324 0.381627 0.0177219 0.0126855 0.233022 0 0 0 0 0 0 0 0.00111004 0.118917 
0.883 0.149241 0.381391 0.0177165 0.012678 0.232433 0 0 0 0 0 0 0 0.00108852 0.118847 
0.882 0.149158 0.381156 0.0177111 0.0126705 0.231844 0 0 0 0 0 0 0 0.00106702 0.118776 
0.881 0.149074 0.38092 0.0177057 0.0126629 0.231255 0 0 0 0 0 0 0 0.00104555 0.118705 
0.88 0.14899 0.380686 0.0177003 0.0126554 0.230667 0 0 0 0 0 0 0 0.00102412 0.118634 
0.879 0.148905 0.380451 0.0176949 0.0126479 0.230079 0 0 0 0 0 0 0 0.00100271 0.118562 
0.878 0.14882 0.380218 0.0176895 0.0126403 0.229491 0 0 0 0 0 0 0 0.000981348 0.11849 
0.877 0.148735 0.379984 0.0176841 0.0126328 0.228903 0 0 0 0 0 0 0 0.000960025 0.118418 
0.876 0.148649 0.379751 0.0176788 0.0126252 0.228316 0 0 0 0 0 0 0 0.000938747 0.118345 
0.875 0.148563 0.379519 0.0176734 0.0126177 0.227728 0 0 0 0 0 0 0 0.000917518 0.118272 
0.874 0.148477 0.379287 0.0176679 0.0126101 0.227141 0 0 0 0 0 0 0 0.000896341 0.118199 
0.873 0.14839 0.379056 0.0176625 0.0126025 0.226555 0 0 0 0 0 0 0 0.00087522 0.118125 
0.872 0.148303 0.378825 0.0176571 0.0125949 0.225968 0 0 0 0 0 0 0 0.000854159 0.118051 
0.871 0.148215 0.378594 0.0176517 0.0125873 0.225382 0 0 0 0 0 0 0 0.000833163 0.117976 
0.87 0.148127 0.378364 0.0176463 0.0125797 0.224796 0 0 0 0 0 0 0 0.000812234 0.117901 
0.869 0.148039 0.378135 0.0176409 0.0125721 0.22421 0 0 0 0 0 0 0 0.000791379 0.117826 
0.868 0.14795 0.377905 0.0176354 0.0125645 0.223624 0 0 0 0 0 0 0 0.000770599 0.11775 
0.867 0.147861 0.377677 0.01763 0.0125569 0.223039 0 0 0 0 0 0 0 0.000749901 0.117674 
0.866 0.147771 0.377449 0.0176246 0.0125492 0.222454 0 0 0 0 0 0 0 0.00072929 0.117597 
0.865 0.147681 0.377221 0.0176191 0.0125416 0.221869 0 0 0 0 0 0 0 0.000708768 0.11752 
0.864 0.14759 0.376994 0.0176136 0.0125339 0.221285 0 0 0 0 0 0 0 0.000688342 0.117443 
0.863 0.147499 0.376768 0.0176082 0.0125262 0.2207 0 0 0 0 0 0 0 0.000668017 0.117365 
0.862 0.147408 0.376542 0.0176027 0.0125185 0.220116 0 0 0 0 0 0 0 0.000647797 0.117287 
0.861 0.147316 0.376316 0.0175972 0.0125108 0.219532 0 0 0 0 0 0 0 0.000627688 0.117208 
0.86 0.147223 0.376091 0.0175917 0.0125031 0.218949 0 0 0 0 0 0 0 0.000607696 0.117129 
0.859 0.147131 0.375867 0.0175862 0.0124953 0.218366 0 0 0 0 0 0 0 0.000587825 0.117049 
0.858 0.147037 0.375643 0.0175807 0.0124875 0.217783 0 0 0 0 0 0 0 0.000568083 0.116969 
0.857 0.146943 0.375419 0.0175752 0.0124797 0.2172 0 0 0 0 0 0 0 0.000548474 0.116889 
0.856 0.146849 0.375197 0.0175696 0.0124719 0.216618 0 0 0 0 0 0 0 0.000529006 0.116808 
0.855 0.146754 0.374974 0.017564 0.0124641 0.216035 0 0 0 0 0 0 0 0.000509684 0.116726 
0.854 0.146659 0.374753 0.0175585 0.0124562 0.215454 0 0 0 0 0 0 0 0.000490515 0.116644 
0.853 0.146563 0.374531 0.0175529 0.0124484 0.214872 0 0 0 0 0 0 0 0.000471506 0.116562 
0.852 0.146467 0.374311 0.0175473 0.0124404 0.214291 0 0 0 0 0 0 0 0.000452664 0.116479 
0.851 0.14637 0.374091 0.0175417 0.0124325 0.21371 0 0 0 0 0 0 0 0.000433996 0.116396 
0.85 0.146272 0.373871 0.017536 0.0124246 0.213129 0 0 0 0 0 0 0 0.000415511 0.116312 
0.849 0.146174 0.373652 0.0175303 0.0124166 0.212549 0 0 0 0 0 0 0 0.000397216 0.116227 
0.848 0.146076 0.373434 0.0175247 0.0124085 0.211969 0 0 0 0 0 0 0 0.000379118 0.116142 
0.847 0.145976 0.373216 0.017519 0.0124005 0.211389 0 0 0 0 0 0 0 0.000361228 0.116057 
0.846 0.145877 0.372999 0.0175132 0.0123924 0.210809 0 0 0 0 0 0 0 0.000343553 0.115971 
0.845 0.145776 0.372783 0.0175075 0.0123843 0.21023 0 0 0 0 0 0 0 0.000326103 0.115884 
0.844 0.145675 0.372567 0.0175017 0.0123761 0.209652 0 0 0 0 0 0 0 0.000308888 0.115797 
0.843 0.145573 0.372352 0.0174959 0.0123679 0.209073 0 0 0 0 0 0 0 0.000291918 0.11571 
0.842 0.145471 0.372137 0.0174901 0.0123597 0.208495 0 0 0 0 0 0 0 0.000275203 0.115621 
0.841 0.145368 0.371923 0.0174842 0.0123514 0.207917 0 0 0 0 0 0 0 0.000258755 0.115533 
0.84 0.145264 0.37171 0.0174784 0.0123431 0.20734 0 0 0 0 0 0 0 0.000242585 0.115443 
0.839 0.14516 0.371497 0.0174724 0.0123347 0.206763 0 0 0 0 0 0 0 0.000226706 0.115353 
0.838 0.145078 0.371292 0.0174661 0.0123257 0.206205 0 0 0 0 0 0 0 0.000210367 0.115258 
0.837 0.144943 0.371079 0.0174609 0.0123183 0.20562 0 0 0 0 0 0 0 0.000196612 0.115176 
0.836 0.1449 0.371061 0.0174609 0.0123184 0.205547 0 0 0 0 0 0 0 0.000196468 0.115177 
0.835 0.144775 0.370605 0.0174535 0.0123078 0.204442 0 0 0 0 0 0 0 0.000163855 0.115014 
0.834 0.144714 0.370338 0.0174533 0.0123075 0.203848 0 0 0 0 0 0 0 0.00014689 0.114953 
0.833 0.144652 0.370072 0.0174531 0.0123072 0.203254 0 0 0 0 0 0 0 0.000130478 0.114892 
0.832 0.14459 0.369805 0.0174529 0.012307 0.202661 0 0 0 0 0 0 0 0.000114654 0.11483 
0.831 0.144527 0.369538 0.0174527 0.0123067 0.202067 0 0 0 0 0 0 0 9.9458e-05 0.114768 
0.83 0.144465 0.36927 0.0174526 0.0123065 0.201474 0 0 0 0 0 0 0 8.49344e-05 0.114706 
0.829 0.144402 0.369003 0.0174525 0.0123064 0.200881 0 0 0 0 0 0 0 7.11351e-05 0.114643 
0.828 0.144339 0.368735 0.0174524 0.0123062 0.200288 0 0 0 0 0 0 0 5.81205e-05 0.11458 
0.827 0.144275 0.368467 0.0174523 0.0123061 0.199695 0 0 0 0 0 0 0 4.59625e-05 0.114517 
0.826 0.144211 0.368198 0.0174522 0.012306 0.199102 0 0 0 0 0 0 0 3.47497e-05 0.114453 
0.825 0.144147 0.367929 0.0174522 0.012306 0.19851 0 0 0 0 0 0 0 2.45954e-05 0.114389 
0.824 0.144083 0.36766 0.0174521 0.0123059 0.197917 0 0 0 0 0 0 0 1.56527e-05 0.114325 
0.823 0.144018 0.367389 0.0174521 0.0123059 0.197325 0 0 0 0 0 0 0 8.14868e-06 0.11426 
0.822 0.143953 0.367118 0.0174521 0.0123059 0.196733 0 0 0 0 0 0 0 2.48491e-06 0.114195 
0.821 0.143887 0.366844 0.0174521 0.0123058 0.196141 0 0 0 0 0 0 0 0 0.114129 
0.82 0.14382 0.366569 0.0174521 0.0123058 0.195548 0 0 0 0 0 0 0 0 0.114062 
0.819 0.143753 0.366295 0.0174521 0.0123058 0.194956 0 0 0 0 0 0 0 0 0.113995 
0.818 0.143687 0.36602 0.0174521 0.0123059 0.194365 0 0 0 0 0 0 0 0 0.113928 
0.817 0.14362 0.365746 0.0174522 0.012306 0.193773 0 0 0 0 0 0 0 0 0.113861 
0.816 0.143552 0.365472 0.0174523 0.0123061 0.193182 0 0 0 0 0 0 0 0 0.113794 
0.815 0.143485 0.365199 0.0174524 0.0123063 0.19259 0 0 0 0 0 0 0 0 0.113726 
0.814 0.143417 0.364925 0.0174526 0.0123065 0.191999 0 0 0 0 0 0 0 0 0.113658 
0.813 0.143349 0.364652 0.0174528 0.0123068 0.191408 0 0 0 0 0 0 0 0 0.11359 
0.812 0.143281 0.36438 0.017453 0.0123071 0.190818 0 0 0 0 0 0 0 0 0.113521 
0.811 0.143213 0.364107 0.0174532 0.0123074 0.190227 0 0 0 0 0 0 0 0 0.113453 
0.81 0.143145 0.363835 0.0174534 0.0123077 0.189637 0 0 0 0 0 0 0 0 0.113384 
0.809 0.143076 0.363563 0.0174537 0.0123081 0.189047 0 0 0 0 0 0 0 0 0.113314 
0.808 0.143007 0.363291 0.017454 0.0123086 0.188457 0 0 0 0 0 0 0 0 0.113245 
0.807 0.142939 0.363019 0.0174544 0.0123091 0.187867 0 0 0 0 0 0 0 0 0.113175 
0.806 0.142869 0.362748 0.0174547 0.0123096 0.187278 0 0 0 0 0 0 0 0 0.113105 
0.805 0.1428 0.362477 0.0174551 0.0123102 0.186688 0 0 0 0 0 0 0 0 0.113035 
0.804 0.14273 0.362206 0.0174556 0.0123107 0.186099 0 0 0 0 0 0 0 0 0.112964 
0.803 0.142661 0.361936 0.017456 0.0123114 0.18551 0 0 0 0 0 0 0 0 0.112893 
0.802 0.142591 0.361666 0.0174565 0.0123121 0.184921 0 0 0 0 0 0 0 0 0.112822 
0.801 0.142521 0.361396 0.017457 0.0123128 0.184333 0 0 0 0 0 0 0 0 0.112751 
0.8 0.14245 0.361126 0.0174575 0.0123135 0.183745 0 0 0 0 0 0 0 0 0.112679 
0.799 0.14238 0.360857 0.0174581 0.0123143 0.183157 0 0 0 0 0 0 0 0 0.112607 
0.798 0.142309 0.360588 0.0174587 0.0123152 0.182569 0 0 0 0 0 0 0 0 0.112535 
0.797 0.142238 0.360319 0.0174593 0.0123161 0.181981 0 0 0 0 0 0 0 0 0.112462 
0.796 0.142167 0.36005 0.01746 0.012317 0.181393 0 0 0 0 0 0 0 0 0.11239 
0.795 0.142095 0.359782 0.0174606 0.0123179 0.180806 0 0 0 0 0 0 0 0 0.112317 
0.794 0.142024 0.359514 0.0174613 0.0123189 0.180219 0 0 0 0 0 0 0 0 0.112243 
0.793 0.141952 0.359247 0.0174621 0.01232 0.179632 0 0 0 0 0 0 0 0 0.11217 
0.792 0.14188 0.358979 0.0174628 0.0123211 0.179045 0 0 0 0 0 0 0 0 0.112096 
0.791 0.141807 0.358712 0.0174636 0.0123222 0.178459 0 0 0 0 0 0 0 0 0.112022 
0.79 0.141735 0.358445 0.0174644 0.0123233 0.177873 0 0 0 0 0 0 0 0 0.111947 
0.789 0.141662 0.358179 0.0174653 0.0123246 0.177287 0 0 0 0 0 0 0 0 0.111872 
0.788 0.141589 0.357912 0.0174662 0.0123258 0.176701 0 0 0 0 0 0 0 0 0.111797 
0.787 0.141516 0.357646 0.0174671 0.0123271 0.176115 0 0 0 0 0 0 0 0 0.111722 
0.786 0.141443 0.357381 0.017468 0.0123284 0.17553 0 0 0 0 0 0 0 0 0.111646 
0.785 0.141369 0.357115 0.017469 0.0123298 0.174945 0 0 0 0 0 0 0 0 0.11157 
0.784 0.141296 0.35685 0.01747 0.0123312 0.17436 0 0 0 0 0 0 0 0 0.111494 
0.783 0.141221 0.356585 0.017471 0.0123327 0.173775 0 0 0 0 0 0 0 0 0.111418 
0.782 0.141147 0.356321 0.0174721 0.0123342 0.173191 0 0 0 0 0 0 0 0 0.111341 
0.781 0.141073 0.356057 0.0174732 0.0123357 0.172607 0 0 0 0 0 0 0 0 0.111264 
0.78 0.140998 0.355793 0.0174743 0.0123373 0.172023 0 0 0 0 0 0 0 0 0.111187 
0.779 0.140923 0.355529 0.0174754 0.0123389 0.171439 0 0 0 0 0 0 0 0 0.111109 
0.778 0.140848 0.355266 0.0174766 0.0123406 0.170855 0 0 0 0 0 0 0 0 0.111031 
0.777 0.140773 0.355003 0.0174778 0.0123423 0.170272 0 0 0 0 0 0 0 0 0.110953 
0.776 0.140697 0.35474 0.0174791 0.0123441 0.169689 0 0 0 0 0 0 0 0 0.110874 
0.775 0.140621 0.354478 0.0174803 0.0123459 0.169106 0 0 0 0 0 0 0 0 0.110795 
0.774 0.140545 0.354216 0.0174816 0.0123477 0.168523 0 0 0 0 0 0 0 0 0.110716 
0.773 0.140469 0.353954 0.017483 0.0123496 0.167941 0 0 0 0 0 0 0 0 0.110636 
0.772 0.140392 0.353692 0.0174843 0.0123515 0.167359 0 0 0 0 0 0 0 0 0.110557 
0.771 0.140316 0.353431 0.0174857 0.0123535 0.166777 0 0 0 0 0 0 0 0 0.110476 
0.77 0.140239 0.35317 0.0174872 0.0123555 0.166195 0 0 0 0 0 0 0 0 0.110396 
0.769 0.140161 0.35291 0.0174886 0.0123576 0.165614 0 0 0 0 0 0 0 0 0.110315 
0.768 0.140084 0.352649 0.0174901 0.0123597 0.165033 0 0 0 0 0 0 0 0 0.110234 
0.767 0.140006 0.352389 0.0174916 0.0123618 0.164452 0 0 0 0 0 0 0 0 0.110153 
0.766 0.139928 0.35213 0.0174932 0.012364 0.163871 0 0 0 0 0 0 0 0 0.110071 
0.765 0.13985 0.351871 0.0174948 0.0123663 0.163291 0 0 0 0 0 0 0 0 0.109989 
0.764 0.139772 0.351612 0.0174964 0.0123686 0.16271 0 0 0 0 0 0 0 0 0.109907 
0.763 0.139693 0.351353 0.017498 0.0123709 0.16213 0 0 0 0 0 0 0 0 0.109824 
0.762 0.139614 0.351095 0.0174997 0.0123733 0.161551 0 0 0 0 0 0 0 0 0.109741 
0.761 0.139535 0.350837 0.0175014 0.0123757 0.160971 0 0 0 0 0 0 0 0 0.109658 
0.76 0.139455 0.350579 0.0175032 0.0123781 0.160392 0 0 0 0 0 0 0 0 0.109574 
0.759 0.139375 0.350322 0.0175049 0.0123807 0.159813 0 0 0 0 0 0 0 0 0.10949 
0.758 0.139295 0.350065 0.0175067 0.0123832 0.159234 0 0 0 0 0 0 0 0 0.109406 
0.757 0.139215 0.349808 0.0175086 0.0123858 0.158656 0 0 0 0 0 0 0 0 0.109321 
0.756 0.139135 0.349551 0.0175105 0.0123885 0.158078 0 0 0 0 0 0 0 0 0.109236 
0.755 0.139054 0.349295 0.0175124 0.0123912 0.1575 0 0 0 0 0 0 0 0 0.109151 
0.754 0.138973 0.34904 0.0175143 0.0123939 0.156922 0 0 0 0 0 0 0 0 0.109065 
0.753 0.138892 0.348784 0.0175163 0.0123967 0.156345 0 0 0 0 0 0 0 0 0.108979 
0.752 0.13881 0.348529 0.0175183 0.0123995 0.155768 0 0 0 0 0 0 0 0 0.108892 
0.751 0.138728 0.348275 0.0175203 0.0124024 0.155191 0 0 0 0 0 0 0 0 0.108806 
0.75 0.138646 0.34802 0.0175224 0.0124053 0.154615 0 0 0 0 0 0 0 0 0.108719 
0.749 0.138564 0.347766 0.0175245 0.0124083 0.154038 0 0 0 0 0 0 0 0 0.108631 
0.748 0.138481 0.347513 0.0175266 0.0124113 0.153462 0 0 0 0 0 0 0 0 0.108543 
0.747 0.138399 0.347259 0.0175288 0.0124144 0.152887 0 0 0 0 0 0 0 0 0.108455 
0.746 0.138315 0.347007 0.017531 0.0124175 0.152311 0 0 0 0 0 0 0 0 0.108367 
0.745 0.138232 0.346754 0.0175333 0.0124207 0.151736 0 0 0 0 0 0 0 0 0.108278 
0.744 0.138148 0.346502 0.0175355 0.0124239 0.151161 0 0 0 0 0 0 0 0 0.108189 
0.743 0.138064 0.34625 0.0175379 0.0124272 0.150586 0 0 0 0 0 0 0 0 0.108099 
0.742 0.13798 0.345998 0.0175402 0.0124305 0.150012 0 0 0 0 0 0 0 0 0.108009 
0.741 0.137896 0.345747 0.0175426 0.0124338 0.149438 0 0 0 0 0 0 0 0 0.107919 
0.74 0.137811 0.345496 0.017545 0.0124372 0.148864 0 0 0 0 0 0 0 0 0.107829 
0.739 0.137726 0.345246 0.0175474 0.0124407 0.148291 0 0 0 0 0 0 0 0 0.107738 
0.738 0.13764 0.344996 0.0175499 0.0124442 0.147718 0 0 0 0 0 0 0 0 0.107646 
0.737 0.137555 0.344746 0.0175524 0.0124477 0.147145 0 0 0 0 0 0 0 0 0.107554 
0.736 0.137469 0.344497 0.017555 0.0124513 0.146572 0 0 0 0 0 0 0 0 0.107462 
0.735 0.137382 0.344248 0.0175576 0.012455 0.146 0 0 0 0 0 0 0 0 0.10737 
0.734 0.137296 0.343999 0.0175602 0.0124587 0.145428 0 0 0 0 0 0 0 0 0.107277 
0.733 0.137209 0.343751 0.0175629 0.0124624 0.144856 0 0 0 0 0 0 0 0 0.107184 
0.732 0.137122 0.343503 0.0175656 0.0124662 0.144285 0 0 0 0 0 0 0 0 0.10709 
0.731 0.137034 0.343256 0.0175683 0.0124701 0.143714 0 0 0 0 0 0 0 0 0.106996 
0.73 0.136947 0.343009 0.0175711 0.012474 0.143143 0 0 0 0 0 0 0 0 0.106902 
0.729 0.136859 0.342762 0.0175739 0.0124779 0.142573 0 0 0 0 0 0 0 0 0.106807 
0.728 0.13677 0.342515 0.0175767 0.0124819 0.142002 0 0 0 0 0 0 0 0 0.106712 
0.727 0.136682 0.34227 0.0175796 0.012486 0.141433 0 0 0 0 0 0 0 0 0.106616 
0.726 0.136593 0.342024 0.0175825 0.0124901 0.140863 0 0 0 0 0 0 0 0 0.10652 
0.725 0.136504 0.341779 0.0175854 0.0124942 0.140294 0 0 0 0 0 0 0 0 0.106424 
0.724 0.136414 0.341534 0.0175884 0.0124984 0.139725 0 0 0 0 0 0 0 0 0.106327 
0.723 0.136324 0.34129 0.0175914 0.0125027 0.139156 0 0 0 0 0 0 0 0 0.10623 
0.722 0.136234 0.341046 0.0175945 0.012507 0.138588 0 0 0 0 0 0 0 0 0.106132 
0.721 0.136143 0.340802 0.0175976 0.0125113 0.13802 0 0 0 0 0 0 0 0 0.106034 
0.72 0.136053 0.340559 0.0176007 0.0125157 0.137452 0 0 0 0 0 0 0 0 0.105936 
0.719 0.135961 0.340316 0.0176039 0.0125202 0.136885 0 0 0 0 0 0 0 0 0.105837 
0.718 0.13587 0.340074 0.0176071 0.0125247 0.136318 0 0 0 0 0 0 0 0 0.105738 
0.717 0.135778 0.339832 0.0176103 0.0125293 0.135752 0 0 0 0 0 0 0 0 0.105639 
0.716 0.135686 0.33959 0.0176136 0.0125339 0.135185 0 0 0 0 0 0 0 0 0.105539 
0.715 0.135594 0.339349 0.017617 0.0125385 0.134619 0 0 0 0 0 0 0 0 0.105438 
0.714 0.135501 0.339108 0.0176203 0.0125433 0.134054 0 0 0 0 0 0 0 0 0.105337 
0.713 0.135408 0.338868 0.0176237 0.012548 0.133488 0 0 0 0 0 0 0 0 0.105236 
0.712 0.135314 0.338628 0.0176271 0.0125528 0.132923 0 0 0 0 0 0 0 0 0.105134 
0.711 0.13522 0.338389 0.0176306 0.0125577 0.132359 0 0 0 0 0 0 0 0 0.105032 
0.71 0.135126 0.33815 0.0176341 0.0125626 0.131795 0 0 0 0 0 0 0 0 0.10493 
0.709 0.135032 0.337911 0.0176377 0.0125676 0.131231 0 0 0 0 0 0 0 0 0.104827 
0.708 0.134937 0.337673 0.0176413 0.0125727 0.130667 0 0 0 0 0 0 0 0 0.104723 
0.707 0.134842 0.337435 0.0176449 0.0125778 0.130104 0 0 0 0 0 0 0 0 0.104619 
0.706 0.134746 0.337198 0.0176486 0.0125829 0.129541 0 0 0 0 0 0 0 0 0.104515 
0.705 0.134651 0.336961 0.0176523 0.0125881 0.128979 0 0 0 0 0 0 0 0 0.10441 
0.704 0.134554 0.336724 0.017656 0.0125933 0.128417 0 0 0 0 0 0 0 0 0.104305 
0.703 0.134458 0.336488 0.0176598 0.0125986 0.127855 0 0 0 0 0 0 0 0 0.104199 
0.702 0.134361 0.336253 0.0176636 0.012604 0.127293 0 0 0 0 0 0 0 0 0.104093 
0.701 0.134264 0.336018 0.0176675 0.0126094 0.126732 0 0 0 0 0 0 0 0 0.103987 
0.7 0.134166 0.335783 0.0176714 0.0126149 0.126172 0 0 0 0 0 0 0 0 0.10388 
0.699 0.134068 0.335549 0.0176753 0.0126204 0.125611 0 0 0 0 0 0 0 0 0.103772 
0.698 0.133969 0.335315 0.0176793 0.012626 0.125051 0 0 0 0 0 0 0 0 0.103664 
0.697 0.133871 0.335082 0.0176833 0.0126316 0.124492 0 0 0 0 0 0 0 0 0.103556 
0.696 0.133772 0.334849 0.0176874 0.0126373 0.123933 0 0 0 0 0 0 0 0 0.103447 
0.695 0.133672 0.334616 0.0176915 0.012643 0.123374 0 0 0 0 0 0 0 0 0.103338 
0.694 0.133572 0.334384 0.0176956 0.0126488 0.122816 0 0 0 0 0 0 0 0 0.103228 
0.693 0.133472 0.334153 0.0176998 0.0126547 0.122258 0 0 0 0 0 0 0 0 0.103117 
0.692 0.133371 0.333922 0.017704 0.0126606 0.1217 0 0 0 0 0 0 0 0 0.103007 
0.691 0.13327 0.333691 0.0177083 0.0126666 0.121143 0 0 0 0 0 0 0 0 0.102895 
0.69 0.133169 0.333461 0.0177126 0.0126726 0.120586 0 0 0 0 0 0 0 0 0.102784 
0.689 0.133067 0.333232 0.017717 0.0126787 0.120029 0 0 0 0 0 0 0 0 0.102671 
0.688 0.132965 0.333003 0.0177214 0.0126848 0.119473 0 0 0 0 0 0 0 0 0.102559 
0.687 0.132862 0.332774 0.0177258 0.012691 0.118918 0 0 0 0 0 0 0 0 0.102446 
0.686 0.132759 0.332546 0.0177303 0.0126973 0.118363 0 0 0 0 0 0 0 0 0.102332 
0.685 0.132656 0.332319 0.0177348 0.0127036 0.117808 0 0 0 0 0 0 0 0 0.102218 
0.684 0.132552 0.332092 0.0177394 0.0127099 0.117253 0 0 0 0 0 0 0 0 0.102103 
0.683 0.132448 0.331865 0.017744 0.0127164 0.116699 0 0 0 0 0 0 0 0 0.101988 
0.682 0.132343 0.331639 0.0177486 0.0127228 0.116146 0 0 0 0 0 0 0 0 0.101872 
0.681 0.132238 0.331413 0.0177533 0.0127294 0.115593 0 0 0 0 0 0 0 0 0.101756 
0.68 0.132133 0.331188 0.017758 0.012736 0.11504 0 0 0 0 0 0 0 0 0.101639 
0.679 0.132027 0.330964 0.0177628 0.0127426 0.114488 0 0 0 0 0 0 0 0 0.101522 
0.678 0.131921 0.33074 0.0177676 0.0127493 0.113936 0 0 0 0 0 0 0 0 0.101404 
0.677 0.131814 0.330516 0.0177725 0.0127561 0.113384 0 0 0 0 0 0 0 0 0.101286 
0.676 0.131707 0.330293 0.0177774 0.0127629 0.112833 0 0 0 0 0 0 0 0 0.101167 
0.675 0.1316 0.330071 0.0177823 0.0127698 0.112283 0 0 0 0 0 0 0 0 0.101047 
0.674 0.131492 0.329849 0.0177873 0.0127768 0.111732 0 0 0 0 0 0 0 0 0.100927 
0.673 0.131383 0.329627 0.0177923 0.0127838 0.111183 0 0 0 0 0 0 0 0 0.100807 
0.672 0.131274 0.329406 0.0177974 0.0127908 0.110633 0 0 0 0 0 0 0 0 0.100686 
0.671 0.131165 0.329186 0.0178025 0.012798 0.110085 0 0 0 0 0 0 0 0 0.100564 
0.67 0.131055 0.328966 0.0178077 0.0128052 0.109536 0 0 0 0 0 0 0 0 0.100442 
0.669 0.130945 0.328747 0.0178129 0.0128124 0.108988 0 0 0 0 0 0 0 0 0.10032 
0.668 0.130834 0.328528 0.0178182 0.0128197 0.108441 0 0 0 0 0 0 0 0 0.100197 
0.667 0.130723 0.32831 0.0178235 0.0128271 0.107894 0 0 0 0 0 0 0 0 0.100073 
0.666 0.130612 0.328092 0.0178288 0.0128345 0.107347 0 0 0 0 0 0 0 0 0.0999484 
0.665 0.1305 0.327875 0.0178342 0.012842 0.106801 0 0 0 0 0 0 0 0 0.0998235 
0.664 0.130387 0.327659 0.0178396 0.0128495 0.106256 0 0 0 0 0 0 0 0 0.0996981 
0.663 0.130274 0.327443 0.0178451 0.0128571 0.105711 0 0 0 0 0 0 0 0 0.099572 
0.662 0.130161 0.327228 0.0178506 0.0128648 0.105166 0 0 0 0 0 0 0 0 0.0994454 
0.661 0.130047 0.327013 0.0178562 0.0128725 0.104622 0 0 0 0 0 0 0 0 0.0993182 
0.66 0.129933 0.326799 0.0178618 0.0128803 0.104078 0 0 0 0 0 0 0 0 0.0991904 
0.659 0.129818 0.326585 0.0178675 0.0128882 0.103535 0 0 0 0 0 0 0 0 0.099062 
0.658 0.129702 0.326372 0.0178732 0.0128961 0.102992 0 0 0 0 0 0 0 0 0.0989331 
0.657 0.129587 0.32616 0.017879 0.0129041 0.10245 0 0 0 0 0 0 0 0 0.0988035 
0.656 0.12947 0.325948 0.0178848 0.0129121 0.101908 0 0 0 0 0 0 0 0 0.0986733 
0.655 0.129353 0.325737 0.0178906 0.0129202 0.101367 0 0 0 0 0 0 0 0 0.0985425 
0.654 0.129236 0.325527 0.0178965 0.0129284 0.100826 0 0 0 0 0 0 0 0 0.0984111 
0.653 0.129118 0.325317 0.0179024 0.0129366 0.100286 0 0 0 0 0 0 0 0 0.0982791 
0.652 0.129 0.325107 0.0179084 0.0129449 0.0997464 0 0 0 0 0 0 0 0 0.0981465 
0.651 0.128881 0.324899 0.0179145 0.0129532 0.0992073 0 0 0 0 0 0 0 0 0.0980132 
0.65 0.128762 0.32469 0.0179206 0.0129617 0.0986686 0 0 0 0 0 0 0 0 0.0978794 
0.649 0.128642 0.324483 0.0179267 0.0129701 0.0981305 0 0 0 0 0 0 0 0 0.0977448 
0.648 0.128521 0.324276 0.0179329 0.0129787 0.0975929 0 0 0 0 0 0 0 0 0.0976097 
0.647 0.1284 0.32407 0.0179391 0.0129873 0.0970558 0 0 0 0 0 0 0 0 0.0974739 
0.646 0.128279 0.323864 0.0179454 0.0129959 0.0965192 0 0 0 0 0 0 0 0 0.0973375 
0.645 0.128157 0.32366 0.0179517 0.0130047 0.0959832 0 0 0 0 0 0 0 0 0.0972004 
0.644 0.128034 0.323455 0.0179581 0.0130135 0.0954478 0 0 0 0 0 0 0 0 0.0970626 
0.643 0.127911 0.323252 0.0179645 0.0130223 0.0949128 0 0 0 0 0 0 0 0 0.0969243 
0.642 0.127787 0.323049 0.017971 0.0130313 0.0943785 0 0 0 0 0 0 0 0 0.0967852 
0.641 0.127663 0.322847 0.0179775 0.0130403 0.0938447 0 0 0 0 0 0 0 0 0.0966455 
0.64 0.127538 0.322645 0.0179841 0.0130493 0.0933114 0 0 0 0 0 0 0 0 0.0965051 
0.639 0.127413 0.322444 0.0179907 0.0130584 0.0927787 0 0 0 0 0 0 0 0 0.096364 
0.638 0.127287 0.322244 0.0179974 0.0130676 0.0922466 0 0 0 0 0 0 0 0 0.0962222 
0.637 0.127161 0.322045 0.0180041 0.0130769 0.091715 0 0 0 0 0 0 0 0 0.0960798 
0.636 0.127034 0.321846 0.0180108 0.0130862 0.091184 0 0 0 0 0 0 0 0 0.0959366 
0.635 0.126906 0.321648 0.0180177 0.0130956 0.0906536 0 0 0 0 0 0 0 0 0.0957928 
0.634 0.126778 0.32145 0.0180245 0.013105 0.0901238 0 0 0 0 0 0 0 0 0.0956482 
0.633 0.126649 0.321254 0.0180315 0.0131145 0.0895945 0 0 0 0 0 0 0 0 0.095503 
0.632 0.12652 0.321058 0.0180384 0.0131241 0.0890659 0 0 0 0 0 0 0 0 0.095357 
0.631 0.12639 0.320862 0.0180454 0.0131338 0.0885378 0 0 0 0 0 0 0 0 0.0952103 
0.63 0.126259 0.320668 0.0180525 0.0131435 0.0880103 0 0 0 0 0 0 0 0 0.0950629 
0.629 0.126128 0.320474 0.0180596 0.0131533 0.0874835 0 0 0 0 0 0 0 0 0.0949148 
0.628 0.125996 0.320281 0.0180668 0.0131631 0.0869572 0 0 0 0 0 0 0 0 0.0947659 
0.627 0.125863 0.320089 0.018074 0.013173 0.0864316 0 0 0 0 0 0 0 0 0.0946163 
0.626 0.12573 0.319897 0.0180813 0.013183 0.0859066 0 0 0 0 0 0 0 0 0.0944659 
0.625 0.125597 0.319706 0.0180886 0.0131931 0.0853822 0 0 0 0 0 0 0 0 0.0943148 
0.624 0.125462 0.319516 0.018096 0.0132032 0.0848584 0 0 0 0 0 0 0 0 0.0941629 
0.623 0.125327 0.319327 0.0181035 0.0132134 0.0843353 0 0 0 0 0 0 0 0 0.0940103 
0.622 0.125192 0.319139 0.018111 0.0132236 0.0838128 0 0 0 0 0 0 0 0 0.0938569 
0.621 0.125055 0.318951 0.0181185 0.013234 0.0832909 0 0 0 0 0 0 0 0 0.0937027 
0.62 0.124918 0.318764 0.0181261 0.0132443 0.0827697 0 0 0 0 0 0 0 0 0.0935478 
0.619 0.124781 0.318578 0.0181337 0.0132548 0.0822492 0 0 0 0 0 0 0 0 0.0933921 
0.618 0.124642 0.318393 0.0181414 0.0132653 0.0817293 0 0 0 0 0 0 0 0 0.0932355 
0.617 0.124503 0.318208 0.0181492 0.0132759 0.08121 0 0 0 0 0 0 0 0 0.0930782 
0.616 0.124364 0.318025 0.018157 0.0132866 0.0806915 0 0 0 0 0 0 0 0 0.0929201 
0.615 0.124223 0.317842 0.0181648 0.0132973 0.0801736 0 0 0 0 0 0 0 0 0.0927611 
0.614 0.124082 0.31766 0.0181728 0.0133082 0.0796563 0 0 0 0 0 0 0 0 0.0926014 
0.613 0.123941 0.317479 0.0181807 0.013319 0.0791398 0 0 0 0 0 0 0 0 0.0924408 
0.612 0.123798 0.317299 0.0181887 0.01333 0.0786239 0 0 0 0 0 0 0 0 0.0922793 
0.611 0.123655 0.317119 0.0181968 0.013341 0.0781088 0 0 0 0 0 0 0 0 0.0921171 
0.61 0.123511 0.316941 0.0182049 0.0133521 0.0775943 0 0 0 0 0 0 0 0 0.091954 
0.609 0.123366 0.316763 0.0182131 0.0133632 0.0770805 0 0 0 0 0 0 0 0 0.09179 
0.608 0.123221 0.316586 0.0182214 0.0133745 0.0765675 0 0 0 0 0 0 0 0 0.0916252 
0.607 0.123075 0.31641 0.0182297 0.0133858 0.0760552 0 0 0 0 0 0 0 0 0.0914596 
0.606 0.122928 0.316235 0.018238 0.0133971 0.0755435 0 0 0 0 0 0 0 0 0.091293 
0.605 0.122781 0.316061 0.0182464 0.0134086 0.0750326 0 0 0 0 0 0 0 0 0.0911256 
0.604 0.122632 0.315888 0.0182549 0.0134201 0.0745225 0 0 0 0 0 0 0 0 0.0909573 
0.603 0.122483 0.315716 0.0182634 0.0134317 0.0740131 0 0 0 0 0 0 0 0 0.0907881 
0.602 0.122333 0.315544 0.018272 0.0134433 0.0735044 0 0 0 0 0 0 0 0 0.090618 
0.601 0.122183 0.315374 0.0182806 0.0134551 0.0729964 0 0 0 0 0 0 0 0 0.090447 
0.6 0.122031 0.315204 0.0182893 0.0134669 0.0724893 0 0 0 0 0 0 0 0 0.0902751 
0.599 0.121879 0.315036 0.018298 0.0134787 0.0719828 0 0 0 0 0 0 0 0 0.0901022 
0.598 0.121726 0.314868 0.0183068 0.0134907 0.0714772 0 0 0 0 0 0 0 0 0.0899284 
0.597 0.121572 0.314702 0.0183157 0.0135027 0.0709723 0 0 0 0 0 0 0 0 0.0897537 
0.596 0.121417 0.314536 0.0183246 0.0135148 0.0704682 0 0 0 0 0 0 0 0 0.0895781 
0.595 0.121262 0.314372 0.0183336 0.013527 0.0699649 0 0 0 0 0 0 0 0 0.0894014 
0.594 0.121106 0.314208 0.0183426 0.0135392 0.0694624 0 0 0 0 0 0 0 0 0.0892239 
0.593 0.120949 0.314046 0.0183517 0.0135515 0.0689607 0 0 0 0 0 0 0 0 0.0890453 
0.592 0.120791 0.313884 0.0183609 0.0135639 0.0684597 0 0 0 0 0 0 0 0 0.0888658 
0.591 0.120632 0.313723 0.0183701 0.0135763 0.0679596 0 0 0 0 0 0 0 0 0.0886853 
0.59 0.120472 0.313564 0.0183793 0.0135889 0.0674604 0 0 0 0 0 0 0 0 0.0885037 
0.589 0.120311 0.313406 0.0183886 0.0136015 0.0669619 0 0 0 0 0 0 0 0 0.0883212 
0.588 0.12015 0.313248 0.018398 0.0136142 0.0664643 0 0 0 0 0 0 0 0 0.0881377 
0.587 0.119988 0.313092 0.0184075 0.0136269 0.0659675 0 0 0 0 0 0 0 0 0.0879531 
0.586 0.119824 0.312937 0.018417 0.0136397 0.0654715 0 0 0 0 0 0 0 0 0.0877675 
0.585 0.11966 0.312783 0.0184265 0.0136527 0.0649764 0 0 0 0 0 0 0 0 0.0875809 
0.584 0.119495 0.31263 0.0184361 0.0136656 0.0644822 0 0 0 0 0 0 0 0 0.0873932 
0.583 0.119329 0.312478 0.0184458 0.0136787 0.0639888 0 0 0 0 0 0 0 0 0.0872044 
0.582 0.119162 0.312327 0.0184556 0.0136918 0.0634963 0 0 0 0 0 0 0 0 0.0870146 
0.581 0.118994 0.312177 0.0184654 0.013705 0.0630047 0 0 0 0 0 0 0 0 0.0868237 
0.58 0.118825 0.312029 0.0184752 0.0137183 0.062514 0 0 0 0 0 0 0 0 0.0866317 
0.579 0.118655 0.311882 0.0184851 0.0137317 0.0620242 0 0 0 0 0 0 0 0 0.0864387 
0.578 0.118485 0.311736 0.0184951 0.0137451 0.0615353 0 0 0 0 0 0 0 0 0.0862445 
0.577 0.118313 0.311591 0.0185052 0.0137586 0.0610472 0 0 0 0 0 0 0 0 0.0860491 
0.576 0.11814 0.311447 0.0185153 0.0137722 0.0605602 0 0 0 0 0 0 0 0 0.0858527 
0.575 0.117966 0.311305 0.0185254 0.0137859 0.060074 0 0 0 0 0 0 0 0 0.0856551 
0.574 0.117792 0.311163 0.0185357 0.0137996 0.0595888 0 0 0 0 0 0 0 0 0.0854563 
0.573 0.117616 0.311023 0.018546 0.0138134 0.0591045 0 0 0 0 0 0 0 0 0.0852564 
0.572 0.117439 0.310885 0.0185563 0.0138273 0.0586211 0 0 0 0 0 0 0 0 0.0850554 
0.571 0.117261 0.310747 0.0185667 0.0138413 0.0581388 0 0 0 0 0 0 0 0 0.0848531 
0.57 0.117082 0.310611 0.0185772 0.0138553 0.0576573 0 0 0 0 0 0 0 0 0.0846496 
0.569 0.116902 0.310476 0.0185877 0.0138695 0.0571769 0 0 0 0 0 0 0 0 0.0844449 
0.568 0.116721 0.310342 0.0185983 0.0138837 0.0566975 0 0 0 0 0 0 0 0 0.084239 
0.567 0.116539 0.31021 0.018609 0.013898 0.056219 0 0 0 0 0 0 0 0 0.0840319 
0.566 0.116356 0.310079 0.0186197 0.0139123 0.0557416 0 0 0 0 0 0 0 0 0.0838235 
0.565 0.116171 0.30995 0.0186305 0.0139268 0.0552651 0 0 0 0 0 0 0 0 0.0836139 
0.564 0.115986 0.309822 0.0186414 0.0139413 0.0547897 0 0 0 0 0 0 0 0 0.083403 
0.563 0.115799 0.309695 0.0186523 0.0139559 0.0543153 0 0 0 0 0 0 0 0 0.0831908 
0.562 0.115611 0.30957 0.0186633 0.0139706 0.0538419 0 0 0 0 0 0 0 0 0.0829773 
0.561 0.115422 0.309446 0.0186744 0.0139853 0.0533696 0 0 0 0 0 0 0 0 0.0827625 
0.56 0.115232 0.309323 0.0186855 0.0140002 0.0528984 0 0 0 0 0 0 0 0 0.0825464 
0.559 0.115041 0.309202 0.0186966 0.0140151 0.0524282 0 0 0 0 0 0 0 0 0.0823289 
0.558 0.114848 0.309083 0.0187079 0.0140301 0.0519591 0 0 0 0 0 0 0 0 0.0821101 
0.557 0.114654 0.308965 0.0187192 0.0140452 0.0514911 0 0 0 0 0 0 0 0 0.0818899 
0.556 0.114459 0.308848 0.0187306 0.0140603 0.0510241 0 0 0 0 0 0 0 0 0.0816684 
0.555 0.114263 0.308733 0.018742 0.0140756 0.0505583 0 0 0 0 0 0 0 0 0.0814454 
0.554 0.114065 0.30862 0.0187535 0.0140909 0.0500936 0 0 0 0 0 0 0 0 0.081221 
0.553 0.113867 0.308508 0.0187651 0.0141063 0.04963 0 0 0 0 0 0 0 0 0.0809953 
0.552 0.113667 0.308398 0.0187768 0.0141218 0.0491676 0 0 0 0 0 0 0 0 0.080768 
0.551 0.113465 0.308289 0.0187885 0.0141373 0.0487063 0 0 0 0 0 0 0 0 0.0805393 
0.55 0.113262 0.308182 0.0188002 0.014153 0.0482461 0 0 0 0 0 0 0 0 0.0803092 
0.549 0.113058 0.308077 0.0188121 0.0141687 0.0477872 0 0 0 0 0 0 0 0 0.0800775 
0.548 0.112853 0.307973 0.018824 0.0141845 0.0473294 0 0 0 0 0 0 0 0 0.0798444 
0.547 0.112646 0.307871 0.018836 0.0142004 0.0468728 0 0 0 0 0 0 0 0 0.0796097 
0.546 0.112438 0.307771 0.018848 0.0142164 0.0464173 0 0 0 0 0 0 0 0 0.0793735 
0.545 0.112228 0.307673 0.0188601 0.0142324 0.0459632 0 0 0 0 0 0 0 0 0.0791357 
0.544 0.112017 0.307576 0.0188723 0.0142486 0.0455102 0 0 0 0 0 0 0 0 0.0788964 
0.543 0.111805 0.307481 0.0188846 0.0142648 0.0450585 0 0 0 0 0 0 0 0 0.0786554 
0.542 0.111591 0.307388 0.0188969 0.0142811 0.044608 0 0 0 0 0 0 0 0 0.0784129 
0.541 0.111375 0.307297 0.0189093 0.0142975 0.0441588 0 0 0 0 0 0 0 0 0.0781687 
0.54 0.111159 0.307208 0.0189217 0.014314 0.0437108 0 0 0 0 0 0 0 0 0.0779229 
0.539 0.11094 0.30712 0.0189343 0.0143305 0.0432641 0 0 0 0 0 0 0 0 0.0776754 
0.538 0.11072 0.307035 0.0189469 0.0143472 0.0428188 0 0 0 0 0 0 0 0 0.0774262 
0.537 0.110499 0.306951 0.0189595 0.0143639 0.0423747 0 0 0 0 0 0 0 0 0.0771752 
0.536 0.110276 0.30687 0.0189723 0.0143807 0.041932 0 0 0 0 0 0 0 0 0.0769226 
0.535 0.110051 0.30679 0.0189851 0.0143976 0.0414906 0 0 0 0 0 0 0 0 0.0766682 
0.534 0.109825 0.306713 0.018998 0.0144146 0.0410505 0 0 0 0 0 0 0 0 0.076412 
0.533 0.109597 0.306638 0.0190109 0.0144317 0.0406118 0 0 0 0 0 0 0 0 0.076154 
0.532 0.109367 0.306564 0.0190239 0.0144488 0.0401745 0 0 0 0 0 0 0 0 0.0758942 
0.531 0.109136 0.306493 0.019037 0.0144661 0.0397386 0 0 0 0 0 0 0 0 0.0756326 
0.53 0.108903 0.306424 0.0190502 0.0144834 0.0393041 0 0 0 0 0 0 0 0 0.0753691 
0.529 0.108668 0.306357 0.0190635 0.0145008 0.038871 0 0 0 0 0 0 0 0 0.0751037 
0.528 0.108431 0.306293 0.0190768 0.0145183 0.0384393 0 0 0 0 0 0 0 0 0.0748363 
0.527 0.108193 0.306231 0.0190902 0.0145359 0.0380091 0 0 0 0 0 0 0 0 0.0745671 
0.526 0.107953 0.306171 0.0191036 0.0145536 0.0375804 0 0 0 0 0 0 0 0 0.0742958 
0.525 0.107711 0.306113 0.0191171 0.0145713 0.0371531 0 0 0 0 0 0 0 0 0.0740225 
0.524 0.107467 0.306058 0.0191308 0.0145892 0.0367274 0 0 0 0 0 0 0 0 0.0737473 
0.523 0.107221 0.306005 0.0191444 0.0146071 0.0363031 0 0 0 0 0 0 0 0 0.0734699 
0.522 0.106974 0.305955 0.0191582 0.0146251 0.0358804 0 0 0 0 0 0 0 0 0.0731905 
0.521 0.106724 0.305908 0.019172 0.0146432 0.0354592 0 0 0 0 0 0 0 0 0.072909 
0.52 0.106473 0.305862 0.0191859 0.0146614 0.0350396 0 0 0 0 0 0 0 0 0.0726253 
0.519 0.106219 0.30582 0.0191999 0.0146797 0.0346215 0 0 0 0 0 0 0 0 0.0723394 
0.518 0.105963 0.30578 0.019214 0.0146981 0.0342051 0 0 0 0 0 0 0 0 0.0720514 
0.517 0.105706 0.305743 0.0192281 0.0147166 0.0337902 0 0 0 0 0 0 0 0 0.071761 
0.516 0.105446 0.305709 0.0192423 0.0147352 0.033377 0 0 0 0 0 0 0 0 0.0714684 
0.515 0.105184 0.305677 0.0192566 0.0147538 0.0329655 0 0 0 0 0 0 0 0 0.0711735 
0.514 0.10492 0.305648 0.019271 0.0147726 0.0325556 0 0 0 0 0 0 0 0 0.0708763 
0.513 0.104653 0.305622 0.0192854 0.0147914 0.0321474 0 0 0 0 0 0 0 0 0.0705766 
0.512 0.104385 0.3056 0.0192999 0.0148103 0.0317409 0 0 0 0 0 0 0 0 0.0702746 
0.511 0.104114 0.30558 0.0193145 0.0148293 0.0313362 0 0 0 0 0 0 0 0 0.06997 
0.51 0.103841 0.305563 0.0193292 0.0148485 0.0309332 0 0 0 0 0 0 0 0 0.069663 
0.509 0.103565 0.30555 0.019344 0.0148677 0.0305319 0 0 0 0 0 0 0 0 0.0693534 
0.508 0.103287 0.305539 0.0193588 0.014887 0.0301325 0 0 0 0 0 0 0 0 0.0690413 
0.507 0.103007 0.305532 0.0193737 0.0149064 0.0297349 0 0 0 0 0 0 0 0 0.0687265 
0.506 0.102724 0.305528 0.0193887 0.0149259 0.0293391 0 0 0 0 0 0 0 0 0.068409 
0.505 0.102438 0.305528 0.0194038 0.0149454 0.0289451 0 0 0 0 0 0 0 0 0.0680888 
0.504 0.10215 0.305531 0.019419 0.0149651 0.0285531 0 0 0 0 0 0 0 0 0.0677658 
0.503 0.101859 0.305538 0.0194342 0.0149849 0.0281629 0 0 0 0 0 0 0 0 0.0674399 
0.502 0.101566 0.305548 0.0194496 0.0150048 0.0277747 0 0 0 0 0 0 0 0 0.0671112 
0.501 0.101269 0.305563 0.019465 0.0150247 0.0273885 0 0 0 0 0 0 0 0 0.0667796 
0.5 0.10097 0.305581 0.0194805 0.0150448 0.0270042 0 0 0 0 0 0 0 0 0.066445 
0.499 0.100668 0.305602 0.019496 0.015065 0.0266219 0 0 0 0 0 0 0 0 0.0661073 
0.498 0.100363 0.305628 0.0195117 0.0150852 0.0262417 0 0 0 0 0 0 0 0 0.0657665 
0.497 0.100056 0.305658 0.0195275 0.0151056 0.0258635 0 0 0 0 0 0 0 0 0.0654226 
0.496 0.0997447 0.305692 0.0195433 0.0151261 0.0254874 0 0 0 0 0 0 0 0 0.0650754 
0.495 0.0994307 0.305731 0.0195592 0.0151466 0.0251134 0 0 0 0 0 0 0 0 0.0647249 
0.494 0.0991135 0.305774 0.0195752 0.0151673 0.0247416 0 0 0 0 0 0 0 0 0.064371 
0.493 0.098793 0.305821 0.0195913 0.0151881 0.024372 0 0 0 0 0 0 0 0 0.0640136 
0.492 0.0984692 0.305873 0.0196075 0.015209 0.0240046 0 0 0 0 0 0 0 0 0.0636528 
0.491 0.098142 0.30593 0.0196238 0.0152299 0.0236394 0 0 0 0 0 0 0 0 0.0632883 
0.49 0.0978113 0.305992 0.0196402 0.015251 0.0232766 0 0 0 0 0 0 0 0 0.0629201 
0.489 0.097477 0.306059 0.0196566 0.0152722 0.022916 0 0 0 0 0 0 0 0 0.0625482 
0.488 0.097139 0.306131 0.0196732 0.0152935 0.0225578 0 0 0 0 0 0 0 0 0.0621723 
0.487 0.0967972 0.306208 0.0196898 0.0153149 0.022202 0 0 0 0 0 0 0 0 0.0617925 
0.486 0.0964516 0.306291 0.0197066 0.0153364 0.0218487 0 0 0 0 0 0 0 0 0.0614086 
0.485 0.096102 0.30638 0.0197234 0.0153581 0.0214978 0 0 0 0 0 0 0 0 0.0610206 
0.484 0.0957483 0.306474 0.0197403 0.0153798 0.0211494 0 0 0 0 0 0 0 0 0.0606282 
0.483 0.0953905 0.306574 0.0197573 0.0154016 0.0208036 0 0 0 0 0 0 0 0 0.0602315 
0.482 0.0950283 0.306681 0.0197745 0.0154236 0.0204604 0 0 0 0 0 0 0 0 0.0598302 
0.481 0.0946616 0.306794 0.0197917 0.0154457 0.0201199 0 0 0 0 0 0 0 0 0.0594242 
0.48 0.0942904 0.306914 0.019809 0.0154679 0.0197821 0 0 0 0 0 0 0 0 0.0590135 
0.479 0.0939144 0.307041 0.0198265 0.0154902 0.019447 0 0 0 0 0 0 0 0 0.0585977 
0.478 0.0935335 0.307175 0.019844 0.0155126 0.0191148 0 0 0 0 0 0 0 0 0.0581769 
0.477 0.0931477 0.307316 0.0198616 0.0155352 0.0187854 0 0 0 0 0 0 0 0 0.0577508 
0.476 0.0927565 0.307465 0.0198794 0.0155579 0.018459 0 0 0 0 0 0 0 0 0.0573193 
0.475 0.09236 0.307622 0.0198972 0.0155807 0.0181356 0 0 0 0 0 0 0 0 0.0568821 
0.474 0.0919579 0.307788 0.0199152 0.0156036 0.0178153 0 0 0 0 0 0 0 0 0.056439 
0.473 0.0915499 0.307962 0.0199333 0.0156267 0.0174982 0 0 0 0 0 0 0 0 0.05599 
0.472 0.0911359 0.308145 0.0199515 0.0156499 0.0171843 0 0 0 0 0 0 0 0 0.0555346 
0.471 0.0907157 0.308338 0.0199698 0.0156732 0.0168737 0 0 0 0 0 0 0 0 0.0550726 
0.47 0.0902888 0.308541 0.0199882 0.0156967 0.0165665 0 0 0 0 0 0 0 0 0.0546039 
0.469 0.0898552 0.308754 0.0200068 0.0157203 0.0162628 0 0 0 0 0 0 0 0 0.0541281 
0.468 0.0894143 0.308978 0.0200255 0.0157441 0.0159627 0 0 0 0 0 0 0 0 0.0536448 
0.467 0.088966 0.309214 0.0200443 0.015768 0.0156663 0 0 0 0 0 0 0 0 0.0531537 
0.466 0.0885098 0.309462 0.0200632 0.0157921 0.0153738 0 0 0 0 0 0 0 0 0.0526546 
0.465 0.0880454 0.309723 0.0200823 0.0158163 0.0150853 0 0 0 0 0 0 0 0 0.0521468 
0.464 0.0875722 0.309997 0.0201015 0.0158407 0.0148009 0 0 0 0 0 0 0 0 0.05163 
0.463 0.0870897 0.310286 0.0201208 0.0158652 0.0145208 0 0 0 0 0 0 0 0 0.0511037 
0.462 0.0865976 0.31059 0.0201403 0.0158899 0.0142451 0 0 0 0 0 0 0 0 0.0505673 
0.461 0.086095 0.310911 0.02016 0.0159148 0.0139741 0 0 0 0 0 0 0 0 0.0500202 
0.46 0.0855813 0.311249 0.0201797 0.0159399 0.013708 0 0 0 0 0 0 0 0 0.0494616 
0.459 0.0850557 0.311606 0.0201997 0.0159652 0.013447 0 0 0 0 0 0 0 0 0.0488908 
0.458 0.0845174 0.311984 0.0202198 0.0159906 0.0131914 0 0 0 0 0 0 0 0 0.0483069 
0.457 0.0839652 0.312384 0.0202401 0.0160163 0.0129416 0 0 0 0 0 0 0 0 0.0477088 
0.456 0.083398 0.312809 0.0202606 0.0160421 0.0126979 0 0 0 0 0 0 0 0 0.0470952 
0.455 0.0828144 0.31326 0.0202813 0.0160682 0.0124607 0 0 0 0 0 0 0 0 0.0464649 
0.454 0.0822128 0.313741 0.0203022 0.0160946 0.0122306 0 0 0 0 0 0 0 0 0.045816 
0.453 0.0815911 0.314254 0.0203232 0.0161211 0.0120082 0 0 0 0 0 0 0 0 0.0451467 
0.452 0.080961 0.314791 0.0203441 0.0161474 0.0117992 0 0 0 0 0 0 0 0 0.0444711 
0.451 0.0809576 0.314794 0.0203442 0.0161476 0.0117962 0 0 0 0 0 0 0 0 0.0444647 
0.45 0.0802449 0.314824 0.0203393 0.0161414 0.0111667 0 0 0 0 0 0 0 0 0.0437642 
0.449 0.0799736 0.314684 0.0203299 0.0161296 0.0108279 0 0 0 0 0 0 0 0 0.0435141 
0.448 0.0796988 0.314548 0.0203204 0.0161176 0.0104921 0 0 0 0 0 0 0 0 0.0432608 
0.447 0.0794204 0.314416 0.0203108 0.0161055 0.0101593 0 0 0 0 0 0 0 0 0.0430042 
0.446 0.0791383 0.314288 0.0203009 0.016093 0.0098297 0 0 0 0 0 0 0 0 0.0427443 
0.445 0.0788522 0.314164 0.0202909 0.0160804 0.00950327 0 0 0 0 0 0 0 0 0.0424809 
0.444 0.0785622 0.314044 0.0202807 0.0160675 0.00918009 0 0 0 0 0 0 0 0 0.0422139 
0.443 0.0782679 0.313929 0.0202703 0.0160544 0.00886026 0 0 0 0 0 0 0 0 0.0419433 
0.442 0.0779692 0.313818 0.0202597 0.0160409 0.00854385 0 0 0 0 0 0 0 0 0.0416687 
0.441 0.077666 0.313713 0.0202488 0.0160272 0.00823094 0 0 0 0 0 0 0 0 0.0413902 
0.44 0.0773581 0.313613 0.0202377 0.0160131 0.00792164 0 0 0 0 0 0 0 0 0.0411075 
0.439 0.0770454 0.313518 0.0202263 0.0159987 0.00761604 0 0 0 0 0 0 0 0 0.0408204 
0.438 0.0767274 0.31343 0.0202146 0.015984 0.00731423 0 0 0 0 0 0 0 0 0.0405288 
0.437 0.0764039 0.313347 0.0202026 0.0159688 0.00701633 0 0 0 0 0 0 0 0 0.0402325 
0.436 0.0760748 0.313272 0.0201903 0.0159533 0.00672246 0 0 0 0 0 0 0 0 0.0399312 
0.435 0.0757397 0.313203 0.0201777 0.0159372 0.00643273 0 0 0 0 0 0 0 0 0.0396247 
0.434 0.0755477 0.313166 0.0201695 0.0159269 0.00626672 0 0 0 0 0 0 0 0 0.0394424 
0.433 0.0752023 0.312873 0.0201713 0.0159291 0.00582297 0 0 0 0 0 0 0 0 0.0391019 
0.432 0.075017 0.312586 0.0201796 0.0159397 0.00549889 0 0 0 0 0 0 0 0 0.0388978 
0.431 0.0748299 0.3123 0.0201879 0.0159502 0.00517872 0 0 0 0 0 0 0 0 0.0386918 
0.43 0.0746409 0.312013 0.0201962 0.0159607 0.00486259 0 0 0 0 0 0 0 0 0.0384839 
0.429 0.0744499 0.311725 0.0202046 0.0159713 0.00455068 0 0 0 0 0 0 0 0 0.038274 
0.428 0.0742569 0.311438 0.020213 0.0159819 0.00424316 0 0 0 0 0 0 0 0 0.038062 
0.427 0.0740619 0.31115 0.0202213 0.0159925 0.00394022 0 0 0 0 0 0 0 0 0.037848 
0.426 0.0738647 0.310861 0.0202298 0.0160032 0.00364208 0 0 0 0 0 0 0 0 0.0376318 
0.425 0.0736653 0.310572 0.0202382 0.0160138 0.00334899 0 0 0 0 0 0 0 0 0.0374134 
0.424 0.0734637 0.310282 0.0202466 0.0160245 0.00306122 0 0 0 0 0 0 0 0 0.0371926 
0.423 0.0732597 0.309992 0.020255 0.0160351 0.00277907 0 0 0 0 0 0 0 0 0.0369695 
0.422 0.0730532 0.3097 0.0202635 0.0160458 0.00250291 0 0 0 0 0 0 0 0 0.036744 
0.421 0.0728442 0.309407 0.0202719 0.0160564 0.00223314 0 0 0 0 0 0 0 0 0.0365159 
0.42 0.0726325 0.309112 0.0202803 0.0160671 0.00197023 0 0 0 0 0 0 0 0 0.0362851 
0.419 0.072418 0.308816 0.0202888 0.0160777 0.00171475 0 0 0 0 0 0 0 0 0.0360515 
0.418 0.0722004 0.308517 0.0202972 0.0160883 0.00146739 0 0 0 0 0 0 0 0 0.035815 
0.417 0.0719797 0.308216 0.0203055 0.0160988 0.00122897 0 0 0 0 0 0 0 0 0.0355754 
0.416 0.0717555 0.307911 0.0203138 0.0161093 0.00100055 0 0 0 0 0 0 0 0 0.0353324 
0.415 0.0715276 0.307603 0.0203221 0.0161197 0.000783505 0 0 0 0 0 0 0 0 0.0350858 
0.414 0.0712955 0.30729 0.0203302 0.01613 0.000579695 0 0 0 0 0 0 0 0 0.0348353 
0.413 0.0710586 0.306969 0.0203383 0.0161401 0.000391812 0 0 0 0 0 0 0 0 0.0345802 
0.412 0.0708161 0.30664 0.0203462 0.01615 0.000224134 0 0 0 0 0 0 0 0 0.0343199 
0.411 0.0705662 0.306296 0.0203538 0.0161596 8.47277e-05 0 0 0 0 0 0 0 0 0.0340528 
0.41 0.0703037 0.305922 0.0203607 0.0161684 0 0 0 0 0 0 0 0 0 0.0337745 
0.409 0.0700222 0.305498 0.0203667 0.0161759 0 0 0 0 0 0 0 0 0 0.0334796 
0.408 0.0697385 0.305079 0.0203728 0.0161836 0 0 0 0 0 0 0 0 0 0.0331822 
0.407 0.0694525 0.304665 0.0203789 0.0161913 0 0 0 0 0 0 0 0 0 0.0328822 
0.406 0.0691641 0.304256 0.0203852 0.0161992 0 0 0 0 0 0 0 0 0 0.0325796 
0.405 0.0688733 0.303852 0.0203916 0.0162073 0 0 0 0 0 0 0 0 0 0.0322744 
0.404 0.06858 0.303454 0.0203982 0.0162155 0 0 0 0 0 0 0 0 0 0.0319664 
0.403 0.0682843 0.30306 0.0204048 0.0162238 0 0 0 0 0 0 0 0 0 0.0316557 
0.402 0.067986 0.302672 0.0204115 0.0162323 0 0 0 0 0 0 0 0 0 0.0313422 
0.401 0.0676852 0.302289 0.0204184 0.016241 0 0 0 0 0 0 0 0 0 0.0310258 
0.4 0.0673818 0.301912 0.0204254 0.0162497 0 0 0 0 0 0 0 0 0 0.0307066 
0.399 0.0670756 0.30154 0.0204325 0.0162587 0 0 0 0 0 0 0 0 0 0.0303845 
0.398 0.0667668 0.301174 0.0204397 0.0162678 0 0 0 0 0 0 0 0 0 0.0300593 
0.397 0.0664553 0.300814 0.0204471 0.016277 0 0 0 0 0 0 0 0 0 0.0297312 
0.396 0.0661409 0.300459 0.0204546 0.0162864 0 0 0 0 0 0 0 0 0 0.0293999 
0.395 0.0658236 0.300111 0.0204622 0.016296 0 0 0 0 0 0 0 0 0 0.0290655 
0.394 0.0655035 0.299769 0.0204699 0.0163057 0 0 0 0 0 0 0 0 0 0.0287279 
0.393 0.0651804 0.299433 0.0204778 0.0163156 0 0 0 0 0 0 0 0 0 0.028387 
0.392 0.0648542 0.299103 0.0204858 0.0163256 0 0 0 0 0 0 0 0 0 0.0280428 
0.391 0.064525 0.29878 0.0204939 0.0163358 0 0 0 0 0 0 0 0 0 0.0276952 
0.39 0.0641926 0.298463 0.0205022 0.0163462 0 0 0 0 0 0 0 0 0 0.0273442 
0.389 0.063857 0.298153 0.0205106 0.0163568 0 0 0 0 0 0 0 0 0 0.0269896 
0.388 0.0635182 0.29785 0.0205192 0.0163675 0 0 0 0 0 0 0 0 0 0.0266314 
0.387 0.063176 0.297554 0.0205279 0.0163785 0 0 0 0 0 0 0 0 0 0.0262696 
0.386 0.0628304 0.297266 0.0205368 0.0163896 0 0 0 0 0 0 0 0 0 0.025904 
0.385 0.0624813 0.296984 0.0205458 0.0164009 0 0 0 0 0 0 0 0 0 0.0255346 
0.384 0.0621286 0.29671 0.020555 0.0164124 0 0 0 0 0 0 0 0 0 0.0251613 
0.383 0.0617724 0.296444 0.0205643 0.016424 0 0 0 0 0 0 0 0 0 0.024784 
0.382 0.0614123 0.296185 0.0205738 0.0164359 0 0 0 0 0 0 0 0 0 0.0244026 
0.381 0.0610485 0.295934 0.0205835 0.016448 0 0 0 0 0 0 0 0 0 0.024017 
0.38 0.0606808 0.295692 0.0205933 0.0164603 0 0 0 0 0 0 0 0 0 0.0236272 
0.379 0.0603091 0.295458 0.0206033 0.0164728 0 0 0 0 0 0 0 0 0 0.023233 
0.378 0.0599333 0.295232 0.0206135 0.0164855 0 0 0 0 0 0 0 0 0 0.0228343 
0.377 0.0595533 0.295016 0.0206238 0.0164985 0 0 0 0 0 0 0 0 0 0.022431 
0.376 0.059169 0.294808 0.0206344 0.0165116 0 0 0 0 0 0 0 0 0 0.022023 
0.375 0.0587803 0.294609 0.0206451 0.016525 0 0 0 0 0 0 0 0 0 0.0216102 
0.374 0.0583871 0.29442 0.020656 0.0165387 0 0 0 0 0 0 0 0 0 0.0211924 
0.373 0.0579892 0.294241 0.0206671 0.0165526 0 0 0 0 0 0 0 0 0 0.0207696 
0.372 0.0575866 0.294072 0.0206784 0.0165667 0 0 0 0 0 0 0 0 0 0.0203415 
0.371 0.0571791 0.293913 0.02069 0.0165811 0 0 0 0 0 0 0 0 0 0.019908 
0.37 0.0567664 0.293765 0.0207017 0.0165958 0 0 0 0 0 0 0 0 0 0.019469 
0.369 0.0563486 0.293627 0.0207137 0.0166107 0 0 0 0 0 0 0 0 0 0.0190243 
0.368 0.0559255 0.293501 0.0207259 0.0166259 0 0 0 0 0 0 0 0 0 0.0185737 
0.367 0.0554968 0.293386 0.0207383 0.0166414 0 0 0 0 0 0 0 0 0 0.0181171 
0.366 0.0550624 0.293283 0.020751 0.0166572 0 0 0 0 0 0 0 0 0 0.0176542 
0.365 0.0546221 0.293193 0.0207639 0.0166733 0 0 0 0 0 0 0 0 0 0.0171849 
0.364 0.0541757 0.293115 0.0207771 0.0166897 0 0 0 0 0 0 0 0 0 0.0167089 
0.363 0.053723 0.293051 0.0207906 0.0167064 0 0 0 0 0 0 0 0 0 0.016226 
0.362 0.0532637 0.293 0.0208043 0.0167235 0 0 0 0 0 0 0 0 0 0.0157359 
0.361 0.0527977 0.292964 0.0208183 0.016741 0 0 0 0 0 0 0 0 0 0.0152385 
0.36 0.0523247 0.292942 0.0208326 0.0167588 0 0 0 0 0 0 0 0 0 0.0147333 
0.359 0.0518444 0.292935 0.0208472 0.0167769 0 0 0 0 0 0 0 0 0 0.0142202 
0.358 0.0513564 0.292945 0.0208622 0.0167955 0 0 0 0 0 0 0 0 0 0.0136987 
0.357 0.0508606 0.292971 0.0208775 0.0168145 0 0 0 0 0 0 0 0 0 0.0131686 
0.356 0.0503565 0.293014 0.0208931 0.0168339 0 0 0 0 0 0 0 0 0 0.0126294 
0.355 0.0498437 0.293075 0.0209091 0.0168538 0 0 0 0 0 0 0 0 0 0.0120808 
0.354 0.049322 0.293156 0.0209255 0.0168741 0 0 0 0 0 0 0 0 0 0.0115223 
0.353 0.0487907 0.293256 0.0209423 0.0168949 0 0 0 0 0 0 0 0 0 0.0109535 
0.352 0.0482496 0.293377 0.0209595 0.0169163 0 0 0 0 0 0 0 0 0 0.0103737 
0.351 0.0476979 0.29352 0.0209772 0.0169382 0 0 0 0 0 0 0 0 0 0.00978252 
0.35 0.0471353 0.293686 0.0209954 0.0169606 0 0 0 0 0 0 0 0 0 0.00917923 
0.349 0.0465609 0.293876 0.021014 0.0169837 0 0 0 0 0 0 0 0 0 0.00856318 
0.348 0.0459743 0.294092 0.0210332 0.0170074 0 0 0 0 0 0 0 0 0 0.00793361 
0.347 0.0453745 0.294336 0.0210529 0.0170318 0 0 0 0 0 0 0 0 0 0.00728965 
0.346 0.0447607 0.294609 0.0210733 0.017057 0 0 0 0 0 0 0 0 0 0.00663038 
0.345 0.044132 0.294913 0.0210943 0.0170829 0 0 0 0 0 0 0 0 0 0.00595479 
0.344 0.0434872 0.295251 0.0211159 0.0171097 0 0 0 0 0 0 0 0 0 0.0052616 
0.343 0.0428252 0.295625 0.0211384 0.0171373 0 0 0 0 0 0 0 0 0 0.0045495 
0.342 0.0421445 0.296039 0.0211616 0.017166 0 0 0 0 0 0 0 0 0 0.00381692 
0.341 0.0414435 0.296494 0.0211857 0.0171957 0 0 0 0 0 0 0 0 0 0.00306212 
0.34 0.0407204 0.296997 0.0212108 0.0172266 0 0 0 0 0 0 0 0 0 0.00228301 
0.339 0.0399728 0.29755 0.0212369 0.0172587 0 0 0 0 0 0 0 0 0 0.00147716 
0.338 0.0391982 0.29816 0.0212642 0.0172923 0 0 0 0 0 0 0 0 0 0.000641652 
0.337 0.0387714 0.298502 0.0212797 0.0173114 0 0 0 0 0 0 0 0 0 0.000189683 
0.336 0.0384667 0.297533 0.0212239 0.0172428 0 0 0 0 0 0 0 0 0 0 
0.335 0.0383575 0.296642 0.021175 0.0171825 0 0 0 0 0 0 0 0 0 0 
0.334 0.0382481 0.295752 0.021126 0.0171221 0 0 0 0 0 0 0 0 0 0 
0.333 0.0381385 0.294861 0.021077 0.0170615 0 0 0 0 0 0 0 0 0 0 
0.332 0.0380286 0.293971 0.0210278 0.0170008 0 0 0 0 0 0 0 0 0 0 
0.331 0.0379185 0.293081 0.0209786 0.0169399 0 0 0 0 0 0 0 0 0 0 
0.33 0.0378082 0.292192 0.0209293 0.0168788 0 0 0 0 0 0 0 0 0 0 
0.329 0.0376976 0.291302 0.02088 0.0168176 0 0 0 0 0 0 0 0 0 0 
0.328 0.0375868 0.290413 0.0208306 0.0167562 0 0 0 0 0 0 0 0 0 0 
0.327 0.0374757 0.289524 0.0207811 0.0166947 0 0 0 0 0 0 0 0 0 0 
0.326 0.0373644 0.288636 0.0207315 0.0166329 0 0 0 0 0 0 0 0 0 0 
0.325 0.0372529 0.287747 0.0206819 0.016571 0 0 0 0 0 0 0 0 0 0 
0.324 0.0371411 0.286859 0.0206322 0.0165089 0 0 0 0 0 0 0 0 0 0 
0.323 0.0370291 0.285971 0.0205824 0.0164467 0 0 0 0 0 0 0 0 0 0 
0.322 0.0369168 0.285083 0.0205325 0.0163842 0 0 0 0 0 0 0 0 0 0 
0.321 0.0368043 0.284196 0.0204826 0.0163216 0 0 0 0 0 0 0 0 0 0 
0.32 0.0366915 0.283309 0.0204326 0.0162589 0 0 0 0 0 0 0 0 0 0 
0.319 0.0365785 0.282422 0.0203826 0.0161959 0 0 0 0 0 0 0 0 0 0 
0.318 0.0364652 0.281535 0.0203324 0.0161328 0 0 0 0 0 0 0 0 0 0 
0.317 0.0363517 0.280648 0.0202822 0.0160694 0 0 0 0 0 0 0 0 0 0 
0.316 0.0362379 0.279762 0.020232 0.016006 0 0 0 0 0 0 0 0 0 0 
0.315 0.0361239 0.278876 0.0201816 0.0159423 0 0 0 0 0 0 0 0 0 0 
0.314 0.0360096 0.27799 0.0201312 0.0158784 0 0 0 0 0 0 0 0 0 0 
0.313 0.0358951 0.277105 0.0200807 0.0158144 0 0 0 0 0 0 0 0 0 0 
0.312 0.0357803 0.27622 0.0200302 0.0157501 0 0 0 0 0 0 0 0 0 0 
0.311 0.0356653 0.275335 0.0199796 0.0156857 0 0 0 0 0 0 0 0 0 0 
0.31 0.03555 0.27445 0.0199289 0.0156211 0 0 0 0 0 0 0 0 0 0 
0.309 0.0354344 0.273566 0.0198781 0.0155563 0 0 0 0 0 0 0 0 0 0 
0.308 0.0353186 0.272681 0.0198273 0.0154913 0 0 0 0 0 0 0 0 0 0 
0.307 0.0352025 0.271797 0.0197764 0.0154261 0 0 0 0 0 0 0 0 0 0 
0.306 0.0350862 0.270914 0.0197255 0.0153607 0 0 0 0 0 0 0 0 0 0 
0.305 0.0349695 0.27003 0.0196744 0.0152951 0 0 0 0 0 0 0 0 0 0 
0.304 0.0348527 0.269147 0.0196233 0.0152293 0 0 0 0 0 0 0 0 0 0 
0.303 0.0347355 0.268264 0.0195722 0.0151634 0 0 0 0 0 0 0 0 0 0 
0.302 0.0346181 0.267382 0.0195209 0.0150972 0 0 0 0 0 0 0 0 0 0 
0.301 0.0345004 0.2665 0.0194696 0.0150308 0 0 0 0 0 0 0 0 0 0 
0.3 0.0343825 0.265618 0.0194183 0.0149642 0 0 0 0 0 0 0 0 0 0 
0.299 0.0342642 0.264736 0.0193668 0.0148974 0 0 0 0 0 0 0 0 0 0 
0.298 0.0341457 0.263854 0.0193153 0.0148304 0 0 0 0 0 0 0 0 0 0 
0.297 0.0340269 0.262973 0.0192638 0.0147632 0 0 0 0 0 0 0 0 0 0 
0.296 0.0339079 0.262092 0.0192121 0.0146957 0 0 0 0 0 0 0 0 0 0 
0.295 0.0337885 0.261211 0.0191604 0.0146281 0 0 0 0 0 0 0 0 0 0 
0.294 0.0336689 0.260331 0.0191087 0.0145602 0 0 0 0 0 0 0 0 0 0 
0.293 0.033549 0.259451 0.0190569 0.0144921 0 0 0 0 0 0 0 0 0 0 
0.292 0.0334288 0.258571 0.019005 0.0144238 0 0 0 0 0 0 0 0 0 0 
0.291 0.0333083 0.257692 0.018953 0.0143553 0 0 0 0 0 0 0 0 0 0 
0.29 0.0331875 0.256812 0.018901 0.0142865 0 0 0 0 0 0 0 0 0 0 
0.289 0.0330664 0.255934 0.0188489 0.0142175 0 0 0 0 0 0 0 0 0 0 
0.288 0.032945 0.255055 0.0187967 0.0141483 0 0 0 0 0 0 0 0 0 0 
0.287 0.0328234 0.254177 0.0187445 0.0140789 0 0 0 0 0 0 0 0 0 0 
0.286 0.0327014 0.253299 0.0186922 0.0140092 0 0 0 0 0 0 0 0 0 0 
0.285 0.0325791 0.252421 0.0186399 0.0139393 0 0 0 0 0 0 0 0 0 0 
0.284 0.0324565 0.251543 0.0185875 0.0138691 0 0 0 0 0 0 0 0 0 0 
0.283 0.0323336 0.250666 0.018535 0.0137987 0 0 0 0 0 0 0 0 0 0 
0.282 0.0322104 0.24979 0.0184824 0.013728 0 0 0 0 0 0 0 0 0 0 
0.281 0.0320869 0.248913 0.0184298 0.0136571 0 0 0 0 0 0 0 0 0 0 
0.28 0.0319631 0.248037 0.0183772 0.0135859 0 0 0 0 0 0 0 0 0 0 
0.279 0.0318389 0.247161 0.0183244 0.0135145 0 0 0 0 0 0 0 0 0 0 
0.278 0.0317145 0.246286 0.0182716 0.0134428 0 0 0 0 0 0 0 0 0 0 
0.277 0.0315897 0.24541 0.0182188 0.0133709 0 0 0 0 0 0 0 0 0 0 
0.276 0.0314645 0.244535 0.0181658 0.0132987 0 0 0 0 0 0 0 0 0 0 
0.275 0.0313391 0.243661 0.0181128 0.0132262 0 0 0 0 0 0 0 0 0 0 
0.274 0.0312133 0.242787 0.0180598 0.0131535 0 0 0 0 0 0 0 0 0 0 
0.273 0.0310872 0.241913 0.0180067 0.0130805 0 0 0 0 0 0 0 0 0 0 
0.272 0.0309607 0.241039 0.0179535 0.0130072 0 0 0 0 0 0 0 0 0 0 
0.271 0.0308339 0.240166 0.0179003 0.0129336 0 0 0 0 0 0 0 0 0 0 
0.27 0.0307067 0.239293 0.017847 0.0128597 0 0 0 0 0 0 0 0 0 0 
0.269 0.0305792 0.238421 0.0177936 0.0127856 0 0 0 0 0 0 0 0 0 0 
0.268 0.0304513 0.237549 0.0177402 0.0127111 0 0 0 0 0 0 0 0 0 0 
0.267 0.030323 0.236677 0.0176867 0.0126363 0 0 0 0 0 0 0 0 0 0 
0.266 0.0301944 0.235806 0.0176331 0.0125613 0 0 0 0 0 0 0 0 0 0 
0.265 0.0300655 0.234935 0.0175795 0.0124859 0 0 0 0 0 0 0 0 0 0 
0.264 0.0299361 0.234064 0.0175259 0.0124102 0 0 0 0 0 0 0 0 0 0 
0.263 0.0298064 0.233194 0.0174721 0.0123342 0 0 0 0 0 0 0 0 0 0 
0.262 0.0296763 0.232324 0.0174183 0.0122579 0 0 0 0 0 0 0 0 0 0 
0.261 0.0295458 0.231454 0.0173645 0.0121813 0 0 0 0 0 0 0 0 0 0 
0.26 0.0294149 0.230585 0.0173106 0.0121043 0 0 0 0 0 0 0 0 0 0 
0.259 0.0292836 0.229716 0.0172566 0.012027 0 0 0 0 0 0 0 0 0 0 
0.258 0.0291519 0.228848 0.0172026 0.0119493 0 0 0 0 0 0 0 0 0 0 
0.257 0.0290198 0.22798 0.0171485 0.0118713 0 0 0 0 0 0 0 0 0 0 
0.256 0.0288873 0.227113 0.0170943 0.011793 0 0 0 0 0 0 0 0 0 0 
0.255 0.0287544 0.226246 0.0170401 0.0117142 0 0 0 0 0 0 0 0 0 0 
0.254 0.028621 0.225379 0.0169858 0.0116352 0 0 0 0 0 0 0 0 0 0 
0.253 0.0284872 0.224513 0.0169315 0.0115557 0 0 0 0 0 0 0 0 0 0 
0.252 0.028353 0.223647 0.0168771 0.0114759 0 0 0 0 0 0 0 0 0 0 
0.251 0.0282183 0.222782 0.0168227 0.0113956 0 0 0 0 0 0 0 0 0 0 
0.25 0.0280832 0.221917 0.0167682 0.011315 0 0 0 0 0 0 0 0 0 0 
0.249 0.0279476 0.221052 0.0167136 0.011234 0 0 0 0 0 0 0 0 0 0 
0.248 0.0278116 0.220188 0.016659 0.0111526 0 0 0 0 0 0 0 0 0 0 
0.247 0.0276751 0.219325 0.0166043 0.0110707 0 0 0 0 0 0 0 0 0 0 
0.246 0.0275381 0.218462 0.0165496 0.0109885 0 0 0 0 0 0 0 0 0 0 
0.245 0.0274006 0.217599 0.0164948 0.0109058 0 0 0 0 0 0 0 0 0 0 
0.244 0.0272626 0.216737 0.01644 0.0108227 0 0 0 0 0 0 0 0 0 0 
0.243 0.0271241 0.215876 0.016385 0.0107391 0 0 0 0 0 0 0 0 0 0 
0.242 0.0269851 0.215015 0.0163301 0.010655 0 0 0 0 0 0 0 0 0 0 
0.241 0.0268456 0.214154 0.0162751 0.0105705 0 0 0 0 0 0 0 0 0 0 
0.24 0.0267056 0.213294 0.01622 0.0104856 0 0 0 0 0 0 0 0 0 0 
0.239 0.026565 0.212435 0.0161649 0.0104001 0 0 0 0 0 0 0 0 0 0 
0.238 0.0264239 0.211576 0.0161097 0.0103141 0 0 0 0 0 0 0 0 0 0 
0.237 0.0262822 0.210718 0.0160545 0.0102277 0 0 0 0 0 0 0 0 0 0 
0.236 0.0261399 0.20986 0.0159992 0.0101407 0 0 0 0 0 0 0 0 0 0 
0.235 0.025997 0.209003 0.0159439 0.0100531 0 0 0 0 0 0 0 0 0 0 
0.234 0.0258536 0.208146 0.0158885 0.00996509 0 0 0 0 0 0 0 0 0 0 
0.233 0.0257096 0.20729 0.0158331 0.00987647 0 0 0 0 0 0 0 0 0 0 
0.232 0.0255649 0.206435 0.0157776 0.00978728 0 0 0 0 0 0 0 0 0 0 
0.231 0.0254196 0.20558 0.0157221 0.00969751 0 0 0 0 0 0 0 0 0 0 
0.23 0.0252736 0.204726 0.0156665 0.00960715 0 0 0 0 0 0 0 0 0 0 
0.229 0.025127 0.203873 0.0156109 0.00951617 0 0 0 0 0 0 0 0 0 0 
0.228 0.0249798 0.20302 0.0155552 0.00942457 0 0 0 0 0 0 0 0 0 0 
0.227 0.0248318 0.202168 0.0154995 0.00933232 0 0 0 0 0 0 0 0 0 0 
0.226 0.0246831 0.201317 0.0154437 0.00923941 0 0 0 0 0 0 0 0 0 0 
0.225 0.0245337 0.200466 0.0153879 0.00914583 0 0 0 0 0 0 0 0 0 0 
0.224 0.0243836 0.199616 0.0153321 0.00905155 0 0 0 0 0 0 0 0 0 0 
0.223 0.0242327 0.198767 0.0152762 0.00895655 0 0 0 0 0 0 0 0 0 0 
0.222 0.0240811 0.197919 0.0152203 0.00886082 0 0 0 0 0 0 0 0 0 0 
0.221 0.0239286 0.197071 0.0151643 0.00876434 0 0 0 0 0 0 0 0 0 0 
0.22 0.0237754 0.196225 0.0151083 0.00866707 0 0 0 0 0 0 0 0 0 0 
0.219 0.0236212 0.195379 0.0150522 0.008569 0 0 0 0 0 0 0 0 0 0 
0.218 0.0234663 0.194534 0.0149962 0.00847011 0 0 0 0 0 0 0 0 0 0 
0.217 0.0233104 0.19369 0.01494 0.00837036 0 0 0 0 0 0 0 0 0 0 
0.216 0.0231536 0.192846 0.0148839 0.00826973 0 0 0 0 0 0 0 0 0 0 
0.215 0.0229959 0.192004 0.0148277 0.0081682 0 0 0 0 0 0 0 0 0 0 
0.214 0.0228373 0.191163 0.0147715 0.00806573 0 0 0 0 0 0 0 0 0 0 
0.213 0.0226776 0.190322 0.0147153 0.00796229 0 0 0 0 0 0 0 0 0 0 
0.212 0.022517 0.189483 0.0146591 0.00785784 0 0 0 0 0 0 0 0 0 0 
0.211 0.0223555 0.188645 0.0146028 0.00775236 0 0 0 0 0 0 0 0 0 0 
0.21 0.0222248 0.187961 0.0145567 0.00766528 0 0 0 0 0 0 0 0 0 0 
0.209 0.0222183 0.18796 0.0145567 0.00766515 0 0 0 0 0 0 0 0 0 0 
0.208 0.0219486 0.186051 0.0144629 0.00748563 0 0 0 0 0 0 0 0 0 0 
0.207 0.0218491 0.185151 0.0144291 0.00742001 0 0 0 0 0 0 0 0 0 0 
0.206 0.021749 0.184251 0.0143952 0.00735382 0 0 0 0 0 0 0 0 0 0 
0.205 0.0216482 0.183352 0.0143612 0.00728705 0 0 0 0 0 0 0 0 0 0 
0.204 0.0215468 0.182453 0.0143271 0.00721969 0 0 0 0 0 0 0 0 0 0 
0.203 0.0214447 0.181555 0.014293 0.00715173 0 0 0 0 0 0 0 0 0 0 
0.202 0.0213419 0.180658 0.0142588 0.00708314 0 0 0 0 0 0 0 0 0 0 
0.201 0.0212384 0.179762 0.0142245 0.00701392 0 0 0 0 0 0 0 0 0 0 
0.2 0.0211343 0.178866 0.0141902 0.00694405 0 0 0 0 0 0 0 0 0 0 
0.199 0.0210293 0.177971 0.0141558 0.00687352 0 0 0 0 0 0 0 0 0 0 
0.198 0.0209237 0.177076 0.0141214 0.00680231 0 0 0 0 0 0 0 0 0 0 
0.197 0.0208173 0.176183 0.0140869 0.00673041 0 0 0 0 0 0 0 0 0 0 
0.196 0.0207101 0.17529 0.0140523 0.0066578 0 0 0 0 0 0 0 0 0 0 
0.195 0.0206022 0.174398 0.0140177 0.00658446 0 0 0 0 0 0 0 0 0 0 
0.194 0.0204935 0.173507 0.0139831 0.00651038 0 0 0 0 0 0 0 0 0 0 
0.193 0.0203839 0.172616 0.0139484 0.00643552 0 0 0 0 0 0 0 0 0 0 
0.192 0.0202736 0.171726 0.0139137 0.00635989 0 0 0 0 0 0 0 0 0 0 
0.191 0.0201623 0.170838 0.0138789 0.00628344 0 0 0 0 0 0 0 0 0 0 
0.19 0.0200503 0.16995 0.0138441 0.00620617 0 0 0 0 0 0 0 0 0 0 
0.189 0.0199373 0.169063 0.0138092 0.00612805 0 0 0 0 0 0 0 0 0 0 
0.188 0.0198234 0.168177 0.0137744 0.00604905 0 0 0 0 0 0 0 0 0 0 
0.187 0.0197086 0.167291 0.0137395 0.00596916 0 0 0 0 0 0 0 0 0 0 
0.186 0.0195929 0.166407 0.0137045 0.00588833 0 0 0 0 0 0 0 0 0 0 
0.185 0.0194762 0.165524 0.0136696 0.00580655 0 0 0 0 0 0 0 0 0 0 
0.184 0.0193584 0.164642 0.0136347 0.00572379 0 0 0 0 0 0 0 0 0 0 
0.183 0.0192397 0.16376 0.0135997 0.00564001 0 0 0 0 0 0 0 0 0 0 
0.182 0.0191199 0.16288 0.0135647 0.00555518 0 0 0 0 0 0 0 0 0 0 
0.181 0.0189991 0.162001 0.0135298 0.00546927 0 0 0 0 0 0 0 0 0 0 
0.18 0.0188771 0.161123 0.0134948 0.00538224 0 0 0 0 0 0 0 0 0 0 
0.179 0.018754 0.160246 0.0134599 0.00529405 0 0 0 0 0 0 0 0 0 0 
0.178 0.0186297 0.15937 0.013425 0.00520467 0 0 0 0 0 0 0 0 0 0 
0.177 0.0185042 0.158496 0.0133901 0.00511404 0 0 0 0 0 0 0 0 0 0 
0.176 0.0183774 0.157623 0.0133553 0.00502212 0 0 0 0 0 0 0 0 0 0 
0.175 0.0182494 0.156751 0.0133205 0.00492886 0 0 0 0 0 0 0 0 0 0 
0.174 0.01812 0.15588 0.0132858 0.00483421 0 0 0 0 0 0 0 0 0 0 
0.173 0.0179892 0.155011 0.0132511 0.00473811 0 0 0 0 0 0 0 0 0 0 
0.172 0.017857 0.154143 0.0132165 0.00464049 0 0 0 0 0 0 0 0 0 0 
0.171 0.0177233 0.153277 0.013182 0.00454131 0 0 0 0 0 0 0 0 0 0 
0.17 0.0175881 0.152412 0.0131476 0.00444048 0 0 0 0 0 0 0 0 0 0 
0.169 0.0174513 0.151549 0.0131133 0.00433792 0 0 0 0 0 0 0 0 0 0 
0.168 0.0173128 0.150687 0.0130792 0.00423357 0 0 0 0 0 0 0 0 0 0 
0.167 0.0171725 0.149827 0.0130452 0.00412732 0 0 0 0 0 0 0 0 0 0 
0.166 0.0170304 0.14897 0.0130113 0.00401908 0 0 0 0 0 0 0 0 0 0 
0.165 0.0168864 0.148114 0.0129777 0.00390876 0 0 0 0 0 0 0 0 0 0 
0.164 0.0167405 0.14726 0.0129442 0.00379622 0 0 0 0 0 0 0 0 0 0 
0.163 0.0165924 0.146408 0.012911 0.00368135 0 0 0 0 0 0 0 0 0 0 
0.162 0.0164421 0.145558 0.0128781 0.00356401 0 0 0 0 0 0 0 0 0 0 
0.161 0.0162894 0.144711 0.0128454 0.00344405 0 0 0 0 0 0 0 0 0 0 
0.16 0.0161343 0.143866 0.012813 0.0033213 0 0 0 0 0 0 0 0 0 0 
0.159 0.0159766 0.143023 0.012781 0.00319557 0 0 0 0 0 0 0 0 0 0 
0.158 0.015816 0.142184 0.0127494 0.00306665 0 0 0 0 0 0 0 0 0 0 
0.157 0.0156525 0.141347 0.0127182 0.00293431 0 0 0 0 0 0 0 0 0 0 
0.156 0.0154858 0.140514 0.0126875 0.00279828 0 0 0 0 0 0 0 0 0 0 
0.155 0.0153156 0.139684 0.0126573 0.00265825 0 0 0 0 0 0 0 0 0 0 
0.154 0.0151417 0.138858 0.0126278 0.00251389 0 0 0 0 0 0 0 0 0 0 
0.153 0.0149638 0.138036 0.012599 0.00236478 0 0 0 0 0 0 0 0 0 0 
0.152 0.0147814 0.137219 0.0125709 0.00221047 0 0 0 0 0 0 0 0 0 0 
0.151 0.0145942 0.136406 0.0125438 0.00205041 0 0 0 0 0 0 0 0 0 0 
0.15 0.0144016 0.135598 0.0125176 0.00188394 0 0 0 0 0 0 0 0 0 0 
0.149 0.014203 0.134797 0.0124927 0.00171029 0 0 0 0 0 0 0 0 0 0 
0.148 0.0139976 0.134002 0.0124691 0.0015285 0 0 0 0 0 0 0 0 0 0 
0.147 0.0137845 0.133215 0.0124471 0.00133739 0 0 0 0 0 0 0 0 0 0 
0.146 0.0135625 0.132438 0.012427 0.00113545 0 0 0 0 0 0 0 0 0 0 
0.145 0.01333 0.13167 0.0124093 0.000920722 0 0 0 0 0 0 0 0 0 0 
0.144 0.0130849 0.130915 0.0123943 0.000690587 0 0 0 0 0 0 0 0 0 0 
0.143 0.0128243 0.130176 0.0123829 0.000441374 0 0 0 0 0 0 0 0 0 0 
0.142 0.0125439 0.129456 0.0123762 0.000167736 0 0 0 0 0 0 0 0 0 0 
0.141 0.012345 0.128655 0.012345 0 0 0 0 0 0 0 0 0 0 0 
0.14 0.0122762 0.127724 0.0122762 0 0 0 0 0 0 0 0 0 0 0 
0.139 0.0122071 0.126793 0.0122071 0 0 0 0 0 0 0 0 0 0 0 
0.138 0.0121379 0.125862 0.0121379 0 0 0 0 0 0 0 0 0 0 0 
0.137 0.0120685 0.124932 0.0120685 0 0 0 0 0 0 0 0 0 0 0 
0.136 0.0119989 0.124001 0.0119989 0 0 0 0 0 0 0 0 0 0 0 
0.135 0.0119291 0.123071 0.0119291 0 0 0 0 0 0 0 0 0 0 0 
0.134 0.0118591 0.122141 0.0118591 0 0 0 0 0 0 0 0 0 0 0 
0.133 0.0117889 0.121211 0.0117889 0 0 0 0 0 0 0 0 0 0 0 
0.132 0.0117185 0.120281 0.0117185 0 0 0 0 0 0 0 0 0 0 0 
0.131 0.011648 0.119352 0.011648 0 0 0 0 0 0 0 0 0 0 0 
0.13 0.0115772 0.118423 0.0115772 0 0 0 0 0 0 0 0 0 0 0 
0.129 0.0115063 0.117494 0.0115063 0 0 0 0 0 0 0 0 0 0 0 
0.128 0.0114351 0.116565 0.0114351 0 0 0 0 0 0 0 0 0 0 0 
0.127 0.0113638 0.115636 0.0113638 0 0 0 0 0 0 0 0 0 0 0 
0.126 0.0112923 0.114708 0.0112923 0 0 0 0 0 0 0 0 0 0 0 
0.125 0.0112206 0.113779 0.0112206 0 0 0 0 0 0 0 0 0 0 0 
0.124 0.0111487 0.112851 0.0111487 0 0 0 0 0 0 0 0 0 0 0 
0.123 0.0110766 0.111923 0.0110766 0 0 0 0 0 0 0 0 0 0 0 
0.122 0.0110043 0.110996 0.0110043 0 0 0 0 0 0 0 0 0 0 0 
0.121 0.0109318 0.110068 0.0109318 0 0 0 0 0 0 0 0 0 0 0 
0.12 0.0108591 0.109141 0.0108591 0 0 0 0 0 0 0 0 0 0 0 
0.119 0.0107862 0.108214 0.0107862 0 0 0 0 0 0 0 0 0 0 0 
0.118 0.0107131 0.107287 0.0107131 0 0 0 0 0 0 0 0 0 0 0 
0.117 0.0106398 0.10636 0.0106398 0 0 0 0 0 0 0 0 0 0 0 
0.116 0.0105663 0.105434 0.0105663 0 0 0 0 0 0 0 0 0 0 0 
0.115 0.0104927 0.104507 0.0104927 0 0 0 0 0 0 0 0 0 0 0 
0.114 0.0104188 0.103581 0.0104188 0 0 0 0 0 0 0 0 0 0 0 
0.113 0.0103447 0.102655 0.0103447 0 0 0 0 0 0 0 0 0 0 0 
0.112 0.0102704 0.10173 0.0102704 0 0 0 0 0 0 0 0 0 0 0 
0.111 0.0101959 0.100804 0.0101959 0 0 0 0 0 0 0 0 0 0 0 
0.11 0.0101212 0.0998788 0.0101212 0 0 0 0 0 0 0 0 0 0 0 
0.109 0.0100464 0.0989536 0.0100464 0 0 0 0 0 0 0 0 0 0 0 
0.108 0.00997126 0.0980287 0.00997126 0 0 0 0 0 0 0 0 0 0 0 
0.107 0.00989597 0.097104 0.00989597 0 0 0 0 0 0 0 0 0 0 0 
0.106 0.00982048 0.0961795 0.00982048 0 0 0 0 0 0 0 0 0 0 0 
0.105 0.00974478 0.0952552 0.00974478 0 0 0 0 0 0 0 0 0 0 0 
0.104 0.00966887 0.0943311 0.00966887 0 0 0 0 0 0 0 0 0 0 0 
0.103 0.00959277 0.0934072 0.00959277 0 0 0 0 0 0 0 0 0 0 0 
0.102 0.00951645 0.0924835 0.00951645 0 0 0 0 0 0 0 0 0 0 0 
0.101 0.00943994 0.0915601 0.00943994 0 0 0 0 0 0 0 0 0 0 0 
0.1 0.00936321 0.0906368 0.00936321 0 0 0 0 0 0 0 0 0 0 0 
0.099 0.00928628 0.0897137 0.00928628 0 0 0 0 0 0 0 0 0 0 0 
0.098 0.00920914 0.0887909 0.00920914 0 0 0 0 0 0 0 0 0 0 0 
0.097 0.00913179 0.0878682 0.00913179 0 0 0 0 0 0 0 0 0 0 0 
0.096 0.00905424 0.0869458 0.00905424 0 0 0 0 0 0 0 0 0 0 0 
0.095 0.00897647 0.0860235 0.00897647 0 0 0 0 0 0 0 0 0 0 0 
0.094 0.0088985 0.0851015 0.0088985 0 0 0 0 0 0 0 0 0 0 0 
0.093 0.00882032 0.0841797 0.00882032 0 0 0 0 0 0 0 0 0 0 0 
0.092 0.00874192 0.0832581 0.00874192 0 0 0 0 0 0 0 0 0 0 0 
0.091 0.00866332 0.0823367 0.00866332 0 0 0 0 0 0 0 0 0 0 0 
0.09 0.0085845 0.0814155 0.0085845 0 0 0 0 0 0 0 0 0 0 0 
0.089 0.00850548 0.0804945 0.00850548 0 0 0 0 0 0 0 0 0 0 0 
0.088 0.00842623 0.0795738 0.00842623 0 0 0 0 0 0 0 0 0 0 0 
0.087 0.00834678 0.0786532 0.00834678 0 0 0 0 0 0 0 0 0 0 0 
0.086 0.00826711 0.0777329 0.00826711 0 0 0 0 0 0 0 0 0 0 0 
0.085 0.00818723 0.0768128 0.00818723 0 0 0 0 0 0 0 0 0 0 0 
0.084 0.00810713 0.0758929 0.00810713 0 0 0 0 0 0 0 0 0 0 0 
0.083 0.00802681 0.0749732 0.00802681 0 0 0 0 0 0 0 0 0 0 0 
0.082 0.00794628 0.0740537 0.00794628 0 0 0 0 0 0 0 0 0 0 0 
0.081 0.00786553 0.0731345 0.00786553 0 0 0 0 0 0 0 0 0 0 0 
0.08 0.00778456 0.0722154 0.00778456 0 0 0 0 0 0 0 0 0 0 0 
0.079 0.00770337 0.0712966 0.00770337 0 0 0 0 0 0 0 0 0 0 0 
0.078 0.00762196 0.070378 0.00762196 0 0 0 0 0 0 0 0 0 0 0 
0.077 0.00754033 0.0694597 0.00754033 0 0 0 0 0 0 0 0 0 0 0 
0.076 0.00745848 0.0685415 0.00745848 0 0 0 0 0 0 0 0 0 0 0 
0.075 0.0073764 0.0676236 0.0073764 0 0 0 0 0 0 0 0 0 0 0 
0.074 0.00729411 0.0667059 0.00729411 0 0 0 0 0 0 0 0 0 0 0 
0.073 0.00721158 0.0657884 0.00721158 0 0 0 0 0 0 0 0 0 0 0 
0.072 0.00712883 0.0648712 0.00712883 0 0 0 0 0 0 0 0 0 0 0 
0.071 0.00704586 0.0639541 0.00704586 0 0 0 0 0 0 0 0 0 0 0 
0.07 0.00696265 0.0630373 0.00696265 0 0 0 0 0 0 0 0 0 0 0 
0.069 0.00687922 0.0621208 0.00687922 0 0 0 0 0 0 0 0 0 0 0 
0.068 0.00679555 0.0612045 0.00679555 0 0 0 0 0 0 0 0 0 0 0 
0.067 0.00671165 0.0602883 0.00671165 0 0 0 0 0 0 0 0 0 0 0 
0.066 0.00662752 0.0593725 0.00662752 0 0 0 0 0 0 0 0 0 0 0 
0.065 0.00654315 0.0584568 0.00654315 0 0 0 0 0 0 0 0 0 0 0 
0.064 0.00645855 0.0575415 0.00645855 0 0 0 0 0 0 0 0 0 0 0 
0.063 0.0063737 0.0566263 0.0063737 0 0 0 0 0 0 0 0 0 0 0 
0.062 0.00628862 0.0557114 0.00628862 0 0 0 0 0 0 0 0 0 0 0 
0.061 0.00620329 0.0547967 0.00620329 0 0 0 0 0 0 0 0 0 0 0 
0.06 0.00611772 0.0538823 0.00611772 0 0 0 0 0 0 0 0 0 0 0 
0.059 0.0060319 0.0529681 0.0060319 0 0 0 0 0 0 0 0 0 0 0 
0.058 0.00594584 0.0520542 0.00594584 0 0 0 0 0 0 0 0 0 0 0 
0.057 0.00585952 0.0511405 0.00585952 0 0 0 0 0 0 0 0 0 0 0 
0.056 0.00577295 0.050227 0.00577295 0 0 0 0 0 0 0 0 0 0 0 
0.055 0.00568613 0.0493139 0.00568613 0 0 0 0 0 0 0 0 0 0 0 
0.054 0.00559904 0.048401 0.00559904 0 0 0 0 0 0 0 0 0 0 0 
0.053 0.00551169 0.0474883 0.00551169 0 0 0 0 0 0 0 0 0 0 0 
0.052 0.00542408 0.0465759 0.00542408 0 0 0 0 0 0 0 0 0 0 0 
0.051 0.0053362 0.0456638 0.0053362 0 0 0 0 0 0 0 0 0 0 0 
0.05 0.00524805 0.044752 0.00524805 0 0 0 0 0 0 0 0 0 0 0 
0.049 0.00515962 0.0438404 0.00515962 0 0 0 0 0 0 0 0 0 0 0 
0.048 0.00507091 0.0429291 0.00507091 0 0 0 0 0 0 0 0 0 0 0 
0.047 0.00498192 0.0420181 0.00498192 0 0 0 0 0 0 0 0 0 0 0 
0.046 0.00489264 0.0411074 0.00489264 0 0 0 0 0 0 0 0 0 0 0 
0.045 0.00480306 0.0401969 0.00480306 0 0 0 0 0 0 0 0 0 0 0 
0.044 0.00471319 0.0392868 0.00471319 0 0 0 0 0 0 0 0 0 0 0 
0.043 0.00462301 0.038377 0.00462301 0 0 0 0 0 0 0 0 0 0 0 
0.042 0.00453252 0.0374675 0.00453252 0 0 0 0 0 0 0 0 0 0 0 
0.041 0.00444172 0.0365583 0.00444172 0 0 0 0 0 0 0 0 0 0 0 
0.04 0.00435059 0.0356494 0.00435059 0 0 0 0 0 0 0 0 0 0 0 
0.039 0.00425913 0.0347409 0.00425913 0 0 0 0 0 0 0 0 0 0 0 
0.038 0.00416733 0.0338327 0.00416733 0 0 0 0 0 0 0 0 0 0 0 
0.037 0.00407518 0.0329248 0.00407519 0 0 0 0 0 0 0 0 0 0 0 
0.036 0.00398268 0.0320173 0.00398268 0 0 0 0 0 0 0 0 0 0 0 
0.035 0.00388981 0.0311102 0.00388981 0 0 0 0 0 0 0 0 0 0 0 
0.034 0.00379657 0.0302034 0.00379657 0 0 0 0 0 0 0 0 0 0 0 
0.033 0.00370293 0.0292971 0.00370293 0 0 0 0 0 0 0 0 0 0 0 
0.032 0.0036089 0.0283911 0.0036089 0 0 0 0 0 0 0 0 0 0 0 
0.031 0.00351444 0.0274856 0.00351444 0 0 0 0 0 0 0 0 0 0 0 
0.03 0.00341956 0.0265804 0.00341956 0 0 0 0 0 0 0 0 0 0 0 
0.029 0.00332424 0.0256758 0.00332424 0 0 0 0 0 0 0 0 0 0 0 
0.028 0.00322845 0.0247716 0.00322845 0 0 0 0 0 0 0 0 0 0 0 
0.027 0.00313217 0.0238678 0.00313217 0 0 0 0 0 0 0 0 0 0 0 
0.026 0.0030354 0.0229646 0.0030354 0 0 0 0 0 0 0 0 0 0 0 
0.025 0.00293809 0.0220619 0.00293809 0 0 0 0 0 0 0 0 0 0 0 
0.024 0.00284023 0.0211598 0.00284023 0 0 0 0 0 0 0 0 0 0 0 
0.023 0.00274179 0.0202582 0.00274179 0 0 0 0 0 0 0 0 0 0 0 
0.022 0.00264274 0.0193573 0.00264274 0 0 0 0 0 0 0 0 0 0 0 
0.021 0.00254304 0.018457 0.00254304 0 0 0 0 0 0 0 0 0 0 0 
0.02 0.00244265 0.0175574 0.00244265 0 0 0 0 0 0 0 0 0 0 0 
0.019 0.00234153 0.0166585 0.00234153 0 0 0 0 0 0 0 0 0 0 0 
0.018 0.00223962 0.0157604 0.00223962 0 0 0 0 0 0 0 0 0 0 0 
0.017 0.00213687 0.0148631 0.00213687 0 0 0 0 0 0 0 0 0 0 0 
0.016 0.00203322 0.0139668 0.00203322 0 0 0 0 0 0 0 0 0 0 0 
0.015 0.00192858 0.0130714 0.00192858 0 0 0 0 0 0 0 0 0 0 0 
0.014 0.00182287 0.0121771 0.00182287 0 0 0 0 0 0 0 0 0 0 0 
0.013 0.00171598 0.011284 0.00171599 0 0 0 0 0 0 0 0 0 0 0 
0.012 0.0016078 0.0103922 0.0016078 0 0 0 0 0 0 0 0 0 0 0 
0.011 0.00149817 0.00950183 0.00149817 0 0 0 0 0 0 0 0 0 0 0 
0.01 0.0013869 0.0086131 0.0013869 0 0 0 0 0 0 0 0 0 0 0 
0.009 0.00127378 0.00772622 0.00127378 0 0 0 0 0 0 0 0 0 0 0 
0.008 0.00115851 0.00684149 0.00115851 0 0 0 0 0 0 0 0 0 0 0 
0.007 0.00104072 0.00595928 0.00104072 0 0 0 0 0 0 0 0 0 0 0 
0.006 0.000919904 0.0050801 0.000919904 0 0 0 0 0 0 0 0 0 0 0 
0.005 0.000795346 0.00420465 0.000795346 0 0 0 0 0 0 0 0 0 0 0 
0.004 0.000665975 0.00333403 0.000665975 0 0 0 0 0 0 0 0 0 0 0 
0.003 0.000530038 0.00246997 0.000530034 0 0 0 0 0 0 0 0 0 0 0 
0.002 0.0003842 0.0016158 0.000384199 0 0 0 0 0 0 0 0 0 0 0 
0.001 0.000220113 0.000779912 0.000220089 0 0 0 0 0 0 0 0 0 0 0 
