1 0.177241 0.3514 0.00491876 0 0.299038 0 0 0.00048151 0 0.17184 0 0 0 0 
0.998 0.176768 0.351491 0.00496685 0 0.29794 0 0 0.00050573 0 0.171295 0 0 0 0 
0.996 0.176295 0.351582 0.00501527 0 0.296843 0 0 0.000530273 0 0.17075 0 0 0 0 
0.994 0.175823 0.351673 0.00506401 0 0.295745 0 0 0.000555131 0 0.170204 0 0 0 0 
0.992 0.17535 0.351764 0.0051131 0 0.294648 0 0 0.000580294 0 0.169657 0 0 0 0 
0.99 0.174878 0.351855 0.00516251 0 0.293551 0 0 0.000605755 0 0.16911 0 0 0 0 
0.988 0.174406 0.351946 0.00521222 1.07663e-06 0.292455 0 0 0.000631422 0 0.168562 0 0 0 0 
0.986 0.173936 0.352036 0.00526216 5.11187e-06 0.291359 0 0 0.000657138 0 0.168011 0 0 0 0 
0.984 0.173466 0.352127 0.00531237 1.08097e-05 0.290264 0 0 0.000682989 0 0.16746 0 0 0 0 
0.982 0.172997 0.352218 0.00536287 1.77917e-05 0.28917 0 0 0.000708993 0 0.166907 0 0 0 0 
0.98 0.172528 0.352308 0.00541366 2.58683e-05 0.288076 0 0 0.000735156 0 0.166353 0 0 0 0 
0.978 0.172059 0.352399 0.00546475 3.492e-05 0.286982 0 0 0.000761478 0 0.165798 0 0 0 0 
0.976 0.171592 0.352489 0.00551615 4.48635e-05 0.285889 0 0 0.000787956 0 0.165243 0 0 0 0 
0.974 0.171124 0.352579 0.00556786 5.56362e-05 0.284796 0 0 0.000814588 0 0.164686 0 0 0 0 
0.972 0.170657 0.352669 0.00561987 6.71894e-05 0.283704 0 0 0.00084137 0 0.164128 0 0 0 0 
0.97 0.17019 0.35276 0.0056722 7.94838e-05 0.282612 0 0 0.000868298 0 0.16357 0 0 0 0 
0.968 0.169723 0.35285 0.00572484 9.24868e-05 0.281521 0 0 0.000895366 0 0.163011 0 0 0 0 
0.966 0.169257 0.35294 0.0057778 0.000106171 0.28043 0 0 0.00092257 0 0.162451 0 0 0 0 
0.964 0.168792 0.35303 0.00583108 0.000120514 0.279339 0 0 0.000949906 0 0.16189 0 0 0 0 
0.962 0.168326 0.353119 0.00588468 0.000135494 0.278249 0 0 0.000977368 0 0.161328 0 0 0 0 
0.96 0.167861 0.353209 0.0059386 0.000151095 0.277159 0 0 0.00100495 0 0.160766 0 0 0 0 
0.958 0.167396 0.353299 0.00599284 0.000167301 0.276069 0 0 0.00103265 0 0.160203 0 0 0 0 
0.956 0.166931 0.353388 0.0060474 0.000184097 0.27498 0 0 0.00106046 0 0.159639 0 0 0 0 
0.954 0.166467 0.353478 0.00610229 0.000201473 0.273892 0 0 0.00108838 0 0.159075 0 0 0 0 
0.952 0.166003 0.353567 0.00615751 0.000219416 0.272804 0 0 0.0011164 0 0.15851 0 0 0 0 
0.95 0.165539 0.353657 0.00621305 0.000237917 0.271716 0 0 0.00114451 0 0.157944 0 0 0 0 
0.948 0.165076 0.353746 0.00626892 0.000256967 0.270629 0 0 0.00117272 0 0.157377 0 0 0 0 
0.946 0.164613 0.353835 0.00632512 0.000276557 0.269542 0 0 0.00120102 0 0.15681 0 0 0 0 
0.944 0.16415 0.353924 0.00638166 0.00029668 0.268455 0 0 0.0012294 0 0.156242 0 0 0 0 
0.942 0.163687 0.354013 0.00643852 0.000317329 0.267369 0 0 0.00125785 0 0.155673 0 0 0 0 
0.94 0.163225 0.354102 0.00649572 0.000338498 0.266283 0 0 0.00128638 0 0.155104 0 0 0 0 
0.938 0.162762 0.35419 0.00655325 0.000360181 0.265198 0 0 0.00131498 0 0.154534 0 0 0 0 
0.936 0.1623 0.354279 0.00661112 0.000382372 0.264113 0 0 0.00134364 0 0.153963 0 0 0 0 
0.934 0.161839 0.354368 0.00666932 0.000405067 0.263029 0 0 0.00137237 0 0.153392 0 0 0 0 
0.932 0.161377 0.354456 0.00672786 0.00042826 0.261945 0 0 0.00140114 0 0.15282 0 0 0 0 
0.93 0.160916 0.354545 0.00678674 0.000451948 0.260862 0 0 0.00142997 0 0.152247 0 0 0 0 
0.928 0.160455 0.354633 0.00684596 0.000476127 0.259779 0 0 0.00145885 0 0.151674 0 0 0 0 
0.926 0.159994 0.354721 0.00690552 0.000500792 0.258696 0 0 0.00148776 0 0.1511 0 0 0 0 
0.924 0.159534 0.354809 0.00696541 0.00052594 0.257614 0 0 0.00151672 0 0.150526 0 0 0 0 
0.922 0.159074 0.354897 0.00702565 0.000551569 0.256533 0 0 0.00154571 0 0.149951 0 0 0 0 
0.92 0.158614 0.354985 0.00708624 0.000577674 0.255451 0 0 0.00157473 0 0.149375 0 0 0 0 
0.918 0.158154 0.355073 0.00714716 0.000604253 0.254371 0 0 0.00160377 0 0.148799 0 0 0 0 
0.916 0.157694 0.355161 0.00720843 0.000631304 0.25329 0 0 0.00163284 0 0.148222 0 0 0 0 
0.914 0.157235 0.355248 0.00727005 0.000658823 0.252211 0 0 0.00166192 0 0.147644 0 0 0 0 
0.912 0.156776 0.355336 0.00733201 0.000686809 0.251131 0 0 0.00169101 0 0.147066 0 0 0 0 
0.91 0.156317 0.355423 0.00739431 0.000715259 0.250053 0 0 0.00172011 0 0.146487 0 0 0 0 
0.908 0.155858 0.355511 0.00745697 0.000744172 0.248974 0 0 0.00174922 0 0.145908 0 0 0 0 
0.906 0.155399 0.355598 0.00751997 0.000773544 0.247897 0 0 0.00177833 0 0.145328 0 0 0 0 
0.904 0.154941 0.355685 0.00758332 0.000803374 0.246819 0 0 0.00180743 0 0.144747 0 0 0 0 
0.902 0.154483 0.355772 0.00764702 0.000833661 0.245743 0 0 0.00183653 0 0.144166 0 0 0 0 
0.9 0.154025 0.355859 0.00771108 0.000864403 0.244666 0 0 0.00186562 0 0.143584 0 0 0 0 
0.898 0.153567 0.355946 0.00777548 0.000895598 0.24359 0 0 0.00189469 0 0.143001 0 0 0 0 
0.896 0.15311 0.356033 0.00784023 0.000927244 0.242515 0 0 0.00192374 0 0.142418 0 0 0 0 
0.894 0.152652 0.35612 0.00790534 0.000959341 0.24144 0 0 0.00195277 0 0.141835 0 0 0 0 
0.892 0.152195 0.356206 0.0079708 0.000991887 0.240366 0 0 0.00198177 0 0.141251 0 0 0 0 
0.89 0.151738 0.356293 0.00803662 0.00102488 0.239293 0 0 0.00201074 0 0.140666 0 0 0 0 
0.888 0.151281 0.356379 0.00810279 0.00105832 0.238219 0 0 0.00203967 0 0.140081 0 0 0 0 
0.886 0.150825 0.356465 0.00816931 0.00109221 0.237147 0 0 0.00206857 0 0.139495 0 0 0 0 
0.884 0.150368 0.356551 0.00823619 0.00112653 0.236075 0 0 0.00209742 0 0.138908 0 0 0 0 
0.882 0.149912 0.356637 0.00830343 0.00116131 0.235003 0 0 0.00212623 0 0.138321 0 0 0 0 
0.88 0.149456 0.356723 0.00837103 0.00119652 0.233932 0 0 0.00215498 0 0.137734 0 0 0 0 
0.878 0.149 0.356809 0.00843898 0.00123218 0.232862 0 0 0.00218369 0 0.137145 0 0 0 0 
0.876 0.148544 0.356895 0.00850729 0.00126828 0.231792 0 0 0.00221233 0 0.136557 0 0 0 0 
0.874 0.148089 0.35698 0.00857596 0.00130481 0.230723 0 0 0.00224092 0 0.135967 0 0 0 0 
0.872 0.147634 0.357066 0.00864499 0.00134179 0.229654 0 0 0.00226943 0 0.135377 0 0 0 0 
0.87 0.147178 0.357151 0.00871438 0.0013792 0.228586 0 0 0.00229788 0 0.134787 0 0 0 0 
0.868 0.146723 0.357236 0.00878413 0.00141705 0.227518 0 0 0.00232626 0 0.134196 0 0 0 0 
0.866 0.146268 0.357321 0.00885424 0.00145533 0.226451 0 0 0.00235456 0 0.133604 0 0 0 0 
0.864 0.145814 0.357406 0.00892471 0.00149406 0.225385 0 0 0.00238278 0 0.133012 0 0 0 0 
0.862 0.145359 0.357491 0.00899555 0.00153321 0.224319 0 0 0.00241091 0 0.13242 0 0 0 0 
0.86 0.144905 0.357576 0.00906675 0.00157281 0.223254 0 0 0.00243896 0 0.131826 0 0 0 0 
0.858 0.144451 0.357661 0.00913831 0.00161283 0.222189 0 0 0.00246692 0 0.131233 0 0 0 0 
0.856 0.143996 0.357745 0.00921023 0.00165329 0.221125 0 0 0.00249478 0 0.130638 0 0 0 0 
0.854 0.143543 0.35783 0.00928252 0.00169418 0.220062 0 0 0.00252254 0 0.130043 0 0 0 0 
0.852 0.143089 0.357914 0.00935517 0.00173551 0.218999 0 0 0.0025502 0 0.129448 0 0 0 0 
0.85 0.142635 0.357998 0.00942819 0.00177727 0.217937 0 0 0.00257775 0 0.128852 0 0 0 0 
0.848 0.142182 0.358082 0.00950158 0.00181945 0.216876 0 0 0.0026052 0 0.128255 0 0 0 0 
0.846 0.141728 0.358166 0.00957533 0.00186207 0.215815 0 0 0.00263252 0 0.127658 0 0 0 0 
0.844 0.141275 0.35825 0.00964944 0.00190512 0.214755 0 0 0.00265974 0 0.127061 0 0 0 0 
0.842 0.140822 0.358333 0.00972393 0.0019486 0.213695 0 0 0.00268683 0 0.126463 0 0 0 0 
0.84 0.140369 0.358417 0.00979878 0.00199251 0.212636 0 0 0.00271379 0 0.125864 0 0 0 0 
0.838 0.139916 0.3585 0.00987399 0.00203684 0.211578 0 0 0.00274063 0 0.125265 0 0 0 0 
0.836 0.139464 0.358583 0.00994958 0.00208161 0.210521 0 0 0.00276734 0 0.124665 0 0 0 0 
0.834 0.139011 0.358666 0.0100255 0.00212681 0.209464 0 0 0.0027939 0 0.124065 0 0 0 0 
0.832 0.138559 0.358749 0.0101019 0.00217243 0.208408 0 0 0.00282033 0 0.123464 0 0 0 0 
0.83 0.138106 0.358832 0.0101785 0.00221848 0.207352 0 0 0.00284662 0 0.122863 0 0 0 0 
0.828 0.137654 0.358915 0.0102556 0.00226495 0.206297 0 0 0.00287276 0 0.122261 0 0 0 0 
0.826 0.137202 0.358997 0.010333 0.00231186 0.205243 0 0 0.00289875 0 0.121659 0 0 0 0 
0.824 0.13675 0.35908 0.0104108 0.00235919 0.20419 0 0 0.00292458 0 0.121056 0 0 0 0 
0.822 0.136299 0.359162 0.010489 0.00240694 0.203137 0 0 0.00295026 0 0.120452 0 0 0 0 
0.82 0.135847 0.359244 0.0105675 0.00245513 0.202085 0 0 0.00297577 0 0.119848 0 0 0 0 
0.818 0.135395 0.359326 0.0106464 0.00250373 0.201034 0 0 0.00300112 0 0.119244 0 0 0 0 
0.816 0.134944 0.359408 0.0107257 0.00255276 0.199983 0 0 0.0030263 0 0.118639 0 0 0 0 
0.814 0.134493 0.359489 0.0108054 0.00260222 0.198933 0 0 0.00305131 0 0.118034 0 0 0 0 
0.812 0.134041 0.359571 0.0108854 0.0026521 0.197884 0 0 0.00307614 0 0.117428 0 0 0 0 
0.81 0.13359 0.359652 0.0109658 0.00270241 0.196836 0 0 0.00310079 0 0.116821 0 0 0 0 
0.808 0.133139 0.359733 0.0110465 0.00275314 0.195788 0 0 0.00312526 0 0.116214 0 0 0 0 
0.806 0.132688 0.359814 0.0111277 0.00280429 0.194741 0 0 0.00314954 0 0.115607 0 0 0 0 
0.804 0.132237 0.359895 0.0112092 0.00285586 0.193695 0 0 0.00317362 0 0.114999 0 0 0 0 
0.802 0.131787 0.359976 0.011291 0.00290786 0.19265 0 0 0.00319752 0 0.11439 0 0 0 0 
0.8 0.131336 0.360056 0.0113733 0.00296028 0.191605 0 0 0.00322121 0 0.113781 0 0 0 0 
0.798 0.130885 0.360137 0.0114559 0.00301312 0.190561 0 0 0.0032447 0 0.113172 0 0 0 0 
0.796 0.130435 0.360217 0.0115389 0.00306638 0.189518 0 0 0.00326798 0 0.112562 0 0 0 0 
0.794 0.129985 0.360297 0.0116222 0.00312006 0.188476 0 0 0.00329106 0 0.111951 0 0 0 0 
0.792 0.129534 0.360376 0.011706 0.00317417 0.187435 0 0 0.00331392 0 0.11134 0 0 0 0 
0.79 0.129084 0.360456 0.0117901 0.00322869 0.186394 0 0 0.00333656 0 0.110729 0 0 0 0 
0.788 0.128634 0.360536 0.0118745 0.00328364 0.185354 0 0 0.00335898 0 0.110117 0 0 0 0 
0.786 0.128184 0.360615 0.0119594 0.003339 0.184315 0 0 0.00338118 0 0.109505 0 0 0 0 
0.784 0.127734 0.360694 0.0120446 0.00339478 0.183277 0 0 0.00340314 0 0.108892 0 0 0 0 
0.782 0.127284 0.360773 0.0121302 0.00345098 0.18224 0 0 0.00342488 0 0.108278 0 0 0 0 
0.78 0.126834 0.360851 0.0122161 0.0035076 0.181203 0 0 0.00344637 0 0.107664 0 0 0 0 
0.778 0.126385 0.36093 0.0123025 0.00356464 0.180168 0 0 0.00346763 0 0.10705 0 0 0 0 
0.776 0.125935 0.361008 0.0123892 0.0036221 0.179133 0 0 0.00348864 0 0.106435 0 0 0 0 
0.774 0.125485 0.361086 0.0124762 0.00367997 0.178099 0 0 0.0035094 0 0.10582 0 0 0 0 
0.772 0.125036 0.361164 0.0125637 0.00373826 0.177066 0 0 0.00352991 0 0.105204 0 0 0 0 
0.77 0.124586 0.361242 0.0126515 0.00379696 0.176034 0 0 0.00355017 0 0.104588 0 0 0 0 
0.768 0.124137 0.361319 0.0127397 0.00385608 0.175002 0 0 0.00357017 0 0.103971 0 0 0 0 
0.766 0.123688 0.361397 0.0128282 0.00391562 0.173972 0 0 0.0035899 0 0.103354 0 0 0 0 
0.764 0.123238 0.361474 0.0129171 0.00397557 0.172942 0 0 0.00360936 0 0.102736 0 0 0 0 
0.762 0.122789 0.361551 0.0130064 0.00403594 0.171914 0 0 0.00362856 0 0.102118 0 0 0 0 
0.76 0.12234 0.361627 0.0130961 0.00409671 0.170886 0 0 0.00364747 0 0.101499 0 0 0 0 
0.758 0.121891 0.361704 0.0131861 0.00415791 0.169859 0 0 0.00366611 0 0.10088 0 0 0 0 
0.756 0.121441 0.36178 0.0132765 0.00421951 0.168833 0 0 0.00368447 0 0.100261 0 0 0 0 
0.754 0.120992 0.361856 0.0133672 0.00428153 0.167808 0 0 0.00370254 0 0.099641 0 0 0 0 
0.752 0.120543 0.361932 0.0134584 0.00434396 0.166784 0 0 0.00372031 0 0.0990206 0 0 0 0 
0.75 0.120094 0.362007 0.0135498 0.0044068 0.165761 0 0 0.0037378 0 0.0983997 0 0 0 0 
0.748 0.119645 0.362082 0.0136417 0.00447005 0.164739 0 0 0.00375498 0 0.0977785 0 0 0 0 
0.746 0.119196 0.362157 0.0137339 0.0045337 0.163718 0 0 0.00377186 0 0.0971567 0 0 0 0 
0.744 0.118747 0.362232 0.0138265 0.00459777 0.162697 0 0 0.00378843 0 0.0965346 0 0 0 0 
0.742 0.118298 0.362307 0.0139195 0.00466225 0.161678 0 0 0.0038047 0 0.095912 0 0 0 0 
0.74 0.117849 0.362381 0.0140128 0.00472714 0.16066 0 0 0.00382064 0 0.0952889 0 0 0 0 
0.738 0.117401 0.362455 0.0141065 0.00479243 0.159642 0 0 0.00383627 0 0.0946655 0 0 0 0 
0.736 0.116952 0.362529 0.0142005 0.00485813 0.158626 0 0 0.00385157 0 0.0940416 0 0 0 0 
0.734 0.116503 0.362602 0.0142949 0.00492423 0.157611 0 0 0.00386655 0 0.0934172 0 0 0 0 
0.732 0.116054 0.362676 0.0143897 0.00499074 0.156596 0 0 0.0038812 0 0.0927925 0 0 0 0 
0.73 0.115605 0.362749 0.0144848 0.00505766 0.155583 0 0 0.00389551 0 0.0921673 0 0 0 0 
0.728 0.115157 0.362821 0.0145803 0.00512498 0.154571 0 0 0.00390948 0 0.0915417 0 0 0 0 
0.726 0.114708 0.362894 0.0146762 0.0051927 0.15356 0 0 0.0039231 0 0.0909157 0 0 0 0 
0.724 0.114259 0.362966 0.0147724 0.00526082 0.152549 0 0 0.00393638 0 0.0902893 0 0 0 0 
0.722 0.11381 0.363038 0.014869 0.00532935 0.15154 0 0 0.00394931 0 0.0896625 0 0 0 0 
0.72 0.113361 0.36311 0.0149659 0.00539827 0.150532 0 0 0.00396188 0 0.0890353 0 0 0 0 
0.718 0.112912 0.363181 0.0150632 0.0054676 0.149525 0 0 0.00397409 0 0.0884076 0 0 0 0 
0.716 0.112464 0.363252 0.0151608 0.00553732 0.148519 0 0 0.00398593 0 0.0877796 0 0 0 0 
0.714 0.112015 0.363323 0.0152588 0.00560744 0.147514 0 0 0.00399741 0 0.0871512 0 0 0 0 
0.712 0.111566 0.363393 0.0153572 0.00567796 0.14651 0 0 0.00400851 0 0.0865224 0 0 0 0 
0.71 0.111117 0.363463 0.0154559 0.00574888 0.145507 0 0 0.00401923 0 0.0858932 0 0 0 0 
0.708 0.110668 0.363533 0.0155549 0.00582019 0.144506 0 0 0.00402958 0 0.0852636 0 0 0 0 
0.706 0.110219 0.363602 0.0156543 0.00589189 0.143505 0 0 0.00403953 0 0.0846336 0 0 0 0 
0.704 0.10977 0.363671 0.0157541 0.00596399 0.142506 0 0 0.0040491 0 0.0840033 0 0 0 0 
0.702 0.109321 0.36374 0.0158542 0.00603648 0.141508 0 0 0.00405827 0 0.0833725 0 0 0 0 
0.7 0.108873 0.363809 0.0159547 0.00610936 0.14051 0 0 0.00406704 0 0.0827414 0 0 0 0 
0.698 0.108423 0.363877 0.0160555 0.00618263 0.139514 0 0 0.00407541 0 0.08211 0 0 0 0 
0.696 0.107974 0.363944 0.0161566 0.00625629 0.13852 0 0 0.00408337 0 0.0814781 0 0 0 0 
0.694 0.107525 0.364012 0.0162581 0.00633034 0.137526 0 0 0.00409091 0 0.080846 0 0 0 0 
0.692 0.107076 0.364079 0.01636 0.00640477 0.136533 0 0 0.00409804 0 0.0802134 0 0 0 0 
0.69 0.106627 0.364146 0.0164622 0.00647959 0.135542 0 0 0.00410475 0 0.0795805 0 0 0 0 
0.688 0.106178 0.364212 0.0165647 0.0065548 0.134552 0 0 0.00411103 0 0.0789473 0 0 0 0 
0.686 0.105729 0.364278 0.0166676 0.00663039 0.133563 0 0 0.00411688 0 0.0783137 0 0 0 0 
0.684 0.105279 0.364344 0.0167708 0.00670636 0.132575 0 0 0.0041223 0 0.0776798 0 0 0 0 
0.682 0.10483 0.364409 0.0168743 0.00678271 0.131589 0 0 0.00412728 0 0.0770455 0 0 0 0 
0.68 0.10438 0.364474 0.0169782 0.00685944 0.130603 0 0 0.00413181 0 0.076411 0 0 0 0 
0.678 0.103931 0.364538 0.0170824 0.00693655 0.129619 0 0 0.00413589 0 0.0757761 0 0 0 0 
0.676 0.103481 0.364602 0.017187 0.00701403 0.128636 0 0 0.00413952 0 0.0751408 0 0 0 0 
0.674 0.103032 0.364666 0.0172918 0.0070919 0.127655 0 0 0.00414268 0 0.0745053 0 0 0 0 
0.672 0.102582 0.364729 0.0173971 0.00717013 0.126674 0 0 0.00414539 0 0.0738694 0 0 0 0 
0.67 0.102132 0.364792 0.0175026 0.00724874 0.125695 0 0 0.00414763 0 0.0732333 0 0 0 0 
0.668 0.101682 0.364854 0.0176085 0.00732772 0.124717 0 0 0.00414939 0 0.0725968 0 0 0 0 
0.666 0.101232 0.364916 0.0177147 0.00740707 0.123741 0 0 0.00415068 0 0.07196 0 0 0 0 
0.664 0.100782 0.364978 0.0178212 0.00748678 0.122765 0 0 0.00415148 0 0.071323 0 0 0 0 
0.662 0.100332 0.365039 0.017928 0.00756687 0.121792 0 0 0.0041518 0 0.0706857 0 0 0 0 
0.66 0.0998822 0.365099 0.0180352 0.00764731 0.120819 0 0 0.00415162 0 0.0700481 0 0 0 0 
0.658 0.0994319 0.365159 0.0181427 0.00772813 0.119848 0 0 0.00415095 0 0.0694102 0 0 0 0 
0.656 0.0989816 0.365219 0.0182505 0.0078093 0.118878 0 0 0.00414978 0 0.068772 0 0 0 0 
0.654 0.0985311 0.365278 0.0183586 0.00789083 0.117909 0 0 0.00414809 0 0.0681336 0 0 0 0 
0.652 0.0980806 0.365337 0.018467 0.00797272 0.116942 0 0 0.0041459 0 0.0674949 0 0 0 0 
0.65 0.0976299 0.365395 0.0185758 0.00805497 0.115976 0 0 0.00414318 0 0.066856 0 0 0 0 
0.648 0.0971792 0.365453 0.0186848 0.00813758 0.115011 0 0 0.00413995 0 0.0662168 0 0 0 0 
0.646 0.0967283 0.36551 0.0187942 0.00822053 0.114048 0 0 0.00413618 0 0.0655774 0 0 0 0 
0.644 0.0962773 0.365567 0.0189039 0.00830384 0.113086 0 0 0.00413189 0 0.0649378 0 0 0 0 
0.642 0.0958263 0.365623 0.0190138 0.00838749 0.112126 0 0 0.00412705 0 0.0642979 0 0 0 0 
0.64 0.0953751 0.365679 0.0191241 0.0084715 0.111167 0 0 0.00412167 0 0.0636578 0 0 0 0 
0.638 0.0949238 0.365734 0.0192347 0.00855584 0.110209 0 0 0.00411574 0 0.0630175 0 0 0 0 
0.636 0.0944723 0.365788 0.0193455 0.00864054 0.109253 0 0 0.00410926 0 0.062377 0 0 0 0 
0.634 0.0940208 0.365842 0.0194567 0.00872557 0.108299 0 0 0.00410222 0 0.0617363 0 0 0 0 
0.632 0.0935691 0.365896 0.0195682 0.00881094 0.107345 0 0 0.00409461 0 0.0610954 0 0 0 0 
0.63 0.0931173 0.365948 0.0196799 0.00889664 0.106394 0 0 0.00408643 0 0.0604543 0 0 0 0 
0.628 0.0926654 0.366001 0.0197919 0.00898269 0.105443 0 0 0.00407768 0 0.0598131 0 0 0 0 
0.626 0.0922133 0.366052 0.0199043 0.00906906 0.104494 0 0 0.00406834 0 0.0591716 0 0 0 0 
0.624 0.0917611 0.366103 0.0200169 0.00915576 0.103547 0 0 0.00405842 0 0.0585301 0 0 0 0 
0.622 0.0913088 0.366154 0.0201298 0.00924279 0.102601 0 0 0.0040479 0 0.0578883 0 0 0 0 
0.62 0.0908563 0.366204 0.0202429 0.00933015 0.101657 0 0 0.00403679 0 0.0572464 0 0 0 0 
0.618 0.0904037 0.366253 0.0203563 0.00941783 0.100714 0 0 0.00402506 0 0.0566044 0 0 0 0 
0.616 0.0899509 0.366301 0.0204701 0.00950583 0.0997729 0 0 0.00401273 0 0.0559623 0 0 0 0 
0.614 0.089498 0.366349 0.020584 0.00959414 0.0988331 0 0 0.00399978 0 0.05532 0 0 0 0 
0.612 0.0890449 0.366396 0.0206983 0.00968277 0.097895 0 0 0.00398621 0 0.0546777 0 0 0 0 
0.61 0.0885917 0.366443 0.0208128 0.00977172 0.0969584 0 0 0.00397201 0 0.0540352 0 0 0 0 
0.608 0.0881383 0.366489 0.0209275 0.00986097 0.0960234 0 0 0.00395718 0 0.0533926 0 0 0 0 
0.606 0.0876848 0.366534 0.0210426 0.00995053 0.0950899 0 0 0.00394171 0 0.05275 0 0 0 0 
0.604 0.0872311 0.366578 0.0211578 0.0100404 0.0941581 0 0 0.00392558 0 0.0521073 0 0 0 0 
0.602 0.0867772 0.366622 0.0212734 0.0101306 0.0932279 0 0 0.00390881 0 0.0514645 0 0 0 0 
0.6 0.0863232 0.366664 0.0213891 0.010221 0.0922993 0 0 0.00389137 0 0.0508217 0 0 0 0 
0.598 0.085869 0.366707 0.0215052 0.0103118 0.0913724 0 0 0.00387327 0 0.0501788 0 0 0 0 
0.596 0.0854146 0.366748 0.0216214 0.0104028 0.090447 0 0 0.0038545 0 0.0495359 0 0 0 0 
0.594 0.0849601 0.366788 0.0217379 0.0104941 0.0895234 0 0 0.00383505 0 0.048893 0 0 0 0 
0.592 0.0845054 0.366828 0.0218546 0.0105858 0.0886014 0 0 0.00381491 0 0.0482501 0 0 0 0 
0.59 0.0840505 0.366867 0.0219716 0.0106777 0.0876811 0 0 0.00379408 0 0.0476072 0 0 0 0 
0.588 0.0835954 0.366905 0.0220888 0.0107698 0.0867625 0 0 0.00377255 0 0.0469643 0 0 0 0 
0.586 0.0831402 0.366943 0.0222062 0.0108623 0.0858456 0 0 0.00375032 0 0.0463214 0 0 0 0 
0.584 0.0826848 0.366979 0.0223238 0.010955 0.0849304 0 0 0.00372737 0 0.0456786 0 0 0 0 
0.582 0.0822292 0.367014 0.0224416 0.011048 0.0840169 0 0 0.00370371 0 0.0450358 0 0 0 0 
0.58 0.0817734 0.367049 0.0225597 0.0111413 0.0831052 0 0 0.00367931 0 0.0443931 0 0 0 0 
0.578 0.0813174 0.367083 0.0226779 0.0112348 0.0821952 0 0 0.00365419 0 0.0437505 0 0 0 0 
0.576 0.0808612 0.367116 0.0227964 0.0113286 0.0812869 0 0 0.00362832 0 0.043108 0 0 0 0 
0.574 0.0804049 0.367147 0.022915 0.0114226 0.0803805 0 0 0.0036017 0 0.0424656 0 0 0 0 
0.572 0.0799483 0.367178 0.0230338 0.0115168 0.0794758 0 0 0.00357433 0 0.0418233 0 0 0 0 
0.57 0.0794916 0.367208 0.0231528 0.0116114 0.078573 0 0 0.0035462 0 0.0411812 0 0 0 0 
0.568 0.0790346 0.367237 0.023272 0.0117061 0.0776719 0 0 0.00351729 0 0.0405392 0 0 0 0 
0.566 0.0785775 0.367265 0.0233914 0.0118011 0.0767727 0 0 0.00348761 0 0.0398974 0 0 0 0 
0.564 0.0781202 0.367292 0.0235109 0.0118963 0.0758753 0 0 0.00345714 0 0.0392558 0 0 0 0 
0.562 0.0776626 0.367317 0.0236307 0.0119917 0.0749797 0 0 0.00342587 0 0.0386144 0 0 0 0 
0.56 0.0772049 0.367342 0.0237505 0.0120874 0.074086 0 0 0.00339381 0 0.0379732 0 0 0 0 
0.558 0.076747 0.367366 0.0238705 0.0121832 0.0731942 0 0 0.00336093 0 0.0373323 0 0 0 0 
0.556 0.0762889 0.367388 0.0239907 0.0122793 0.0723042 0 0 0.00332724 0 0.0366916 0 0 0 0 
0.554 0.0758305 0.367409 0.024111 0.0123756 0.0714162 0 0 0.00329272 0 0.0360512 0 0 0 0 
0.552 0.075372 0.367429 0.0242314 0.0124721 0.07053 0 0 0.00325737 0 0.0354111 0 0 0 0 
0.55 0.0749133 0.367448 0.024352 0.0125687 0.0696458 0 0 0.00322117 0 0.0347714 0 0 0 0 
0.548 0.0744544 0.367466 0.0244727 0.0126656 0.0687635 0 0 0.00318412 0 0.034132 0 0 0 0 
0.546 0.0739953 0.367482 0.0245935 0.0127626 0.0678832 0 0 0.00314621 0 0.033493 0 0 0 0 
0.544 0.073536 0.367497 0.0247144 0.0128598 0.0670048 0 0 0.00310744 0 0.0328543 0 0 0 0 
0.542 0.0730765 0.367511 0.0248354 0.0129572 0.0661283 0 0 0.00306778 0 0.0322161 0 0 0 0 
0.54 0.0726168 0.367524 0.0249565 0.0130547 0.0652539 0 0 0.00302724 0 0.0315783 0 0 0 0 
0.538 0.0721569 0.367535 0.0250777 0.0131524 0.0643814 0 0 0.00298581 0 0.030941 0 0 0 0 
0.536 0.0716968 0.367545 0.0251989 0.0132502 0.063511 0 0 0.00294347 0 0.0303042 0 0 0 0 
0.534 0.0712365 0.367553 0.0253202 0.0133482 0.0626426 0 0 0.00290022 0 0.0296679 0 0 0 0 
0.532 0.0707761 0.36756 0.0254416 0.0134463 0.0617761 0 0 0.00285604 0 0.0290321 0 0 0 0 
0.53 0.0703154 0.367565 0.025563 0.0135445 0.0609118 0 0 0.00281093 0 0.0283969 0 0 0 0 
0.528 0.0698546 0.367569 0.0256845 0.0136428 0.0600494 0 0 0.00276488 0 0.0277624 0 0 0 0 
0.526 0.0693936 0.367571 0.025806 0.0137412 0.0591892 0 0 0.00271788 0 0.0271285 0 0 0 0 
0.524 0.0689324 0.367571 0.0259275 0.0138398 0.058331 0 0 0.00266992 0 0.0264952 0 0 0 0 
0.522 0.068471 0.36757 0.026049 0.0139384 0.0574749 0 0 0.00262099 0 0.0258627 0 0 0 0 
0.52 0.0680095 0.367568 0.0261705 0.014037 0.0566208 0 0 0.00257108 0 0.0252309 0 0 0 0 
0.518 0.0675478 0.367563 0.026292 0.0141358 0.0557689 0 0 0.00252019 0 0.0245999 0 0 0 0 
0.516 0.067086 0.367557 0.0264134 0.0142346 0.0549191 0 0 0.00246829 0 0.0239698 0 0 0 0 
0.514 0.066624 0.367549 0.0265348 0.0143334 0.0540714 0 0 0.00241539 0 0.0233405 0 0 0 0 
0.512 0.0661619 0.367539 0.0266561 0.0144322 0.0532258 0 0 0.00236147 0 0.0227121 0 0 0 0 
0.51 0.0656997 0.367527 0.0267774 0.0145311 0.0523824 0 0 0.00230652 0 0.0220847 0 0 0 0 
0.508 0.0652373 0.367513 0.0268985 0.01463 0.0515411 0 0 0.00225054 0 0.0214583 0 0 0 0 
0.506 0.0647748 0.367497 0.0270196 0.0147288 0.0507019 0 0 0.00219352 0 0.0208329 0 0 0 0 
0.504 0.0643123 0.367479 0.0271405 0.0148276 0.0498649 0 0 0.00213545 0 0.0202087 0 0 0 0 
0.502 0.0638496 0.367458 0.0272613 0.0149264 0.0490301 0 0 0.00207631 0 0.0195856 0 0 0 0 
0.5 0.0633869 0.367436 0.0273819 0.0150251 0.0481974 0 0 0.00201611 0 0.0189637 0 0 0 0 
0.498 0.0629241 0.367411 0.0275023 0.0151238 0.0473669 0 0 0.00195483 0 0.0183432 0 0 0 0 
0.496 0.0624612 0.367384 0.0276225 0.0152223 0.0465385 0 0 0.00189248 0 0.0177239 0 0 0 0 
0.494 0.0619984 0.367354 0.0277425 0.0153207 0.0457123 0 0 0.00182904 0 0.0171062 0 0 0 0 
0.492 0.0615355 0.367322 0.0278622 0.0154189 0.0448882 0 0 0.0017645 0 0.0164899 0 0 0 0 
0.49 0.0610727 0.367287 0.0279816 0.015517 0.0440663 0 0 0.00169888 0 0.0158751 0 0 0 0 
0.488 0.0606099 0.367249 0.0281007 0.0156149 0.0432466 0 0 0.00163216 0 0.0152621 0 0 0 0 
0.486 0.0601471 0.367209 0.0282195 0.0157125 0.0424289 0 0 0.00156436 0 0.0146508 0 0 0 0 
0.484 0.0596845 0.367165 0.0283378 0.0158099 0.0416134 0 0 0.00149546 0 0.0140413 0 0 0 0 
0.482 0.059222 0.367119 0.0284557 0.015907 0.0408 0 0 0.00142548 0 0.0134338 0 0 0 0 
0.48 0.0587597 0.367069 0.0285732 0.0160038 0.0399886 0 0 0.00135442 0 0.0128283 0 0 0 0 
0.478 0.0582976 0.367016 0.0286901 0.0161002 0.0391793 0 0 0.00128231 0 0.012225 0 0 0 0 
0.476 0.0578358 0.366959 0.0288064 0.0161962 0.038372 0 0 0.00120916 0 0.011624 0 0 0 0 
0.474 0.0573743 0.366899 0.0289221 0.0162917 0.0375666 0 0 0.001135 0 0.0110255 0 0 0 0 
0.472 0.0569133 0.366834 0.0290372 0.0163867 0.0367632 0 0 0.00105986 0 0.0104295 0 0 0 0 
0.47 0.0564526 0.366766 0.0291514 0.0164812 0.0359616 0 0 0.000983798 0 0.00983628 0 0 0 0 
0.468 0.0559926 0.366693 0.0292648 0.016575 0.0351617 0 0 0.000906868 0 0.00924598 0 0 0 0 
0.466 0.0555332 0.366615 0.0293772 0.016668 0.0343635 0 0 0.000829152 0 0.00865878 0 0 0 0 
0.464 0.0550745 0.366533 0.0294886 0.0167602 0.0335669 0 0 0.000750753 0 0.00807491 0 0 0 0 
0.462 0.0546168 0.366445 0.0295988 0.0168516 0.0327717 0 0 0.000671809 0 0.0074946 0 0 0 0 
0.46 0.0541601 0.366352 0.0297077 0.0169418 0.0319777 0 0 0.000592499 0 0.00691809 0 0 0 0 
0.458 0.0537048 0.366252 0.0298151 0.0170309 0.0311847 0 0 0.000513063 0 0.00634568 0 0 0 0 
0.456 0.0532509 0.366145 0.0299208 0.0171186 0.0303925 0 0 0.000433828 0 0.00577766 0 0 0 0 
0.454 0.0527989 0.366031 0.0300245 0.0172048 0.0296006 0 0 0.000355247 0 0.00521437 0 0 0 0 
0.452 0.0523492 0.365908 0.030126 0.0172891 0.0288087 0 0 0.000277973 0 0.00465617 0 0 0 0 
0.45 0.0519022 0.365775 0.0302247 0.0173711 0.0280161 0 0 0.000202982 0 0.00410342 0 0 0 0 
0.448 0.0514589 0.365631 0.0303201 0.0174505 0.027222 0 0 0.00013183 0 0.0035564 0 0 0 0 
0.446 0.0510203 0.365472 0.0304114 0.0175264 0.026425 0 0 6.72866e-05 0 0.00301514 0 0 0 0 
0.444 0.0505887 0.365295 0.030497 0.0175977 0.0256227 0 0 1.54694e-05 0 0.00247855 0 0 0 0 
0.442 0.0501708 0.365083 0.0305724 0.0176605 0.0248084 0 0 0 0 0.00193784 0 0 0 0 
0.44 0.0497641 0.364843 0.0306388 0.0177157 0.023983 0 0 0 0 0.00140964 0 0 0 0 
0.438 0.0493684 0.364577 0.0306956 0.0177631 0.0231452 0 0 0 0 0.00090967 0 0 0 0 
0.436 0.0489894 0.364272 0.0307383 0.0177987 0.0222861 0 0 0 0 0.00045232 0 0 0 0 
0.434 0.0486433 0.363898 0.0307543 0.017812 0.0213815 0 0 0 0 7.70913e-05 0 0 0 0 
0.432 0.0484195 0.363284 0.0306742 0.0177453 0.0202966 0 0 0 0 0 0 0 0 0 
0.43 0.0482257 0.362599 0.0305685 0.0176572 0.0191753 0 0 0 0 0 0 0 0 0 
0.428 0.0480299 0.361903 0.0304617 0.0175683 0.0180675 0 0 0 0 0 0 0 0 0 
0.426 0.0478319 0.361194 0.0303536 0.0174783 0.0169736 0 0 0 0 0 0 0 0 0 
0.424 0.0476317 0.360474 0.0302443 0.0173874 0.0158944 0 0 0 0 0 0 0 0 0 
0.422 0.0474292 0.35974 0.0301337 0.0172955 0.0148303 0 0 0 0 0 0 0 0 0 
0.42 0.0472242 0.358993 0.0300218 0.0172025 0.0137823 0 0 0 0 0 0 0 0 0 
0.418 0.0470167 0.358232 0.0299084 0.0171083 0.0127512 0 0 0 0 0 0 0 0 0 
0.416 0.0468065 0.357456 0.0297935 0.017013 0.0117377 0 0 0 0 0 0 0 0 0 
0.414 0.0465934 0.356664 0.029677 0.0169164 0.0107431 0 0 0 0 0 0 0 0 0 
0.412 0.0463772 0.355854 0.0295588 0.0168184 0.00976839 0 0 0 0 0 0 0 0 0 
0.41 0.0461579 0.355027 0.0294388 0.016719 0.00881489 0 0 0 0 0 0 0 0 0 
0.408 0.0459351 0.354181 0.0293169 0.0166181 0.00788408 0 0 0 0 0 0 0 0 0 
0.406 0.0457085 0.353314 0.029193 0.0165156 0.00697768 0 0 0 0 0 0 0 0 0 
0.404 0.045478 0.352424 0.0290668 0.0164112 0.00609768 0 0 0 0 0 0 0 0 0 
0.402 0.0452431 0.35151 0.0289382 0.0163049 0.00524644 0 0 0 0 0 0 0 0 0 
0.4 0.0450034 0.35057 0.0288068 0.0161965 0.00442679 0 0 0 0 0 0 0 0 0 
0.398 0.0447583 0.349599 0.0286726 0.0160857 0.00364222 0 0 0 0 0 0 0 0 0 
0.396 0.0445072 0.348596 0.0285349 0.0159723 0.00289714 0 0 0 0 0 0 0 0 0 
0.394 0.0442491 0.347554 0.0283934 0.0158557 0.00219729 0 0 0 0 0 0 0 0 0 
0.392 0.043983 0.346466 0.0282474 0.0157355 0.00155057 0 0 0 0 0 0 0 0 0 
0.39 0.0437068 0.345325 0.0280959 0.0156109 0.000968564 0 0 0 0 0 0 0 0 0 
0.388 0.0434177 0.344112 0.0279372 0.0154805 0.000470478 0 0 0 0 0 0 0 0 0 
0.386 0.0431093 0.342794 0.0277678 0.0153414 9.70091e-05 0 0 0 0 0 0 0 0 0 
0.384 0.0427577 0.341242 0.0275747 0.015183 0 0 0 0 0 0 0 0 0 0 
0.382 0.0423913 0.339609 0.0273732 0.015018 0 0 0 0 0 0 0 0 0 0 
0.38 0.0420252 0.337975 0.0271719 0.0148533 0 0 0 0 0 0 0 0 0 0 
0.378 0.0416594 0.336341 0.0269706 0.0146888 0 0 0 0 0 0 0 0 0 0 
0.376 0.041294 0.334706 0.0267694 0.0145246 0 0 0 0 0 0 0 0 0 0 
0.374 0.040929 0.333071 0.0265683 0.0143607 0 0 0 0 0 0 0 0 0 0 
0.372 0.0405644 0.331436 0.0263673 0.0141971 0 0 0 0 0 0 0 0 0 0 
0.37 0.0402002 0.3298 0.0261665 0.0140338 0 0 0 0 0 0 0 0 0 0 
0.368 0.0398365 0.328163 0.0259657 0.0138708 0 0 0 0 0 0 0 0 0 0 
0.366 0.0394732 0.326527 0.0257651 0.0137081 0 0 0 0 0 0 0 0 0 0 
0.364 0.0391104 0.32489 0.0255646 0.0135458 0 0 0 0 0 0 0 0 0 0 
0.362 0.0387481 0.323252 0.0253643 0.0133838 0 0 0 0 0 0 0 0 0 0 
0.36 0.0383864 0.321614 0.0251642 0.0132222 0 0 0 0 0 0 0 0 0 0 
0.358 0.0380251 0.319975 0.0249642 0.0130609 0 0 0 0 0 0 0 0 0 0 
0.356 0.0376644 0.318336 0.0247644 0.0129 0 0 0 0 0 0 0 0 0 0 
0.354 0.0373043 0.316696 0.0245648 0.0127395 0 0 0 0 0 0 0 0 0 0 
0.352 0.0369448 0.315055 0.0243653 0.0125794 0 0 0 0 0 0 0 0 0 0 
0.35 0.0365859 0.313414 0.0241661 0.0124197 0 0 0 0 0 0 0 0 0 0 
0.348 0.0362276 0.311772 0.0239671 0.0122605 0 0 0 0 0 0 0 0 0 0 
0.346 0.03587 0.31013 0.0237683 0.0121016 0 0 0 0 0 0 0 0 0 0 
0.344 0.035513 0.308487 0.0235698 0.0119432 0 0 0 0 0 0 0 0 0 0 
0.342 0.0351568 0.306843 0.0233715 0.0117853 0 0 0 0 0 0 0 0 0 0 
0.34 0.0348013 0.305199 0.0231735 0.0116278 0 0 0 0 0 0 0 0 0 0 
0.338 0.0344465 0.303553 0.0229757 0.0114708 0 0 0 0 0 0 0 0 0 0 
0.336 0.0340925 0.301907 0.0227783 0.0113142 0 0 0 0 0 0 0 0 0 0 
0.334 0.0337393 0.300261 0.0225811 0.0111582 0 0 0 0 0 0 0 0 0 0 
0.332 0.0333869 0.298613 0.0223842 0.0110027 0 0 0 0 0 0 0 0 0 0 
0.33 0.0330354 0.296965 0.0221877 0.0108477 0 0 0 0 0 0 0 0 0 0 
0.328 0.0326847 0.295315 0.0219914 0.0106933 0 0 0 0 0 0 0 0 0 0 
0.326 0.0323349 0.293665 0.0217955 0.0105394 0 0 0 0 0 0 0 0 0 0 
0.324 0.0319861 0.292014 0.0216 0.010386 0 0 0 0 0 0 0 0 0 0 
0.322 0.0316381 0.290362 0.0214048 0.0102333 0 0 0 0 0 0 0 0 0 0 
0.32 0.0312912 0.288709 0.0212101 0.0100811 0 0 0 0 0 0 0 0 0 0 
0.318 0.0309452 0.287055 0.0210157 0.00992957 0 0 0 0 0 0 0 0 0 0 
0.316 0.0306003 0.2854 0.0208217 0.00977863 0 0 0 0 0 0 0 0 0 0 
0.314 0.0302564 0.283744 0.0206281 0.00962832 0 0 0 0 0 0 0 0 0 0 
0.312 0.0299136 0.282086 0.020435 0.00947866 0 0 0 0 0 0 0 0 0 0 
0.31 0.0295719 0.280428 0.0202423 0.00932965 0 0 0 0 0 0 0 0 0 0 
0.308 0.0292313 0.278769 0.02005 0.00918132 0 0 0 0 0 0 0 0 0 0 
0.306 0.0288919 0.277108 0.0198583 0.00903367 0 0 0 0 0 0 0 0 0 0 
0.304 0.0285537 0.275446 0.019667 0.00888673 0 0 0 0 0 0 0 0 0 0 
0.302 0.0282167 0.273783 0.0194762 0.0087405 0 0 0 0 0 0 0 0 0 0 
0.3 0.0278809 0.272119 0.0192859 0.008595 0 0 0 0 0 0 0 0 0 0 
0.298 0.0275465 0.270454 0.0190962 0.00845025 0 0 0 0 0 0 0 0 0 0 
0.296 0.0272133 0.268787 0.018907 0.00830625 0 0 0 0 0 0 0 0 0 0 
0.294 0.0268814 0.267119 0.0187184 0.00816303 0 0 0 0 0 0 0 0 0 0 
0.292 0.0265509 0.265449 0.0185303 0.0080206 0 0 0 0 0 0 0 0 0 0 
0.29 0.0262219 0.263778 0.0183429 0.00787897 0 0 0 0 0 0 0 0 0 0 
0.288 0.0258942 0.262106 0.018156 0.00773817 0 0 0 0 0 0 0 0 0 0 
0.286 0.025568 0.260432 0.0179698 0.00759819 0 0 0 0 0 0 0 0 0 0 
0.284 0.0252432 0.258757 0.0177842 0.00745906 0 0 0 0 0 0 0 0 0 0 
0.282 0.02492 0.25708 0.0175992 0.0073208 0 0 0 0 0 0 0 0 0 0 
0.28 0.0245983 0.255402 0.0174149 0.00718342 0 0 0 0 0 0 0 0 0 0 
0.278 0.0242782 0.253722 0.0172313 0.00704693 0 0 0 0 0 0 0 0 0 0 
0.276 0.0239597 0.25204 0.0170484 0.00691134 0 0 0 0 0 0 0 0 0 0 
0.274 0.0236428 0.250357 0.0168661 0.00677668 0 0 0 0 0 0 0 0 0 0 
0.272 0.0233276 0.248672 0.0166846 0.00664296 0 0 0 0 0 0 0 0 0 0 
0.27 0.0230141 0.246986 0.0165039 0.00651019 0 0 0 0 0 0 0 0 0 0 
0.268 0.0227023 0.245298 0.0163239 0.00637839 0 0 0 0 0 0 0 0 0 0 
0.266 0.0223923 0.243608 0.0161447 0.00624758 0 0 0 0 0 0 0 0 0 0 
0.264 0.022084 0.241916 0.0159662 0.00611776 0 0 0 0 0 0 0 0 0 0 
0.262 0.0217775 0.240222 0.0157886 0.00598895 0 0 0 0 0 0 0 0 0 0 
0.26 0.0214729 0.238527 0.0156118 0.00586117 0 0 0 0 0 0 0 0 0 0 
0.258 0.0211702 0.23683 0.0154358 0.00573443 0 0 0 0 0 0 0 0 0 0 
0.256 0.0208694 0.235131 0.0152606 0.00560875 0 0 0 0 0 0 0 0 0 0 
0.254 0.0205705 0.23343 0.0150864 0.00548413 0 0 0 0 0 0 0 0 0 0 
0.252 0.0202735 0.231726 0.0149129 0.0053606 0 0 0 0 0 0 0 0 0 0 
0.25 0.0199786 0.230021 0.0147404 0.00523817 0 0 0 0 0 0 0 0 0 0 
0.248 0.0196857 0.228314 0.0145688 0.00511685 0 0 0 0 0 0 0 0 0 0 
0.246 0.0193948 0.226605 0.0143981 0.00499666 0 0 0 0 0 0 0 0 0 0 
0.244 0.0191059 0.224894 0.0142283 0.0048776 0 0 0 0 0 0 0 0 0 0 
0.242 0.0188192 0.223181 0.0140595 0.00475969 0 0 0 0 0 0 0 0 0 0 
0.24 0.0185346 0.221465 0.0138917 0.00464295 0 0 0 0 0 0 0 0 0 0 
0.238 0.0182522 0.219748 0.0137248 0.00452739 0 0 0 0 0 0 0 0 0 0 
0.236 0.0179719 0.218028 0.0135589 0.00441302 0 0 0 0 0 0 0 0 0 0 
0.234 0.0176938 0.216306 0.013394 0.00429985 0 0 0 0 0 0 0 0 0 0 
0.232 0.017418 0.214582 0.0132301 0.00418789 0 0 0 0 0 0 0 0 0 0 
0.23 0.0171444 0.212856 0.0130672 0.00407716 0 0 0 0 0 0 0 0 0 0 
0.228 0.0168731 0.211127 0.0129054 0.00396766 0 0 0 0 0 0 0 0 0 0 
0.226 0.016604 0.209396 0.0127446 0.00385942 0 0 0 0 0 0 0 0 0 0 
0.224 0.0163373 0.207663 0.0125849 0.00375243 0 0 0 0 0 0 0 0 0 0 
0.222 0.0160729 0.205927 0.0124262 0.00364671 0 0 0 0 0 0 0 0 0 0 
0.22 0.0158109 0.204189 0.0122686 0.00354227 0 0 0 0 0 0 0 0 0 0 
0.218 0.0155513 0.202449 0.0121121 0.00343913 0 0 0 0 0 0 0 0 0 0 
0.216 0.015294 0.200706 0.0119567 0.00333728 0 0 0 0 0 0 0 0 0 0 
0.214 0.0150392 0.198961 0.0118025 0.00323674 0 0 0 0 0 0 0 0 0 0 
0.212 0.0147868 0.197213 0.0116493 0.00313751 0 0 0 0 0 0 0 0 0 0 
0.21 0.0145368 0.195463 0.0114972 0.00303961 0 0 0 0 0 0 0 0 0 0 
0.208 0.0142893 0.193711 0.0113463 0.00294304 0 0 0 0 0 0 0 0 0 0 
0.206 0.0140443 0.191956 0.0111965 0.00284782 0 0 0 0 0 0 0 0 0 0 
0.204 0.0138017 0.190198 0.0110478 0.00275394 0 0 0 0 0 0 0 0 0 0 
0.202 0.0135617 0.188438 0.0109003 0.00266142 0 0 0 0 0 0 0 0 0 0 
0.2 0.0133242 0.186676 0.0107539 0.00257025 0 0 0 0 0 0 0 0 0 0 
0.198 0.0130891 0.184911 0.0106087 0.00248045 0 0 0 0 0 0 0 0 0 0 
0.196 0.0128566 0.183143 0.0104646 0.00239203 0 0 0 0 0 0 0 0 0 0 
0.194 0.0126267 0.181373 0.0103217 0.00230498 0 0 0 0 0 0 0 0 0 0 
0.192 0.0123992 0.179601 0.0101799 0.00221931 0 0 0 0 0 0 0 0 0 0 
0.19 0.0121744 0.177826 0.0100393 0.00213503 0 0 0 0 0 0 0 0 0 0 
0.188 0.011952 0.176048 0.00989987 0.00205214 0 0 0 0 0 0 0 0 0 0 
0.186 0.0117322 0.174268 0.00976156 0.00197065 0 0 0 0 0 0 0 0 0 0 
0.184 0.0115149 0.172485 0.0096244 0.00189055 0 0 0 0 0 0 0 0 0 0 
0.182 0.0113002 0.1707 0.00948838 0.00181185 0 0 0 0 0 0 0 0 0 0 
0.18 0.011088 0.168912 0.0093535 0.00173455 0 0 0 0 0 0 0 0 0 0 
0.178 0.0108784 0.167122 0.00921974 0.00165866 0 0 0 0 0 0 0 0 0 0 
0.176 0.0106713 0.165329 0.00908711 0.00158417 0 0 0 0 0 0 0 0 0 0 
0.174 0.0104667 0.163533 0.00895559 0.0015111 0 0 0 0 0 0 0 0 0 0 
0.172 0.0102646 0.161735 0.00882517 0.00143943 0 0 0 0 0 0 0 0 0 0 
0.17 0.010065 0.159935 0.00869584 0.00136918 0 0 0 0 0 0 0 0 0 0 
0.168 0.00986791 0.158132 0.00856758 0.00130034 0 0 0 0 0 0 0 0 0 0 
0.166 0.00967329 0.156327 0.00844037 0.00123291 0 0 0 0 0 0 0 0 0 0 
0.164 0.00948112 0.154519 0.00831421 0.00116691 0 0 0 0 0 0 0 0 0 0 
0.162 0.00929139 0.152709 0.00818907 0.00110232 0 0 0 0 0 0 0 0 0 0 
0.16 0.00910409 0.150896 0.00806493 0.00103916 0 0 0 0 0 0 0 0 0 0 
0.158 0.00891919 0.149081 0.00794177 0.000977419 0 0 0 0 0 0 0 0 0 0 
0.156 0.00873667 0.147263 0.00781956 0.000917112 0 0 0 0 0 0 0 0 0 0 
0.154 0.00855652 0.145443 0.00769828 0.000858238 0 0 0 0 0 0 0 0 0 0 
0.152 0.0083787 0.143621 0.00757789 0.000800806 0 0 0 0 0 0 0 0 0 0 
0.15 0.0082032 0.141797 0.00745837 0.000744823 0 0 0 0 0 0 0 0 0 0 
0.148 0.00802998 0.13997 0.00733968 0.000690298 0 0 0 0 0 0 0 0 0 0 
0.146 0.00785903 0.138141 0.00722179 0.000637243 0 0 0 0 0 0 0 0 0 0 
0.144 0.00769032 0.13631 0.00710465 0.000585673 0 0 0 0 0 0 0 0 0 0 
0.142 0.00752383 0.134476 0.00698822 0.000535605 0 0 0 0 0 0 0 0 0 0 
0.14 0.00735952 0.13264 0.00687246 0.000487061 0 0 0 0 0 0 0 0 0 0 
0.138 0.00719739 0.130803 0.00675732 0.000440068 0 0 0 0 0 0 0 0 0 0 
0.136 0.00703741 0.128963 0.00664275 0.00039466 0 0 0 0 0 0 0 0 0 0 
0.134 0.00687956 0.12712 0.00652869 0.000350876 0 0 0 0 0 0 0 0 0 0 
0.132 0.00672384 0.125276 0.00641507 0.000308765 0 0 0 0 0 0 0 0 0 0 
0.13 0.00657023 0.12343 0.00630184 0.00026839 0 0 0 0 0 0 0 0 0 0 
0.128 0.00641874 0.121581 0.00618892 0.000229824 0 0 0 0 0 0 0 0 0 0 
0.126 0.00626939 0.119731 0.00607623 0.000193164 0 0 0 0 0 0 0 0 0 0 
0.124 0.00612221 0.117878 0.00596368 0.000158528 0 0 0 0 0 0 0 0 0 0 
0.122 0.00597725 0.116023 0.00585119 0.000126069 0 0 0 0 0 0 0 0 0 0 
0.12 0.00583461 0.114165 0.00573862 9.59897e-05 0 0 0 0 0 0 0 0 0 0 
0.118 0.00569442 0.112306 0.00562586 6.85619e-05 0 0 0 0 0 0 0 0 0 0 
0.116 0.0055569 0.110443 0.00551273 4.41763e-05 0 0 0 0 0 0 0 0 0 0 
0.114 0.00542244 0.108578 0.005399 2.3438e-05 0 0 0 0 0 0 0 0 0 0 
0.112 0.00529177 0.106708 0.00528432 7.45484e-06 0 0 0 0 0 0 0 0 0 0 
0.11 0.00516756 0.104832 0.00516756 0 0 0 0 0 0 0 0 0 0 0 
0.108 0.005049 0.102951 0.005049 0 0 0 0 0 0 0 0 0 0 0 
0.106 0.00493069 0.101069 0.00493069 0 0 0 0 0 0 0 0 0 0 0 
0.104 0.00481256 0.0991874 0.00481256 0 0 0 0 0 0 0 0 0 0 0 
0.102 0.00469456 0.0973054 0.00469456 0 0 0 0 0 0 0 0 0 0 0 
0.1 0.00457664 0.0954234 0.00457664 0 0 0 0 0 0 0 0 0 0 0 
0.098 0.00445873 0.0935413 0.00445873 0 0 0 0 0 0 0 0 0 0 0 
0.096 0.00434079 0.0916592 0.00434079 0 0 0 0 0 0 0 0 0 0 0 
0.094 0.00422276 0.0897772 0.00422276 0 0 0 0 0 0 0 0 0 0 0 
0.092 0.00410461 0.0878954 0.00410461 0 0 0 0 0 0 0 0 0 0 0 
0.09 0.00398629 0.0860137 0.00398629 0 0 0 0 0 0 0 0 0 0 0 
0.088 0.00386778 0.0841322 0.00386778 0 0 0 0 0 0 0 0 0 0 0 
0.086 0.00374903 0.082251 0.00374903 0 0 0 0 0 0 0 0 0 0 0 
0.084 0.00363003 0.08037 0.00363003 0 0 0 0 0 0 0 0 0 0 0 
0.082 0.00351076 0.0784892 0.00351076 0 0 0 0 0 0 0 0 0 0 0 
0.08 0.00339122 0.0766088 0.00339122 0 0 0 0 0 0 0 0 0 0 0 
0.078 0.00327142 0.0747286 0.00327142 0 0 0 0 0 0 0 0 0 0 0 
0.076 0.00315135 0.0728486 0.00315135 0 0 0 0 0 0 0 0 0 0 0 
0.074 0.00303105 0.0709689 0.00303105 0 0 0 0 0 0 0 0 0 0 0 
0.072 0.00291056 0.0690894 0.00291056 0 0 0 0 0 0 0 0 0 0 0 
0.07 0.00278992 0.0672101 0.00278992 0 0 0 0 0 0 0 0 0 0 0 
0.068 0.00266919 0.0653308 0.00266919 0 0 0 0 0 0 0 0 0 0 0 
0.066 0.00254846 0.0634515 0.00254846 0 0 0 0 0 0 0 0 0 0 0 
0.064 0.00242781 0.0615722 0.00242781 0 0 0 0 0 0 0 0 0 0 0 
0.062 0.00230735 0.0596926 0.00230735 0 0 0 0 0 0 0 0 0 0 0 
0.06 0.00218722 0.0578128 0.00218722 0 0 0 0 0 0 0 0 0 0 0 
0.058 0.00206756 0.0559324 0.00206756 0 0 0 0 0 0 0 0 0 0 0 
0.056 0.00194853 0.0540515 0.00194853 0 0 0 0 0 0 0 0 0 0 0 
0.054 0.00183033 0.0521697 0.00183033 0 0 0 0 0 0 0 0 0 0 0 
0.052 0.00171317 0.0502868 0.00171317 0 0 0 0 0 0 0 0 0 0 0 
0.05 0.00159726 0.0484027 0.00159726 0 0 0 0 0 0 0 0 0 0 0 
0.048 0.00148287 0.0465171 0.00148287 0 0 0 0 0 0 0 0 0 0 0 
0.046 0.00137027 0.0446297 0.00137027 0 0 0 0 0 0 0 0 0 0 0 
0.044 0.00125975 0.0427402 0.00125975 0 0 0 0 0 0 0 0 0 0 0 
0.042 0.00115164 0.0408484 0.00115164 0 0 0 0 0 0 0 0 0 0 0 
0.04 0.00104628 0.0389537 0.00104628 0 0 0 0 0 0 0 0 0 0 0 
0.038 0.000944019 0.037056 0.000944019 0 0 0 0 0 0 0 0 0 0 0 
0.036 0.000845236 0.0351548 0.000845236 0 0 0 0 0 0 0 0 0 0 0 
0.034 0.000750319 0.0332497 0.000750319 0 0 0 0 0 0 0 0 0 0 0 
0.032 0.000659666 0.0313403 0.000659666 0 0 0 0 0 0 0 0 0 0 0 
0.03 0.000573677 0.0294263 0.000573677 0 0 0 0 0 0 0 0 0 0 0 
0.028 0.000492747 0.0275073 0.000492747 0 0 0 0 0 0 0 0 0 0 0 
0.026 0.000417261 0.0255827 0.000417261 0 0 0 0 0 0 0 0 0 0 0 
0.024 0.00034758 0.0236524 0.00034758 0 0 0 0 0 0 0 0 0 0 0 
0.022 0.000284029 0.021716 0.000284029 0 0 0 0 0 0 0 0 0 0 0 
0.02 0.000226884 0.0197731 0.000226884 0 0 0 0 0 0 0 0 0 0 0 
0.018 0.000176358 0.0178236 0.000176358 0 0 0 0 0 0 0 0 0 0 0 
0.016 0.00013258 0.0158674 0.00013258 0 0 0 0 0 0 0 0 0 0 0 
0.014 9.55815e-05 0.0139044 9.55815e-05 0 0 0 0 0 0 0 0 0 0 0 
0.012 6.52749e-05 0.0119347 6.52749e-05 0 0 0 0 0 0 0 0 0 0 0 
0.01 4.14394e-05 0.00995856 4.14394e-05 0 0 0 0 0 0 0 0 0 0 0 
0.008 2.37026e-05 0.0079763 2.37026e-05 0 0 0 0 0 0 0 0 0 0 0 
0.006 1.15258e-05 0.00598847 1.15258e-05 0 0 0 0 0 0 0 0 0 0 0 
0.004 4.18729e-06 0.00399581 4.18729e-06 0 0 0 0 0 0 0 0 0 0 0 
0.002 7.5528e-07 0.00199924 7.55276e-07 0 0 0 0 0 0 0 0 0 0 0 
