578 1 2.01364e+15 2.67141e+35
577 0.998 2.00902e+15 2.66269e+35
576 0.996 2.0044e+15 2.65399e+35
575 0.994 1.99978e+15 2.6453e+35
574 0.992 1.99517e+15 2.63663e+35
573 0.99 1.99055e+15 2.62797e+35
572 0.988 1.98594e+15 2.61932e+35
571 0.986 1.98133e+15 2.6107e+35
570 0.984 1.97673e+15 2.60209e+35
569 0.982 1.97212e+15 2.59351e+35
568 0.98 1.96752e+15 2.58494e+35
567 0.978 1.96292e+15 2.57638e+35
566 0.976 1.95832e+15 2.56784e+35
565 0.974 1.95372e+15 2.55932e+35
564 0.972 1.94912e+15 2.55082e+35
563 0.97 1.94453e+15 2.54233e+35
562 0.968 1.93994e+15 2.53385e+35
561 0.966 1.93535e+15 2.52539e+35
560 0.964 1.93076e+15 2.51695e+35
559 0.962 1.92618e+15 2.50853e+35
558 0.96 1.92159e+15 2.50011e+35
557 0.958 1.91701e+15 2.49172e+35
556 0.956 1.91243e+15 2.48334e+35
555 0.954 1.90785e+15 2.47498e+35
554 0.952 1.90328e+15 2.46663e+35
553 0.95 1.8987e+15 2.4583e+35
552 0.948 1.89413e+15 2.44998e+35
551 0.946 1.88956e+15 2.44168e+35
550 0.944 1.88499e+15 2.43339e+35
549 0.942 1.88043e+15 2.42512e+35
548 0.94 1.87586e+15 2.41687e+35
547 0.938 1.8713e+15 2.40863e+35
546 0.936 1.86674e+15 2.40041e+35
545 0.934 1.86218e+15 2.3922e+35
544 0.932 1.85762e+15 2.38401e+35
543 0.93 1.85307e+15 2.37584e+35
542 0.928 1.84852e+15 2.36768e+35
541 0.926 1.84397e+15 2.35953e+35
540 0.924 1.83942e+15 2.3514e+35
539 0.922 1.83487e+15 2.34329e+35
538 0.92 1.83033e+15 2.3352e+35
537 0.918 1.82578e+15 2.32712e+35
536 0.916 1.82124e+15 2.31905e+35
535 0.914 1.8167e+15 2.311e+35
534 0.912 1.81217e+15 2.30297e+35
533 0.91 1.80763e+15 2.29495e+35
532 0.908 1.8031e+15 2.28695e+35
531 0.906 1.79857e+15 2.27897e+35
530 0.904 1.79404e+15 2.271e+35
529 0.902 1.78951e+15 2.26304e+35
528 0.9 1.78499e+15 2.25511e+35
527 0.898 1.78046e+15 2.24719e+35
526 0.896 1.77594e+15 2.23928e+35
525 0.894 1.77142e+15 2.23139e+35
524 0.892 1.7669e+15 2.22352e+35
523 0.89 1.76239e+15 2.21566e+35
522 0.888 1.75788e+15 2.20782e+35
521 0.886 1.75336e+15 2.2e+35
520 0.884 1.74885e+15 2.19219e+35
519 0.882 1.74435e+15 2.1844e+35
518 0.88 1.73984e+15 2.17662e+35
517 0.878 1.73534e+15 2.16886e+35
516 0.876 1.73084e+15 2.16112e+35
515 0.874 1.72634e+15 2.15339e+35
514 0.872 1.72184e+15 2.14568e+35
513 0.87 1.71734e+15 2.13799e+35
512 0.868 1.71285e+15 2.13031e+35
511 0.866 1.70836e+15 2.12265e+35
510 0.864 1.70387e+15 2.115e+35
509 0.862 1.69938e+15 2.10737e+35
508 0.86 1.69489e+15 2.09976e+35
507 0.858 1.69041e+15 2.09216e+35
506 0.856 1.68593e+15 2.08458e+35
505 0.854 1.68145e+15 2.07702e+35
504 0.852 1.67697e+15 2.06948e+35
503 0.85 1.67249e+15 2.06195e+35
502 0.848 1.66802e+15 2.05443e+35
501 0.846 1.66355e+15 2.04694e+35
500 0.844 1.65908e+15 2.03946e+35
499 0.842 1.65461e+15 2.03199e+35
498 0.84 1.65014e+15 2.02455e+35
497 0.838 1.64568e+15 2.01712e+35
496 0.836 1.64122e+15 2.0097e+35
495 0.834 1.63676e+15 2.00231e+35
494 0.832 1.6323e+15 1.99493e+35
493 0.83 1.62784e+15 1.98756e+35
492 0.828 1.62339e+15 1.98022e+35
491 0.826 1.61893e+15 1.97289e+35
490 0.824 1.61448e+15 1.96558e+35
489 0.822 1.61003e+15 1.95828e+35
488 0.82 1.60559e+15 1.951e+35
487 0.818 1.60114e+15 1.94374e+35
486 0.816 1.5967e+15 1.9365e+35
485 0.814 1.59226e+15 1.92927e+35
484 0.812 1.58782e+15 1.92206e+35
483 0.81 1.58339e+15 1.91486e+35
482 0.808 1.57895e+15 1.90769e+35
481 0.806 1.57452e+15 1.90053e+35
480 0.804 1.57009e+15 1.89338e+35
479 0.802 1.56566e+15 1.88626e+35
478 0.8 1.56123e+15 1.87915e+35
477 0.798 1.55681e+15 1.87206e+35
476 0.796 1.55238e+15 1.86498e+35
475 0.794 1.54796e+15 1.85793e+35
474 0.792 1.54354e+15 1.85089e+35
473 0.79 1.53913e+15 1.84387e+35
472 0.788 1.53471e+15 1.83686e+35
471 0.786 1.5303e+15 1.82987e+35
470 0.784 1.52589e+15 1.8229e+35
469 0.782 1.52148e+15 1.81595e+35
468 0.78 1.51707e+15 1.80901e+35
467 0.778 1.51267e+15 1.80209e+35
466 0.776 1.50826e+15 1.79519e+35
465 0.774 1.50386e+15 1.78831e+35
464 0.772 1.49946e+15 1.78144e+35
463 0.77 1.49507e+15 1.77459e+35
462 0.768 1.49067e+15 1.76776e+35
461 0.766 1.48628e+15 1.76094e+35
460 0.764 1.48189e+15 1.75415e+35
459 0.762 1.4775e+15 1.74737e+35
458 0.76 1.47311e+15 1.7406e+35
457 0.758 1.46873e+15 1.73386e+35
456 0.756 1.46434e+15 1.72713e+35
455 0.754 1.45996e+15 1.72042e+35
454 0.752 1.45558e+15 1.71373e+35
453 0.75 1.4512e+15 1.70706e+35
452 0.748 1.44683e+15 1.7004e+35
451 0.746 1.44246e+15 1.69376e+35
450 0.744 1.43808e+15 1.68714e+35
449 0.742 1.43371e+15 1.68053e+35
448 0.74 1.42935e+15 1.67395e+35
447 0.738 1.42498e+15 1.66738e+35
446 0.736 1.42062e+15 1.66083e+35
445 0.734 1.41626e+15 1.65429e+35
444 0.732 1.4119e+15 1.64778e+35
443 0.73 1.40754e+15 1.64128e+35
442 0.728 1.40318e+15 1.6348e+35
441 0.726 1.39883e+15 1.62834e+35
440 0.724 1.39448e+15 1.62189e+35
439 0.722 1.39013e+15 1.61546e+35
438 0.72 1.38578e+15 1.60905e+35
437 0.718 1.38144e+15 1.60266e+35
436 0.716 1.37709e+15 1.59629e+35
435 0.714 1.37275e+15 1.58993e+35
434 0.712 1.36841e+15 1.5836e+35
433 0.71 1.36407e+15 1.57728e+35
432 0.708 1.35974e+15 1.57097e+35
431 0.706 1.3554e+15 1.56469e+35
430 0.704 1.35107e+15 1.55842e+35
429 0.702 1.34674e+15 1.55217e+35
428 0.7 1.34241e+15 1.54594e+35
427 0.698 1.33809e+15 1.53973e+35
426 0.696 1.33376e+15 1.53353e+35
425 0.694 1.32944e+15 1.52736e+35
424 0.692 1.32512e+15 1.5212e+35
423 0.69 1.3208e+15 1.51505e+35
422 0.688 1.31649e+15 1.50893e+35
421 0.686 1.31217e+15 1.50283e+35
420 0.684 1.30786e+15 1.49674e+35
419 0.682 1.30355e+15 1.49067e+35
418 0.68 1.29924e+15 1.48462e+35
417 0.678 1.29494e+15 1.47858e+35
416 0.676 1.29063e+15 1.47257e+35
415 0.674 1.28633e+15 1.46657e+35
414 0.672 1.28203e+15 1.46059e+35
413 0.67 1.27773e+15 1.45462e+35
412 0.668 1.27344e+15 1.44868e+35
411 0.666 1.26914e+15 1.44275e+35
410 0.664 1.26485e+15 1.43684e+35
409 0.662 1.26056e+15 1.43095e+35
408 0.66 1.25627e+15 1.42508e+35
407 0.658 1.25198e+15 1.41923e+35
406 0.656 1.2477e+15 1.41339e+35
405 0.654 1.24342e+15 1.40757e+35
404 0.652 1.23914e+15 1.40177e+35
403 0.65 1.23486e+15 1.39599e+35
402 0.648 1.23058e+15 1.39022e+35
401 0.646 1.22631e+15 1.38447e+35
400 0.644 1.22203e+15 1.37874e+35
399 0.642 1.21776e+15 1.37303e+35
398 0.64 1.2135e+15 1.36734e+35
397 0.638 1.20923e+15 1.36166e+35
396 0.636 1.20496e+15 1.356e+35
395 0.634 1.2007e+15 1.35036e+35
394 0.632 1.19644e+15 1.34474e+35
393 0.63 1.19218e+15 1.33914e+35
392 0.628 1.18793e+15 1.33355e+35
391 0.626 1.18367e+15 1.32798e+35
390 0.624 1.17942e+15 1.32243e+35
389 0.622 1.17517e+15 1.31689e+35
388 0.62 1.17092e+15 1.31138e+35
387 0.618 1.16667e+15 1.30588e+35
386 0.616 1.16243e+15 1.3004e+35
385 0.614 1.15818e+15 1.29494e+35
384 0.612 1.15394e+15 1.28949e+35
383 0.61 1.1497e+15 1.28406e+35
382 0.608 1.14547e+15 1.27865e+35
381 0.606 1.14123e+15 1.27326e+35
380 0.604 1.137e+15 1.26788e+35
379 0.602 1.13277e+15 1.26253e+35
378 0.6 1.12854e+15 1.25719e+35
377 0.598 1.12431e+15 1.25186e+35
376 0.596 1.12009e+15 1.24656e+35
375 0.594 1.11586e+15 1.24127e+35
374 0.592 1.11164e+15 1.236e+35
373 0.59 1.10742e+15 1.23075e+35
372 0.588 1.10321e+15 1.22551e+35
371 0.586 1.09899e+15 1.22029e+35
370 0.584 1.09478e+15 1.21509e+35
369 0.582 1.09057e+15 1.20991e+35
368 0.58 1.08636e+15 1.20474e+35
367 0.578 1.08215e+15 1.19959e+35
366 0.576 1.07794e+15 1.19445e+35
365 0.574 1.07374e+15 1.18934e+35
364 0.572 1.06954e+15 1.18424e+35
363 0.57 1.06534e+15 1.17915e+35
362 0.568 1.06114e+15 1.17409e+35
361 0.566 1.05695e+15 1.16904e+35
360 0.564 1.05275e+15 1.16401e+35
359 0.562 1.04856e+15 1.15899e+35
358 0.56 1.04437e+15 1.15399e+35
357 0.558 1.04019e+15 1.14901e+35
356 0.556 1.036e+15 1.14404e+35
355 0.554 1.03182e+15 1.13909e+35
354 0.552 1.02764e+15 1.13415e+35
353 0.55 1.02346e+15 1.12924e+35
352 0.548 1.01928e+15 1.12433e+35
351 0.546 1.0151e+15 1.11945e+35
350 0.544 1.01093e+15 1.11458e+35
349 0.542 1.00676e+15 1.10972e+35
348 0.54 1.00259e+15 1.10488e+35
347 0.538 9.9842e+14 1.10006e+35
346 0.536 9.94254e+14 1.09525e+35
345 0.534 9.90091e+14 1.09046e+35
344 0.532 9.85929e+14 1.08568e+35
343 0.53 9.8177e+14 1.08092e+35
342 0.528 9.77612e+14 1.07617e+35
341 0.526 9.73456e+14 1.07144e+35
340 0.524 9.69303e+14 1.06672e+35
339 0.522 9.65151e+14 1.06202e+35
338 0.52 9.61001e+14 1.05733e+35
337 0.518 9.56854e+14 1.05265e+35
336 0.516 9.52708e+14 1.04799e+35
335 0.514 9.48564e+14 1.04334e+35
334 0.512 9.44423e+14 1.03871e+35
333 0.51 9.40283e+14 1.03409e+35
332 0.508 9.36146e+14 1.02948e+35
331 0.506 9.3201e+14 1.02489e+35
330 0.504 9.27876e+14 1.02031e+35
329 0.502 9.23745e+14 1.01574e+35
328 0.5 9.19615e+14 1.01118e+35
327 0.498 9.15488e+14 1.00663e+35
326 0.496 9.11363e+14 1.0021e+35
325 0.494 9.07239e+14 9.97579e+34
324 0.492 9.03118e+14 9.93068e+34
323 0.49 8.98998e+14 9.88568e+34
322 0.488 8.94881e+14 9.84078e+34
321 0.486 8.90766e+14 9.79597e+34
320 0.484 8.86653e+14 9.75126e+34
319 0.482 8.82541e+14 9.70664e+34
318 0.48 8.78432e+14 9.66209e+34
317 0.478 8.74325e+14 9.61763e+34
316 0.476 8.7022e+14 9.57323e+34
315 0.474 8.66117e+14 9.5289e+34
314 0.472 8.62017e+14 9.48462e+34
313 0.47 8.57918e+14 9.44039e+34
312 0.468 8.53821e+14 9.39619e+34
311 0.466 8.49727e+14 9.35202e+34
310 0.464 8.45634e+14 9.30786e+34
309 0.462 8.41544e+14 9.26369e+34
308 0.46 8.37456e+14 9.21951e+34
307 0.458 8.3337e+14 9.17529e+34
306 0.456 8.29286e+14 9.13101e+34
305 0.454 8.25204e+14 9.08664e+34
304 0.452 8.21124e+14 9.04214e+34
303 0.45 8.17047e+14 8.99748e+34
302 0.448 8.12972e+14 8.95258e+34
301 0.446 8.08899e+14 8.90738e+34
300 0.444 8.04828e+14 8.86171e+34
299 0.442 8.0076e+14 8.81524e+34
298 0.44 7.96694e+14 8.76791e+34
297 0.438 7.9263e+14 8.71958e+34
296 0.436 7.88569e+14 8.66966e+34
295 0.434 7.84511e+14 8.61662e+34
294 0.432 7.80456e+14 8.55203e+34
293 0.43 7.76404e+14 8.48436e+34
292 0.428 7.72355e+14 8.41659e+34
291 0.426 7.6831e+14 8.34871e+34
290 0.424 7.64269e+14 8.28069e+34
289 0.422 7.60231e+14 8.21251e+34
288 0.42 7.56196e+14 8.14416e+34
287 0.418 7.52166e+14 8.0756e+34
286 0.416 7.48139e+14 8.00681e+34
285 0.414 7.44116e+14 7.93775e+34
284 0.412 7.40096e+14 7.8684e+34
283 0.41 7.3608e+14 7.79871e+34
282 0.408 7.32068e+14 7.72864e+34
281 0.406 7.2806e+14 7.65812e+34
280 0.404 7.24056e+14 7.58711e+34
279 0.402 7.20055e+14 7.51551e+34
278 0.4 7.16059e+14 7.44324e+34
277 0.398 7.12067e+14 7.37019e+34
276 0.396 7.08078e+14 7.2962e+34
275 0.394 7.04094e+14 7.22109e+34
274 0.392 7.00115e+14 7.14458e+34
273 0.39 6.96139e+14 7.06629e+34
272 0.388 6.92168e+14 6.98556e+34
271 0.386 6.88202e+14 6.90098e+34
270 0.384 6.84241e+14 6.80723e+34
269 0.382 6.80286e+14 6.71069e+34
268 0.38 6.76336e+14 6.61481e+34
267 0.378 6.72392e+14 6.51959e+34
266 0.376 6.68453e+14 6.42502e+34
265 0.374 6.6452e+14 6.33111e+34
264 0.372 6.60592e+14 6.23786e+34
263 0.37 6.56671e+14 6.14528e+34
262 0.368 6.52754e+14 6.05337e+34
261 0.366 6.48843e+14 5.96213e+34
260 0.364 6.44938e+14 5.87157e+34
259 0.362 6.41038e+14 5.78168e+34
258 0.36 6.37144e+14 5.69248e+34
257 0.358 6.33255e+14 5.60396e+34
256 0.356 6.29372e+14 5.51613e+34
255 0.354 6.25494e+14 5.42899e+34
254 0.352 6.21621e+14 5.34254e+34
253 0.35 6.17754e+14 5.25679e+34
252 0.348 6.13893e+14 5.17173e+34
251 0.346 6.10037e+14 5.08737e+34
250 0.344 6.06186e+14 5.00372e+34
249 0.342 6.02341e+14 4.92078e+34
248 0.34 5.98501e+14 4.83854e+34
247 0.338 5.94666e+14 4.75701e+34
246 0.336 5.90837e+14 4.67619e+34
245 0.334 5.87013e+14 4.59609e+34
244 0.332 5.83194e+14 4.51671e+34
243 0.33 5.79381e+14 4.43805e+34
242 0.328 5.75573e+14 4.36011e+34
241 0.326 5.7177e+14 4.28289e+34
240 0.324 5.67973e+14 4.20639e+34
239 0.322 5.6418e+14 4.13063e+34
238 0.32 5.60393e+14 4.05559e+34
237 0.318 5.56611e+14 3.98129e+34
236 0.316 5.52835e+14 3.90772e+34
235 0.314 5.49063e+14 3.83488e+34
234 0.312 5.45297e+14 3.76277e+34
233 0.31 5.41535e+14 3.69141e+34
232 0.308 5.37779e+14 3.62078e+34
231 0.306 5.34028e+14 3.55089e+34
230 0.304 5.30282e+14 3.48175e+34
229 0.302 5.26541e+14 3.41334e+34
228 0.3 5.22805e+14 3.34568e+34
227 0.298 5.19074e+14 3.27876e+34
226 0.296 5.15348e+14 3.21258e+34
225 0.294 5.11627e+14 3.14715e+34
224 0.292 5.0791e+14 3.08247e+34
223 0.29 5.04199e+14 3.01853e+34
222 0.288 5.00493e+14 2.95534e+34
221 0.286 4.96791e+14 2.8929e+34
220 0.284 4.93094e+14 2.8312e+34
219 0.282 4.89402e+14 2.77025e+34
218 0.28 4.85715e+14 2.71005e+34
217 0.278 4.82033e+14 2.65059e+34
216 0.276 4.78355e+14 2.59188e+34
215 0.274 4.74682e+14 2.53392e+34
214 0.272 4.71014e+14 2.4767e+34
213 0.27 4.6735e+14 2.42023e+34
212 0.268 4.63691e+14 2.3645e+34
211 0.266 4.60037e+14 2.30952e+34
210 0.264 4.56387e+14 2.25528e+34
209 0.262 4.52742e+14 2.20179e+34
208 0.26 4.49101e+14 2.14903e+34
207 0.258 4.45464e+14 2.09702e+34
206 0.256 4.41833e+14 2.04574e+34
205 0.254 4.38205e+14 1.9952e+34
204 0.252 4.34582e+14 1.9454e+34
203 0.25 4.30963e+14 1.89633e+34
202 0.248 4.27349e+14 1.84799e+34
201 0.246 4.23739e+14 1.80038e+34
200 0.244 4.20133e+14 1.7535e+34
199 0.242 4.16532e+14 1.70735e+34
198 0.24 4.12934e+14 1.66193e+34
197 0.238 4.09341e+14 1.61722e+34
196 0.236 4.05752e+14 1.57324e+34
195 0.234 4.02168e+14 1.52997e+34
194 0.232 3.98587e+14 1.48742e+34
193 0.23 3.9501e+14 1.44558e+34
192 0.228 3.91437e+14 1.40445e+34
191 0.226 3.87868e+14 1.36403e+34
190 0.224 3.84304e+14 1.32431e+34
189 0.222 3.80743e+14 1.28529e+34
188 0.22 3.77186e+14 1.24697e+34
187 0.218 3.73633e+14 1.20935e+34
186 0.216 3.70083e+14 1.17241e+34
185 0.214 3.66538e+14 1.13617e+34
184 0.212 3.62996e+14 1.10061e+34
183 0.21 3.59458e+14 1.06573e+34
182 0.208 3.55923e+14 1.03152e+34
181 0.206 3.52392e+14 9.97998e+33
180 0.204 3.48865e+14 9.65142e+33
179 0.202 3.45341e+14 9.32952e+33
178 0.2 3.41821e+14 9.01426e+33
177 0.198 3.38304e+14 8.70558e+33
176 0.196 3.34791e+14 8.40347e+33
175 0.194 3.31281e+14 8.10786e+33
174 0.192 3.27774e+14 7.81873e+33
173 0.19 3.24271e+14 7.53604e+33
172 0.188 3.20771e+14 7.25973e+33
171 0.186 3.17274e+14 6.98978e+33
170 0.184 3.13781e+14 6.72614e+33
169 0.182 3.1029e+14 6.46876e+33
168 0.18 3.06803e+14 6.21761e+33
167 0.178 3.03318e+14 5.97264e+33
166 0.176 2.99837e+14 5.73381e+33
165 0.174 2.96359e+14 5.50107e+33
164 0.172 2.92884e+14 5.27438e+33
163 0.17 2.89411e+14 5.0537e+33
162 0.168 2.85942e+14 4.83897e+33
161 0.166 2.82475e+14 4.63016e+33
160 0.164 2.79011e+14 4.42722e+33
159 0.162 2.7555e+14 4.23009e+33
158 0.16 2.72091e+14 4.03875e+33
157 0.158 2.68635e+14 3.85312e+33
156 0.156 2.65182e+14 3.67318e+33
155 0.154 2.61731e+14 3.49886e+33
154 0.152 2.58282e+14 3.33013e+33
153 0.15 2.54836e+14 3.16692e+33
152 0.148 2.51393e+14 3.00919e+33
151 0.146 2.47951e+14 2.85688e+33
150 0.144 2.44512e+14 2.70994e+33
149 0.142 2.41076e+14 2.56831e+33
148 0.14 2.37641e+14 2.43194e+33
147 0.138 2.34208e+14 2.30077e+33
146 0.136 2.30778e+14 2.17473e+33
145 0.134 2.2735e+14 2.05376e+33
144 0.132 2.23923e+14 1.93781e+33
143 0.13 2.20499e+14 1.82679e+33
142 0.128 2.17076e+14 1.72064e+33
141 0.126 2.13655e+14 1.61928e+33
140 0.124 2.10236e+14 1.52263e+33
139 0.122 2.06819e+14 1.43061e+33
138 0.12 2.03403e+14 1.34312e+33
137 0.118 1.99989e+14 1.26006e+33
136 0.116 1.96576e+14 1.18133e+33
135 0.114 1.93165e+14 1.10678e+33
134 0.112 1.89755e+14 1.03625e+33
133 0.11 1.86347e+14 9.69374e+32
132 0.108 1.8294e+14 9.06116e+32
131 0.106 1.79534e+14 8.46901e+32
130 0.104 1.76129e+14 7.91617e+32
129 0.102 1.72726e+14 7.40148e+32
128 0.1 1.69323e+14 6.92372e+32
127 0.098 1.65922e+14 6.48162e+32
126 0.096 1.62522e+14 6.07389e+32
125 0.094 1.59122e+14 5.69916e+32
124 0.092 1.55724e+14 5.35604e+32
123 0.09 1.52326e+14 5.04307e+32
122 0.088 1.48929e+14 4.75876e+32
121 0.086 1.45532e+14 4.50157e+32
120 0.084 1.42136e+14 4.26992e+32
119 0.082 1.38741e+14 4.06219e+32
118 0.08 1.35346e+14 3.87672e+32
117 0.078 1.31952e+14 3.71182e+32
116 0.076 1.28558e+14 3.56576e+32
115 0.074 1.25165e+14 3.43681e+32
114 0.072 1.21772e+14 3.3232e+32
113 0.07 1.18379e+14 3.22317e+32
112 0.068 1.14987e+14 3.13492e+32
111 0.066 1.11595e+14 3.0567e+32
110 0.064 1.08203e+14 2.98675e+32
109 0.062 1.04811e+14 2.92332e+32
108 0.06 1.0142e+14 2.86471e+32
107 0.058 9.80288e+13 2.80928e+32
106 0.056 9.46379e+13 2.75541e+32
105 0.054 9.12471e+13 2.70159e+32
104 0.052 8.78566e+13 2.64636e+32
103 0.05 8.44663e+13 2.5884e+32
102 0.048 8.10762e+13 2.52647e+32
101 0.046 7.76865e+13 2.45949e+32
100 0.044 7.42971e+13 2.38651e+32
99 0.042 7.09081e+13 2.30678e+32
98 0.04 6.75195e+13 2.21969e+32
97 0.038 6.41315e+13 2.12488e+32
96 0.036 6.0744e+13 2.02219e+32
95 0.034 5.73572e+13 1.91169e+32
94 0.032 5.39711e+13 1.79371e+32
93 0.03 5.05859e+13 1.66883e+32
92 0.028 4.72016e+13 1.53791e+32
91 0.026 4.38184e+13 1.40205e+32
90 0.024 4.04363e+13 1.26262e+32
89 0.022 3.70556e+13 1.12121e+32
88 0.02 3.36763e+13 9.79633e+31
87 0.018 3.02986e+13 8.39838e+31
86 0.016 2.69226e+13 7.03895e+31
85 0.014 2.35484e+13 5.73911e+31
84 0.012 2.01763e+13 4.51958e+31
83 0.01 1.68063e+13 3.4e+31
82 0.008 1.34387e+13 2.39848e+31
81 0.006 1.00737e+13 1.53172e+31
80 0.004 6.71167e+12 8.16965e+30
79 0.002 3.35321e+12 2.79614e+30
