578 1 2.22097e+15 5.94721e+35
577 0.998 2.21523e+15 5.92597e+35
576 0.996 2.20949e+15 5.90477e+35
575 0.994 2.20376e+15 5.8836e+35
574 0.992 2.19803e+15 5.86247e+35
573 0.99 2.19231e+15 5.84137e+35
572 0.988 2.18659e+15 5.8203e+35
571 0.986 2.18088e+15 5.79926e+35
570 0.984 2.17518e+15 5.77825e+35
569 0.982 2.16947e+15 5.75728e+35
568 0.98 2.16377e+15 5.73634e+35
567 0.978 2.15808e+15 5.71543e+35
566 0.976 2.15239e+15 5.69455e+35
565 0.974 2.14671e+15 5.67371e+35
564 0.972 2.14103e+15 5.65289e+35
563 0.97 2.13536e+15 5.63211e+35
562 0.968 2.12969e+15 5.61135e+35
561 0.966 2.12402e+15 5.59063e+35
560 0.964 2.11836e+15 5.56993e+35
559 0.962 2.11271e+15 5.54927e+35
558 0.96 2.10705e+15 5.52863e+35
557 0.958 2.10141e+15 5.50803e+35
556 0.956 2.09577e+15 5.48745e+35
555 0.954 2.09013e+15 5.4669e+35
554 0.952 2.0845e+15 5.44637e+35
553 0.95 2.07887e+15 5.42587e+35
552 0.948 2.07325e+15 5.4054e+35
551 0.946 2.06763e+15 5.38496e+35
550 0.944 2.06202e+15 5.36454e+35
549 0.942 2.05641e+15 5.34414e+35
548 0.94 2.05081e+15 5.32377e+35
547 0.938 2.04521e+15 5.30342e+35
546 0.936 2.03962e+15 5.28309e+35
545 0.934 2.03403e+15 5.26278e+35
544 0.932 2.02844e+15 5.24248e+35
543 0.93 2.02286e+15 5.2222e+35
542 0.928 2.01729e+15 5.20195e+35
541 0.926 2.01172e+15 5.18172e+35
540 0.924 2.00615e+15 5.16151e+35
539 0.922 2.00059e+15 5.14133e+35
538 0.92 1.99504e+15 5.12117e+35
537 0.918 1.98949e+15 5.10103e+35
536 0.916 1.98394e+15 5.08092e+35
535 0.914 1.9784e+15 5.06082e+35
534 0.912 1.97287e+15 5.04074e+35
533 0.91 1.96734e+15 5.02068e+35
532 0.908 1.96181e+15 5.00064e+35
531 0.906 1.95629e+15 4.98061e+35
530 0.904 1.95077e+15 4.9606e+35
529 0.902 1.94526e+15 4.9406e+35
528 0.9 1.93976e+15 4.92062e+35
527 0.898 1.93425e+15 4.90065e+35
526 0.896 1.92876e+15 4.88068e+35
525 0.894 1.92327e+15 4.86073e+35
524 0.892 1.91778e+15 4.84078e+35
523 0.89 1.9123e+15 4.82083e+35
522 0.888 1.90682e+15 4.80089e+35
521 0.886 1.90135e+15 4.78095e+35
520 0.884 1.89589e+15 4.76101e+35
519 0.882 1.89043e+15 4.74105e+35
518 0.88 1.88497e+15 4.7211e+35
517 0.878 1.87952e+15 4.70112e+35
516 0.876 1.87408e+15 4.68113e+35
515 0.874 1.86864e+15 4.66112e+35
514 0.872 1.8632e+15 4.64109e+35
513 0.87 1.85777e+15 4.62101e+35
512 0.868 1.85235e+15 4.6009e+35
511 0.866 1.84693e+15 4.58073e+35
510 0.864 1.84151e+15 4.56049e+35
509 0.862 1.83611e+15 4.54017e+35
508 0.86 1.8307e+15 4.51974e+35
507 0.858 1.82531e+15 4.49917e+35
506 0.856 1.81991e+15 4.47837e+35
505 0.854 1.81453e+15 4.45709e+35
504 0.852 1.80915e+15 4.43544e+35
503 0.85 1.80378e+15 4.41385e+35
502 0.848 1.79841e+15 4.39231e+35
501 0.846 1.79305e+15 4.37083e+35
500 0.844 1.78769e+15 4.3494e+35
499 0.842 1.78234e+15 4.32803e+35
498 0.84 1.777e+15 4.30672e+35
497 0.838 1.77166e+15 4.28545e+35
496 0.836 1.76633e+15 4.26425e+35
495 0.834 1.761e+15 4.2431e+35
494 0.832 1.75568e+15 4.222e+35
493 0.83 1.75036e+15 4.20095e+35
492 0.828 1.74505e+15 4.17997e+35
491 0.826 1.73974e+15 4.15903e+35
490 0.824 1.73444e+15 4.13815e+35
489 0.822 1.72915e+15 4.11732e+35
488 0.82 1.72386e+15 4.09655e+35
487 0.818 1.71858e+15 4.07583e+35
486 0.816 1.7133e+15 4.05517e+35
485 0.814 1.70803e+15 4.03456e+35
484 0.812 1.70276e+15 4.014e+35
483 0.81 1.6975e+15 3.99349e+35
482 0.808 1.69224e+15 3.97304e+35
481 0.806 1.68699e+15 3.95264e+35
480 0.804 1.68175e+15 3.93229e+35
479 0.802 1.67651e+15 3.912e+35
478 0.8 1.67128e+15 3.89176e+35
477 0.798 1.66605e+15 3.87157e+35
476 0.796 1.66083e+15 3.85143e+35
475 0.794 1.65561e+15 3.83135e+35
474 0.792 1.6504e+15 3.81131e+35
473 0.79 1.64519e+15 3.79133e+35
472 0.788 1.63999e+15 3.7714e+35
471 0.786 1.6348e+15 3.75152e+35
470 0.784 1.62961e+15 3.73169e+35
469 0.782 1.62443e+15 3.71191e+35
468 0.78 1.61925e+15 3.69218e+35
467 0.778 1.61408e+15 3.6725e+35
466 0.776 1.60891e+15 3.65288e+35
465 0.774 1.60375e+15 3.6333e+35
464 0.772 1.59859e+15 3.61377e+35
463 0.77 1.59344e+15 3.59429e+35
462 0.768 1.5883e+15 3.57486e+35
461 0.766 1.58316e+15 3.55547e+35
460 0.764 1.57803e+15 3.53614e+35
459 0.762 1.5729e+15 3.51685e+35
458 0.76 1.56778e+15 3.49761e+35
457 0.758 1.56266e+15 3.47842e+35
456 0.756 1.55755e+15 3.45927e+35
455 0.754 1.55244e+15 3.44017e+35
454 0.752 1.54734e+15 3.42112e+35
453 0.75 1.54225e+15 3.40211e+35
452 0.748 1.53716e+15 3.38314e+35
451 0.746 1.53208e+15 3.36422e+35
450 0.744 1.527e+15 3.34535e+35
449 0.742 1.52193e+15 3.32652e+35
448 0.74 1.51686e+15 3.30773e+35
447 0.738 1.5118e+15 3.28898e+35
446 0.736 1.50674e+15 3.27027e+35
445 0.734 1.50169e+15 3.25161e+35
444 0.732 1.49665e+15 3.23298e+35
443 0.73 1.49161e+15 3.2144e+35
442 0.728 1.48657e+15 3.19585e+35
441 0.726 1.48155e+15 3.17734e+35
440 0.724 1.47652e+15 3.15886e+35
439 0.722 1.47151e+15 3.14043e+35
438 0.72 1.4665e+15 3.12202e+35
437 0.718 1.46149e+15 3.10365e+35
436 0.716 1.45649e+15 3.08531e+35
435 0.714 1.45149e+15 3.067e+35
434 0.712 1.44651e+15 3.04871e+35
433 0.71 1.44152e+15 3.03045e+35
432 0.708 1.43654e+15 3.01222e+35
431 0.706 1.43157e+15 2.99401e+35
430 0.704 1.4266e+15 2.97581e+35
429 0.702 1.42164e+15 2.95763e+35
428 0.7 1.41669e+15 2.93946e+35
427 0.698 1.41174e+15 2.92129e+35
426 0.696 1.40679e+15 2.90312e+35
425 0.694 1.40186e+15 2.88494e+35
424 0.692 1.39692e+15 2.86674e+35
423 0.69 1.39199e+15 2.84848e+35
422 0.688 1.38707e+15 2.83015e+35
421 0.686 1.38216e+15 2.81158e+35
420 0.684 1.37725e+15 2.793e+35
419 0.682 1.37234e+15 2.7745e+35
418 0.68 1.36744e+15 2.75606e+35
417 0.678 1.36255e+15 2.7377e+35
416 0.676 1.35766e+15 2.7194e+35
415 0.674 1.35278e+15 2.70118e+35
414 0.672 1.34791e+15 2.68302e+35
413 0.67 1.34304e+15 2.66494e+35
412 0.668 1.33818e+15 2.64692e+35
411 0.666 1.33332e+15 2.62898e+35
410 0.664 1.32847e+15 2.6111e+35
409 0.662 1.32362e+15 2.5933e+35
408 0.66 1.31878e+15 2.57556e+35
407 0.658 1.31395e+15 2.5579e+35
406 0.656 1.30912e+15 2.54031e+35
405 0.654 1.3043e+15 2.52278e+35
404 0.652 1.29948e+15 2.50533e+35
403 0.65 1.29467e+15 2.48795e+35
402 0.648 1.28987e+15 2.47063e+35
401 0.646 1.28507e+15 2.45339e+35
400 0.644 1.28027e+15 2.43622e+35
399 0.642 1.27549e+15 2.41911e+35
398 0.64 1.27071e+15 2.40208e+35
397 0.638 1.26593e+15 2.38512e+35
396 0.636 1.26116e+15 2.36822e+35
395 0.634 1.2564e+15 2.3514e+35
394 0.632 1.25164e+15 2.33464e+35
393 0.63 1.24688e+15 2.31796e+35
392 0.628 1.24214e+15 2.30134e+35
391 0.626 1.2374e+15 2.2848e+35
390 0.624 1.23266e+15 2.26832e+35
389 0.622 1.22793e+15 2.25192e+35
388 0.62 1.22321e+15 2.23558e+35
387 0.618 1.21849e+15 2.21931e+35
386 0.616 1.21378e+15 2.20311e+35
385 0.614 1.20907e+15 2.18699e+35
384 0.612 1.20437e+15 2.17093e+35
383 0.61 1.19967e+15 2.15494e+35
382 0.608 1.19498e+15 2.13901e+35
381 0.606 1.1903e+15 2.12316e+35
380 0.604 1.18562e+15 2.10738e+35
379 0.602 1.18094e+15 2.09167e+35
378 0.6 1.17628e+15 2.07602e+35
377 0.598 1.17162e+15 2.06044e+35
376 0.596 1.16696e+15 2.04494e+35
375 0.594 1.16231e+15 2.0295e+35
374 0.592 1.15766e+15 2.01413e+35
373 0.59 1.15302e+15 1.99883e+35
372 0.588 1.14839e+15 1.98359e+35
371 0.586 1.14376e+15 1.96843e+35
370 0.584 1.13914e+15 1.95333e+35
369 0.582 1.13452e+15 1.9383e+35
368 0.58 1.12991e+15 1.92334e+35
367 0.578 1.1253e+15 1.90845e+35
366 0.576 1.1207e+15 1.89363e+35
365 0.574 1.11611e+15 1.87887e+35
364 0.572 1.11152e+15 1.86418e+35
363 0.57 1.10694e+15 1.84956e+35
362 0.568 1.10236e+15 1.83501e+35
361 0.566 1.09778e+15 1.82052e+35
360 0.564 1.09322e+15 1.8061e+35
359 0.562 1.08866e+15 1.79175e+35
358 0.56 1.0841e+15 1.77747e+35
357 0.558 1.07955e+15 1.76325e+35
356 0.556 1.075e+15 1.7491e+35
355 0.554 1.07046e+15 1.73502e+35
354 0.552 1.06593e+15 1.721e+35
353 0.55 1.0614e+15 1.70705e+35
352 0.548 1.05688e+15 1.69317e+35
351 0.546 1.05236e+15 1.67935e+35
350 0.544 1.04784e+15 1.6656e+35
349 0.542 1.04334e+15 1.65191e+35
348 0.54 1.03883e+15 1.63829e+35
347 0.538 1.03434e+15 1.62473e+35
346 0.536 1.02985e+15 1.61125e+35
345 0.534 1.02536e+15 1.59782e+35
344 0.532 1.02088e+15 1.58446e+35
343 0.53 1.0164e+15 1.57117e+35
342 0.528 1.01193e+15 1.55794e+35
341 0.526 1.00747e+15 1.54477e+35
340 0.524 1.00301e+15 1.53167e+35
339 0.522 9.98557e+14 1.51864e+35
338 0.52 9.94109e+14 1.50566e+35
337 0.518 9.89665e+14 1.49275e+35
336 0.516 9.85227e+14 1.47991e+35
335 0.514 9.80795e+14 1.46713e+35
334 0.512 9.76367e+14 1.45441e+35
333 0.51 9.71945e+14 1.44175e+35
332 0.508 9.67528e+14 1.42915e+35
331 0.506 9.63117e+14 1.41662e+35
330 0.504 9.5871e+14 1.40415e+35
329 0.502 9.54309e+14 1.39174e+35
328 0.5 9.49914e+14 1.37939e+35
327 0.498 9.45523e+14 1.36711e+35
326 0.496 9.41138e+14 1.35488e+35
325 0.494 9.36757e+14 1.34271e+35
324 0.492 9.32382e+14 1.33061e+35
323 0.49 9.28013e+14 1.31856e+35
322 0.488 9.23648e+14 1.30657e+35
321 0.486 9.19289e+14 1.29464e+35
320 0.484 9.14934e+14 1.28277e+35
319 0.482 9.10585e+14 1.27096e+35
318 0.48 9.06241e+14 1.2592e+35
317 0.478 9.01903e+14 1.2475e+35
316 0.476 8.97569e+14 1.23585e+35
315 0.474 8.9324e+14 1.22427e+35
314 0.472 8.88917e+14 1.21273e+35
313 0.47 8.84599e+14 1.20125e+35
312 0.468 8.80286e+14 1.18983e+35
311 0.466 8.75978e+14 1.17845e+35
310 0.464 8.71675e+14 1.16713e+35
309 0.462 8.67377e+14 1.15586e+35
308 0.46 8.63084e+14 1.14464e+35
307 0.458 8.58797e+14 1.13347e+35
306 0.456 8.54514e+14 1.12234e+35
305 0.454 8.50237e+14 1.11127e+35
304 0.452 8.45964e+14 1.10023e+35
303 0.45 8.41697e+14 1.08925e+35
302 0.448 8.37435e+14 1.0783e+35
301 0.446 8.33178e+14 1.0674e+35
300 0.444 8.28925e+14 1.05653e+35
299 0.442 8.24678e+14 1.0457e+35
298 0.44 8.20436e+14 1.03491e+35
297 0.438 8.16199e+14 1.02414e+35
296 0.436 8.11967e+14 1.01341e+35
295 0.434 8.0774e+14 1.00269e+35
294 0.432 8.03518e+14 9.91997e+34
293 0.43 7.99301e+14 9.81315e+34
292 0.428 7.95089e+14 9.70637e+34
291 0.426 7.90882e+14 9.59954e+34
290 0.424 7.8668e+14 9.49252e+34
289 0.422 7.82482e+14 9.38509e+34
288 0.42 7.7829e+14 9.27684e+34
287 0.418 7.74102e+14 9.16644e+34
286 0.416 7.69919e+14 9.05395e+34
285 0.414 7.65742e+14 8.94234e+34
284 0.412 7.6157e+14 8.83161e+34
283 0.41 7.57403e+14 8.72176e+34
282 0.408 7.53242e+14 8.61277e+34
281 0.406 7.49087e+14 8.50466e+34
280 0.404 7.44937e+14 8.3974e+34
279 0.402 7.40792e+14 8.291e+34
278 0.4 7.36653e+14 8.18545e+34
277 0.398 7.3252e+14 8.08073e+34
276 0.396 7.28391e+14 7.97685e+34
275 0.394 7.24268e+14 7.8738e+34
274 0.392 7.2015e+14 7.77156e+34
273 0.39 7.16038e+14 7.67013e+34
272 0.388 7.1193e+14 7.5695e+34
271 0.386 7.07828e+14 7.46967e+34
270 0.384 7.03731e+14 7.37061e+34
269 0.382 6.99639e+14 7.27232e+34
268 0.38 6.95552e+14 7.17478e+34
267 0.378 6.9147e+14 7.07799e+34
266 0.376 6.87393e+14 6.98192e+34
265 0.374 6.83321e+14 6.88655e+34
264 0.372 6.79254e+14 6.79188e+34
263 0.37 6.75191e+14 6.69787e+34
262 0.368 6.71134e+14 6.60451e+34
261 0.366 6.6708e+14 6.51176e+34
260 0.364 6.63032e+14 6.41958e+34
259 0.362 6.58988e+14 6.32794e+34
258 0.36 6.54948e+14 6.23678e+34
257 0.358 6.50912e+14 6.14604e+34
256 0.356 6.4688e+14 6.05564e+34
255 0.354 6.42852e+14 5.96548e+34
254 0.352 6.38827e+14 5.87538e+34
253 0.35 6.34805e+14 5.78514e+34
252 0.348 6.30784e+14 5.69435e+34
251 0.346 6.26763e+14 5.60225e+34
250 0.344 6.22735e+14 5.5063e+34
249 0.342 6.18679e+14 5.39828e+34
248 0.34 6.14628e+14 5.29093e+34
247 0.338 6.10585e+14 5.18483e+34
246 0.336 6.0655e+14 5.07998e+34
245 0.334 6.02522e+14 4.97638e+34
244 0.332 5.98501e+14 4.87401e+34
243 0.33 5.94487e+14 4.77289e+34
242 0.328 5.90481e+14 4.673e+34
241 0.326 5.86482e+14 4.57433e+34
240 0.324 5.8249e+14 4.47689e+34
239 0.322 5.78506e+14 4.38066e+34
238 0.32 5.74529e+14 4.28565e+34
237 0.318 5.70558e+14 4.19185e+34
236 0.316 5.66595e+14 4.09925e+34
235 0.314 5.62639e+14 4.00784e+34
234 0.312 5.5869e+14 3.91763e+34
233 0.31 5.54748e+14 3.82861e+34
232 0.308 5.50812e+14 3.74077e+34
231 0.306 5.46884e+14 3.65411e+34
230 0.304 5.42962e+14 3.56861e+34
229 0.302 5.39048e+14 3.48428e+34
228 0.3 5.3514e+14 3.40111e+34
227 0.298 5.31239e+14 3.3191e+34
226 0.296 5.27344e+14 3.23823e+34
225 0.294 5.23456e+14 3.15851e+34
224 0.292 5.19575e+14 3.07991e+34
223 0.29 5.15701e+14 3.00245e+34
222 0.288 5.11832e+14 2.92612e+34
221 0.286 5.07971e+14 2.8509e+34
220 0.284 5.04116e+14 2.77679e+34
219 0.282 5.00267e+14 2.70378e+34
218 0.28 4.96425e+14 2.63188e+34
217 0.278 4.92589e+14 2.56106e+34
216 0.276 4.8876e+14 2.49133e+34
215 0.274 4.84937e+14 2.42268e+34
214 0.272 4.8112e+14 2.35509e+34
213 0.27 4.77309e+14 2.28858e+34
212 0.268 4.73504e+14 2.22312e+34
211 0.266 4.69706e+14 2.15871e+34
210 0.264 4.65913e+14 2.09535e+34
209 0.262 4.62127e+14 2.03302e+34
208 0.26 4.58347e+14 1.97172e+34
207 0.258 4.54572e+14 1.91145e+34
206 0.256 4.50804e+14 1.85219e+34
205 0.254 4.47042e+14 1.79394e+34
204 0.252 4.43285e+14 1.73669e+34
203 0.25 4.39534e+14 1.68043e+34
202 0.248 4.35789e+14 1.62516e+34
201 0.246 4.3205e+14 1.57087e+34
200 0.244 4.28316e+14 1.51755e+34
199 0.242 4.24589e+14 1.4652e+34
198 0.24 4.20866e+14 1.4138e+34
197 0.238 4.1715e+14 1.36335e+34
196 0.236 4.13439e+14 1.31384e+34
195 0.234 4.09733e+14 1.26527e+34
194 0.232 4.06033e+14 1.21762e+34
193 0.23 4.02338e+14 1.17089e+34
192 0.228 3.98649e+14 1.12508e+34
191 0.226 3.94965e+14 1.08016e+34
190 0.224 3.91286e+14 1.03614e+34
189 0.222 3.87613e+14 9.9301e+33
188 0.22 3.83945e+14 9.50757e+33
187 0.218 3.80282e+14 9.09377e+33
186 0.216 3.76625e+14 8.6886e+33
185 0.214 3.72972e+14 8.292e+33
184 0.212 3.69324e+14 7.90388e+33
183 0.21 3.65682e+14 7.52416e+33
182 0.208 3.62045e+14 7.15276e+33
181 0.206 3.58412e+14 6.78961e+33
180 0.204 3.54785e+14 6.43462e+33
179 0.202 3.51162e+14 6.08771e+33
178 0.2 3.47544e+14 5.74881e+33
177 0.198 3.43931e+14 5.41783e+33
176 0.196 3.40323e+14 5.0947e+33
175 0.194 3.36719e+14 4.77933e+33
174 0.192 3.3312e+14 4.47164e+33
173 0.19 3.29526e+14 4.17154e+33
172 0.188 3.25937e+14 3.87897e+33
171 0.186 3.22352e+14 3.59384e+33
170 0.184 3.18771e+14 3.31607e+33
169 0.182 3.15195e+14 3.04557e+33
168 0.18 3.11624e+14 2.78227e+33
167 0.178 3.08057e+14 2.52608e+33
166 0.176 3.04494e+14 2.27692e+33
165 0.174 3.00936e+14 2.03471e+33
164 0.172 2.97381e+14 1.79937e+33
163 0.17 2.93832e+14 1.57082e+33
162 0.168 2.90286e+14 1.34897e+33
161 0.166 2.86744e+14 1.13375e+33
160 0.164 2.83207e+14 9.25064e+32
159 0.162 2.79674e+14 7.22836e+32
158 0.16 2.76144e+14 5.26984e+32
157 0.158 2.72619e+14 3.37425e+32
156 0.156 2.69098e+14 1.54076e+32
155 0.154 2.65581e+14 -2.31461e+31
154 0.152 2.62067e+14 -1.94324e+32
153 0.15 2.58558e+14 -3.5954e+32
152 0.148 2.55052e+14 -5.18879e+32
151 0.146 2.5155e+14 -6.72423e+32
150 0.144 2.48051e+14 -8.20257e+32
149 0.142 2.44557e+14 -9.62463e+32
148 0.14 2.41065e+14 -1.09913e+33
147 0.138 2.37578e+14 -1.23033e+33
146 0.136 2.34094e+14 -1.35616e+33
145 0.134 2.30613e+14 -1.4767e+33
144 0.132 2.27136e+14 -1.59204e+33
143 0.13 2.23663e+14 -1.70226e+33
142 0.128 2.20193e+14 -1.80744e+33
141 0.126 2.16726e+14 -1.90768e+33
140 0.124 2.13262e+14 -2.00305e+33
139 0.122 2.09802e+14 -2.09365e+33
138 0.12 2.06344e+14 -2.17956e+33
137 0.118 2.0289e+14 -2.26087e+33
136 0.116 1.99439e+14 -2.33766e+33
135 0.114 1.95991e+14 -2.41003e+33
134 0.112 1.92546e+14 -2.47806e+33
133 0.11 1.89104e+14 -2.54185e+33
132 0.108 1.85665e+14 -2.60148e+33
131 0.106 1.82229e+14 -2.65704e+33
130 0.104 1.78795e+14 -2.70862e+33
129 0.102 1.75365e+14 -2.75631e+33
128 0.1 1.71937e+14 -2.80022e+33
127 0.098 1.68511e+14 -2.84042e+33
126 0.096 1.65089e+14 -2.87701e+33
125 0.094 1.61668e+14 -2.91009e+33
124 0.092 1.58251e+14 -2.93975e+33
123 0.09 1.54836e+14 -2.96609e+33
122 0.088 1.51423e+14 -2.9892e+33
121 0.086 1.48012e+14 -3.00918e+33
120 0.084 1.44604e+14 -3.02614e+33
119 0.082 1.41198e+14 -3.04016e+33
118 0.08 1.37794e+14 -3.05135e+33
117 0.078 1.34393e+14 -3.05981e+33
116 0.076 1.30993e+14 -3.06565e+33
115 0.074 1.27596e+14 -3.06897e+33
114 0.072 1.242e+14 -3.06987e+33
113 0.07 1.20807e+14 -3.06846e+33
112 0.068 1.17415e+14 -3.06485e+33
111 0.066 1.14025e+14 -3.05915e+33
110 0.064 1.10637e+14 -3.05147e+33
109 0.062 1.07251e+14 -3.04193e+33
108 0.06 1.03866e+14 -3.03063e+33
107 0.058 1.00483e+14 -3.01769e+33
106 0.056 9.71008e+13 -3.00324e+33
105 0.054 9.37205e+13 -2.98739e+33
104 0.052 9.03416e+13 -2.97026e+33
103 0.05 8.6964e+13 -2.95198e+33
102 0.048 8.35877e+13 -2.93268e+33
101 0.046 8.02126e+13 -2.91248e+33
100 0.044 7.68386e+13 -2.89151e+33
99 0.042 7.34658e+13 -2.86992e+33
98 0.04 7.0094e+13 -2.84782e+33
97 0.038 6.67231e+13 -2.82537e+33
96 0.036 6.33532e+13 -2.80271e+33
95 0.034 5.99842e+13 -2.77997e+33
94 0.032 5.66159e+13 -2.75731e+33
93 0.03 5.32484e+13 -2.73487e+33
92 0.028 4.98817e+13 -2.71281e+33
91 0.026 4.65155e+13 -2.69129e+33
90 0.024 4.315e+13 -2.67046e+33
89 0.022 3.97851e+13 -2.65048e+33
88 0.02 3.64208e+13 -2.63153e+33
87 0.018 3.3057e+13 -2.61377e+33
86 0.016 2.96937e+13 -2.59736e+33
85 0.014 2.63309e+13 -2.58248e+33
84 0.012 2.29688e+13 -2.56929e+33
83 0.01 1.96072e+13 -2.55797e+33
82 0.008 1.62465e+13 -2.54868e+33
81 0.006 1.28867e+13 -2.54155e+33
80 0.004 9.52829e+12 -2.53672e+33
79 0.002 6.17184e+12 -2.53421e+33
