1078 1 2.49996e+15 3.63156e+35
1077 0.999 2.49707e+15 3.62079e+35
1076 0.998 2.49419e+15 3.61002e+35
1075 0.997 2.4913e+15 3.59927e+35
1074 0.996 2.48842e+15 3.58852e+35
1073 0.995 2.48554e+15 3.57777e+35
1072 0.994 2.48265e+15 3.56703e+35
1071 0.993 2.47977e+15 3.5563e+35
1070 0.992 2.47689e+15 3.54558e+35
1069 0.991 2.47402e+15 3.53486e+35
1068 0.99 2.47114e+15 3.52415e+35
1067 0.989 2.46826e+15 3.51345e+35
1066 0.988 2.46539e+15 3.50275e+35
1065 0.987 2.46252e+15 3.49206e+35
1064 0.986 2.45964e+15 3.48137e+35
1063 0.985 2.45677e+15 3.47069e+35
1062 0.984 2.4539e+15 3.46002e+35
1061 0.983 2.45103e+15 3.44936e+35
1060 0.982 2.44817e+15 3.4387e+35
1059 0.981 2.4453e+15 3.42805e+35
1058 0.98 2.44244e+15 3.4174e+35
1057 0.979 2.43957e+15 3.40677e+35
1056 0.978 2.43671e+15 3.39614e+35
1055 0.977 2.43385e+15 3.38551e+35
1054 0.976 2.43099e+15 3.37489e+35
1053 0.975 2.42813e+15 3.36428e+35
1052 0.974 2.42527e+15 3.35368e+35
1051 0.973 2.42241e+15 3.34308e+35
1050 0.972 2.41956e+15 3.33249e+35
1049 0.971 2.41671e+15 3.3219e+35
1048 0.97 2.41385e+15 3.31133e+35
1047 0.969 2.411e+15 3.30075e+35
1046 0.968 2.40815e+15 3.29019e+35
1045 0.967 2.4053e+15 3.27963e+35
1044 0.966 2.40245e+15 3.26908e+35
1043 0.965 2.3996e+15 3.25854e+35
1042 0.964 2.39676e+15 3.248e+35
1041 0.963 2.39391e+15 3.23747e+35
1040 0.962 2.39107e+15 3.22695e+35
1039 0.961 2.38823e+15 3.21643e+35
1038 0.96 2.38539e+15 3.20592e+35
1037 0.959 2.38255e+15 3.19541e+35
1036 0.958 2.37971e+15 3.18492e+35
1035 0.957 2.37687e+15 3.17443e+35
1034 0.956 2.37403e+15 3.16394e+35
1033 0.955 2.3712e+15 3.15347e+35
1032 0.954 2.36837e+15 3.143e+35
1031 0.953 2.36553e+15 3.13254e+35
1030 0.952 2.3627e+15 3.12208e+35
1029 0.951 2.35987e+15 3.11163e+35
1028 0.95 2.35704e+15 3.10119e+35
1027 0.949 2.35421e+15 3.09075e+35
1026 0.948 2.35139e+15 3.08032e+35
1025 0.947 2.34856e+15 3.0699e+35
1024 0.946 2.34574e+15 3.05949e+35
1023 0.945 2.34291e+15 3.04908e+35
1022 0.944 2.34009e+15 3.03868e+35
1021 0.943 2.33727e+15 3.02828e+35
1020 0.942 2.33445e+15 3.0179e+35
1019 0.941 2.33163e+15 3.00751e+35
1018 0.94 2.32882e+15 2.99714e+35
1017 0.939 2.326e+15 2.98677e+35
1016 0.938 2.32319e+15 2.97641e+35
1015 0.937 2.32037e+15 2.96606e+35
1014 0.936 2.31756e+15 2.95572e+35
1013 0.935 2.31475e+15 2.94538e+35
1012 0.934 2.31194e+15 2.93504e+35
1011 0.933 2.30913e+15 2.92472e+35
1010 0.932 2.30632e+15 2.9144e+35
1009 0.931 2.30352e+15 2.90409e+35
1008 0.93 2.30071e+15 2.89378e+35
1007 0.929 2.29791e+15 2.88349e+35
1006 0.928 2.29511e+15 2.8732e+35
1005 0.927 2.2923e+15 2.86291e+35
1004 0.926 2.2895e+15 2.85264e+35
1003 0.925 2.28671e+15 2.84237e+35
1002 0.924 2.28391e+15 2.8321e+35
1001 0.923 2.28111e+15 2.82185e+35
1000 0.922 2.27832e+15 2.8116e+35
999 0.921 2.27552e+15 2.80136e+35
998 0.92 2.27273e+15 2.79112e+35
997 0.919 2.26994e+15 2.78089e+35
996 0.918 2.26715e+15 2.77067e+35
995 0.917 2.26436e+15 2.76046e+35
994 0.916 2.26157e+15 2.75025e+35
993 0.915 2.25878e+15 2.74005e+35
992 0.914 2.25599e+15 2.72986e+35
991 0.913 2.25321e+15 2.71967e+35
990 0.912 2.25043e+15 2.7095e+35
989 0.911 2.24764e+15 2.69932e+35
988 0.91 2.24486e+15 2.68916e+35
987 0.909 2.24208e+15 2.679e+35
986 0.908 2.2393e+15 2.66885e+35
985 0.907 2.23653e+15 2.65871e+35
984 0.906 2.23375e+15 2.64857e+35
983 0.905 2.23098e+15 2.63844e+35
982 0.904 2.2282e+15 2.62832e+35
981 0.903 2.22543e+15 2.61821e+35
980 0.902 2.22266e+15 2.6081e+35
979 0.901 2.21989e+15 2.598e+35
978 0.9 2.21712e+15 2.5879e+35
977 0.899 2.21435e+15 2.57782e+35
976 0.898 2.21158e+15 2.56774e+35
975 0.897 2.20882e+15 2.55766e+35
974 0.896 2.20605e+15 2.5476e+35
973 0.895 2.20329e+15 2.53754e+35
972 0.894 2.20053e+15 2.52749e+35
971 0.893 2.19777e+15 2.51744e+35
970 0.892 2.19501e+15 2.50741e+35
969 0.891 2.19225e+15 2.49738e+35
968 0.89 2.18949e+15 2.48736e+35
967 0.889 2.18674e+15 2.47734e+35
966 0.888 2.18398e+15 2.46733e+35
965 0.887 2.18123e+15 2.45733e+35
964 0.886 2.17848e+15 2.44734e+35
963 0.885 2.17573e+15 2.43735e+35
962 0.884 2.17298e+15 2.42737e+35
961 0.883 2.17023e+15 2.4174e+35
960 0.882 2.16748e+15 2.40743e+35
959 0.881 2.16473e+15 2.39747e+35
958 0.88 2.16199e+15 2.38752e+35
957 0.879 2.15924e+15 2.37758e+35
956 0.878 2.1565e+15 2.36764e+35
955 0.877 2.15376e+15 2.35771e+35
954 0.876 2.15102e+15 2.34779e+35
953 0.875 2.14828e+15 2.33787e+35
952 0.874 2.14554e+15 2.32796e+35
951 0.873 2.1428e+15 2.31806e+35
950 0.872 2.14007e+15 2.30817e+35
949 0.871 2.13733e+15 2.29828e+35
948 0.87 2.1346e+15 2.2884e+35
947 0.869 2.13187e+15 2.27853e+35
946 0.868 2.12914e+15 2.26866e+35
945 0.867 2.12641e+15 2.25881e+35
944 0.866 2.12368e+15 2.24895e+35
943 0.865 2.12095e+15 2.23911e+35
942 0.864 2.11822e+15 2.22927e+35
941 0.863 2.1155e+15 2.21944e+35
940 0.862 2.11277e+15 2.20962e+35
939 0.861 2.11005e+15 2.19981e+35
938 0.86 2.10733e+15 2.19e+35
937 0.859 2.10461e+15 2.1802e+35
936 0.858 2.10189e+15 2.1704e+35
935 0.857 2.09917e+15 2.16061e+35
934 0.856 2.09645e+15 2.15083e+35
933 0.855 2.09374e+15 2.14106e+35
932 0.854 2.09102e+15 2.13129e+35
931 0.853 2.08831e+15 2.12153e+35
930 0.852 2.08559e+15 2.11178e+35
929 0.851 2.08288e+15 2.10203e+35
928 0.85 2.08017e+15 2.09229e+35
927 0.849 2.07746e+15 2.08256e+35
926 0.848 2.07475e+15 2.07283e+35
925 0.847 2.07204e+15 2.06311e+35
924 0.846 2.06934e+15 2.0534e+35
923 0.845 2.06663e+15 2.04369e+35
922 0.844 2.06392e+15 2.03398e+35
921 0.843 2.06122e+15 2.02428e+35
920 0.842 2.05851e+15 2.01458e+35
919 0.841 2.05581e+15 2.0049e+35
918 0.84 2.05311e+15 1.99522e+35
917 0.839 2.0504e+15 1.98555e+35
916 0.838 2.04771e+15 1.97588e+35
915 0.837 2.04501e+15 1.96623e+35
914 0.836 2.04231e+15 1.95658e+35
913 0.835 2.03961e+15 1.94694e+35
912 0.834 2.03692e+15 1.93731e+35
911 0.833 2.03423e+15 1.92768e+35
910 0.832 2.03153e+15 1.91807e+35
909 0.831 2.02884e+15 1.90846e+35
908 0.83 2.02615e+15 1.89886e+35
907 0.829 2.02347e+15 1.88927e+35
906 0.828 2.02078e+15 1.87968e+35
905 0.827 2.01809e+15 1.87011e+35
904 0.826 2.01541e+15 1.86054e+35
903 0.825 2.01273e+15 1.85098e+35
902 0.824 2.01004e+15 1.84142e+35
901 0.823 2.00736e+15 1.83188e+35
900 0.822 2.00468e+15 1.82234e+35
899 0.821 2.00201e+15 1.81281e+35
898 0.82 1.99933e+15 1.80329e+35
897 0.819 1.99665e+15 1.79378e+35
896 0.818 1.99398e+15 1.78428e+35
895 0.817 1.99131e+15 1.77478e+35
894 0.816 1.98863e+15 1.76529e+35
893 0.815 1.98596e+15 1.75581e+35
892 0.814 1.9833e+15 1.74634e+35
891 0.813 1.98063e+15 1.73688e+35
890 0.812 1.97796e+15 1.72742e+35
889 0.811 1.9753e+15 1.71797e+35
888 0.81 1.97263e+15 1.70853e+35
887 0.809 1.96997e+15 1.6991e+35
886 0.808 1.96731e+15 1.68968e+35
885 0.807 1.96465e+15 1.68026e+35
884 0.806 1.96199e+15 1.67085e+35
883 0.805 1.95933e+15 1.66145e+35
882 0.804 1.95668e+15 1.65206e+35
881 0.803 1.95402e+15 1.64268e+35
880 0.802 1.95137e+15 1.6333e+35
879 0.801 1.94872e+15 1.62394e+35
878 0.8 1.94606e+15 1.61458e+35
877 0.799 1.94341e+15 1.60523e+35
876 0.798 1.94077e+15 1.59588e+35
875 0.797 1.93812e+15 1.58655e+35
874 0.796 1.93547e+15 1.57722e+35
873 0.795 1.93283e+15 1.56791e+35
872 0.794 1.93019e+15 1.5586e+35
871 0.793 1.92754e+15 1.54929e+35
870 0.792 1.9249e+15 1.54e+35
869 0.791 1.92226e+15 1.53072e+35
868 0.79 1.91962e+15 1.52144e+35
867 0.789 1.91699e+15 1.51217e+35
866 0.788 1.91435e+15 1.50291e+35
865 0.787 1.91172e+15 1.49366e+35
864 0.786 1.90908e+15 1.48441e+35
863 0.785 1.90645e+15 1.47518e+35
862 0.784 1.90382e+15 1.46595e+35
861 0.783 1.90119e+15 1.45673e+35
860 0.782 1.89857e+15 1.44752e+35
859 0.781 1.89594e+15 1.43832e+35
858 0.78 1.89331e+15 1.42912e+35
857 0.779 1.89069e+15 1.41993e+35
856 0.778 1.88807e+15 1.41076e+35
855 0.777 1.88545e+15 1.40159e+35
854 0.776 1.88283e+15 1.39242e+35
853 0.775 1.88021e+15 1.38327e+35
852 0.774 1.87759e+15 1.37413e+35
851 0.773 1.87497e+15 1.36499e+35
850 0.772 1.87236e+15 1.35586e+35
849 0.771 1.86974e+15 1.34674e+35
848 0.77 1.86713e+15 1.33763e+35
847 0.769 1.86452e+15 1.32853e+35
846 0.768 1.86191e+15 1.31943e+35
845 0.767 1.8593e+15 1.31034e+35
844 0.766 1.85669e+15 1.30127e+35
843 0.765 1.85409e+15 1.29219e+35
842 0.764 1.85148e+15 1.28313e+35
841 0.763 1.84888e+15 1.27408e+35
840 0.762 1.84628e+15 1.26503e+35
839 0.761 1.84368e+15 1.256e+35
838 0.76 1.84108e+15 1.24697e+35
837 0.759 1.83848e+15 1.23795e+35
836 0.758 1.83588e+15 1.22894e+35
835 0.757 1.83328e+15 1.21993e+35
834 0.756 1.83069e+15 1.21094e+35
833 0.755 1.8281e+15 1.20195e+35
832 0.754 1.8255e+15 1.19297e+35
831 0.753 1.82291e+15 1.184e+35
830 0.752 1.82032e+15 1.17504e+35
829 0.751 1.81774e+15 1.16609e+35
828 0.75 1.81515e+15 1.15714e+35
827 0.749 1.81256e+15 1.14821e+35
826 0.748 1.80998e+15 1.13928e+35
825 0.747 1.8074e+15 1.13036e+35
824 0.746 1.80481e+15 1.12145e+35
823 0.745 1.80223e+15 1.11254e+35
822 0.744 1.79965e+15 1.10365e+35
821 0.743 1.79708e+15 1.09476e+35
820 0.742 1.7945e+15 1.08588e+35
819 0.741 1.79192e+15 1.07701e+35
818 0.74 1.78935e+15 1.06815e+35
817 0.739 1.78678e+15 1.0593e+35
816 0.738 1.7842e+15 1.05045e+35
815 0.737 1.78163e+15 1.04162e+35
814 0.736 1.77906e+15 1.03279e+35
813 0.735 1.7765e+15 1.02397e+35
812 0.734 1.77393e+15 1.01516e+35
811 0.733 1.77136e+15 1.00635e+35
810 0.732 1.7688e+15 9.97559e+34
809 0.731 1.76624e+15 9.88772e+34
808 0.73 1.76368e+15 9.79994e+34
807 0.729 1.76111e+15 9.71223e+34
806 0.728 1.75856e+15 9.62461e+34
805 0.727 1.756e+15 9.53707e+34
804 0.726 1.75344e+15 9.44962e+34
803 0.725 1.75089e+15 9.36224e+34
802 0.724 1.74833e+15 9.27495e+34
801 0.723 1.74578e+15 9.18773e+34
800 0.722 1.74323e+15 9.1006e+34
799 0.721 1.74067e+15 9.01355e+34
798 0.72 1.73813e+15 8.92658e+34
797 0.719 1.73558e+15 8.83969e+34
796 0.718 1.73303e+15 8.75288e+34
795 0.717 1.73048e+15 8.66614e+34
794 0.716 1.72794e+15 8.57949e+34
793 0.715 1.7254e+15 8.49292e+34
792 0.714 1.72285e+15 8.40642e+34
791 0.713 1.72031e+15 8.32e+34
790 0.712 1.71777e+15 8.23365e+34
789 0.711 1.71523e+15 8.14738e+34
788 0.71 1.71269e+15 8.06119e+34
787 0.709 1.71016e+15 7.97507e+34
786 0.708 1.70762e+15 7.88902e+34
785 0.707 1.70509e+15 7.80305e+34
784 0.706 1.70255e+15 7.71715e+34
783 0.705 1.70002e+15 7.63131e+34
782 0.704 1.69749e+15 7.54554e+34
781 0.703 1.69496e+15 7.45984e+34
780 0.702 1.69243e+15 7.3742e+34
779 0.701 1.6899e+15 7.28862e+34
778 0.7 1.68737e+15 7.20309e+34
777 0.699 1.68485e+15 7.11762e+34
776 0.698 1.68232e+15 7.0322e+34
775 0.697 1.67979e+15 6.94682e+34
774 0.696 1.67727e+15 6.86147e+34
773 0.695 1.67474e+15 6.77614e+34
772 0.694 1.67222e+15 6.69081e+34
771 0.693 1.6697e+15 6.60547e+34
770 0.692 1.66717e+15 6.52005e+34
769 0.691 1.66464e+15 6.43441e+34
768 0.69 1.66211e+15 6.34827e+34
767 0.689 1.65957e+15 6.26221e+34
766 0.688 1.65704e+15 6.17624e+34
765 0.687 1.65451e+15 6.09037e+34
764 0.686 1.65198e+15 6.00458e+34
763 0.685 1.64946e+15 5.91889e+34
762 0.684 1.64693e+15 5.83329e+34
761 0.683 1.6444e+15 5.74778e+34
760 0.682 1.64188e+15 5.66236e+34
759 0.681 1.63936e+15 5.57704e+34
758 0.68 1.63684e+15 5.4918e+34
757 0.679 1.63432e+15 5.40666e+34
756 0.678 1.6318e+15 5.32161e+34
755 0.677 1.62929e+15 5.23666e+34
754 0.676 1.62677e+15 5.15179e+34
753 0.675 1.62426e+15 5.06702e+34
752 0.674 1.62175e+15 4.98234e+34
751 0.673 1.61924e+15 4.89775e+34
750 0.672 1.61673e+15 4.81326e+34
749 0.671 1.61422e+15 4.72886e+34
748 0.67 1.61171e+15 4.64455e+34
747 0.669 1.60921e+15 4.56034e+34
746 0.668 1.60671e+15 4.47622e+34
745 0.667 1.6042e+15 4.39219e+34
744 0.666 1.6017e+15 4.30825e+34
743 0.665 1.5992e+15 4.22441e+34
742 0.664 1.59671e+15 4.14067e+34
741 0.663 1.59421e+15 4.05701e+34
740 0.662 1.59172e+15 3.97346e+34
739 0.661 1.58922e+15 3.88999e+34
738 0.66 1.58673e+15 3.80662e+34
737 0.659 1.58424e+15 3.72334e+34
736 0.658 1.58175e+15 3.64016e+34
735 0.657 1.57926e+15 3.55707e+34
734 0.656 1.57678e+15 3.47408e+34
733 0.655 1.57429e+15 3.39118e+34
732 0.654 1.57181e+15 3.30838e+34
731 0.653 1.56933e+15 3.22567e+34
730 0.652 1.56685e+15 3.14306e+34
729 0.651 1.56437e+15 3.06054e+34
728 0.65 1.56189e+15 2.97812e+34
727 0.649 1.55941e+15 2.89579e+34
726 0.648 1.55694e+15 2.81356e+34
725 0.647 1.55447e+15 2.73142e+34
724 0.646 1.55199e+15 2.64938e+34
723 0.645 1.54952e+15 2.56744e+34
722 0.644 1.54705e+15 2.48559e+34
721 0.643 1.54459e+15 2.40384e+34
720 0.642 1.54212e+15 2.32218e+34
719 0.641 1.53966e+15 2.24062e+34
718 0.64 1.53719e+15 2.15916e+34
717 0.639 1.53473e+15 2.07779e+34
716 0.638 1.53227e+15 1.99652e+34
715 0.637 1.52981e+15 1.91535e+34
714 0.636 1.52735e+15 1.83427e+34
713 0.635 1.5249e+15 1.75329e+34
712 0.634 1.52244e+15 1.67241e+34
711 0.633 1.51999e+15 1.59163e+34
710 0.632 1.51754e+15 1.51094e+34
709 0.631 1.51509e+15 1.43035e+34
708 0.63 1.51264e+15 1.34986e+34
707 0.629 1.51019e+15 1.26946e+34
706 0.628 1.50775e+15 1.18916e+34
705 0.627 1.5053e+15 1.10896e+34
704 0.626 1.50286e+15 1.02886e+34
703 0.625 1.50042e+15 9.48858e+33
702 0.624 1.49798e+15 8.68953e+33
701 0.623 1.49554e+15 7.89146e+33
700 0.622 1.4931e+15 7.09438e+33
699 0.621 1.49067e+15 6.29828e+33
698 0.62 1.48823e+15 5.50317e+33
697 0.619 1.4858e+15 4.70904e+33
696 0.618 1.48337e+15 3.91591e+33
695 0.617 1.48094e+15 3.12376e+33
694 0.616 1.47851e+15 2.33261e+33
693 0.615 1.47608e+15 1.54245e+33
692 0.614 1.47366e+15 7.53284e+32
691 0.613 1.47123e+15 -3.48875e+31
690 0.612 1.46881e+15 -8.22064e+32
689 0.611 1.46639e+15 -1.60824e+33
688 0.61 1.46397e+15 -2.39342e+33
687 0.609 1.46155e+15 -3.17761e+33
686 0.608 1.45913e+15 -3.96079e+33
685 0.607 1.45672e+15 -4.74297e+33
684 0.606 1.45431e+15 -5.52415e+33
683 0.605 1.45189e+15 -6.30432e+33
682 0.604 1.44948e+15 -7.08349e+33
681 0.603 1.44707e+15 -7.86165e+33
680 0.602 1.44466e+15 -8.63881e+33
679 0.601 1.44226e+15 -9.41496e+33
678 0.6 1.43985e+15 -1.01901e+34
677 0.599 1.43745e+15 -1.09642e+34
676 0.598 1.43505e+15 -1.17373e+34
675 0.597 1.43265e+15 -1.25094e+34
674 0.596 1.43025e+15 -1.32805e+34
673 0.595 1.42785e+15 -1.40506e+34
672 0.594 1.42545e+15 -1.48197e+34
671 0.593 1.42306e+15 -1.55877e+34
670 0.592 1.42066e+15 -1.63547e+34
669 0.591 1.41827e+15 -1.71207e+34
668 0.59 1.41588e+15 -1.78857e+34
667 0.589 1.41349e+15 -1.86497e+34
666 0.588 1.4111e+15 -1.94126e+34
665 0.587 1.40872e+15 -2.01746e+34
664 0.586 1.40633e+15 -2.09355e+34
663 0.585 1.40395e+15 -2.16953e+34
662 0.584 1.40157e+15 -2.24542e+34
661 0.583 1.39919e+15 -2.3212e+34
660 0.582 1.39681e+15 -2.39688e+34
659 0.581 1.39443e+15 -2.47245e+34
658 0.58 1.39205e+15 -2.54792e+34
657 0.579 1.38968e+15 -2.62329e+34
656 0.578 1.38731e+15 -2.69856e+34
655 0.577 1.38494e+15 -2.77372e+34
654 0.576 1.38257e+15 -2.84878e+34
653 0.575 1.3802e+15 -2.92374e+34
652 0.574 1.37783e+15 -2.99859e+34
651 0.573 1.37546e+15 -3.07333e+34
650 0.572 1.3731e+15 -3.14798e+34
649 0.571 1.37074e+15 -3.22252e+34
648 0.57 1.36838e+15 -3.29695e+34
647 0.569 1.36602e+15 -3.37129e+34
646 0.568 1.36366e+15 -3.44551e+34
645 0.567 1.3613e+15 -3.51964e+34
644 0.566 1.35895e+15 -3.59365e+34
643 0.565 1.35659e+15 -3.66757e+34
642 0.564 1.35424e+15 -3.74138e+34
641 0.563 1.35189e+15 -3.81508e+34
640 0.562 1.34954e+15 -3.88868e+34
639 0.561 1.34719e+15 -3.96217e+34
638 0.56 1.34484e+15 -4.03556e+34
637 0.559 1.3425e+15 -4.10885e+34
636 0.558 1.34016e+15 -4.18202e+34
635 0.557 1.33781e+15 -4.2551e+34
634 0.556 1.33547e+15 -4.32806e+34
633 0.555 1.33313e+15 -4.40093e+34
632 0.554 1.3308e+15 -4.47368e+34
631 0.553 1.32846e+15 -4.54633e+34
630 0.552 1.32612e+15 -4.61888e+34
629 0.551 1.32379e+15 -4.69132e+34
628 0.55 1.32146e+15 -4.76365e+34
627 0.549 1.31913e+15 -4.83587e+34
626 0.548 1.3168e+15 -4.908e+34
625 0.547 1.31447e+15 -4.98001e+34
624 0.546 1.31215e+15 -5.05192e+34
623 0.545 1.30982e+15 -5.12372e+34
622 0.544 1.3075e+15 -5.19541e+34
621 0.543 1.30518e+15 -5.267e+34
620 0.542 1.30286e+15 -5.33848e+34
619 0.541 1.30054e+15 -5.40986e+34
618 0.54 1.29822e+15 -5.48113e+34
617 0.539 1.29591e+15 -5.55229e+34
616 0.538 1.29359e+15 -5.62334e+34
615 0.537 1.29128e+15 -5.69429e+34
614 0.536 1.28897e+15 -5.76513e+34
613 0.535 1.28666e+15 -5.83586e+34
612 0.534 1.28435e+15 -5.90649e+34
611 0.533 1.28204e+15 -5.977e+34
610 0.532 1.27974e+15 -6.04741e+34
609 0.531 1.27743e+15 -6.11772e+34
608 0.53 1.27513e+15 -6.18791e+34
607 0.529 1.27283e+15 -6.258e+34
606 0.528 1.27053e+15 -6.32798e+34
605 0.527 1.26823e+15 -6.39786e+34
604 0.526 1.26594e+15 -6.46762e+34
603 0.525 1.26364e+15 -6.53728e+34
602 0.524 1.26135e+15 -6.60683e+34
601 0.523 1.25906e+15 -6.67627e+34
600 0.522 1.25677e+15 -6.7456e+34
599 0.521 1.25448e+15 -6.81483e+34
598 0.52 1.25219e+15 -6.88395e+34
597 0.519 1.24991e+15 -6.95296e+34
596 0.518 1.24762e+15 -7.02186e+34
595 0.517 1.24534e+15 -7.09065e+34
594 0.516 1.24306e+15 -7.15934e+34
593 0.515 1.24078e+15 -7.22792e+34
592 0.514 1.2385e+15 -7.29639e+34
591 0.513 1.23622e+15 -7.36475e+34
590 0.512 1.23395e+15 -7.433e+34
589 0.511 1.23167e+15 -7.50115e+34
588 0.51 1.2294e+15 -7.56918e+34
587 0.509 1.22713e+15 -7.63711e+34
586 0.508 1.22486e+15 -7.70493e+34
585 0.507 1.22259e+15 -7.77264e+34
584 0.506 1.22032e+15 -7.84025e+34
583 0.505 1.21806e+15 -7.90774e+34
582 0.504 1.21579e+15 -7.97513e+34
581 0.503 1.21353e+15 -8.04241e+34
580 0.502 1.21127e+15 -8.10958e+34
579 0.501 1.20901e+15 -8.17664e+34
578 0.5 1.20675e+15 -8.2436e+34
577 0.499 1.2045e+15 -8.31044e+34
576 0.498 1.20224e+15 -8.37718e+34
575 0.497 1.19999e+15 -8.44381e+34
574 0.496 1.19774e+15 -8.51034e+34
573 0.495 1.19549e+15 -8.57675e+34
572 0.494 1.19324e+15 -8.64306e+34
571 0.493 1.19099e+15 -8.70926e+34
570 0.492 1.18875e+15 -8.77535e+34
569 0.491 1.1865e+15 -8.84133e+34
568 0.49 1.18426e+15 -8.90721e+34
567 0.489 1.18202e+15 -8.97297e+34
566 0.488 1.17978e+15 -9.03864e+34
565 0.487 1.17754e+15 -9.10419e+34
564 0.486 1.1753e+15 -9.16964e+34
563 0.485 1.17307e+15 -9.23498e+34
562 0.484 1.17083e+15 -9.30021e+34
561 0.483 1.1686e+15 -9.36533e+34
560 0.482 1.16637e+15 -9.43035e+34
559 0.481 1.16414e+15 -9.49526e+34
558 0.48 1.16191e+15 -9.56007e+34
557 0.479 1.15969e+15 -9.62477e+34
556 0.478 1.15746e+15 -9.68936e+34
555 0.477 1.15524e+15 -9.75385e+34
554 0.476 1.15302e+15 -9.81823e+34
553 0.475 1.1508e+15 -9.88251e+34
552 0.474 1.14858e+15 -9.94668e+34
551 0.473 1.14636e+15 -1.00107e+35
550 0.472 1.14414e+15 -1.00747e+35
549 0.471 1.14193e+15 -1.01386e+35
548 0.47 1.13972e+15 -1.02023e+35
547 0.469 1.1375e+15 -1.0266e+35
546 0.468 1.13529e+15 -1.03295e+35
545 0.467 1.13308e+15 -1.03929e+35
544 0.466 1.13088e+15 -1.04563e+35
543 0.465 1.12867e+15 -1.05195e+35
542 0.464 1.12647e+15 -1.05826e+35
541 0.463 1.12427e+15 -1.06457e+35
540 0.462 1.12206e+15 -1.07086e+35
539 0.461 1.11986e+15 -1.07714e+35
538 0.46 1.11767e+15 -1.08342e+35
537 0.459 1.11547e+15 -1.08968e+35
536 0.458 1.11327e+15 -1.09593e+35
535 0.457 1.11108e+15 -1.10217e+35
534 0.456 1.10889e+15 -1.1084e+35
533 0.455 1.1067e+15 -1.11463e+35
532 0.454 1.10451e+15 -1.12084e+35
531 0.453 1.10232e+15 -1.12704e+35
530 0.452 1.10013e+15 -1.13324e+35
529 0.451 1.09795e+15 -1.13942e+35
528 0.45 1.09577e+15 -1.14559e+35
527 0.449 1.09358e+15 -1.15176e+35
526 0.448 1.0914e+15 -1.15791e+35
525 0.447 1.08922e+15 -1.16406e+35
524 0.446 1.08705e+15 -1.1702e+35
523 0.445 1.08487e+15 -1.17632e+35
522 0.444 1.0827e+15 -1.18244e+35
521 0.443 1.08052e+15 -1.18855e+35
520 0.442 1.07835e+15 -1.19465e+35
519 0.441 1.07618e+15 -1.20074e+35
518 0.44 1.07401e+15 -1.20682e+35
517 0.439 1.07185e+15 -1.2129e+35
516 0.438 1.06968e+15 -1.21896e+35
515 0.437 1.06752e+15 -1.22502e+35
514 0.436 1.06535e+15 -1.23107e+35
513 0.435 1.06319e+15 -1.23711e+35
512 0.434 1.06103e+15 -1.24314e+35
511 0.433 1.05888e+15 -1.24916e+35
510 0.432 1.05672e+15 -1.25518e+35
509 0.431 1.05456e+15 -1.26119e+35
508 0.43 1.05241e+15 -1.26719e+35
507 0.429 1.05026e+15 -1.27318e+35
506 0.428 1.04811e+15 -1.27917e+35
505 0.427 1.04596e+15 -1.28515e+35
504 0.426 1.04381e+15 -1.29112e+35
503 0.425 1.04166e+15 -1.29709e+35
502 0.424 1.03952e+15 -1.30305e+35
501 0.423 1.03737e+15 -1.309e+35
500 0.422 1.03523e+15 -1.31495e+35
499 0.421 1.03309e+15 -1.32089e+35
498 0.42 1.03095e+15 -1.32683e+35
497 0.419 1.02881e+15 -1.33276e+35
496 0.418 1.02668e+15 -1.33869e+35
495 0.417 1.02454e+15 -1.34461e+35
494 0.416 1.02241e+15 -1.35053e+35
493 0.415 1.02028e+15 -1.35645e+35
492 0.414 1.01815e+15 -1.36236e+35
491 0.413 1.01602e+15 -1.36827e+35
490 0.412 1.01389e+15 -1.37418e+35
489 0.411 1.01176e+15 -1.38009e+35
488 0.41 1.00964e+15 -1.38599e+35
487 0.409 1.00752e+15 -1.39189e+35
486 0.408 1.00539e+15 -1.3978e+35
485 0.407 1.00327e+15 -1.4037e+35
484 0.406 1.00115e+15 -1.40961e+35
483 0.405 9.99035e+14 -1.41552e+35
482 0.404 9.96919e+14 -1.42143e+35
481 0.403 9.94803e+14 -1.42735e+35
480 0.402 9.92689e+14 -1.43327e+35
479 0.401 9.90577e+14 -1.43919e+35
478 0.4 9.88466e+14 -1.44513e+35
477 0.399 9.86356e+14 -1.45107e+35
476 0.398 9.84247e+14 -1.45703e+35
475 0.397 9.82139e+14 -1.463e+35
474 0.396 9.80033e+14 -1.46898e+35
473 0.395 9.77928e+14 -1.47498e+35
472 0.394 9.75824e+14 -1.481e+35
471 0.393 9.73722e+14 -1.48704e+35
470 0.392 9.7162e+14 -1.49311e+35
469 0.391 9.69519e+14 -1.49922e+35
468 0.39 9.67419e+14 -1.50536e+35
467 0.389 9.65321e+14 -1.51154e+35
466 0.388 9.63222e+14 -1.51778e+35
465 0.387 9.61125e+14 -1.52408e+35
464 0.386 9.59027e+14 -1.53047e+35
463 0.385 9.5693e+14 -1.53697e+35
462 0.384 9.54832e+14 -1.54362e+35
461 0.383 9.52731e+14 -1.55053e+35
460 0.382 9.50623e+14 -1.55808e+35
459 0.381 9.48515e+14 -1.56574e+35
458 0.38 9.46409e+14 -1.57337e+35
457 0.379 9.44306e+14 -1.58098e+35
456 0.378 9.42205e+14 -1.58856e+35
455 0.377 9.40107e+14 -1.59611e+35
454 0.376 9.38011e+14 -1.60363e+35
453 0.375 9.35918e+14 -1.61113e+35
452 0.374 9.33827e+14 -1.6186e+35
451 0.373 9.31739e+14 -1.62603e+35
450 0.372 9.29653e+14 -1.63344e+35
449 0.371 9.2757e+14 -1.64082e+35
448 0.37 9.25489e+14 -1.64817e+35
447 0.369 9.23411e+14 -1.65549e+35
446 0.368 9.21335e+14 -1.66278e+35
445 0.367 9.19262e+14 -1.67004e+35
444 0.366 9.17191e+14 -1.67727e+35
443 0.365 9.15122e+14 -1.68448e+35
442 0.364 9.13057e+14 -1.69165e+35
441 0.363 9.10993e+14 -1.69879e+35
440 0.362 9.08932e+14 -1.7059e+35
439 0.361 9.06874e+14 -1.71298e+35
438 0.36 9.04818e+14 -1.72002e+35
437 0.359 9.02765e+14 -1.72704e+35
436 0.358 9.00714e+14 -1.73403e+35
435 0.357 8.98665e+14 -1.74098e+35
434 0.356 8.96619e+14 -1.7479e+35
433 0.355 8.94575e+14 -1.75479e+35
432 0.354 8.92534e+14 -1.76165e+35
431 0.353 8.90495e+14 -1.76848e+35
430 0.352 8.88459e+14 -1.77527e+35
429 0.351 8.86425e+14 -1.78203e+35
428 0.35 8.84394e+14 -1.78876e+35
427 0.349 8.82365e+14 -1.79545e+35
426 0.348 8.80339e+14 -1.80212e+35
425 0.347 8.78314e+14 -1.80874e+35
424 0.346 8.76293e+14 -1.81534e+35
423 0.345 8.74274e+14 -1.8219e+35
422 0.344 8.72257e+14 -1.82843e+35
421 0.343 8.70242e+14 -1.83492e+35
420 0.342 8.6823e+14 -1.84138e+35
419 0.341 8.66221e+14 -1.8478e+35
418 0.34 8.64213e+14 -1.85419e+35
417 0.339 8.62209e+14 -1.86055e+35
416 0.338 8.60206e+14 -1.86687e+35
415 0.337 8.58206e+14 -1.87315e+35
414 0.336 8.56209e+14 -1.8794e+35
413 0.335 8.54213e+14 -1.88562e+35
412 0.334 8.52221e+14 -1.89179e+35
411 0.333 8.5023e+14 -1.89794e+35
410 0.332 8.48242e+14 -1.90404e+35
409 0.331 8.46256e+14 -1.91011e+35
408 0.33 8.44273e+14 -1.91615e+35
407 0.329 8.42292e+14 -1.92214e+35
406 0.328 8.40313e+14 -1.9281e+35
405 0.327 8.38337e+14 -1.93402e+35
404 0.326 8.36362e+14 -1.93991e+35
403 0.325 8.34391e+14 -1.94576e+35
402 0.324 8.32421e+14 -1.95157e+35
401 0.323 8.30454e+14 -1.95734e+35
400 0.322 8.2849e+14 -1.96308e+35
399 0.321 8.26527e+14 -1.96877e+35
398 0.32 8.24567e+14 -1.97443e+35
397 0.319 8.22609e+14 -1.98005e+35
396 0.318 8.20653e+14 -1.98564e+35
395 0.317 8.187e+14 -1.99118e+35
394 0.316 8.16749e+14 -1.99669e+35
393 0.315 8.148e+14 -2.00215e+35
392 0.314 8.12854e+14 -2.00758e+35
391 0.313 8.1091e+14 -2.01296e+35
390 0.312 8.08968e+14 -2.01831e+35
389 0.311 8.07028e+14 -2.02362e+35
388 0.31 8.0509e+14 -2.02889e+35
387 0.309 8.03155e+14 -2.03412e+35
386 0.308 8.01222e+14 -2.03931e+35
385 0.307 7.99291e+14 -2.04446e+35
384 0.306 7.97363e+14 -2.04957e+35
383 0.305 7.95436e+14 -2.05463e+35
382 0.304 7.93512e+14 -2.05966e+35
381 0.303 7.9159e+14 -2.06465e+35
380 0.302 7.8967e+14 -2.06959e+35
379 0.301 7.87752e+14 -2.0745e+35
378 0.3 7.85837e+14 -2.07936e+35
377 0.299 7.83924e+14 -2.08419e+35
376 0.298 7.82012e+14 -2.08897e+35
375 0.297 7.80103e+14 -2.09371e+35
374 0.296 7.78196e+14 -2.09841e+35
373 0.295 7.76292e+14 -2.10307e+35
372 0.294 7.74389e+14 -2.10769e+35
371 0.293 7.72488e+14 -2.11226e+35
370 0.292 7.7059e+14 -2.11679e+35
369 0.291 7.68693e+14 -2.12129e+35
368 0.29 7.66799e+14 -2.12574e+35
367 0.289 7.64907e+14 -2.13014e+35
366 0.288 7.63016e+14 -2.13451e+35
365 0.287 7.61128e+14 -2.13883e+35
364 0.286 7.59242e+14 -2.14311e+35
363 0.285 7.57358e+14 -2.14735e+35
362 0.284 7.55476e+14 -2.15155e+35
361 0.283 7.53596e+14 -2.15571e+35
360 0.282 7.51718e+14 -2.15982e+35
359 0.281 7.49842e+14 -2.16389e+35
358 0.28 7.47968e+14 -2.16792e+35
357 0.279 7.46096e+14 -2.17191e+35
356 0.278 7.44226e+14 -2.17585e+35
355 0.277 7.42358e+14 -2.17976e+35
354 0.276 7.40492e+14 -2.18362e+35
353 0.275 7.38627e+14 -2.18743e+35
352 0.274 7.36765e+14 -2.19121e+35
351 0.273 7.34905e+14 -2.19494e+35
350 0.272 7.33046e+14 -2.19864e+35
349 0.271 7.3119e+14 -2.20229e+35
348 0.27 7.29335e+14 -2.20589e+35
347 0.269 7.27482e+14 -2.20946e+35
346 0.268 7.25631e+14 -2.21298e+35
345 0.267 7.23782e+14 -2.21647e+35
344 0.266 7.21935e+14 -2.21991e+35
343 0.265 7.20089e+14 -2.22331e+35
342 0.264 7.18246e+14 -2.22666e+35
341 0.263 7.16404e+14 -2.22998e+35
340 0.262 7.14564e+14 -2.23325e+35
339 0.261 7.12726e+14 -2.23649e+35
338 0.26 7.1089e+14 -2.23968e+35
337 0.259 7.09055e+14 -2.24283e+35
336 0.258 7.07222e+14 -2.24594e+35
335 0.257 7.05391e+14 -2.24901e+35
334 0.256 7.03562e+14 -2.25204e+35
333 0.255 7.01734e+14 -2.25503e+35
332 0.254 6.99908e+14 -2.25798e+35
331 0.253 6.98084e+14 -2.26089e+35
330 0.252 6.96262e+14 -2.26376e+35
329 0.251 6.94441e+14 -2.26659e+35
328 0.25 6.92622e+14 -2.26938e+35
327 0.249 6.90804e+14 -2.27213e+35
326 0.248 6.88988e+14 -2.27484e+35
325 0.247 6.87174e+14 -2.27751e+35
324 0.246 6.85362e+14 -2.28015e+35
323 0.245 6.83551e+14 -2.28274e+35
322 0.244 6.81741e+14 -2.2853e+35
321 0.243 6.79934e+14 -2.28782e+35
320 0.242 6.78127e+14 -2.2903e+35
319 0.241 6.76323e+14 -2.29274e+35
318 0.24 6.7452e+14 -2.29515e+35
317 0.239 6.72718e+14 -2.29752e+35
316 0.238 6.70918e+14 -2.29985e+35
315 0.237 6.6912e+14 -2.30215e+35
314 0.236 6.67323e+14 -2.30441e+35
313 0.235 6.65528e+14 -2.30663e+35
312 0.234 6.63734e+14 -2.30882e+35
311 0.233 6.61941e+14 -2.31097e+35
310 0.232 6.6015e+14 -2.31309e+35
309 0.231 6.58361e+14 -2.31517e+35
308 0.23 6.56573e+14 -2.31722e+35
307 0.229 6.54786e+14 -2.31924e+35
306 0.228 6.53001e+14 -2.32122e+35
305 0.227 6.51217e+14 -2.32316e+35
304 0.226 6.49435e+14 -2.32508e+35
303 0.225 6.47654e+14 -2.32696e+35
302 0.224 6.45874e+14 -2.3288e+35
301 0.223 6.44096e+14 -2.33062e+35
300 0.222 6.42319e+14 -2.3324e+35
299 0.221 6.40543e+14 -2.33415e+35
298 0.22 6.38769e+14 -2.33587e+35
297 0.219 6.36996e+14 -2.33756e+35
296 0.218 6.35224e+14 -2.33922e+35
295 0.217 6.33454e+14 -2.34085e+35
294 0.216 6.31685e+14 -2.34244e+35
293 0.215 6.29917e+14 -2.34401e+35
292 0.214 6.2815e+14 -2.34555e+35
291 0.213 6.26385e+14 -2.34706e+35
290 0.212 6.24621e+14 -2.34854e+35
289 0.211 6.22858e+14 -2.34999e+35
288 0.21 6.21097e+14 -2.35141e+35
287 0.209 6.19336e+14 -2.35281e+35
286 0.208 6.17577e+14 -2.35418e+35
285 0.207 6.15819e+14 -2.35552e+35
284 0.206 6.14062e+14 -2.35683e+35
283 0.205 6.12307e+14 -2.35812e+35
282 0.204 6.10552e+14 -2.35939e+35
281 0.203 6.08799e+14 -2.36062e+35
280 0.202 6.07047e+14 -2.36183e+35
279 0.201 6.05296e+14 -2.36302e+35
278 0.2 6.03546e+14 -2.36418e+35
277 0.199 6.01797e+14 -2.36532e+35
276 0.198 6.00049e+14 -2.36643e+35
275 0.197 5.98302e+14 -2.36752e+35
274 0.196 5.96556e+14 -2.36859e+35
273 0.195 5.94812e+14 -2.36963e+35
272 0.194 5.93068e+14 -2.37065e+35
271 0.193 5.91326e+14 -2.37165e+35
270 0.192 5.89584e+14 -2.37263e+35
269 0.191 5.87844e+14 -2.37358e+35
268 0.19 5.86104e+14 -2.37452e+35
267 0.189 5.84366e+14 -2.37543e+35
266 0.188 5.82629e+14 -2.37632e+35
265 0.187 5.80892e+14 -2.37719e+35
264 0.186 5.79157e+14 -2.37804e+35
263 0.185 5.77422e+14 -2.37887e+35
262 0.184 5.75689e+14 -2.37969e+35
261 0.183 5.73956e+14 -2.38048e+35
260 0.182 5.72224e+14 -2.38125e+35
259 0.181 5.70493e+14 -2.38201e+35
258 0.18 5.68764e+14 -2.38274e+35
257 0.179 5.67035e+14 -2.38346e+35
256 0.178 5.65307e+14 -2.38416e+35
255 0.177 5.63579e+14 -2.38485e+35
254 0.176 5.61853e+14 -2.38551e+35
253 0.175 5.60128e+14 -2.38616e+35
252 0.174 5.58403e+14 -2.38679e+35
251 0.173 5.56679e+14 -2.38741e+35
250 0.172 5.54957e+14 -2.38801e+35
249 0.171 5.53235e+14 -2.38859e+35
248 0.17 5.51513e+14 -2.38916e+35
247 0.169 5.49793e+14 -2.38971e+35
246 0.168 5.48073e+14 -2.39025e+35
245 0.167 5.46355e+14 -2.39078e+35
244 0.166 5.44637e+14 -2.39128e+35
243 0.165 5.4292e+14 -2.39178e+35
242 0.164 5.41203e+14 -2.39226e+35
241 0.163 5.39487e+14 -2.39273e+35
240 0.162 5.37773e+14 -2.39318e+35
239 0.161 5.36058e+14 -2.39362e+35
238 0.16 5.34345e+14 -2.39404e+35
237 0.159 5.32632e+14 -2.39446e+35
236 0.158 5.30921e+14 -2.39486e+35
235 0.157 5.29209e+14 -2.39524e+35
234 0.156 5.27499e+14 -2.39562e+35
233 0.155 5.25789e+14 -2.39598e+35
232 0.154 5.2408e+14 -2.39633e+35
231 0.153 5.22372e+14 -2.39667e+35
230 0.152 5.20664e+14 -2.397e+35
229 0.151 5.18957e+14 -2.39732e+35
228 0.15 5.17251e+14 -2.39762e+35
227 0.149 5.15545e+14 -2.39791e+35
226 0.148 5.1384e+14 -2.3982e+35
225 0.147 5.12136e+14 -2.39847e+35
224 0.146 5.10432e+14 -2.39873e+35
223 0.145 5.08729e+14 -2.39898e+35
222 0.144 5.07026e+14 -2.39923e+35
221 0.143 5.05324e+14 -2.39946e+35
220 0.142 5.03623e+14 -2.39968e+35
219 0.141 5.01923e+14 -2.39989e+35
218 0.14 5.00223e+14 -2.40009e+35
217 0.139 4.98523e+14 -2.40029e+35
216 0.138 4.96824e+14 -2.40047e+35
215 0.137 4.95126e+14 -2.40064e+35
214 0.136 4.93428e+14 -2.40081e+35
213 0.135 4.91731e+14 -2.40097e+35
212 0.134 4.90035e+14 -2.40112e+35
211 0.133 4.88339e+14 -2.40126e+35
210 0.132 4.86643e+14 -2.40139e+35
209 0.131 4.84948e+14 -2.40151e+35
208 0.13 4.83254e+14 -2.40163e+35
207 0.129 4.8156e+14 -2.40173e+35
206 0.128 4.79867e+14 -2.40183e+35
205 0.127 4.78174e+14 -2.40192e+35
204 0.126 4.76481e+14 -2.40201e+35
203 0.125 4.7479e+14 -2.40208e+35
202 0.124 4.73098e+14 -2.40215e+35
201 0.123 4.71407e+14 -2.40221e+35
200 0.122 4.69717e+14 -2.40227e+35
199 0.121 4.68027e+14 -2.40231e+35
198 0.12 4.66338e+14 -2.40235e+35
197 0.119 4.64649e+14 -2.40239e+35
196 0.118 4.6296e+14 -2.40241e+35
195 0.117 4.61272e+14 -2.40243e+35
194 0.116 4.59585e+14 -2.40245e+35
193 0.115 4.57898e+14 -2.40245e+35
192 0.114 4.56211e+14 -2.40246e+35
191 0.113 4.54525e+14 -2.40245e+35
190 0.112 4.52839e+14 -2.40244e+35
189 0.111 4.51153e+14 -2.40242e+35
188 0.11 4.49469e+14 -2.40239e+35
187 0.109 4.47784e+14 -2.40236e+35
186 0.108 4.461e+14 -2.40233e+35
185 0.107 4.44416e+14 -2.40229e+35
184 0.106 4.42733e+14 -2.40224e+35
183 0.105 4.4105e+14 -2.40219e+35
182 0.104 4.39367e+14 -2.40213e+35
181 0.103 4.37685e+14 -2.40207e+35
180 0.102 4.36003e+14 -2.402e+35
179 0.101 4.34321e+14 -2.40192e+35
178 0.1 4.3264e+14 -2.40184e+35
177 0.099 4.30959e+14 -2.40176e+35
176 0.098 4.29279e+14 -2.40167e+35
175 0.097 4.27599e+14 -2.40157e+35
174 0.096 4.25919e+14 -2.40147e+35
173 0.095 4.2424e+14 -2.40137e+35
172 0.094 4.22561e+14 -2.40126e+35
171 0.093 4.20882e+14 -2.40115e+35
170 0.092 4.19204e+14 -2.40103e+35
169 0.091 4.17525e+14 -2.40091e+35
168 0.09 4.15848e+14 -2.40078e+35
167 0.089 4.1417e+14 -2.40065e+35
166 0.088 4.12493e+14 -2.40052e+35
165 0.087 4.10816e+14 -2.40038e+35
164 0.086 4.09139e+14 -2.40023e+35
163 0.085 4.07463e+14 -2.40009e+35
162 0.084 4.05787e+14 -2.39994e+35
161 0.083 4.04111e+14 -2.39978e+35
160 0.082 4.02436e+14 -2.39962e+35
159 0.081 4.0076e+14 -2.39946e+35
158 0.08 3.99085e+14 -2.39929e+35
157 0.079 3.97411e+14 -2.39913e+35
156 0.078 3.95736e+14 -2.39895e+35
155 0.077 3.94062e+14 -2.39878e+35
154 0.076 3.92388e+14 -2.3986e+35
153 0.075 3.90714e+14 -2.39842e+35
152 0.074 3.8904e+14 -2.39823e+35
151 0.073 3.87367e+14 -2.39804e+35
150 0.072 3.85694e+14 -2.39785e+35
149 0.071 3.84021e+14 -2.39766e+35
148 0.07 3.82348e+14 -2.39746e+35
147 0.069 3.80676e+14 -2.39726e+35
146 0.068 3.79003e+14 -2.39706e+35
145 0.067 3.77331e+14 -2.39686e+35
144 0.066 3.75659e+14 -2.39665e+35
143 0.065 3.73988e+14 -2.39644e+35
142 0.064 3.72316e+14 -2.39623e+35
141 0.063 3.70645e+14 -2.39602e+35
140 0.062 3.68973e+14 -2.39581e+35
139 0.061 3.67302e+14 -2.39559e+35
138 0.06 3.65631e+14 -2.39537e+35
137 0.059 3.63961e+14 -2.39515e+35
136 0.058 3.6229e+14 -2.39493e+35
135 0.057 3.60619e+14 -2.39471e+35
134 0.056 3.58949e+14 -2.39449e+35
133 0.055 3.57279e+14 -2.39426e+35
132 0.054 3.55609e+14 -2.39404e+35
131 0.053 3.53939e+14 -2.39381e+35
130 0.052 3.52269e+14 -2.39358e+35
129 0.051 3.50599e+14 -2.39336e+35
128 0.05 3.48929e+14 -2.39313e+35
127 0.049 3.47259e+14 -2.3929e+35
126 0.048 3.4559e+14 -2.39267e+35
125 0.047 3.4392e+14 -2.39244e+35
124 0.046 3.42251e+14 -2.39221e+35
123 0.045 3.40582e+14 -2.39198e+35
122 0.044 3.38912e+14 -2.39176e+35
121 0.043 3.37243e+14 -2.39153e+35
120 0.042 3.35574e+14 -2.3913e+35
119 0.041 3.33904e+14 -2.39107e+35
118 0.04 3.32235e+14 -2.39085e+35
117 0.039 3.30566e+14 -2.39063e+35
116 0.038 3.28897e+14 -2.3904e+35
115 0.037 3.27228e+14 -2.39018e+35
114 0.036 3.25558e+14 -2.38996e+35
113 0.035 3.23889e+14 -2.38974e+35
112 0.034 3.2222e+14 -2.38953e+35
111 0.033 3.20551e+14 -2.38931e+35
110 0.032 3.18881e+14 -2.3891e+35
109 0.031 3.17212e+14 -2.38889e+35
108 0.03 3.15543e+14 -2.38869e+35
107 0.029 3.13873e+14 -2.38849e+35
106 0.028 3.12203e+14 -2.38829e+35
105 0.027 3.10534e+14 -2.38809e+35
104 0.026 3.08864e+14 -2.3879e+35
103 0.025 3.07194e+14 -2.38771e+35
102 0.024 3.05524e+14 -2.38753e+35
101 0.023 3.03854e+14 -2.38735e+35
100 0.022 3.02183e+14 -2.38717e+35
99 0.021 3.00513e+14 -2.387e+35
98 0.02 2.98842e+14 -2.38684e+35
97 0.019 2.97171e+14 -2.38668e+35
96 0.018 2.955e+14 -2.38653e+35
95 0.017 2.93829e+14 -2.38638e+35
94 0.016 2.92157e+14 -2.38624e+35
93 0.015 2.90485e+14 -2.3861e+35
92 0.014 2.88813e+14 -2.38598e+35
91 0.013 2.87141e+14 -2.38586e+35
90 0.012 2.85469e+14 -2.38574e+35
89 0.011 2.83796e+14 -2.38564e+35
88 0.01 2.82123e+14 -2.38554e+35
87 0.009 2.8045e+14 -2.38546e+35
86 0.008 2.78776e+14 -2.38538e+35
85 0.007 2.77102e+14 -2.38531e+35
84 0.006 2.75428e+14 -2.38525e+35
83 0.005 2.73754e+14 -2.3852e+35
82 0.004 2.72079e+14 -2.38516e+35
81 0.003 2.70404e+14 -2.38513e+35
80 0.002 2.68729e+14 -2.38511e+35
79 0.001 2.67054e+14 -2.3851e+35
