1078 1 2.24654e+15 8.44489e+35
1077 0.999 2.24336e+15 8.42488e+35
1076 0.998 2.24018e+15 8.40489e+35
1075 0.997 2.23699e+15 8.38492e+35
1074 0.996 2.23382e+15 8.36498e+35
1073 0.995 2.23064e+15 8.34505e+35
1072 0.994 2.22747e+15 8.32515e+35
1071 0.993 2.22429e+15 8.30527e+35
1070 0.992 2.22113e+15 8.28541e+35
1069 0.991 2.21796e+15 8.26557e+35
1068 0.99 2.21479e+15 8.24575e+35
1067 0.989 2.21163e+15 8.22596e+35
1066 0.988 2.20847e+15 8.20619e+35
1065 0.987 2.20531e+15 8.18643e+35
1064 0.986 2.20216e+15 8.1667e+35
1063 0.985 2.199e+15 8.147e+35
1062 0.984 2.19585e+15 8.12731e+35
1061 0.983 2.1927e+15 8.10764e+35
1060 0.982 2.18955e+15 8.088e+35
1059 0.981 2.18641e+15 8.06838e+35
1058 0.98 2.18327e+15 8.04878e+35
1057 0.979 2.18012e+15 8.0292e+35
1056 0.978 2.17699e+15 8.00964e+35
1055 0.977 2.17385e+15 7.99011e+35
1054 0.976 2.17072e+15 7.97059e+35
1053 0.975 2.16758e+15 7.9511e+35
1052 0.974 2.16446e+15 7.93163e+35
1051 0.973 2.16133e+15 7.91218e+35
1050 0.972 2.1582e+15 7.89275e+35
1049 0.971 2.15508e+15 7.87335e+35
1048 0.97 2.15196e+15 7.85397e+35
1047 0.969 2.14884e+15 7.8346e+35
1046 0.968 2.14573e+15 7.81526e+35
1045 0.967 2.14261e+15 7.79595e+35
1044 0.966 2.1395e+15 7.77665e+35
1043 0.965 2.13639e+15 7.75738e+35
1042 0.964 2.13328e+15 7.73812e+35
1041 0.963 2.13018e+15 7.71889e+35
1040 0.962 2.12708e+15 7.69968e+35
1039 0.961 2.12398e+15 7.68049e+35
1038 0.96 2.12088e+15 7.66133e+35
1037 0.959 2.11778e+15 7.64219e+35
1036 0.958 2.11469e+15 7.62306e+35
1035 0.957 2.1116e+15 7.60396e+35
1034 0.956 2.10851e+15 7.58489e+35
1033 0.955 2.10542e+15 7.56583e+35
1032 0.954 2.10233e+15 7.5468e+35
1031 0.953 2.09925e+15 7.52778e+35
1030 0.952 2.09617e+15 7.50879e+35
1029 0.951 2.09309e+15 7.48982e+35
1028 0.95 2.09002e+15 7.47088e+35
1027 0.949 2.08694e+15 7.45195e+35
1026 0.948 2.08387e+15 7.43305e+35
1025 0.947 2.0808e+15 7.41417e+35
1024 0.946 2.07773e+15 7.39531e+35
1023 0.945 2.07467e+15 7.37647e+35
1022 0.944 2.07161e+15 7.35766e+35
1021 0.943 2.06854e+15 7.33887e+35
1020 0.942 2.06549e+15 7.3201e+35
1019 0.941 2.06243e+15 7.30135e+35
1018 0.94 2.05938e+15 7.28262e+35
1017 0.939 2.05632e+15 7.26392e+35
1016 0.938 2.05328e+15 7.24524e+35
1015 0.937 2.05023e+15 7.22657e+35
1014 0.936 2.04718e+15 7.20794e+35
1013 0.935 2.04414e+15 7.18932e+35
1012 0.934 2.0411e+15 7.17073e+35
1011 0.933 2.03806e+15 7.15215e+35
1010 0.932 2.03502e+15 7.13361e+35
1009 0.931 2.03199e+15 7.11508e+35
1008 0.93 2.02896e+15 7.09657e+35
1007 0.929 2.02593e+15 7.07809e+35
1006 0.928 2.0229e+15 7.05963e+35
1005 0.927 2.01988e+15 7.04119e+35
1004 0.926 2.01685e+15 7.02277e+35
1003 0.925 2.01383e+15 7.00438e+35
1002 0.924 2.01081e+15 6.98601e+35
1001 0.923 2.0078e+15 6.96766e+35
1000 0.922 2.00478e+15 6.94933e+35
999 0.921 2.00177e+15 6.93102e+35
998 0.92 1.99876e+15 6.91274e+35
997 0.919 1.99575e+15 6.89448e+35
996 0.918 1.99275e+15 6.87624e+35
995 0.917 1.98975e+15 6.85803e+35
994 0.916 1.98675e+15 6.83983e+35
993 0.915 1.98375e+15 6.82166e+35
992 0.914 1.98075e+15 6.80351e+35
991 0.913 1.97776e+15 6.78539e+35
990 0.912 1.97476e+15 6.76728e+35
989 0.911 1.97177e+15 6.7492e+35
988 0.91 1.96879e+15 6.73114e+35
987 0.909 1.9658e+15 6.7131e+35
986 0.908 1.96282e+15 6.69509e+35
985 0.907 1.95984e+15 6.6771e+35
984 0.906 1.95686e+15 6.65913e+35
983 0.905 1.95388e+15 6.64118e+35
982 0.904 1.95091e+15 6.62326e+35
981 0.903 1.94793e+15 6.60535e+35
980 0.902 1.94496e+15 6.58747e+35
979 0.901 1.942e+15 6.56962e+35
978 0.9 1.93903e+15 6.55178e+35
977 0.899 1.93607e+15 6.53397e+35
976 0.898 1.93311e+15 6.51618e+35
975 0.897 1.93015e+15 6.49841e+35
974 0.896 1.92719e+15 6.48067e+35
973 0.895 1.92424e+15 6.46295e+35
972 0.894 1.92128e+15 6.44525e+35
971 0.893 1.91833e+15 6.42757e+35
970 0.892 1.91539e+15 6.40992e+35
969 0.891 1.91244e+15 6.39229e+35
968 0.89 1.9095e+15 6.37468e+35
967 0.889 1.90656e+15 6.3571e+35
966 0.888 1.90362e+15 6.33953e+35
965 0.887 1.90068e+15 6.32199e+35
964 0.886 1.89774e+15 6.30448e+35
963 0.885 1.89481e+15 6.28698e+35
962 0.884 1.89188e+15 6.26951e+35
961 0.883 1.88895e+15 6.25206e+35
960 0.882 1.88603e+15 6.23464e+35
959 0.881 1.8831e+15 6.21723e+35
958 0.88 1.88018e+15 6.19985e+35
957 0.879 1.87726e+15 6.1825e+35
956 0.878 1.87435e+15 6.16516e+35
955 0.877 1.87143e+15 6.14785e+35
954 0.876 1.86852e+15 6.13056e+35
953 0.875 1.86561e+15 6.11329e+35
952 0.874 1.8627e+15 6.09605e+35
951 0.873 1.85979e+15 6.07883e+35
950 0.872 1.85689e+15 6.06164e+35
949 0.871 1.85399e+15 6.04446e+35
948 0.87 1.85109e+15 6.02731e+35
947 0.869 1.84819e+15 6.01018e+35
946 0.868 1.84529e+15 5.99308e+35
945 0.867 1.8424e+15 5.976e+35
944 0.866 1.83951e+15 5.95894e+35
943 0.865 1.83662e+15 5.9419e+35
942 0.864 1.83374e+15 5.92489e+35
941 0.863 1.83085e+15 5.9079e+35
940 0.862 1.82797e+15 5.89094e+35
939 0.861 1.82509e+15 5.87399e+35
938 0.86 1.82221e+15 5.85707e+35
937 0.859 1.81934e+15 5.84018e+35
936 0.858 1.81646e+15 5.8233e+35
935 0.857 1.81359e+15 5.80645e+35
934 0.856 1.81072e+15 5.78963e+35
933 0.855 1.80786e+15 5.77282e+35
932 0.854 1.80499e+15 5.75605e+35
931 0.853 1.80213e+15 5.73929e+35
930 0.852 1.79927e+15 5.72256e+35
929 0.851 1.79641e+15 5.70585e+35
928 0.85 1.79355e+15 5.68916e+35
927 0.849 1.7907e+15 5.6725e+35
926 0.848 1.78785e+15 5.65586e+35
925 0.847 1.785e+15 5.63924e+35
924 0.846 1.78215e+15 5.62265e+35
923 0.845 1.77931e+15 5.60608e+35
922 0.844 1.77647e+15 5.58954e+35
921 0.843 1.77362e+15 5.57301e+35
920 0.842 1.77079e+15 5.55652e+35
919 0.841 1.76795e+15 5.54004e+35
918 0.84 1.76512e+15 5.52359e+35
917 0.839 1.76228e+15 5.50717e+35
916 0.838 1.75957e+15 5.49043e+35
915 0.837 1.75667e+15 5.47423e+35
914 0.836 1.75629e+15 5.44999e+35
913 0.835 1.75098e+15 5.4416e+35
912 0.834 1.74816e+15 5.42519e+35
911 0.833 1.74534e+15 5.4088e+35
910 0.832 1.74252e+15 5.39243e+35
909 0.831 1.73971e+15 5.37608e+35
908 0.83 1.7369e+15 5.35975e+35
907 0.829 1.73409e+15 5.34345e+35
906 0.828 1.73128e+15 5.32717e+35
905 0.827 1.72847e+15 5.3109e+35
904 0.826 1.72567e+15 5.29466e+35
903 0.825 1.72287e+15 5.27845e+35
902 0.824 1.72007e+15 5.26225e+35
901 0.823 1.71727e+15 5.24607e+35
900 0.822 1.71448e+15 5.22991e+35
899 0.821 1.71168e+15 5.21377e+35
898 0.82 1.70889e+15 5.19765e+35
897 0.819 1.7061e+15 5.18156e+35
896 0.818 1.70332e+15 5.16548e+35
895 0.817 1.70053e+15 5.14943e+35
894 0.816 1.69775e+15 5.1334e+35
893 0.815 1.69497e+15 5.1174e+35
892 0.814 1.6922e+15 5.10141e+35
891 0.813 1.68942e+15 5.08545e+35
890 0.812 1.68665e+15 5.06952e+35
889 0.811 1.68388e+15 5.0536e+35
888 0.81 1.68111e+15 5.03771e+35
887 0.809 1.67834e+15 5.02184e+35
886 0.808 1.67558e+15 5.006e+35
885 0.807 1.67282e+15 4.99017e+35
884 0.806 1.67006e+15 4.97437e+35
883 0.805 1.6673e+15 4.9586e+35
882 0.804 1.66454e+15 4.94284e+35
881 0.803 1.66179e+15 4.92711e+35
880 0.802 1.65904e+15 4.9114e+35
879 0.801 1.65629e+15 4.89572e+35
878 0.8 1.65354e+15 4.88006e+35
877 0.799 1.6508e+15 4.86442e+35
876 0.798 1.64806e+15 4.8488e+35
875 0.797 1.64532e+15 4.83321e+35
874 0.796 1.64258e+15 4.81764e+35
873 0.795 1.63984e+15 4.8021e+35
872 0.794 1.63711e+15 4.78657e+35
871 0.793 1.63438e+15 4.77107e+35
870 0.792 1.63165e+15 4.7556e+35
869 0.791 1.62892e+15 4.74014e+35
868 0.79 1.6262e+15 4.72471e+35
867 0.789 1.62347e+15 4.70931e+35
866 0.788 1.62075e+15 4.69392e+35
865 0.787 1.61803e+15 4.67856e+35
864 0.786 1.61532e+15 4.66322e+35
863 0.785 1.6126e+15 4.64791e+35
862 0.784 1.60989e+15 4.63262e+35
861 0.783 1.60718e+15 4.61735e+35
860 0.782 1.60447e+15 4.60211e+35
859 0.781 1.60177e+15 4.58689e+35
858 0.78 1.59907e+15 4.57169e+35
857 0.779 1.59636e+15 4.55652e+35
856 0.778 1.59367e+15 4.54137e+35
855 0.777 1.59097e+15 4.52624e+35
854 0.776 1.58827e+15 4.51114e+35
853 0.775 1.58558e+15 4.49606e+35
852 0.774 1.58289e+15 4.481e+35
851 0.773 1.5802e+15 4.46597e+35
850 0.772 1.57752e+15 4.45096e+35
849 0.771 1.57483e+15 4.43597e+35
848 0.77 1.57215e+15 4.42101e+35
847 0.769 1.56947e+15 4.40607e+35
846 0.768 1.56679e+15 4.39116e+35
845 0.767 1.56412e+15 4.37626e+35
844 0.766 1.56145e+15 4.3614e+35
843 0.765 1.55878e+15 4.34655e+35
842 0.764 1.55611e+15 4.33173e+35
841 0.763 1.55344e+15 4.31694e+35
840 0.762 1.55078e+15 4.30216e+35
839 0.761 1.54811e+15 4.28741e+35
838 0.76 1.54545e+15 4.27269e+35
837 0.759 1.5428e+15 4.25799e+35
836 0.758 1.54014e+15 4.24331e+35
835 0.757 1.53749e+15 4.22865e+35
834 0.756 1.53483e+15 4.21402e+35
833 0.755 1.53219e+15 4.19942e+35
832 0.754 1.52954e+15 4.18483e+35
831 0.753 1.52689e+15 4.17028e+35
830 0.752 1.52425e+15 4.15574e+35
829 0.751 1.52161e+15 4.14123e+35
828 0.75 1.51897e+15 4.12674e+35
827 0.749 1.51633e+15 4.11228e+35
826 0.748 1.5137e+15 4.09784e+35
825 0.747 1.51107e+15 4.08343e+35
824 0.746 1.50844e+15 4.06904e+35
823 0.745 1.50581e+15 4.05467e+35
822 0.744 1.50318e+15 4.04033e+35
821 0.743 1.50056e+15 4.02601e+35
820 0.742 1.49794e+15 4.01171e+35
819 0.741 1.49532e+15 3.99744e+35
818 0.74 1.4927e+15 3.9832e+35
817 0.739 1.49009e+15 3.96898e+35
816 0.738 1.48747e+15 3.95478e+35
815 0.737 1.48486e+15 3.9406e+35
814 0.736 1.48226e+15 3.92646e+35
813 0.735 1.47965e+15 3.91233e+35
812 0.734 1.47704e+15 3.89823e+35
811 0.733 1.47444e+15 3.88415e+35
810 0.732 1.47184e+15 3.8701e+35
809 0.731 1.46924e+15 3.85607e+35
808 0.73 1.46665e+15 3.84207e+35
807 0.729 1.46406e+15 3.82809e+35
806 0.728 1.46146e+15 3.81414e+35
805 0.727 1.45887e+15 3.80021e+35
804 0.726 1.45629e+15 3.7863e+35
803 0.725 1.4537e+15 3.77242e+35
802 0.724 1.45112e+15 3.75857e+35
801 0.723 1.44854e+15 3.74474e+35
800 0.722 1.44596e+15 3.73093e+35
799 0.721 1.44338e+15 3.71715e+35
798 0.72 1.44081e+15 3.70339e+35
797 0.719 1.43824e+15 3.68966e+35
796 0.718 1.43567e+15 3.67595e+35
795 0.717 1.4331e+15 3.66226e+35
794 0.716 1.43053e+15 3.6486e+35
793 0.715 1.42797e+15 3.63497e+35
792 0.714 1.42541e+15 3.62136e+35
791 0.713 1.42285e+15 3.60778e+35
790 0.712 1.42029e+15 3.59422e+35
789 0.711 1.41773e+15 3.58068e+35
788 0.71 1.41518e+15 3.56717e+35
787 0.709 1.41263e+15 3.55369e+35
786 0.708 1.41008e+15 3.54023e+35
785 0.707 1.40753e+15 3.52679e+35
784 0.706 1.40499e+15 3.51338e+35
783 0.705 1.40245e+15 3.5e+35
782 0.704 1.3999e+15 3.48664e+35
781 0.703 1.39737e+15 3.4733e+35
780 0.702 1.39483e+15 3.45999e+35
779 0.701 1.3923e+15 3.44671e+35
778 0.7 1.38976e+15 3.43345e+35
777 0.699 1.38723e+15 3.42022e+35
776 0.698 1.38471e+15 3.40701e+35
775 0.697 1.38218e+15 3.39382e+35
774 0.696 1.37966e+15 3.38067e+35
773 0.695 1.37713e+15 3.36753e+35
772 0.694 1.37461e+15 3.35443e+35
771 0.693 1.3721e+15 3.34134e+35
770 0.692 1.36958e+15 3.32829e+35
769 0.691 1.36707e+15 3.31526e+35
768 0.69 1.36456e+15 3.30225e+35
767 0.689 1.36205e+15 3.28927e+35
766 0.688 1.35954e+15 3.27632e+35
765 0.687 1.35704e+15 3.26339e+35
764 0.686 1.35453e+15 3.25048e+35
763 0.685 1.35203e+15 3.2376e+35
762 0.684 1.34953e+15 3.22475e+35
761 0.683 1.34704e+15 3.21193e+35
760 0.682 1.34454e+15 3.19912e+35
759 0.681 1.34205e+15 3.18635e+35
758 0.68 1.33956e+15 3.1736e+35
757 0.679 1.33707e+15 3.16088e+35
756 0.678 1.33459e+15 3.14818e+35
755 0.677 1.3321e+15 3.13551e+35
754 0.676 1.32962e+15 3.12286e+35
753 0.675 1.32714e+15 3.11024e+35
752 0.674 1.32466e+15 3.09765e+35
751 0.673 1.32219e+15 3.08508e+35
750 0.672 1.31971e+15 3.07254e+35
749 0.671 1.31724e+15 3.06002e+35
748 0.67 1.31477e+15 3.04753e+35
747 0.669 1.3123e+15 3.03507e+35
746 0.668 1.30984e+15 3.02263e+35
745 0.667 1.30738e+15 3.01022e+35
744 0.666 1.30491e+15 2.99784e+35
743 0.665 1.30246e+15 2.98548e+35
742 0.664 1.3e+15 2.97314e+35
741 0.663 1.29754e+15 2.96084e+35
740 0.662 1.29509e+15 2.94856e+35
739 0.661 1.29264e+15 2.93631e+35
738 0.66 1.29019e+15 2.92408e+35
737 0.659 1.28774e+15 2.91188e+35
736 0.658 1.2853e+15 2.89971e+35
735 0.657 1.28286e+15 2.88756e+35
734 0.656 1.28042e+15 2.87544e+35
733 0.655 1.27798e+15 2.86335e+35
732 0.654 1.27554e+15 2.85128e+35
731 0.653 1.27311e+15 2.83924e+35
730 0.652 1.27067e+15 2.82723e+35
729 0.651 1.26824e+15 2.81524e+35
728 0.65 1.26582e+15 2.80328e+35
727 0.649 1.26339e+15 2.79135e+35
726 0.648 1.26097e+15 2.77944e+35
725 0.647 1.25854e+15 2.76756e+35
724 0.646 1.25612e+15 2.75571e+35
723 0.645 1.25371e+15 2.74389e+35
722 0.644 1.25129e+15 2.73209e+35
721 0.643 1.24888e+15 2.72032e+35
720 0.642 1.24646e+15 2.70858e+35
719 0.641 1.24405e+15 2.69686e+35
718 0.64 1.24165e+15 2.68517e+35
717 0.639 1.23924e+15 2.67351e+35
716 0.638 1.23684e+15 2.66188e+35
715 0.637 1.23443e+15 2.65027e+35
714 0.636 1.23203e+15 2.63869e+35
713 0.635 1.22964e+15 2.62714e+35
712 0.634 1.22724e+15 2.61562e+35
711 0.633 1.22485e+15 2.60412e+35
710 0.632 1.22245e+15 2.59265e+35
709 0.631 1.22007e+15 2.58121e+35
708 0.63 1.21768e+15 2.5698e+35
707 0.629 1.21529e+15 2.55841e+35
706 0.628 1.21291e+15 2.54705e+35
705 0.627 1.21053e+15 2.53572e+35
704 0.626 1.20815e+15 2.52442e+35
703 0.625 1.20577e+15 2.51315e+35
702 0.624 1.20339e+15 2.5019e+35
701 0.623 1.20102e+15 2.49068e+35
700 0.622 1.19865e+15 2.47949e+35
699 0.621 1.19628e+15 2.46833e+35
698 0.62 1.19391e+15 2.4572e+35
697 0.619 1.19155e+15 2.44609e+35
696 0.618 1.18918e+15 2.43502e+35
695 0.617 1.18682e+15 2.42397e+35
694 0.616 1.18446e+15 2.41295e+35
693 0.615 1.1821e+15 2.40196e+35
692 0.614 1.17975e+15 2.39099e+35
691 0.613 1.17739e+15 2.38006e+35
690 0.612 1.17504e+15 2.36915e+35
689 0.611 1.17269e+15 2.35827e+35
688 0.61 1.17034e+15 2.34743e+35
687 0.609 1.168e+15 2.33661e+35
686 0.608 1.16565e+15 2.32581e+35
685 0.607 1.16331e+15 2.31505e+35
684 0.606 1.16097e+15 2.30432e+35
683 0.605 1.15863e+15 2.29362e+35
682 0.604 1.1563e+15 2.28294e+35
681 0.603 1.15397e+15 2.27229e+35
680 0.602 1.15163e+15 2.26168e+35
679 0.601 1.1493e+15 2.25109e+35
678 0.6 1.14697e+15 2.24053e+35
677 0.599 1.14465e+15 2.23e+35
676 0.598 1.14232e+15 2.2195e+35
675 0.597 1.14e+15 2.20903e+35
674 0.596 1.13768e+15 2.19859e+35
673 0.595 1.13536e+15 2.18818e+35
672 0.594 1.13305e+15 2.1778e+35
671 0.593 1.13073e+15 2.16745e+35
670 0.592 1.12842e+15 2.15713e+35
669 0.591 1.12611e+15 2.14683e+35
668 0.59 1.1238e+15 2.13657e+35
667 0.589 1.12149e+15 2.12634e+35
666 0.588 1.11919e+15 2.11614e+35
665 0.587 1.11689e+15 2.10597e+35
664 0.586 1.11459e+15 2.09582e+35
663 0.585 1.11229e+15 2.08571e+35
662 0.584 1.10999e+15 2.07563e+35
661 0.583 1.10769e+15 2.06558e+35
660 0.582 1.1054e+15 2.05556e+35
659 0.581 1.10311e+15 2.04557e+35
658 0.58 1.10082e+15 2.03561e+35
657 0.579 1.09853e+15 2.02568e+35
656 0.578 1.09625e+15 2.01578e+35
655 0.577 1.09396e+15 2.00592e+35
654 0.576 1.09168e+15 1.99608e+35
653 0.575 1.0894e+15 1.98627e+35
652 0.574 1.08712e+15 1.9765e+35
651 0.573 1.08485e+15 1.96676e+35
650 0.572 1.08257e+15 1.95704e+35
649 0.571 1.0803e+15 1.94736e+35
648 0.57 1.07803e+15 1.93771e+35
647 0.569 1.07576e+15 1.92809e+35
646 0.568 1.0735e+15 1.91851e+35
645 0.567 1.07123e+15 1.90895e+35
644 0.566 1.06897e+15 1.89943e+35
643 0.565 1.06671e+15 1.88994e+35
642 0.564 1.06445e+15 1.88048e+35
641 0.563 1.06219e+15 1.87105e+35
640 0.562 1.05993e+15 1.86165e+35
639 0.561 1.05768e+15 1.85229e+35
638 0.56 1.05543e+15 1.84295e+35
637 0.559 1.05318e+15 1.83365e+35
636 0.558 1.05093e+15 1.82439e+35
635 0.557 1.04868e+15 1.81515e+35
634 0.556 1.04644e+15 1.80595e+35
633 0.555 1.0442e+15 1.79678e+35
632 0.554 1.04196e+15 1.78764e+35
631 0.553 1.03972e+15 1.77854e+35
630 0.552 1.03748e+15 1.76946e+35
629 0.551 1.03525e+15 1.76042e+35
628 0.55 1.03301e+15 1.75142e+35
627 0.549 1.03078e+15 1.74245e+35
626 0.548 1.02855e+15 1.73351e+35
625 0.547 1.02632e+15 1.7246e+35
624 0.546 1.0241e+15 1.71573e+35
623 0.545 1.02187e+15 1.70689e+35
622 0.544 1.01965e+15 1.69808e+35
621 0.543 1.01743e+15 1.68931e+35
620 0.542 1.01521e+15 1.68057e+35
619 0.541 1.01299e+15 1.67187e+35
618 0.54 1.01078e+15 1.6632e+35
617 0.539 1.00856e+15 1.65456e+35
616 0.538 1.00635e+15 1.64596e+35
615 0.537 1.00414e+15 1.6374e+35
614 0.536 1.00193e+15 1.62886e+35
613 0.535 9.99727e+14 1.62037e+35
612 0.534 9.97522e+14 1.6119e+35
611 0.533 9.95319e+14 1.60348e+35
610 0.532 9.93118e+14 1.59508e+35
609 0.531 9.90919e+14 1.58672e+35
608 0.53 9.88721e+14 1.5784e+35
607 0.529 9.86525e+14 1.57012e+35
606 0.528 9.84331e+14 1.56186e+35
605 0.527 9.82138e+14 1.55365e+35
604 0.526 9.79947e+14 1.54547e+35
603 0.525 9.77758e+14 1.53733e+35
602 0.524 9.75571e+14 1.52922e+35
601 0.523 9.73385e+14 1.52115e+35
600 0.522 9.71201e+14 1.51311e+35
599 0.521 9.69019e+14 1.50512e+35
598 0.52 9.66839e+14 1.49715e+35
597 0.519 9.6466e+14 1.48923e+35
596 0.518 9.62483e+14 1.48134e+35
595 0.517 9.60307e+14 1.47349e+35
594 0.516 9.58134e+14 1.46568e+35
593 0.515 9.55962e+14 1.45791e+35
592 0.514 9.53791e+14 1.45017e+35
591 0.513 9.51623e+14 1.44247e+35
590 0.512 9.49455e+14 1.43481e+35
589 0.511 9.4729e+14 1.42719e+35
588 0.51 9.45126e+14 1.4196e+35
587 0.509 9.42964e+14 1.41206e+35
586 0.508 9.40804e+14 1.40455e+35
585 0.507 9.38645e+14 1.39709e+35
584 0.506 9.36488e+14 1.38966e+35
583 0.505 9.34332e+14 1.38227e+35
582 0.504 9.32178e+14 1.37492e+35
581 0.503 9.30026e+14 1.36762e+35
580 0.502 9.27875e+14 1.36035e+35
579 0.501 9.25726e+14 1.35312e+35
578 0.5 9.23579e+14 1.34594e+35
577 0.499 9.21433e+14 1.33879e+35
576 0.498 9.19289e+14 1.33169e+35
575 0.497 9.17146e+14 1.32463e+35
574 0.496 9.15005e+14 1.31761e+35
573 0.495 9.12865e+14 1.31064e+35
572 0.494 9.10727e+14 1.3037e+35
571 0.493 9.08591e+14 1.29681e+35
570 0.492 9.06456e+14 1.28997e+35
569 0.491 9.04323e+14 1.28317e+35
568 0.49 9.02191e+14 1.27641e+35
567 0.489 9.00061e+14 1.26969e+35
566 0.488 8.97932e+14 1.26303e+35
565 0.487 8.95805e+14 1.2564e+35
564 0.486 8.93679e+14 1.24983e+35
563 0.485 8.91555e+14 1.2433e+35
562 0.484 8.89432e+14 1.23681e+35
561 0.483 8.87311e+14 1.23038e+35
560 0.482 8.85191e+14 1.22399e+35
559 0.481 8.83073e+14 1.21765e+35
558 0.48 8.80956e+14 1.21137e+35
557 0.479 8.7884e+14 1.20513e+35
556 0.478 8.76726e+14 1.19894e+35
555 0.477 8.74614e+14 1.1928e+35
554 0.476 8.72503e+14 1.18672e+35
553 0.475 8.70393e+14 1.18069e+35
552 0.474 8.68285e+14 1.17472e+35
551 0.473 8.66178e+14 1.16879e+35
550 0.472 8.64072e+14 1.16293e+35
549 0.471 8.61968e+14 1.15712e+35
548 0.47 8.59866e+14 1.15138e+35
547 0.469 8.57764e+14 1.14569e+35
546 0.468 8.55664e+14 1.14006e+35
545 0.467 8.53565e+14 1.1345e+35
544 0.466 8.51468e+14 1.129e+35
543 0.465 8.49372e+14 1.12357e+35
542 0.464 8.47277e+14 1.11821e+35
541 0.463 8.45184e+14 1.11292e+35
540 0.462 8.43091e+14 1.1077e+35
539 0.461 8.41e+14 1.10256e+35
538 0.46 8.3891e+14 1.0975e+35
537 0.459 8.36822e+14 1.09252e+35
536 0.458 8.34735e+14 1.08763e+35
535 0.457 8.32648e+14 1.08284e+35
534 0.456 8.30563e+14 1.07814e+35
533 0.455 8.28479e+14 1.07355e+35
532 0.454 8.26396e+14 1.06907e+35
531 0.453 8.24315e+14 1.06471e+35
530 0.452 8.22281e+14 1.06015e+35
529 0.451 8.22264e+14 1.04158e+35
528 0.45 8.18076e+14 1.0491e+35
527 0.449 8.16e+14 1.04303e+35
526 0.448 8.13925e+14 1.03701e+35
525 0.447 8.11851e+14 1.03102e+35
524 0.446 8.09779e+14 1.02507e+35
523 0.445 8.07708e+14 1.01916e+35
522 0.444 8.05639e+14 1.01329e+35
521 0.443 8.03571e+14 1.00746e+35
520 0.442 8.01505e+14 1.00167e+35
519 0.441 7.9944e+14 9.95927e+34
518 0.44 7.97377e+14 9.90226e+34
517 0.439 7.95315e+14 9.84566e+34
516 0.438 7.93255e+14 9.78952e+34
515 0.437 7.91196e+14 9.73384e+34
514 0.436 7.89138e+14 9.67861e+34
513 0.435 7.87082e+14 9.62387e+34
512 0.434 7.85897e+14 9.51476e+34
511 0.433 7.82974e+14 9.50985e+34
510 0.432 7.80922e+14 9.44986e+34
509 0.431 7.78871e+14 9.39012e+34
508 0.43 7.76823e+14 9.33061e+34
507 0.429 7.74775e+14 9.27135e+34
506 0.428 7.7273e+14 9.21232e+34
505 0.427 7.70686e+14 9.15352e+34
504 0.426 7.68643e+14 9.09494e+34
503 0.425 7.66602e+14 9.03658e+34
502 0.424 7.64562e+14 8.97842e+34
501 0.423 7.62524e+14 8.92046e+34
500 0.422 7.60488e+14 8.86269e+34
499 0.421 7.58453e+14 8.80509e+34
498 0.42 7.56419e+14 8.74765e+34
497 0.419 7.54387e+14 8.69035e+34
496 0.418 7.52357e+14 8.63317e+34
495 0.417 7.50328e+14 8.57608e+34
494 0.416 7.483e+14 8.51904e+34
493 0.415 7.46274e+14 8.46201e+34
492 0.414 7.4425e+14 8.40493e+34
491 0.413 7.42227e+14 8.34769e+34
490 0.412 7.40206e+14 8.29014e+34
489 0.411 7.38186e+14 8.23198e+34
488 0.41 7.36168e+14 8.17223e+34
487 0.409 7.34152e+14 8.10978e+34
486 0.408 7.32137e+14 8.04788e+34
485 0.407 7.30124e+14 7.98653e+34
484 0.406 7.28112e+14 7.92573e+34
483 0.405 7.26103e+14 7.86549e+34
482 0.404 7.24094e+14 7.80581e+34
481 0.403 7.22088e+14 7.74669e+34
480 0.402 7.20083e+14 7.68813e+34
479 0.401 7.1808e+14 7.63012e+34
478 0.4 7.16078e+14 7.57269e+34
477 0.399 7.14078e+14 7.51581e+34
476 0.398 7.1208e+14 7.45951e+34
475 0.397 7.10083e+14 7.40377e+34
474 0.396 7.08087e+14 7.34861e+34
473 0.395 7.06094e+14 7.29402e+34
472 0.394 7.04101e+14 7.24e+34
471 0.393 7.02111e+14 7.18656e+34
470 0.392 7.00121e+14 7.1337e+34
469 0.391 6.98134e+14 7.08142e+34
468 0.39 6.96147e+14 7.02973e+34
467 0.389 6.94163e+14 6.97861e+34
466 0.388 6.92179e+14 6.92809e+34
465 0.387 6.90197e+14 6.87816e+34
464 0.386 6.88217e+14 6.82882e+34
463 0.385 6.86238e+14 6.78008e+34
462 0.384 6.8426e+14 6.73193e+34
461 0.383 6.82284e+14 6.68439e+34
460 0.382 6.80309e+14 6.63745e+34
459 0.381 6.78335e+14 6.59112e+34
458 0.38 6.76363e+14 6.5454e+34
457 0.379 6.74392e+14 6.5003e+34
456 0.378 6.72422e+14 6.45581e+34
455 0.377 6.70454e+14 6.41195e+34
454 0.376 6.68487e+14 6.36871e+34
453 0.375 6.66521e+14 6.3261e+34
452 0.374 6.64557e+14 6.28413e+34
451 0.373 6.62594e+14 6.2428e+34
450 0.372 6.60632e+14 6.20211e+34
449 0.371 6.58671e+14 6.16207e+34
448 0.37 6.56711e+14 6.12269e+34
447 0.369 6.54753e+14 6.08397e+34
446 0.368 6.52796e+14 6.04591e+34
445 0.367 6.5084e+14 6.00854e+34
444 0.366 6.48885e+14 5.97184e+34
443 0.365 6.46931e+14 5.93583e+34
442 0.364 6.44978e+14 5.90053e+34
441 0.363 6.43026e+14 5.86593e+34
440 0.362 6.41075e+14 5.83204e+34
439 0.361 6.39126e+14 5.79889e+34
438 0.36 6.37177e+14 5.76647e+34
437 0.359 6.35229e+14 5.73481e+34
436 0.358 6.33283e+14 5.7039e+34
435 0.357 6.31337e+14 5.67378e+34
434 0.356 6.29392e+14 5.64444e+34
433 0.355 6.27448e+14 5.61592e+34
432 0.354 6.25505e+14 5.58823e+34
431 0.353 6.23563e+14 5.56138e+34
430 0.352 6.21622e+14 5.5354e+34
429 0.351 6.19681e+14 5.51032e+34
428 0.35 6.17741e+14 5.48616e+34
427 0.349 6.15802e+14 5.46295e+34
426 0.348 6.13864e+14 5.44072e+34
425 0.347 6.11926e+14 5.41951e+34
424 0.346 6.09989e+14 5.39936e+34
423 0.345 6.08053e+14 5.38032e+34
422 0.344 6.06117e+14 5.36244e+34
421 0.343 6.04182e+14 5.34579e+34
420 0.342 6.02248e+14 5.33043e+34
419 0.341 6.00314e+14 5.31643e+34
418 0.34 5.9838e+14 5.3039e+34
417 0.339 5.96447e+14 5.29295e+34
416 0.338 5.94514e+14 5.28371e+34
415 0.337 5.93482e+14 5.19821e+34
414 0.336 5.90649e+14 5.21588e+34
413 0.335 5.8872e+14 5.1668e+34
412 0.334 5.86791e+14 5.11805e+34
411 0.333 5.84865e+14 5.06962e+34
410 0.332 5.8294e+14 5.02152e+34
409 0.331 5.81017e+14 4.97374e+34
408 0.33 5.79095e+14 4.92628e+34
407 0.329 5.77175e+14 4.87914e+34
406 0.328 5.75256e+14 4.83233e+34
405 0.327 5.73339e+14 4.78583e+34
404 0.326 5.71424e+14 4.73965e+34
403 0.325 5.6951e+14 4.69379e+34
402 0.324 5.67598e+14 4.64824e+34
401 0.323 5.65687e+14 4.60301e+34
400 0.322 5.63778e+14 4.5581e+34
399 0.321 5.6187e+14 4.5135e+34
398 0.32 5.59964e+14 4.46921e+34
397 0.319 5.5806e+14 4.42523e+34
396 0.318 5.56157e+14 4.38156e+34
395 0.317 5.54255e+14 4.3382e+34
394 0.316 5.52355e+14 4.29515e+34
393 0.315 5.50457e+14 4.25241e+34
392 0.314 5.4856e+14 4.20997e+34
391 0.313 5.46665e+14 4.16784e+34
390 0.312 5.44771e+14 4.12601e+34
389 0.311 5.42878e+14 4.08448e+34
388 0.31 5.40987e+14 4.04326e+34
387 0.309 5.39098e+14 4.00234e+34
386 0.308 5.3721e+14 3.96171e+34
385 0.307 5.35323e+14 3.92139e+34
384 0.306 5.33438e+14 3.88136e+34
383 0.305 5.31554e+14 3.84163e+34
382 0.304 5.29672e+14 3.80219e+34
381 0.303 5.27791e+14 3.76305e+34
380 0.302 5.25912e+14 3.7242e+34
379 0.301 5.24034e+14 3.68564e+34
378 0.3 5.22157e+14 3.64738e+34
377 0.299 5.20282e+14 3.6094e+34
376 0.298 5.18409e+14 3.57171e+34
375 0.297 5.16536e+14 3.53431e+34
374 0.296 5.14666e+14 3.49719e+34
373 0.295 5.12796e+14 3.46036e+34
372 0.294 5.10928e+14 3.42382e+34
371 0.293 5.09061e+14 3.38755e+34
370 0.292 5.07196e+14 3.35157e+34
369 0.291 5.05332e+14 3.31587e+34
368 0.29 5.03469e+14 3.28044e+34
367 0.289 5.01608e+14 3.2453e+34
366 0.288 4.99748e+14 3.21043e+34
365 0.287 4.97889e+14 3.17583e+34
364 0.286 4.96032e+14 3.14151e+34
363 0.285 4.94176e+14 3.10747e+34
362 0.284 4.92322e+14 3.07369e+34
361 0.283 4.90468e+14 3.04019e+34
360 0.282 4.88616e+14 3.00695e+34
359 0.281 4.86766e+14 2.97399e+34
358 0.28 4.84916e+14 2.94129e+34
357 0.279 4.83068e+14 2.90885e+34
356 0.278 4.81221e+14 2.87668e+34
355 0.277 4.79376e+14 2.84478e+34
354 0.276 4.77532e+14 2.81314e+34
353 0.275 4.75689e+14 2.78175e+34
352 0.274 4.73847e+14 2.75063e+34
351 0.273 4.72007e+14 2.71977e+34
350 0.272 4.70167e+14 2.68916e+34
349 0.271 4.68329e+14 2.65881e+34
348 0.27 4.66493e+14 2.62872e+34
347 0.269 4.64657e+14 2.59887e+34
346 0.268 4.62823e+14 2.56929e+34
345 0.267 4.6099e+14 2.53995e+34
344 0.266 4.59158e+14 2.51086e+34
343 0.265 4.57328e+14 2.48202e+34
342 0.264 4.55498e+14 2.45343e+34
341 0.263 4.5367e+14 2.42509e+34
340 0.262 4.51843e+14 2.39699e+34
339 0.261 4.50017e+14 2.36913e+34
338 0.26 4.48193e+14 2.34152e+34
337 0.259 4.46369e+14 2.31415e+34
336 0.258 4.44547e+14 2.28702e+34
335 0.257 4.42726e+14 2.26013e+34
334 0.256 4.40906e+14 2.23348e+34
333 0.255 4.39087e+14 2.20706e+34
332 0.254 4.3727e+14 2.18088e+34
331 0.253 4.35453e+14 2.15494e+34
330 0.252 4.33638e+14 2.12923e+34
329 0.251 4.31823e+14 2.10375e+34
328 0.25 4.3001e+14 2.0785e+34
327 0.249 4.28198e+14 2.05349e+34
326 0.248 4.26387e+14 2.0287e+34
325 0.247 4.24578e+14 2.00414e+34
324 0.246 4.22769e+14 1.9798e+34
323 0.245 4.20961e+14 1.9557e+34
322 0.244 4.19155e+14 1.93181e+34
321 0.243 4.1735e+14 1.90815e+34
320 0.242 4.15545e+14 1.88471e+34
319 0.241 4.13742e+14 1.8615e+34
318 0.24 4.1194e+14 1.8385e+34
317 0.239 4.10139e+14 1.81572e+34
316 0.238 4.08339e+14 1.79316e+34
315 0.237 4.0654e+14 1.77082e+34
314 0.236 4.04742e+14 1.74869e+34
313 0.235 4.02945e+14 1.72678e+34
312 0.234 4.01149e+14 1.70508e+34
311 0.233 3.99354e+14 1.68359e+34
310 0.232 3.9756e+14 1.66232e+34
309 0.231 3.95767e+14 1.64125e+34
308 0.23 3.93975e+14 1.6204e+34
307 0.229 3.92185e+14 1.59976e+34
306 0.228 3.90395e+14 1.57932e+34
305 0.227 3.88606e+14 1.55909e+34
304 0.226 3.86818e+14 1.53906e+34
303 0.225 3.85031e+14 1.51925e+34
302 0.224 3.83245e+14 1.49963e+34
301 0.223 3.8146e+14 1.48022e+34
300 0.222 3.79676e+14 1.46101e+34
299 0.221 3.77893e+14 1.442e+34
298 0.22 3.76111e+14 1.4232e+34
297 0.219 3.7433e+14 1.40459e+34
296 0.218 3.7255e+14 1.38619e+34
295 0.217 3.70771e+14 1.36798e+34
294 0.216 3.68993e+14 1.34997e+34
293 0.215 3.67215e+14 1.33216e+34
292 0.214 3.65439e+14 1.31454e+34
291 0.213 3.63663e+14 1.29711e+34
290 0.212 3.61889e+14 1.27988e+34
289 0.211 3.60115e+14 1.26283e+34
288 0.21 3.58671e+14 1.2196e+34
287 0.209 3.58662e+14 1.06108e+34
286 0.208 3.54799e+14 1.2111e+34
285 0.207 3.53029e+14 1.1934e+34
284 0.206 3.5126e+14 1.17589e+34
283 0.205 3.49492e+14 1.15856e+34
282 0.204 3.47724e+14 1.14142e+34
281 0.203 3.45958e+14 1.12446e+34
280 0.202 3.44193e+14 1.10768e+34
279 0.201 3.42428e+14 1.09108e+34
278 0.2 3.40665e+14 1.07465e+34
277 0.199 3.38902e+14 1.05841e+34
276 0.198 3.3714e+14 1.04234e+34
275 0.197 3.35379e+14 1.02646e+34
274 0.196 3.33619e+14 1.01074e+34
273 0.195 3.3186e+14 9.95204e+33
272 0.194 3.30102e+14 9.7984e+33
271 0.193 3.28345e+14 9.6465e+33
270 0.192 3.26588e+14 9.49632e+33
269 0.191 3.24833e+14 9.34787e+33
268 0.19 3.23078e+14 9.20112e+33
267 0.189 3.21324e+14 9.05609e+33
266 0.188 3.19571e+14 8.91275e+33
265 0.187 3.17819e+14 8.77111e+33
264 0.186 3.16068e+14 8.63116e+33
263 0.185 3.14317e+14 8.49289e+33
262 0.184 3.12567e+14 8.35629e+33
261 0.183 3.10819e+14 8.22137e+33
260 0.182 3.09071e+14 8.0881e+33
259 0.181 3.07323e+14 7.9565e+33
258 0.18 3.05577e+14 7.82656e+33
257 0.179 3.03831e+14 7.69826e+33
256 0.178 3.02086e+14 7.57162e+33
255 0.177 3.00342e+14 7.44662e+33
254 0.176 2.98599e+14 7.32326e+33
253 0.175 2.96857e+14 7.20154e+33
252 0.174 2.95115e+14 7.08146e+33
251 0.173 2.93374e+14 6.96301e+33
250 0.172 2.91634e+14 6.8462e+33
249 0.171 2.89894e+14 6.73102e+33
248 0.17 2.88155e+14 6.61748e+33
247 0.169 2.86418e+14 6.50558e+33
246 0.168 2.8468e+14 6.39532e+33
245 0.167 2.82944e+14 6.2867e+33
244 0.166 2.81208e+14 6.17972e+33
243 0.165 2.79473e+14 6.0744e+33
242 0.164 2.77738e+14 5.97074e+33
241 0.163 2.76005e+14 5.86875e+33
240 0.162 2.74272e+14 5.76843e+33
239 0.161 2.72539e+14 5.66981e+33
238 0.16 2.70808e+14 5.57289e+33
237 0.159 2.69077e+14 5.47769e+33
236 0.158 2.67347e+14 5.38423e+33
235 0.157 2.65617e+14 5.29254e+33
234 0.156 2.63888e+14 5.20264e+33
233 0.155 2.6216e+14 5.11456e+33
232 0.154 2.60432e+14 5.02835e+33
231 0.153 2.58705e+14 4.94405e+33
230 0.152 2.56978e+14 4.86171e+33
229 0.151 2.55252e+14 4.7814e+33
228 0.15 2.53527e+14 4.70319e+33
227 0.149 2.51802e+14 4.62719e+33
226 0.148 2.50078e+14 4.55352e+33
225 0.147 2.48354e+14 4.48232e+33
224 0.146 2.46631e+14 4.41378e+33
223 0.145 2.44908e+14 4.34817e+33
222 0.144 2.43186e+14 4.28582e+33
221 0.143 2.41464e+14 4.22722e+33
220 0.142 2.39743e+14 4.17306e+33
219 0.141 2.38022e+14 4.10603e+33
218 0.14 2.36302e+14 4.01788e+33
217 0.139 2.34583e+14 3.93087e+33
216 0.138 2.32864e+14 3.84502e+33
215 0.137 2.31146e+14 3.7603e+33
214 0.136 2.29429e+14 3.67671e+33
213 0.135 2.27712e+14 3.59425e+33
212 0.134 2.25996e+14 3.51291e+33
211 0.133 2.2428e+14 3.43268e+33
210 0.132 2.22566e+14 3.35356e+33
209 0.131 2.20852e+14 3.27554e+33
208 0.13 2.19138e+14 3.19861e+33
207 0.129 2.17426e+14 3.12277e+33
206 0.128 2.15714e+14 3.04801e+33
205 0.127 2.14002e+14 2.97433e+33
204 0.126 2.12291e+14 2.90172e+33
203 0.125 2.10581e+14 2.83017e+33
202 0.124 2.08872e+14 2.75968e+33
201 0.123 2.07163e+14 2.69024e+33
200 0.122 2.05454e+14 2.62185e+33
199 0.121 2.03747e+14 2.5545e+33
198 0.12 2.0204e+14 2.48818e+33
197 0.119 2.00333e+14 2.42289e+33
196 0.118 1.98627e+14 2.35862e+33
195 0.117 1.96922e+14 2.29537e+33
194 0.116 1.95218e+14 2.23313e+33
193 0.115 1.93514e+14 2.1719e+33
192 0.114 1.9181e+14 2.11166e+33
191 0.113 1.90107e+14 2.05242e+33
190 0.112 1.88405e+14 1.99417e+33
189 0.111 1.86703e+14 1.9369e+33
188 0.11 1.85002e+14 1.88061e+33
187 0.109 1.83302e+14 1.82529e+33
186 0.108 1.81602e+14 1.77093e+33
185 0.107 1.79902e+14 1.71753e+33
184 0.106 1.78203e+14 1.66509e+33
183 0.105 1.76505e+14 1.6136e+33
182 0.104 1.74807e+14 1.56305e+33
181 0.103 1.7311e+14 1.51344e+33
180 0.102 1.71413e+14 1.46477e+33
179 0.101 1.69717e+14 1.41701e+33
178 0.1 1.68021e+14 1.37018e+33
177 0.099 1.66326e+14 1.32427e+33
176 0.098 1.64631e+14 1.27926e+33
175 0.097 1.62937e+14 1.23516e+33
174 0.096 1.61243e+14 1.19196e+33
173 0.095 1.5955e+14 1.14965e+33
172 0.094 1.57857e+14 1.10822e+33
171 0.093 1.56165e+14 1.06768e+33
170 0.092 1.54473e+14 1.02801e+33
169 0.091 1.52782e+14 9.89217e+32
168 0.09 1.51091e+14 9.51283e+32
167 0.089 1.49401e+14 9.14207e+32
166 0.088 1.47711e+14 8.77983e+32
165 0.087 1.46022e+14 8.42604e+32
164 0.086 1.44333e+14 8.08065e+32
163 0.085 1.42644e+14 7.7436e+32
162 0.084 1.40956e+14 7.41482e+32
161 0.083 1.39269e+14 7.09425e+32
160 0.082 1.37581e+14 6.78184e+32
159 0.081 1.35894e+14 6.47751e+32
158 0.08 1.34208e+14 6.1812e+32
157 0.079 1.32522e+14 5.89285e+32
156 0.078 1.30836e+14 5.61239e+32
155 0.077 1.29151e+14 5.33976e+32
154 0.076 1.27466e+14 5.07488e+32
153 0.075 1.25782e+14 4.81769e+32
152 0.074 1.24098e+14 4.56812e+32
151 0.073 1.22414e+14 4.3261e+32
150 0.072 1.20731e+14 4.09155e+32
149 0.071 1.19048e+14 3.86441e+32
148 0.07 1.17365e+14 3.64461e+32
147 0.069 1.15683e+14 3.43205e+32
146 0.068 1.14001e+14 3.22668e+32
145 0.067 1.1232e+14 3.02842e+32
144 0.066 1.10638e+14 2.83717e+32
143 0.065 1.08957e+14 2.65287e+32
142 0.064 1.07277e+14 2.47544e+32
141 0.063 1.05596e+14 2.30478e+32
140 0.062 1.03916e+14 2.14082e+32
139 0.061 1.02237e+14 1.98348e+32
138 0.06 1.00557e+14 1.83265e+32
137 0.059 9.88778e+13 1.68826e+32
136 0.058 9.71989e+13 1.5502e+32
135 0.057 9.55202e+13 1.4184e+32
134 0.056 9.38417e+13 1.29276e+32
133 0.055 9.21636e+13 1.17317e+32
132 0.054 9.04856e+13 1.05954e+32
131 0.053 8.88079e+13 9.51769e+31
130 0.052 8.71304e+13 8.49755e+31
129 0.051 8.54531e+13 7.53394e+31
128 0.05 8.3776e+13 6.62576e+31
127 0.049 8.20991e+13 5.77194e+31
126 0.048 8.04224e+13 4.97136e+31
125 0.047 7.87458e+13 4.22287e+31
124 0.046 7.70695e+13 3.5253e+31
123 0.045 7.53933e+13 2.87747e+31
122 0.044 7.37172e+13 2.27816e+31
121 0.043 7.20413e+13 1.72612e+31
120 0.042 7.03656e+13 1.22007e+31
119 0.041 6.86899e+13 7.58722e+30
118 0.04 6.70144e+13 3.40733e+30
117 0.039 6.5339e+13 -3.52538e+29
116 0.038 6.36637e+13 -3.70632e+30
115 0.037 6.19885e+13 -6.66827e+30
114 0.036 6.03134e+13 -9.25293e+30
113 0.035 5.86383e+13 -1.14752e+31
112 0.034 5.69634e+13 -1.33504e+31
111 0.033 5.52884e+13 -1.4894e+31
110 0.032 5.36136e+13 -1.6122e+31
109 0.031 5.19387e+13 -1.70506e+31
108 0.03 5.02639e+13 -1.76966e+31
107 0.029 4.85891e+13 -1.8077e+31
106 0.028 4.69143e+13 -1.82092e+31
105 0.027 4.52395e+13 -1.8111e+31
104 0.026 4.35647e+13 -1.78005e+31
103 0.025 4.18899e+13 -1.72965e+31
102 0.024 4.02151e+13 -1.66177e+31
101 0.023 3.85402e+13 -1.57836e+31
100 0.022 3.68653e+13 -1.48139e+31
99 0.021 3.51903e+13 -1.37287e+31
98 0.02 3.35153e+13 -1.25486e+31
97 0.019 3.18402e+13 -1.12943e+31
96 0.018 3.0165e+13 -9.98702e+30
95 0.017 2.84897e+13 -8.64826e+30
94 0.016 2.68144e+13 -7.29974e+30
93 0.015 2.51389e+13 -5.96345e+30
92 0.014 2.34634e+13 -4.6615e+30
91 0.013 2.17878e+13 -3.41606e+30
90 0.012 2.0112e+13 -2.24927e+30
89 0.011 1.84362e+13 -1.17714e+30
88 0.01 1.67602e+13 -2.31379e+29
87 0.009 1.50842e+13 5.72202e+29
86 0.008 1.34081e+13 1.21425e+30
85 0.007 1.17318e+13 1.67729e+30
84 0.006 1.00556e+13 1.94663e+30
83 0.005 8.37927e+12 2.01184e+30
82 0.004 6.70299e+12 1.86871e+30
81 0.003 5.02678e+12 1.51833e+30
80 0.002 3.35071e+12 1.01723e+30
79 0.001 1.67504e+12 3.81041e+29
