1078 1 2.23999e+15 8.50815e+35
1077 0.999 2.2368e+15 8.48808e+35
1076 0.998 2.23362e+15 8.46803e+35
1075 0.997 2.23044e+15 8.448e+35
1074 0.996 2.22726e+15 8.42799e+35
1073 0.995 2.22408e+15 8.40801e+35
1072 0.994 2.22091e+15 8.38804e+35
1071 0.993 2.21773e+15 8.3681e+35
1070 0.992 2.21456e+15 8.34818e+35
1069 0.991 2.2114e+15 8.32828e+35
1068 0.99 2.20823e+15 8.3084e+35
1067 0.989 2.20507e+15 8.28854e+35
1066 0.988 2.20191e+15 8.2687e+35
1065 0.987 2.19875e+15 8.24889e+35
1064 0.986 2.19559e+15 8.2291e+35
1063 0.985 2.19244e+15 8.20932e+35
1062 0.984 2.18929e+15 8.18957e+35
1061 0.983 2.18614e+15 8.16984e+35
1060 0.982 2.18299e+15 8.15013e+35
1059 0.981 2.17984e+15 8.13045e+35
1058 0.98 2.1767e+15 8.11078e+35
1057 0.979 2.17356e+15 8.09114e+35
1056 0.978 2.17042e+15 8.07151e+35
1055 0.977 2.16728e+15 8.05191e+35
1054 0.976 2.16415e+15 8.03233e+35
1053 0.975 2.16102e+15 8.01277e+35
1052 0.974 2.15789e+15 7.99323e+35
1051 0.973 2.15476e+15 7.97372e+35
1050 0.972 2.15164e+15 7.95422e+35
1049 0.971 2.14851e+15 7.93475e+35
1048 0.97 2.14539e+15 7.9153e+35
1047 0.969 2.14227e+15 7.89587e+35
1046 0.968 2.13916e+15 7.87646e+35
1045 0.967 2.13604e+15 7.85707e+35
1044 0.966 2.13293e+15 7.8377e+35
1043 0.965 2.12982e+15 7.81836e+35
1042 0.964 2.12671e+15 7.79904e+35
1041 0.963 2.12361e+15 7.77973e+35
1040 0.962 2.12051e+15 7.76045e+35
1039 0.961 2.1174e+15 7.74119e+35
1038 0.96 2.11431e+15 7.72196e+35
1037 0.959 2.11121e+15 7.70274e+35
1036 0.958 2.10812e+15 7.68355e+35
1035 0.957 2.10502e+15 7.66437e+35
1034 0.956 2.10193e+15 7.64522e+35
1033 0.955 2.09885e+15 7.62609e+35
1032 0.954 2.09576e+15 7.60698e+35
1031 0.953 2.09268e+15 7.58789e+35
1030 0.952 2.0896e+15 7.56883e+35
1029 0.951 2.08652e+15 7.54978e+35
1028 0.95 2.08344e+15 7.53076e+35
1027 0.949 2.08037e+15 7.51176e+35
1026 0.948 2.0773e+15 7.49278e+35
1025 0.947 2.07423e+15 7.47382e+35
1024 0.946 2.07116e+15 7.45488e+35
1023 0.945 2.0681e+15 7.43597e+35
1022 0.944 2.06503e+15 7.41707e+35
1021 0.943 2.06197e+15 7.3982e+35
1020 0.942 2.05891e+15 7.37935e+35
1019 0.941 2.05586e+15 7.36052e+35
1018 0.94 2.0528e+15 7.34171e+35
1017 0.939 2.04975e+15 7.32292e+35
1016 0.938 2.0467e+15 7.30415e+35
1015 0.937 2.04366e+15 7.28541e+35
1014 0.936 2.04061e+15 7.26669e+35
1013 0.935 2.03757e+15 7.24799e+35
1012 0.934 2.03453e+15 7.22931e+35
1011 0.933 2.03149e+15 7.21065e+35
1010 0.932 2.02845e+15 7.19201e+35
1009 0.931 2.02542e+15 7.1734e+35
1008 0.93 2.02239e+15 7.1548e+35
1007 0.929 2.01936e+15 7.13623e+35
1006 0.928 2.01633e+15 7.11768e+35
1005 0.927 2.0133e+15 7.09915e+35
1004 0.926 2.01028e+15 7.08065e+35
1003 0.925 2.00726e+15 7.06216e+35
1002 0.924 2.00424e+15 7.0437e+35
1001 0.923 2.00123e+15 7.02525e+35
1000 0.922 1.99821e+15 7.00683e+35
999 0.921 1.9952e+15 6.98843e+35
998 0.92 1.99219e+15 6.97005e+35
997 0.919 1.98918e+15 6.9517e+35
996 0.918 1.98618e+15 6.93336e+35
995 0.917 1.98318e+15 6.91505e+35
994 0.916 1.98018e+15 6.89676e+35
993 0.915 1.97718e+15 6.87849e+35
992 0.914 1.97418e+15 6.86024e+35
991 0.913 1.97119e+15 6.84202e+35
990 0.912 1.9682e+15 6.82381e+35
989 0.911 1.96521e+15 6.80563e+35
988 0.91 1.96222e+15 6.78747e+35
987 0.909 1.95923e+15 6.76933e+35
986 0.908 1.95625e+15 6.75121e+35
985 0.907 1.95327e+15 6.73312e+35
984 0.906 1.95029e+15 6.71504e+35
983 0.905 1.94732e+15 6.69699e+35
982 0.904 1.94434e+15 6.67896e+35
981 0.903 1.94137e+15 6.66095e+35
980 0.902 1.9384e+15 6.64296e+35
979 0.901 1.93543e+15 6.625e+35
978 0.9 1.93247e+15 6.60705e+35
977 0.899 1.9295e+15 6.58913e+35
976 0.898 1.92654e+15 6.57123e+35
975 0.897 1.92359e+15 6.55335e+35
974 0.896 1.92063e+15 6.5355e+35
973 0.895 1.91768e+15 6.51766e+35
972 0.894 1.91472e+15 6.49985e+35
971 0.893 1.91177e+15 6.48206e+35
970 0.892 1.90883e+15 6.46429e+35
969 0.891 1.90588e+15 6.44654e+35
968 0.89 1.90294e+15 6.42882e+35
967 0.889 1.9e+15 6.41112e+35
966 0.888 1.89706e+15 6.39343e+35
965 0.887 1.89412e+15 6.37578e+35
964 0.886 1.89119e+15 6.35814e+35
963 0.885 1.88826e+15 6.34053e+35
962 0.884 1.88533e+15 6.32293e+35
961 0.883 1.8824e+15 6.30536e+35
960 0.882 1.87947e+15 6.28782e+35
959 0.881 1.87655e+15 6.27029e+35
958 0.88 1.87363e+15 6.25279e+35
957 0.879 1.87071e+15 6.2353e+35
956 0.878 1.8678e+15 6.21785e+35
955 0.877 1.86488e+15 6.20041e+35
954 0.876 1.86197e+15 6.18299e+35
953 0.875 1.85906e+15 6.1656e+35
952 0.874 1.85615e+15 6.14823e+35
951 0.873 1.85325e+15 6.13088e+35
950 0.872 1.85034e+15 6.11356e+35
949 0.871 1.84744e+15 6.09625e+35
948 0.87 1.84454e+15 6.07897e+35
947 0.869 1.84165e+15 6.06171e+35
946 0.868 1.83875e+15 6.04448e+35
945 0.867 1.83586e+15 6.02726e+35
944 0.866 1.83297e+15 6.01007e+35
943 0.865 1.83008e+15 5.9929e+35
942 0.864 1.8272e+15 5.97575e+35
941 0.863 1.82431e+15 5.95863e+35
940 0.862 1.82143e+15 5.94153e+35
939 0.861 1.81855e+15 5.92445e+35
938 0.86 1.81568e+15 5.90739e+35
937 0.859 1.8128e+15 5.89036e+35
936 0.858 1.80993e+15 5.87334e+35
935 0.857 1.80706e+15 5.85635e+35
934 0.856 1.80419e+15 5.83939e+35
933 0.855 1.80133e+15 5.82244e+35
932 0.854 1.79846e+15 5.80552e+35
931 0.853 1.7956e+15 5.78862e+35
930 0.852 1.79274e+15 5.77174e+35
929 0.851 1.78989e+15 5.75488e+35
928 0.85 1.78703e+15 5.73805e+35
927 0.849 1.78418e+15 5.72124e+35
926 0.848 1.78133e+15 5.70446e+35
925 0.847 1.77848e+15 5.68769e+35
924 0.846 1.77564e+15 5.67095e+35
923 0.845 1.77279e+15 5.65423e+35
922 0.844 1.76995e+15 5.63753e+35
921 0.843 1.76711e+15 5.62086e+35
920 0.842 1.76428e+15 5.60421e+35
919 0.841 1.76144e+15 5.58758e+35
918 0.84 1.75861e+15 5.57097e+35
917 0.839 1.75578e+15 5.55439e+35
916 0.838 1.75295e+15 5.53783e+35
915 0.837 1.75012e+15 5.52129e+35
914 0.836 1.7473e+15 5.50478e+35
913 0.835 1.74448e+15 5.48829e+35
912 0.834 1.74166e+15 5.47182e+35
911 0.833 1.73884e+15 5.45537e+35
910 0.832 1.73603e+15 5.43895e+35
909 0.831 1.73321e+15 5.42255e+35
908 0.83 1.7304e+15 5.40617e+35
907 0.829 1.72759e+15 5.38981e+35
906 0.828 1.72479e+15 5.37348e+35
905 0.827 1.72198e+15 5.35717e+35
904 0.826 1.71918e+15 5.34089e+35
903 0.825 1.71638e+15 5.32462e+35
902 0.824 1.71358e+15 5.30838e+35
901 0.823 1.71079e+15 5.29217e+35
900 0.822 1.708e+15 5.27597e+35
899 0.821 1.70521e+15 5.2598e+35
898 0.82 1.70242e+15 5.24365e+35
897 0.819 1.69963e+15 5.22753e+35
896 0.818 1.69685e+15 5.21143e+35
895 0.817 1.69406e+15 5.19535e+35
894 0.816 1.69128e+15 5.17929e+35
893 0.815 1.68851e+15 5.16326e+35
892 0.814 1.68573e+15 5.14725e+35
891 0.813 1.68296e+15 5.13126e+35
890 0.812 1.68019e+15 5.1153e+35
889 0.811 1.67742e+15 5.09936e+35
888 0.81 1.67465e+15 5.08344e+35
887 0.809 1.67189e+15 5.06755e+35
886 0.808 1.66912e+15 5.05168e+35
885 0.807 1.66636e+15 5.03583e+35
884 0.806 1.6636e+15 5.02001e+35
883 0.805 1.66085e+15 5.00421e+35
882 0.804 1.65809e+15 4.98843e+35
881 0.803 1.65534e+15 4.97268e+35
880 0.802 1.65259e+15 4.95695e+35
879 0.801 1.64985e+15 4.94125e+35
878 0.8 1.6471e+15 4.92556e+35
877 0.799 1.64436e+15 4.9099e+35
876 0.798 1.64162e+15 4.89427e+35
875 0.797 1.63888e+15 4.87866e+35
874 0.796 1.63614e+15 4.86307e+35
873 0.795 1.63341e+15 4.8475e+35
872 0.794 1.63068e+15 4.83196e+35
871 0.793 1.62795e+15 4.81644e+35
870 0.792 1.62522e+15 4.80095e+35
869 0.791 1.62249e+15 4.78548e+35
868 0.79 1.61977e+15 4.77003e+35
867 0.789 1.61705e+15 4.75461e+35
866 0.788 1.61433e+15 4.73921e+35
865 0.787 1.61161e+15 4.72383e+35
864 0.786 1.6089e+15 4.70848e+35
863 0.785 1.60619e+15 4.69315e+35
862 0.784 1.60348e+15 4.67785e+35
861 0.783 1.60077e+15 4.66257e+35
860 0.782 1.59806e+15 4.64731e+35
859 0.781 1.59536e+15 4.63208e+35
858 0.78 1.59266e+15 4.61687e+35
857 0.779 1.58996e+15 4.60168e+35
856 0.778 1.58726e+15 4.58652e+35
855 0.777 1.58457e+15 4.57139e+35
854 0.776 1.58187e+15 4.55627e+35
853 0.775 1.57918e+15 4.54119e+35
852 0.774 1.57649e+15 4.52612e+35
851 0.773 1.57381e+15 4.51108e+35
850 0.772 1.57112e+15 4.49607e+35
849 0.771 1.56844e+15 4.48107e+35
848 0.77 1.56576e+15 4.46611e+35
847 0.769 1.56308e+15 4.45116e+35
846 0.768 1.56041e+15 4.43625e+35
845 0.767 1.55774e+15 4.42135e+35
844 0.766 1.55506e+15 4.40648e+35
843 0.765 1.55239e+15 4.39163e+35
842 0.764 1.54973e+15 4.37681e+35
841 0.763 1.54706e+15 4.36202e+35
840 0.762 1.5444e+15 4.34725e+35
839 0.761 1.54174e+15 4.3325e+35
838 0.76 1.53908e+15 4.31777e+35
837 0.759 1.53643e+15 4.30308e+35
836 0.758 1.53377e+15 4.2884e+35
835 0.757 1.53112e+15 4.27375e+35
834 0.756 1.52847e+15 4.25913e+35
833 0.755 1.52582e+15 4.24453e+35
832 0.754 1.52318e+15 4.22996e+35
831 0.753 1.52053e+15 4.21541e+35
830 0.752 1.51789e+15 4.20088e+35
829 0.751 1.51525e+15 4.18638e+35
828 0.75 1.51262e+15 4.17191e+35
827 0.749 1.50998e+15 4.15746e+35
826 0.748 1.50735e+15 4.14303e+35
825 0.747 1.50472e+15 4.12863e+35
824 0.746 1.50209e+15 4.11426e+35
823 0.745 1.49946e+15 4.09991e+35
822 0.744 1.49684e+15 4.08559e+35
821 0.743 1.49422e+15 4.07129e+35
820 0.742 1.4916e+15 4.05702e+35
819 0.741 1.48898e+15 4.04277e+35
818 0.74 1.48637e+15 4.02855e+35
817 0.739 1.48375e+15 4.01436e+35
816 0.738 1.48114e+15 4.00019e+35
815 0.737 1.47853e+15 3.98604e+35
814 0.736 1.47593e+15 3.97192e+35
813 0.735 1.47332e+15 3.95783e+35
812 0.734 1.47072e+15 3.94377e+35
811 0.733 1.46812e+15 3.92973e+35
810 0.732 1.46552e+15 3.91571e+35
809 0.731 1.46292e+15 3.90173e+35
808 0.73 1.46033e+15 3.88776e+35
807 0.729 1.45774e+15 3.87383e+35
806 0.728 1.45515e+15 3.85992e+35
805 0.727 1.45256e+15 3.84604e+35
804 0.726 1.44997e+15 3.83219e+35
803 0.725 1.44739e+15 3.81836e+35
802 0.724 1.44481e+15 3.80456e+35
801 0.723 1.44223e+15 3.79079e+35
800 0.722 1.43965e+15 3.77704e+35
799 0.721 1.43708e+15 3.76332e+35
798 0.72 1.43451e+15 3.74963e+35
797 0.719 1.43193e+15 3.73597e+35
796 0.718 1.42937e+15 3.72233e+35
795 0.717 1.4268e+15 3.70873e+35
794 0.716 1.42424e+15 3.69515e+35
793 0.715 1.42167e+15 3.6816e+35
792 0.714 1.41911e+15 3.66808e+35
791 0.713 1.41655e+15 3.65459e+35
790 0.712 1.414e+15 3.64112e+35
789 0.711 1.41144e+15 3.62769e+35
788 0.71 1.40889e+15 3.61429e+35
787 0.709 1.40634e+15 3.60092e+35
786 0.708 1.4038e+15 3.58758e+35
785 0.707 1.40125e+15 3.57427e+35
784 0.706 1.39871e+15 3.56099e+35
783 0.705 1.39617e+15 3.54775e+35
782 0.704 1.39363e+15 3.53454e+35
781 0.703 1.39109e+15 3.52136e+35
780 0.702 1.38855e+15 3.50822e+35
779 0.701 1.38602e+15 3.49512e+35
778 0.7 1.38349e+15 3.48206e+35
777 0.699 1.38096e+15 3.46903e+35
776 0.698 1.37843e+15 3.45605e+35
775 0.697 1.37591e+15 3.44312e+35
774 0.696 1.37339e+15 3.43024e+35
773 0.695 1.37087e+15 3.41741e+35
772 0.694 1.36835e+15 3.40466e+35
771 0.693 1.3679e+15 3.38378e+35
770 0.692 1.36332e+15 3.37852e+35
769 0.691 1.3608e+15 3.36541e+35
768 0.69 1.35829e+15 3.35234e+35
767 0.689 1.35579e+15 3.33928e+35
766 0.688 1.35328e+15 3.32626e+35
765 0.687 1.35078e+15 3.31326e+35
764 0.686 1.34827e+15 3.30028e+35
763 0.685 1.34577e+15 3.28733e+35
762 0.684 1.34328e+15 3.27441e+35
761 0.683 1.34078e+15 3.26151e+35
760 0.682 1.33829e+15 3.24864e+35
759 0.681 1.3358e+15 3.23579e+35
758 0.68 1.33331e+15 3.22297e+35
757 0.679 1.33082e+15 3.21017e+35
756 0.678 1.32834e+15 3.1974e+35
755 0.677 1.32585e+15 3.18466e+35
754 0.676 1.32337e+15 3.17194e+35
753 0.675 1.32089e+15 3.15925e+35
752 0.674 1.31842e+15 3.14658e+35
751 0.673 1.31594e+15 3.13394e+35
750 0.672 1.31347e+15 3.12133e+35
749 0.671 1.311e+15 3.10874e+35
748 0.67 1.30853e+15 3.09618e+35
747 0.669 1.30607e+15 3.08364e+35
746 0.668 1.3036e+15 3.07113e+35
745 0.667 1.30114e+15 3.05865e+35
744 0.666 1.29868e+15 3.04619e+35
743 0.665 1.29622e+15 3.03376e+35
742 0.664 1.29377e+15 3.02136e+35
741 0.663 1.29131e+15 3.00898e+35
740 0.662 1.28886e+15 2.99663e+35
739 0.661 1.28641e+15 2.98431e+35
738 0.66 1.28396e+15 2.97201e+35
737 0.659 1.28152e+15 2.95974e+35
736 0.658 1.27907e+15 2.94749e+35
735 0.657 1.27663e+15 2.93528e+35
734 0.656 1.27419e+15 2.92309e+35
733 0.655 1.27176e+15 2.91092e+35
732 0.654 1.26932e+15 2.89879e+35
731 0.653 1.26689e+15 2.88668e+35
730 0.652 1.26446e+15 2.87459e+35
729 0.651 1.26203e+15 2.86254e+35
728 0.65 1.2596e+15 2.85051e+35
727 0.649 1.25718e+15 2.83851e+35
726 0.648 1.25476e+15 2.82654e+35
725 0.647 1.25233e+15 2.81459e+35
724 0.646 1.24992e+15 2.80267e+35
723 0.645 1.2475e+15 2.79078e+35
722 0.644 1.24508e+15 2.77892e+35
721 0.643 1.24267e+15 2.76708e+35
720 0.642 1.24026e+15 2.75527e+35
719 0.641 1.23785e+15 2.74349e+35
718 0.64 1.23545e+15 2.73174e+35
717 0.639 1.23304e+15 2.72002e+35
716 0.638 1.23064e+15 2.70832e+35
715 0.637 1.22824e+15 2.69665e+35
714 0.636 1.22584e+15 2.68501e+35
713 0.635 1.22345e+15 2.6734e+35
712 0.634 1.22105e+15 2.66182e+35
711 0.633 1.21866e+15 2.65027e+35
710 0.632 1.21627e+15 2.63874e+35
709 0.631 1.21388e+15 2.62725e+35
708 0.63 1.2115e+15 2.61578e+35
707 0.629 1.20911e+15 2.60434e+35
706 0.628 1.20673e+15 2.59293e+35
705 0.627 1.20435e+15 2.58155e+35
704 0.626 1.20197e+15 2.5702e+35
703 0.625 1.1996e+15 2.55888e+35
702 0.624 1.19722e+15 2.54759e+35
701 0.623 1.19485e+15 2.53634e+35
700 0.622 1.19248e+15 2.52511e+35
699 0.621 1.19011e+15 2.51391e+35
698 0.62 1.18775e+15 2.50274e+35
697 0.619 1.18538e+15 2.4916e+35
696 0.618 1.18302e+15 2.4805e+35
695 0.617 1.18066e+15 2.46943e+35
694 0.616 1.1783e+15 2.45839e+35
693 0.615 1.17595e+15 2.44738e+35
692 0.614 1.17359e+15 2.43641e+35
691 0.613 1.17124e+15 2.42547e+35
690 0.612 1.16889e+15 2.41456e+35
689 0.611 1.16654e+15 2.40369e+35
688 0.61 1.1642e+15 2.39286e+35
687 0.609 1.16185e+15 2.38206e+35
686 0.608 1.15951e+15 2.37131e+35
685 0.607 1.15717e+15 2.3606e+35
684 0.606 1.15686e+15 2.34093e+35
683 0.605 1.1525e+15 2.33893e+35
682 0.604 1.15016e+15 2.3281e+35
681 0.603 1.14783e+15 2.31729e+35
680 0.602 1.1455e+15 2.30652e+35
679 0.601 1.14317e+15 2.29577e+35
678 0.6 1.14085e+15 2.28505e+35
677 0.599 1.13852e+15 2.27436e+35
676 0.598 1.1362e+15 2.2637e+35
675 0.597 1.13388e+15 2.25306e+35
674 0.596 1.13156e+15 2.24246e+35
673 0.595 1.12925e+15 2.23188e+35
672 0.594 1.12693e+15 2.22133e+35
671 0.593 1.12462e+15 2.21081e+35
670 0.592 1.12231e+15 2.20033e+35
669 0.591 1.12e+15 2.18987e+35
668 0.59 1.11769e+15 2.17943e+35
667 0.589 1.11539e+15 2.16903e+35
666 0.588 1.11309e+15 2.15866e+35
665 0.587 1.11079e+15 2.14832e+35
664 0.586 1.10849e+15 2.13801e+35
663 0.585 1.10619e+15 2.12772e+35
662 0.584 1.1039e+15 2.11747e+35
661 0.583 1.1016e+15 2.10724e+35
660 0.582 1.09931e+15 2.09705e+35
659 0.581 1.09702e+15 2.08689e+35
658 0.58 1.09474e+15 2.07675e+35
657 0.579 1.09245e+15 2.06665e+35
656 0.578 1.09017e+15 2.05657e+35
655 0.577 1.08789e+15 2.04653e+35
654 0.576 1.08561e+15 2.03652e+35
653 0.575 1.08333e+15 2.02653e+35
652 0.574 1.08106e+15 2.01658e+35
651 0.573 1.07878e+15 2.00666e+35
650 0.572 1.07651e+15 1.99677e+35
649 0.571 1.07424e+15 1.98691e+35
648 0.57 1.07198e+15 1.97708e+35
647 0.569 1.06971e+15 1.96728e+35
646 0.568 1.06745e+15 1.95752e+35
645 0.567 1.06518e+15 1.94778e+35
644 0.566 1.06292e+15 1.93808e+35
643 0.565 1.06067e+15 1.92841e+35
642 0.564 1.05841e+15 1.91877e+35
641 0.563 1.05616e+15 1.90916e+35
640 0.562 1.0539e+15 1.89958e+35
639 0.561 1.05165e+15 1.89004e+35
638 0.56 1.04941e+15 1.88053e+35
637 0.559 1.04716e+15 1.87105e+35
636 0.558 1.04491e+15 1.8616e+35
635 0.557 1.04267e+15 1.85219e+35
634 0.556 1.04043e+15 1.8428e+35
633 0.555 1.03819e+15 1.83346e+35
632 0.554 1.03595e+15 1.82414e+35
631 0.553 1.03372e+15 1.81486e+35
630 0.552 1.03148e+15 1.80562e+35
629 0.551 1.02925e+15 1.7964e+35
628 0.55 1.02702e+15 1.78723e+35
627 0.549 1.0248e+15 1.77808e+35
626 0.548 1.02257e+15 1.76897e+35
625 0.547 1.02034e+15 1.7599e+35
624 0.546 1.01812e+15 1.75086e+35
623 0.545 1.0159e+15 1.74186e+35
622 0.544 1.01368e+15 1.7329e+35
621 0.543 1.01147e+15 1.72397e+35
620 0.542 1.00925e+15 1.71508e+35
619 0.541 1.00704e+15 1.70623e+35
618 0.54 1.00483e+15 1.69742e+35
617 0.539 1.00262e+15 1.68864e+35
616 0.538 1.00041e+15 1.67991e+35
615 0.537 9.98203e+14 1.67122e+35
614 0.536 9.95999e+14 1.66257e+35
613 0.535 9.93796e+14 1.65397e+35
612 0.534 9.91596e+14 1.64541e+35
611 0.533 9.89397e+14 1.6369e+35
610 0.532 9.872e+14 1.62845e+35
609 0.531 9.85004e+14 1.62005e+35
608 0.53 9.84408e+14 1.60341e+35
607 0.529 9.80619e+14 1.60292e+35
606 0.528 9.78429e+14 1.59433e+35
605 0.527 9.76241e+14 1.58578e+35
604 0.526 9.74055e+14 1.57727e+35
603 0.525 9.7187e+14 1.56879e+35
602 0.524 9.69687e+14 1.56034e+35
601 0.523 9.67506e+14 1.55194e+35
600 0.522 9.65327e+14 1.54357e+35
599 0.521 9.6315e+14 1.53524e+35
598 0.52 9.60974e+14 1.52694e+35
597 0.519 9.588e+14 1.51868e+35
596 0.518 9.56628e+14 1.51046e+35
595 0.517 9.54458e+14 1.50228e+35
594 0.516 9.52289e+14 1.49414e+35
593 0.515 9.50122e+14 1.48604e+35
592 0.514 9.47957e+14 1.47798e+35
591 0.513 9.45794e+14 1.46996e+35
590 0.512 9.43632e+14 1.46198e+35
589 0.511 9.41472e+14 1.45405e+35
588 0.51 9.39314e+14 1.44616e+35
587 0.509 9.37158e+14 1.43831e+35
586 0.508 9.35003e+14 1.43051e+35
585 0.507 9.3285e+14 1.42276e+35
584 0.506 9.30699e+14 1.41506e+35
583 0.505 9.28549e+14 1.4074e+35
582 0.504 9.26401e+14 1.3998e+35
581 0.503 9.24255e+14 1.39226e+35
580 0.502 9.2211e+14 1.38477e+35
579 0.501 9.19967e+14 1.37734e+35
578 0.5 9.17826e+14 1.36998e+35
577 0.499 9.15686e+14 1.36268e+35
576 0.498 9.13548e+14 1.35547e+35
575 0.497 9.11412e+14 1.34834e+35
574 0.496 9.09277e+14 1.3413e+35
573 0.495 9.07143e+14 1.33438e+35
572 0.494 9.05012e+14 1.3276e+35
571 0.493 9.02881e+14 1.32089e+35
570 0.492 9.00753e+14 1.31337e+35
569 0.491 8.98626e+14 1.30589e+35
568 0.49 8.965e+14 1.29846e+35
567 0.489 8.94377e+14 1.29107e+35
566 0.488 8.92255e+14 1.28372e+35
565 0.487 8.90135e+14 1.27642e+35
564 0.486 8.88016e+14 1.26916e+35
563 0.485 8.85899e+14 1.26196e+35
562 0.484 8.83784e+14 1.25481e+35
561 0.483 8.8167e+14 1.24771e+35
560 0.482 8.79558e+14 1.24068e+35
559 0.481 8.77448e+14 1.23371e+35
558 0.48 8.75339e+14 1.22681e+35
557 0.479 8.73232e+14 1.22e+35
556 0.478 8.71126e+14 1.21296e+35
555 0.477 8.69022e+14 1.20551e+35
554 0.476 8.6692e+14 1.19809e+35
553 0.475 8.6482e+14 1.19069e+35
552 0.474 8.62721e+14 1.18332e+35
551 0.473 8.60624e+14 1.17598e+35
550 0.472 8.58529e+14 1.16866e+35
549 0.471 8.56435e+14 1.16137e+35
548 0.47 8.54343e+14 1.15411e+35
547 0.469 8.52253e+14 1.14688e+35
546 0.468 8.50165e+14 1.13967e+35
545 0.467 8.48078e+14 1.13249e+35
544 0.466 8.45993e+14 1.12534e+35
543 0.465 8.4391e+14 1.11821e+35
542 0.464 8.41828e+14 1.11111e+35
541 0.463 8.39748e+14 1.10403e+35
540 0.462 8.3767e+14 1.09698e+35
539 0.461 8.35594e+14 1.08996e+35
538 0.46 8.33519e+14 1.08296e+35
537 0.459 8.31446e+14 1.07598e+35
536 0.458 8.29374e+14 1.06903e+35
535 0.457 8.27305e+14 1.0621e+35
534 0.456 8.25237e+14 1.0552e+35
533 0.455 8.2317e+14 1.04831e+35
532 0.454 8.21105e+14 1.04145e+35
531 0.453 8.19042e+14 1.03461e+35
530 0.452 8.16981e+14 1.02779e+35
529 0.451 8.14922e+14 1.02098e+35
528 0.45 8.12864e+14 1.01419e+35
527 0.449 8.10807e+14 1.00742e+35
526 0.448 8.08753e+14 1.00065e+35
525 0.447 8.067e+14 9.93888e+34
524 0.446 8.04648e+14 9.87119e+34
523 0.445 8.02599e+14 9.80313e+34
522 0.444 8.00551e+14 9.73473e+34
521 0.443 7.98505e+14 9.66665e+34
520 0.442 7.9646e+14 9.59889e+34
519 0.441 7.94418e+14 9.53145e+34
518 0.44 7.92377e+14 9.46432e+34
517 0.439 7.90337e+14 9.3975e+34
516 0.438 7.883e+14 9.331e+34
515 0.437 7.86264e+14 9.2648e+34
514 0.436 7.84229e+14 9.19891e+34
513 0.435 7.82197e+14 9.13332e+34
512 0.434 7.80166e+14 9.06802e+34
511 0.433 7.78137e+14 9.00301e+34
510 0.432 7.76109e+14 8.93829e+34
509 0.431 7.74083e+14 8.87385e+34
508 0.43 7.72059e+14 8.80968e+34
507 0.429 7.70036e+14 8.74577e+34
506 0.428 7.68015e+14 8.68211e+34
505 0.427 7.65996e+14 8.61869e+34
504 0.426 7.63978e+14 8.55548e+34
503 0.425 7.61962e+14 8.49246e+34
502 0.424 7.59948e+14 8.42962e+34
501 0.423 7.57935e+14 8.3669e+34
500 0.422 7.55924e+14 8.30424e+34
499 0.421 7.53915e+14 8.24157e+34
498 0.42 7.51907e+14 8.1787e+34
497 0.419 7.49901e+14 8.1151e+34
496 0.418 7.47897e+14 8.0504e+34
495 0.417 7.45894e+14 7.98629e+34
494 0.416 7.43893e+14 7.92277e+34
493 0.415 7.41894e+14 7.85984e+34
492 0.414 7.39896e+14 7.7975e+34
491 0.413 7.379e+14 7.73576e+34
490 0.412 7.35906e+14 7.67461e+34
489 0.411 7.33913e+14 7.61407e+34
488 0.41 7.31922e+14 7.55412e+34
487 0.409 7.29933e+14 7.49478e+34
486 0.408 7.27945e+14 7.43605e+34
485 0.407 7.25959e+14 7.37792e+34
484 0.406 7.23974e+14 7.32041e+34
483 0.405 7.21991e+14 7.26351e+34
482 0.404 7.2001e+14 7.20722e+34
481 0.403 7.1803e+14 7.15156e+34
480 0.402 7.16052e+14 7.09651e+34
479 0.401 7.14075e+14 7.04209e+34
478 0.4 7.12099e+14 6.9883e+34
477 0.399 7.10125e+14 6.93514e+34
476 0.398 7.08153e+14 6.88261e+34
475 0.397 7.06182e+14 6.83073e+34
474 0.396 7.04212e+14 6.77948e+34
473 0.395 7.02244e+14 6.72888e+34
472 0.394 7.00278e+14 6.67892e+34
471 0.393 6.98312e+14 6.62963e+34
470 0.392 6.96349e+14 6.58099e+34
469 0.391 6.94386e+14 6.53301e+34
468 0.39 6.92425e+14 6.4857e+34
467 0.389 6.90465e+14 6.43907e+34
466 0.388 6.88507e+14 6.39311e+34
465 0.387 6.86549e+14 6.34784e+34
464 0.386 6.84593e+14 6.30327e+34
463 0.385 6.82639e+14 6.2594e+34
462 0.384 6.80686e+14 6.21623e+34
461 0.383 6.78733e+14 6.17379e+34
460 0.382 6.76783e+14 6.13207e+34
459 0.381 6.74833e+14 6.09109e+34
458 0.38 6.72884e+14 6.05086e+34
457 0.379 6.70937e+14 6.01139e+34
456 0.378 6.68991e+14 5.97269e+34
455 0.377 6.67046e+14 5.93479e+34
454 0.376 6.65102e+14 5.8977e+34
453 0.375 6.63159e+14 5.86144e+34
452 0.374 6.61217e+14 5.82602e+34
451 0.373 6.59276e+14 5.79149e+34
450 0.372 6.57337e+14 5.75786e+34
449 0.371 6.55398e+14 5.72518e+34
448 0.37 6.5346e+14 5.69347e+34
447 0.369 6.51523e+14 5.6628e+34
446 0.368 6.49587e+14 5.63323e+34
445 0.367 6.47652e+14 5.60482e+34
444 0.366 6.45718e+14 5.57768e+34
443 0.365 6.43784e+14 5.55193e+34
442 0.364 6.41852e+14 5.52776e+34
441 0.363 6.3992e+14 5.50542e+34
440 0.362 6.37989e+14 5.48533e+34
439 0.361 6.36058e+14 5.46819e+34
438 0.36 6.34128e+14 5.45549e+34
437 0.359 6.32395e+14 5.43346e+34
436 0.358 6.32388e+14 5.2607e+34
435 0.357 6.32379e+14 5.08804e+34
434 0.356 6.32376e+14 4.91488e+34
433 0.355 6.32375e+14 4.74154e+34
432 0.354 6.32361e+14 4.56931e+34
431 0.353 6.32361e+14 4.39584e+34
430 0.352 6.31691e+14 4.27476e+34
429 0.351 6.1679e+14 5.20331e+34
428 0.35 6.14869e+14 5.17991e+34
427 0.349 6.12947e+14 5.15969e+34
426 0.348 6.11027e+14 5.11981e+34
425 0.347 6.09108e+14 5.07775e+34
424 0.346 6.07191e+14 5.03628e+34
423 0.345 6.05275e+14 4.99543e+34
422 0.344 6.0336e+14 4.95521e+34
421 0.343 6.01446e+14 4.91564e+34
420 0.342 5.99534e+14 4.87674e+34
419 0.341 5.97623e+14 4.83854e+34
418 0.34 5.95713e+14 4.80107e+34
417 0.339 5.93805e+14 4.76438e+34
416 0.338 5.91897e+14 4.72851e+34
415 0.337 5.89991e+14 4.69354e+34
414 0.336 5.88086e+14 4.65953e+34
413 0.335 5.86182e+14 4.62659e+34
412 0.334 5.84279e+14 4.59136e+34
411 0.333 5.82377e+14 4.54942e+34
410 0.332 5.80477e+14 4.50789e+34
409 0.331 5.78578e+14 4.46677e+34
408 0.33 5.76681e+14 4.42606e+34
407 0.329 5.74785e+14 4.38577e+34
406 0.328 5.7289e+14 4.34589e+34
405 0.327 5.70997e+14 4.30642e+34
404 0.326 5.69105e+14 4.26736e+34
403 0.325 5.67214e+14 4.22871e+34
402 0.324 5.65325e+14 4.19048e+34
401 0.323 5.63436e+14 4.15266e+34
400 0.322 5.6155e+14 4.11526e+34
399 0.321 5.59664e+14 4.07827e+34
398 0.32 5.5778e+14 4.04169e+34
397 0.319 5.55897e+14 4.00553e+34
396 0.318 5.54015e+14 3.96979e+34
395 0.317 5.52135e+14 3.93446e+34
394 0.316 5.50256e+14 3.89955e+34
393 0.315 5.48378e+14 3.86506e+34
392 0.314 5.46501e+14 3.83099e+34
391 0.313 5.44625e+14 3.79735e+34
390 0.312 5.42751e+14 3.76412e+34
389 0.311 5.40877e+14 3.73132e+34
388 0.31 5.39005e+14 3.69895e+34
387 0.309 5.37134e+14 3.66701e+34
386 0.308 5.35265e+14 3.6355e+34
385 0.307 5.33396e+14 3.60442e+34
384 0.306 5.31529e+14 3.57378e+34
383 0.305 5.29662e+14 3.54358e+34
382 0.304 5.27797e+14 3.51382e+34
381 0.303 5.25933e+14 3.4845e+34
380 0.302 5.24069e+14 3.45564e+34
379 0.301 5.22207e+14 3.42723e+34
378 0.3 5.20346e+14 3.39928e+34
377 0.299 5.18486e+14 3.37179e+34
376 0.298 5.16627e+14 3.34477e+34
375 0.297 5.14769e+14 3.31822e+34
374 0.296 5.12912e+14 3.29216e+34
373 0.295 5.11056e+14 3.26659e+34
372 0.294 5.09201e+14 3.24152e+34
371 0.293 5.07347e+14 3.21695e+34
370 0.292 5.05493e+14 3.1929e+34
369 0.291 5.03641e+14 3.16939e+34
368 0.29 5.0179e+14 3.14641e+34
367 0.289 4.99939e+14 3.124e+34
366 0.288 4.98089e+14 3.10215e+34
365 0.287 4.9624e+14 3.0809e+34
364 0.286 4.94392e+14 3.06026e+34
363 0.285 4.92545e+14 3.04026e+34
362 0.284 4.90698e+14 3.02093e+34
361 0.283 4.88853e+14 3.00229e+34
360 0.282 4.87007e+14 2.98439e+34
359 0.281 4.85163e+14 2.96726e+34
358 0.28 4.83319e+14 2.95097e+34
357 0.279 4.81476e+14 2.93556e+34
356 0.278 4.79634e+14 2.92112e+34
355 0.277 4.77792e+14 2.90774e+34
354 0.276 4.7595e+14 2.89554e+34
353 0.275 4.74109e+14 2.8764e+34
352 0.274 4.7227e+14 2.84461e+34
351 0.273 4.70431e+14 2.81307e+34
350 0.272 4.68594e+14 2.78179e+34
349 0.271 4.66758e+14 2.75077e+34
348 0.27 4.64923e+14 2.72001e+34
347 0.269 4.6309e+14 2.6895e+34
346 0.268 4.61258e+14 2.65924e+34
345 0.267 4.59427e+14 2.62924e+34
344 0.266 4.57597e+14 2.59948e+34
343 0.265 4.55769e+14 2.56998e+34
342 0.264 4.53942e+14 2.54072e+34
341 0.263 4.52116e+14 2.51171e+34
340 0.262 4.50291e+14 2.48295e+34
339 0.261 4.48468e+14 2.45443e+34
338 0.26 4.46645e+14 2.42616e+34
337 0.259 4.44824e+14 2.39812e+34
336 0.258 4.43004e+14 2.37033e+34
335 0.257 4.41186e+14 2.34278e+34
334 0.256 4.39368e+14 2.31546e+34
333 0.255 4.37552e+14 2.28839e+34
332 0.254 4.35737e+14 2.26155e+34
331 0.253 4.33923e+14 2.23494e+34
330 0.252 4.3211e+14 2.20857e+34
329 0.251 4.30298e+14 2.18243e+34
328 0.25 4.28488e+14 2.15652e+34
327 0.249 4.26678e+14 2.13084e+34
326 0.248 4.2487e+14 2.1054e+34
325 0.247 4.23063e+14 2.08017e+34
324 0.246 4.21257e+14 2.05518e+34
323 0.245 4.19452e+14 2.03041e+34
322 0.244 4.17649e+14 2.00586e+34
321 0.243 4.15846e+14 1.98154e+34
320 0.242 4.14044e+14 1.95744e+34
319 0.241 4.12244e+14 1.93356e+34
318 0.24 4.10445e+14 1.9099e+34
317 0.239 4.08647e+14 1.88646e+34
316 0.238 4.0685e+14 1.86323e+34
315 0.237 4.05054e+14 1.84022e+34
314 0.236 4.03259e+14 1.81743e+34
313 0.235 4.01465e+14 1.79485e+34
312 0.234 3.99672e+14 1.77248e+34
311 0.233 3.9788e+14 1.75033e+34
310 0.232 3.96089e+14 1.72838e+34
309 0.231 3.943e+14 1.70665e+34
308 0.23 3.92511e+14 1.68512e+34
307 0.229 3.90724e+14 1.6638e+34
306 0.228 3.88937e+14 1.64268e+34
305 0.227 3.87152e+14 1.62178e+34
304 0.226 3.85367e+14 1.60107e+34
303 0.225 3.83584e+14 1.58057e+34
302 0.224 3.81801e+14 1.56027e+34
301 0.223 3.8002e+14 1.54017e+34
300 0.222 3.78239e+14 1.52027e+34
299 0.221 3.7646e+14 1.50057e+34
298 0.22 3.74681e+14 1.48107e+34
297 0.219 3.72904e+14 1.46177e+34
296 0.218 3.71127e+14 1.44266e+34
295 0.217 3.69352e+14 1.42374e+34
294 0.216 3.67577e+14 1.40502e+34
293 0.215 3.65803e+14 1.3865e+34
292 0.214 3.64031e+14 1.36817e+34
291 0.213 3.62259e+14 1.35002e+34
290 0.212 3.60488e+14 1.33207e+34
289 0.211 3.58718e+14 1.31431e+34
288 0.21 3.56949e+14 1.29674e+34
287 0.209 3.55181e+14 1.27936e+34
286 0.208 3.53414e+14 1.26216e+34
285 0.207 3.51648e+14 1.24515e+34
284 0.206 3.49883e+14 1.22833e+34
283 0.205 3.48118e+14 1.21169e+34
282 0.204 3.46355e+14 1.19524e+34
281 0.203 3.44592e+14 1.17897e+34
280 0.202 3.42831e+14 1.16289e+34
279 0.201 3.4107e+14 1.14698e+34
278 0.2 3.3931e+14 1.13126e+34
277 0.199 3.37551e+14 1.11572e+34
276 0.198 3.35793e+14 1.10037e+34
275 0.197 3.34035e+14 1.08519e+34
274 0.196 3.32279e+14 1.07019e+34
273 0.195 3.30523e+14 1.05538e+34
272 0.194 3.28769e+14 1.04074e+34
271 0.193 3.27015e+14 1.02628e+34
270 0.192 3.25261e+14 1.01201e+34
269 0.191 3.23509e+14 9.97911e+33
268 0.19 3.21758e+14 9.83996e+33
267 0.189 3.20007e+14 9.70245e+33
266 0.188 3.18257e+14 9.56684e+33
265 0.187 3.16508e+14 9.43303e+33
264 0.186 3.1476e+14 9.30101e+33
263 0.185 3.13011e+14 9.17153e+33
262 0.184 3.12991e+14 7.61856e+33
261 0.183 3.0952e+14 8.89428e+33
260 0.182 3.07775e+14 8.75547e+33
259 0.181 3.0603e+14 8.61825e+33
258 0.18 3.04287e+14 8.48261e+33
257 0.179 3.02545e+14 8.34855e+33
256 0.178 3.00803e+14 8.21605e+33
255 0.177 2.99062e+14 8.08511e+33
254 0.176 2.97322e+14 7.95572e+33
253 0.175 2.95583e+14 7.82788e+33
252 0.174 2.93844e+14 7.70158e+33
251 0.173 2.92107e+14 7.5768e+33
250 0.172 2.9037e+14 7.45356e+33
249 0.171 2.88634e+14 7.33183e+33
248 0.17 2.86899e+14 7.21162e+33
247 0.169 2.85164e+14 7.09291e+33
246 0.168 2.83431e+14 6.97571e+33
245 0.167 2.81698e+14 6.86e+33
244 0.166 2.79966e+14 6.74579e+33
243 0.165 2.78234e+14 6.63306e+33
242 0.164 2.76504e+14 6.52181e+33
241 0.163 2.74774e+14 6.41204e+33
240 0.162 2.73045e+14 6.30374e+33
239 0.161 2.71316e+14 6.19692e+33
238 0.16 2.69589e+14 6.09155e+33
237 0.159 2.67862e+14 5.98765e+33
236 0.158 2.66135e+14 5.88521e+33
235 0.157 2.6441e+14 5.78423e+33
234 0.156 2.62685e+14 5.6847e+33
233 0.155 2.60961e+14 5.58662e+33
232 0.154 2.59238e+14 5.48999e+33
231 0.153 2.57515e+14 5.39481e+33
230 0.152 2.55793e+14 5.30109e+33
229 0.151 2.54072e+14 5.20881e+33
228 0.15 2.52351e+14 5.11799e+33
227 0.149 2.50631e+14 5.02862e+33
226 0.148 2.48912e+14 4.94071e+33
225 0.147 2.47193e+14 4.85425e+33
224 0.146 2.45475e+14 4.76926e+33
223 0.145 2.43758e+14 4.68574e+33
222 0.144 2.42041e+14 4.60369e+33
221 0.143 2.40325e+14 4.52313e+33
220 0.142 2.38609e+14 4.44406e+33
219 0.141 2.36895e+14 4.36649e+33
218 0.14 2.3518e+14 4.29045e+33
217 0.139 2.33467e+14 4.21593e+33
216 0.138 2.31754e+14 4.14297e+33
215 0.137 2.30041e+14 4.07158e+33
214 0.136 2.28329e+14 4.00179e+33
213 0.135 2.26618e+14 3.93363e+33
212 0.134 2.24907e+14 3.86713e+33
211 0.133 2.23197e+14 3.80234e+33
210 0.132 2.21487e+14 3.7393e+33
209 0.131 2.19778e+14 3.67808e+33
208 0.13 2.18069e+14 3.61874e+33
207 0.129 2.16361e+14 3.56137e+33
206 0.128 2.14653e+14 3.50609e+33
205 0.127 2.12946e+14 3.45302e+33
204 0.126 2.11239e+14 3.40233e+33
203 0.125 2.09533e+14 3.35427e+33
202 0.124 2.07827e+14 3.30913e+33
201 0.123 2.06122e+14 3.26733e+33
200 0.122 2.04416e+14 3.22952e+33
199 0.121 2.02712e+14 3.1916e+33
198 0.12 2.01007e+14 3.12264e+33
197 0.119 1.99304e+14 3.0547e+33
196 0.118 1.976e+14 2.98776e+33
195 0.117 1.95898e+14 2.92184e+33
194 0.116 1.94196e+14 2.85691e+33
193 0.115 1.92495e+14 2.79297e+33
192 0.114 1.90794e+14 2.73002e+33
191 0.113 1.89094e+14 2.66806e+33
190 0.112 1.87395e+14 2.60707e+33
189 0.111 1.85696e+14 2.54704e+33
188 0.11 1.83998e+14 2.48798e+33
187 0.109 1.82301e+14 2.42988e+33
186 0.108 1.80604e+14 2.37274e+33
185 0.107 1.78907e+14 2.31653e+33
184 0.106 1.77211e+14 2.26127e+33
183 0.105 1.75516e+14 2.20694e+33
182 0.104 1.73821e+14 2.15354e+33
181 0.103 1.72127e+14 2.10106e+33
180 0.102 1.70434e+14 2.04949e+33
179 0.101 1.68741e+14 1.99884e+33
178 0.1 1.67048e+14 1.94909e+33
177 0.099 1.65356e+14 1.90023e+33
176 0.098 1.63665e+14 1.85227e+33
175 0.097 1.61974e+14 1.8052e+33
174 0.096 1.60284e+14 1.759e+33
173 0.095 1.58594e+14 1.71367e+33
172 0.094 1.56905e+14 1.66922e+33
171 0.093 1.55216e+14 1.62562e+33
170 0.092 1.53528e+14 1.58287e+33
169 0.091 1.5184e+14 1.54097e+33
168 0.09 1.50153e+14 1.49992e+33
167 0.089 1.48467e+14 1.45969e+33
166 0.088 1.4678e+14 1.4203e+33
165 0.087 1.45095e+14 1.38172e+33
164 0.086 1.4341e+14 1.34396e+33
163 0.085 1.41725e+14 1.307e+33
162 0.084 1.40041e+14 1.27084e+33
161 0.083 1.38357e+14 1.23548e+33
160 0.082 1.36674e+14 1.2009e+33
159 0.081 1.34991e+14 1.16709e+33
158 0.08 1.33308e+14 1.13406e+33
157 0.079 1.31627e+14 1.10179e+33
156 0.078 1.29945e+14 1.07027e+33
155 0.077 1.28264e+14 1.03949e+33
154 0.076 1.26584e+14 1.00946e+33
153 0.075 1.24903e+14 9.80148e+32
152 0.074 1.23224e+14 9.51561e+32
151 0.073 1.21544e+14 9.23684e+32
150 0.072 1.19866e+14 8.9651e+32
149 0.071 1.18187e+14 8.70029e+32
148 0.07 1.16509e+14 8.4423e+32
147 0.069 1.14831e+14 8.19106e+32
146 0.068 1.13154e+14 7.94644e+32
145 0.067 1.11477e+14 7.70835e+32
144 0.066 1.09801e+14 7.47667e+32
143 0.065 1.08125e+14 7.2513e+32
142 0.064 1.06449e+14 7.03212e+32
141 0.063 1.04774e+14 6.81901e+32
140 0.062 1.03099e+14 6.61183e+32
139 0.061 1.01424e+14 6.41046e+32
138 0.06 9.97501e+13 6.21476e+32
137 0.059 9.80763e+13 6.02459e+32
136 0.058 9.64028e+13 5.83978e+32
135 0.057 9.47297e+13 5.66019e+32
134 0.056 9.30569e+13 5.48563e+32
133 0.055 9.13844e+13 5.31592e+32
132 0.054 8.97123e+13 5.15087e+32
131 0.053 8.80405e+13 4.99026e+32
130 0.052 8.6369e+13 4.83387e+32
129 0.051 8.46979e+13 4.68143e+32
128 0.05 8.30271e+13 4.53267e+32
127 0.049 8.13567e+13 4.38726e+32
126 0.048 7.96865e+13 4.24485e+32
125 0.047 7.80167e+13 4.10502e+32
124 0.046 7.63472e+13 3.96726e+32
123 0.045 7.46781e+13 3.83097e+32
122 0.044 7.30093e+13 3.69537e+32
121 0.043 7.13408e+13 3.55943e+32
120 0.042 6.96727e+13 3.42165e+32
119 0.041 6.80049e+13 3.27962e+32
118 0.04 6.63376e+13 3.12849e+32
117 0.039 6.46707e+13 2.9496e+32
116 0.038 6.30043e+13 2.76563e+32
115 0.037 6.13384e+13 2.58969e+32
114 0.036 5.96731e+13 2.42163e+32
113 0.035 5.80083e+13 2.2613e+32
112 0.034 5.6344e+13 2.10858e+32
111 0.033 5.46801e+13 1.96332e+32
110 0.032 5.30168e+13 1.82539e+32
109 0.031 5.13539e+13 1.69465e+32
108 0.03 4.96915e+13 1.57096e+32
107 0.029 4.80295e+13 1.45419e+32
106 0.028 4.63679e+13 1.34422e+32
105 0.027 4.47068e+13 1.24091e+32
104 0.026 4.30461e+13 1.14415e+32
103 0.025 4.13858e+13 1.05384e+32
102 0.024 3.97258e+13 9.69886e+31
101 0.023 3.80663e+13 8.92202e+31
100 0.022 3.64071e+13 8.20742e+31
99 0.021 3.47482e+13 7.55486e+31
98 0.02 3.30897e+13 6.96462e+31
97 0.019 3.14315e+13 6.43766e+31
96 0.018 2.97736e+13 5.97594e+31
95 0.017 2.81159e+13 5.58301e+31
94 0.016 2.64585e+13 5.26516e+31
93 0.015 2.48013e+13 5.02955e+31
92 0.014 2.31442e+13 4.90035e+31
91 0.013 2.14871e+13 4.91692e+31
90 0.012 1.983e+13 5.19417e+31
89 0.011 1.81724e+13 5.3373e+31
88 0.01 1.65154e+13 4.61138e+31
87 0.009 1.48591e+13 3.92996e+31
86 0.008 1.32037e+13 3.29181e+31
85 0.007 1.15491e+13 2.69777e+31
84 0.006 9.89537e+12 2.14598e+31
83 0.005 8.24267e+12 1.6384e+31
82 0.004 6.59105e+12 1.17744e+31
81 0.003 4.94065e+12 7.67706e+30
80 0.002 3.29167e+12 4.17803e+30
79 0.001 1.64448e+12 1.45029e+30
