1078 1 2.54024e+15 5.77839e+35
1077 0.999 2.53703e+15 5.75928e+35
1076 0.998 2.53381e+15 5.7402e+35
1075 0.997 2.5306e+15 5.72114e+35
1074 0.996 2.52739e+15 5.7021e+35
1073 0.995 2.52418e+15 5.68309e+35
1072 0.994 2.52097e+15 5.66409e+35
1071 0.993 2.51776e+15 5.64512e+35
1070 0.992 2.51456e+15 5.62616e+35
1069 0.991 2.51136e+15 5.60723e+35
1068 0.99 2.50816e+15 5.58832e+35
1067 0.989 2.50497e+15 5.56943e+35
1066 0.988 2.50177e+15 5.55056e+35
1065 0.987 2.49858e+15 5.53171e+35
1064 0.986 2.49539e+15 5.51288e+35
1063 0.985 2.4922e+15 5.49408e+35
1062 0.984 2.48902e+15 5.4753e+35
1061 0.983 2.48583e+15 5.45653e+35
1060 0.982 2.48265e+15 5.43779e+35
1059 0.981 2.47947e+15 5.41907e+35
1058 0.98 2.4763e+15 5.40037e+35
1057 0.979 2.47312e+15 5.38169e+35
1056 0.978 2.46995e+15 5.36304e+35
1055 0.977 2.46678e+15 5.3444e+35
1054 0.976 2.46361e+15 5.32579e+35
1053 0.975 2.46044e+15 5.3072e+35
1052 0.974 2.45728e+15 5.28862e+35
1051 0.973 2.45412e+15 5.27007e+35
1050 0.972 2.45096e+15 5.25155e+35
1049 0.971 2.4478e+15 5.23304e+35
1048 0.97 2.44465e+15 5.21455e+35
1047 0.969 2.44149e+15 5.19609e+35
1046 0.968 2.43834e+15 5.17764e+35
1045 0.967 2.43519e+15 5.15922e+35
1044 0.966 2.43205e+15 5.14082e+35
1043 0.965 2.4289e+15 5.12244e+35
1042 0.964 2.42576e+15 5.10408e+35
1041 0.963 2.42262e+15 5.08575e+35
1040 0.962 2.41948e+15 5.06743e+35
1039 0.961 2.41634e+15 5.04914e+35
1038 0.96 2.41321e+15 5.03086e+35
1037 0.959 2.41008e+15 5.01261e+35
1036 0.958 2.40695e+15 4.99438e+35
1035 0.957 2.40382e+15 4.97617e+35
1034 0.956 2.4007e+15 4.95799e+35
1033 0.955 2.39757e+15 4.93982e+35
1032 0.954 2.39445e+15 4.92168e+35
1031 0.953 2.39133e+15 4.90355e+35
1030 0.952 2.38822e+15 4.88545e+35
1029 0.951 2.3851e+15 4.86737e+35
1028 0.95 2.38199e+15 4.84931e+35
1027 0.949 2.37888e+15 4.83127e+35
1026 0.948 2.37577e+15 4.81326e+35
1025 0.947 2.37266e+15 4.79526e+35
1024 0.946 2.36956e+15 4.77729e+35
1023 0.945 2.36646e+15 4.75934e+35
1022 0.944 2.36336e+15 4.74141e+35
1021 0.943 2.36026e+15 4.7235e+35
1020 0.942 2.35717e+15 4.70561e+35
1019 0.941 2.35407e+15 4.68775e+35
1018 0.94 2.35098e+15 4.6699e+35
1017 0.939 2.34789e+15 4.65208e+35
1016 0.938 2.34481e+15 4.63428e+35
1015 0.937 2.34172e+15 4.6165e+35
1014 0.936 2.33864e+15 4.59874e+35
1013 0.935 2.33556e+15 4.581e+35
1012 0.934 2.33248e+15 4.56328e+35
1011 0.933 2.32941e+15 4.54559e+35
1010 0.932 2.32633e+15 4.52792e+35
1009 0.931 2.32326e+15 4.51027e+35
1008 0.93 2.32019e+15 4.49264e+35
1007 0.929 2.31712e+15 4.47503e+35
1006 0.928 2.31406e+15 4.45744e+35
1005 0.927 2.31099e+15 4.43988e+35
1004 0.926 2.30793e+15 4.42233e+35
1003 0.925 2.30487e+15 4.40481e+35
1002 0.924 2.30182e+15 4.38731e+35
1001 0.923 2.29876e+15 4.36983e+35
1000 0.922 2.29571e+15 4.35237e+35
999 0.921 2.29266e+15 4.33494e+35
998 0.92 2.28961e+15 4.31752e+35
997 0.919 2.28657e+15 4.30013e+35
996 0.918 2.28352e+15 4.28276e+35
995 0.917 2.28048e+15 4.26541e+35
994 0.916 2.27744e+15 4.24808e+35
993 0.915 2.2744e+15 4.23077e+35
992 0.914 2.27137e+15 4.21349e+35
991 0.913 2.26833e+15 4.19622e+35
990 0.912 2.2653e+15 4.17898e+35
989 0.911 2.26227e+15 4.16176e+35
988 0.91 2.25925e+15 4.14456e+35
987 0.909 2.25622e+15 4.12739e+35
986 0.908 2.2532e+15 4.11023e+35
985 0.907 2.25018e+15 4.0931e+35
984 0.906 2.24716e+15 4.07599e+35
983 0.905 2.24415e+15 4.0589e+35
982 0.904 2.24113e+15 4.04183e+35
981 0.903 2.23812e+15 4.02478e+35
980 0.902 2.23511e+15 4.00775e+35
979 0.901 2.2321e+15 3.99075e+35
978 0.9 2.2291e+15 3.97377e+35
977 0.899 2.22609e+15 3.95681e+35
976 0.898 2.22309e+15 3.93987e+35
975 0.897 2.22009e+15 3.92295e+35
974 0.896 2.2171e+15 3.90606e+35
973 0.895 2.2141e+15 3.88918e+35
972 0.894 2.21111e+15 3.87233e+35
971 0.893 2.20812e+15 3.8555e+35
970 0.892 2.20513e+15 3.83869e+35
969 0.891 2.20214e+15 3.82191e+35
968 0.89 2.19916e+15 3.80514e+35
967 0.889 2.19618e+15 3.7884e+35
966 0.888 2.1932e+15 3.77168e+35
965 0.887 2.19022e+15 3.75498e+35
964 0.886 2.18724e+15 3.7383e+35
963 0.885 2.18427e+15 3.72164e+35
962 0.884 2.1813e+15 3.70501e+35
961 0.883 2.17833e+15 3.68839e+35
960 0.882 2.17536e+15 3.6718e+35
959 0.881 2.1724e+15 3.65523e+35
958 0.88 2.16943e+15 3.63869e+35
957 0.879 2.16647e+15 3.62216e+35
956 0.878 2.16351e+15 3.60566e+35
955 0.877 2.16056e+15 3.58917e+35
954 0.876 2.1576e+15 3.57271e+35
953 0.875 2.15465e+15 3.55628e+35
952 0.874 2.1517e+15 3.53986e+35
951 0.873 2.14875e+15 3.52346e+35
950 0.872 2.14581e+15 3.50709e+35
949 0.871 2.14286e+15 3.49074e+35
948 0.87 2.13992e+15 3.47441e+35
947 0.869 2.13698e+15 3.4581e+35
946 0.868 2.13404e+15 3.44182e+35
945 0.867 2.13111e+15 3.42555e+35
944 0.866 2.12817e+15 3.40931e+35
943 0.865 2.12524e+15 3.39309e+35
942 0.864 2.12231e+15 3.37689e+35
941 0.863 2.11939e+15 3.36072e+35
940 0.862 2.11646e+15 3.34456e+35
939 0.861 2.11354e+15 3.32843e+35
938 0.86 2.11062e+15 3.31232e+35
937 0.859 2.1077e+15 3.29623e+35
936 0.858 2.10478e+15 3.28017e+35
935 0.857 2.10187e+15 3.26412e+35
934 0.856 2.09896e+15 3.2481e+35
933 0.855 2.09605e+15 3.2321e+35
932 0.854 2.09314e+15 3.21612e+35
931 0.853 2.09023e+15 3.20016e+35
930 0.852 2.08733e+15 3.18423e+35
929 0.851 2.08443e+15 3.16831e+35
928 0.85 2.08153e+15 3.15242e+35
927 0.849 2.07863e+15 3.13655e+35
926 0.848 2.07574e+15 3.12071e+35
925 0.847 2.07284e+15 3.10488e+35
924 0.846 2.06995e+15 3.08908e+35
923 0.845 2.06706e+15 3.0733e+35
922 0.844 2.06418e+15 3.05754e+35
921 0.843 2.06129e+15 3.0418e+35
920 0.842 2.05841e+15 3.02609e+35
919 0.841 2.05553e+15 3.01039e+35
918 0.84 2.05265e+15 2.99472e+35
917 0.839 2.04977e+15 2.97907e+35
916 0.838 2.0469e+15 2.96345e+35
915 0.837 2.04403e+15 2.94784e+35
914 0.836 2.04116e+15 2.93226e+35
913 0.835 2.03829e+15 2.9167e+35
912 0.834 2.03543e+15 2.90116e+35
911 0.833 2.03256e+15 2.88564e+35
910 0.832 2.0297e+15 2.87015e+35
909 0.831 2.02684e+15 2.85468e+35
908 0.83 2.02398e+15 2.83923e+35
907 0.829 2.02113e+15 2.8238e+35
906 0.828 2.01827e+15 2.80839e+35
905 0.827 2.01542e+15 2.79301e+35
904 0.826 2.01257e+15 2.77765e+35
903 0.825 2.00973e+15 2.76231e+35
902 0.824 2.00688e+15 2.74699e+35
901 0.823 2.00404e+15 2.73169e+35
900 0.822 2.0012e+15 2.71642e+35
899 0.821 1.99836e+15 2.70117e+35
898 0.82 1.99553e+15 2.68594e+35
897 0.819 1.99269e+15 2.67073e+35
896 0.818 1.98986e+15 2.65555e+35
895 0.817 1.98703e+15 2.64039e+35
894 0.816 1.9842e+15 2.62525e+35
893 0.815 1.98138e+15 2.61013e+35
892 0.814 1.97855e+15 2.59503e+35
891 0.813 1.97573e+15 2.57996e+35
890 0.812 1.97291e+15 2.56491e+35
889 0.811 1.97009e+15 2.54988e+35
888 0.81 1.96728e+15 2.53487e+35
887 0.809 1.96446e+15 2.51989e+35
886 0.808 1.96165e+15 2.50493e+35
885 0.807 1.95884e+15 2.48999e+35
884 0.806 1.95604e+15 2.47507e+35
883 0.805 1.95323e+15 2.46017e+35
882 0.804 1.95043e+15 2.4453e+35
881 0.803 1.94763e+15 2.43045e+35
880 0.802 1.94483e+15 2.41562e+35
879 0.801 1.94203e+15 2.40082e+35
878 0.8 1.93924e+15 2.38603e+35
877 0.799 1.93645e+15 2.37127e+35
876 0.798 1.93366e+15 2.35653e+35
875 0.797 1.93087e+15 2.34181e+35
874 0.796 1.92808e+15 2.32712e+35
873 0.795 1.9253e+15 2.31245e+35
872 0.794 1.92252e+15 2.2978e+35
871 0.793 1.91974e+15 2.28317e+35
870 0.792 1.91696e+15 2.26856e+35
869 0.791 1.91418e+15 2.25398e+35
868 0.79 1.91141e+15 2.23942e+35
867 0.789 1.90864e+15 2.22488e+35
866 0.788 1.90587e+15 2.21037e+35
865 0.787 1.9031e+15 2.19587e+35
864 0.786 1.90034e+15 2.1814e+35
863 0.785 1.89757e+15 2.16696e+35
862 0.784 1.89481e+15 2.15253e+35
861 0.783 1.89205e+15 2.13813e+35
860 0.782 1.8893e+15 2.12375e+35
859 0.781 1.88654e+15 2.10939e+35
858 0.78 1.88379e+15 2.09505e+35
857 0.779 1.88104e+15 2.08074e+35
856 0.778 1.87829e+15 2.06645e+35
855 0.777 1.87554e+15 2.05218e+35
854 0.776 1.8728e+15 2.03793e+35
853 0.775 1.87005e+15 2.02371e+35
852 0.774 1.86731e+15 2.00951e+35
851 0.773 1.86458e+15 1.99533e+35
850 0.772 1.86184e+15 1.98117e+35
849 0.771 1.85911e+15 1.96704e+35
848 0.77 1.85637e+15 1.95293e+35
847 0.769 1.85364e+15 1.93884e+35
846 0.768 1.85092e+15 1.92477e+35
845 0.767 1.84819e+15 1.91073e+35
844 0.766 1.84547e+15 1.89671e+35
843 0.765 1.84274e+15 1.88271e+35
842 0.764 1.84002e+15 1.86874e+35
841 0.763 1.83731e+15 1.85478e+35
840 0.762 1.83459e+15 1.84085e+35
839 0.761 1.83188e+15 1.82694e+35
838 0.76 1.82917e+15 1.81306e+35
837 0.759 1.82646e+15 1.7992e+35
836 0.758 1.82375e+15 1.78536e+35
835 0.757 1.82104e+15 1.77154e+35
834 0.756 1.81834e+15 1.75774e+35
833 0.755 1.81564e+15 1.74397e+35
832 0.754 1.81294e+15 1.73022e+35
831 0.753 1.81024e+15 1.7165e+35
830 0.752 1.80755e+15 1.70279e+35
829 0.751 1.80486e+15 1.68911e+35
828 0.75 1.80217e+15 1.67545e+35
827 0.749 1.79948e+15 1.66182e+35
826 0.748 1.79679e+15 1.6482e+35
825 0.747 1.79411e+15 1.63461e+35
824 0.746 1.79142e+15 1.62104e+35
823 0.745 1.78874e+15 1.6075e+35
822 0.744 1.78606e+15 1.59398e+35
821 0.743 1.78339e+15 1.58048e+35
820 0.742 1.78071e+15 1.567e+35
819 0.741 1.77804e+15 1.55355e+35
818 0.74 1.77537e+15 1.54012e+35
817 0.739 1.7727e+15 1.52671e+35
816 0.738 1.77004e+15 1.51332e+35
815 0.737 1.76737e+15 1.49996e+35
814 0.736 1.76471e+15 1.48662e+35
813 0.735 1.76205e+15 1.4733e+35
812 0.734 1.75939e+15 1.46001e+35
811 0.733 1.75674e+15 1.44674e+35
810 0.732 1.75408e+15 1.43349e+35
809 0.731 1.75143e+15 1.42026e+35
808 0.73 1.74878e+15 1.40706e+35
807 0.729 1.74613e+15 1.39388e+35
806 0.728 1.74349e+15 1.38072e+35
805 0.727 1.74084e+15 1.36758e+35
804 0.726 1.7382e+15 1.35447e+35
803 0.725 1.73556e+15 1.34138e+35
802 0.724 1.73293e+15 1.32832e+35
801 0.723 1.73029e+15 1.31528e+35
800 0.722 1.72766e+15 1.30226e+35
799 0.721 1.72502e+15 1.28926e+35
798 0.72 1.7224e+15 1.27628e+35
797 0.719 1.71977e+15 1.26333e+35
796 0.718 1.71714e+15 1.2504e+35
795 0.717 1.71452e+15 1.2375e+35
794 0.716 1.7119e+15 1.22462e+35
793 0.715 1.70928e+15 1.21176e+35
792 0.714 1.70666e+15 1.19892e+35
791 0.713 1.70405e+15 1.18611e+35
790 0.712 1.70143e+15 1.17332e+35
789 0.711 1.69882e+15 1.16055e+35
788 0.71 1.69621e+15 1.1478e+35
787 0.709 1.69361e+15 1.13508e+35
786 0.708 1.691e+15 1.12239e+35
785 0.707 1.6884e+15 1.10971e+35
784 0.706 1.6858e+15 1.09706e+35
783 0.705 1.6832e+15 1.08443e+35
782 0.704 1.6806e+15 1.07182e+35
781 0.703 1.67801e+15 1.05924e+35
780 0.702 1.67541e+15 1.04668e+35
779 0.701 1.67282e+15 1.03414e+35
778 0.7 1.67023e+15 1.02163e+35
777 0.699 1.66765e+15 1.00914e+35
776 0.698 1.66506e+15 9.96669e+34
775 0.697 1.66248e+15 9.84224e+34
774 0.696 1.6599e+15 9.71803e+34
773 0.695 1.65732e+15 9.59404e+34
772 0.694 1.65474e+15 9.47029e+34
771 0.693 1.65217e+15 9.34677e+34
770 0.692 1.6496e+15 9.22348e+34
769 0.691 1.64703e+15 9.10042e+34
768 0.69 1.64446e+15 8.9776e+34
767 0.689 1.64189e+15 8.855e+34
766 0.688 1.63933e+15 8.73264e+34
765 0.687 1.63676e+15 8.61051e+34
764 0.686 1.6342e+15 8.48861e+34
763 0.685 1.63164e+15 8.36694e+34
762 0.684 1.62909e+15 8.24551e+34
761 0.683 1.62653e+15 8.1243e+34
760 0.682 1.62398e+15 8.00333e+34
759 0.681 1.62143e+15 7.8826e+34
758 0.68 1.61888e+15 7.76209e+34
757 0.679 1.61633e+15 7.64182e+34
756 0.678 1.61379e+15 7.52178e+34
755 0.677 1.61125e+15 7.40197e+34
754 0.676 1.60871e+15 7.28239e+34
753 0.675 1.60617e+15 7.16305e+34
752 0.674 1.60363e+15 7.04394e+34
751 0.673 1.6011e+15 6.92507e+34
750 0.672 1.59856e+15 6.80642e+34
749 0.671 1.59603e+15 6.68801e+34
748 0.67 1.5935e+15 6.56984e+34
747 0.669 1.59098e+15 6.45189e+34
746 0.668 1.58845e+15 6.33418e+34
745 0.667 1.58593e+15 6.21671e+34
744 0.666 1.58341e+15 6.09946e+34
743 0.665 1.58089e+15 5.98245e+34
742 0.664 1.57837e+15 5.86567e+34
741 0.663 1.57586e+15 5.74913e+34
740 0.662 1.57335e+15 5.63282e+34
739 0.661 1.57084e+15 5.51675e+34
738 0.66 1.56833e+15 5.40091e+34
737 0.659 1.56582e+15 5.2853e+34
736 0.658 1.56331e+15 5.16993e+34
735 0.657 1.56081e+15 5.05479e+34
734 0.656 1.55831e+15 4.93988e+34
733 0.655 1.55581e+15 4.82521e+34
732 0.654 1.55332e+15 4.71077e+34
731 0.653 1.55082e+15 4.59657e+34
730 0.652 1.54833e+15 4.4826e+34
729 0.651 1.54584e+15 4.36887e+34
728 0.65 1.54335e+15 4.25537e+34
727 0.649 1.54086e+15 4.14211e+34
726 0.648 1.53838e+15 4.02908e+34
725 0.647 1.53589e+15 3.91628e+34
724 0.646 1.53341e+15 3.80372e+34
723 0.645 1.53093e+15 3.6914e+34
722 0.644 1.52845e+15 3.57931e+34
721 0.643 1.52598e+15 3.46745e+34
720 0.642 1.52351e+15 3.35583e+34
719 0.641 1.52103e+15 3.24445e+34
718 0.64 1.51857e+15 3.1333e+34
717 0.639 1.5161e+15 3.02239e+34
716 0.638 1.51363e+15 2.91171e+34
715 0.637 1.51117e+15 2.80126e+34
714 0.636 1.50871e+15 2.69105e+34
713 0.635 1.50625e+15 2.58108e+34
712 0.634 1.50379e+15 2.47134e+34
711 0.633 1.50133e+15 2.36184e+34
710 0.632 1.49888e+15 2.25258e+34
709 0.631 1.49643e+15 2.14354e+34
708 0.63 1.49398e+15 2.03475e+34
707 0.629 1.49153e+15 1.92619e+34
706 0.628 1.48909e+15 1.81787e+34
705 0.627 1.48664e+15 1.70978e+34
704 0.626 1.4842e+15 1.60193e+34
703 0.625 1.48176e+15 1.49431e+34
702 0.624 1.47932e+15 1.38693e+34
701 0.623 1.47688e+15 1.27979e+34
700 0.622 1.47445e+15 1.17288e+34
699 0.621 1.47202e+15 1.06621e+34
698 0.62 1.46959e+15 9.59775e+33
697 0.619 1.46716e+15 8.53576e+33
696 0.618 1.46473e+15 7.47613e+33
695 0.617 1.46231e+15 6.41886e+33
694 0.616 1.45989e+15 5.36396e+33
693 0.615 1.45746e+15 4.31142e+33
692 0.614 1.45505e+15 3.26124e+33
691 0.613 1.45263e+15 2.21343e+33
690 0.612 1.45021e+15 1.16799e+33
689 0.611 1.4478e+15 1.24904e+32
688 0.61 1.44539e+15 -9.15814e+32
687 0.609 1.44298e+15 -1.95417e+33
686 0.608 1.44057e+15 -2.99015e+33
685 0.607 1.43817e+15 -4.02377e+33
684 0.606 1.43576e+15 -5.05503e+33
683 0.605 1.43336e+15 -6.08392e+33
682 0.604 1.43096e+15 -7.11044e+33
681 0.603 1.42857e+15 -8.1346e+33
680 0.602 1.42617e+15 -9.15639e+33
679 0.601 1.42378e+15 -1.01758e+34
678 0.6 1.42138e+15 -1.11929e+34
677 0.599 1.41899e+15 -1.22076e+34
676 0.598 1.41661e+15 -1.32199e+34
675 0.597 1.41422e+15 -1.42298e+34
674 0.596 1.41183e+15 -1.52374e+34
673 0.595 1.40945e+15 -1.62427e+34
672 0.594 1.40707e+15 -1.72455e+34
671 0.593 1.40469e+15 -1.8246e+34
670 0.592 1.40232e+15 -1.92441e+34
669 0.591 1.39994e+15 -2.02399e+34
668 0.59 1.39757e+15 -2.12333e+34
667 0.589 1.3952e+15 -2.22243e+34
666 0.588 1.39283e+15 -2.3213e+34
665 0.587 1.39046e+15 -2.41993e+34
664 0.586 1.3881e+15 -2.51832e+34
663 0.585 1.38573e+15 -2.61647e+34
662 0.584 1.38337e+15 -2.71439e+34
661 0.583 1.38101e+15 -2.81208e+34
660 0.582 1.37865e+15 -2.90952e+34
659 0.581 1.3763e+15 -3.00673e+34
658 0.58 1.37394e+15 -3.10371e+34
657 0.579 1.37159e+15 -3.20045e+34
656 0.578 1.36924e+15 -3.29695e+34
655 0.577 1.36689e+15 -3.39321e+34
654 0.576 1.36455e+15 -3.48924e+34
653 0.575 1.3622e+15 -3.58503e+34
652 0.574 1.35986e+15 -3.68059e+34
651 0.573 1.35752e+15 -3.77591e+34
650 0.572 1.35518e+15 -3.871e+34
649 0.571 1.35284e+15 -3.96585e+34
648 0.57 1.35051e+15 -4.06046e+34
647 0.569 1.34817e+15 -4.15484e+34
646 0.568 1.34584e+15 -4.24898e+34
645 0.567 1.34351e+15 -4.34288e+34
644 0.566 1.34118e+15 -4.43656e+34
643 0.565 1.33886e+15 -4.52999e+34
642 0.564 1.33653e+15 -4.62319e+34
641 0.563 1.33421e+15 -4.71616e+34
640 0.562 1.33189e+15 -4.80889e+34
639 0.561 1.32957e+15 -4.90138e+34
638 0.56 1.32725e+15 -4.99364e+34
637 0.559 1.32494e+15 -5.08567e+34
636 0.558 1.32263e+15 -5.17746e+34
635 0.557 1.32031e+15 -5.26902e+34
634 0.556 1.31801e+15 -5.36034e+34
633 0.555 1.3157e+15 -5.45143e+34
632 0.554 1.31339e+15 -5.54229e+34
631 0.553 1.31109e+15 -5.63291e+34
630 0.552 1.30879e+15 -5.7233e+34
629 0.551 1.30649e+15 -5.81345e+34
628 0.55 1.30419e+15 -5.90338e+34
627 0.549 1.30189e+15 -5.99307e+34
626 0.548 1.2996e+15 -6.08252e+34
625 0.547 1.2973e+15 -6.17175e+34
624 0.546 1.29501e+15 -6.26074e+34
623 0.545 1.29272e+15 -6.3495e+34
622 0.544 1.29043e+15 -6.43803e+34
621 0.543 1.28815e+15 -6.52632e+34
620 0.542 1.28586e+15 -6.61439e+34
619 0.541 1.28358e+15 -6.70222e+34
618 0.54 1.2813e+15 -6.78983e+34
617 0.539 1.27902e+15 -6.8772e+34
616 0.538 1.27675e+15 -6.96435e+34
615 0.537 1.27447e+15 -7.05126e+34
614 0.536 1.2722e+15 -7.13794e+34
613 0.535 1.26993e+15 -7.2244e+34
612 0.534 1.26766e+15 -7.31063e+34
611 0.533 1.26539e+15 -7.39663e+34
610 0.532 1.26313e+15 -7.4824e+34
609 0.531 1.26086e+15 -7.56794e+34
608 0.53 1.2586e+15 -7.65326e+34
607 0.529 1.25634e+15 -7.73835e+34
606 0.528 1.25408e+15 -7.82321e+34
605 0.527 1.25182e+15 -7.90785e+34
604 0.526 1.24957e+15 -7.99227e+34
603 0.525 1.24731e+15 -8.07645e+34
602 0.524 1.24506e+15 -8.16042e+34
601 0.523 1.24281e+15 -8.24416e+34
600 0.522 1.24056e+15 -8.32768e+34
599 0.521 1.23832e+15 -8.41098e+34
598 0.52 1.23607e+15 -8.49405e+34
597 0.519 1.23383e+15 -8.57691e+34
596 0.518 1.23159e+15 -8.65954e+34
595 0.517 1.22935e+15 -8.74196e+34
594 0.516 1.22711e+15 -8.82416e+34
593 0.515 1.22488e+15 -8.90613e+34
592 0.514 1.22264e+15 -8.9879e+34
591 0.513 1.22041e+15 -9.06944e+34
590 0.512 1.21818e+15 -9.15077e+34
589 0.511 1.21595e+15 -9.23189e+34
588 0.51 1.21372e+15 -9.3128e+34
587 0.509 1.2115e+15 -9.39349e+34
586 0.508 1.20927e+15 -9.47397e+34
585 0.507 1.20705e+15 -9.55424e+34
584 0.506 1.20483e+15 -9.6343e+34
583 0.505 1.20261e+15 -9.71416e+34
582 0.504 1.2004e+15 -9.79381e+34
581 0.503 1.19818e+15 -9.87326e+34
580 0.502 1.19597e+15 -9.9525e+34
579 0.501 1.19376e+15 -1.00315e+35
578 0.5 1.19155e+15 -1.01104e+35
577 0.499 1.18934e+15 -1.0189e+35
576 0.498 1.18713e+15 -1.02675e+35
575 0.497 1.18493e+15 -1.03457e+35
574 0.496 1.18272e+15 -1.04238e+35
573 0.495 1.18052e+15 -1.05017e+35
572 0.494 1.17832e+15 -1.05794e+35
571 0.493 1.17612e+15 -1.06569e+35
570 0.492 1.17393e+15 -1.07342e+35
569 0.491 1.17173e+15 -1.08113e+35
568 0.49 1.16954e+15 -1.08883e+35
567 0.489 1.16735e+15 -1.09651e+35
566 0.488 1.16516e+15 -1.10417e+35
565 0.487 1.16297e+15 -1.11182e+35
564 0.486 1.16078e+15 -1.11945e+35
563 0.485 1.1586e+15 -1.12706e+35
562 0.484 1.15641e+15 -1.13466e+35
561 0.483 1.15423e+15 -1.14225e+35
560 0.482 1.15205e+15 -1.14982e+35
559 0.481 1.14987e+15 -1.15738e+35
558 0.48 1.14769e+15 -1.16492e+35
557 0.479 1.14552e+15 -1.17246e+35
556 0.478 1.14334e+15 -1.17998e+35
555 0.477 1.14117e+15 -1.18749e+35
554 0.476 1.139e+15 -1.195e+35
553 0.475 1.13683e+15 -1.2025e+35
552 0.474 1.13466e+15 -1.20999e+35
551 0.473 1.13249e+15 -1.21748e+35
550 0.472 1.13033e+15 -1.22496e+35
549 0.471 1.12816e+15 -1.23245e+35
548 0.47 1.126e+15 -1.23993e+35
547 0.469 1.12384e+15 -1.24743e+35
546 0.468 1.12168e+15 -1.25493e+35
545 0.467 1.11952e+15 -1.26245e+35
544 0.466 1.11736e+15 -1.26999e+35
543 0.465 1.1152e+15 -1.27757e+35
542 0.464 1.11304e+15 -1.28518e+35
541 0.463 1.11088e+15 -1.29287e+35
540 0.462 1.10873e+15 -1.30066e+35
539 0.461 1.10656e+15 -1.30868e+35
538 0.46 1.1044e+15 -1.31713e+35
537 0.459 1.10223e+15 -1.32555e+35
536 0.458 1.10007e+15 -1.33392e+35
535 0.457 1.0979e+15 -1.34226e+35
534 0.456 1.09575e+15 -1.35057e+35
533 0.455 1.09359e+15 -1.35883e+35
532 0.454 1.09143e+15 -1.36706e+35
531 0.453 1.08928e+15 -1.37525e+35
530 0.452 1.08713e+15 -1.38341e+35
529 0.451 1.08498e+15 -1.39152e+35
528 0.45 1.08284e+15 -1.3996e+35
527 0.449 1.08069e+15 -1.40764e+35
526 0.448 1.07855e+15 -1.41565e+35
525 0.447 1.07641e+15 -1.42361e+35
524 0.446 1.07428e+15 -1.43154e+35
523 0.445 1.07214e+15 -1.43943e+35
522 0.444 1.07001e+15 -1.44729e+35
521 0.443 1.06788e+15 -1.4551e+35
520 0.442 1.06575e+15 -1.46288e+35
519 0.441 1.06363e+15 -1.47062e+35
518 0.44 1.0615e+15 -1.47833e+35
517 0.439 1.05938e+15 -1.48599e+35
516 0.438 1.05726e+15 -1.49362e+35
515 0.437 1.05515e+15 -1.50121e+35
514 0.436 1.05303e+15 -1.50876e+35
513 0.435 1.05092e+15 -1.51628e+35
512 0.434 1.04881e+15 -1.52376e+35
511 0.433 1.0467e+15 -1.5312e+35
510 0.432 1.0446e+15 -1.5386e+35
509 0.431 1.04249e+15 -1.54596e+35
508 0.43 1.04039e+15 -1.55329e+35
507 0.429 1.03829e+15 -1.56058e+35
506 0.428 1.0362e+15 -1.56783e+35
505 0.427 1.0341e+15 -1.57504e+35
504 0.426 1.03201e+15 -1.58222e+35
503 0.425 1.02992e+15 -1.58936e+35
502 0.424 1.02783e+15 -1.59646e+35
501 0.423 1.02574e+15 -1.60352e+35
500 0.422 1.02366e+15 -1.61055e+35
499 0.421 1.02158e+15 -1.61754e+35
498 0.42 1.0195e+15 -1.62449e+35
497 0.419 1.01742e+15 -1.6314e+35
496 0.418 1.01534e+15 -1.63828e+35
495 0.417 1.01327e+15 -1.64511e+35
494 0.416 1.0112e+15 -1.65191e+35
493 0.415 1.00913e+15 -1.65867e+35
492 0.414 1.00706e+15 -1.6654e+35
491 0.413 1.005e+15 -1.67209e+35
490 0.412 1.00293e+15 -1.67874e+35
489 0.411 1.00087e+15 -1.68535e+35
488 0.41 9.98813e+14 -1.69192e+35
487 0.409 9.96756e+14 -1.69846e+35
486 0.408 9.94701e+14 -1.70496e+35
485 0.407 9.92648e+14 -1.71142e+35
484 0.406 9.90598e+14 -1.71785e+35
483 0.405 9.88549e+14 -1.72423e+35
482 0.404 9.86502e+14 -1.73058e+35
481 0.403 9.84458e+14 -1.7369e+35
480 0.402 9.82415e+14 -1.74317e+35
479 0.401 9.80375e+14 -1.74941e+35
478 0.4 9.78336e+14 -1.75561e+35
477 0.399 9.763e+14 -1.76177e+35
476 0.398 9.74265e+14 -1.7679e+35
475 0.397 9.72233e+14 -1.77399e+35
474 0.396 9.70202e+14 -1.78004e+35
473 0.395 9.68174e+14 -1.78606e+35
472 0.394 9.66147e+14 -1.79204e+35
471 0.393 9.64123e+14 -1.79798e+35
470 0.392 9.621e+14 -1.80388e+35
469 0.391 9.6008e+14 -1.80975e+35
468 0.39 9.58061e+14 -1.81558e+35
467 0.389 9.56044e+14 -1.82137e+35
466 0.388 9.5403e+14 -1.82713e+35
465 0.387 9.52017e+14 -1.83285e+35
464 0.386 9.50006e+14 -1.83853e+35
463 0.385 9.47997e+14 -1.84418e+35
462 0.384 9.45991e+14 -1.84979e+35
461 0.383 9.43986e+14 -1.85536e+35
460 0.382 9.41983e+14 -1.8609e+35
459 0.381 9.39982e+14 -1.8664e+35
458 0.38 9.37982e+14 -1.87187e+35
457 0.379 9.35985e+14 -1.8773e+35
456 0.378 9.3399e+14 -1.88269e+35
455 0.377 9.31996e+14 -1.88804e+35
454 0.376 9.30005e+14 -1.89336e+35
453 0.375 9.28015e+14 -1.89865e+35
452 0.374 9.26027e+14 -1.9039e+35
451 0.373 9.24042e+14 -1.90911e+35
450 0.372 9.22057e+14 -1.91429e+35
449 0.371 9.20075e+14 -1.91943e+35
448 0.37 9.18095e+14 -1.92453e+35
447 0.369 9.16117e+14 -1.9296e+35
446 0.368 9.1414e+14 -1.93464e+35
445 0.367 9.12165e+14 -1.93964e+35
444 0.366 9.10192e+14 -1.9446e+35
443 0.365 9.08221e+14 -1.94953e+35
442 0.364 9.06252e+14 -1.95442e+35
441 0.363 9.04285e+14 -1.95928e+35
440 0.362 9.02319e+14 -1.9641e+35
439 0.361 9.00355e+14 -1.96889e+35
438 0.36 8.98393e+14 -1.97364e+35
437 0.359 8.96433e+14 -1.97836e+35
436 0.358 8.94474e+14 -1.98304e+35
435 0.357 8.92518e+14 -1.98769e+35
434 0.356 8.90563e+14 -1.99231e+35
433 0.355 8.8861e+14 -1.99689e+35
432 0.354 8.86659e+14 -2.00144e+35
431 0.353 8.84709e+14 -2.00595e+35
430 0.352 8.82761e+14 -2.01043e+35
429 0.351 8.80815e+14 -2.01487e+35
428 0.35 8.78871e+14 -2.01928e+35
427 0.349 8.76928e+14 -2.02366e+35
426 0.348 8.74987e+14 -2.028e+35
425 0.347 8.73048e+14 -2.03231e+35
424 0.346 8.71111e+14 -2.03658e+35
423 0.345 8.69175e+14 -2.04083e+35
422 0.344 8.67241e+14 -2.04504e+35
421 0.343 8.65309e+14 -2.04921e+35
420 0.342 8.63378e+14 -2.05336e+35
419 0.341 8.6145e+14 -2.05747e+35
418 0.34 8.59522e+14 -2.06154e+35
417 0.339 8.57597e+14 -2.06559e+35
416 0.338 8.55673e+14 -2.0696e+35
415 0.337 8.53751e+14 -2.07358e+35
414 0.336 8.5183e+14 -2.07753e+35
413 0.335 8.49912e+14 -2.08144e+35
412 0.334 8.47994e+14 -2.08533e+35
411 0.333 8.46079e+14 -2.08918e+35
410 0.332 8.44165e+14 -2.093e+35
409 0.331 8.42253e+14 -2.09678e+35
408 0.33 8.40342e+14 -2.10054e+35
407 0.329 8.38433e+14 -2.10426e+35
406 0.328 8.36525e+14 -2.10796e+35
405 0.327 8.3462e+14 -2.11162e+35
404 0.326 8.32715e+14 -2.11525e+35
403 0.325 8.30813e+14 -2.11885e+35
402 0.324 8.28912e+14 -2.12242e+35
401 0.323 8.27012e+14 -2.12596e+35
400 0.322 8.25114e+14 -2.12947e+35
399 0.321 8.23218e+14 -2.13294e+35
398 0.32 8.21323e+14 -2.13639e+35
397 0.319 8.1943e+14 -2.13981e+35
396 0.318 8.17539e+14 -2.14319e+35
395 0.317 8.15648e+14 -2.14655e+35
394 0.316 8.1376e+14 -2.14988e+35
393 0.315 8.11873e+14 -2.15318e+35
392 0.314 8.09987e+14 -2.15644e+35
391 0.313 8.08104e+14 -2.15968e+35
390 0.312 8.06221e+14 -2.16289e+35
389 0.311 8.0434e+14 -2.16607e+35
388 0.31 8.02461e+14 -2.16923e+35
387 0.309 8.00583e+14 -2.17235e+35
386 0.308 7.98706e+14 -2.17544e+35
385 0.307 7.96831e+14 -2.17851e+35
384 0.306 7.94958e+14 -2.18155e+35
383 0.305 7.93086e+14 -2.18455e+35
382 0.304 7.91215e+14 -2.18753e+35
381 0.303 7.89346e+14 -2.19049e+35
380 0.302 7.87479e+14 -2.19341e+35
379 0.301 7.85613e+14 -2.19631e+35
378 0.3 7.83748e+14 -2.19918e+35
377 0.299 7.81885e+14 -2.20202e+35
376 0.298 7.80023e+14 -2.20484e+35
375 0.297 7.78163e+14 -2.20763e+35
374 0.296 7.76304e+14 -2.21039e+35
373 0.295 7.74446e+14 -2.21312e+35
372 0.294 7.7259e+14 -2.21583e+35
371 0.293 7.70735e+14 -2.21851e+35
370 0.292 7.68882e+14 -2.22117e+35
369 0.291 7.6703e+14 -2.2238e+35
368 0.29 7.65179e+14 -2.2264e+35
367 0.289 7.6333e+14 -2.22898e+35
366 0.288 7.61482e+14 -2.23153e+35
365 0.287 7.59636e+14 -2.23405e+35
364 0.286 7.57791e+14 -2.23655e+35
363 0.285 7.55947e+14 -2.23903e+35
362 0.284 7.54105e+14 -2.24148e+35
361 0.283 7.52264e+14 -2.2439e+35
360 0.282 7.50424e+14 -2.2463e+35
359 0.281 7.48586e+14 -2.24868e+35
358 0.28 7.46749e+14 -2.25103e+35
357 0.279 7.44913e+14 -2.25335e+35
356 0.278 7.43078e+14 -2.25566e+35
355 0.277 7.41245e+14 -2.25793e+35
354 0.276 7.39414e+14 -2.26019e+35
353 0.275 7.37583e+14 -2.26242e+35
352 0.274 7.35754e+14 -2.26462e+35
351 0.273 7.33926e+14 -2.26681e+35
350 0.272 7.321e+14 -2.26897e+35
349 0.271 7.30274e+14 -2.2711e+35
348 0.27 7.2845e+14 -2.27321e+35
347 0.269 7.26627e+14 -2.2753e+35
346 0.268 7.24806e+14 -2.27737e+35
345 0.267 7.22986e+14 -2.27942e+35
344 0.266 7.21167e+14 -2.28144e+35
343 0.265 7.19349e+14 -2.28344e+35
342 0.264 7.17532e+14 -2.28542e+35
341 0.263 7.15717e+14 -2.28737e+35
340 0.262 7.13903e+14 -2.2893e+35
339 0.261 7.1209e+14 -2.29122e+35
338 0.26 7.10278e+14 -2.29311e+35
337 0.259 7.08468e+14 -2.29497e+35
336 0.258 7.06659e+14 -2.29682e+35
335 0.257 7.04851e+14 -2.29865e+35
334 0.256 7.03044e+14 -2.30045e+35
333 0.255 7.01238e+14 -2.30224e+35
332 0.254 6.99434e+14 -2.304e+35
331 0.253 6.9763e+14 -2.30574e+35
330 0.252 6.95828e+14 -2.30746e+35
329 0.251 6.94027e+14 -2.30917e+35
328 0.25 6.92227e+14 -2.31085e+35
327 0.249 6.90429e+14 -2.31251e+35
326 0.248 6.88631e+14 -2.31415e+35
325 0.247 6.86835e+14 -2.31577e+35
324 0.246 6.8504e+14 -2.31737e+35
323 0.245 6.83246e+14 -2.31896e+35
322 0.244 6.81453e+14 -2.32052e+35
321 0.243 6.79661e+14 -2.32206e+35
320 0.242 6.7787e+14 -2.32359e+35
319 0.241 6.76081e+14 -2.32509e+35
318 0.24 6.74292e+14 -2.32658e+35
317 0.239 6.72505e+14 -2.32805e+35
316 0.238 6.70719e+14 -2.3295e+35
315 0.237 6.68933e+14 -2.33093e+35
314 0.236 6.67149e+14 -2.33234e+35
313 0.235 6.65366e+14 -2.33373e+35
312 0.234 6.63584e+14 -2.33511e+35
311 0.233 6.61803e+14 -2.33647e+35
310 0.232 6.60024e+14 -2.33781e+35
309 0.231 6.58245e+14 -2.33913e+35
308 0.23 6.56467e+14 -2.34044e+35
307 0.229 6.54691e+14 -2.34173e+35
306 0.228 6.52915e+14 -2.343e+35
305 0.227 6.5114e+14 -2.34425e+35
304 0.226 6.49367e+14 -2.34549e+35
303 0.225 6.47594e+14 -2.34671e+35
302 0.224 6.45823e+14 -2.34791e+35
301 0.223 6.44053e+14 -2.3491e+35
300 0.222 6.42283e+14 -2.35027e+35
299 0.221 6.40515e+14 -2.35142e+35
298 0.22 6.38747e+14 -2.35256e+35
297 0.219 6.36981e+14 -2.35368e+35
296 0.218 6.35216e+14 -2.35478e+35
295 0.217 6.33451e+14 -2.35587e+35
294 0.216 6.31688e+14 -2.35695e+35
293 0.215 6.29925e+14 -2.358e+35
292 0.214 6.28164e+14 -2.35904e+35
291 0.213 6.26403e+14 -2.36007e+35
290 0.212 6.24644e+14 -2.36108e+35
289 0.211 6.22885e+14 -2.36208e+35
288 0.21 6.21128e+14 -2.36306e+35
287 0.209 6.19371e+14 -2.36403e+35
286 0.208 6.17615e+14 -2.36498e+35
285 0.207 6.1586e+14 -2.36591e+35
284 0.206 6.14107e+14 -2.36683e+35
283 0.205 6.12354e+14 -2.36774e+35
282 0.204 6.10602e+14 -2.36863e+35
281 0.203 6.08851e+14 -2.36951e+35
280 0.202 6.07101e+14 -2.37038e+35
279 0.201 6.05351e+14 -2.37123e+35
278 0.2 6.03603e+14 -2.37206e+35
277 0.199 6.01856e+14 -2.37289e+35
276 0.198 6.00109e+14 -2.3737e+35
275 0.197 5.98363e+14 -2.37449e+35
274 0.196 5.96619e+14 -2.37527e+35
273 0.195 5.94875e+14 -2.37604e+35
272 0.194 5.93132e+14 -2.37679e+35
271 0.193 5.9139e+14 -2.37754e+35
270 0.192 5.89649e+14 -2.37827e+35
269 0.191 5.87908e+14 -2.37898e+35
268 0.19 5.86169e+14 -2.37968e+35
267 0.189 5.8443e+14 -2.38037e+35
266 0.188 5.82692e+14 -2.38105e+35
265 0.187 5.80956e+14 -2.38171e+35
264 0.186 5.79219e+14 -2.38237e+35
263 0.185 5.77484e+14 -2.38301e+35
262 0.184 5.7575e+14 -2.38363e+35
261 0.183 5.74016e+14 -2.38425e+35
260 0.182 5.72283e+14 -2.38485e+35
259 0.181 5.70552e+14 -2.38544e+35
258 0.18 5.6882e+14 -2.38602e+35
257 0.179 5.6709e+14 -2.38659e+35
256 0.178 5.65361e+14 -2.38715e+35
255 0.177 5.63632e+14 -2.38769e+35
254 0.176 5.61904e+14 -2.38822e+35
253 0.175 5.60177e+14 -2.38874e+35
252 0.174 5.58451e+14 -2.38925e+35
251 0.173 5.56725e+14 -2.38975e+35
250 0.172 5.55e+14 -2.39024e+35
249 0.171 5.53276e+14 -2.39072e+35
248 0.17 5.51553e+14 -2.39118e+35
247 0.169 5.49831e+14 -2.39164e+35
246 0.168 5.48109e+14 -2.39208e+35
245 0.167 5.46388e+14 -2.39251e+35
244 0.166 5.44668e+14 -2.39294e+35
243 0.165 5.42948e+14 -2.39335e+35
242 0.164 5.4123e+14 -2.39375e+35
241 0.163 5.39512e+14 -2.39414e+35
240 0.162 5.37795e+14 -2.39452e+35
239 0.161 5.36078e+14 -2.39489e+35
238 0.16 5.34362e+14 -2.39526e+35
237 0.159 5.32647e+14 -2.39561e+35
236 0.158 5.30933e+14 -2.39595e+35
235 0.157 5.29219e+14 -2.39628e+35
234 0.156 5.27506e+14 -2.3966e+35
233 0.155 5.25794e+14 -2.39691e+35
232 0.154 5.24083e+14 -2.39722e+35
231 0.153 5.22372e+14 -2.39751e+35
230 0.152 5.20662e+14 -2.39779e+35
229 0.151 5.18952e+14 -2.39807e+35
228 0.15 5.17244e+14 -2.39833e+35
227 0.149 5.15535e+14 -2.39859e+35
226 0.148 5.13828e+14 -2.39884e+35
225 0.147 5.12121e+14 -2.39908e+35
224 0.146 5.10415e+14 -2.39931e+35
223 0.145 5.0871e+14 -2.39953e+35
222 0.144 5.07005e+14 -2.39974e+35
221 0.143 5.05301e+14 -2.39994e+35
220 0.142 5.03597e+14 -2.40014e+35
219 0.141 5.01894e+14 -2.40033e+35
218 0.14 5.00192e+14 -2.4005e+35
217 0.139 4.9849e+14 -2.40067e+35
216 0.138 4.96789e+14 -2.40084e+35
215 0.137 4.95089e+14 -2.40099e+35
214 0.136 4.93389e+14 -2.40113e+35
213 0.135 4.9169e+14 -2.40127e+35
212 0.134 4.89991e+14 -2.4014e+35
211 0.133 4.88293e+14 -2.40152e+35
210 0.132 4.86596e+14 -2.40164e+35
209 0.131 4.84899e+14 -2.40175e+35
208 0.13 4.83203e+14 -2.40185e+35
207 0.129 4.81507e+14 -2.40194e+35
206 0.128 4.79812e+14 -2.40202e+35
205 0.127 4.78118e+14 -2.4021e+35
204 0.126 4.76424e+14 -2.40217e+35
203 0.125 4.74731e+14 -2.40223e+35
202 0.124 4.73038e+14 -2.40229e+35
201 0.123 4.71346e+14 -2.40234e+35
200 0.122 4.69654e+14 -2.40238e+35
199 0.121 4.67963e+14 -2.40241e+35
198 0.12 4.66272e+14 -2.40244e+35
197 0.119 4.64582e+14 -2.40246e+35
196 0.118 4.62892e+14 -2.40248e+35
195 0.117 4.61203e+14 -2.40249e+35
194 0.116 4.59515e+14 -2.40249e+35
193 0.115 4.57827e+14 -2.40248e+35
192 0.114 4.56139e+14 -2.40247e+35
191 0.113 4.54452e+14 -2.40246e+35
190 0.112 4.52765e+14 -2.40243e+35
189 0.111 4.51079e+14 -2.40241e+35
188 0.11 4.49394e+14 -2.40237e+35
187 0.109 4.47709e+14 -2.40233e+35
186 0.108 4.46024e+14 -2.40228e+35
185 0.107 4.4434e+14 -2.40223e+35
184 0.106 4.42656e+14 -2.40217e+35
183 0.105 4.40973e+14 -2.40211e+35
182 0.104 4.3929e+14 -2.40204e+35
181 0.103 4.37607e+14 -2.40197e+35
180 0.102 4.35925e+14 -2.40189e+35
179 0.101 4.34244e+14 -2.4018e+35
178 0.1 4.32563e+14 -2.40171e+35
177 0.099 4.30882e+14 -2.40162e+35
176 0.098 4.29202e+14 -2.40152e+35
175 0.097 4.27522e+14 -2.40142e+35
174 0.096 4.25843e+14 -2.40131e+35
173 0.095 4.24163e+14 -2.40119e+35
172 0.094 4.22485e+14 -2.40107e+35
171 0.093 4.20806e+14 -2.40095e+35
170 0.092 4.19129e+14 -2.40082e+35
169 0.091 4.17451e+14 -2.40069e+35
168 0.09 4.15774e+14 -2.40055e+35
167 0.089 4.14097e+14 -2.40041e+35
166 0.088 4.12421e+14 -2.40027e+35
165 0.087 4.10744e+14 -2.40012e+35
164 0.086 4.09069e+14 -2.39997e+35
163 0.085 4.07393e+14 -2.39981e+35
162 0.084 4.05718e+14 -2.39965e+35
161 0.083 4.04043e+14 -2.39949e+35
160 0.082 4.02369e+14 -2.39932e+35
159 0.081 4.00695e+14 -2.39915e+35
158 0.08 3.99021e+14 -2.39898e+35
157 0.079 3.97347e+14 -2.3988e+35
156 0.078 3.95674e+14 -2.39862e+35
155 0.077 3.94001e+14 -2.39844e+35
154 0.076 3.92328e+14 -2.39825e+35
153 0.075 3.90656e+14 -2.39806e+35
152 0.074 3.88983e+14 -2.39787e+35
151 0.073 3.87312e+14 -2.39767e+35
150 0.072 3.8564e+14 -2.39748e+35
149 0.071 3.83968e+14 -2.39728e+35
148 0.07 3.82297e+14 -2.39707e+35
147 0.069 3.80626e+14 -2.39687e+35
146 0.068 3.78955e+14 -2.39666e+35
145 0.067 3.77285e+14 -2.39645e+35
144 0.066 3.75614e+14 -2.39624e+35
143 0.065 3.73944e+14 -2.39603e+35
142 0.064 3.72274e+14 -2.39582e+35
141 0.063 3.70604e+14 -2.3956e+35
140 0.062 3.68935e+14 -2.39538e+35
139 0.061 3.67265e+14 -2.39516e+35
138 0.06 3.65596e+14 -2.39494e+35
137 0.059 3.63927e+14 -2.39472e+35
136 0.058 3.62257e+14 -2.3945e+35
135 0.057 3.60589e+14 -2.39428e+35
134 0.056 3.5892e+14 -2.39405e+35
133 0.055 3.57251e+14 -2.39383e+35
132 0.054 3.55582e+14 -2.3936e+35
131 0.053 3.53914e+14 -2.39338e+35
130 0.052 3.52245e+14 -2.39315e+35
129 0.051 3.50577e+14 -2.39292e+35
128 0.05 3.48909e+14 -2.3927e+35
127 0.049 3.47241e+14 -2.39247e+35
126 0.048 3.45572e+14 -2.39225e+35
125 0.047 3.43904e+14 -2.39202e+35
124 0.046 3.42236e+14 -2.3918e+35
123 0.045 3.40568e+14 -2.39157e+35
122 0.044 3.389e+14 -2.39135e+35
121 0.043 3.37232e+14 -2.39113e+35
120 0.042 3.35564e+14 -2.39091e+35
119 0.041 3.33896e+14 -2.39069e+35
118 0.04 3.32228e+14 -2.39047e+35
117 0.039 3.3056e+14 -2.39025e+35
116 0.038 3.28892e+14 -2.39003e+35
115 0.037 3.27223e+14 -2.38982e+35
114 0.036 3.25555e+14 -2.38961e+35
113 0.035 3.23887e+14 -2.3894e+35
112 0.034 3.22218e+14 -2.38919e+35
111 0.033 3.2055e+14 -2.38899e+35
110 0.032 3.18881e+14 -2.38879e+35
109 0.031 3.17213e+14 -2.38859e+35
108 0.03 3.15544e+14 -2.3884e+35
107 0.029 3.13875e+14 -2.38821e+35
106 0.028 3.12206e+14 -2.38802e+35
105 0.027 3.10536e+14 -2.38783e+35
104 0.026 3.08867e+14 -2.38765e+35
103 0.025 3.07197e+14 -2.38748e+35
102 0.024 3.05527e+14 -2.3873e+35
101 0.023 3.03857e+14 -2.38714e+35
100 0.022 3.02187e+14 -2.38697e+35
99 0.021 3.00517e+14 -2.38682e+35
98 0.02 2.98846e+14 -2.38667e+35
97 0.019 2.97175e+14 -2.38652e+35
96 0.018 2.95504e+14 -2.38638e+35
95 0.017 2.93833e+14 -2.38624e+35
94 0.016 2.92161e+14 -2.38611e+35
93 0.015 2.90489e+14 -2.38599e+35
92 0.014 2.88817e+14 -2.38588e+35
91 0.013 2.87144e+14 -2.38577e+35
90 0.012 2.85472e+14 -2.38567e+35
89 0.011 2.83799e+14 -2.38557e+35
88 0.01 2.82125e+14 -2.38549e+35
87 0.009 2.80452e+14 -2.38541e+35
86 0.008 2.78778e+14 -2.38534e+35
85 0.007 2.77104e+14 -2.38528e+35
84 0.006 2.75429e+14 -2.38522e+35
83 0.005 2.73754e+14 -2.38518e+35
82 0.004 2.7208e+14 -2.38515e+35
81 0.003 2.70404e+14 -2.38512e+35
80 0.002 2.68729e+14 -2.3851e+35
79 0.001 2.67054e+14 -2.3851e+35
