578 1 2.21363e+15 5.93429e+35
577 0.998 2.20789e+15 5.91353e+35
576 0.996 2.20214e+15 5.89291e+35
575 0.994 2.19641e+15 5.87243e+35
574 0.992 2.19068e+15 5.85211e+35
573 0.99 2.18495e+15 5.83193e+35
572 0.988 2.17923e+15 5.81192e+35
571 0.986 2.17351e+15 5.79208e+35
570 0.984 2.16779e+15 5.77242e+35
569 0.982 2.16209e+15 5.75296e+35
568 0.98 2.15638e+15 5.73478e+35
567 0.978 2.15068e+15 5.71675e+35
566 0.976 2.14498e+15 5.69869e+35
565 0.974 2.13929e+15 5.68076e+35
564 0.972 2.1336e+15 5.66303e+35
563 0.97 2.12792e+15 5.64555e+35
562 0.968 2.12224e+15 5.62839e+35
561 0.966 2.11656e+15 5.61162e+35
560 0.964 2.11089e+15 5.59533e+35
559 0.962 2.10522e+15 5.57964e+35
558 0.96 2.09955e+15 5.56475e+35
557 0.958 2.09389e+15 5.55078e+35
556 0.956 2.08823e+15 5.52813e+35
555 0.954 2.08258e+15 5.50552e+35
554 0.952 2.07693e+15 5.48296e+35
553 0.95 2.07129e+15 5.46045e+35
552 0.948 2.06565e+15 5.438e+35
551 0.946 2.06002e+15 5.41561e+35
550 0.944 2.05439e+15 5.39328e+35
549 0.942 2.04877e+15 5.37101e+35
548 0.94 2.04316e+15 5.34881e+35
547 0.938 2.03754e+15 5.32667e+35
546 0.936 2.03194e+15 5.30461e+35
545 0.934 2.02634e+15 5.28261e+35
544 0.932 2.02074e+15 5.26069e+35
543 0.93 2.01515e+15 5.23884e+35
542 0.928 2.00957e+15 5.21706e+35
541 0.926 2.00399e+15 5.19536e+35
540 0.924 1.99842e+15 5.17374e+35
539 0.922 1.99285e+15 5.15221e+35
538 0.92 1.98728e+15 5.13075e+35
537 0.918 1.98172e+15 5.10938e+35
536 0.916 1.97617e+15 5.0881e+35
535 0.914 1.97062e+15 5.0669e+35
534 0.912 1.96508e+15 5.0458e+35
533 0.91 1.95954e+15 5.02479e+35
532 0.908 1.95401e+15 5.00388e+35
531 0.906 1.94848e+15 4.98307e+35
530 0.904 1.94296e+15 4.96236e+35
529 0.902 1.93744e+15 4.94176e+35
528 0.9 1.93193e+15 4.92128e+35
527 0.898 1.92642e+15 4.90091e+35
526 0.896 1.92092e+15 4.88067e+35
525 0.894 1.91542e+15 4.86057e+35
524 0.892 1.90993e+15 4.8406e+35
523 0.89 1.90444e+15 4.8208e+35
522 0.888 1.89896e+15 4.80116e+35
521 0.886 1.89348e+15 4.78172e+35
520 0.884 1.88801e+15 4.76206e+35
519 0.882 1.88254e+15 4.74256e+35
518 0.88 1.87708e+15 4.72324e+35
517 0.878 1.87162e+15 4.70413e+35
516 0.876 1.86617e+15 4.68526e+35
515 0.874 1.86072e+15 4.66665e+35
514 0.872 1.85527e+15 4.64835e+35
513 0.87 1.84983e+15 4.63043e+35
512 0.868 1.8444e+15 4.61299e+35
511 0.866 1.83897e+15 4.5962e+35
510 0.864 1.83354e+15 4.5804e+35
509 0.862 1.82812e+15 4.5664e+35
508 0.86 1.8227e+15 4.54706e+35
507 0.858 1.81729e+15 4.52543e+35
506 0.856 1.81188e+15 4.50386e+35
505 0.854 1.80648e+15 4.48234e+35
504 0.852 1.80109e+15 4.46088e+35
503 0.85 1.7957e+15 4.43947e+35
502 0.848 1.79031e+15 4.41811e+35
501 0.846 1.78493e+15 4.39682e+35
500 0.844 1.77956e+15 4.37557e+35
499 0.842 1.77419e+15 4.35439e+35
498 0.84 1.76883e+15 4.33326e+35
497 0.838 1.76347e+15 4.31218e+35
496 0.836 1.75812e+15 4.29116e+35
495 0.834 1.75278e+15 4.27019e+35
494 0.832 1.74744e+15 4.24929e+35
493 0.83 1.7421e+15 4.22843e+35
492 0.828 1.73677e+15 4.20763e+35
491 0.826 1.73145e+15 4.18689e+35
490 0.824 1.72613e+15 4.1662e+35
489 0.822 1.72082e+15 4.14557e+35
488 0.82 1.71551e+15 4.125e+35
487 0.818 1.71021e+15 4.10448e+35
486 0.816 1.70492e+15 4.08401e+35
485 0.814 1.69963e+15 4.06361e+35
484 0.812 1.69434e+15 4.04325e+35
483 0.81 1.68907e+15 4.02296e+35
482 0.808 1.68379e+15 4.00272e+35
481 0.806 1.67852e+15 3.98253e+35
480 0.804 1.67326e+15 3.96241e+35
479 0.802 1.66801e+15 3.94233e+35
478 0.8 1.66276e+15 3.92232e+35
477 0.798 1.65751e+15 3.90236e+35
476 0.796 1.65227e+15 3.88245e+35
475 0.794 1.64704e+15 3.86261e+35
474 0.792 1.64181e+15 3.84281e+35
473 0.79 1.63659e+15 3.82308e+35
472 0.788 1.63137e+15 3.8034e+35
471 0.786 1.62616e+15 3.78378e+35
470 0.784 1.62095e+15 3.76422e+35
469 0.782 1.61575e+15 3.74471e+35
468 0.78 1.61055e+15 3.72526e+35
467 0.778 1.60536e+15 3.70587e+35
466 0.776 1.60018e+15 3.68653e+35
465 0.774 1.595e+15 3.66726e+35
464 0.772 1.58983e+15 3.64804e+35
463 0.77 1.58466e+15 3.62888e+35
462 0.768 1.5795e+15 3.60978e+35
461 0.766 1.57434e+15 3.59073e+35
460 0.764 1.56919e+15 3.57175e+35
459 0.762 1.56405e+15 3.55283e+35
458 0.76 1.55891e+15 3.53397e+35
457 0.758 1.55377e+15 3.51517e+35
456 0.756 1.54864e+15 3.49643e+35
455 0.754 1.54352e+15 3.47776e+35
454 0.752 1.5384e+15 3.45915e+35
453 0.75 1.53329e+15 3.44061e+35
452 0.748 1.5328e+15 3.39737e+35
451 0.746 1.53262e+15 3.35248e+35
450 0.744 1.51799e+15 3.38411e+35
449 0.742 1.5129e+15 3.36532e+35
448 0.74 1.50781e+15 3.34657e+35
447 0.738 1.50273e+15 3.32786e+35
446 0.736 1.49766e+15 3.3092e+35
445 0.734 1.49259e+15 3.29058e+35
444 0.732 1.48753e+15 3.272e+35
443 0.73 1.48247e+15 3.25346e+35
442 0.728 1.47742e+15 3.23496e+35
441 0.726 1.47238e+15 3.2165e+35
440 0.724 1.46734e+15 3.19807e+35
439 0.722 1.46231e+15 3.17969e+35
438 0.72 1.45728e+15 3.16134e+35
437 0.718 1.45226e+15 3.14302e+35
436 0.716 1.44724e+15 3.12474e+35
435 0.714 1.44223e+15 3.10649e+35
434 0.712 1.43722e+15 3.08827e+35
433 0.71 1.43222e+15 3.07008e+35
432 0.708 1.42723e+15 3.05192e+35
431 0.706 1.42224e+15 3.03378e+35
430 0.704 1.41726e+15 3.01566e+35
429 0.702 1.41228e+15 2.99757e+35
428 0.7 1.40731e+15 2.97948e+35
427 0.698 1.40235e+15 2.96141e+35
426 0.696 1.39739e+15 2.94335e+35
425 0.694 1.39243e+15 2.92528e+35
424 0.692 1.38749e+15 2.9072e+35
423 0.69 1.38254e+15 2.8891e+35
422 0.688 1.37761e+15 2.87094e+35
421 0.686 1.37268e+15 2.85266e+35
420 0.684 1.36775e+15 2.83418e+35
419 0.682 1.36283e+15 2.81577e+35
418 0.68 1.35792e+15 2.79744e+35
417 0.678 1.35302e+15 2.77919e+35
416 0.676 1.34812e+15 2.76103e+35
415 0.674 1.34322e+15 2.74294e+35
414 0.672 1.33833e+15 2.72494e+35
413 0.67 1.33345e+15 2.70702e+35
412 0.668 1.32857e+15 2.68918e+35
411 0.666 1.3237e+15 2.67143e+35
410 0.664 1.31884e+15 2.65376e+35
409 0.662 1.31398e+15 2.63617e+35
408 0.66 1.30913e+15 2.61867e+35
407 0.658 1.30428e+15 2.60125e+35
406 0.656 1.29944e+15 2.58392e+35
405 0.654 1.2946e+15 2.56668e+35
404 0.652 1.28977e+15 2.54952e+35
403 0.65 1.28495e+15 2.53246e+35
402 0.648 1.28013e+15 2.51548e+35
401 0.646 1.27532e+15 2.49859e+35
400 0.644 1.27051e+15 2.48179e+35
399 0.642 1.26571e+15 2.46508e+35
398 0.64 1.26092e+15 2.44846e+35
397 0.638 1.25613e+15 2.43194e+35
396 0.636 1.25135e+15 2.41551e+35
395 0.634 1.24657e+15 2.39919e+35
394 0.632 1.2418e+15 2.38295e+35
393 0.63 1.23703e+15 2.36682e+35
392 0.628 1.23227e+15 2.3508e+35
391 0.626 1.22752e+15 2.33487e+35
390 0.624 1.22277e+15 2.31906e+35
389 0.622 1.21802e+15 2.30336e+35
388 0.62 1.21329e+15 2.28777e+35
387 0.618 1.20855e+15 2.2723e+35
386 0.616 1.20383e+15 2.25696e+35
385 0.614 1.19911e+15 2.24176e+35
384 0.612 1.19439e+15 2.22669e+35
383 0.61 1.18968e+15 2.21169e+35
382 0.608 1.18498e+15 2.19559e+35
381 0.606 1.18028e+15 2.17956e+35
380 0.604 1.17559e+15 2.16362e+35
379 0.602 1.1709e+15 2.14774e+35
378 0.6 1.16622e+15 2.13194e+35
377 0.598 1.16154e+15 2.11621e+35
376 0.596 1.15687e+15 2.10056e+35
375 0.594 1.15221e+15 2.08499e+35
374 0.592 1.14755e+15 2.06949e+35
373 0.59 1.1429e+15 2.05406e+35
372 0.588 1.13825e+15 2.03872e+35
371 0.586 1.13361e+15 2.02344e+35
370 0.584 1.12898e+15 2.00824e+35
369 0.582 1.12435e+15 1.99312e+35
368 0.58 1.11973e+15 1.97808e+35
367 0.578 1.11511e+15 1.96311e+35
366 0.576 1.1105e+15 1.94821e+35
365 0.574 1.10589e+15 1.9334e+35
364 0.572 1.10129e+15 1.91866e+35
363 0.57 1.0967e+15 1.90399e+35
362 0.568 1.09211e+15 1.88941e+35
361 0.566 1.08753e+15 1.8749e+35
360 0.564 1.08295e+15 1.86047e+35
359 0.562 1.07838e+15 1.84611e+35
358 0.56 1.07381e+15 1.83184e+35
357 0.558 1.06925e+15 1.81764e+35
356 0.556 1.0647e+15 1.80352e+35
355 0.554 1.06015e+15 1.78948e+35
354 0.552 1.05561e+15 1.77552e+35
353 0.55 1.05107e+15 1.76164e+35
352 0.548 1.04654e+15 1.74783e+35
351 0.546 1.04201e+15 1.73411e+35
350 0.544 1.03749e+15 1.72047e+35
349 0.542 1.03297e+15 1.70691e+35
348 0.54 1.02846e+15 1.69342e+35
347 0.538 1.02396e+15 1.68003e+35
346 0.536 1.01946e+15 1.66671e+35
345 0.534 1.01497e+15 1.65347e+35
344 0.532 1.01048e+15 1.64032e+35
343 0.53 1.006e+15 1.62725e+35
342 0.528 1.00152e+15 1.61427e+35
341 0.526 9.9705e+14 1.60137e+35
340 0.524 9.92584e+14 1.58856e+35
339 0.522 9.88124e+14 1.57583e+35
338 0.52 9.83669e+14 1.56319e+35
337 0.518 9.79219e+14 1.55064e+35
336 0.516 9.74775e+14 1.53818e+35
335 0.514 9.70336e+14 1.52581e+35
334 0.512 9.65903e+14 1.51353e+35
333 0.51 9.61474e+14 1.50135e+35
332 0.508 9.57052e+14 1.48926e+35
331 0.506 9.52634e+14 1.47726e+35
330 0.504 9.48221e+14 1.46537e+35
329 0.502 9.43814e+14 1.45358e+35
328 0.5 9.39412e+14 1.44189e+35
327 0.498 9.35016e+14 1.4303e+35
326 0.496 9.30624e+14 1.41883e+35
325 0.494 9.26237e+14 1.40748e+35
324 0.492 9.21856e+14 1.39624e+35
323 0.49 9.1748e+14 1.38513e+35
322 0.488 9.17106e+14 1.34828e+35
321 0.486 9.08743e+14 1.36092e+35
320 0.484 9.04383e+14 1.34879e+35
319 0.482 9.00028e+14 1.33673e+35
318 0.48 8.95679e+14 1.32474e+35
317 0.478 8.91336e+14 1.31283e+35
316 0.476 8.86998e+14 1.30098e+35
315 0.474 8.82666e+14 1.2892e+35
314 0.472 8.78339e+14 1.27749e+35
313 0.47 8.74018e+14 1.26586e+35
312 0.468 8.69702e+14 1.25429e+35
311 0.466 8.65391e+14 1.2428e+35
310 0.464 8.61087e+14 1.23137e+35
309 0.462 8.56787e+14 1.22002e+35
308 0.46 8.52493e+14 1.20873e+35
307 0.458 8.48205e+14 1.19752e+35
306 0.456 8.43922e+14 1.18638e+35
305 0.454 8.39644e+14 1.1753e+35
304 0.452 8.35372e+14 1.1643e+35
303 0.45 8.31105e+14 1.15337e+35
302 0.448 8.26843e+14 1.14252e+35
301 0.446 8.22587e+14 1.13173e+35
300 0.444 8.18337e+14 1.12101e+35
299 0.442 8.14091e+14 1.11037e+35
298 0.44 8.09851e+14 1.0998e+35
297 0.438 8.05616e+14 1.0893e+35
296 0.436 8.01387e+14 1.07887e+35
295 0.434 7.97163e+14 1.06851e+35
294 0.432 7.92944e+14 1.05822e+35
293 0.43 7.88731e+14 1.04801e+35
292 0.428 7.84522e+14 1.03787e+35
291 0.426 7.80319e+14 1.02779e+35
290 0.424 7.76122e+14 1.01778e+35
289 0.422 7.71929e+14 1.00784e+35
288 0.42 7.67742e+14 9.97959e+34
287 0.418 7.6356e+14 9.88121e+34
286 0.416 7.59383e+14 9.78291e+34
285 0.414 7.55211e+14 9.68377e+34
284 0.412 7.51045e+14 9.58644e+34
283 0.41 7.46884e+14 9.49126e+34
282 0.408 7.42728e+14 9.39829e+34
281 0.406 7.38577e+14 9.30763e+34
280 0.404 7.34431e+14 9.21936e+34
279 0.402 7.3029e+14 9.1336e+34
278 0.4 7.26153e+14 9.0505e+34
277 0.398 7.22021e+14 8.97024e+34
276 0.396 7.17894e+14 8.89304e+34
275 0.394 7.1377e+14 8.81918e+34
274 0.392 7.09651e+14 8.74905e+34
273 0.39 7.08819e+14 8.44001e+34
272 0.388 7.01427e+14 8.54749e+34
271 0.386 6.97325e+14 8.44415e+34
270 0.384 6.93228e+14 8.34253e+34
269 0.382 6.89137e+14 8.24266e+34
268 0.38 6.85051e+14 8.14455e+34
267 0.378 6.80972e+14 8.04821e+34
266 0.376 6.76898e+14 7.95367e+34
265 0.374 6.72829e+14 7.86095e+34
264 0.372 6.68766e+14 7.77007e+34
263 0.37 6.64708e+14 7.68107e+34
262 0.368 6.60656e+14 7.59647e+34
261 0.366 6.56608e+14 7.5221e+34
260 0.364 6.52565e+14 7.44039e+34
259 0.362 6.48528e+14 7.33274e+34
258 0.36 6.44498e+14 7.22684e+34
257 0.358 6.40474e+14 7.1227e+34
256 0.356 6.36456e+14 7.02035e+34
255 0.354 6.32445e+14 6.91961e+34
254 0.352 6.2844e+14 6.81734e+34
253 0.35 6.24441e+14 6.71683e+34
252 0.348 6.20449e+14 6.61807e+34
251 0.346 6.16463e+14 6.5211e+34
250 0.344 6.12484e+14 6.42592e+34
249 0.342 6.0851e+14 6.33255e+34
248 0.34 6.04542e+14 6.24103e+34
247 0.338 6.00581e+14 6.15136e+34
246 0.336 5.96625e+14 6.06357e+34
245 0.334 5.92675e+14 5.9777e+34
244 0.332 5.88731e+14 5.89378e+34
243 0.33 5.84792e+14 5.81185e+34
242 0.328 5.80858e+14 5.73195e+34
241 0.326 5.7693e+14 5.65414e+34
240 0.324 5.73007e+14 5.57846e+34
239 0.322 5.6909e+14 5.50499e+34
238 0.32 5.65177e+14 5.43381e+34
237 0.318 5.61269e+14 5.365e+34
236 0.316 5.57366e+14 5.29867e+34
235 0.314 5.53468e+14 5.23496e+34
234 0.312 5.49574e+14 5.17402e+34
233 0.31 5.45684e+14 5.11604e+34
232 0.308 5.41798e+14 5.06127e+34
231 0.306 5.37916e+14 5.00999e+34
230 0.304 5.34038e+14 4.9626e+34
229 0.302 5.30162e+14 4.91961e+34
228 0.3 5.26293e+14 4.82059e+34
227 0.298 5.2243e+14 4.72194e+34
226 0.296 5.18575e+14 4.62461e+34
225 0.294 5.14727e+14 4.52857e+34
224 0.292 5.10886e+14 4.43383e+34
223 0.29 5.07053e+14 4.34038e+34
222 0.288 5.03226e+14 4.24822e+34
221 0.286 4.99407e+14 4.15733e+34
220 0.284 4.95595e+14 4.06772e+34
219 0.282 4.91789e+14 3.97938e+34
218 0.28 4.87991e+14 3.8923e+34
217 0.278 4.84199e+14 3.80648e+34
216 0.276 4.80414e+14 3.7219e+34
215 0.274 4.76636e+14 3.63857e+34
214 0.272 4.72865e+14 3.55648e+34
213 0.27 4.69101e+14 3.47563e+34
212 0.268 4.65343e+14 3.396e+34
211 0.266 4.61591e+14 3.31759e+34
210 0.264 4.57846e+14 3.24039e+34
209 0.262 4.54108e+14 3.1644e+34
208 0.26 4.50376e+14 3.08961e+34
207 0.258 4.4665e+14 3.01602e+34
206 0.256 4.42931e+14 2.94362e+34
205 0.254 4.39218e+14 2.8724e+34
204 0.252 4.35511e+14 2.80235e+34
203 0.25 4.3181e+14 2.73348e+34
202 0.248 4.28115e+14 2.66577e+34
201 0.246 4.24426e+14 2.59922e+34
200 0.244 4.20743e+14 2.53381e+34
199 0.242 4.17067e+14 2.46955e+34
198 0.24 4.13396e+14 2.40643e+34
197 0.238 4.0973e+14 2.34444e+34
196 0.236 4.06071e+14 2.28358e+34
195 0.234 4.02417e+14 2.22383e+34
194 0.232 3.98769e+14 2.1652e+34
193 0.23 3.95126e+14 2.10768e+34
192 0.228 3.91489e+14 2.05126e+34
191 0.226 3.87858e+14 1.99593e+34
190 0.224 3.84232e+14 1.94169e+34
189 0.222 3.80611e+14 1.88854e+34
188 0.22 3.76995e+14 1.83647e+34
187 0.218 3.73385e+14 1.78547e+34
186 0.216 3.69779e+14 1.73554e+34
185 0.214 3.66179e+14 1.68668e+34
184 0.212 3.62584e+14 1.63888e+34
183 0.21 3.58994e+14 1.59215e+34
182 0.208 3.55409e+14 1.54647e+34
181 0.206 3.51828e+14 1.50184e+34
180 0.204 3.48253e+14 1.45827e+34
179 0.202 3.45518e+14 1.35065e+34
178 0.2 3.41116e+14 1.37019e+34
177 0.198 3.37554e+14 1.32552e+34
176 0.196 3.33998e+14 1.28186e+34
175 0.194 3.30447e+14 1.23922e+34
174 0.192 3.26901e+14 1.19759e+34
173 0.19 3.23359e+14 1.15695e+34
172 0.188 3.19822e+14 1.11731e+34
171 0.186 3.1629e+14 1.07865e+34
170 0.184 3.12762e+14 1.04098e+34
169 0.182 3.09239e+14 1.00428e+34
168 0.18 3.0572e+14 9.68558e+33
167 0.178 3.02205e+14 9.338e+33
166 0.176 2.98695e+14 9.00007e+33
165 0.174 2.95189e+14 8.67175e+33
164 0.172 2.91687e+14 8.35304e+33
163 0.17 2.8819e+14 8.04393e+33
162 0.168 2.84696e+14 7.74445e+33
161 0.166 2.81206e+14 7.45463e+33
160 0.164 2.7772e+14 7.17453e+33
159 0.162 2.74238e+14 6.90426e+33
158 0.16 2.70759e+14 6.64397e+33
157 0.158 2.67284e+14 6.39388e+33
156 0.156 2.63812e+14 6.15431e+33
155 0.154 2.60344e+14 5.92573e+33
154 0.152 2.56879e+14 5.70882e+33
153 0.15 2.53417e+14 5.50465e+33
152 0.148 2.49958e+14 5.31498e+33
151 0.146 2.46501e+14 5.143e+33
150 0.144 2.43047e+14 4.97688e+33
149 0.142 2.39596e+14 4.7412e+33
148 0.14 2.36149e+14 4.51269e+33
147 0.138 2.32706e+14 4.29126e+33
146 0.136 2.29266e+14 4.07679e+33
145 0.134 2.25829e+14 3.86921e+33
144 0.132 2.22396e+14 3.6684e+33
143 0.13 2.18966e+14 3.47428e+33
142 0.128 2.1554e+14 3.28673e+33
141 0.126 2.12116e+14 3.10567e+33
140 0.124 2.08696e+14 2.931e+33
139 0.122 2.05279e+14 2.7626e+33
138 0.12 2.01865e+14 2.60039e+33
137 0.118 1.98454e+14 2.44427e+33
136 0.116 1.95045e+14 2.29412e+33
135 0.114 1.9164e+14 2.14986e+33
134 0.112 1.88237e+14 2.01138e+33
133 0.11 1.84837e+14 1.87858e+33
132 0.108 1.8144e+14 1.75135e+33
131 0.106 1.78045e+14 1.6296e+33
130 0.104 1.74653e+14 1.51321e+33
129 0.102 1.71263e+14 1.40209e+33
128 0.1 1.67875e+14 1.29614e+33
127 0.098 1.6449e+14 1.19523e+33
126 0.096 1.61107e+14 1.09928e+33
125 0.094 1.57726e+14 1.00817e+33
124 0.092 1.54348e+14 9.21804e+32
123 0.09 1.50971e+14 8.40063e+32
122 0.088 1.47596e+14 7.62844e+32
121 0.086 1.44223e+14 6.90036e+32
120 0.084 1.40853e+14 6.21532e+32
119 0.082 1.37483e+14 5.57219e+32
118 0.08 1.34116e+14 4.96986e+32
117 0.078 1.3075e+14 4.40721e+32
116 0.076 1.27385e+14 3.8831e+32
115 0.074 1.24023e+14 3.39639e+32
114 0.072 1.20661e+14 2.94593e+32
113 0.07 1.17301e+14 2.53055e+32
112 0.068 1.13942e+14 2.14907e+32
111 0.066 1.10584e+14 1.80031e+32
110 0.064 1.07228e+14 1.48305e+32
109 0.062 1.03872e+14 1.1961e+32
108 0.06 1.00518e+14 9.38214e+31
107 0.058 9.71641e+13 7.08157e+31
106 0.056 9.38113e+13 5.04669e+31
105 0.054 9.04593e+13 3.26479e+31
104 0.052 8.71079e+13 1.72298e+31
103 0.05 8.37572e+13 4.08187e+30
102 0.048 8.0407e+13 -6.92801e+30
101 0.046 7.70572e+13 -1.5934e+31
100 0.044 7.37078e+13 -2.30719e+31
99 0.042 7.03588e+13 -2.84797e+31
98 0.04 6.701e+13 -3.22971e+31
97 0.038 6.36614e+13 -3.46658e+31
96 0.036 6.03128e+13 -3.57295e+31
95 0.034 5.69643e+13 -3.5634e+31
94 0.032 5.36158e+13 -3.45271e+31
93 0.03 5.02671e+13 -3.25584e+31
92 0.028 4.69183e+13 -2.98796e+31
91 0.026 4.35693e+13 -2.66437e+31
90 0.024 4.02199e+13 -2.30056e+31
89 0.022 3.68702e+13 -1.9121e+31
88 0.02 3.35201e+13 -1.51462e+31
87 0.018 3.01695e+13 -1.12374e+31
86 0.016 2.68185e+13 -7.54938e+30
85 0.014 2.3467e+13 -4.23356e+30
84 0.012 2.0115e+13 -1.43554e+30
83 0.01 1.67625e+13 7.09544e+29
82 0.008 1.34097e+13 2.0848e+30
81 0.006 1.00566e+13 2.60558e+30
80 0.004 6.70348e+12 2.25032e+30
79 0.002 3.35084e+12 1.14261e+30
