1 531.029 317.513 1256.51 67.4453 1787.54 147.981 0.56572 0.297315 0.136965
0.999 529.776 316.982 1254.73 67.6196 1786.29 147.945 0.565945 0.297003 0.137052
0.998 528.525 316.452 1252.94 67.7942 1785.04 147.909 0.56617 0.296691 0.137139
0.997 527.275 315.921 1251.16 67.9692 1783.78 147.873 0.566396 0.296378 0.137226
0.996 526.026 315.391 1249.37 68.1444 1782.53 147.837 0.566622 0.296064 0.137313
0.995 524.779 314.861 1247.59 68.3201 1781.28 147.801 0.566849 0.29575 0.137401
0.994 523.533 314.331 1245.81 68.496 1780.02 147.766 0.567077 0.295436 0.137488
0.993 522.288 313.801 1244.03 68.6723 1778.77 147.73 0.567305 0.295121 0.137575
0.992 521.045 313.271 1242.25 68.849 1777.52 147.695 0.567533 0.294805 0.137662
0.991 519.803 312.742 1240.48 69.026 1776.27 147.66 0.567762 0.294489 0.137749
0.99 518.562 312.213 1238.7 69.2033 1775.01 147.624 0.567992 0.294172 0.137836
0.989 517.322 311.684 1236.93 69.381 1773.76 147.589 0.568222 0.293855 0.137924
0.988 516.084 311.155 1235.15 69.559 1772.51 147.555 0.568452 0.293537 0.138011
0.987 514.848 310.626 1233.38 69.7373 1771.26 147.52 0.568683 0.293219 0.138098
0.986 513.612 310.098 1231.61 69.916 1770 147.485 0.568915 0.2929 0.138185
0.985 512.378 309.57 1229.84 70.0951 1768.75 147.451 0.569147 0.29258 0.138272
0.984 511.145 309.042 1228.07 70.2745 1767.5 147.417 0.56938 0.29226 0.13836
0.983 509.914 308.514 1226.31 70.4542 1766.25 147.382 0.569613 0.29194 0.138447
0.982 508.684 307.986 1224.54 70.6343 1764.99 147.348 0.569847 0.291619 0.138534
0.981 507.455 307.459 1222.78 70.8147 1763.74 147.315 0.570081 0.291297 0.138622
0.98 506.228 306.932 1221.01 70.9955 1762.49 147.281 0.570316 0.290975 0.138709
0.979 505.002 306.405 1219.25 71.1766 1761.24 147.247 0.570552 0.290652 0.138796
0.978 503.777 305.878 1217.49 71.3581 1759.99 147.214 0.570788 0.290329 0.138883
0.977 502.553 305.351 1215.73 71.5399 1758.74 147.18 0.571024 0.290005 0.138971
0.976 501.331 304.825 1213.97 71.7221 1757.48 147.147 0.571261 0.289681 0.139058
0.975 500.111 304.299 1212.22 71.9046 1756.23 147.114 0.571499 0.289356 0.139146
0.974 498.891 303.773 1210.46 72.0875 1754.98 147.081 0.571737 0.28903 0.139233
0.973 497.673 303.247 1208.71 72.2707 1753.73 147.048 0.571976 0.288704 0.139321
0.972 496.456 302.721 1206.95 72.4543 1752.48 147.016 0.572215 0.288377 0.139408
0.971 495.241 302.196 1205.2 72.6382 1751.23 146.983 0.572455 0.28805 0.139496
0.97 494.027 301.671 1203.45 72.8225 1749.98 146.951 0.572695 0.287722 0.139583
0.969 492.814 301.146 1201.7 73.0071 1748.73 146.919 0.572936 0.287394 0.139671
0.968 491.603 300.621 1199.95 73.1921 1747.48 146.887 0.573177 0.287065 0.139758
0.967 490.393 300.097 1198.21 73.3774 1746.22 146.855 0.573419 0.286735 0.139846
0.966 489.184 299.572 1196.46 73.5631 1744.97 146.823 0.573661 0.286405 0.139934
0.965 487.976 299.048 1194.72 73.7491 1743.72 146.791 0.573904 0.286074 0.140021
0.964 486.77 298.524 1192.97 73.9355 1742.47 146.76 0.574148 0.285743 0.140109
0.963 485.566 298.001 1191.23 74.1222 1741.22 146.728 0.574392 0.285411 0.140197
0.962 484.362 297.477 1189.49 74.3093 1739.97 146.697 0.574636 0.285079 0.140285
0.961 483.16 296.954 1187.75 74.4968 1738.72 146.666 0.574882 0.284746 0.140373
0.96 481.96 296.431 1186.01 74.6846 1737.47 146.635 0.575127 0.284412 0.140461
0.959 480.76 295.908 1184.28 74.8727 1736.22 146.604 0.575373 0.284078 0.140549
0.958 479.562 295.385 1182.54 75.0612 1734.97 146.574 0.57562 0.283743 0.140637
0.957 478.365 294.863 1180.81 75.25 1733.72 146.543 0.575867 0.283408 0.140725
0.956 477.17 294.341 1179.07 75.4392 1732.47 146.513 0.576115 0.283072 0.140813
0.955 475.976 293.819 1177.34 75.6288 1731.22 146.482 0.576363 0.282735 0.140901
0.954 474.783 293.297 1175.61 75.8187 1729.97 146.452 0.576612 0.282398 0.14099
0.953 473.592 292.775 1173.88 76.0089 1728.72 146.422 0.576861 0.282061 0.141078
0.952 472.402 292.254 1172.15 76.1995 1727.47 146.393 0.577111 0.281722 0.141166
0.951 471.213 291.733 1170.43 76.3904 1726.23 146.363 0.577362 0.281383 0.141255
0.95 470.026 291.212 1168.7 76.5817 1724.98 146.333 0.577613 0.281044 0.141344
0.949 468.84 290.691 1166.98 76.7733 1723.73 146.304 0.577864 0.280704 0.141432
0.948 467.656 290.171 1165.25 76.9652 1722.48 146.275 0.578116 0.280363 0.141521
0.947 466.472 289.65 1163.53 77.1575 1721.23 146.246 0.578368 0.280022 0.14161
0.946 465.29 289.13 1161.81 77.3501 1719.98 146.217 0.578621 0.27968 0.141699
0.945 464.11 288.611 1160.09 77.5431 1718.73 146.188 0.578874 0.279337 0.141789
0.944 462.93 288.091 1158.37 77.7363 1717.48 146.159 0.579128 0.278994 0.141878
0.943 461.752 287.572 1156.66 77.9299 1716.23 146.131 0.579382 0.27865 0.141968
0.942 460.576 287.052 1154.94 78.1237 1714.99 146.102 0.579637 0.278306 0.142057
0.941 459.401 286.534 1153.23 78.3178 1713.74 146.074 0.579891 0.277961 0.142148
0.94 458.227 286.015 1151.51 78.5122 1712.49 146.046 0.580147 0.277616 0.142238
0.939 457.054 285.496 1149.8 78.707 1711.24 146.018 0.580402 0.277269 0.142328
0.938 455.883 284.978 1148.09 78.9021 1709.99 145.99 0.580659 0.276923 0.142419
0.937 454.713 284.46 1146.38 79.0976 1708.75 145.963 0.580916 0.276575 0.142509
0.936 453.544 283.942 1144.67 79.2935 1707.5 145.935 0.581173 0.276227 0.1426
0.935 452.377 283.425 1142.97 79.4897 1706.25 145.908 0.581431 0.275878 0.142691
0.934 451.211 282.907 1141.26 79.6863 1705 145.881 0.581689 0.275529 0.142781
0.933 450.047 282.39 1139.56 79.8832 1703.76 145.853 0.581948 0.275179 0.142872
0.932 448.884 281.873 1137.85 80.0805 1702.51 145.827 0.582208 0.274829 0.142963
0.931 447.722 281.357 1136.15 80.2781 1701.26 145.8 0.582468 0.274478 0.143055
0.93 446.561 280.84 1134.45 80.4761 1700.01 145.773 0.582728 0.274126 0.143146
0.929 445.402 280.324 1132.75 80.6745 1698.77 145.747 0.582989 0.273773 0.143237
0.928 444.244 279.808 1131.05 80.8732 1697.52 145.72 0.583251 0.27342 0.143329
0.927 443.088 279.292 1129.36 81.0722 1696.27 145.694 0.583513 0.273067 0.14342
0.926 441.933 278.777 1127.66 81.2715 1695.03 145.668 0.583775 0.272713 0.143512
0.925 440.779 278.262 1125.97 81.4711 1693.78 145.642 0.584038 0.272358 0.143605
0.924 439.627 277.747 1124.27 81.6709 1692.53 145.617 0.584301 0.272002 0.143697
0.923 438.475 277.232 1122.58 81.8711 1691.29 145.591 0.584564 0.271646 0.14379
0.922 437.326 276.717 1120.89 82.0718 1690.04 145.566 0.584828 0.271289 0.143883
0.921 436.177 276.203 1119.2 82.2728 1688.79 145.54 0.585093 0.270931 0.143976
0.92 435.03 275.689 1117.51 82.4742 1687.55 145.515 0.585358 0.270573 0.144068
0.919 433.885 275.175 1115.83 82.676 1686.3 145.49 0.585624 0.270215 0.144161
0.918 432.74 274.661 1114.14 82.8781 1685.06 145.465 0.58589 0.269855 0.144254
0.917 431.597 274.148 1112.46 83.0807 1683.81 145.441 0.586157 0.269495 0.144348
0.916 430.456 273.635 1110.77 83.2836 1682.56 145.416 0.586425 0.269134 0.144441
0.915 429.315 273.122 1109.09 83.4869 1681.32 145.392 0.586693 0.268773 0.144534
0.914 428.176 272.609 1107.41 83.6906 1680.07 145.368 0.586961 0.268411 0.144628
0.913 427.039 272.097 1105.73 83.8946 1678.83 145.344 0.58723 0.268049 0.144721
0.912 425.903 271.585 1104.05 84.099 1677.58 145.32 0.5875 0.267685 0.144815
0.911 424.768 271.073 1102.38 84.3038 1676.34 145.296 0.58777 0.267321 0.144909
0.91 423.634 270.561 1100.7 84.5088 1675.09 145.273 0.58804 0.266957 0.145003
0.909 422.502 270.049 1099.03 84.7141 1673.85 145.249 0.588311 0.266591 0.145098
0.908 421.371 269.538 1097.35 84.9198 1672.6 145.226 0.588582 0.266225 0.145192
0.907 420.242 269.027 1095.68 85.1259 1671.36 145.203 0.588854 0.265859 0.145287
0.906 419.114 268.517 1094.01 85.3324 1670.11 145.18 0.589126 0.265492 0.145382
0.905 417.987 268.006 1092.34 85.5394 1668.87 145.157 0.589399 0.265124 0.145477
0.904 416.862 267.496 1090.67 85.7467 1667.63 145.135 0.589673 0.264755 0.145572
0.903 415.738 266.986 1089.01 85.9545 1666.38 145.112 0.589947 0.264386 0.145667
0.902 414.615 266.476 1087.34 86.1627 1665.14 145.09 0.590222 0.264016 0.145762
0.901 413.494 265.967 1085.68 86.3713 1663.89 145.068 0.590498 0.263645 0.145857
0.9 412.374 265.457 1084.01 86.5803 1662.65 145.046 0.590774 0.263274 0.145952
0.899 411.255 264.949 1082.35 86.7898 1661.41 145.024 0.59105 0.262902 0.146047
0.898 410.138 264.44 1080.69 86.9996 1660.16 145.003 0.591328 0.26253 0.146143
0.897 409.022 263.931 1079.03 87.2098 1658.92 144.981 0.591606 0.262156 0.146238
0.896 407.908 263.423 1077.37 87.4204 1657.68 144.96 0.591884 0.261783 0.146334
0.895 406.795 262.915 1075.71 87.6314 1656.43 144.939 0.592162 0.261408 0.14643
0.894 405.683 262.407 1074.06 87.8426 1655.19 144.918 0.592441 0.261033 0.146526
0.893 404.572 261.9 1072.4 88.0543 1653.95 144.897 0.592721 0.260657 0.146622
0.892 403.463 261.393 1070.75 88.2664 1652.71 144.877 0.593002 0.26028 0.146718
0.891 402.356 260.886 1069.1 88.4791 1651.46 144.856 0.593283 0.259903 0.146814
0.89 401.249 260.379 1067.45 88.6922 1650.22 144.836 0.593565 0.259525 0.14691
0.889 400.145 259.873 1065.8 88.9058 1648.98 144.816 0.593847 0.259146 0.147007
0.888 399.041 259.366 1064.15 89.1199 1647.74 144.796 0.594131 0.258767 0.147103
0.887 397.939 258.861 1062.5 89.3345 1646.5 144.776 0.594415 0.258387 0.147199
0.886 396.838 258.355 1060.86 89.5495 1645.25 144.757 0.5947 0.258006 0.147294
0.885 395.739 257.85 1059.21 89.7651 1644.01 144.738 0.594985 0.257625 0.14739
0.884 394.641 257.344 1057.57 89.9811 1642.77 144.719 0.595271 0.257242 0.147486
0.883 393.544 256.839 1055.93 90.1977 1641.53 144.7 0.595558 0.25686 0.147582
0.882 392.449 256.335 1054.29 90.4147 1640.29 144.681 0.595846 0.256476 0.147678
0.881 391.355 255.831 1052.65 90.6322 1639.05 144.662 0.596135 0.256092 0.147773
0.88 390.262 255.326 1051.01 90.8503 1637.81 144.644 0.596424 0.255707 0.147869
0.879 389.171 254.823 1049.37 91.0688 1636.57 144.626 0.596714 0.255322 0.147964
0.878 388.082 254.319 1047.73 91.2878 1635.33 144.608 0.597005 0.254935 0.14806
0.877 386.993 253.816 1046.1 91.5074 1634.09 144.59 0.597296 0.254548 0.148155
0.876 385.906 253.313 1044.47 91.7274 1632.85 144.573 0.597589 0.254161 0.148251
0.875 384.821 252.81 1042.83 91.948 1631.61 144.555 0.597882 0.253772 0.148346
0.874 383.737 252.308 1041.2 92.1691 1630.37 144.538 0.598175 0.253383 0.148441
0.873 382.654 251.805 1039.57 92.3906 1629.13 144.521 0.59847 0.252994 0.148537
0.872 381.573 251.303 1037.94 92.6128 1627.89 144.504 0.598765 0.252603 0.148632
0.871 380.493 250.802 1036.32 92.8354 1626.65 144.488 0.599061 0.252212 0.148727
0.87 379.414 250.3 1034.69 93.0585 1625.41 144.471 0.599358 0.25182 0.148822
0.869 378.337 249.799 1033.07 93.2822 1624.17 144.455 0.599656 0.251427 0.148917
0.868 377.261 249.298 1031.44 93.5064 1622.93 144.439 0.599954 0.251034 0.149011
0.867 376.187 248.798 1029.82 93.7311 1621.69 144.423 0.600254 0.25064 0.149106
0.866 375.114 248.297 1028.2 93.9563 1620.45 144.408 0.600554 0.250245 0.149201
0.865 374.042 247.797 1026.58 94.1821 1619.22 144.392 0.600854 0.24985 0.149296
0.864 372.972 247.298 1024.96 94.4084 1617.98 144.377 0.601156 0.249454 0.14939
0.863 371.903 246.798 1023.34 94.6353 1616.74 144.362 0.601458 0.249057 0.149485
0.862 370.836 246.299 1021.73 94.8627 1615.5 144.347 0.601762 0.248659 0.149579
0.861 369.77 245.8 1020.11 95.0906 1614.27 144.333 0.602066 0.248261 0.149673
0.86 368.705 245.301 1018.5 95.3191 1613.03 144.318 0.602371 0.247862 0.149767
0.859 367.642 244.803 1016.89 95.5481 1611.79 144.304 0.602676 0.247462 0.149861
0.858 366.58 244.305 1015.28 95.7777 1610.55 144.29 0.602983 0.247062 0.149955
0.857 365.519 243.807 1013.67 96.0078 1609.32 144.276 0.60329 0.246661 0.150049
0.856 364.46 243.309 1012.06 96.2385 1608.08 144.263 0.603598 0.246259 0.150143
0.855 363.403 242.812 1010.45 96.4698 1606.84 144.249 0.603907 0.245856 0.150237
0.854 362.347 242.315 1008.84 96.7016 1605.61 144.236 0.604217 0.245453 0.150331
0.853 361.292 241.818 1007.24 96.9339 1604.37 144.223 0.604527 0.245049 0.150424
0.852 360.238 241.322 1005.63 97.1668 1603.14 144.211 0.604839 0.244644 0.150518
0.851 359.186 240.826 1004.03 97.4003 1601.9 144.198 0.605151 0.244238 0.150611
0.85 358.136 240.33 1002.43 97.6344 1600.67 144.186 0.605464 0.243832 0.150704
0.849 357.087 239.835 1000.83 97.869 1599.43 144.174 0.605778 0.243425 0.150797
0.848 356.039 239.339 999.232 98.1042 1598.2 144.162 0.606093 0.243017 0.15089
0.847 354.993 238.844 997.634 98.34 1596.96 144.15 0.606408 0.242609 0.150983
0.846 353.948 238.35 996.038 98.5763 1595.73 144.139 0.606725 0.242199 0.151076
0.845 352.904 237.855 994.443 98.8133 1594.49 144.128 0.607042 0.241789 0.151168
0.844 351.862 237.361 992.849 99.0508 1593.26 144.117 0.60736 0.241379 0.151261
0.843 350.821 236.867 991.256 99.2889 1592.03 144.106 0.607679 0.240967 0.151353
0.842 349.782 236.374 989.665 99.5276 1590.79 144.095 0.607999 0.240555 0.151446
0.841 348.744 235.881 988.075 99.7669 1589.56 144.085 0.60832 0.240142 0.151538
0.84 347.708 235.388 986.486 100.007 1588.33 144.075 0.608642 0.239728 0.15163
0.839 346.673 234.895 984.898 100.247 1587.09 144.065 0.608965 0.239314 0.151722
0.838 345.639 234.403 983.311 100.488 1585.86 144.055 0.609288 0.238898 0.151814
0.837 344.607 233.911 981.726 100.73 1584.63 144.046 0.609612 0.238483 0.151905
0.836 343.576 233.419 980.142 100.972 1583.4 144.037 0.609938 0.238066 0.151997
0.835 342.547 232.927 978.559 101.215 1582.16 144.028 0.610264 0.237648 0.152088
0.834 341.519 232.436 976.978 101.459 1580.93 144.019 0.610591 0.23723 0.152179
0.833 340.492 231.945 975.398 101.703 1579.7 144.01 0.610919 0.236811 0.15227
0.832 339.467 231.455 973.818 101.948 1578.47 144.002 0.611248 0.236391 0.152361
0.831 338.444 230.965 972.241 102.193 1577.24 143.994 0.611577 0.235971 0.152452
0.83 337.422 230.475 970.664 102.439 1576.01 143.986 0.611908 0.235549 0.152542
0.829 336.401 229.985 969.089 102.686 1574.78 143.979 0.61224 0.235127 0.152633
0.828 335.381 229.496 967.514 102.933 1573.55 143.971 0.612572 0.234705 0.152723
0.827 334.363 229.007 965.942 103.181 1572.32 143.964 0.612906 0.234281 0.152813
0.826 333.347 228.518 964.37 103.429 1571.09 143.957 0.61324 0.233857 0.152903
0.825 332.332 228.03 962.799 103.679 1569.86 143.951 0.613575 0.233432 0.152993
0.824 331.318 227.541 961.23 103.928 1568.63 143.944 0.613912 0.233006 0.153083
0.823 330.306 227.054 959.662 104.179 1567.4 143.938 0.614249 0.232579 0.153172
0.822 329.295 226.566 958.095 104.43 1566.17 143.932 0.614587 0.232152 0.153261
0.821 328.286 226.079 956.53 104.682 1564.94 143.927 0.614926 0.231723 0.15335
0.82 327.278 225.592 954.965 104.934 1563.71 143.921 0.615266 0.231294 0.153439
0.819 326.272 225.105 953.402 105.187 1562.48 143.916 0.615607 0.230865 0.153528
0.818 325.267 224.619 951.84 105.441 1561.26 143.911 0.615949 0.230434 0.153617
0.817 324.263 224.133 950.28 105.695 1560.03 143.906 0.616292 0.230003 0.153705
0.816 323.261 223.648 948.72 105.95 1558.8 143.902 0.616636 0.229571 0.153793
0.815 322.261 223.162 947.162 106.206 1557.57 143.898 0.616981 0.229138 0.153881
0.814 321.261 222.677 945.605 106.462 1556.35 143.894 0.617327 0.228704 0.153969
0.813 320.264 222.193 944.05 106.72 1555.12 143.89 0.617674 0.22827 0.154056
0.812 319.267 221.708 942.495 106.977 1553.89 143.887 0.618022 0.227835 0.154144
0.811 318.272 221.224 940.942 107.236 1552.67 143.884 0.61837 0.227399 0.154231
0.81 317.279 220.74 939.39 107.495 1551.44 143.881 0.61872 0.226962 0.154318
0.809 316.287 220.257 937.839 107.755 1550.22 143.878 0.619071 0.226524 0.154404
0.808 315.297 219.774 936.289 108.015 1548.99 143.876 0.619423 0.226086 0.154491
0.807 314.307 219.291 934.741 108.277 1547.77 143.874 0.619776 0.225647 0.154577
0.806 313.32 218.809 933.194 108.538 1546.54 143.872 0.62013 0.225207 0.154663
0.805 312.334 218.326 931.648 108.801 1545.32 143.87 0.620485 0.224766 0.154749
0.804 311.349 217.845 930.103 109.064 1544.09 143.869 0.620841 0.224325 0.154834
0.803 310.366 217.363 928.56 109.329 1542.87 143.868 0.621198 0.223883 0.154919
0.802 309.384 216.882 927.017 109.593 1541.65 143.867 0.621556 0.22344 0.155004
0.801 308.404 216.401 925.476 109.859 1540.42 143.866 0.621915 0.222996 0.155089
0.8 307.425 215.921 923.936 110.125 1539.2 143.866 0.622275 0.222551 0.155174
0.799 306.448 215.44 922.398 110.392 1537.98 143.866 0.622637 0.222106 0.155258
0.798 305.472 214.961 920.861 110.66 1536.76 143.867 0.622999 0.221659 0.155342
0.797 304.497 214.481 919.324 110.928 1535.54 143.867 0.623362 0.221212 0.155426
0.796 303.524 214.002 917.789 111.197 1534.31 143.868 0.623727 0.220764 0.155509
0.795 302.553 213.523 916.256 111.467 1533.09 143.869 0.624092 0.220316 0.155592
0.794 301.583 213.044 914.723 111.738 1531.87 143.871 0.624459 0.219866 0.155675
0.793 300.614 212.566 913.192 112.009 1530.65 143.872 0.624826 0.219416 0.155758
0.792 299.647 212.088 911.662 112.281 1529.43 143.874 0.625195 0.218965 0.15584
0.791 298.682 211.611 910.133 112.554 1528.21 143.877 0.625565 0.218513 0.155922
0.79 297.718 211.134 908.606 112.828 1526.99 143.879 0.625936 0.21806 0.156004
0.789 296.755 210.657 907.079 113.103 1525.77 143.882 0.626308 0.217607 0.156085
0.788 295.794 210.18 905.554 113.378 1524.55 143.885 0.626681 0.217153 0.156166
0.787 294.834 209.704 904.03 113.654 1523.33 143.889 0.627056 0.216698 0.156247
0.786 293.876 209.228 902.507 113.931 1522.12 143.892 0.627431 0.216242 0.156327
0.785 292.919 208.753 900.986 114.208 1520.9 143.896 0.627808 0.215785 0.156407
0.784 291.964 208.277 899.466 114.487 1519.68 143.901 0.628185 0.215327 0.156487
0.783 291.01 207.803 897.946 114.766 1518.46 143.905 0.628564 0.214869 0.156567
0.782 290.058 207.328 896.429 115.046 1517.25 143.91 0.628944 0.21441 0.156646
0.781 289.107 206.854 894.912 115.327 1516.03 143.916 0.629325 0.21395 0.156724
0.78 288.158 206.38 893.397 115.608 1514.81 143.921 0.629708 0.213489 0.156803
0.779 287.21 205.907 891.882 115.891 1513.6 143.927 0.630091 0.213028 0.156881
0.778 286.264 205.434 890.369 116.174 1512.38 143.933 0.630476 0.212566 0.156958
0.777 285.319 204.961 888.858 116.458 1511.17 143.94 0.630862 0.212102 0.157036
0.776 284.376 204.488 887.347 116.743 1509.95 143.947 0.631249 0.211638 0.157113
0.775 283.434 204.016 885.838 117.029 1508.74 143.954 0.631637 0.211174 0.157189
0.774 282.494 203.545 884.33 117.315 1507.52 143.961 0.632027 0.210708 0.157265
0.773 281.555 203.073 882.823 117.603 1506.31 143.969 0.632417 0.210242 0.157341
0.772 280.618 202.602 881.317 117.891 1505.1 143.977 0.632809 0.209774 0.157416
0.771 279.683 202.132 879.812 118.18 1503.88 143.986 0.633203 0.209306 0.157491
0.77 278.748 201.661 878.309 118.47 1502.67 143.995 0.633597 0.208838 0.157565
0.769 277.816 201.191 876.807 118.761 1501.46 144.004 0.633993 0.208368 0.157639
0.768 276.885 200.722 875.306 119.053 1500.25 144.013 0.63439 0.207898 0.157713
0.767 275.955 200.252 873.807 119.346 1499.04 144.023 0.634788 0.207426 0.157786
0.766 275.027 199.783 872.308 119.639 1497.83 144.033 0.635187 0.206954 0.157859
0.765 274.1 199.315 870.811 119.934 1496.62 144.044 0.635588 0.206481 0.157931
0.764 273.175 198.847 869.315 120.229 1495.41 144.055 0.63599 0.206008 0.158002
0.763 272.252 198.379 867.82 120.525 1494.2 144.066 0.636393 0.205533 0.158074
0.762 271.33 197.911 866.327 120.822 1492.99 144.078 0.636798 0.205058 0.158144
0.761 270.409 197.444 864.834 121.12 1491.78 144.09 0.637204 0.204582 0.158215
0.76 269.49 196.978 863.343 121.419 1490.57 144.102 0.637611 0.204105 0.158284
0.759 268.573 196.511 861.853 121.719 1489.36 144.115 0.638019 0.203627 0.158354
0.758 267.657 196.045 860.364 122.02 1488.15 144.128 0.638429 0.203149 0.158422
0.757 266.743 195.58 858.877 122.322 1486.95 144.142 0.63884 0.202669 0.15849
0.756 265.83 195.114 857.39 122.625 1485.74 144.155 0.639253 0.202189 0.158558
0.755 264.919 194.649 855.905 122.928 1484.54 144.17 0.639667 0.201708 0.158625
0.754 264.009 194.185 854.421 123.233 1483.33 144.184 0.640082 0.201227 0.158691
0.753 263.101 193.721 852.939 123.539 1482.12 144.199 0.640499 0.200744 0.158757
0.752 262.195 193.257 851.457 123.845 1480.92 144.215 0.640917 0.200261 0.158822
0.751 261.29 192.793 849.977 124.153 1479.72 144.231 0.641337 0.199777 0.158887
0.75 260.386 192.33 848.498 124.462 1478.51 144.247 0.641757 0.199292 0.158951
0.749 259.484 191.867 847.02 124.771 1477.31 144.264 0.64218 0.198806 0.159014
0.748 258.584 191.405 845.543 125.082 1476.11 144.281 0.642604 0.19832 0.159077
0.747 257.685 190.943 844.067 125.393 1474.9 144.298 0.643029 0.197832 0.159139
0.746 256.788 190.481 842.593 125.706 1473.7 144.316 0.643456 0.197344 0.1592
0.745 255.893 190.02 841.12 126.02 1472.5 144.335 0.643884 0.196855 0.159261
0.744 254.999 189.559 839.648 126.335 1471.3 144.354 0.644313 0.196366 0.159321
0.743 254.106 189.099 838.177 126.65 1470.1 144.373 0.644745 0.195875 0.15938
0.742 253.216 188.639 836.708 126.967 1468.9 144.393 0.645177 0.195384 0.159439
0.741 252.326 188.179 835.24 127.285 1467.7 144.413 0.645612 0.194892 0.159496
0.74 251.439 187.72 833.773 127.604 1466.5 144.434 0.646047 0.194399 0.159553
0.739 250.553 187.261 832.307 127.924 1465.3 144.455 0.646485 0.193906 0.159609
0.738 249.668 186.802 830.842 128.246 1464.11 144.477 0.646924 0.193412 0.159665
0.737 248.786 186.344 829.378 128.568 1462.91 144.499 0.647364 0.192917 0.159719
0.736 247.904 185.886 827.916 128.892 1461.71 144.522 0.647806 0.192421 0.159773
0.735 247.025 185.429 826.455 129.216 1460.52 144.546 0.64825 0.191924 0.159825
0.734 246.147 184.972 824.995 129.542 1459.32 144.569 0.648696 0.191427 0.159877
0.733 245.271 184.515 823.536 129.869 1458.13 144.594 0.649143 0.190929 0.159928
0.732 244.396 184.059 822.079 130.197 1456.93 144.619 0.649591 0.190431 0.159978
0.731 243.523 183.603 820.623 130.527 1455.74 144.644 0.650042 0.189931 0.160027
0.73 242.652 183.147 819.167 130.857 1454.55 144.671 0.650494 0.189431 0.160075
0.729 241.782 182.692 817.713 131.189 1453.35 144.697 0.650948 0.18893 0.160122
0.728 240.914 182.237 816.261 131.522 1452.16 144.725 0.651404 0.188429 0.160167
0.727 240.047 181.783 814.809 131.856 1450.97 144.753 0.651861 0.187926 0.160212
0.726 239.183 181.329 813.359 132.192 1449.78 144.781 0.652321 0.187423 0.160256
0.725 238.32 180.875 811.91 132.529 1448.59 144.811 0.652782 0.18692 0.160298
0.724 237.458 180.422 810.462 132.867 1447.4 144.841 0.653245 0.186416 0.160339
0.723 236.599 179.969 809.015 133.206 1446.22 144.871 0.65371 0.185911 0.160379
0.722 235.741 179.517 807.569 133.547 1445.03 144.903 0.654177 0.185405 0.160418
0.721 234.885 179.065 806.125 133.889 1443.84 144.935 0.654646 0.184899 0.160455
0.72 234.03 178.613 804.681 134.233 1442.65 144.968 0.655117 0.184392 0.160491
0.719 233.177 178.162 803.239 134.578 1441.47 145.002 0.65559 0.183885 0.160525
0.718 232.326 177.711 801.798 134.924 1440.29 145.036 0.656065 0.183377 0.160558
0.717 231.477 177.261 800.359 135.272 1439.1 145.072 0.656543 0.182868 0.160589
0.716 230.63 176.81 798.92 135.622 1437.92 145.108 0.657022 0.182359 0.160619
0.715 229.784 176.361 797.483 135.973 1436.74 145.146 0.657504 0.18185 0.160646
0.714 228.94 175.912 796.047 136.326 1435.56 145.184 0.657988 0.18134 0.160672
0.713 228.098 175.463 794.612 136.68 1434.38 145.224 0.658474 0.180829 0.160696
0.712 227.258 175.014 793.178 137.036 1433.2 145.264 0.658963 0.180318 0.160718
0.711 226.419 174.566 791.745 137.394 1432.02 145.306 0.659455 0.179807 0.160738
0.71 225.583 174.118 790.314 137.753 1430.84 145.349 0.659949 0.179295 0.160756
0.709 224.748 173.671 788.884 138.114 1429.66 145.393 0.660446 0.178783 0.160771
0.708 223.916 173.224 787.455 138.478 1428.49 145.439 0.660945 0.178271 0.160784
0.707 223.085 172.778 786.027 138.843 1427.32 145.486 0.661448 0.177759 0.160794
0.706 222.256 172.332 784.6 139.21 1426.14 145.535 0.661953 0.177246 0.160801
0.705 221.43 171.886 783.175 139.579 1424.97 145.586 0.662462 0.176733 0.160804
0.704 220.605 171.441 781.75 139.951 1423.8 145.638 0.662975 0.176221 0.160805
0.703 219.783 170.996 780.327 140.325 1422.63 145.693 0.663491 0.175708 0.160801
0.702 218.963 170.551 778.905 140.702 1421.46 145.75 0.664011 0.175196 0.160794
0.701 218.145 170.107 777.484 141.081 1420.3 145.81 0.664535 0.174684 0.160781
0.7 217.33 169.663 776.064 141.464 1419.13 145.872 0.665063 0.174173 0.160764
0.699 216.517 169.22 774.646 141.85 1417.97 145.938 0.665597 0.173662 0.160741
0.698 215.707 168.777 773.228 142.239 1416.81 146.008 0.666137 0.173153 0.16071
0.697 214.899 168.334 771.812 142.632 1415.66 146.083 0.666683 0.172645 0.160672
0.696 214.095 167.892 770.397 143.031 1414.5 146.163 0.667237 0.172139 0.160624
0.695 213.295 167.45 768.983 143.435 1413.35 146.25 0.6678 0.171636 0.160564
0.694 212.499 167.009 767.57 143.846 1412.2 146.347 0.668374 0.171137 0.160489
0.693 211.196 168.244 767.32 143.916 1412 146.362 0.669282 0.17125 0.160657
0.692 210.867 166.128 764.748 144.571 1409.85 146.381 0.669359 0.170055 0.160586
0.691 210.05 165.687 763.339 144.926 1408.67 146.383 0.669837 0.169505 0.160658
0.69 209.233 165.248 761.931 145.281 1407.48 146.384 0.670317 0.168953 0.16073
0.689 208.419 164.808 760.524 145.637 1406.3 146.386 0.670798 0.168401 0.160801
0.688 207.606 164.37 759.118 145.995 1405.12 146.389 0.671281 0.167848 0.160871
0.687 206.794 163.931 757.714 146.354 1403.94 146.391 0.671765 0.167294 0.160941
0.686 205.984 163.493 756.31 146.714 1402.76 146.394 0.672251 0.166739 0.161011
0.685 205.176 163.056 754.908 147.075 1401.58 146.397 0.672738 0.166182 0.16108
0.684 204.369 162.619 753.507 147.437 1400.4 146.4 0.673227 0.165625 0.161148
0.683 203.564 162.182 752.107 147.8 1399.23 146.403 0.673717 0.165067 0.161215
0.682 202.761 161.746 750.709 148.165 1398.05 146.407 0.674209 0.164509 0.161282
0.681 201.959 161.31 749.311 148.531 1396.87 146.41 0.674703 0.163949 0.161348
0.68 201.159 160.875 747.915 148.898 1395.7 146.414 0.675198 0.163388 0.161414
0.679 200.36 160.44 746.52 149.266 1394.52 146.418 0.675695 0.162826 0.161479
0.678 199.563 160.006 745.126 149.636 1393.35 146.423 0.676194 0.162264 0.161543
0.677 198.768 159.572 743.733 150.007 1392.17 146.427 0.676694 0.1617 0.161606
0.676 197.974 159.139 742.342 150.379 1391 146.432 0.677195 0.161135 0.161669
0.675 197.182 158.706 740.951 150.752 1389.83 146.437 0.677699 0.16057 0.161731
0.674 196.391 158.273 739.562 151.126 1388.65 146.442 0.678204 0.160003 0.161793
0.673 195.602 157.841 738.174 151.502 1387.48 146.448 0.678711 0.159436 0.161853
0.672 194.815 157.409 736.787 151.879 1386.31 146.453 0.679219 0.158868 0.161913
0.671 194.029 156.978 735.401 152.257 1385.14 146.459 0.679729 0.158299 0.161972
0.67 193.245 156.547 734.017 152.637 1383.97 146.465 0.680241 0.157729 0.16203
0.669 192.463 156.117 732.633 153.018 1382.8 146.471 0.680755 0.157158 0.162088
0.668 191.682 155.687 731.251 153.4 1381.64 146.478 0.68127 0.156586 0.162145
0.667 190.903 155.258 729.87 153.783 1380.47 146.484 0.681787 0.156013 0.1622
0.666 190.126 154.829 728.49 154.168 1379.3 146.491 0.682306 0.155439 0.162256
0.665 189.35 154.401 727.111 154.554 1378.14 146.498 0.682826 0.154864 0.16231
0.664 188.576 153.973 725.734 154.942 1376.97 146.506 0.683348 0.154289 0.162363
0.663 187.803 153.545 724.358 155.331 1375.81 146.513 0.683872 0.153712 0.162415
0.662 187.032 153.118 722.982 155.721 1374.64 146.521 0.684398 0.153135 0.162467
0.661 186.263 152.692 721.608 156.112 1373.48 146.528 0.684926 0.152557 0.162518
0.66 185.496 152.266 720.235 156.505 1372.32 146.536 0.685455 0.151977 0.162567
0.659 184.73 151.84 718.864 156.899 1371.16 146.545 0.685987 0.151397 0.162616
0.658 183.965 151.415 717.493 157.295 1370 146.553 0.68652 0.150816 0.162664
0.657 183.203 150.99 716.124 157.692 1368.84 146.561 0.687055 0.150235 0.162711
0.656 182.442 150.566 714.755 158.091 1367.68 146.57 0.687591 0.149652 0.162757
0.655 181.683 150.142 713.388 158.491 1366.52 146.579 0.68813 0.149068 0.162801
0.654 180.925 149.719 712.022 158.892 1365.36 146.588 0.688671 0.148484 0.162845
0.653 180.17 149.296 710.658 159.295 1364.21 146.597 0.689213 0.147899 0.162888
0.652 179.415 148.874 709.294 159.699 1363.05 146.607 0.689758 0.147313 0.16293
0.651 178.663 148.452 707.931 160.105 1361.9 146.616 0.690304 0.146726 0.16297
0.65 177.912 148.031 706.57 160.512 1360.74 146.626 0.690852 0.146138 0.16301
0.649 177.163 147.61 705.21 160.921 1359.59 146.636 0.691402 0.14555 0.163048
0.648 176.416 147.19 703.851 161.331 1358.44 146.646 0.691955 0.14496 0.163085
0.647 175.67 146.77 702.493 161.743 1357.28 146.656 0.692509 0.14437 0.163121
0.646 174.926 146.35 701.136 162.156 1356.13 146.666 0.693065 0.143779 0.163156
0.645 174.184 145.931 699.781 162.57 1354.98 146.676 0.693623 0.143187 0.163189
0.644 173.444 145.513 698.426 162.987 1353.84 146.687 0.694184 0.142595 0.163221
0.643 172.705 145.095 697.073 163.405 1352.69 146.697 0.694746 0.142002 0.163252
0.642 171.968 144.678 695.721 163.824 1351.54 146.708 0.695311 0.141407 0.163282
0.641 171.233 144.261 694.37 164.245 1350.39 146.719 0.695877 0.140813 0.16331
0.64 170.499 143.844 693.02 164.668 1349.25 146.73 0.696446 0.140217 0.163337
0.639 169.768 143.428 691.672 165.092 1348.11 146.741 0.697017 0.139621 0.163363
0.638 169.038 143.013 690.324 165.518 1346.96 146.752 0.697589 0.139024 0.163387
0.637 168.309 142.598 688.978 165.945 1345.82 146.763 0.698165 0.138426 0.163409
0.636 167.583 142.183 687.632 166.374 1344.68 146.774 0.698742 0.137828 0.16343
0.635 166.858 141.769 686.288 166.805 1343.54 146.785 0.699321 0.137229 0.16345
0.634 166.135 141.355 684.945 167.238 1342.4 146.796 0.699903 0.136629 0.163468
0.633 165.414 140.942 683.603 167.672 1341.26 146.807 0.700487 0.136029 0.163484
0.632 164.695 140.53 682.263 168.108 1340.12 146.818 0.701074 0.135428 0.163498
0.631 163.977 140.118 680.923 168.545 1338.99 146.829 0.701662 0.134827 0.163511
0.63 163.262 139.706 679.585 168.985 1337.85 146.84 0.702254 0.134224 0.163522
0.629 162.548 139.295 678.248 169.426 1336.72 146.851 0.702847 0.133622 0.163531
0.628 161.836 138.884 676.911 169.869 1335.58 146.862 0.703443 0.133019 0.163538
0.627 161.126 138.474 675.576 170.314 1334.45 146.873 0.704041 0.132415 0.163544
0.626 160.417 138.065 674.242 170.76 1333.32 146.883 0.704642 0.131811 0.163547
0.625 159.711 137.656 672.91 171.209 1332.19 146.894 0.705245 0.131207 0.163548
0.624 159.006 137.247 671.578 171.659 1331.06 146.904 0.705851 0.130602 0.163547
0.623 158.303 136.839 670.248 172.112 1329.94 146.914 0.70646 0.129997 0.163543
0.622 157.602 136.431 668.918 172.566 1328.81 146.923 0.707071 0.129391 0.163538
0.621 156.904 136.024 667.59 173.022 1327.69 146.933 0.707685 0.128785 0.163529
0.62 156.207 135.617 666.263 173.481 1326.56 146.941 0.708302 0.128179 0.163519
0.619 155.511 135.211 664.937 173.941 1325.44 146.95 0.708921 0.127573 0.163505
0.618 154.818 134.806 663.612 174.404 1324.32 146.958 0.709544 0.126967 0.163489
0.617 154.127 134.401 662.288 174.868 1323.2 146.965 0.71017 0.126361 0.163469
0.616 153.438 133.996 660.966 175.335 1322.08 146.971 0.710798 0.125755 0.163447
0.615 152.751 133.592 659.644 175.804 1320.97 146.977 0.71143 0.125149 0.163421
0.614 152.066 133.188 658.324 176.275 1319.85 146.981 0.712065 0.124544 0.163391
0.613 151.383 132.785 657.004 176.749 1318.74 146.985 0.712703 0.123939 0.163358
0.612 150.703 132.383 655.686 177.225 1317.63 146.987 0.713346 0.123334 0.16332
0.611 150.024 131.98 654.369 177.704 1316.52 146.987 0.713991 0.122731 0.163278
0.61 149.348 131.579 653.053 178.185 1315.41 146.986 0.714641 0.122128 0.16323
0.609 148.675 131.178 651.738 178.669 1314.31 146.983 0.715296 0.121527 0.163177
0.608 148.003 130.777 650.424 179.157 1313.2 146.977 0.715954 0.120928 0.163118
0.607 147.335 130.377 649.112 179.647 1312.1 146.967 0.716618 0.120331 0.163051
0.606 146.107 131.85 648.935 179.708 1311.95 146.973 0.717702 0.120425 0.163299
0.605 145.983 129.578 646.49 180.601 1309.87 147.05 0.71789 0.119058 0.163052
0.604 145.306 129.18 645.181 181.076 1308.75 147.107 0.71852 0.118409 0.163071
0.603 144.632 128.782 643.872 181.553 1307.64 147.163 0.719153 0.117759 0.163088
0.602 143.959 128.384 642.565 182.032 1306.52 147.221 0.719788 0.117108 0.163104
0.601 143.289 127.987 641.259 182.513 1305.4 147.278 0.720425 0.116456 0.163119
0.6 142.619 127.591 639.954 182.995 1304.29 147.337 0.721065 0.115804 0.163132
0.599 141.952 127.195 638.651 183.48 1303.18 147.395 0.721706 0.11515 0.163143
0.598 141.287 126.799 637.348 183.966 1302.06 147.455 0.722351 0.114496 0.163153
0.597 140.623 126.405 636.047 184.454 1300.95 147.514 0.722997 0.113841 0.163162
0.596 139.961 126.01 634.746 184.945 1299.84 147.574 0.723646 0.113185 0.163169
0.595 139.301 125.617 633.447 185.437 1298.74 147.635 0.724298 0.112528 0.163174
0.594 138.643 125.223 632.149 185.931 1297.63 147.696 0.724952 0.11187 0.163178
0.593 137.986 124.831 630.852 186.427 1296.52 147.758 0.725608 0.111212 0.16318
0.592 137.332 124.439 629.556 186.925 1295.42 147.82 0.726267 0.110553 0.163181
0.591 136.679 124.047 628.261 187.425 1294.31 147.883 0.726928 0.109892 0.163179
0.59 136.028 123.656 626.967 187.928 1293.21 147.946 0.727592 0.109232 0.163177
0.589 135.378 123.266 625.674 188.432 1292.11 148.01 0.728258 0.10857 0.163172
0.588 134.731 122.876 624.383 188.938 1291.01 148.074 0.728927 0.107907 0.163166
0.587 134.086 122.486 623.092 189.446 1289.91 148.139 0.729599 0.107244 0.163157
0.586 133.442 122.097 621.803 189.957 1288.81 148.204 0.730273 0.10658 0.163147
0.585 132.8 121.709 620.515 190.469 1287.72 148.27 0.730949 0.105915 0.163135
0.584 132.16 121.321 619.228 190.984 1286.62 148.336 0.731628 0.10525 0.163122
0.583 131.522 120.934 617.941 191.501 1285.53 148.403 0.73231 0.104584 0.163106
0.582 130.886 120.547 616.657 192.02 1284.44 148.47 0.732995 0.103917 0.163088
0.581 130.251 120.161 615.373 192.541 1283.35 148.538 0.733682 0.103249 0.163069
0.58 129.619 119.776 614.09 193.064 1282.26 148.607 0.734372 0.102581 0.163047
0.579 128.988 119.391 612.808 193.59 1281.17 148.676 0.735065 0.101912 0.163023
0.578 128.359 119.006 611.527 194.117 1280.08 148.746 0.735761 0.101242 0.162997
0.577 127.732 118.622 610.248 194.647 1279 148.816 0.736459 0.100572 0.162969
0.576 127.108 118.239 608.969 195.18 1277.91 148.887 0.73716 0.0999013 0.162939
0.575 126.484 117.856 607.692 195.714 1276.83 148.958 0.737864 0.0992298 0.162906
0.574 125.863 117.474 606.416 196.251 1275.75 149.03 0.738571 0.0985577 0.162871
0.573 125.244 117.092 605.141 196.79 1274.67 149.103 0.739281 0.0978851 0.162834
0.572 124.627 116.711 603.866 197.332 1273.59 149.176 0.739993 0.0972119 0.162795
0.571 124.011 116.33 602.593 197.876 1272.51 149.25 0.740709 0.0965382 0.162753
0.57 123.398 115.95 601.321 198.422 1271.44 149.324 0.741428 0.0958639 0.162708
0.569 122.786 115.57 600.051 198.971 1270.36 149.399 0.742149 0.0951892 0.162661
0.568 122.177 115.191 598.781 199.522 1269.29 149.475 0.742874 0.094514 0.162612
0.567 121.569 114.813 597.512 200.075 1268.22 149.552 0.743602 0.0938383 0.16256
0.566 120.964 114.435 596.244 200.631 1267.15 149.629 0.744333 0.0931622 0.162505
0.565 120.36 114.058 594.978 201.19 1266.08 149.706 0.745067 0.0924857 0.162447
0.564 119.758 113.681 593.712 201.751 1265.02 149.785 0.745805 0.0918088 0.162387
0.563 119.159 113.305 592.448 202.315 1263.95 149.864 0.746545 0.0911315 0.162323
0.562 118.561 112.929 591.184 202.881 1262.89 149.944 0.747289 0.0904539 0.162257
0.561 117.965 112.554 589.922 203.45 1261.83 150.024 0.748037 0.089776 0.162187
0.56 117.371 112.18 588.661 204.021 1260.77 150.105 0.748787 0.0890978 0.162115
0.559 116.78 111.806 587.4 204.595 1259.71 150.187 0.749542 0.0884193 0.162039
0.558 116.19 111.432 586.141 205.172 1258.66 150.27 0.750299 0.0877407 0.16196
0.557 115.603 111.059 584.883 205.752 1257.6 150.354 0.751061 0.0870619 0.161878
0.556 115.017 110.687 583.626 206.334 1256.55 150.438 0.751825 0.0863829 0.161792
0.555 114.434 110.315 582.37 206.92 1255.5 150.523 0.752594 0.0857038 0.161702
0.554 113.852 109.944 581.115 207.508 1254.45 150.609 0.753366 0.0850246 0.161609
0.553 113.273 109.573 579.861 208.099 1253.41 150.696 0.754142 0.0843454 0.161512
0.552 112.696 109.203 578.608 208.692 1252.36 150.784 0.754922 0.0836663 0.161411
0.551 112.121 108.834 577.356 209.289 1251.32 150.873 0.755706 0.0829872 0.161307
0.55 111.548 108.464 576.105 209.889 1250.28 150.963 0.756494 0.0823082 0.161197
0.549 110.978 108.096 574.856 210.492 1249.24 151.054 0.757287 0.0816294 0.161084
0.548 110.409 107.728 573.607 211.098 1248.2 151.146 0.758083 0.0809508 0.160966
0.547 109.843 107.361 572.359 211.707 1247.17 151.239 0.758884 0.0802726 0.160844
0.546 109.279 106.994 571.113 212.319 1246.14 151.333 0.759689 0.0795947 0.160716
0.545 108.717 106.628 569.867 212.935 1245.11 151.428 0.760499 0.0789172 0.160584
0.544 108.157 106.262 568.622 213.554 1244.08 151.525 0.761314 0.0782403 0.160446
0.543 107.6 105.897 567.379 214.176 1243.06 151.623 0.762134 0.077564 0.160302
0.542 107.045 105.532 566.136 214.802 1242.03 151.723 0.762959 0.0768885 0.160153
0.541 106.493 105.168 564.895 215.432 1241.01 151.824 0.763789 0.0762138 0.159997
0.54 105.943 104.804 563.654 216.065 1239.99 151.927 0.764625 0.0755401 0.159835
0.539 105.395 104.441 562.415 216.702 1238.98 152.032 0.765467 0.0748675 0.159666
0.538 104.85 104.079 561.176 217.344 1237.97 152.139 0.766315 0.0741963 0.159489
0.537 104.308 103.717 559.939 217.989 1236.96 152.248 0.767169 0.0735266 0.159304
0.536 103.768 103.355 558.702 218.638 1235.95 152.36 0.768031 0.0728587 0.15911
0.535 103.231 102.994 557.467 219.292 1234.95 152.474 0.768901 0.0721929 0.158906
0.534 102.697 102.634 556.233 219.952 1233.95 152.593 0.769779 0.0715296 0.158691
0.533 102.166 102.274 554.999 220.616 1232.96 152.715 0.770667 0.0708693 0.158464
0.532 101.638 101.915 553.767 221.286 1231.96 152.841 0.771565 0.0702126 0.158223
0.531 101.114 101.556 552.535 221.962 1230.98 152.974 0.772476 0.0695604 0.157964
0.53 100.075 102.888 552.201 222.143 1230.71 153.006 0.773821 0.0694762 0.158087
0.529 100.045 100.84 550.075 223.263 1228.96 153.113 0.774136 0.0681707 0.157693
0.528 99.5089 100.482 548.847 223.908 1227.95 153.163 0.774946 0.0674628 0.157591
0.527 98.9752 100.126 547.619 224.557 1226.93 153.214 0.775759 0.0667553 0.157486
0.526 98.4438 99.7697 546.393 225.21 1225.93 153.264 0.776576 0.0660482 0.157376
0.525 97.9146 99.4141 545.167 225.866 1224.92 153.315 0.777397 0.0653415 0.157262
0.524 97.3876 99.0592 543.943 226.525 1223.91 153.367 0.778222 0.0646353 0.157143
0.523 96.863 98.7048 542.72 227.188 1222.91 153.418 0.779051 0.0639297 0.157019
0.522 96.3406 98.3509 541.497 227.855 1221.91 153.47 0.779885 0.0632247 0.156891
0.521 95.8205 97.9977 540.276 228.526 1220.91 153.522 0.780723 0.0625204 0.156757
0.52 95.3027 97.6449 539.055 229.2 1219.92 153.574 0.781565 0.0618169 0.156618
0.519 94.7874 97.2927 537.836 229.878 1218.93 153.626 0.782411 0.0611143 0.156474
0.518 94.2744 96.9411 536.618 230.56 1217.94 153.679 0.783263 0.0604126 0.156325
0.517 93.7638 96.5901 535.4 231.246 1216.95 153.732 0.784119 0.059712 0.156169
0.516 93.2557 96.2395 534.184 231.936 1215.97 153.785 0.78498 0.0590125 0.156007
0.515 92.7501 95.8896 532.968 232.631 1214.99 153.838 0.785846 0.0583143 0.15584
0.514 92.247 95.5401 531.754 233.33 1214.01 153.891 0.786717 0.0576174 0.155665
0.513 91.7465 95.1912 530.54 234.033 1213.03 153.944 0.787594 0.0569221 0.155484
0.512 91.2486 94.8429 529.328 234.741 1212.06 153.997 0.788476 0.0562283 0.155295
0.511 90.7534 94.4951 528.116 235.453 1211.09 154.051 0.789364 0.0555364 0.155099
0.51 90.2609 94.1478 526.905 236.171 1210.13 154.104 0.790258 0.0548464 0.154895
0.509 89.7712 93.801 525.696 236.893 1209.17 154.157 0.791159 0.0541585 0.154683
0.508 89.2843 93.4548 524.487 237.621 1208.21 154.21 0.792066 0.0534729 0.154462
0.507 88.8005 93.1091 523.279 238.354 1207.26 154.263 0.792979 0.0527899 0.154231
0.506 88.3196 92.7639 522.073 239.092 1206.31 154.315 0.7939 0.0521097 0.15399
0.505 87.8419 92.4192 520.867 239.837 1205.36 154.368 0.794829 0.0514326 0.153738
0.504 87.3675 92.075 519.662 240.588 1204.42 154.419 0.795766 0.050759 0.153475
0.503 86.8965 91.7313 518.458 241.346 1203.49 154.47 0.796712 0.0500891 0.153199
0.502 86.4291 91.3881 517.255 242.11 1202.56 154.52 0.797667 0.0494236 0.152909
0.501 85.9655 91.0453 516.053 242.882 1201.63 154.569 0.798633 0.0487629 0.152604
0.5 85.506 90.7031 514.852 243.663 1200.72 154.617 0.79961 0.0481076 0.152283
0.499 85.0508 90.3613 513.651 244.452 1199.8 154.663 0.800599 0.0474588 0.151942
0.498 84.6004 90.0199 512.452 245.252 1198.9 154.707 0.801603 0.0468173 0.15158
0.497 84.1553 89.679 511.253 246.062 1198.01 154.747 0.802623 0.0461846 0.151192
0.496 83.7163 89.3385 510.056 246.886 1197.12 154.784 0.803662 0.0455626 0.150775
0.495 83.2844 88.9983 508.859 247.725 1196.25 154.816 0.804725 0.044954 0.150321
0.494 82.8612 88.6587 507.663 248.584 1195.39 154.839 0.805817 0.0443631 0.14982
0.493 82.4421 88.3193 506.468 249.452 1194.54 154.868 0.806923 0.0437773 0.1493
0.492 81.9729 87.9804 505.274 250.2 1193.59 155.023 0.807848 0.043052 0.1491
0.491 81.5063 87.6421 504.081 250.952 1192.64 155.18 0.808779 0.0423286 0.148892
0.49 81.0423 87.3042 502.889 251.71 1191.7 155.341 0.809717 0.0416074 0.148675
0.489 80.5809 86.967 501.698 252.473 1190.75 155.506 0.810662 0.0408884 0.148449
0.488 80.1224 86.6303 500.508 253.241 1189.82 155.674 0.811615 0.040172 0.148213
0.487 79.6666 86.2941 499.318 254.015 1188.88 155.846 0.812575 0.0394584 0.147967
0.486 79.2139 85.9584 498.13 254.795 1187.95 156.023 0.813544 0.0387479 0.147708
0.485 78.7642 85.6233 496.942 255.581 1187.02 156.205 0.814522 0.0380407 0.147437
0.484 78.3179 85.2887 495.756 256.375 1186.1 156.392 0.815511 0.0373374 0.147152
0.483 77.875 84.9547 494.57 257.176 1185.19 156.587 0.816511 0.0366385 0.14685
0.482 77.4359 84.6211 493.385 257.985 1184.28 156.789 0.817525 0.0359444 0.146531
0.481 77.0009 84.2881 492.202 258.803 1183.37 157 0.818553 0.0352561 0.146191
0.48 76.5704 83.9555 491.019 259.632 1182.48 157.221 0.819599 0.0345744 0.145827
0.479 76.1451 83.6234 489.837 260.473 1181.59 157.456 0.820666 0.0339008 0.145434
0.478 75.7062 83.2918 488.655 261.275 1180.67 157.626 0.821648 0.033196 0.145156
0.477 75.241 82.9607 487.475 262.007 1179.7 157.679 0.822475 0.0324341 0.145091
0.476 74.7776 82.6304 486.296 262.741 1178.73 157.732 0.823304 0.0316738 0.145022
0.475 74.3159 82.3007 485.118 263.479 1177.76 157.785 0.824134 0.0309152 0.144951
0.474 73.8559 81.9716 483.941 264.22 1176.79 157.838 0.824965 0.0301583 0.144877
0.473 73.3976 81.6432 482.764 264.964 1175.82 157.892 0.825798 0.0294033 0.144799
0.472 72.9411 81.3155 481.589 265.711 1174.85 157.946 0.826632 0.0286503 0.144718
0.471 72.4862 80.9884 480.415 266.462 1173.89 158 0.827467 0.0278995 0.144634
0.47 72.033 80.662 479.241 267.215 1172.92 158.054 0.828303 0.027151 0.144547
0.469 71.5815 80.3362 478.069 267.973 1171.96 158.108 0.82914 0.0264049 0.144456
0.468 71.1317 80.0111 476.897 268.733 1171 158.163 0.829977 0.0256614 0.144361
0.467 70.6836 79.6867 475.727 269.497 1170.04 158.218 0.830816 0.0249207 0.144263
0.466 70.2371 79.3629 474.557 270.265 1169.09 158.273 0.831656 0.0241829 0.144161
0.465 69.7922 79.0398 473.389 271.036 1168.13 158.328 0.832496 0.0234483 0.144056
0.464 69.349 78.7174 472.221 271.81 1167.18 158.383 0.833336 0.022717 0.143947
0.463 68.9074 78.3956 471.054 272.588 1166.22 158.439 0.834177 0.0219894 0.143833
0.462 68.4674 78.0745 469.888 273.37 1165.27 158.494 0.835018 0.0212655 0.143716
0.461 68.0289 77.7541 468.724 274.155 1164.32 158.55 0.835859 0.0205458 0.143595
0.46 67.592 77.4343 467.56 274.943 1163.37 158.606 0.8367 0.0198304 0.143469
0.459 67.1566 77.1152 466.397 275.736 1162.43 158.662 0.837541 0.0191198 0.143339
0.458 66.7228 76.7968 465.235 276.532 1161.48 158.718 0.838381 0.0184142 0.143205
0.457 66.2903 76.479 464.074 277.331 1160.53 158.774 0.83922 0.0177141 0.143066
0.456 65.8593 76.162 462.914 278.135 1159.59 158.83 0.840058 0.0170199 0.142922
0.455 65.4297 75.8456 461.755 278.942 1158.65 158.886 0.840895 0.016332 0.142773
0.454 65.0014 75.5299 460.597 279.754 1157.7 158.942 0.841729 0.0156512 0.142619
0.453 64.5744 75.2148 459.439 280.569 1156.76 158.998 0.842562 0.0149779 0.14246
0.452 64.1485 74.9005 458.283 281.388 1155.82 159.054 0.843391 0.014313 0.142296
0.451 63.7238 74.5869 457.128 282.211 1154.88 159.11 0.844217 0.0136574 0.142126
0.45 63.3 74.2739 455.973 283.039 1153.94 159.165 0.845038 0.0130123 0.14195
0.449 62.8771 73.9617 454.82 283.87 1153 159.221 0.845854 0.0123791 0.141767
0.448 62.4548 73.6501 453.667 284.706 1152.06 159.276 0.846663 0.0117599 0.141578
0.447 62.0327 73.3393 452.516 285.547 1151.11 159.33 0.847462 0.0111576 0.141381
0.446 61.6103 73.0292 451.365 286.392 1150.17 159.384 0.848247 0.0105774 0.141175
0.445 61.1854 72.7199 450.215 287.242 1149.22 159.436 0.849006 0.0100363 0.140958
0.444 60.7585 72.4113 449.067 288.097 1148.25 159.486 0.849738 0.00953227 0.140729
0.443 60.3336 72.1035 447.919 288.957 1147.3 159.537 0.850472 0.00903345 0.140495
0.442 59.9107 71.7964 446.772 289.822 1146.34 159.587 0.851206 0.00854004 0.140254
0.441 59.4897 71.4901 445.626 290.691 1145.39 159.638 0.85194 0.00805233 0.140007
0.44 59.0708 71.1846 444.481 291.564 1144.44 159.689 0.852675 0.00757058 0.139755
0.439 58.6537 70.8799 443.337 292.443 1143.49 159.74 0.85341 0.00709512 0.139495
0.438 58.2387 70.5759 442.194 293.326 1142.54 159.791 0.854144 0.00662628 0.13923
0.437 57.8255 70.2728 441.052 294.214 1141.6 159.842 0.854879 0.00616442 0.138957
0.436 57.4142 69.9703 439.911 295.107 1140.65 159.894 0.855612 0.00570994 0.138678
0.435 57.0048 69.6687 438.771 296.005 1139.71 159.945 0.856346 0.00526328 0.138391
0.434 56.5973 69.3678 437.632 296.908 1138.78 159.997 0.857078 0.00482491 0.138097
0.433 56.1916 69.0677 436.493 297.815 1137.84 160.048 0.857809 0.00439538 0.137796
0.432 55.7876 68.7684 435.356 298.728 1136.91 160.1 0.858538 0.00397526 0.137487
0.431 55.3854 68.4699 434.22 299.647 1135.97 160.151 0.859265 0.00356524 0.13717
0.43 54.9849 68.1721 433.084 300.57 1135.04 160.203 0.859989 0.00316608 0.136845
0.429 54.586 67.8751 431.949 301.499 1134.12 160.254 0.860711 0.00277864 0.136511
0.428 54.1887 67.5789 430.816 302.434 1133.19 160.305 0.861428 0.00240394 0.136168
0.427 53.7928 67.2835 429.683 303.374 1132.26 160.356 0.862141 0.00204318 0.135815
0.426 53.3983 66.9889 428.551 304.32 1131.34 160.407 0.862849 0.00169781 0.135453
0.425 53.005 66.695 427.42 305.272 1130.41 160.457 0.86355 0.00136958 0.135081
0.424 52.6128 66.402 426.29 306.231 1129.49 160.507 0.864242 0.00106075 0.134697
0.423 52.2213 66.1097 425.161 307.195 1128.56 160.556 0.864924 0.000774271 0.134302
0.422 51.8302 65.8183 424.033 308.167 1127.64 160.605 0.865592 0.00051429 0.133894
0.421 51.4391 65.5276 422.906 309.145 1126.71 160.652 0.866242 0.000287117 0.133471
0.42 51.0467 65.2378 421.78 310.131 1125.78 160.698 0.866864 0.0001041 0.133032
0.419 50.6497 64.9489 420.655 311.128 1124.83 160.74 0.867433 0 0.132567
0.418 50.2459 64.6608 419.53 312.136 1123.87 160.778 0.867929 0 0.132071
0.417 49.8458 64.3737 418.407 313.15 1122.91 160.817 0.868434 0 0.131566
0.416 49.4493 64.0875 417.284 314.17 1121.96 160.856 0.868948 0 0.131052
0.415 49.0565 63.8022 416.163 315.197 1121.01 160.895 0.86947 0 0.13053
0.414 48.6675 63.5178 415.042 316.23 1120.07 160.936 0.870002 0 0.129998
0.413 48.2821 63.2343 413.923 317.268 1119.14 160.977 0.870544 0 0.129456
0.412 47.9005 62.9517 412.804 318.314 1118.21 161.019 0.871094 0 0.128906
0.411 47.5226 62.6699 411.686 319.365 1117.3 161.061 0.871655 0 0.128345
0.41 47.1484 62.389 410.57 320.423 1116.39 161.104 0.872226 0 0.127774
0.409 46.7781 62.109 409.454 321.487 1115.48 161.148 0.872807 0 0.127193
0.408 46.4115 61.8298 408.339 322.558 1114.58 161.193 0.873398 0 0.126602
0.407 46.0487 61.5514 407.224 323.635 1113.69 161.238 0.874 0 0.126
0.406 45.6897 61.2738 406.111 324.719 1112.81 161.284 0.874612 0 0.125388
0.405 45.3346 60.997 404.999 325.809 1111.93 161.33 0.875236 0 0.124764
0.404 44.9833 60.721 403.887 326.906 1111.07 161.378 0.875871 0 0.124129
0.403 44.6359 60.4458 402.777 328.01 1110.2 161.426 0.876518 0 0.123482
0.402 44.2923 60.1713 401.667 329.12 1109.35 161.474 0.877176 0 0.122824
0.401 43.9527 59.8976 400.558 330.238 1108.51 161.524 0.877846 0 0.122154
0.4 43.6169 59.6246 399.45 331.362 1107.67 161.574 0.878529 0 0.121471
0.399 43.2851 59.3524 398.343 332.493 1106.84 161.625 0.879224 0 0.120776
0.398 42.9573 59.0809 397.236 333.631 1106.01 161.677 0.879932 0 0.120068
0.397 42.6334 58.81 396.131 334.776 1105.2 161.73 0.880654 0 0.119346
0.396 42.3136 58.5399 395.026 335.929 1104.39 161.783 0.881389 0 0.118611
0.395 41.9977 58.2704 393.922 337.088 1103.59 161.837 0.882138 0 0.117862
0.394 41.686 58.0015 392.819 338.255 1102.8 161.892 0.882901 0 0.117099
0.393 41.3783 57.7333 391.716 339.429 1102.02 161.947 0.883678 0 0.116322
0.392 41.0747 57.4657 390.615 340.611 1101.25 162.004 0.884471 0 0.115529
0.391 40.7752 57.1987 389.514 341.8 1100.48 162.061 0.885279 0 0.114721
0.39 40.48 56.9322 388.414 342.997 1099.73 162.119 0.886102 0 0.113898
0.389 40.1889 56.6664 387.314 344.202 1098.98 162.178 0.886943 0 0.113057
0.388 39.9021 56.4011 386.216 345.414 1098.24 162.238 0.887799 0 0.112201
0.387 39.6196 56.1363 385.118 346.635 1097.51 162.299 0.888673 0 0.111327
0.386 39.3414 55.872 384.021 347.863 1096.79 162.36 0.889565 0 0.110435
0.385 39.0675 55.6082 382.924 349.1 1096.08 162.423 0.890475 0 0.109525
0.384 38.7981 55.3448 381.828 350.345 1095.38 162.486 0.891405 0 0.108595
0.383 38.5332 55.0819 380.733 351.598 1094.69 162.55 0.892353 0 0.107647
0.382 38.2728 54.8195 379.639 352.861 1094.01 162.616 0.893322 0 0.106678
0.381 38.017 54.5574 378.545 354.132 1093.34 162.682 0.894312 0 0.105688
0.38 37.7659 54.2957 377.452 355.412 1092.68 162.749 0.895324 0 0.104676
0.379 37.5196 54.0343 376.36 356.701 1092.03 162.818 0.896359 0 0.103641
0.378 37.2781 53.7732 375.268 358 1091.39 162.887 0.897417 0 0.102583
0.377 37.0415 53.5125 374.177 359.308 1090.77 162.957 0.8985 0 0.1015
0.376 36.81 53.252 373.087 360.627 1090.15 163.029 0.899609 0 0.100391
0.375 36.5837 52.9917 371.997 361.956 1089.55 163.102 0.900745 0 0.0992547
0.374 36.3627 52.7317 370.908 363.295 1088.96 163.176 0.90191 0 0.0980902
0.373 36.1471 52.4718 369.819 364.646 1088.38 163.251 0.903104 0 0.0968957
0.372 35.9372 52.2121 368.731 366.008 1087.82 163.327 0.904331 0 0.0956693
0.371 35.7332 51.9524 367.643 367.382 1087.27 163.405 0.905591 0 0.094409
0.37 35.5353 51.6928 366.556 368.769 1086.73 163.484 0.906887 0 0.0931126
0.369 35.3439 51.4332 365.47 370.17 1086.22 163.565 0.908223 0 0.0917771
0.368 35.1593 51.1736 364.384 371.585 1085.72 163.648 0.909601 0 0.0903994
0.367 34.982 50.914 363.298 373.016 1085.23 163.732 0.911025 0 0.0889752
0.366 34.8126 50.6542 362.213 374.464 1084.77 163.818 0.9125 0 0.0874996
0.365 34.6519 50.3942 361.129 375.931 1084.33 163.906 0.914034 0 0.0859659
0.364 34.5011 50.1339 360.045 377.419 1083.92 163.996 0.915635 0 0.0843651
0.363 34.3617 49.8734 358.961 378.934 1083.53 164.09 0.917316 0 0.0826843
0.362 34.2362 49.6124 357.878 380.481 1083.19 164.187 0.919097 0 0.0809035
0.361 34.1293 49.3508 356.795 382.071 1082.89 164.29 0.921012 0 0.0789883
0.36 34.05 49.0885 355.712 383.726 1082.67 164.402 0.923132 0 0.0768683
0.359 33.9125 49.1345 354.74 385.317 1082.6 164.52 0.925628 0 0.0746543
0.358 32.8342 51.8828 354.736 385.32 1082.6 164.52 0.9282 0 0.0748562
0.357 31.7566 54.6449 354.731 385.324 1082.6 164.521 0.93079 0 0.0750552
0.356 30.6758 57.4309 354.729 385.325 1082.6 164.521 0.933395 0 0.075265
0.355 29.5939 60.2358 354.729 385.325 1082.6 164.521 0.936023 0 0.0754753
0.354 28.519 63.0369 354.721 385.326 1082.6 164.521 0.938623 0 0.0756862
0.353 27.4363 65.8759 354.721 385.326 1082.6 164.521 0.941283 0 0.0759011
0.352 26.6805 67.6622 354.345 385.861 1082.46 164.617 0.943725 0 0.0753928
0.351 32.476 46.717 345.987 396.516 1078.24 165.321 0.935683 0 0.0643167
0.35 32.33 46.4531 344.909 398.001 1077.82 165.463 0.937305 0 0.0626944
0.349 32.2038 46.1886 343.831 399.533 1077.46 165.631 0.939094 0 0.060905
0.348 31.9548 45.9249 342.754 400.752 1076.75 165.449 0.939724 0 0.0602758
0.347 31.6923 45.6614 341.677 401.934 1075.99 165.219 0.940206 0 0.0597938
0.346 31.4336 45.3985 340.602 403.123 1075.25 164.985 0.940702 0 0.0592976
0.345 31.1786 45.1362 339.527 404.32 1074.51 164.749 0.941214 0 0.0587862
0.344 30.9275 44.8746 338.453 405.524 1073.78 164.508 0.941741 0 0.0582588
0.343 30.6805 44.6135 337.379 406.736 1073.06 164.264 0.942286 0 0.0577143
0.342 30.4378 44.353 336.307 407.957 1072.35 164.014 0.942848 0 0.0571515
0.341 30.1993 44.093 335.235 409.186 1071.65 163.76 0.943431 0 0.056569
0.34 29.9655 43.8336 334.163 410.425 1070.97 163.499 0.944035 0 0.0559651
0.339 29.7365 43.5746 333.093 411.674 1070.29 163.232 0.944662 0 0.0553378
0.338 29.5126 43.3161 332.023 412.933 1069.63 162.957 0.945315 0 0.0546849
0.337 29.2943 43.0579 330.954 414.205 1068.98 162.672 0.945997 0 0.0540033
0.336 29.0821 42.8002 329.885 415.489 1068.35 162.376 0.94671 0 0.0532895
0.335 28.8765 42.5427 328.817 416.787 1067.74 162.066 0.947461 0 0.0525387
0.334 28.6566 42.2856 327.749 418.051 1067.08 161.839 0.948126 0 0.0518743
0.333 28.3948 42.0291 326.683 419.216 1066.3 161.814 0.948537 0 0.0514626
0.332 28.1356 41.7734 325.617 420.385 1065.52 161.79 0.948957 0 0.0510428
0.331 27.879 41.5186 324.552 421.559 1064.75 161.767 0.949385 0 0.0506147
0.33 27.6249 41.2645 323.487 422.738 1063.98 161.744 0.949822 0 0.050178
0.329 27.3734 41.0112 322.424 423.921 1063.21 161.722 0.950267 0 0.0497326
0.328 27.1245 40.7587 321.361 425.11 1062.46 161.701 0.950722 0 0.0492783
0.327 26.8782 40.507 320.299 426.302 1061.7 161.681 0.951185 0 0.0488148
0.326 26.6344 40.256 319.237 427.5 1060.96 161.662 0.951658 0 0.0483419
0.325 26.3932 40.0057 318.177 428.703 1060.22 161.644 0.952141 0 0.0478594
0.324 26.1545 39.7562 317.117 429.91 1059.48 161.626 0.952633 0 0.0473671
0.323 25.9185 39.5074 316.058 431.123 1058.75 161.609 0.953135 0 0.0468646
0.322 25.685 39.2594 315 432.34 1058.03 161.594 0.953648 0 0.0463518
0.321 25.4542 39.012 313.942 433.562 1057.31 161.579 0.954172 0 0.0458283
0.32 25.2259 38.7653 312.885 434.79 1056.6 161.565 0.954706 0 0.0452938
0.319 25.0002 38.5193 311.829 436.022 1055.89 161.553 0.955252 0 0.0447481
0.318 24.7771 38.2739 310.773 437.259 1055.19 161.541 0.955809 0 0.0441909
0.317 24.5566 38.0292 309.718 438.502 1054.49 161.531 0.956378 0 0.0436218
0.316 24.3387 37.7852 308.664 439.749 1053.81 161.522 0.95696 0 0.0430405
0.315 24.1235 37.5418 307.611 441.002 1053.12 161.514 0.957553 0 0.0424466
0.314 23.9108 37.2989 306.558 442.26 1052.45 161.507 0.95816 0 0.0418398
0.313 23.7008 37.0567 305.506 443.523 1051.78 161.502 0.95878 0 0.0412197
0.312 23.4935 36.8151 304.454 444.792 1051.11 161.498 0.959414 0 0.0405858
0.311 23.2888 36.574 303.404 446.066 1050.46 161.495 0.960062 0 0.0399378
0.31 23.0867 36.3335 302.353 447.345 1049.81 161.494 0.960725 0 0.0392752
0.309 22.8874 36.0936 301.304 448.63 1049.16 161.495 0.961403 0 0.0385974
0.308 22.6907 35.8541 300.255 449.92 1048.53 161.497 0.962096 0 0.0379041
0.307 22.4967 35.6152 299.207 451.216 1047.89 161.501 0.962805 0 0.0371947
0.306 22.3055 35.3767 298.159 452.518 1047.27 161.507 0.963531 0 0.0364686
0.305 22.117 35.1387 297.112 453.826 1046.65 161.514 0.964275 0 0.0357253
0.304 21.9312 34.9012 296.066 455.139 1046.04 161.524 0.965036 0 0.0349641
0.303 21.7482 34.6641 295.02 456.459 1045.44 161.535 0.965816 0 0.0341843
0.302 21.5681 34.4274 293.975 457.784 1044.84 161.549 0.966615 0 0.0333853
0.301 21.3908 34.1911 292.931 459.116 1044.26 161.565 0.967434 0 0.0325663
0.3 21.2163 33.9552 291.887 460.454 1043.68 161.584 0.968274 0 0.0317265
0.299 21.0447 33.7197 290.843 461.798 1043.1 161.604 0.969135 0 0.030865
0.298 20.8761 33.4844 289.8 463.149 1042.54 161.628 0.970019 0 0.029981
0.297 20.7104 33.2495 288.758 464.507 1041.98 161.655 0.970927 0 0.0290734
0.296 20.5478 33.0148 287.716 465.872 1041.43 161.684 0.971859 0 0.0281411
0.295 20.3882 32.7804 286.675 467.243 1040.89 161.716 0.972817 0 0.0271831
0.294 20.2317 32.5463 285.635 468.622 1040.36 161.752 0.973802 0 0.0261981
0.293 20.0783 32.3123 284.595 470.008 1039.84 161.792 0.974815 0 0.0251847
0.292 19.9283 32.0785 283.555 471.402 1039.33 161.835 0.975858 0 0.0241415
0.291 19.7815 31.8448 282.516 472.805 1038.82 161.882 0.976933 0 0.0230669
0.29 19.6381 31.6113 281.477 474.215 1038.33 161.934 0.978041 0 0.021959
0.289 19.4982 31.3778 280.439 475.634 1037.85 161.99 0.979184 0 0.0208161
0.288 19.3618 31.1444 279.402 477.061 1037.37 162.051 0.980364 0 0.0196359
0.287 19.2292 30.9109 278.364 478.498 1036.91 162.118 0.981584 0 0.018416
0.286 19.1004 30.6774 277.328 479.945 1036.46 162.19 0.982846 0 0.0171539
0.285 18.9756 30.4439 276.291 481.403 1036.02 162.268 0.984154 0 0.0158464
0.284 18.8549 30.2102 275.256 482.871 1035.6 162.354 0.98551 0 0.0144903
0.283 18.7386 29.9763 274.22 484.35 1035.19 162.447 0.986918 0 0.0130817
0.282 18.6268 29.7422 273.185 485.842 1034.79 162.548 0.988384 0 0.0116162
0.281 18.5199 29.5079 272.151 487.347 1034.42 162.659 0.989911 0 0.0100886
0.28 18.4182 29.2731 271.116 488.867 1034.05 162.779 0.991507 0 0.00849302
0.279 18.3221 29.038 270.083 490.402 1033.71 162.911 0.993178 0 0.00682234
0.278 18.232 28.8023 269.049 491.954 1033.38 163.056 0.994932 0 0.00506808
0.277 18.1485 28.5661 268.016 493.526 1033.08 163.215 0.99678 0 0.00321991
0.276 18.0723 28.3293 266.983 495.118 1032.81 163.391 0.998735 0 0.00126512
0.275 17.9528 28.0917 265.95 496.57 1032.37 163.358 1 0 0
0.274 17.7544 27.8548 264.918 497.766 1031.65 162.964 1 0 0
0.273 17.5575 27.6188 263.887 498.965 1030.93 162.57 1 0 0
0.272 17.3623 27.3836 262.856 500.166 1030.22 162.174 1 0 0
0.271 17.1687 27.1494 261.826 501.371 1029.5 161.777 1 0 0
0.27 16.9767 26.9161 260.797 502.578 1028.79 161.38 1 0 0
0.269 16.7863 26.6837 259.769 503.788 1028.09 160.981 1 0 0
0.268 16.5974 26.4521 258.741 505 1027.38 160.582 1 0 0
0.267 16.4102 26.2215 257.714 506.216 1026.68 160.182 1 0 0
0.266 16.2245 25.9917 256.688 507.434 1025.99 159.781 1 0 0
0.265 16.0403 25.7629 255.662 508.655 1025.29 159.379 1 0 0
0.264 15.8577 25.5349 254.637 509.879 1024.6 158.976 1 0 0
0.263 15.6766 25.3078 253.613 511.106 1023.91 158.572 1 0 0
0.262 15.4971 25.0816 252.589 512.335 1023.23 158.167 1 0 0
0.261 15.3191 24.8563 251.566 513.567 1022.55 157.762 1 0 0
0.26 15.1426 24.6319 250.544 514.802 1021.87 157.355 1 0 0
0.259 14.9677 24.4083 249.523 516.04 1021.2 156.948 1 0 0
0.258 14.7942 24.1856 248.502 517.28 1020.53 156.539 1 0 0
0.257 14.6223 23.9638 247.482 518.523 1019.86 156.13 1 0 0
0.256 14.4518 23.7428 246.462 519.769 1019.2 155.72 1 0 0
0.255 14.2828 23.5228 245.443 521.018 1018.53 155.309 1 0 0
0.254 14.1153 23.3035 244.425 522.269 1017.88 154.897 1 0 0
0.253 13.9492 23.0852 243.408 523.523 1017.22 154.484 1 0 0
0.252 13.7846 22.8677 242.391 524.779 1016.57 154.07 1 0 0
0.251 13.6215 22.651 241.374 526.039 1015.92 153.655 1 0 0
0.25 13.4598 22.4353 240.359 527.301 1015.27 153.239 1 0 0
0.249 13.2995 22.2203 239.344 528.566 1014.63 152.822 1 0 0
0.248 13.1407 22.0063 238.33 529.833 1013.99 152.404 1 0 0
0.247 12.9832 21.793 237.316 531.103 1013.36 151.985 1 0 0
0.246 12.8272 21.5806 236.303 532.376 1012.72 151.566 1 0 0
0.245 12.6726 21.3691 235.29 533.651 1012.09 151.145 1 0 0
0.244 12.5194 21.1584 234.279 534.929 1011.47 150.723 1 0 0
0.243 12.3676 20.9485 233.267 536.21 1010.84 150.301 1 0 0
0.242 12.2172 20.7395 232.257 537.493 1010.22 149.877 1 0 0
0.241 12.0682 20.5313 231.247 538.779 1009.61 149.452 1 0 0
0.24 11.9205 20.3239 230.238 540.068 1008.99 149.027 1 0 0
0.239 11.7742 20.1174 229.229 541.359 1008.38 148.6 1 0 0
0.238 11.6292 19.9117 228.221 542.653 1007.77 148.173 1 0 0
0.237 11.4856 19.7068 227.214 543.949 1007.17 147.744 1 0 0
0.236 11.3433 19.5027 226.207 545.248 1006.57 147.314 1 0 0
0.235 11.2024 19.2995 225.2 546.55 1005.97 146.884 1 0 0
0.234 11.0628 19.097 224.195 547.855 1005.37 146.452 1 0 0
0.233 10.9245 18.8954 223.19 549.161 1004.78 146.019 1 0 0
0.232 10.7876 18.6945 222.185 550.471 1004.19 145.586 1 0 0
0.231 10.6519 18.4945 221.181 551.783 1003.61 145.151 1 0 0
0.23 10.5175 18.2953 220.178 553.098 1003.02 144.715 1 0 0
0.229 10.3845 18.0969 219.175 554.415 1002.44 144.278 1 0 0
0.228 10.2527 17.8993 218.173 555.735 1001.87 143.84 1 0 0
0.227 10.1222 17.7024 217.171 557.057 1001.29 143.401 1 0 0
0.226 9.99295 17.5064 216.17 558.382 1000.72 142.961 1 0 0
0.225 9.86499 17.3111 215.17 559.71 1000.16 142.52 1 0 0
0.224 9.73829 17.1167 214.17 561.04 999.591 142.078 1 0 0
0.223 9.61285 16.923 213.171 562.373 999.03 141.634 1 0 0
0.222 9.48865 16.7301 212.172 563.708 998.472 141.19 1 0 0
0.221 9.36569 16.5379 211.174 565.046 997.917 140.744 1 0 0
0.22 9.24398 16.3465 210.176 566.386 997.365 140.298 1 0 0
0.219 9.12349 16.1559 209.179 567.729 996.816 139.85 1 0 0
0.218 9.00422 15.9661 208.183 569.075 996.27 139.401 1 0 0
0.217 8.88618 15.777 207.187 570.423 995.727 138.951 1 0 0
0.216 8.76935 15.5887 206.191 571.774 995.187 138.5 1 0 0
0.215 8.65372 15.4011 205.196 573.127 994.651 138.047 1 0 0
0.214 8.5393 15.2142 204.202 574.482 994.117 137.594 1 0 0
0.213 8.42607 15.0281 203.208 575.841 993.587 137.139 1 0 0
0.212 8.31403 14.8428 202.215 577.201 993.06 136.683 1 0 0
0.211 8.20318 14.6582 201.222 578.565 992.536 136.226 1 0 0
0.21 8.09351 14.4743 200.23 579.931 992.015 135.767 1 0 0
0.209 7.98501 14.2911 199.238 581.299 991.497 135.308 1 0 0
0.208 7.87768 14.1087 198.247 582.67 990.982 134.847 1 0 0
0.207 7.77152 13.9269 197.256 584.043 990.471 134.385 1 0 0
0.206 7.66652 13.7459 196.266 585.419 989.962 133.921 1 0 0
0.205 7.56268 13.5656 195.276 586.798 989.457 133.456 1 0 0
0.204 7.45999 13.386 194.287 588.179 988.955 132.99 1 0 0
0.203 7.35845 13.2071 193.298 589.562 988.456 132.523 1 0 0
0.202 7.25805 13.0289 192.31 590.948 987.96 132.054 1 0 0
0.201 7.1588 12.8513 191.322 592.337 987.467 131.584 1 0 0
0.2 7.06068 12.6745 190.335 593.728 986.978 131.112 1 0 0
0.199 6.96369 12.4983 189.348 595.122 986.492 130.639 1 0 0
0.198 6.86784 12.3228 188.362 596.518 986.009 130.165 1 0 0
0.197 6.77312 12.1479 187.376 597.917 985.529 129.689 1 0 0
0.196 6.67952 11.9737 186.391 599.318 985.053 129.212 1 0 0
0.195 6.58705 11.8002 185.406 600.722 984.58 128.733 1 0 0
0.194 6.4957 11.6272 184.422 602.128 984.11 128.252 1 0 0
0.193 6.40547 11.4549 183.438 603.537 983.644 127.77 1 0 0
0.192 6.31636 11.2832 182.454 604.949 983.181 127.287 1 0 0
0.191 6.22838 11.1121 181.471 606.363 982.721 126.801 1 0 0
0.19 6.14153 10.9416 180.489 607.779 982.265 126.314 0.999999 0 0
0.189 6.05571 10.7721 179.507 609.198 981.813 125.826 1 0 0
0.188 5.97107 10.6028 178.525 610.62 981.364 125.335 1 0 0
0.187 5.88755 10.4342 177.544 612.044 980.918 124.843 1 0 0
0.186 5.80515 10.2661 176.563 613.471 980.477 124.348 1 0 0
0.185 5.72433 10.0961 175.583 614.901 980.038 123.852 0.999996 0 0
0.184 4.75506 15.192 175.571 614.913 980.035 123.848 1.00536 0 0
0.183 5.55129 9.7655 173.624 617.754 979.1 123.16 1 0 0
0.182 5.46466 9.60013 172.645 619.183 978.626 122.856 1 0 0
0.181 5.37901 9.43555 171.667 620.614 978.154 122.551 1 0 0
0.18 5.29435 9.27175 170.689 622.048 977.685 122.245 1 0 0
0.179 5.21068 9.10874 169.711 623.484 977.219 121.938 1 0 0
0.178 5.12798 8.9465 168.734 624.924 976.755 121.631 1 0 0
0.177 5.04626 8.78504 167.758 626.365 976.295 121.324 1 0 0
0.176 4.9655 8.62435 166.782 627.81 975.837 121.015 1 0 0
0.175 4.88571 8.46444 165.806 629.257 975.383 120.707 1 0 0
0.174 4.80688 8.30528 164.831 630.707 974.931 120.397 1 0 0
0.173 4.729 8.1469 163.856 632.16 974.482 120.087 1 0 0
0.172 4.65208 7.98927 162.882 633.615 974.036 119.777 1 0 0
0.171 4.5761 7.8324 161.908 635.073 973.593 119.466 1 0 0
0.17 4.50107 7.67628 160.935 636.533 973.153 119.155 1 0 0
0.169 4.42698 7.5209 159.962 637.996 972.716 118.843 1 0 0
0.168 4.35383 7.36627 158.99 639.462 972.282 118.531 1 0 0
0.167 4.28162 7.21238 158.017 640.931 971.851 118.218 1 0 0
0.166 4.21033 7.05922 157.046 642.402 971.423 117.905 1 0 0
0.165 4.13997 6.9068 156.075 643.877 970.998 117.592 1 0 0
0.164 4.07054 6.75509 155.104 645.353 970.575 117.279 1 0 0
0.163 4.00202 6.60411 154.133 646.833 970.156 116.965 1 0 0
0.162 3.93443 6.45383 153.164 648.315 969.74 116.652 1 0 0
0.161 3.86775 6.30427 152.194 649.8 969.328 116.338 1 0 0
0.16 3.80199 6.15541 151.225 651.288 968.918 116.024 1 0 0
0.159 3.73714 6.00724 150.256 652.779 968.511 115.71 1 0 0
0.158 3.67321 5.85976 149.288 654.272 968.108 115.396 1 0 0
0.157 3.61018 5.71295 148.32 655.768 967.708 115.082 1 0 0
0.156 3.54806 5.56683 147.352 657.267 967.311 114.769 1 0 0
0.155 3.48684 5.42136 146.385 658.769 966.917 114.456 1 0 0
0.154 3.42653 5.27656 145.419 660.273 966.527 114.143 1 0 0
0.153 3.36713 5.1324 144.452 661.781 966.14 113.83 1 0 0
0.152 3.30863 4.98887 143.486 663.291 965.756 113.518 1 0 0
0.151 3.25104 4.84598 142.521 664.804 965.376 113.207 1 0 0
0.15 3.19435 4.7037 141.556 666.32 964.999 112.896 1 0 0
0.149 3.13857 4.56203 140.591 667.839 964.626 112.586 1 0 0
0.148 3.0837 4.42096 139.626 669.36 964.257 112.278 1 0 0
0.147 3.02974 4.28046 138.662 670.885 963.891 111.97 1 0 0
0.146 2.97669 4.14054 137.699 672.413 963.529 111.664 1 0 0
0.145 2.92456 4.00117 136.735 673.943 963.171 111.359 1 0 0
0.144 2.87336 3.86234 135.772 675.477 962.816 111.055 1 0 0
0.143 2.82307 3.72403 134.81 677.014 962.466 110.754 1 0 0
0.142 2.77372 3.58622 133.847 678.553 962.119 110.454 1 0 0
0.141 2.72531 3.4489 132.885 680.096 961.777 110.157 1 0 0
0.14 2.67785 3.31205 131.924 681.641 961.44 109.862 1 0 0
0.139 2.63134 3.17565 130.962 683.19 961.106 109.57 1 0 0
0.138 2.5858 3.03966 130.001 684.742 960.777 109.282 1 0 0
0.137 2.54124 2.90408 129.041 686.297 960.453 108.997 1 0 0
0.136 2.49769 2.76886 128.081 687.856 960.134 108.716 1 0 0
0.135 2.45514 2.63399 127.121 689.417 959.82 108.439 1 0 0
0.134 2.41364 2.49942 126.161 690.982 959.512 108.168 1 0 0
0.133 2.3732 2.36514 125.202 692.55 959.209 107.903 1 0 0
0.132 2.33386 2.23109 124.243 694.121 958.912 107.644 1 0 0
0.131 2.29564 2.09723 123.284 695.696 958.621 107.393 1 0 0
0.13 2.25861 1.96353 122.325 697.275 958.337 107.15 1 0 0
0.129 2.2228 1.82992 121.367 698.857 958.061 106.918 1 0 0
0.128 2.1883 1.69635 120.409 700.443 957.792 106.696 1 0 0
0.127 2.15517 1.56277 119.451 702.032 957.533 106.489 1 0 0
0.126 2.12354 1.42909 118.494 703.626 957.283 106.298 1 0 0
0.125 2.09354 1.29523 117.537 705.223 957.044 106.126 1 0 0
0.124 2.06536 1.16108 116.58 706.825 956.817 105.978 1 0 0
0.123 2.03928 1.02653 115.623 708.432 956.606 105.861 1 0 0
0.122 2.01568 0.891443 114.667 710.044 956.413 105.783 1 0 0
0.121 1.99201 0.755628 113.71 711.658 956.219 105.679 1 0 0
0.12 1.94897 0.619927 112.754 713.252 955.861 105.062 1 0 0
0.119 1.90656 0.484937 111.799 714.85 955.506 104.443 1 0 0
0.118 1.86479 0.350657 110.843 716.45 955.154 103.823 1 0 0
0.117 1.82364 0.217084 109.888 718.054 954.804 103.2 1 0 0
0.116 1.78312 0.0842177 108.934 719.661 954.456 102.576 1 0 0
0.115 1.74321 -0.0479452 107.979 721.271 954.11 101.95 1 0 0
0.114 1.70392 -0.179407 107.026 722.884 953.767 101.322 1 0 0
0.113 1.66525 -0.310169 106.072 724.501 953.427 100.692 1 0 0
0.112 1.62718 -0.440234 105.119 726.121 953.088 100.06 1 0 0
0.111 1.58972 -0.569605 104.166 727.745 952.752 99.4269 1 0 0
0.11 1.55286 -0.698285 103.213 729.372 952.419 98.7914 1 0 0
0.109 1.51659 -0.826276 102.261 731.002 952.087 98.154 1 0 0
0.108 1.48092 -0.953583 101.309 732.636 951.759 97.5147 1 0 0
0.107 1.44584 -1.08021 100.357 734.273 951.432 96.8734 1 0 0
0.106 1.41135 -1.20616 99.4061 735.914 951.108 96.2302 1 0 0
0.105 1.37744 -1.33143 98.4552 737.558 950.787 95.585 1 0 0
0.104 1.34411 -1.45603 97.5046 739.206 950.468 94.9379 1 0 0
0.103 1.31136 -1.57997 96.5543 740.857 950.152 94.2888 1 0 0
0.102 1.27917 -1.70325 95.6043 742.512 949.838 93.6378 1 0 0
0.101 1.24756 -1.82587 94.6546 744.17 949.526 92.9847 1 0 0
0.1 1.21651 -1.94785 93.7052 745.832 949.217 92.3297 1 0 0
0.099 1.18602 -2.06918 92.7562 747.498 948.911 91.6726 1 0 0
0.098 1.15608 -2.18987 91.8074 749.167 948.607 91.0135 1 0 0
0.097 1.1267 -2.30993 90.8589 750.841 948.306 90.3524 1 0 0
0.096 1.09786 -2.42937 89.9108 752.518 948.007 89.6892 1 0 0
0.095 1.06958 -2.54818 88.9629 754.198 947.711 89.024 1 0 0
0.094 1.04183 -2.66639 88.0154 755.883 947.417 88.3567 1 0 0
0.093 1.01462 -2.784 87.0681 757.571 947.126 87.6873 1 0 0
0.092 0.987937 -2.90102 86.1211 759.263 946.837 87.0158 1 0 0
0.091 0.961787 -3.01745 85.1744 760.959 946.552 86.3422 1 0 0
0.09 0.936161 -3.13331 84.228 762.659 946.268 85.6665 1 0 0
0.089 0.911056 -3.2486 83.2819 764.363 945.988 84.9886 1 0 0
0.088 0.886467 -3.36335 82.336 766.071 945.71 84.3085 1 0 0
0.087 0.86239 -3.47755 81.3905 767.784 945.435 83.6262 1 0 0
0.086 0.838821 -3.59123 80.4452 769.5 945.163 82.9418 1 0 0
0.085 0.815755 -3.70439 79.5001 771.22 944.893 82.2551 1 0 0
0.084 0.793187 -3.81704 78.5554 772.944 944.626 81.5662 1 0 0
0.083 0.771114 -3.92922 77.6109 774.673 944.361 80.875 1 0 0
0.082 0.749531 -4.04092 76.6666 776.406 944.1 80.1816 1 0 0
0.081 0.728432 -4.15216 75.7227 778.143 943.841 79.4858 1 0 0
0.08 0.707814 -4.26297 74.779 779.884 943.585 78.7877 1 0 0
0.079 0.687671 -4.37336 73.8355 781.63 943.331 78.0872 1 0 0
0.078 0.667998 -4.48335 72.8923 783.38 943.081 77.3843 1 0 0
0.077 0.648791 -4.59296 71.9493 785.135 942.833 76.679 1 0 0
0.076 0.630044 -4.70221 71.0066 786.894 942.588 75.9713 1 0 0
0.075 0.611751 -4.81113 70.0642 788.657 942.346 75.2611 1 0 0
0.074 0.593909 -4.91973 69.1219 790.425 942.106 74.5483 1 0 0
0.073 0.57651 -5.02805 68.18 792.198 941.869 73.833 1 0 0
0.072 0.559549 -5.13611 67.2382 793.975 941.635 73.1151 1 0 0
0.071 0.543021 -5.24393 66.2967 795.757 941.404 72.3946 1 0 0
0.07 0.52692 -5.35156 65.3554 797.544 941.176 71.6714 1 0 0
0.069 0.511238 -5.45901 64.4143 799.335 940.95 70.9454 1 0 0
0.068 0.49597 -5.56633 63.4735 801.132 940.727 70.2167 1 0 0
0.067 0.48111 -5.67355 62.5329 802.933 940.507 69.4851 1 0 0
0.066 0.466651 -5.7807 61.5925 804.739 940.29 68.7506 1 0 0
0.065 0.452584 -5.88782 60.6523 806.55 940.075 68.0131 1 0 0
0.064 0.438904 -5.99495 59.7123 808.367 939.863 67.2726 1 0 0
0.063 0.425603 -6.10214 58.7726 810.188 939.653 66.529 1 0 0
0.062 0.412672 -6.20943 57.833 812.014 939.447 65.7822 1 0 0
0.061 0.400104 -6.31686 56.8937 813.846 939.242 65.0321 1 0 0
0.06 0.387889 -6.4245 55.9545 815.683 939.04 64.2786 1 0 0
0.059 0.37602 -6.53238 55.0156 817.525 938.841 63.5217 1 0 0
0.058 0.364485 -6.64056 54.0768 819.373 938.644 62.7611 1 0 0
0.057 0.353276 -6.74909 53.1383 821.226 938.449 61.9967 1 0 0
0.056 0.342381 -6.85804 52.1999 823.084 938.256 61.2285 1 0 0
0.055 0.331789 -6.96747 51.2618 824.948 938.065 60.4562 1 0 0
0.054 0.321487 -7.07743 50.3238 826.818 937.876 59.6797 1 0 0
0.053 0.311463 -7.18799 49.386 828.693 937.689 58.8987 1 0 0
0.052 0.301702 -7.29921 48.4484 830.574 937.503 58.1131 1 0 0
0.051 0.292188 -7.41116 47.511 832.46 937.318 57.3224 1 0 0
0.05 0.282903 -7.5239 46.5738 834.352 937.134 56.5266 1 0 0
0.049 0.273827 -7.6375 45.6368 836.251 936.951 55.7251 1 0 0
0.048 0.264939 -7.75201 44.6999 838.154 936.768 54.9176 1 0 0
0.047 0.256212 -7.8675 43.7632 840.064 936.584 54.1035 1 0 0
0.046 0.247614 -7.98399 42.8267 841.98 936.399 53.2822 1 0 0
0.045 0.239107 -8.10154 41.8904 843.902 936.212 52.453 1 0 0
0.044 0.230644 -8.22014 40.9543 845.829 936.022 51.6147 1 0 0
0.043 0.222159 -8.33977 40.0184 847.762 935.827 50.766 1 0 0
0.042 0.21356 -8.46037 39.0827 849.701 935.624 49.9049 1 0 0
0.041 0.204695 -8.58174 38.1471 851.645 935.411 49.0281 1 0 0
0.04 0.195262 -8.70384 37.2118 853.594 935.178 48.1289 1 0 0
0.039 0.184097 -8.82552 36.2768 855.544 934.895 47.1832 1 0 0
0.038 0.172615 -8.9458 35.3421 857.499 934.597 46.2178 1 0 0
0.037 0.161633 -9.06461 34.4076 859.462 934.304 45.2492 1 0 0
0.036 0.151144 -9.18195 33.4734 861.433 934.016 44.2773 1 0 0
0.035 0.141137 -9.29786 32.5396 863.413 933.735 43.3022 1 0 0
0.034 0.131605 -9.41239 31.606 865.4 933.458 42.3237 1 0 0
0.033 0.122539 -9.52557 30.6727 867.396 933.188 41.342 1 0 0
0.032 0.11393 -9.63746 29.7396 869.4 932.923 40.3569 1 0 0
0.031 0.10577 -9.74811 28.8068 871.413 932.664 39.3686 1 0 0
0.03 0.0980502 -9.85761 27.8743 873.435 932.411 38.377 1 0 0
0.029 0.0907623 -9.96604 26.942 875.465 932.164 37.3821 1 0 0
0.028 0.0838982 -10.0735 26.0099 877.505 931.923 36.3842 1 0 0
0.027 0.0774504 -10.1801 25.0781 879.554 931.688 35.3832 1 0 0
0.026 0.0714115 -10.286 24.1466 881.612 931.461 34.3793 1 0 0
0.025 0.0657748 -10.3915 23.2152 883.679 931.24 33.3728 1 0 0
0.024 0.0605346 -10.4966 22.2841 885.757 931.026 32.364 1 0 0
0.023 0.0556861 -10.6018 21.3532 887.844 930.819 31.3532 1 0 0
0.022 0.0512259 -10.7073 20.4224 889.941 930.621 30.3411 1 0 0
0.021 0.047153 -10.8136 19.4919 892.049 930.432 29.3285 1 0 0
0.02 0.0434691 -10.9214 18.5616 894.166 930.252 28.3164 1 0 0
0.019 0.0401801 -11.0313 17.6314 896.295 930.083 27.3064 1 0 0
0.018 0.0372983 -11.1445 16.7014 898.434 929.928 26.3008 1 0 0
0.017 0.0348459 -11.2623 15.7715 900.585 929.787 25.3029 1 0 0
0.016 0.0328621 -11.3869 14.8418 902.747 929.667 24.318 0.999999 0 0
0.015 0.0313915 -11.5198 13.9122 904.921 929.573 23.3547 1 0 0
0.014 0.0305852 -11.667 12.9827 907.107 929.518 22.428 1 0 0
0.013 0.0306885 -11.8349 12.0531 909.306 929.526 21.5696 1 0 0
0.012 0.032419 -12.036 11.1236 911.521 929.666 20.8657 1 0 0
0.011 0.0333123 -12.2931 10.1938 913.744 929.735 20.4804 1 0 0
0.01 0.0287816 -12.5742 9.26426 915.968 929.304 20.4804 1 0 0
0.009 0.0245285 -12.8692 8.33518 918.204 928.856 20.4804 1 0 0
0.008 0.0205456 -13.1806 7.40655 920.454 928.388 20.4804 1 0 0
0.007 0.0168379 -13.5133 6.47841 922.718 927.892 20.4804 1 0 0
0.006 0.013394 -13.8705 5.55078 924.997 927.362 20.4804 1 0 0
0.005 0.0102259 -14.2602 4.6237 927.29 926.785 20.4804 1 0 0
0.004 0.00734888 -14.693 3.69723 929.599 926.144 20.4804 1 0 0
0.003 0.00479157 -15.1863 2.77144 931.923 925.411 20.4804 1 0 0
0.002 0.00260768 -15.7728 1.84645 934.264 924.531 20.4804 1 0 0
0.001 0.000905189 -16.5314 0.922469 936.622 923.374 20.4804 1 0 0
