1 527.081 321.192 1260.19 64.4314 1787.27 156.956 0.568863 0.302486 0.128651
0.999 525.832 320.665 1258.4 64.6122 1786.02 156.904 0.569097 0.302182 0.128721
0.998 524.584 320.138 1256.62 64.7934 1784.77 156.851 0.569332 0.301877 0.128792
0.997 523.338 319.611 1254.84 64.975 1783.52 156.799 0.569567 0.301572 0.128862
0.996 522.093 319.085 1253.05 65.157 1782.27 156.746 0.569803 0.301266 0.128932
0.995 520.85 318.559 1251.27 65.3393 1781.03 156.694 0.570039 0.300959 0.129001
0.994 519.607 318.033 1249.49 65.5221 1779.78 156.642 0.570276 0.300653 0.129071
0.993 518.366 317.507 1247.71 65.7052 1778.53 156.59 0.570514 0.300345 0.12914
0.992 517.127 316.981 1245.93 65.8887 1777.28 156.538 0.570753 0.300038 0.12921
0.991 515.889 316.456 1244.16 66.0726 1776.03 156.486 0.570992 0.299729 0.129279
0.99 514.652 315.931 1242.38 66.2569 1774.78 156.434 0.571231 0.29942 0.129348
0.989 513.417 315.406 1240.61 66.4416 1773.53 156.382 0.571471 0.299111 0.129418
0.988 512.182 314.881 1238.83 66.6267 1772.28 156.33 0.571712 0.298801 0.129486
0.987 510.95 314.356 1237.06 66.8122 1771.04 156.278 0.571954 0.298491 0.129555
0.986 509.718 313.832 1235.29 66.998 1769.79 156.227 0.572196 0.29818 0.129624
0.985 508.488 313.308 1233.52 67.1843 1768.54 156.175 0.572439 0.297868 0.129693
0.984 507.259 312.784 1231.76 67.371 1767.29 156.124 0.572682 0.297557 0.129761
0.983 506.032 312.26 1229.99 67.558 1766.04 156.072 0.572927 0.297244 0.129829
0.982 504.806 311.736 1228.22 67.7455 1764.8 156.021 0.573171 0.296931 0.129898
0.981 503.581 311.213 1226.46 67.9334 1763.55 155.97 0.573417 0.296618 0.129966
0.98 502.358 310.69 1224.7 68.1216 1762.3 155.919 0.573663 0.296304 0.130034
0.979 501.136 310.167 1222.93 68.3103 1761.05 155.867 0.57391 0.295989 0.130101
0.978 499.915 309.644 1221.17 68.4994 1759.8 155.816 0.574157 0.295674 0.130169
0.977 498.696 309.121 1219.41 68.6889 1758.56 155.765 0.574405 0.295359 0.130237
0.976 497.478 308.599 1217.66 68.8788 1757.31 155.715 0.574654 0.295042 0.130304
0.975 496.261 308.077 1215.9 69.0691 1756.06 155.664 0.574903 0.294726 0.130371
0.974 495.046 307.555 1214.14 69.2598 1754.82 155.613 0.575153 0.294409 0.130438
0.973 493.832 307.033 1212.39 69.451 1753.57 155.562 0.575404 0.294091 0.130505
0.972 492.62 306.512 1210.64 69.6425 1752.32 155.512 0.575655 0.293773 0.130572
0.971 491.409 305.99 1208.89 69.8345 1751.08 155.461 0.575907 0.293454 0.130639
0.97 490.199 305.469 1207.14 70.0269 1749.83 155.411 0.57616 0.293135 0.130706
0.969 488.99 304.948 1205.39 70.2197 1748.58 155.361 0.576413 0.292815 0.130772
0.968 487.783 304.428 1203.64 70.4129 1747.34 155.31 0.576667 0.292495 0.130838
0.967 486.578 303.907 1201.89 70.6065 1746.09 155.26 0.576922 0.292174 0.130904
0.966 485.373 303.387 1200.15 70.8006 1744.84 155.21 0.577177 0.291852 0.13097
0.965 484.17 302.867 1198.4 70.9951 1743.6 155.16 0.577433 0.291531 0.131036
0.964 482.969 302.347 1196.66 71.19 1742.35 155.11 0.57769 0.291208 0.131102
0.963 481.768 301.828 1194.92 71.3853 1741.11 155.06 0.577947 0.290885 0.131168
0.962 480.569 301.308 1193.18 71.5811 1739.86 155.01 0.578206 0.290562 0.131233
0.961 479.372 300.789 1191.44 71.7773 1738.62 154.961 0.578464 0.290237 0.131298
0.96 478.176 300.27 1189.7 71.9739 1737.37 154.911 0.578724 0.289913 0.131363
0.959 476.981 299.751 1187.96 72.171 1736.12 154.861 0.578984 0.289588 0.131428
0.958 475.787 299.233 1186.23 72.3685 1734.88 154.812 0.579245 0.289262 0.131493
0.957 474.595 298.714 1184.49 72.5664 1733.63 154.762 0.579507 0.288936 0.131558
0.956 473.404 298.196 1182.76 72.7648 1732.39 154.713 0.579769 0.288609 0.131622
0.955 472.215 297.678 1181.03 72.9636 1731.14 154.664 0.580032 0.288282 0.131687
0.954 471.027 297.161 1179.3 73.1629 1729.9 154.614 0.580296 0.287954 0.131751
0.953 469.84 296.643 1177.57 73.3626 1728.66 154.565 0.58056 0.287625 0.131815
0.952 468.655 296.126 1175.84 73.5627 1727.41 154.516 0.580825 0.287296 0.131879
0.951 467.471 295.609 1174.11 73.7633 1726.17 154.467 0.581091 0.286967 0.131942
0.95 466.289 295.092 1172.39 73.9643 1724.92 154.418 0.581357 0.286637 0.132006
0.949 465.108 294.576 1170.66 74.1658 1723.68 154.369 0.581625 0.286306 0.132069
0.948 463.928 294.06 1168.94 74.3677 1722.43 154.32 0.581893 0.285975 0.132132
0.947 462.749 293.543 1167.22 74.5701 1721.19 154.272 0.582161 0.285643 0.132195
0.946 461.572 293.028 1165.5 74.7729 1719.95 154.223 0.582431 0.285311 0.132258
0.945 460.397 292.512 1163.78 74.9762 1718.7 154.174 0.582701 0.284978 0.132321
0.944 459.222 291.996 1162.06 75.1799 1717.46 154.126 0.582972 0.284645 0.132383
0.943 458.049 291.481 1160.34 75.3841 1716.22 154.077 0.583243 0.284311 0.132446
0.942 456.878 290.966 1158.63 75.5887 1714.97 154.029 0.583516 0.283976 0.132508
0.941 455.708 290.451 1156.91 75.7938 1713.73 153.98 0.583789 0.283641 0.13257
0.94 454.539 289.937 1155.2 75.9994 1712.49 153.932 0.584062 0.283306 0.132632
0.939 453.371 289.423 1153.49 76.2054 1711.25 153.884 0.584337 0.28297 0.132693
0.938 452.205 288.909 1151.78 76.4119 1710 153.836 0.584612 0.282633 0.132755
0.937 451.041 288.395 1150.07 76.6189 1708.76 153.788 0.584888 0.282296 0.132816
0.936 449.877 287.881 1148.36 76.8263 1707.52 153.74 0.585165 0.281958 0.132877
0.935 448.716 287.368 1146.65 77.0342 1706.28 153.692 0.585442 0.281619 0.132938
0.934 447.555 286.855 1144.95 77.2425 1705.04 153.644 0.585721 0.281281 0.132999
0.933 446.396 286.342 1143.24 77.4513 1703.79 153.596 0.585999 0.280941 0.13306
0.932 445.238 285.829 1141.54 77.6607 1702.55 153.548 0.586279 0.280601 0.13312
0.931 444.082 285.316 1139.84 77.8704 1701.31 153.501 0.58656 0.28026 0.13318
0.93 442.927 284.804 1138.14 78.0807 1700.07 153.453 0.586841 0.279919 0.13324
0.929 441.773 284.292 1136.44 78.2914 1698.83 153.405 0.587123 0.279577 0.1333
0.928 440.621 283.781 1134.74 78.5026 1697.59 153.358 0.587406 0.279235 0.13336
0.927 439.47 283.269 1133.04 78.7143 1696.35 153.31 0.587689 0.278892 0.133419
0.926 438.321 282.758 1131.35 78.9265 1695.11 153.263 0.587973 0.278548 0.133478
0.925 437.173 282.247 1129.65 79.1391 1693.87 153.215 0.588258 0.278204 0.133537
0.924 436.026 281.736 1127.96 79.3523 1692.63 153.168 0.588544 0.27786 0.133596
0.923 434.881 281.225 1126.27 79.5659 1691.39 153.121 0.588831 0.277515 0.133655
0.922 433.737 280.715 1124.58 79.78 1690.15 153.074 0.589118 0.277169 0.133713
0.921 432.594 280.205 1122.89 79.9946 1688.91 153.027 0.589406 0.276822 0.133772
0.92 431.453 279.695 1121.2 80.2097 1687.67 152.98 0.589695 0.276476 0.13383
0.919 430.313 279.185 1119.51 80.4253 1686.43 152.933 0.589984 0.276128 0.133888
0.918 429.175 278.676 1117.83 80.6414 1685.19 152.886 0.590275 0.27578 0.133945
0.917 428.038 278.167 1116.14 80.8579 1683.95 152.839 0.590566 0.275431 0.134003
0.916 426.903 277.658 1114.46 81.075 1682.71 152.792 0.590858 0.275082 0.13406
0.915 425.768 277.149 1112.78 81.2926 1681.47 152.745 0.591151 0.274732 0.134117
0.914 424.636 276.641 1111.1 81.5107 1680.23 152.698 0.591444 0.274382 0.134174
0.913 423.504 276.133 1109.42 81.7292 1678.99 152.651 0.591739 0.274031 0.13423
0.912 422.374 275.625 1107.74 81.9483 1677.75 152.605 0.592034 0.273679 0.134287
0.911 421.246 275.117 1106.06 82.1679 1676.52 152.558 0.59233 0.273327 0.134343
0.91 420.119 274.609 1104.38 82.388 1675.28 152.511 0.592626 0.272975 0.134399
0.909 418.993 274.102 1102.71 82.6086 1674.04 152.465 0.592924 0.272621 0.134455
0.908 417.868 273.595 1101.04 82.8297 1672.8 152.418 0.593222 0.272267 0.134511
0.907 416.746 273.089 1099.36 83.0513 1671.57 152.372 0.593521 0.271913 0.134566
0.906 415.624 272.582 1097.69 83.2734 1670.33 152.326 0.593821 0.271558 0.134621
0.905 414.504 272.076 1096.02 83.4961 1669.09 152.279 0.594122 0.271202 0.134676
0.904 413.385 271.57 1094.36 83.7192 1667.85 152.233 0.594423 0.270846 0.134731
0.903 412.268 271.064 1092.69 83.9429 1666.62 152.186 0.594725 0.270489 0.134785
0.902 411.152 270.559 1091.02 84.1671 1665.38 152.14 0.595029 0.270132 0.134839
0.901 410.037 270.054 1089.36 84.3918 1664.14 152.094 0.595332 0.269774 0.134893
0.9 408.924 269.549 1087.69 84.617 1662.91 152.048 0.595637 0.269416 0.134947
0.899 407.812 269.044 1086.03 84.8428 1661.67 152.001 0.595943 0.269056 0.135001
0.898 406.702 268.539 1084.37 85.0691 1660.44 151.955 0.596249 0.268697 0.135054
0.897 405.593 268.035 1082.71 85.2959 1659.2 151.909 0.596556 0.268336 0.135107
0.896 404.486 267.531 1081.05 85.5232 1657.97 151.863 0.596864 0.267976 0.13516
0.895 403.38 267.027 1079.39 85.7511 1656.73 151.817 0.597173 0.267614 0.135213
0.894 402.275 266.524 1077.74 85.9795 1655.5 151.771 0.597482 0.267252 0.135266
0.893 401.172 266.021 1076.08 86.2084 1654.26 151.725 0.597793 0.266889 0.135318
0.892 400.07 265.518 1074.43 86.4379 1653.03 151.679 0.598104 0.266526 0.13537
0.891 398.97 265.015 1072.78 86.6679 1651.79 151.633 0.598416 0.266162 0.135421
0.89 397.871 264.513 1071.13 86.8984 1650.56 151.587 0.598729 0.265798 0.135473
0.889 396.773 264.011 1069.48 87.1295 1649.32 151.541 0.599043 0.265433 0.135524
0.888 395.677 263.509 1067.83 87.3611 1648.09 151.495 0.599357 0.265067 0.135575
0.887 394.582 263.007 1066.18 87.5933 1646.86 151.449 0.599673 0.264701 0.135626
0.886 393.489 262.506 1064.53 87.826 1645.62 151.403 0.599989 0.264334 0.135677
0.885 392.397 262.005 1062.89 88.0592 1644.39 151.357 0.600306 0.263967 0.135727
0.884 391.306 261.504 1061.25 88.293 1643.16 151.311 0.600624 0.263599 0.135777
0.883 390.217 261.003 1059.6 88.5273 1641.93 151.265 0.600943 0.26323 0.135827
0.882 389.13 260.503 1057.96 88.7622 1640.69 151.219 0.601262 0.262861 0.135877
0.881 388.043 260.003 1056.32 88.9977 1639.46 151.173 0.601582 0.262492 0.135926
0.88 386.959 259.503 1054.68 89.2336 1638.23 151.127 0.601904 0.262121 0.135975
0.879 385.875 259.003 1053.04 89.4702 1637 151.081 0.602226 0.26175 0.136024
0.878 384.793 258.504 1051.41 89.7073 1635.77 151.035 0.602549 0.261379 0.136072
0.877 383.713 258.005 1049.77 89.9449 1634.53 150.989 0.602872 0.261007 0.136121
0.876 382.634 257.506 1048.14 90.1831 1633.3 150.943 0.603197 0.260634 0.136169
0.875 381.556 257.008 1046.51 90.4219 1632.07 150.897 0.603522 0.260261 0.136217
0.874 380.48 256.509 1044.88 90.6612 1630.84 150.851 0.603849 0.259887 0.136264
0.873 379.405 256.011 1043.25 90.9011 1629.61 150.804 0.604176 0.259513 0.136312
0.872 378.332 255.514 1041.62 91.1415 1628.38 150.758 0.604504 0.259138 0.136359
0.871 377.26 255.016 1039.99 91.3825 1627.15 150.712 0.604833 0.258762 0.136405
0.87 376.19 254.519 1038.36 91.6241 1625.92 150.666 0.605162 0.258386 0.136452
0.869 375.121 254.022 1036.74 91.8663 1624.69 150.619 0.605493 0.258009 0.136498
0.868 374.053 253.526 1035.11 92.109 1623.46 150.573 0.605824 0.257632 0.136544
0.867 372.987 253.029 1033.49 92.3523 1622.23 150.527 0.606156 0.257254 0.13659
0.866 371.922 252.533 1031.87 92.5961 1621 150.48 0.606489 0.256875 0.136636
0.865 370.859 252.038 1030.25 92.8405 1619.78 150.434 0.606823 0.256496 0.136681
0.864 369.797 251.542 1028.63 93.0855 1618.55 150.387 0.607158 0.256116 0.136726
0.863 368.737 251.047 1027.01 93.3311 1617.32 150.34 0.607494 0.255736 0.13677
0.862 367.678 250.552 1025.39 93.5772 1616.09 150.293 0.60783 0.255355 0.136815
0.861 366.62 250.057 1023.78 93.8239 1614.86 150.247 0.608167 0.254974 0.136859
0.86 365.564 249.563 1022.16 94.0712 1613.64 150.2 0.608505 0.254592 0.136903
0.859 364.51 249.069 1020.55 94.3191 1612.41 150.153 0.608844 0.254209 0.136946
0.858 363.457 248.575 1018.94 94.5675 1611.18 150.105 0.609184 0.253826 0.13699
0.857 362.405 248.081 1017.33 94.8166 1609.96 150.058 0.609525 0.253442 0.137033
0.856 361.355 247.588 1015.72 95.0662 1608.73 150.011 0.609867 0.253058 0.137076
0.855 360.306 247.095 1014.11 95.3164 1607.51 149.963 0.610209 0.252673 0.137118
0.854 359.259 246.602 1012.5 95.5672 1606.28 149.916 0.610552 0.252288 0.13716
0.853 358.213 246.11 1010.9 95.8185 1605.05 149.868 0.610896 0.251902 0.137202
0.852 357.169 245.617 1009.29 96.0705 1603.83 149.82 0.611241 0.251515 0.137244
0.851 356.126 245.126 1007.69 96.323 1602.6 149.772 0.611587 0.251128 0.137285
0.85 355.084 244.634 1006.09 96.5761 1601.38 149.724 0.611934 0.25074 0.137326
0.849 354.044 244.143 1004.49 96.8298 1600.16 149.676 0.612281 0.250352 0.137367
0.848 353.006 243.652 1002.89 97.0841 1598.93 149.627 0.612629 0.249963 0.137408
0.847 351.969 243.161 1001.29 97.339 1597.71 149.579 0.612979 0.249574 0.137448
0.846 350.933 242.67 999.693 97.5944 1596.48 149.53 0.613329 0.249184 0.137488
0.845 349.899 242.18 998.097 97.8505 1595.26 149.481 0.613679 0.248793 0.137527
0.844 348.866 241.69 996.503 98.1071 1594.04 149.431 0.614031 0.248402 0.137567
0.843 347.835 241.201 994.909 98.3644 1592.82 149.382 0.614384 0.248011 0.137606
0.842 346.805 240.711 993.317 98.6222 1591.59 149.332 0.614737 0.247619 0.137644
0.841 345.777 240.222 991.726 98.8806 1590.37 149.282 0.615091 0.247226 0.137683
0.84 344.751 239.734 990.136 99.1396 1589.15 149.232 0.615446 0.246833 0.137721
0.839 343.725 239.245 988.548 99.3992 1587.93 149.181 0.615802 0.246439 0.137759
0.838 342.681 238.838 987.028 99.6545 1586.76 149.127 0.616193 0.246069 0.137791
0.837 341.669 238.298 985.398 99.9141 1585.51 149.082 0.616513 0.245663 0.13784
0.836 340.157 239.455 985.188 99.9428 1585.34 149.083 0.617179 0.245869 0.138007
0.835 339.633 237.294 982.206 100.437 1583.04 149.019 0.617222 0.244841 0.137938
0.834 338.609 236.807 980.623 100.692 1581.81 149.018 0.617568 0.244422 0.13801
0.833 337.586 236.321 979.042 100.948 1580.59 149.016 0.617915 0.244003 0.138082
0.832 336.564 235.834 977.462 101.204 1579.36 149.014 0.618263 0.243583 0.138155
0.831 335.544 235.348 975.883 101.46 1578.13 149.013 0.61861 0.243162 0.138228
0.83 334.525 234.863 974.306 101.717 1576.9 149.012 0.618958 0.24274 0.138302
0.829 333.507 234.377 972.73 101.973 1575.68 149.011 0.619306 0.242317 0.138377
0.828 332.491 233.892 971.155 102.231 1574.45 149.01 0.619654 0.241894 0.138452
0.827 331.476 233.407 969.581 102.488 1573.22 149.009 0.620003 0.241469 0.138528
0.826 330.462 232.923 968.008 102.745 1572 149.009 0.620351 0.241044 0.138605
0.825 329.45 232.438 966.437 103.003 1570.77 149.008 0.620699 0.240618 0.138683
0.824 328.439 231.955 964.867 103.26 1569.55 149.008 0.621046 0.240191 0.138763
0.823 327.429 231.471 963.298 103.518 1568.32 149.008 0.621394 0.239763 0.138843
0.822 326.421 230.988 961.73 103.775 1567.09 149.008 0.62174 0.239334 0.138926
0.821 325.413 230.505 960.163 104.031 1565.87 149.008 0.622084 0.238904 0.139012
0.82 324.407 230.022 958.598 104.287 1564.64 149.008 0.622426 0.238474 0.1391
0.819 323.403 229.54 957.034 104.544 1563.41 149.008 0.622769 0.238042 0.139189
0.818 322.399 229.058 955.471 104.801 1562.19 149.008 0.623114 0.23761 0.139277
0.817 321.398 228.576 953.91 105.058 1560.96 149.009 0.623459 0.237176 0.139365
0.816 320.397 228.095 952.349 105.317 1559.74 149.009 0.623805 0.236742 0.139453
0.815 319.398 227.614 950.79 105.576 1558.51 149.01 0.624152 0.236307 0.139541
0.814 318.401 227.133 949.232 105.835 1557.29 149.012 0.6245 0.235871 0.139629
0.813 317.404 226.653 947.676 106.096 1556.06 149.013 0.624848 0.235435 0.139717
0.812 316.41 226.173 946.12 106.357 1554.84 149.015 0.625198 0.234997 0.139805
0.811 315.416 225.693 944.566 106.618 1553.62 149.017 0.625549 0.234559 0.139892
0.81 314.425 225.214 943.013 106.88 1552.39 149.019 0.625901 0.23412 0.13998
0.809 313.434 224.735 941.461 107.143 1551.17 149.022 0.626253 0.23368 0.140067
0.808 312.445 224.256 939.911 107.407 1549.95 149.024 0.626607 0.233239 0.140155
0.807 311.458 223.777 938.361 107.671 1548.72 149.027 0.626961 0.232797 0.140242
0.806 310.471 223.299 936.813 107.936 1547.5 149.03 0.627317 0.232354 0.140329
0.805 309.487 222.822 935.266 108.201 1546.28 149.034 0.627673 0.231911 0.140416
0.804 308.503 222.344 933.721 108.468 1545.05 149.037 0.628031 0.231467 0.140503
0.803 307.522 221.867 932.176 108.735 1543.83 149.041 0.628389 0.231021 0.140589
0.802 306.541 221.39 930.633 109.002 1542.61 149.045 0.628749 0.230575 0.140676
0.801 305.562 220.914 929.091 109.27 1541.39 149.049 0.629109 0.230129 0.140762
0.8 304.585 220.438 927.55 109.539 1540.17 149.054 0.62947 0.229681 0.140849
0.799 303.609 219.962 926.011 109.809 1538.95 149.059 0.629833 0.229232 0.140935
0.798 302.634 219.487 924.472 110.079 1537.73 149.064 0.630196 0.228783 0.141021
0.797 301.661 219.012 922.935 110.35 1536.51 149.069 0.63056 0.228332 0.141107
0.796 300.689 218.537 921.399 110.622 1535.29 149.075 0.630926 0.227881 0.141193
0.795 299.719 218.062 919.865 110.894 1534.07 149.08 0.631292 0.227429 0.141279
0.794 298.75 217.588 918.331 111.167 1532.85 149.086 0.63166 0.226976 0.141364
0.793 297.783 217.115 916.799 111.441 1531.63 149.093 0.632028 0.226522 0.14145
0.792 296.817 216.641 915.268 111.716 1530.41 149.099 0.632397 0.226068 0.141535
0.791 295.852 216.168 913.738 111.991 1529.19 149.106 0.632768 0.225612 0.14162
0.79 294.889 215.696 912.21 112.267 1527.97 149.113 0.633139 0.225155 0.141705
0.789 293.927 215.223 910.682 112.544 1526.75 149.12 0.633512 0.224698 0.14179
0.788 292.967 214.751 909.156 112.821 1525.54 149.128 0.633885 0.22424 0.141875
0.787 292.009 214.28 907.631 113.099 1524.32 149.136 0.63426 0.223781 0.141959
0.786 291.051 213.808 906.107 113.378 1523.1 149.144 0.634636 0.223321 0.142044
0.785 290.095 213.337 904.585 113.657 1521.89 149.152 0.635012 0.22286 0.142128
0.784 289.141 212.867 903.064 113.938 1520.67 149.16 0.63539 0.222398 0.142212
0.783 288.188 212.397 901.544 114.219 1519.45 149.169 0.635769 0.221935 0.142296
0.782 287.237 211.927 900.025 114.501 1518.24 149.178 0.636149 0.221472 0.14238
0.781 286.287 211.457 898.507 114.783 1517.02 149.188 0.636529 0.221007 0.142463
0.78 285.338 210.988 896.991 115.066 1515.81 149.197 0.636911 0.220542 0.142547
0.779 284.391 210.519 895.475 115.35 1514.59 149.207 0.637294 0.220075 0.14263
0.778 283.446 210.051 893.962 115.635 1513.38 149.217 0.637678 0.219608 0.142713
0.777 282.502 209.583 892.449 115.921 1512.16 149.227 0.638064 0.21914 0.142796
0.776 281.559 209.115 890.937 116.207 1510.95 149.238 0.63845 0.218671 0.142879
0.775 280.618 208.648 889.427 116.494 1509.73 149.249 0.638837 0.218201 0.142961
0.774 279.678 208.181 887.918 116.782 1508.52 149.26 0.639226 0.21773 0.143044
0.773 278.74 207.714 886.41 117.071 1507.31 149.271 0.639615 0.217259 0.143126
0.772 277.803 207.248 884.903 117.36 1506.1 149.283 0.640006 0.216786 0.143208
0.771 276.868 206.782 883.398 117.65 1504.88 149.295 0.640398 0.216312 0.14329
0.77 275.934 206.316 881.893 117.941 1503.67 149.307 0.640791 0.215838 0.143371
0.769 275.001 205.851 880.39 118.233 1502.46 149.319 0.641185 0.215363 0.143453
0.768 274.07 205.386 878.888 118.525 1501.25 149.332 0.64158 0.214886 0.143534
0.767 273.141 204.921 877.388 118.819 1500.04 149.345 0.641976 0.214409 0.143615
0.766 272.213 204.457 875.888 119.113 1498.83 149.358 0.642373 0.213931 0.143696
0.765 271.287 203.994 874.39 119.408 1497.62 149.372 0.642772 0.213452 0.143776
0.764 270.362 203.53 872.893 119.704 1496.41 149.386 0.643172 0.212972 0.143857
0.763 269.438 203.067 871.397 120 1495.2 149.4 0.643572 0.212491 0.143937
0.762 268.516 202.605 869.903 120.298 1493.99 149.414 0.643974 0.212009 0.144017
0.761 267.595 202.142 868.409 120.596 1492.78 149.429 0.644377 0.211526 0.144097
0.76 266.676 201.68 866.917 120.895 1491.57 149.444 0.644782 0.211042 0.144176
0.759 265.759 201.219 865.426 121.195 1490.36 149.459 0.645187 0.210557 0.144255
0.758 264.843 200.758 863.936 121.495 1489.15 149.474 0.645594 0.210072 0.144334
0.757 263.928 200.297 862.448 121.797 1487.95 149.49 0.646001 0.209585 0.144413
0.756 263.015 199.837 860.961 122.099 1486.74 149.506 0.64641 0.209098 0.144492
0.755 262.103 199.377 859.474 122.402 1485.53 149.522 0.646821 0.208609 0.14457
0.754 261.193 198.917 857.989 122.706 1484.33 149.539 0.647232 0.20812 0.144648
0.753 260.284 198.458 856.506 123.011 1483.12 149.556 0.647644 0.20763 0.144726
0.752 259.377 197.999 855.023 123.317 1481.92 149.573 0.648058 0.207138 0.144804
0.751 258.471 197.54 853.542 123.624 1480.71 149.59 0.648473 0.206646 0.144881
0.75 257.567 197.082 852.062 123.931 1479.51 149.608 0.648889 0.206153 0.144958
0.749 256.665 196.625 850.583 124.239 1478.3 149.626 0.649306 0.205659 0.145035
0.748 255.763 196.167 849.105 124.549 1477.1 149.644 0.649725 0.205163 0.145112
0.747 254.864 195.71 847.629 124.859 1475.89 149.663 0.650145 0.204667 0.145188
0.746 253.966 195.254 846.153 125.17 1474.69 149.681 0.650566 0.20417 0.145264
0.745 253.069 194.798 844.679 125.482 1473.49 149.701 0.650988 0.203672 0.14534
0.744 252.174 194.342 843.206 125.794 1472.29 149.72 0.651411 0.203173 0.145415
0.743 251.28 193.887 841.735 126.108 1471.08 149.74 0.651836 0.202674 0.14549
0.742 250.388 193.432 840.264 126.422 1469.88 149.76 0.652262 0.202173 0.145565
0.741 249.497 192.977 838.795 126.738 1468.68 149.78 0.652689 0.201671 0.14564
0.74 248.608 192.523 837.327 127.054 1467.48 149.801 0.653118 0.201168 0.145714
0.739 247.72 192.069 835.86 127.371 1466.28 149.822 0.653547 0.200664 0.145788
0.738 246.834 191.616 834.394 127.69 1465.08 149.843 0.653978 0.200159 0.145862
0.737 245.95 191.163 832.93 128.009 1463.88 149.864 0.654411 0.199654 0.145935
0.736 245.066 190.71 831.467 128.329 1462.68 149.886 0.654844 0.199147 0.146009
0.735 244.185 190.258 830.005 128.65 1461.48 149.908 0.655279 0.198639 0.146081
0.734 243.305 189.806 828.544 128.971 1460.28 149.931 0.655715 0.198131 0.146154
0.733 242.426 189.355 827.084 129.294 1459.09 149.953 0.656153 0.197621 0.146226
0.732 241.549 188.904 825.625 129.618 1457.89 149.976 0.656592 0.19711 0.146298
0.731 240.674 188.453 824.168 129.943 1456.69 150 0.657032 0.196599 0.14637
0.73 239.8 188.003 822.712 130.268 1455.5 150.023 0.657473 0.196086 0.146441
0.729 238.927 187.553 821.257 130.595 1454.3 150.047 0.657916 0.195573 0.146512
0.728 238.056 187.104 819.803 130.923 1453.1 150.071 0.65836 0.195058 0.146582
0.727 237.187 186.655 818.351 131.251 1451.91 150.096 0.658805 0.194543 0.146652
0.726 236.319 186.206 816.9 131.581 1450.71 150.121 0.659252 0.194026 0.146722
0.725 235.453 185.758 815.45 131.911 1449.52 150.146 0.6597 0.193509 0.146792
0.724 234.588 185.31 814.001 132.243 1448.33 150.172 0.660149 0.19299 0.146861
0.723 233.725 184.863 812.553 132.575 1447.13 150.197 0.6606 0.192471 0.146929
0.722 232.863 184.416 811.106 132.908 1445.94 150.223 0.661052 0.19195 0.146998
0.721 232.003 183.969 809.661 133.243 1444.75 150.25 0.661505 0.191429 0.147066
0.72 231.144 183.523 808.217 133.578 1443.56 150.277 0.66196 0.190906 0.147134
0.719 230.287 183.078 806.774 133.915 1442.37 150.304 0.662417 0.190383 0.147201
0.718 229.431 182.632 805.332 134.252 1441.17 150.331 0.662874 0.189858 0.147268
0.717 228.577 182.188 803.892 134.591 1439.98 150.359 0.663333 0.189333 0.147334
0.716 227.725 181.743 802.452 134.93 1438.79 150.387 0.663794 0.188806 0.1474
0.715 226.874 181.299 801.014 135.271 1437.61 150.415 0.664255 0.188279 0.147466
0.714 226.024 180.856 799.577 135.612 1436.42 150.444 0.664719 0.18775 0.147531
0.713 225.176 180.413 798.141 135.955 1435.23 150.473 0.665183 0.187221 0.147596
0.712 224.33 179.97 796.706 136.299 1434.04 150.502 0.665649 0.18669 0.14766
0.711 223.485 179.527 795.273 136.643 1432.85 150.532 0.666117 0.186159 0.147725
0.71 222.642 179.086 793.841 136.989 1431.67 150.562 0.666586 0.185626 0.147788
0.709 221.801 178.644 792.41 137.336 1430.48 150.592 0.667056 0.185093 0.147851
0.708 220.96 178.203 790.98 137.684 1429.29 150.623 0.667528 0.184558 0.147914
0.707 220.122 177.763 789.551 138.033 1428.11 150.654 0.668001 0.184023 0.147976
0.706 219.285 177.322 788.124 138.383 1426.92 150.685 0.668476 0.183486 0.148038
0.705 218.45 176.883 786.697 138.734 1425.74 150.717 0.668952 0.182948 0.1481
0.704 217.616 176.443 785.272 139.086 1424.56 150.749 0.66943 0.18241 0.14816
0.703 216.783 176.004 783.848 139.439 1423.37 150.781 0.669909 0.18187 0.148221
0.702 215.953 175.566 782.425 139.794 1422.19 150.813 0.67039 0.18133 0.148281
0.701 215.124 175.128 781.004 140.149 1421.01 150.846 0.670872 0.180788 0.14834
0.7 214.296 174.691 779.583 140.506 1419.83 150.88 0.671355 0.180245 0.148399
0.699 213.47 174.253 778.164 140.864 1418.65 150.913 0.67184 0.179702 0.148458
0.698 212.646 173.817 776.746 141.223 1417.47 150.947 0.672327 0.179157 0.148516
0.697 211.823 173.38 775.329 141.583 1416.29 150.982 0.672815 0.178611 0.148574
0.696 211.002 172.945 773.913 141.944 1415.11 151.016 0.673305 0.178064 0.148631
0.695 210.182 172.509 772.499 142.306 1413.93 151.052 0.673796 0.177517 0.148687
0.694 209.364 172.074 771.086 142.669 1412.75 151.087 0.674289 0.176968 0.148743
0.693 208.547 171.64 769.673 143.034 1411.57 151.123 0.674783 0.176418 0.148799
0.692 207.732 171.206 768.262 143.4 1410.4 151.159 0.675279 0.175867 0.148854
0.691 206.919 170.772 766.853 143.767 1409.22 151.195 0.675777 0.175315 0.148908
0.69 206.107 170.339 765.444 144.135 1408.05 151.232 0.676276 0.174762 0.148962
0.689 205.297 169.906 764.037 144.504 1406.87 151.269 0.676777 0.174208 0.149015
0.688 204.489 169.474 762.63 144.874 1405.7 151.307 0.677279 0.173653 0.149068
0.687 203.682 169.042 761.225 145.246 1404.52 151.344 0.677783 0.173097 0.14912
0.686 202.876 168.611 759.821 145.619 1403.35 151.383 0.678288 0.17254 0.149172
0.685 202.072 168.18 758.418 145.993 1402.18 151.421 0.678795 0.171982 0.149223
0.684 201.27 167.75 757.017 146.368 1401 151.46 0.679304 0.171423 0.149273
0.683 200.47 167.32 755.616 146.745 1399.83 151.499 0.679814 0.170863 0.149323
0.682 199.671 166.89 754.217 147.122 1398.66 151.539 0.680326 0.170302 0.149372
0.681 198.873 166.461 752.819 147.501 1397.49 151.579 0.680839 0.169739 0.149421
0.68 198.078 166.033 751.422 147.881 1396.32 151.62 0.681355 0.169176 0.149469
0.679 197.284 165.605 750.027 148.263 1395.15 151.66 0.681871 0.168612 0.149517
0.678 196.491 165.177 748.632 148.646 1393.99 151.701 0.68239 0.168047 0.149563
0.677 195.7 164.75 747.239 149.029 1392.82 151.743 0.68291 0.16748 0.149609
0.676 194.911 164.323 745.846 149.415 1391.65 151.785 0.683432 0.166913 0.149655
0.675 194.123 163.897 744.455 149.801 1390.49 151.827 0.683956 0.166345 0.1497
0.674 193.337 163.471 743.065 150.189 1389.32 151.87 0.684481 0.165775 0.149744
0.673 192.553 163.045 741.677 150.578 1388.16 151.913 0.685008 0.165205 0.149788
0.672 191.77 162.621 740.289 150.968 1386.99 151.956 0.685537 0.164633 0.14983
0.671 190.989 162.196 738.903 151.36 1385.83 152 0.686067 0.164061 0.149873
0.67 190.209 161.772 737.517 151.753 1384.67 152.044 0.686599 0.163487 0.149914
0.669 189.431 161.349 736.133 152.147 1383.5 152.088 0.687133 0.162912 0.149955
0.668 188.655 160.926 734.75 152.543 1382.34 152.133 0.687669 0.162337 0.149995
0.667 187.88 160.503 733.369 152.94 1381.18 152.178 0.688206 0.16176 0.150034
0.666 187.107 160.081 731.988 153.338 1380.02 152.224 0.688745 0.161182 0.150073
0.665 186.336 159.659 730.609 153.738 1378.86 152.27 0.689286 0.160603 0.150111
0.664 185.566 159.238 729.23 154.139 1377.71 152.316 0.689829 0.160024 0.150148
0.663 184.798 158.818 727.853 154.541 1376.55 152.363 0.690373 0.159443 0.150184
0.662 184.032 158.398 726.477 154.945 1375.39 152.41 0.690919 0.158861 0.15022
0.661 183.267 157.978 725.102 155.35 1374.24 152.458 0.691468 0.158278 0.150254
0.66 182.504 157.559 723.729 155.756 1373.08 152.506 0.692017 0.157694 0.150289
0.659 181.743 157.14 722.356 156.164 1371.93 152.554 0.692569 0.157109 0.150322
0.658 180.983 156.722 720.985 156.574 1370.77 152.603 0.693123 0.156523 0.150354
0.657 180.225 156.304 719.615 156.984 1369.62 152.652 0.693678 0.155936 0.150386
0.656 179.468 155.887 718.246 157.396 1368.47 152.702 0.694235 0.155348 0.150417
0.655 178.713 155.47 716.878 157.81 1367.31 152.752 0.694795 0.154759 0.150447
0.654 177.96 155.053 715.511 158.225 1366.16 152.802 0.695356 0.154169 0.150476
0.653 177.209 154.638 714.145 158.641 1365.01 152.853 0.695918 0.153578 0.150504
0.652 176.459 154.222 712.781 159.059 1363.86 152.904 0.696483 0.152985 0.150531
0.651 175.711 153.807 711.418 159.478 1362.72 152.955 0.69705 0.152392 0.150558
0.65 174.964 153.393 710.055 159.899 1361.57 153.007 0.697619 0.151798 0.150584
0.649 174.22 152.979 708.695 160.322 1360.42 153.06 0.698189 0.151203 0.150608
0.648 173.477 152.566 707.335 160.745 1359.28 153.112 0.698761 0.150606 0.150632
0.647 172.735 152.153 705.976 161.171 1358.13 153.166 0.699336 0.150009 0.150655
0.646 171.995 151.741 704.618 161.597 1356.99 153.219 0.699912 0.149411 0.150677
0.645 171.257 151.329 703.262 162.026 1355.84 153.273 0.700491 0.148811 0.150698
0.644 170.521 150.917 701.907 162.456 1354.7 153.328 0.701071 0.148211 0.150718
0.643 169.787 150.506 700.553 162.887 1353.56 153.383 0.701653 0.147609 0.150738
0.642 169.054 150.096 699.2 163.32 1352.42 153.438 0.702237 0.147007 0.150756
0.641 168.322 149.686 697.848 163.754 1351.28 153.493 0.702824 0.146404 0.150773
0.64 167.593 149.277 696.497 164.19 1350.14 153.55 0.703412 0.145799 0.150789
0.639 166.865 148.868 695.147 164.628 1349 153.606 0.704002 0.145194 0.150804
0.638 166.139 148.459 693.799 165.067 1347.87 153.663 0.704594 0.144587 0.150819
0.637 165.414 148.051 692.452 165.508 1346.73 153.72 0.705189 0.14398 0.150832
0.636 164.692 147.644 691.106 165.95 1345.59 153.778 0.705785 0.143371 0.150844
0.635 163.971 147.237 689.761 166.394 1344.46 153.836 0.706384 0.142762 0.150855
0.634 163.252 146.831 688.417 166.84 1343.33 153.895 0.706984 0.142151 0.150865
0.633 162.534 146.425 687.074 167.287 1342.19 153.954 0.707587 0.14154 0.150874
0.632 161.818 146.019 685.732 167.736 1341.06 154.014 0.708192 0.140927 0.150881
0.631 161.104 145.615 684.392 168.186 1339.93 154.074 0.708799 0.140313 0.150888
0.63 160.392 145.21 683.052 168.638 1338.8 154.134 0.709408 0.139699 0.150894
0.629 159.681 144.806 681.714 169.092 1337.67 154.195 0.710019 0.139083 0.150898
0.628 158.972 144.403 680.377 169.547 1336.54 154.256 0.710632 0.138467 0.150901
0.627 158.265 144 679.041 170.005 1335.42 154.318 0.711247 0.137849 0.150903
0.626 157.56 143.598 677.706 170.463 1334.29 154.38 0.711865 0.137231 0.150904
0.625 156.856 143.196 676.372 170.924 1333.17 154.442 0.712485 0.136612 0.150904
0.624 156.154 142.795 675.04 171.386 1332.04 154.505 0.713107 0.135991 0.150902
0.623 155.454 142.394 673.708 171.85 1330.92 154.569 0.713731 0.13537 0.150899
0.622 154.756 141.994 672.378 172.316 1329.8 154.633 0.714357 0.134747 0.150895
0.621 154.059 141.594 671.049 172.784 1328.68 154.697 0.714986 0.134124 0.15089
0.62 153.364 141.195 669.721 173.253 1327.56 154.762 0.715617 0.1335 0.150884
0.619 152.671 140.796 668.394 173.724 1326.44 154.827 0.71625 0.132874 0.150876
0.618 151.98 140.398 667.068 174.197 1325.32 154.893 0.716885 0.132248 0.150867
0.617 151.29 140 665.743 174.671 1324.2 154.959 0.717523 0.131621 0.150856
0.616 150.602 139.603 664.419 175.148 1323.09 155.026 0.718163 0.130993 0.150844
0.615 149.916 139.206 663.097 175.626 1321.97 155.093 0.718805 0.130364 0.150831
0.614 149.232 138.81 661.775 176.106 1320.86 155.161 0.71945 0.129733 0.150817
0.613 148.549 138.415 660.455 176.588 1319.75 155.229 0.720097 0.129102 0.150801
0.612 147.869 138.02 659.136 177.072 1318.64 155.297 0.720746 0.12847 0.150783
0.611 147.19 137.625 657.818 177.558 1317.52 155.366 0.721398 0.127838 0.150764
0.61 146.513 137.231 656.501 178.045 1316.42 155.435 0.722052 0.127204 0.150744
0.609 145.837 136.838 655.185 178.534 1315.31 155.505 0.722708 0.126569 0.150723
0.608 145.164 136.445 653.87 179.026 1314.2 155.576 0.723367 0.125933 0.150699
0.607 144.492 136.052 652.557 179.519 1313.1 155.646 0.724028 0.125297 0.150675
0.606 143.822 135.66 651.244 180.014 1311.99 155.718 0.724692 0.124659 0.150649
0.605 143.154 135.269 649.933 180.511 1310.89 155.79 0.725358 0.124021 0.150621
0.604 142.488 134.878 648.622 181.01 1309.79 155.862 0.726027 0.123382 0.150592
0.603 141.823 134.488 647.313 181.511 1308.68 155.935 0.726698 0.122741 0.150561
0.602 141.161 134.098 646.005 182.014 1307.58 156.008 0.727371 0.1221 0.150528
0.601 140.5 133.709 644.698 182.519 1306.49 156.081 0.728048 0.121458 0.150494
0.6 139.841 133.32 643.392 183.026 1305.39 156.156 0.728726 0.120815 0.150458
0.599 139.184 132.932 642.087 183.535 1304.29 156.23 0.729407 0.120172 0.150421
0.598 138.528 132.544 640.783 184.046 1303.2 156.305 0.730091 0.119527 0.150382
0.597 137.875 132.157 639.481 184.559 1302.1 156.381 0.730777 0.118882 0.150341
0.596 137.223 131.771 638.179 185.075 1301.01 156.457 0.731466 0.118235 0.150299
0.595 136.574 131.384 636.879 185.592 1299.92 156.534 0.732157 0.117588 0.150255
0.594 135.926 130.999 635.579 186.111 1298.83 156.611 0.732851 0.11694 0.150209
0.593 135.28 130.614 634.281 186.632 1297.74 156.688 0.733548 0.116291 0.150161
0.592 134.635 130.23 632.984 187.156 1296.65 156.767 0.734247 0.115641 0.150111
0.591 133.993 129.846 631.688 187.682 1295.57 156.845 0.734949 0.114991 0.15006
0.59 133.352 129.462 630.393 188.209 1294.48 156.924 0.735654 0.11434 0.150006
0.589 132.714 129.079 629.099 188.739 1293.4 157.004 0.736361 0.113687 0.149951
0.588 132.077 128.697 627.806 189.271 1292.32 157.084 0.737072 0.113034 0.149894
0.587 131.442 128.315 626.514 189.806 1291.24 157.165 0.737784 0.112381 0.149835
0.586 130.809 127.934 625.223 190.342 1290.16 157.246 0.7385 0.111726 0.149774
0.585 130.178 127.554 623.934 190.881 1289.08 157.327 0.739218 0.111071 0.149711
0.584 129.549 127.173 622.645 191.422 1288 157.409 0.739939 0.110415 0.149646
0.583 128.921 126.794 621.358 191.965 1286.93 157.492 0.740663 0.109758 0.149579
0.582 128.296 126.415 620.071 192.51 1285.85 157.575 0.74139 0.1091 0.14951
0.581 127.673 126.036 618.786 193.058 1284.78 157.659 0.74212 0.108442 0.149438
0.58 127.051 125.658 617.502 193.608 1283.71 157.743 0.742852 0.107783 0.149365
0.579 126.431 125.281 616.219 194.161 1282.64 157.828 0.743588 0.107123 0.14929
0.578 125.813 124.904 614.937 194.715 1281.57 157.913 0.744326 0.106462 0.149212
0.577 125.198 124.528 613.656 195.272 1280.51 157.999 0.745067 0.105801 0.149132
0.576 124.584 124.152 612.376 195.832 1279.44 158.085 0.745811 0.105139 0.14905
0.575 123.972 123.777 611.097 196.393 1278.38 158.172 0.746558 0.104476 0.148965
0.574 123.362 123.402 609.819 196.957 1277.32 158.259 0.747308 0.103813 0.148879
0.573 122.753 123.028 608.542 197.524 1276.26 158.347 0.748061 0.103149 0.14879
0.572 122.147 122.654 607.266 198.093 1275.2 158.435 0.748817 0.102484 0.148698
0.571 121.543 122.281 605.992 198.664 1274.14 158.524 0.749576 0.101819 0.148604
0.57 120.941 121.909 604.718 199.238 1273.09 158.614 0.750339 0.101153 0.148508
0.569 120.34 121.537 603.445 199.814 1272.03 158.704 0.751104 0.100487 0.148409
0.568 119.742 121.165 602.174 200.393 1270.98 158.794 0.751872 0.0998195 0.148308
0.567 119.146 120.795 600.904 200.975 1269.93 158.885 0.752644 0.0991517 0.148204
0.566 118.551 120.424 599.634 201.558 1268.88 158.977 0.753419 0.0984833 0.148098
0.565 117.959 120.054 598.366 202.145 1267.83 159.069 0.754196 0.0978144 0.147989
0.564 117.368 119.685 597.098 202.734 1266.79 159.162 0.754978 0.0971449 0.147878
0.563 116.78 119.317 595.832 203.326 1265.74 159.255 0.755762 0.0964748 0.147763
0.562 116.193 118.948 594.567 203.92 1264.7 159.349 0.756549 0.0958042 0.147646
0.561 115.609 118.581 593.303 204.517 1263.66 159.443 0.75734 0.095133 0.147527
0.56 115.026 118.214 592.04 205.116 1262.62 159.538 0.758134 0.0944614 0.147404
0.559 114.446 117.847 590.778 205.718 1261.58 159.634 0.758932 0.0937893 0.147279
0.558 113.868 117.481 589.516 206.323 1260.54 159.73 0.759733 0.0931166 0.147151
0.557 113.291 117.116 588.256 206.931 1259.51 159.826 0.760537 0.0924436 0.14702
0.556 112.717 116.751 586.997 207.541 1258.48 159.923 0.761344 0.09177 0.146886
0.555 112.144 116.387 585.74 208.154 1257.45 160.021 0.762155 0.0910961 0.146748
0.554 111.574 116.023 584.483 208.77 1256.42 160.119 0.76297 0.0904217 0.146608
0.553 111.006 115.659 583.227 209.388 1255.39 160.218 0.763788 0.0897469 0.146465
0.552 110.44 115.297 581.972 210.01 1254.37 160.317 0.764609 0.0890717 0.146319
0.551 109.875 114.935 580.718 210.634 1253.35 160.417 0.765434 0.0883961 0.146169
0.55 109.313 114.573 579.465 211.261 1252.32 160.518 0.766263 0.0877202 0.146017
0.549 108.753 114.212 578.213 211.891 1251.31 160.619 0.767095 0.087044 0.145861
0.548 108.195 113.851 576.962 212.524 1250.29 160.721 0.767931 0.0863674 0.145701
0.547 107.64 113.491 575.713 213.16 1249.27 160.823 0.768771 0.0856906 0.145539
0.546 107.086 113.132 574.464 213.798 1248.26 160.926 0.769614 0.0850135 0.145373
0.545 106.534 112.773 573.216 214.44 1247.25 161.029 0.770461 0.0843361 0.145203
0.544 105.984 112.414 571.969 215.085 1246.24 161.133 0.771311 0.0836584 0.14503
0.543 105.437 112.057 570.724 215.733 1245.23 161.238 0.772166 0.0829806 0.144853
0.542 104.892 111.699 569.479 216.383 1244.23 161.343 0.773024 0.0823025 0.144673
0.541 104.348 111.342 568.235 217.037 1243.22 161.449 0.773886 0.0816243 0.144489
0.54 103.807 110.986 566.993 217.694 1242.22 161.555 0.774752 0.0809459 0.144302
0.539 103.268 110.63 565.751 218.354 1241.22 161.662 0.775622 0.0802674 0.14411
0.538 102.731 110.275 564.51 219.018 1240.23 161.77 0.776496 0.0795888 0.143915
0.537 102.197 109.921 563.27 219.684 1239.23 161.878 0.777374 0.0789101 0.143716
0.536 101.664 109.566 562.032 220.354 1238.24 161.987 0.778256 0.0782313 0.143512
0.535 101.134 109.213 560.794 221.026 1237.25 162.096 0.779142 0.0775525 0.143305
0.534 100.606 108.86 559.557 221.703 1236.26 162.206 0.780033 0.0768736 0.143094
0.533 100.08 108.507 558.321 222.382 1235.27 162.317 0.780927 0.0761948 0.142878
0.532 99.5558 108.155 557.087 223.065 1234.29 162.428 0.781826 0.075516 0.142658
0.531 99.0341 107.804 555.853 223.751 1233.31 162.54 0.782728 0.0748373 0.142434
0.53 98.5147 107.453 554.62 224.44 1232.33 162.652 0.783636 0.0741587 0.142206
0.529 97.9975 107.102 553.388 225.133 1231.35 162.765 0.784547 0.0734802 0.141973
0.528 97.4825 106.752 552.157 225.829 1230.38 162.879 0.785463 0.0728018 0.141735
0.527 96.9697 106.403 550.927 226.529 1229.41 162.993 0.786383 0.0721236 0.141493
0.526 96.4592 106.054 549.698 227.232 1228.44 163.108 0.787308 0.0714456 0.141247
0.525 95.9509 105.706 548.47 227.939 1227.47 163.224 0.788237 0.0707679 0.140995
0.524 95.4449 105.358 547.244 228.649 1226.5 163.34 0.789171 0.0700904 0.140739
0.523 94.9412 105.01 546.017 229.363 1225.54 163.457 0.790109 0.0694132 0.140478
0.522 94.4397 104.664 544.792 230.08 1224.58 163.574 0.791052 0.0687364 0.140212
0.521 93.9405 104.317 543.568 230.802 1223.63 163.692 0.792 0.0680599 0.13994
0.52 93.4436 103.971 542.345 231.527 1222.67 163.811 0.792952 0.0673838 0.139664
0.519 92.949 103.626 541.123 232.255 1221.72 163.93 0.79391 0.0667081 0.139382
0.518 92.4568 103.281 539.902 232.987 1220.77 164.051 0.794872 0.066033 0.139095
0.517 91.9668 102.937 538.681 233.724 1219.82 164.171 0.795839 0.0653583 0.138803
0.516 91.4792 102.593 537.462 234.464 1218.88 164.293 0.796811 0.0646842 0.138505
0.515 90.994 102.25 536.244 235.208 1217.94 164.415 0.797788 0.0640107 0.138201
0.514 90.5111 101.907 535.026 235.955 1217 164.537 0.798771 0.0633378 0.137892
0.513 90.0306 101.565 533.81 236.707 1216.06 164.661 0.799758 0.0626655 0.137576
0.512 89.5524 101.223 532.594 237.463 1215.13 164.785 0.800751 0.061994 0.137255
0.511 89.0767 100.881 531.379 238.223 1214.2 164.909 0.801749 0.0613233 0.136928
0.51 88.6034 100.541 530.166 238.987 1213.27 165.035 0.802753 0.0606533 0.136594
0.509 88.1325 100.2 528.953 239.755 1212.35 165.161 0.803762 0.0599842 0.136254
0.508 87.664 99.8602 527.741 240.527 1211.43 165.287 0.804776 0.059316 0.135908
0.507 87.198 99.5207 526.53 241.304 1210.51 165.415 0.805796 0.0586487 0.135555
0.506 86.7344 99.1817 525.32 242.084 1209.59 165.543 0.806822 0.0579824 0.135196
0.505 86.2733 98.8432 524.111 242.869 1208.68 165.671 0.807854 0.0573171 0.134829
0.504 85.8147 98.5052 522.903 243.659 1207.77 165.801 0.808891 0.0566529 0.134456
0.503 85.3587 98.1675 521.695 244.453 1206.87 165.931 0.809935 0.0559899 0.134075
0.502 84.9051 97.8304 520.489 245.251 1205.96 166.062 0.810984 0.0553281 0.133688
0.501 84.4541 97.4937 519.283 246.054 1205.06 166.193 0.81204 0.0546676 0.133293
0.5 84.0056 97.1575 518.079 246.862 1204.17 166.326 0.813102 0.0540083 0.13289
0.499 83.5598 96.8217 516.875 247.674 1203.28 166.459 0.81417 0.0533505 0.13248
0.498 83.1165 96.4863 515.672 248.49 1202.39 166.593 0.815245 0.0526941 0.132061
0.497 82.6758 96.1514 514.47 249.312 1201.5 166.727 0.816326 0.0520392 0.131635
0.496 82.2378 95.8169 513.269 250.139 1200.62 166.862 0.817414 0.0513859 0.1312
0.495 81.8024 95.4828 512.069 250.97 1199.74 166.998 0.818508 0.0507342 0.130757
0.494 81.3697 95.1492 510.87 251.806 1198.87 167.135 0.81961 0.0500843 0.130306
0.493 80.9396 94.816 509.671 252.648 1197.99 167.272 0.820719 0.0494361 0.129845
0.492 80.5123 94.4831 508.474 253.494 1197.13 167.411 0.821835 0.0487898 0.129376
0.491 80.0878 94.1507 507.277 254.346 1196.26 167.549 0.822958 0.0481455 0.128897
0.49 79.666 93.8187 506.081 255.202 1195.4 167.689 0.824088 0.0475032 0.128408
0.489 79.247 93.4871 504.886 256.065 1194.55 167.83 0.825227 0.046863 0.12791
0.488 78.8308 93.1559 503.692 256.932 1193.69 167.971 0.826373 0.046225 0.127402
0.487 78.4174 92.8251 502.499 257.806 1192.85 168.113 0.827527 0.0455894 0.126884
0.486 78.007 92.4946 501.306 258.684 1192 168.256 0.828689 0.0449561 0.126355
0.485 77.5994 92.1646 500.115 259.569 1191.16 168.4 0.829859 0.0443253 0.125816
0.484 77.1948 91.8348 498.924 260.459 1190.33 168.544 0.831038 0.0436971 0.125265
0.483 76.7931 91.5055 497.734 261.355 1189.5 168.69 0.832226 0.0430716 0.124703
0.482 76.3945 91.1765 496.545 262.258 1188.67 168.836 0.833422 0.042449 0.124129
0.481 75.9989 90.8478 495.357 263.166 1187.85 168.983 0.834628 0.0418293 0.123543
0.48 75.6064 90.5195 494.169 264.081 1187.03 169.131 0.835843 0.0412126 0.122945
0.479 75.2171 90.1915 492.983 265.002 1186.22 169.28 0.837067 0.0405992 0.122333
0.478 74.8309 89.8639 491.797 265.929 1185.41 169.43 0.838302 0.0399891 0.121709
0.477 74.4479 89.5365 490.612 266.863 1184.61 169.58 0.839547 0.0393825 0.121071
0.476 74.0682 89.2094 489.428 267.804 1183.81 169.732 0.840802 0.0387795 0.120419
0.475 73.6919 88.8827 488.244 268.752 1183.02 169.884 0.842068 0.0381803 0.119752
0.474 73.3189 88.5562 487.062 269.707 1182.24 170.038 0.843345 0.0375851 0.11907
0.473 72.9494 88.23 485.88 270.67 1181.46 170.192 0.844634 0.036994 0.118372
0.472 72.5834 87.9041 484.699 271.64 1180.68 170.347 0.845935 0.0364073 0.117658
0.471 72.2209 87.5784 483.518 272.618 1179.91 170.504 0.847248 0.0358252 0.116927
0.47 71.8622 87.253 482.339 273.603 1179.15 170.661 0.848574 0.0352478 0.116179
0.469 71.5072 86.9278 481.16 274.597 1178.4 170.819 0.849913 0.0346754 0.115412
0.468 71.156 86.6028 479.982 275.6 1177.65 170.979 0.851266 0.0341083 0.114626
0.467 70.8088 86.278 478.805 276.611 1176.9 171.139 0.852634 0.0335468 0.11382
0.466 70.4657 85.9534 477.628 277.631 1176.17 171.301 0.854016 0.0329911 0.112993
0.465 70.1267 85.629 476.453 278.661 1175.44 171.464 0.855415 0.0324415 0.112144
0.464 69.792 85.3048 475.277 279.7 1174.72 171.628 0.85683 0.0318985 0.111272
0.463 69.4618 84.9807 474.103 280.75 1174.01 171.793 0.858262 0.0313624 0.110375
0.462 69.1361 84.6567 472.929 281.81 1173.3 171.96 0.859713 0.0308336 0.109453
0.461 68.8153 84.3329 471.756 282.881 1172.61 172.127 0.861184 0.0303126 0.108504
0.46 68.4995 84.0091 470.584 283.964 1171.92 172.296 0.862675 0.0298 0.107525
0.459 68.1889 83.6854 469.413 285.06 1171.25 172.467 0.864188 0.0292963 0.106516
0.458 67.8837 83.3618 468.242 286.168 1170.58 172.639 0.865724 0.0288022 0.105474
0.457 67.5844 83.0382 467.071 287.291 1169.93 172.812 0.867286 0.0283186 0.104396
0.456 67.2912 82.7146 465.902 288.428 1169.28 172.987 0.868875 0.0278462 0.103279
0.455 67.0046 82.3909 464.733 289.581 1168.65 173.163 0.870493 0.0273861 0.102121
0.454 66.725 82.0673 463.565 290.752 1168.04 173.341 0.872144 0.0269396 0.100916
0.453 66.4529 81.7435 462.397 291.942 1167.44 173.521 0.87383 0.0265081 0.0996615
0.452 66.1685 81.4778 461.256 293.124 1166.87 173.699 0.875557 0.0261044 0.0983873
0.451 65.0091 83.7196 461.247 293.131 1166.86 173.7 0.877498 0.0261558 0.0985914
0.45 65.4788 80.772 458.897 295.065 1165.28 173.658 0.877931 0.0248148 0.0972539
0.449 65.1001 80.4489 457.733 295.954 1164.44 173.579 0.878971 0.0241156 0.0969133
0.448 64.7239 80.1262 456.569 296.849 1163.6 173.497 0.880016 0.0234198 0.0965642
0.447 64.3501 79.8039 455.405 297.748 1162.76 173.415 0.881066 0.0227278 0.0962063
0.446 63.9787 79.4821 454.243 298.654 1161.93 173.331 0.882121 0.0220397 0.0958392
0.445 63.6099 79.1606 453.081 299.564 1161.1 173.245 0.883182 0.0213557 0.0954627
0.444 63.2435 78.8396 451.921 300.48 1160.28 173.158 0.884248 0.0206759 0.0950765
0.443 62.8797 78.519 450.761 301.402 1159.46 173.069 0.885319 0.0200006 0.09468
0.442 62.5185 78.1988 449.602 302.329 1158.64 172.978 0.886397 0.01933 0.0942731
0.441 62.16 77.8789 448.444 303.263 1157.83 172.886 0.88748 0.0186643 0.0938553
0.44 61.8041 77.5595 447.286 304.202 1157.02 172.791 0.88857 0.0180037 0.093426
0.439 61.4509 77.2405 446.13 305.148 1156.22 172.693 0.889666 0.0173486 0.0929849
0.438 61.1005 76.9219 444.974 306.1 1155.42 172.594 0.890769 0.0166992 0.0925315
0.437 60.7529 76.6035 443.819 307.059 1154.63 172.492 0.891879 0.0160557 0.0920652
0.436 60.4083 76.2856 442.665 308.025 1153.84 172.386 0.892996 0.0154185 0.0915854
0.435 60.0666 75.968 441.511 308.998 1153.05 172.278 0.894121 0.0147879 0.0910914
0.434 59.3856 76.7752 440.846 309.565 1152.61 172.209 0.895653 0.0144395 0.0908812
0.433 59.355 75.3339 439.207 310.872 1151.41 172.224 0.896247 0.013448 0.0903047
0.432 58.9805 75.0176 438.056 311.762 1150.55 172.295 0.89723 0.0127289 0.0900413
0.431 58.6076 74.7018 436.905 312.656 1149.68 172.366 0.898212 0.0120156 0.0897723
0.43 58.2363 74.3866 435.756 313.554 1148.82 172.437 0.899194 0.0113084 0.0894975
0.429 57.8664 74.0719 434.608 314.456 1147.96 172.508 0.900176 0.0106076 0.0892168
0.428 57.4979 73.7577 433.46 315.363 1147.1 172.58 0.901156 0.00991392 0.08893
0.427 57.1309 73.4441 432.314 316.274 1146.24 172.651 0.902135 0.00922768 0.088637
0.426 56.7653 73.131 431.168 317.189 1145.38 172.723 0.903113 0.00854948 0.0883375
0.425 56.401 72.8185 430.023 318.108 1144.53 172.795 0.904089 0.00787998 0.0880314
0.424 56.0381 72.5065 428.879 319.032 1143.67 172.867 0.905062 0.00721985 0.0877185
0.423 55.6763 72.1951 427.736 319.961 1142.82 172.939 0.906032 0.00656991 0.0873984
0.422 55.3157 71.8842 426.593 320.894 1141.96 173.011 0.906998 0.00593106 0.0870711
0.421 54.9562 71.5739 425.452 321.832 1141.11 173.083 0.90796 0.00530436 0.0867361
0.42 54.5977 71.2641 424.311 322.775 1140.26 173.155 0.908916 0.00469102 0.0863931
0.419 54.2401 70.9548 423.171 323.723 1139.41 173.227 0.909866 0.00409249 0.0860419
0.418 53.8832 70.6462 422.032 324.676 1138.55 173.299 0.910808 0.00351049 0.0856819
0.417 53.5269 70.3381 420.894 325.634 1137.7 173.37 0.91174 0.00294717 0.0853127
0.416 53.1709 70.0305 419.757 326.598 1136.85 173.441 0.912661 0.00240517 0.0849337
0.415 52.815 69.7236 418.62 327.568 1135.99 173.511 0.913568 0.00188797 0.0845442
0.414 52.4587 69.4172 417.485 328.543 1135.13 173.581 0.914457 0.00140023 0.0841431
0.413 52.1014 69.1115 416.35 329.525 1134.26 173.65 0.915322 0.000948697 0.0837293
0.412 51.7422 68.8063 415.216 330.515 1133.39 173.717 0.916155 0.000544014 0.0833007
0.411 51.3792 68.5018 414.083 331.512 1132.51 173.782 0.91694 0.00020615 0.0828536
0.41 51.0063 68.198 412.951 332.522 1131.6 173.841 0.917623 0 0.0823769
0.409 50.6165 67.895 411.82 333.548 1130.65 173.892 0.918143 0 0.0818573
0.408 50.2302 67.5928 410.69 334.579 1129.71 173.944 0.918671 0 0.081329
0.407 49.8473 67.2915 409.561 335.617 1128.77 173.997 0.919208 0 0.0807917
0.406 49.4678 66.991 408.432 336.66 1127.83 174.051 0.919755 0 0.0802454
0.405 49.0918 66.6913 407.305 337.709 1126.91 174.105 0.92031 0 0.0796898
0.404 48.7193 66.3924 406.179 338.765 1125.98 174.161 0.920875 0 0.0791247
0.403 48.3503 66.0943 405.053 339.826 1125.07 174.218 0.92145 0 0.0785501
0.402 47.9848 65.797 403.928 340.893 1124.16 174.275 0.922034 0 0.0779656
0.401 47.6228 65.5004 402.805 341.966 1123.26 174.334 0.922629 0 0.0773712
0.4 47.2643 65.2047 401.682 343.046 1122.37 174.394 0.923233 0 0.0767666
0.399 46.9093 64.9096 400.56 344.131 1121.48 174.454 0.923848 0 0.0761516
0.398 46.5579 64.6153 399.439 345.223 1120.6 174.516 0.924474 0 0.075526
0.397 46.2101 64.3218 398.319 346.321 1119.72 174.579 0.92511 0 0.0748896
0.396 45.8658 64.029 397.199 347.425 1118.85 174.643 0.925758 0 0.0742422
0.395 45.525 63.7368 396.081 348.536 1117.99 174.708 0.926416 0 0.0735835
0.394 45.1879 63.4454 394.963 349.653 1117.14 174.774 0.927087 0 0.0729134
0.393 44.8543 63.1546 393.847 350.776 1116.29 174.841 0.927768 0 0.0722316
0.392 44.5244 62.8646 392.731 351.906 1115.45 174.909 0.928462 0 0.0715378
0.391 44.1981 62.5751 391.616 353.043 1114.61 174.979 0.929168 0 0.0708318
0.39 43.8755 62.2863 390.502 354.186 1113.79 175.05 0.929887 0 0.0701133
0.389 43.5565 61.9982 389.388 355.335 1112.97 175.121 0.930618 0 0.069382
0.388 43.2411 61.7107 388.276 356.491 1112.16 175.195 0.931362 0 0.0686377
0.387 42.9295 61.4237 387.164 357.654 1111.35 175.269 0.93212 0 0.0678801
0.386 42.6215 61.1374 386.053 358.824 1110.56 175.345 0.932891 0 0.0671089
0.385 42.3173 60.8516 384.943 360.001 1109.77 175.422 0.933676 0 0.0663237
0.384 42.0168 60.5664 383.833 361.184 1108.99 175.5 0.934476 0 0.0655242
0.383 41.7201 60.2817 382.725 362.375 1108.21 175.58 0.93529 0 0.0647102
0.382 41.4271 59.9976 381.617 363.573 1107.45 175.661 0.936119 0 0.0638812
0.381 41.138 59.7139 380.51 364.777 1106.69 175.743 0.936963 0 0.0630369
0.38 40.8526 59.4308 379.404 365.989 1105.94 175.827 0.937823 0 0.0621769
0.379 40.5711 59.1481 378.298 367.209 1105.2 175.912 0.938699 0 0.0613008
0.378 40.2934 58.8659 377.193 368.435 1104.46 175.999 0.939592 0 0.0604082
0.377 40.0197 58.5841 376.089 369.669 1103.74 176.088 0.940501 0 0.0594987
0.376 39.7498 58.3027 374.986 370.911 1103.02 176.178 0.941428 0 0.0585719
0.375 39.4839 58.0217 373.883 372.16 1102.31 176.269 0.942373 0 0.0576272
0.374 39.2219 57.7411 372.781 373.417 1101.61 176.362 0.943336 0 0.0566642
0.373 38.9639 57.4609 371.68 374.682 1100.92 176.457 0.944318 0 0.0556824
0.372 38.71 57.181 370.579 375.954 1100.24 176.554 0.945319 0 0.0546813
0.371 38.4601 56.9015 369.479 377.235 1099.57 176.653 0.94634 0 0.0536603
0.37 38.2143 56.6222 368.38 378.524 1098.9 176.753 0.947381 0 0.0526188
0.369 37.9726 56.3432 367.282 379.821 1098.25 176.855 0.948444 0 0.0515563
0.368 37.7351 56.0644 366.184 381.127 1097.61 176.959 0.949528 0 0.050472
0.367 37.5018 55.7859 365.086 382.441 1096.97 177.065 0.950635 0 0.0493653
0.366 37.2728 55.5075 363.99 383.763 1096.35 177.174 0.951764 0 0.0482355
0.365 37.048 55.2294 362.894 385.095 1095.73 177.284 0.952918 0 0.0470818
0.364 36.8277 54.9514 361.798 386.436 1095.13 177.396 0.954096 0 0.0459035
0.363 36.6117 54.6735 360.703 387.786 1094.53 177.511 0.9553 0 0.0446997
0.362 36.4002 54.3956 359.609 389.145 1093.95 177.629 0.956531 0 0.0434694
0.361 36.1933 54.1179 358.516 390.514 1093.38 177.748 0.957788 0 0.0422119
0.36 35.991 53.8402 357.422 391.892 1092.82 177.87 0.959074 0 0.0409259
0.359 35.7933 53.5625 356.33 393.281 1092.27 177.995 0.960389 0 0.0396106
0.358 35.6004 53.2847 355.238 394.68 1091.73 178.123 0.961735 0 0.0382646
0.357 35.4124 53.0069 354.146 396.09 1091.2 178.254 0.963113 0 0.0368869
0.356 35.2293 52.729 353.056 397.51 1090.69 178.387 0.964524 0 0.035476
0.355 35.0513 52.451 351.965 398.942 1090.19 178.524 0.965969 0 0.0340305
0.354 34.8785 52.1727 350.875 400.385 1089.7 178.664 0.967451 0 0.032549
0.353 34.7109 51.8943 349.786 401.84 1089.23 178.807 0.96897 0 0.0310297
0.352 34.5488 51.6156 348.697 403.307 1088.77 178.954 0.970529 0 0.0294708
0.351 34.3922 51.3366 347.608 404.787 1088.32 179.105 0.97213 0 0.0278704
0.35 34.2414 51.0573 346.52 406.281 1087.89 179.26 0.973774 0 0.0262264
0.349 34.0965 50.7775 345.432 407.788 1087.48 179.419 0.975464 0 0.0245363
0.348 33.9578 50.4974 344.345 409.31 1087.08 179.583 0.977202 0 0.0227977
0.347 33.8254 50.2167 343.258 410.847 1086.7 179.751 0.978992 0 0.0210076
0.346 33.6997 49.9355 342.172 412.4 1086.33 179.925 0.980837 0 0.019163
0.345 33.5808 49.6537 341.086 413.969 1085.99 180.104 0.98274 0 0.0172603
0.344 33.4693 49.3712 340 415.556 1085.67 180.289 0.984705 0 0.0152954
0.343 33.3653 49.088 338.914 417.163 1085.36 180.481 0.986736 0 0.0132638
0.342 33.2694 48.804 337.829 418.789 1085.08 180.679 0.988839 0 0.0111606
0.341 33.1821 48.5191 336.744 420.437 1084.83 180.885 0.99102 0 0.00897983
0.34 33.1039 48.2333 335.659 422.108 1084.6 181.099 0.993285 0 0.00671475
0.339 33.0355 47.9465 334.575 423.804 1084.4 181.322 0.995643 0 0.00435741
0.338 32.9779 47.6583 333.491 425.528 1084.23 181.555 0.998102 0 0.00189838
0.337 32.4442 48.8694 332.912 426.453 1084.14 181.688 1.00081 0 0.000562857
0.336 32.5545 47.0802 331.323 428.107 1082.97 181.211 1 0 0
0.335 32.2481 46.7924 330.24 429.127 1082.06 180.794 1 0 0
0.334 31.9439 46.5055 329.159 430.15 1081.15 180.376 1 0 0
0.333 31.6416 46.2197 328.078 431.176 1080.24 179.957 1 0 0
0.332 31.3414 45.9348 326.998 432.205 1079.34 179.537 1 0 0
0.331 31.0432 45.651 325.919 433.238 1078.44 179.117 1 0 0
0.33 30.747 45.3681 324.841 434.273 1077.54 178.696 1 0 0
0.329 30.4528 45.0863 323.764 435.312 1076.65 178.275 1 0 0
0.328 30.1606 44.8055 322.688 436.353 1075.76 177.853 1 0 0
0.327 29.8704 44.5256 321.613 437.398 1074.87 177.43 1 0 0
0.326 29.5821 44.2468 320.538 438.445 1073.99 177.007 1 0 0
0.325 29.2959 43.9689 319.465 439.496 1073.11 176.584 1 0 0
0.324 29.0116 43.692 318.392 440.549 1072.23 176.159 1 0 0
0.323 28.7293 43.4162 317.32 441.606 1071.36 175.734 1 0 0
0.322 28.449 43.1413 316.249 442.666 1070.49 175.308 1 0 0
0.321 28.1706 42.8674 315.179 443.729 1069.63 174.882 1 0 0
0.32 27.8942 42.5945 314.11 444.794 1068.76 174.455 1 0 0
0.319 27.6197 42.3226 313.042 445.863 1067.9 174.028 1 0 0
0.318 27.3471 42.0517 311.974 446.935 1067.05 173.6 1 0 0
0.317 27.0765 41.7817 310.908 448.01 1066.2 173.171 1 0 0
0.316 26.8078 41.5128 309.842 449.088 1065.35 172.742 1 0 0
0.315 26.541 41.2448 308.777 450.168 1064.5 172.312 1 0 0
0.314 26.2762 40.9778 307.713 451.252 1063.66 171.882 1 0 0
0.313 26.0132 40.7118 306.65 452.339 1062.82 171.451 1 0 0
0.312 25.7521 40.4468 305.587 453.429 1061.99 171.019 1 0 0
0.311 25.493 40.1827 304.526 454.521 1061.15 170.587 1 0 0
0.31 25.2357 39.9196 303.465 455.617 1060.32 170.154 1 0 0
0.309 24.9802 39.6575 302.405 456.716 1059.5 169.721 1 0 0
0.308 24.7267 39.3964 301.346 457.818 1058.68 169.287 1 0 0
0.307 24.475 39.1362 300.288 458.922 1057.86 168.853 1 0 0
0.306 24.2252 38.877 299.23 460.03 1057.04 168.417 1 0 0
0.305 23.9772 38.6188 298.174 461.14 1056.23 167.982 1 0 0
0.304 23.7311 38.3615 297.118 462.254 1055.42 167.546 1 0 0
0.303 23.4868 38.1052 296.063 463.37 1054.62 167.109 1 0 0
0.302 23.2443 37.8499 295.009 464.49 1053.82 166.671 1 0 0
0.301 23.0036 37.5955 293.955 465.612 1053.02 166.233 1 0 0
0.3 22.7648 37.342 292.903 466.737 1052.22 165.795 1 0 0
0.299 22.5278 37.0896 291.851 467.866 1051.43 165.356 1 0 0
0.298 22.2925 36.8381 290.8 468.997 1050.65 164.916 1 0 0
0.297 22.0591 36.5875 289.749 470.131 1049.86 164.476 1 0 0
0.296 21.8274 36.3379 288.7 471.268 1049.08 164.035 1 0 0
0.295 21.5976 36.0893 287.651 472.407 1048.3 163.593 1 0 0
0.294 21.3695 35.8416 286.603 473.55 1047.53 163.152 1 0 0
0.293 21.1431 35.5948 285.556 474.696 1046.76 162.709 1 0 0
0.292 20.9185 35.349 284.51 475.844 1045.99 162.266 1 0 0
0.291 20.6957 35.1041 283.464 476.996 1045.22 161.822 1 0 0
0.29 20.4746 34.8602 282.419 478.15 1044.46 161.378 1 0 0
0.289 20.2553 34.6172 281.375 479.307 1043.7 160.933 1 0 0
0.288 20.0376 34.3752 280.332 480.467 1042.95 160.488 1 0 0
0.287 19.8217 34.1341 279.289 481.63 1042.2 160.042 1 0 0
0.286 19.6075 33.8939 278.248 482.796 1041.45 159.596 1 0 0
0.285 19.395 33.6546 277.207 483.964 1040.71 159.149 1 0 0
0.284 19.1842 33.4163 276.166 485.136 1039.97 158.701 1 0 0
0.283 18.9751 33.1789 275.127 486.31 1039.23 158.253 1 0 0
0.282 18.7677 32.9425 274.088 487.487 1038.49 157.805 1 0 0
0.281 18.5619 32.7069 273.05 488.667 1037.76 157.355 1 0 0
0.28 18.3578 32.4723 272.012 489.849 1037.04 156.906 1 0 0
0.279 18.1554 32.2386 270.976 491.035 1036.31 156.455 1 0 0
0.278 17.9546 32.0058 269.94 492.223 1035.59 156.005 1 0 0
0.277 17.7555 31.774 268.904 493.414 1034.87 155.553 1 0 0
0.276 17.558 31.543 267.87 494.608 1034.16 155.101 1 0 0
0.275 17.3621 31.313 266.836 495.805 1033.45 154.649 1 0 0
0.274 17.1678 31.0839 265.803 497.004 1032.74 154.196 1 0 0
0.273 16.9752 30.8556 264.771 498.207 1032.04 153.743 1 0 0
0.272 16.7842 30.6283 263.739 499.412 1031.33 153.289 1 0 0
0.271 16.5948 30.4019 262.708 500.619 1030.64 152.834 1 0 0
0.27 16.4069 30.1764 261.678 501.83 1029.94 152.379 1 0 0
0.269 16.2207 29.9518 260.648 503.043 1029.25 151.923 1 0 0
0.268 16.036 29.7281 259.619 504.259 1028.56 151.467 1 0 0
0.267 15.8529 29.5053 258.591 505.478 1027.88 151.011 1 0 0
0.266 15.6713 29.2833 257.563 506.699 1027.2 150.553 1 0 0
0.265 15.4913 29.0623 256.537 507.924 1026.52 150.096 1 0 0
0.264 15.3129 28.8421 255.51 509.15 1025.85 149.637 1 0 0
0.263 15.136 28.6229 254.485 510.38 1025.17 149.179 1 0 0
0.262 14.9606 28.4045 253.46 511.612 1024.51 148.719 1 0 0
0.261 14.7867 28.187 252.436 512.848 1023.84 148.26 1 0 0
0.26 14.6144 27.9704 251.412 514.085 1023.18 147.799 1 0 0
0.259 14.4436 27.7546 250.389 515.326 1022.52 147.338 1 0 0
0.258 14.2743 27.5397 249.367 516.569 1021.87 146.877 1 0 0
0.257 14.1064 27.3257 248.346 517.815 1021.21 146.415 1 0 0
0.256 13.9401 27.1126 247.325 519.063 1020.57 145.953 1 0 0
0.255 13.7752 26.9003 246.305 520.314 1019.92 145.49 1 0 0
0.254 13.6118 26.6889 245.285 521.568 1019.28 145.027 1 0 0
0.253 13.4499 26.4783 244.266 522.825 1018.64 144.563 1 0 0
0.252 13.2894 26.2686 243.248 524.084 1018 144.098 1 0 0
0.251 13.1304 26.0598 242.23 525.346 1017.37 143.634 1 0 0
0.25 12.9728 25.8518 241.213 526.61 1016.74 143.168 1 0 0
0.249 12.8167 25.6447 240.197 527.877 1016.12 142.702 1 0 0
0.248 12.662 25.4384 239.181 529.147 1015.49 142.236 1 0 0
0.247 12.5087 25.2329 238.166 530.419 1014.88 141.769 1 0 0
0.246 12.3568 25.0283 237.151 531.694 1014.26 141.302 1 0 0
0.245 12.2063 24.8245 236.137 532.972 1013.65 140.834 1 0 0
0.244 12.0572 24.6216 235.124 534.252 1013.04 140.366 1 0 0
0.243 11.9096 24.4195 234.111 535.535 1012.43 139.897 1 0 0
0.242 11.7633 24.2182 233.099 536.82 1011.83 139.428 1 0 0
0.241 11.6184 24.0178 232.087 538.108 1011.23 138.958 1 0 0
0.24 11.4748 23.8181 231.076 539.399 1010.63 138.488 1 0 0
0.239 11.3327 23.6193 230.066 540.692 1010.04 138.018 1 0 0
0.238 11.1919 23.4213 229.056 541.988 1009.45 137.546 1 0 0
0.237 11.0524 23.2242 228.047 543.286 1008.86 137.075 1 0 0
0.236 10.9143 23.0278 227.039 544.587 1008.27 136.603 1 0 0
0.235 10.7775 22.8322 226.031 545.891 1007.69 136.131 1 0 0
0.234 10.6421 22.6375 225.023 547.197 1007.12 135.658 1 0 0
0.233 10.508 22.4435 224.016 548.505 1006.54 135.185 1 0 0
0.232 10.3752 22.2504 223.01 549.816 1005.97 134.711 1 0 0
0.231 10.2438 22.058 222.004 551.13 1005.4 134.237 1 0 0
0.23 10.1136 21.8664 220.999 552.447 1004.84 133.762 1 0 0
0.229 9.98475 21.6756 219.995 553.765 1004.28 133.287 1 0 0
0.228 9.85719 21.4856 218.991 555.087 1003.72 132.812 1 0 0
0.227 9.73092 21.2964 217.987 556.411 1003.16 132.336 1 0 0
0.226 9.60594 21.1079 216.984 557.737 1002.61 131.86 1 0 0
0.225 9.48225 20.9203 215.982 559.067 1002.06 131.384 1 0 0
0.224 9.35982 20.7333 214.98 560.398 1001.52 130.907 1 0 0
0.223 9.23867 20.5472 213.979 561.732 1000.98 130.43 1 0 0
0.222 9.11878 20.3618 212.978 563.069 1000.44 129.952 1 0 0
0.221 9.00015 20.1771 211.978 564.408 999.902 129.474 1 0 0
0.22 8.88277 19.9932 210.979 565.75 999.369 128.996 1 0 0
0.219 8.76664 19.8101 209.979 567.094 998.84 128.518 1 0 0
0.218 8.65176 19.6276 208.981 568.441 998.315 128.039 1 0 0
0.217 8.53812 19.446 207.983 569.79 997.792 127.56 1 0 0
0.216 8.42571 19.265 206.985 571.142 997.273 127.08 1 0 0
0.215 8.31454 19.0848 205.988 572.497 996.757 126.601 1 0 0
0.214 8.20458 18.9053 204.992 573.854 996.244 126.121 1 0 0
0.213 8.09582 18.7267 203.996 575.213 995.735 125.641 1 0 0
0.212 7.98829 18.5487 203 576.575 995.229 125.161 1 0 0
0.211 7.88186 18.372 202.006 577.94 994.727 124.68 1 0 0
0.21 7.61204 19.0736 201.195 579.053 994.321 124.287 1.00088 0 0
0.209 6.62263 23.6335 201.19 579.055 994.321 124.287 1.00564 0 0
0.208 7.55896 17.8431 199.023 582.036 993.184 123.486 1 0 0
0.207 7.44852 17.6689 198.03 583.401 992.652 123.197 1 0 0
0.206 7.33923 17.4955 197.038 584.769 992.123 122.908 1 0 0
0.205 7.23108 17.323 196.046 586.139 991.597 122.617 1 0 0
0.204 7.12408 17.1513 195.055 587.512 991.073 122.327 1 0 0
0.203 7.01821 16.9806 194.064 588.888 990.553 122.035 1 0 0
0.202 6.91347 16.8107 193.074 590.266 990.036 121.743 1 0 0
0.201 6.80986 16.6417 192.084 591.647 989.522 121.451 1 0 0
0.2 6.70736 16.4736 191.095 593.03 989.01 121.158 1 0 0
0.199 6.60598 16.3063 190.106 594.416 988.502 120.864 1 0 0
0.198 6.50571 16.14 189.118 595.805 987.997 120.57 1 0 0
0.197 6.40654 15.9745 188.13 597.196 987.495 120.276 1 0 0
0.196 6.30846 15.8098 187.143 598.59 986.996 119.981 1 0 0
0.195 6.21148 15.646 186.156 599.987 986.5 119.685 1 0 0
0.194 6.11559 15.4831 185.17 601.386 986.007 119.389 1 0 0
0.193 6.02078 15.321 184.184 602.788 985.517 119.093 1 0 0
0.192 5.92705 15.1598 183.199 604.193 985.03 118.797 1 0 0
0.191 5.83439 14.9995 182.214 605.6 984.546 118.5 1 0 0
0.19 5.74281 14.84 181.23 607.01 984.065 118.202 1 0 0
0.189 5.65228 14.6813 180.246 608.422 983.588 117.905 1 0 0
0.188 5.56282 14.5235 179.262 609.838 983.113 117.607 1 0 0
0.187 5.47442 14.3665 178.28 611.255 982.641 117.309 1 0 0
0.186 5.38707 14.2104 177.297 612.676 982.173 117.011 1 0 0
0.185 5.30077 14.0551 176.315 614.099 981.708 116.713 1 0 0
0.184 5.21551 13.9006 175.334 615.525 981.246 116.414 1 0 0
0.183 5.1313 13.747 174.353 616.953 980.787 116.116 1 0 0
0.182 5.04812 13.5942 173.372 618.384 980.331 115.817 1 0 0
0.181 4.96599 13.4422 172.392 619.818 979.879 115.519 1 0 0
0.18 4.88488 13.291 171.412 621.255 979.429 115.221 1 0 0
0.179 4.80481 13.1407 170.433 622.694 978.983 114.922 1 0 0
0.178 4.72576 12.9911 169.454 624.136 978.54 114.624 1 0 0
0.177 4.64775 12.8424 168.476 625.58 978.101 114.327 1 0 0
0.176 4.57075 12.6944 167.498 627.027 977.665 114.029 1 0 0
0.175 4.49478 12.5472 166.521 628.478 977.232 113.732 1 0 0
0.174 4.41983 12.4009 165.544 629.93 976.802 113.436 1 0 0
0.173 4.34591 12.2553 164.567 631.386 976.376 113.14 1 0 0
0.172 4.273 12.1104 163.591 632.844 975.953 112.844 1 0 0
0.171 4.20111 11.9664 162.615 634.305 975.534 112.55 1 0 0
0.17 4.13025 11.8231 161.64 635.769 975.119 112.256 1 0 0
0.169 4.06041 11.6806 160.665 637.235 974.707 111.963 1 0 0
0.168 3.99159 11.5388 159.691 638.704 974.298 111.672 1 0 0
0.167 3.92379 11.3977 158.716 640.176 973.893 111.381 1 0 0
0.166 3.85702 11.2574 157.743 641.651 973.492 111.093 1 0 0
0.165 3.79129 11.1178 156.769 643.129 973.095 110.805 1 0 0
0.164 3.72659 10.9789 155.797 644.61 972.702 110.52 1 0 0
0.163 3.66293 10.8406 154.824 646.093 972.313 110.236 1 0 0
0.162 3.60032 10.7031 153.852 647.579 971.927 109.955 1 0 0
0.161 3.53876 10.5663 152.88 649.068 971.546 109.676 1 0 0
0.16 3.47827 10.4301 151.909 650.561 971.169 109.399 1 0 0
0.159 3.41885 10.2945 150.938 652.056 970.797 109.126 1 0 0
0.158 3.36052 10.1596 149.967 653.554 970.429 108.856 1 0 0
0.157 3.30329 10.0253 148.997 655.055 970.065 108.59 1 0 0
0.156 3.24718 9.89157 148.027 656.559 969.707 108.328 1 0 0
0.155 3.19221 9.75842 147.058 658.066 969.353 108.07 1 0 0
0.154 3.1384 9.62582 146.088 659.576 969.005 107.818 1 0 0
0.153 3.08579 9.49374 145.12 661.09 968.662 107.572 1 0 0
0.152 3.03439 9.36217 144.151 662.606 968.325 107.332 1 0 0
0.151 2.98427 9.23106 143.183 664.126 967.994 107.1 1 0 0
0.15 2.93546 9.10039 142.215 665.649 967.67 106.877 1 0 0
0.149 2.88803 8.97011 141.248 667.176 967.353 106.664 1 0 0
0.148 2.84204 8.8402 140.28 668.706 967.043 106.463 1 0 0
0.147 2.7976 8.7106 139.313 670.24 966.742 106.275 1 0 0
0.146 2.75483 8.58126 138.347 671.778 966.45 106.104 1 0 0
0.145 2.71388 8.4521 137.381 673.32 966.168 105.952 1 0 0
0.144 2.67496 8.32307 136.415 674.866 965.899 105.824 1 0 0
0.143 2.63838 8.19406 135.449 676.417 965.644 105.727 1 0 0
0.142 2.60458 8.06498 134.483 677.973 965.407 105.67 1 0 0
0.141 2.56275 7.9358 133.518 679.521 965.111 105.403 1 0 0
0.14 2.50773 7.80738 132.553 681.055 964.72 104.816 1 0 0
0.139 2.45342 7.67991 131.589 682.592 964.33 104.226 1 0 0
0.138 2.39984 7.55341 130.624 684.132 963.944 103.635 1 0 0
0.137 2.34696 7.42788 129.661 685.675 963.559 103.042 1 0 0
0.136 2.29479 7.30332 128.697 687.221 963.177 102.448 1 0 0
0.135 2.24332 7.17974 127.734 688.769 962.797 101.852 1 0 0
0.134 2.19255 7.05715 126.772 690.321 962.419 101.255 1 0 0
0.133 2.14248 6.93553 125.809 691.876 962.044 100.655 1 0 0
0.132 2.0931 6.81491 124.848 693.433 961.672 100.055 1 0 0
0.131 2.0444 6.69528 123.886 694.994 961.301 99.4522 1 0 0
0.13 1.99639 6.57665 122.925 696.558 960.933 98.8481 1 0 0
0.129 1.94905 6.45902 121.964 698.124 960.568 98.2424 1 0 0
0.128 1.90239 6.3424 121.004 699.694 960.205 97.6351 1 0 0
0.127 1.8564 6.2268 120.044 701.267 959.844 97.0261 1 0 0
0.126 1.81108 6.11221 119.084 702.843 959.486 96.4155 1 0 0
0.125 1.76643 5.99865 118.125 704.422 959.13 95.8032 1 0 0
0.124 1.72243 5.88611 117.166 706.004 958.777 95.1892 1 0 0
0.123 1.67909 5.77461 116.207 707.59 958.426 94.5736 1 0 0
0.122 1.63641 5.66414 115.249 709.178 958.077 93.9563 1 0 0
0.121 1.59437 5.55472 114.291 710.77 957.731 93.3373 1 0 0
0.12 1.55298 5.44635 113.334 712.365 957.388 92.7167 1 0 0
0.119 1.51223 5.33903 112.376 713.963 957.047 92.0944 1 0 0
0.118 1.47211 5.23277 111.419 715.564 956.708 91.4703 1 0 0
0.117 1.43264 5.12758 110.463 717.169 956.372 90.8446 1 0 0
0.116 1.39379 5.02346 109.507 718.777 956.039 90.2172 1 0 0
0.115 1.35557 4.92042 108.551 720.388 955.708 89.5881 1 0 0
0.114 1.31798 4.81846 107.595 722.002 955.38 88.9574 1 0 0
0.113 1.281 4.7176 106.64 723.62 955.054 88.3248 1 0 0
0.112 1.24464 4.61782 105.685 725.241 954.731 87.6906 1 0 0
0.111 1.2089 4.51915 104.731 726.866 954.41 87.0547 1 0 0
0.11 1.17377 4.42159 103.776 728.494 954.092 86.417 1 0 0
0.109 1.13924 4.32515 102.822 730.125 953.777 85.7777 1 0 0
0.108 1.10531 4.22982 101.869 731.76 953.464 85.1366 1 0 0
0.107 1.07199 4.13562 100.916 733.398 953.154 84.4937 1 0 0
0.106 1.03925 4.04256 99.9625 735.04 952.847 83.8492 1 0 0
0.105 1.00712 3.95064 99.0098 736.685 952.542 83.2029 1 0 0
0.104 0.975568 3.85986 98.0574 738.334 952.24 82.5548 1 0 0
0.103 0.944604 3.77025 97.1053 739.987 951.941 81.905 1 0 0
0.102 0.914222 3.68179 96.1535 741.643 951.645 81.2535 1 0 0
0.101 0.884418 3.5945 95.202 743.302 951.351 80.6002 1 0 0
0.1 0.855189 3.5084 94.2508 744.966 951.06 79.9451 1 0 0
0.099 0.826531 3.42347 93.2999 746.633 950.772 79.2883 1 0 0
0.098 0.798442 3.33974 92.3493 748.303 950.487 78.6297 1 0 0
0.097 0.770916 3.2572 91.3989 749.978 950.205 77.9693 1 0 0
0.096 0.743951 3.17587 90.4489 751.656 949.925 77.3071 1 0 0
0.095 0.717543 3.09575 89.4991 753.338 949.649 76.6432 1 0 0
0.094 0.691689 3.01686 88.5496 755.024 949.375 75.9775 1 0 0
0.093 0.666385 2.9392 87.6003 756.714 949.105 75.31 1 0 0
0.092 0.641627 2.86277 86.6514 758.408 948.837 74.6407 1 0 0
0.091 0.617412 2.78758 85.7027 760.106 948.572 73.9695 1 0 0
0.09 0.593736 2.71365 84.7542 761.807 948.311 73.2966 1 0 0
0.089 0.570595 2.64099 83.806 763.513 948.052 72.6219 1 0 0
0.088 0.547986 2.56959 82.8581 765.223 947.797 71.9453 1 0 0
0.087 0.525904 2.49946 81.9105 766.937 947.544 71.267 1 0 0
0.086 0.504347 2.43063 80.963 768.655 947.295 70.5868 1 0 0
0.085 0.48331 2.36308 80.0159 770.377 947.049 69.9047 1 0 0
0.084 0.46279 2.29684 79.0689 772.103 946.806 69.2209 1 0 0
0.083 0.442782 2.23191 78.1222 773.834 946.567 68.5351 1 0 0
0.082 0.423283 2.1683 77.1758 775.568 946.33 67.8476 1 0 0
0.081 0.404288 2.10601 76.2296 777.308 946.097 67.1581 1 0 0
0.08 0.385795 2.04506 75.2836 779.051 945.867 66.4668 1 0 0
0.079 0.367797 1.98545 74.3379 780.799 945.641 65.7737 1 0 0
0.078 0.350293 1.9272 73.3923 782.551 945.418 65.0786 1 0 0
0.077 0.333277 1.8703 72.447 784.308 945.199 64.3817 1 0 0
0.076 0.316744 1.81478 71.5019 786.07 944.982 63.6829 1 0 0
0.075 0.300692 1.76063 70.557 787.836 944.77 62.9821 1 0 0
0.074 0.285115 1.70787 69.6124 789.606 944.561 62.2795 1 0 0
0.073 0.27001 1.6565 68.6679 791.381 944.355 61.5749 1 0 0
0.072 0.255371 1.60653 67.7237 793.161 944.153 60.8684 1 0 0
0.071 0.241194 1.55798 66.7796 794.946 943.955 60.16 1 0 0
0.07 0.227475 1.51084 65.8358 796.736 943.76 59.4496 1 0 0
0.069 0.214209 1.46514 64.8921 798.53 943.57 58.7372 1 0 0
0.068 0.201391 1.42086 63.9486 800.33 943.382 58.0229 1 0 0
0.067 0.189016 1.37803 63.0053 802.134 943.199 57.3066 1 0 0
0.066 0.17708 1.33665 62.0622 803.944 943.02 56.5883 1 0 0
0.065 0.165577 1.29673 61.1193 805.758 942.844 55.868 1 0 0
0.064 0.154502 1.25827 60.1765 807.578 942.672 55.1457 1 0 0
0.063 0.143851 1.22129 59.2339 809.403 942.505 54.4213 1 0 0
0.062 0.133618 1.18579 58.2915 811.234 942.341 53.6949 1 0 0
0.061 0.123797 1.15177 57.3493 813.069 942.181 52.9664 1 0 0
0.06 0.114383 1.11925 56.4072 814.91 942.026 52.2359 1 0 0
0.059 0.105371 1.08823 55.4652 816.757 941.874 51.5032 1 0 0
0.058 0.0967547 1.05871 54.5234 818.609 941.727 50.7684 1 0 0
0.057 0.0885285 1.03071 53.5818 820.466 941.584 50.0314 1 0 0
0.056 0.0806863 1.00422 52.6402 822.33 941.445 49.2923 1 0 0
0.055 0.0732223 0.979252 51.6989 824.199 941.311 48.5511 1 0 0
0.054 0.0661302 0.95581 50.7576 826.074 941.18 47.8076 1 0 0
0.053 0.0594039 0.933896 49.8165 827.955 941.055 47.0618 1 0 0
0.052 0.0530368 0.913515 48.8755 829.842 940.933 46.3138 1 0 0
0.051 0.0470224 0.894669 47.9346 831.734 940.817 45.5636 1 0 0
0.05 0.0413542 0.877359 46.9939 833.633 940.704 44.811 1 0 0
0.049 0.0360251 0.861586 46.0532 835.539 940.597 44.056 1 0 0
0.048 0.0310283 0.847351 45.1127 837.45 940.494 43.2987 1 0 0
0.047 0.0263567 0.834652 44.1722 839.368 940.395 42.5389 1 0 0
0.046 0.0220029 0.823487 43.2319 841.292 940.302 41.7767 1 0 0
0.045 0.0179595 0.813854 42.2916 843.223 940.213 41.0119 1 0 0
0.044 0.014219 0.805748 41.3515 845.161 940.129 40.2446 1 0 0
0.043 0.0107734 0.799163 40.4114 847.105 940.05 39.4748 1 0 0
0.042 0.00761498 0.794092 39.4714 849.057 939.975 38.7022 1 0 0
0.041 0.0047355 0.790527 38.5314 851.015 939.906 37.927 1 0 0
0.04 0.00212666 0.788455 37.5915 852.98 939.842 37.149 1 0 0
0.039 -0.000220034 0.787864 36.6517 854.952 939.782 36.3682 1 0 0
0.038 -0.00231327 0.788739 35.712 856.932 939.728 35.5845 1 0 0
0.037 -0.00416194 0.791062 34.7723 858.919 939.679 34.7978 1 0 0
0.036 -0.00577514 0.794813 33.8326 860.913 939.634 34.0081 1 0 0
0.035 -0.00716217 0.799967 32.893 862.915 939.595 33.2153 1 0 0
0.034 -0.00833253 0.806497 31.9534 864.925 939.561 32.4193 1 0 0
0.033 -0.00929595 0.814373 31.0139 866.943 939.533 31.6199 1 0 0
0.032 -0.0100624 0.823558 30.0744 868.968 939.509 30.8171 1 0 0
0.031 -0.010642 0.834013 29.1349 871.002 939.491 30.0108 1 0 0
0.03 -0.0110452 0.845692 28.1954 873.044 939.478 29.2008 1 0 0
0.029 -0.0112826 0.858541 27.2559 875.094 939.469 28.3871 1 0 0
0.028 -0.0113651 0.872504 26.3164 877.153 939.467 27.5693 1 0 0
0.027 -0.0113038 0.887513 25.377 879.22 939.469 26.7475 1 0 0
0.026 -0.0111101 0.903492 24.4375 881.297 939.476 25.9214 1 0 0
0.025 -0.0107954 0.920355 23.498 883.382 939.489 25.0907 1 0 0
0.024 -0.0103718 0.938006 22.5585 885.476 939.506 24.2554 1 0 0
0.023 -0.0098512 0.956334 21.619 887.58 939.528 23.4151 1 0 0
0.022 -0.00924598 0.975211 20.6795 889.692 939.555 22.5696 1 0 0
0.021 -0.00856868 0.994495 19.7399 891.815 939.586 21.7186 1 0 0
0.02 -0.0078321 1.01402 18.8003 893.947 939.622 20.8617 1 0 0
0.019 -0.00704924 1.0336 17.8606 896.09 939.663 19.9986 1 0 0
0.018 -0.00623332 1.05301 16.921 898.242 939.707 19.1288 1 0 0
0.017 -0.00539774 1.072 15.9812 900.405 939.754 18.2519 1 0 0
0.016 -0.00455608 1.09028 15.0414 902.579 939.806 17.3672 1 0 0
0.015 -0.00372204 1.1075 14.1016 904.763 939.859 16.4742 1 0 0
0.014 -0.00290944 1.12325 13.1617 906.958 939.915 15.5721 1 0 0
0.013 -0.0021321 1.13706 12.2218 909.165 939.973 14.6601 1 0 0
0.012 -0.00140386 1.14834 11.2818 911.383 940.031 13.737 1 0 0
0.011 -0.000734703 1.15606 10.3417 913.613 940.089 12.8016 1 0 0
0.01 -0.000144413 1.15991 9.4016 915.854 940.145 11.8524 1 0 0
0.009 0.000357135 1.15855 8.46143 918.108 940.198 10.8876 1 0 0
0.008 0.000757866 1.15057 7.5212 920.375 940.245 9.90458 1 0 0
0.007 0.00104686 1.13417 6.58094 922.654 940.284 8.90039 1 0 0
0.006 0.00121497 1.10691 5.64064 924.947 940.309 7.87078 1 0 0
0.005 0.00125567 1.06537 4.70033 927.253 940.317 6.8099 1 0 0
0.004 0.00116634 1.00466 3.76002 929.572 940.296 5.70903 1 0 0
0.003 0.000947651 0.918376 2.81976 931.907 940.234 4.55421 1 0 0
0.002 0.000634897 0.786559 1.87957 934.255 940.104 3.31987 1 0 0
0.001 0.000237823 0.605788 0.939606 936.62 939.844 1.94737 1.00003 0 0
