0.8 308.7 237.848 941.478 160.642 1562.72 226.049 0.737889 0.262111 0
0.7984 307.222 237.076 938.979 161.161 1560.87 226.017 0.738622 0.261378 0
0.7968 305.748 236.305 936.483 161.682 1559.03 225.984 0.739357 0.260643 0
0.7952 304.277 235.535 933.99 162.205 1557.18 225.952 0.740094 0.259906 0
0.7936 302.81 234.766 931.5 162.729 1555.33 225.919 0.740834 0.259166 0
0.792 301.347 233.997 929.013 163.255 1553.48 225.885 0.741576 0.258424 0
0.7904 299.887 233.228 926.529 163.782 1551.64 225.852 0.74232 0.25768 0
0.7888 298.431 232.461 924.048 164.312 1549.8 225.818 0.743067 0.256933 0
0.7872 296.978 231.694 921.57 164.843 1547.95 225.783 0.743816 0.256184 0
0.7856 295.529 230.927 919.095 165.375 1546.11 225.749 0.744567 0.255433 0
0.784 294.084 230.161 916.622 165.91 1544.27 225.714 0.745321 0.254679 0
0.7824 292.643 229.396 914.153 166.446 1542.43 225.678 0.746077 0.253923 0
0.7808 291.205 228.631 911.687 166.983 1540.59 225.642 0.746835 0.253165 0
0.7792 289.771 227.867 909.223 167.523 1538.75 225.606 0.747596 0.252404 0
0.7776 288.34 227.104 906.763 168.064 1536.91 225.569 0.748359 0.251641 0
0.776 286.913 226.342 904.305 168.607 1535.07 225.532 0.749124 0.250876 0
0.7744 285.49 225.579 901.85 169.151 1533.24 225.494 0.749892 0.250108 0
0.7728 284.07 224.818 899.399 169.698 1531.4 225.456 0.750661 0.249339 0
0.7712 282.654 224.057 896.95 170.246 1529.57 225.417 0.751434 0.248566 0
0.7696 281.242 223.297 894.504 170.795 1527.74 225.378 0.752208 0.247792 0
0.768 279.833 222.538 892.061 171.347 1525.9 225.338 0.752985 0.247015 0
0.7664 278.428 221.779 889.621 171.9 1524.07 225.298 0.753764 0.246236 0
0.7648 277.027 221.021 887.184 172.455 1522.24 225.257 0.754545 0.245455 0
0.7632 275.629 220.264 884.75 173.012 1520.41 225.216 0.755328 0.244672 0
0.7616 274.235 219.507 882.319 173.57 1518.58 225.174 0.756114 0.243886 0
0.76 272.844 218.751 879.89 174.131 1516.76 225.131 0.756901 0.243099 0
0.7584 271.457 217.995 877.465 174.692 1514.93 225.088 0.757691 0.242309 0
0.7568 270.074 217.24 875.043 175.256 1513.1 225.044 0.758483 0.241517 0
0.7552 268.695 216.486 872.623 175.821 1511.28 224.999 0.759277 0.240723 0
0.7536 267.318 215.733 870.207 176.388 1509.45 224.953 0.760073 0.239927 0
0.752 265.946 214.98 867.793 176.957 1507.63 224.907 0.760871 0.239129 0
0.7504 264.577 214.228 865.382 177.528 1505.81 224.86 0.761671 0.238329 0
0.7488 263.212 213.476 862.974 178.1 1503.99 224.812 0.762472 0.237528 0
0.7472 261.85 212.726 860.569 178.674 1502.17 224.763 0.763276 0.236724 0
0.7456 260.492 211.976 858.167 179.249 1500.35 224.713 0.764081 0.235919 0
0.744 259.138 211.226 855.768 179.827 1498.53 224.662 0.764889 0.235111 0
0.7424 257.787 210.478 853.372 180.405 1496.71 224.609 0.765697 0.234303 0
0.7408 256.439 209.73 850.979 180.986 1494.89 224.556 0.766507 0.233493 0
0.7392 255.095 208.982 848.588 181.568 1493.08 224.501 0.767319 0.232681 0
0.7376 253.755 208.236 846.201 182.152 1491.26 224.445 0.768132 0.231868 0
0.736 252.418 207.49 843.816 182.737 1489.45 224.388 0.768946 0.231054 0
0.7344 251.084 206.744 841.435 183.323 1487.63 224.329 0.769761 0.230239 0
0.7328 249.754 206 839.056 183.911 1485.82 224.268 0.770577 0.229423 0
0.7312 248.427 205.256 836.68 184.501 1484.01 224.205 0.771393 0.228607 0
0.7296 247.104 204.513 834.307 185.091 1482.2 224.14 0.77221 0.22779 0
0.728 245.783 203.771 831.937 185.683 1480.39 224.073 0.773026 0.226974 0
0.7264 244.466 203.029 829.57 186.276 1478.57 224.002 0.773842 0.226158 0
0.7248 243.152 202.288 827.206 186.869 1476.76 223.929 0.774655 0.225345 0
0.7232 241.841 201.548 824.844 187.463 1474.95 223.85 0.775466 0.224534 0
0.7216 240.532 200.809 822.486 188.056 1473.14 223.766 0.776271 0.223729 0
0.72 239.224 200.07 820.13 188.645 1471.32 223.667 0.77706 0.22294 0
0.7184 237.918 199.332 817.778 189.235 1469.51 223.564 0.777845 0.222155 0
0.7168 236.616 198.595 815.428 189.827 1467.7 223.461 0.778633 0.221367 0
0.7152 235.318 197.858 813.081 190.421 1465.88 223.357 0.779424 0.220576 0
0.7136 234.024 197.122 810.737 191.017 1464.07 223.254 0.780218 0.219782 0
0.712 232.733 196.388 808.396 191.615 1462.26 223.149 0.781014 0.218986 0
0.7104 231.447 195.653 806.058 192.215 1460.45 223.045 0.781813 0.218187 0
0.7088 230.163 194.92 803.722 192.818 1458.64 222.94 0.782614 0.217386 0
0.7072 228.884 194.187 801.39 193.423 1456.84 222.835 0.783419 0.216581 0
0.7056 227.608 193.456 799.061 194.03 1455.03 222.729 0.784226 0.215774 0
0.704 226.337 192.724 796.734 194.639 1453.23 222.624 0.785036 0.214964 0
0.7024 225.068 191.994 794.41 195.251 1451.42 222.517 0.785849 0.214151 0
0.7008 223.804 191.265 792.089 195.865 1449.62 222.411 0.786665 0.213335 0
0.6992 222.543 190.536 789.772 196.481 1447.82 222.304 0.787483 0.212517 0
0.6976 221.287 189.808 787.456 197.099 1446.02 222.197 0.788304 0.211696 0
0.696 220.033 189.081 785.144 197.72 1444.22 222.09 0.789129 0.210871 0
0.6944 218.784 188.354 782.835 198.343 1442.42 221.982 0.789956 0.210044 0
0.6928 217.539 187.629 780.528 198.968 1440.63 221.874 0.790786 0.209214 0
0.6912 216.297 186.904 778.225 199.596 1438.83 221.766 0.791618 0.208382 0
0.6896 215.059 186.18 775.924 200.226 1437.04 221.657 0.792454 0.207546 0
0.688 213.824 185.457 773.626 200.859 1435.25 221.548 0.793292 0.206708 0
0.6864 212.594 184.735 771.331 201.493 1433.46 221.439 0.794134 0.205866 0
0.6848 211.367 184.013 769.039 202.131 1431.67 221.329 0.794978 0.205022 0
0.6832 210.144 183.292 766.75 202.77 1429.88 221.219 0.795826 0.204174 0
0.6816 208.925 182.572 764.464 203.412 1428.09 221.109 0.796676 0.203324 0
0.68 207.71 181.853 762.18 204.057 1426.31 220.998 0.797529 0.202471 0
0.6784 206.498 181.135 759.9 204.704 1424.52 220.887 0.798385 0.201615 0
0.6768 205.29 180.417 757.622 205.353 1422.74 220.776 0.799244 0.200756 0
0.6752 204.086 179.701 755.347 206.005 1420.96 220.664 0.800107 0.199893 0
0.6736 202.886 178.985 753.075 206.659 1419.18 220.552 0.800972 0.199028 0
0.672 201.69 178.27 750.805 207.316 1417.4 220.44 0.80184 0.19816 0
0.6704 200.497 177.556 748.539 207.975 1415.63 220.327 0.802711 0.197289 0
0.6688 199.308 176.842 746.275 208.637 1413.85 220.214 0.803585 0.196415 0
0.6672 198.123 176.13 744.015 209.302 1412.08 220.1 0.804463 0.195537 0
0.6656 196.942 175.418 741.757 209.969 1410.3 219.987 0.805343 0.194657 0
0.664 195.764 174.707 739.502 210.638 1408.53 219.872 0.806226 0.193774 0
0.6624 194.591 173.997 737.249 211.31 1406.76 219.758 0.807113 0.192887 0
0.6608 193.421 173.288 735 211.985 1405 219.643 0.808003 0.191997 0
0.6592 192.255 172.58 732.753 212.662 1403.23 219.528 0.808895 0.191105 0
0.6576 191.093 171.872 730.51 213.342 1401.46 219.412 0.809791 0.190209 0
0.656 189.934 171.166 728.269 214.024 1399.7 219.296 0.81069 0.18931 0
0.6544 188.78 170.46 726.031 214.709 1397.94 219.179 0.811592 0.188408 0
0.6528 187.629 169.755 723.795 215.397 1396.18 219.063 0.812497 0.187503 0
0.6512 186.482 169.051 721.563 216.088 1394.42 218.945 0.813406 0.186594 0
0.6496 185.339 168.348 719.333 216.781 1392.66 218.828 0.814317 0.185683 0
0.648 184.2 167.646 717.106 217.477 1390.9 218.71 0.815232 0.184768 0
0.6464 183.064 166.944 714.882 218.175 1389.15 218.591 0.81615 0.18385 0
0.6448 181.932 166.244 712.661 218.877 1387.4 218.473 0.817071 0.182929 0
0.6432 180.805 165.544 710.443 219.581 1385.65 218.354 0.817995 0.182005 0
0.6416 179.681 164.845 708.227 220.287 1383.9 218.234 0.818923 0.181077 0
0.64 178.561 164.147 706.014 220.997 1382.15 218.114 0.819854 0.180146 0
0.6384 177.444 163.45 703.804 221.709 1380.4 217.994 0.820788 0.179212 0
0.6368 176.332 162.754 701.597 222.425 1378.66 217.873 0.821725 0.178275 0
0.6352 175.223 162.059 699.392 223.143 1376.91 217.752 0.822665 0.177335 0
0.6336 174.118 161.364 697.191 223.863 1375.17 217.63 0.823609 0.176391 0
0.632 173.017 160.671 694.992 224.587 1373.43 217.508 0.824556 0.175444 0
0.6304 171.92 159.978 692.796 225.313 1371.69 217.386 0.825507 0.174493 0
0.6288 170.827 159.286 690.602 226.043 1369.96 217.263 0.826461 0.173539 0
0.6272 169.738 158.596 688.412 226.775 1368.22 217.14 0.827418 0.172582 0
0.6256 168.652 157.906 686.224 227.51 1366.49 217.016 0.828378 0.171622 0
0.624 167.57 157.217 684.039 228.248 1364.76 216.892 0.829342 0.170658 0
0.6224 166.492 156.528 681.857 228.989 1363.03 216.767 0.830309 0.169691 0
0.6208 165.418 155.841 679.677 229.733 1361.3 216.643 0.831279 0.168721 0
0.6192 164.348 155.155 677.501 230.48 1359.58 216.517 0.832253 0.167747 0
0.6176 163.282 154.47 675.327 231.23 1357.85 216.391 0.833231 0.166769 0
0.616 162.22 153.785 673.156 231.983 1356.13 216.265 0.834211 0.165789 0
0.6144 161.161 153.102 670.987 232.739 1354.41 216.138 0.835195 0.164805 0
0.6128 160.106 152.419 668.822 233.498 1352.69 216.011 0.836183 0.163817 0
0.6112 159.056 151.737 666.659 234.26 1350.97 215.884 0.837174 0.162826 0
0.6096 158.009 151.056 664.498 235.025 1349.26 215.756 0.838168 0.161832 0
0.608 156.965 150.377 662.341 235.793 1347.54 215.627 0.839166 0.160834 0
0.6064 155.926 149.698 660.186 236.564 1345.83 215.498 0.840167 0.159833 0
0.6048 154.891 149.02 658.034 237.339 1344.12 215.369 0.841172 0.158828 0
0.6032 153.859 148.343 655.885 238.116 1342.41 215.239 0.84218 0.15782 0
0.6016 152.832 147.666 653.739 238.897 1340.71 215.108 0.843191 0.156809 0
0.6 151.808 146.991 651.595 239.68 1339 214.978 0.844207 0.155793 0
0.5984 150.788 146.317 649.454 240.467 1337.3 214.846 0.845225 0.154775 0
0.5968 149.772 145.644 647.315 241.257 1335.6 214.715 0.846247 0.153753 0
0.5952 148.76 144.971 645.18 242.05 1333.9 214.582 0.847273 0.152727 0
0.5936 147.752 144.3 643.047 242.847 1332.21 214.45 0.848302 0.151698 0
0.592 146.748 143.63 640.917 243.647 1330.51 214.316 0.849335 0.150665 0
0.5904 145.747 142.96 638.789 244.45 1328.82 214.183 0.850372 0.149628 0
0.5888 144.751 142.292 636.665 245.256 1327.13 214.048 0.851411 0.148589 0
0.5872 143.758 141.624 634.542 246.065 1325.44 213.914 0.852455 0.147545 0
0.5856 142.769 140.957 632.423 246.878 1323.76 213.779 0.853502 0.146498 0
0.584 141.784 140.292 630.306 247.694 1322.07 213.643 0.854552 0.145448 0
0.5824 140.803 139.627 628.192 248.514 1320.39 213.507 0.855607 0.144393 0
0.5808 139.826 138.963 626.081 249.336 1318.71 213.37 0.856664 0.143336 0
0.5792 138.853 138.301 623.973 250.162 1317.03 213.233 0.857726 0.142274 0
0.5776 137.883 137.639 621.867 250.992 1315.36 213.095 0.858791 0.141209 0
0.576 136.918 136.978 619.763 251.825 1313.68 212.957 0.85986 0.14014 0
0.5744 135.956 136.318 617.663 252.661 1312.01 212.818 0.860932 0.139068 0
0.5728 134.999 135.66 615.565 253.501 1310.34 212.679 0.862008 0.137992 0
0.5712 134.045 135.002 613.47 254.344 1308.67 212.539 0.863087 0.136913 0
0.5696 133.095 134.345 611.377 255.191 1307.01 212.399 0.86417 0.13583 0
0.568 132.149 133.689 609.287 256.041 1305.35 212.258 0.865257 0.134743 0
0.5664 131.207 133.034 607.2 256.895 1303.68 212.116 0.866348 0.133652 0
0.5648 130.269 132.38 605.116 257.752 1302.03 211.974 0.867442 0.132558 0
0.5632 129.334 131.727 603.034 258.613 1300.37 211.832 0.86854 0.13146 0
0.5616 128.404 131.075 600.954 259.477 1298.72 211.689 0.869641 0.130359 0
0.56 127.477 130.425 598.878 260.345 1297.06 211.545 0.870747 0.129253 0
0.5584 126.555 129.775 596.804 261.216 1295.41 211.401 0.871856 0.128144 0
0.5568 125.636 129.126 594.732 262.091 1293.77 211.256 0.872968 0.127032 0
0.5552 124.721 128.478 592.664 262.97 1292.12 211.111 0.874084 0.125916 0
0.5536 123.81 127.831 590.598 263.852 1290.48 210.965 0.875204 0.124796 0
0.552 122.903 127.185 588.534 264.738 1288.84 210.818 0.876328 0.123672 0
0.5504 122 126.54 586.473 265.628 1287.2 210.671 0.877455 0.122545 0
0.5488 121.101 125.896 584.415 266.521 1285.56 210.524 0.878586 0.121414 0
0.5472 120.205 125.254 582.36 267.418 1283.93 210.376 0.879721 0.120279 0
0.5456 119.314 124.612 580.307 268.319 1282.3 210.227 0.88086 0.11914 0
0.544 118.426 123.971 578.256 269.223 1280.67 210.077 0.882002 0.117998 0
0.5424 117.543 123.331 576.208 270.131 1279.04 209.927 0.883148 0.116852 0
0.5408 116.663 122.693 574.163 271.043 1277.42 209.777 0.884298 0.115702 0
0.5392 115.787 122.055 572.121 271.959 1275.79 209.626 0.885451 0.114549 0
0.5376 114.915 121.418 570.081 272.879 1274.17 209.474 0.886608 0.113392 0
0.536 114.047 120.782 568.043 273.802 1272.56 209.321 0.887769 0.112231 0
0.5344 113.183 120.148 566.009 274.729 1270.94 209.168 0.888933 0.111067 0
0.5328 112.322 119.514 563.976 275.661 1269.33 209.014 0.890101 0.109899 0
0.5312 111.466 118.882 561.947 276.596 1267.72 208.86 0.891273 0.108727 0
0.5296 110.613 118.25 559.92 277.535 1266.11 208.705 0.892449 0.107551 0
0.528 109.765 117.62 557.895 278.478 1264.51 208.55 0.893628 0.106372 0
0.5264 108.92 116.99 555.873 279.424 1262.9 208.393 0.894811 0.105189 0
0.5248 108.079 116.362 553.854 280.375 1261.3 208.236 0.895998 0.104002 0
0.5232 107.242 115.734 551.837 281.33 1259.71 208.079 0.897188 0.102812 0
0.5216 106.409 115.108 549.823 282.289 1258.11 207.921 0.898382 0.101618 0
0.52 105.579 114.483 547.811 283.251 1256.52 207.762 0.899579 0.100421 0
0.5184 104.754 113.859 545.802 284.218 1254.93 207.602 0.900781 0.0992194 0
0.5168 103.932 113.236 543.795 285.189 1253.34 207.442 0.901986 0.0980145 0
0.5152 103.115 112.613 541.791 286.164 1251.76 207.281 0.903194 0.0968059 0
0.5136 102.301 111.992 539.79 287.143 1250.18 207.119 0.904406 0.0955938 0
0.512 101.491 111.372 537.791 288.126 1248.6 206.957 0.905622 0.094378 0
0.5104 100.685 110.754 535.794 289.113 1247.02 206.794 0.906841 0.0931587 0
0.5088 99.8825 110.136 533.8 290.105 1245.45 206.63 0.908064 0.0919358 0
0.5072 99.0841 109.519 531.809 291.1 1243.87 206.466 0.909291 0.0907094 0
0.5056 98.2896 108.903 529.82 292.1 1242.3 206.301 0.910521 0.0894794 0
0.504 97.4989 108.288 527.833 293.104 1240.74 206.135 0.911754 0.0882458 0
0.5024 96.712 107.675 525.849 294.112 1239.17 205.968 0.912991 0.0870088 0
0.5008 95.929 107.062 523.868 295.125 1237.61 205.801 0.914232 0.0857684 0
0.4992 95.1498 106.451 521.889 296.141 1236.06 205.632 0.915476 0.0845244 0
0.4976 94.3745 105.841 519.913 297.162 1234.5 205.464 0.916723 0.0832771 0
0.496 93.603 105.231 517.939 298.187 1232.95 205.294 0.917974 0.0820263 0
0.4944 92.8353 104.623 515.967 299.217 1231.4 205.124 0.919228 0.0807722 0
0.4928 92.0714 104.016 513.998 300.251 1229.85 204.952 0.920485 0.0795147 0
0.4912 91.3114 103.41 512.032 301.289 1228.3 204.78 0.921746 0.0782539 0
0.4896 90.5551 102.805 510.068 302.332 1226.76 204.608 0.92301 0.0769899 0
0.488 89.8027 102.201 508.106 303.379 1225.22 204.434 0.924277 0.0757226 0
0.4864 89.054 101.598 506.147 304.43 1223.69 204.26 0.925548 0.0744521 0
0.4848 88.3091 100.996 504.19 305.486 1222.15 204.084 0.926821 0.0731785 0
0.4832 87.5681 100.396 502.236 306.546 1220.62 203.908 0.928098 0.0719018 0
0.4816 86.8308 99.7962 500.284 307.611 1219.09 203.731 0.929378 0.070622 0
0.48 86.0972 99.1978 498.335 308.681 1217.57 203.554 0.930661 0.0693392 0
0.4784 85.3675 98.6004 496.388 309.754 1216.04 203.375 0.931947 0.0680534 0
0.4768 84.6415 98.0042 494.444 310.833 1214.52 203.196 0.933235 0.0667648 0
0.4752 83.9192 97.409 492.502 311.916 1213.01 203.015 0.934527 0.0654733 0
0.4736 83.2007 96.815 490.562 313.003 1211.49 202.834 0.935821 0.064179 0
0.472 82.4859 96.222 488.625 314.095 1209.98 202.652 0.937118 0.062882 0
0.4704 81.7749 95.6302 486.69 315.192 1208.47 202.469 0.938418 0.0615824 0
0.4688 81.0676 95.0394 484.758 316.293 1206.97 202.285 0.93972 0.0602802 0
0.4672 80.3639 94.4498 482.828 317.399 1205.46 202.1 0.941024 0.0589755 0
0.4656 79.664 93.8613 480.9 318.51 1203.96 201.915 0.942332 0.0576685 0
0.464 78.9677 93.2739 478.975 319.625 1202.46 201.728 0.943641 0.0563591 0
0.4624 78.2752 92.6876 477.052 320.746 1200.97 201.54 0.944952 0.0550476 0
0.4608 77.5862 92.1024 475.132 321.871 1199.48 201.351 0.946266 0.0537339 0
0.4592 76.901 91.5183 473.214 323 1197.99 201.162 0.947582 0.0524183 0
0.4576 76.2194 90.9353 471.298 324.135 1196.5 200.971 0.948899 0.0511008 0
0.456 75.5414 90.3535 469.385 325.274 1195.01 200.779 0.950218 0.0497815 0
0.4544 74.867 89.7728 467.474 326.418 1193.53 200.586 0.951539 0.0484607 0
0.4528 74.1962 89.1932 465.566 327.567 1192.05 200.392 0.952862 0.0471383 0
0.4512 73.529 88.6148 463.66 328.721 1190.58 200.197 0.954185 0.0458147 0
0.4496 72.8653 88.0375 461.756 329.88 1189.1 200.001 0.95551 0.0444899 0
0.448 72.2052 87.4613 459.855 331.044 1187.63 199.804 0.956836 0.0431641 0
0.4464 71.5486 86.8862 457.956 332.212 1186.17 199.606 0.958162 0.0418376 0
0.4448 70.8956 86.3123 456.059 333.386 1184.7 199.406 0.95949 0.0405104 0
0.4432 70.246 85.7396 454.165 334.565 1183.24 199.206 0.960817 0.0391829 0
0.4416 69.5999 85.168 452.273 335.749 1181.78 199.004 0.962145 0.0378552 0
0.44 68.9572 84.5975 450.383 336.937 1180.32 198.801 0.963472 0.0365277 0
0.4384 68.3179 84.0282 448.496 338.131 1178.86 198.596 0.9648 0.0352005 0
0.4368 67.6821 83.46 446.611 339.33 1177.41 198.39 0.966126 0.033874 0
0.4352 67.0496 82.893 444.728 340.535 1175.96 198.183 0.967452 0.0325484 0
0.4336 66.4204 82.3272 442.847 341.744 1174.51 197.975 0.968776 0.0312242 0
0.432 65.7945 81.7625 440.969 342.959 1173.06 197.765 0.970098 0.0299016 0
0.4304 65.1719 81.199 439.094 344.179 1171.62 197.554 0.971419 0.0285811 0
0.4288 64.5525 80.6367 437.22 345.404 1170.18 197.341 0.972737 0.0272632 0
0.4272 63.9364 80.0756 435.349 346.635 1168.74 197.127 0.974052 0.0259482 0
0.4256 63.3233 79.5156 433.48 347.871 1167.3 196.911 0.975363 0.0246368 0
0.424 62.7133 78.9569 431.614 349.112 1165.87 196.694 0.976671 0.0233294 0
0.4224 62.1064 78.3993 429.749 350.359 1164.43 196.474 0.977973 0.0220268 0
0.4208 61.5024 77.843 427.888 351.611 1163 196.254 0.97927 0.0207296 0
0.4192 60.9014 77.2879 426.028 352.869 1161.57 196.031 0.980561 0.0194386 0
0.4176 60.3032 76.734 424.171 354.133 1160.14 195.806 0.981845 0.0181547 0
0.416 59.7077 76.1813 422.315 355.402 1158.71 195.58 0.983121 0.0168788 0
0.4144 59.1149 75.6299 420.463 356.677 1157.28 195.351 0.984388 0.0156122 0
0.4128 58.5247 75.0798 418.612 357.957 1155.85 195.12 0.985644 0.0143559 0
0.4112 57.9369 74.5309 416.764 359.244 1154.43 194.887 0.986888 0.0131115 0
0.4096 57.3514 73.9833 414.918 360.536 1153 194.651 0.988119 0.0118807 0
0.408 56.768 73.437 413.074 361.835 1151.57 194.413 0.989335 0.0106654 0
0.4064 56.1866 72.892 411.233 363.14 1150.15 194.172 0.990532 0.00946786 0
0.4048 55.6069 72.3484 409.394 364.45 1148.72 193.928 0.991709 0.0082909 0
0.4032 55.0286 71.8061 407.557 365.768 1147.29 193.681 0.992862 0.00713787 0
0.4016 54.4514 71.2652 405.723 367.092 1145.85 193.43 0.993987 0.00601296 0
0.4 53.8748 70.7258 403.89 368.422 1144.41 193.174 0.995078 0.00492152 0
0.3984 53.2982 70.1878 402.06 369.76 1142.97 192.915 0.996129 0.00387062 0
0.3968 52.7208 69.6513 400.233 371.104 1141.52 192.649 0.99713 0.00287003 0
0.3952 52.1414 69.1163 398.408 372.457 1140.05 192.377 0.998066 0.00193424 0
0.3936 51.5578 68.583 396.585 373.818 1138.57 192.097 0.998913 0.00108695 0
0.392 50.9657 68.0514 394.764 375.189 1137.07 191.804 0.999624 0.000375727 0
0.3904 50.347 67.5217 392.946 376.575 1135.48 191.482 1 0 0
0.3888 49.6987 66.9944 391.131 377.978 1133.82 191.129 1 0 0
0.3872 49.056 66.4696 389.318 379.389 1132.16 190.774 1 0 0
0.3856 48.419 65.9474 387.508 380.807 1130.52 190.417 1 0 0
0.384 47.7877 65.4276 385.7 382.233 1128.87 190.06 1 0 0
0.3824 47.1619 64.9103 383.895 383.667 1127.24 189.7 1 0 0
0.3808 46.5418 64.3955 382.093 385.108 1125.62 189.34 1 0 0
0.3792 45.9273 63.8832 380.293 386.557 1124 188.978 1 0 0
0.3776 45.3183 63.3734 378.496 388.014 1122.39 188.614 1 0 0
0.376 44.7149 62.8661 376.702 389.478 1120.79 188.249 1 0 0
0.3744 44.1171 62.3613 374.91 390.95 1119.2 187.883 1 0 0
0.3728 43.5248 61.859 373.12 392.429 1117.61 187.515 1 0 0
0.3712 42.938 61.3592 371.333 393.917 1116.03 187.146 1 0 0
0.3696 42.3568 60.8618 369.549 395.411 1114.46 186.775 1 0 0
0.368 41.781 60.367 367.767 396.914 1112.9 186.403 1 0 0
0.3664 41.2107 59.8746 365.988 398.424 1111.35 186.029 1 0 0
0.3648 40.6458 59.3846 364.211 399.942 1109.8 185.654 1 0 0
0.3632 40.0864 58.8972 362.436 401.468 1108.27 185.278 1 0 0
0.3616 39.5324 58.4122 360.664 403.001 1106.74 184.9 1 0 0
0.36 38.9838 57.9297 358.895 404.541 1105.22 184.52 1 0 0
0.3584 38.4406 57.4497 357.128 406.09 1103.71 184.139 1 0 0
0.3568 37.9027 56.9721 355.363 407.646 1102.2 183.756 1 0 0
0.3552 37.3702 56.4969 353.601 409.21 1100.71 183.372 1 0 0
0.3536 36.843 56.0242 351.841 410.781 1099.22 182.986 1 0 0
0.352 36.3211 55.554 350.083 412.36 1097.74 182.599 1 0 0
0.3504 35.8045 55.0862 348.328 413.947 1096.27 182.21 1 0 0
0.3488 35.2931 54.6208 346.575 415.541 1094.81 181.82 1 0 0
0.3472 34.7869 54.1579 344.824 417.143 1093.35 181.428 1 0 0
0.3456 34.286 53.6974 343.076 418.752 1091.9 181.035 1 0 0
0.344 33.7903 53.2393 341.33 420.369 1090.47 180.64 1 0 0
0.3424 33.2997 52.7836 339.587 421.993 1089.04 180.243 1 0 0
0.3408 32.8142 52.3304 337.845 423.625 1087.62 179.845 1 0 0
0.3392 32.3339 51.8795 336.106 425.265 1086.2 179.445 1 0 0
0.3376 31.8587 51.4311 334.37 426.912 1084.8 179.044 1 0 0
0.336 31.3885 50.9851 332.635 428.567 1083.4 178.641 1 0 0
0.3344 30.9234 50.5414 330.903 430.229 1082.02 178.236 1 0 0
0.3328 30.4633 50.1001 329.173 431.898 1080.64 177.83 1 0 0
0.3312 30.0082 49.6612 327.445 433.575 1079.27 177.422 1 0 0
0.3296 29.558 49.2247 325.719 435.26 1077.9 177.013 1 0 0
0.328 29.1128 48.7906 323.995 436.952 1076.55 176.602 1 0 0
0.3264 28.6725 48.3588 322.274 438.651 1075.2 176.189 1 0 0
0.3248 28.2371 47.9294 320.555 440.358 1073.87 175.774 1 0 0
0.3232 27.8066 47.5023 318.838 442.072 1072.54 175.358 1 0 0
0.3216 27.3808 47.0775 317.123 443.793 1071.22 174.94 1 0 0
0.32 26.9599 46.6551 315.41 445.522 1069.9 174.521 1 0 0
0.3184 26.5437 46.235 313.699 447.258 1068.6 174.099 1 0 0
0.3168 26.1323 45.8173 311.99 449.002 1067.31 173.676 1 0 0
0.3152 25.7256 45.4018 310.283 450.752 1066.02 173.252 1 0 0
0.3136 25.3236 44.9887 308.579 452.51 1064.74 172.825 1 0 0
0.312 24.9263 44.5778 306.876 454.275 1063.47 172.397 1 0 0
0.3104 24.5335 44.1692 305.176 456.048 1062.21 171.967 1 0 0
0.3088 24.1454 43.763 303.477 457.827 1060.95 171.535 1 0 0
0.3072 23.7618 43.359 301.781 459.614 1059.71 171.102 1 0 0
0.3056 23.3828 42.9572 300.086 461.408 1058.47 170.666 1 0 0
0.304 23.0083 42.5578 298.394 463.209 1057.24 170.229 1 0 0
0.3024 22.6382 42.1606 296.703 465.017 1056.02 169.79 1 0 0
0.3008 22.2726 41.7656 295.014 466.832 1054.81 169.349 1 0 0
0.2992 21.9115 41.3728 293.328 468.654 1053.61 168.906 1 0 0
0.2976 21.5546 40.9823 291.643 470.483 1052.41 168.462 1 0 0
0.296 21.2022 40.594 289.96 472.32 1051.22 168.015 1 0 0
0.2944 20.854 40.208 288.279 474.163 1050.04 167.567 1 0 0
0.2928 20.5102 39.8241 286.6 476.013 1048.87 167.116 1 0 0
0.2912 20.1706 39.4424 284.922 477.87 1047.71 166.664 1 0 0
0.2896 19.8352 39.0629 283.247 479.734 1046.55 166.21 1 0 0
0.288 19.504 38.6856 281.573 481.605 1045.41 165.753 1 0 0
0.2864 19.1769 38.3104 279.902 483.483 1044.27 165.295 1 0 0
0.2848 18.854 37.9374 278.232 485.367 1043.14 164.835 1 0 0
0.2832 18.5352 37.5666 276.564 487.259 1042.02 164.373 1 0 0
0.2816 18.2204 37.1979 274.897 489.157 1040.9 163.909 1 0 0
0.28 17.9097 36.8313 273.233 491.062 1039.79 163.442 1 0 0
0.2784 17.6029 36.4669 271.57 492.973 1038.7 162.974 1 0 0
0.2768 17.3001 36.1046 269.909 494.892 1037.61 162.503 1 0 0
0.2752 17.0013 35.7443 268.25 496.817 1036.52 162.031 1 0 0
0.2736 16.7063 35.3862 266.592 498.748 1035.45 161.556 1 0 0
0.272 16.4152 35.0302 264.936 500.686 1034.38 161.079 1 0 0
0.2704 16.1279 34.6762 263.282 502.631 1033.32 160.6 1 0 0
0.2688 15.8444 34.3243 261.63 504.583 1032.27 160.119 1 0 0
0.2672 15.5646 33.9745 259.979 506.541 1031.23 159.635 1 0 0
0.2656 15.2886 33.6267 258.33 508.505 1030.19 159.149 1 0 0
0.264 15.0163 33.281 256.682 510.476 1029.16 158.661 1 0 0
0.2624 14.7476 32.9372 255.036 512.454 1028.14 158.171 1 0 0
0.2608 14.4826 32.5955 253.392 514.438 1027.13 157.678 1 0 0
0.2592 14.2211 32.2559 251.75 516.428 1026.12 157.183 1 0 0
0.2576 13.9633 31.9182 250.109 518.425 1025.12 156.686 1 0 0
0.256 13.7089 31.5825 248.469 520.429 1024.13 156.186 1 0 0
0.2544 13.458 31.2488 246.831 522.438 1023.15 155.684 1 0 0
0.2528 13.2106 30.9171 245.195 524.454 1022.17 155.179 1 0 0
0.2512 12.9666 30.5873 243.56 526.477 1021.21 154.672 1 0 0
0.2496 12.726 30.2595 241.927 528.505 1020.25 154.163 1 0 0
0.248 12.4888 29.9337 240.296 530.54 1019.29 153.65 1 0 0
0.2464 12.2548 29.6097 238.665 532.581 1018.35 153.136 1 0 0
0.2448 12.0242 29.2877 237.037 534.629 1017.41 152.618 1 0 0
0.2432 11.7969 28.9677 235.41 536.682 1016.47 152.098 1 0 0
0.2416 11.5727 28.6495 233.784 538.742 1015.55 151.576 1 0 0
0.24 11.3518 28.3332 232.16 540.808 1014.63 151.051 1 0 0
0.2384 11.134 28.0188 230.537 542.881 1013.72 150.523 1 0 0
0.2368 10.9193 27.7063 228.916 544.959 1012.82 149.992 1 0 0
0.2352 10.7078 27.3957 227.296 547.044 1011.92 149.458 1 0 0
0.2336 10.4993 27.0869 225.678 549.134 1011.03 148.922 1 0 0
0.232 10.2938 26.78 224.061 551.231 1010.15 148.383 1 0 0
0.2304 10.0914 26.4749 222.445 553.334 1009.27 147.84 1 0 0
0.2288 9.89186 26.1717 220.831 555.443 1008.41 147.295 1 0 0
0.2272 9.69529 25.8702 219.219 557.558 1007.54 146.747 1 0 0
0.2256 9.50164 25.5706 217.607 559.679 1006.69 146.196 1 0 0
0.224 9.31085 25.2728 215.997 561.806 1005.84 145.642 1 0 0
0.2224 9.12291 24.9768 214.388 563.94 1005 145.085 1 0 0
0.2208 8.93777 24.6826 212.781 566.079 1004.16 144.524 1 0 0
0.2192 8.75541 24.3902 211.175 568.224 1003.33 143.961 1 0 0
0.2176 8.5758 24.0995 209.57 570.375 1002.51 143.394 1 0 0
0.216 8.39891 23.8106 207.967 572.532 1001.69 142.824 1 0 0
0.2144 8.2247 23.5235 206.365 574.696 1000.88 142.25 1 0 0
0.2128 8.05315 23.238 204.764 576.865 1000.08 141.674 1 0 0
0.2112 7.88423 22.9544 203.165 579.04 999.285 141.093 1 0 0
0.2096 7.7179 22.6724 201.567 581.221 998.494 140.51 1 0 0
0.208 7.55413 22.3922 199.97 583.408 997.71 139.922 1 0 0
0.2064 7.3929 22.1137 198.374 585.602 996.932 139.332 1 0 0
0.2048 7.23418 21.8369 196.779 587.801 996.16 138.737 1 0 0
0.2032 7.07793 21.5618 195.186 590.006 995.394 138.139 1 0 0
0.2016 6.92413 21.2883 193.594 592.217 994.634 137.537 1 0 0
0.2 6.77275 21.0166 192.003 594.434 993.88 136.932 1 0 0
0.1984 6.62376 20.7465 190.414 596.657 993.132 136.322 1 0 0
0.1968 6.47713 20.4781 188.825 598.885 992.39 135.709 1 0 0
0.1952 6.33284 20.2113 187.238 601.12 991.654 135.091 1 0 0
0.1936 6.19085 19.9462 185.652 603.361 990.924 134.47 1 0 0
0.192 6.05113 19.6828 184.067 605.608 990.199 133.844 1 0 0
0.1904 5.91367 19.421 182.483 607.861 989.48 133.215 1 0 0
0.1888 5.77843 19.1608 180.901 610.12 988.767 132.581 1 0 0
0.1872 5.64538 18.9022 179.319 612.384 988.059 131.943 1 0 0
0.1856 5.51449 18.6453 177.739 614.655 987.357 131.3 1 0 0
0.184 5.38575 18.3899 176.16 616.932 986.66 130.653 1 0 0
0.1824 5.25912 18.1362 174.582 619.215 985.969 130.001 1 0 0
0.1808 5.13458 17.8841 173.005 621.504 985.283 129.345 1 0 0
0.1792 5.01209 17.6336 171.429 623.799 984.603 128.684 1 0 0
0.1776 4.89164 17.3847 169.854 626.1 983.928 128.018 1 0 0
0.176 4.7732 17.1373 168.28 628.407 983.258 127.347 1 0 0
0.1744 4.65674 16.8916 166.707 630.72 982.593 126.672 1 0 0
0.1728 4.54224 16.6474 165.136 633.039 981.933 125.991 1 0 0
0.1712 4.42966 16.4048 163.565 635.365 981.279 125.305 1 0 0
0.1696 4.31899 16.1637 161.996 637.697 980.63 124.614 1 0 0
0.168 4.2102 15.9243 160.427 640.035 979.985 123.918 1 0 0
0.1664 4.10327 15.6864 158.86 642.379 979.345 123.216 1 0 0
0.1648 3.99816 15.4501 157.293 644.729 978.711 122.508 1 0 0
0.1632 3.89486 15.2153 155.728 647.086 978.081 121.795 1 0 0
0.1616 3.79334 14.9821 154.164 649.449 977.456 121.076 1 0 0
0.16 3.69358 14.7505 152.6 651.818 976.835 120.35 1 0 0
0.1584 3.59554 14.5204 151.038 654.193 976.22 119.619 1 0 0
0.1568 3.49921 14.2919 149.476 656.575 975.608 118.881 1 0 0
0.1552 3.40456 14.065 147.916 658.964 975.002 118.137 1 0 0
0.1536 3.31156 13.8396 146.356 661.358 974.399 117.387 1 0 0
0.152 3.2202 13.6158 144.798 663.76 973.801 116.629 1 0 0
0.1504 3.13043 13.3936 143.24 666.168 973.208 115.864 1 0 0
0.1488 3.04225 13.173 141.683 668.582 972.618 115.092 1 0 0
0.1472 2.95562 12.9539 140.128 671.003 972.033 114.313 1 0 0
0.1456 2.87051 12.7365 138.573 673.43 971.452 113.526 1 0 0
0.144 2.7869 12.5206 137.019 675.865 970.874 112.73 1 0 0
0.1424 2.70476 12.3064 135.466 678.306 970.301 111.927 1 0 0
0.1408 2.62405 12.0938 133.914 680.753 969.731 111.114 1 0 0
0.1392 2.54474 11.8829 132.363 683.208 969.164 110.292 1 0 0
0.1376 2.46679 11.6736 130.813 685.669 968.601 109.46 1 0 0
0.136 2.39016 11.4659 129.263 688.137 968.041 108.617 1 0 0
0.1344 2.31477 11.26 127.715 690.612 967.483 107.762 1 0 0
0.1328 2.24056 11.0559 126.167 693.094 966.928 106.894 1 0 0
0.1312 2.16735 10.8535 124.621 695.582 966.373 106.008 1 0 0
0.1296 2.0947 10.653 123.075 698.077 965.816 105.095 1 0 0
0.128 2.02335 10.4544 121.53 700.579 965.262 104.172 1 0 0
0.1264 1.95351 10.2578 119.986 703.089 964.713 103.243 1 0 0
0.1248 1.88515 10.0632 118.443 705.606 964.169 102.308 1 0 0
0.1232 1.81827 9.87052 116.901 708.131 963.629 101.367 1 0 0
0.1216 1.75285 9.67985 115.359 710.664 963.095 100.419 1 0 0
0.12 1.68887 9.49119 113.819 713.205 962.565 99.4653 1 0 0
0.1184 1.62632 9.30455 112.279 715.754 962.04 98.5053 1 0 0
0.1168 1.56519 9.11995 110.74 718.311 961.521 97.5389 1 0 0
0.1152 1.50547 8.93741 109.202 720.876 961.006 96.5661 1 0 0
0.1136 1.44714 8.75695 107.665 723.45 960.496 95.5868 1 0 0
0.112 1.39019 8.57858 106.129 726.031 959.991 94.601 1 0 0
0.1104 1.33461 8.40231 104.593 728.622 959.491 93.6086 1 0 0
0.1088 1.28037 8.22818 103.058 731.221 958.996 92.6095 1 0 0
0.1072 1.22748 8.0562 101.524 733.828 958.507 91.6037 1 0 0
0.1056 1.17592 7.88639 99.9912 736.444 958.022 90.5911 1 0 0
0.104 1.12568 7.71876 98.4588 739.07 957.543 89.5717 1 0 0
0.1024 1.07675 7.55335 96.9271 741.704 957.068 88.5453 1 0 0
0.1008 1.0291 7.39017 95.3961 744.347 956.6 87.512 1 0 0
0.0992 0.982742 7.22925 93.8659 747 956.136 86.4716 1 0 0
0.0976 0.937653 7.07061 92.3365 749.662 955.678 85.4241 1 0 0
0.096 0.893823 6.91427 90.8078 752.333 955.225 84.3694 1 0 0
0.0944 0.851241 6.76026 89.2798 755.014 954.778 83.3075 1 0 0
0.0928 0.809896 6.60861 87.7525 757.705 954.336 82.2383 1 0 0
0.0912 0.769777 6.45933 86.2259 760.406 953.9 81.1617 1 0 0
0.0896 0.730872 6.31246 84.7 763.117 953.47 80.0777 1 0 0
0.088 0.693171 6.16802 83.1748 765.838 953.045 78.9862 1 0 0
0.0864 0.656662 6.02603 81.6502 768.569 952.626 77.8871 1 0 0
0.0848 0.621334 5.88653 80.1264 771.311 952.214 76.7804 1 0 0
0.0832 0.587176 5.74955 78.6032 774.063 951.807 75.666 1 0 0
0.0816 0.554176 5.6151 77.0806 776.827 951.406 74.5438 1 0 0
0.08 0.522323 5.48323 75.5587 779.601 951.012 73.4137 1 0 0
0.0784 0.491606 5.35395 74.0373 782.387 950.624 72.2757 1 0 0
0.0768 0.462011 5.2273 72.5167 785.184 950.243 71.1298 1 0 0
0.0752 0.433529 5.10331 70.9966 787.993 949.868 69.9757 1 0 0
0.0736 0.406146 4.98199 69.4771 790.813 949.5 68.8135 1 0 0
0.072 0.37985 4.86339 67.9582 793.645 949.139 67.6431 1 0 0
0.0704 0.354629 4.74753 66.4398 796.49 948.785 66.4644 1 0 0
0.0688 0.330469 4.63443 64.922 799.347 948.438 65.2773 1 0 0
0.0672 0.307358 4.52412 63.4048 802.217 948.098 64.0817 1 0 0
0.0656 0.285281 4.41664 61.8881 805.099 947.765 62.8775 1 0 0
0.064 0.264225 4.312 60.372 807.995 947.441 61.6647 1 0 0
0.0624 0.244176 4.21022 58.8563 810.904 947.123 60.4431 1 0 0
0.0608 0.225117 4.11133 57.3412 813.827 946.814 59.2127 1 0 0
0.0592 0.207035 4.01535 55.8265 816.764 946.513 57.9733 1 0 0
0.0576 0.189912 3.9223 54.3123 819.715 946.219 56.7248 1 0 0
0.056 0.173732 3.83219 52.7986 822.68 945.935 55.4671 1 0 0
0.0544 0.158477 3.74503 51.2853 825.66 945.658 54.2 1 0 0
0.0528 0.144131 3.66082 49.7725 828.655 945.391 52.9235 1 0 0
0.0512 0.130673 3.57959 48.2601 831.666 945.132 51.6374 1 0 0
0.0496 0.118085 3.50131 46.7481 834.692 944.882 50.3415 1 0 0
0.048 0.106346 3.42599 45.2364 837.735 944.642 49.0356 1 0 0
0.0464 0.0954338 3.3536 43.7252 840.793 944.41 47.7197 1 0 0
0.0448 0.0853271 3.28413 42.2143 843.869 944.189 46.3933 1 0 0
0.0432 0.0760022 3.21755 40.7038 846.962 943.977 45.0565 1 0 0
0.0416 0.0674347 3.1538 39.1936 850.073 943.775 43.7088 1 0 0
0.04 0.0595989 3.09283 37.6837 853.201 943.583 42.35 1 0 0
0.0384 0.0524682 3.03457 36.1741 856.348 943.401 40.9799 1 0 0
0.0368 0.0460143 2.97894 34.6648 859.514 943.229 39.5981 1 0 0
0.0352 0.0402081 2.9258 33.1558 862.699 943.068 38.2041 1 0 0
0.0336 0.0350185 2.87504 31.647 865.904 942.917 36.7977 1 0 0
0.032 0.0304135 2.82649 30.1384 869.13 942.777 35.3783 1 0 0
0.0304 0.0263593 2.77993 28.6301 872.376 942.647 33.9453 1 0 0
0.0288 0.0228206 2.73513 27.122 875.644 942.528 32.4982 1 0 0
0.0272 0.0197605 2.69179 25.614 878.934 942.418 31.0361 1 0 0
0.0256 0.0171405 2.64954 24.1062 882.247 942.319 29.5584 1 0 0
0.024 0.0149203 2.60795 22.5986 885.583 942.23 28.064 1 0 0
0.0224 0.0130581 2.56647 21.0911 888.943 942.149 26.5518 1 0 0
0.0208 0.0115103 2.52445 19.5837 892.328 942.078 25.0204 1 0 0
0.0192 0.0102316 2.48107 18.0764 895.738 942.014 23.4681 1 0 0
0.0176 0.00917558 2.43532 16.5693 899.175 941.957 21.893 1 0 0
0.016 0.00829406 2.3859 15.0622 902.638 941.904 20.2927 1 0 0
0.0144 0.00753799 2.33118 13.5552 906.13 941.855 18.664 1 0 0
0.0128 0.00685762 2.26903 12.0482 909.651 941.805 17.0029 1 0 0
0.0112 0.00620316 2.19665 10.5414 913.201 941.751 15.3044 1 0 0
0.0096 0.00554461 2.10827 9.03464 916.783 941.686 13.5611 1 0 0
0.008 0.00480993 2.00073 7.52801 920.396 941.602 11.7633 1 0 0
0.0064 0.00397433 1.86415 6.02153 924.044 941.485 9.89557 1 0 0
0.0048 0.00301497 1.68397 4.51528 927.726 941.312 7.93328 1 0 0
0.0032 0.00193758 1.43272 3.00938 931.444 941.038 5.82992 1 0 0
0.0016 0.000815879 1.04335 1.50407 935.201 940.553 3.47283 1 0 0
