1 371.19 302.776 1245.84 95.0051 1617.03 99.4614 0.352247 0.647753 0
0.998 369.865 302.025 1242.62 95.7867 1615.72 99.7627 0.35382 0.64618 0
0.996 368.542 301.274 1239.41 96.5686 1614.41 100.064 0.355399 0.644601 0
0.994 367.22 300.523 1236.19 97.3509 1613.09 100.364 0.356981 0.643019 0
0.992 365.901 299.771 1232.98 98.1336 1611.78 100.664 0.358568 0.641432 0
0.99 364.584 299.019 1229.77 98.9166 1610.46 100.964 0.360159 0.639841 0
0.988 363.269 298.266 1226.56 99.6999 1609.14 101.263 0.361754 0.638246 0
0.986 361.956 297.513 1223.36 100.484 1607.82 101.562 0.363354 0.636646 0
0.984 360.645 296.76 1220.16 101.268 1606.51 101.86 0.364958 0.635042 0
0.982 359.336 296.006 1216.96 102.052 1605.19 102.158 0.366566 0.633434 0
0.98 358.029 295.252 1213.76 102.837 1603.87 102.456 0.368179 0.631821 0
0.978 356.724 294.497 1210.57 103.622 1602.55 102.753 0.369796 0.630204 0
0.976 355.421 293.742 1207.38 104.408 1601.23 103.049 0.371417 0.628583 0
0.974 354.12 292.987 1204.19 105.194 1599.91 103.345 0.373042 0.626958 0
0.972 352.821 292.231 1201 105.98 1598.58 103.641 0.374672 0.625328 0
0.97 351.523 291.475 1197.82 106.767 1597.26 103.936 0.376306 0.623694 0
0.968 350.228 290.719 1194.64 107.554 1595.94 104.23 0.377944 0.622056 0
0.966 348.934 289.962 1191.46 108.341 1594.61 104.524 0.379587 0.620413 0
0.964 347.643 289.205 1188.29 109.129 1593.29 104.818 0.381233 0.618767 0
0.962 346.353 288.447 1185.12 109.917 1591.96 105.11 0.382885 0.617115 0
0.96 345.065 287.689 1181.95 110.706 1590.64 105.403 0.38454 0.61546 0
0.958 343.779 286.93 1178.78 111.495 1589.31 105.694 0.386199 0.613801 0
0.956 342.494 286.172 1175.61 112.284 1587.98 105.985 0.387863 0.612137 0
0.954 341.212 285.412 1172.45 113.074 1586.65 106.275 0.389531 0.610469 0
0.952 339.931 284.653 1169.29 113.864 1585.32 106.565 0.391204 0.608796 0
0.95 338.652 283.893 1166.14 114.654 1583.99 106.854 0.39288 0.60712 0
0.948 337.374 283.132 1162.98 115.445 1582.66 107.142 0.394561 0.605439 0
0.946 336.098 282.371 1159.83 116.236 1581.32 107.429 0.396246 0.603754 0
0.944 334.823 281.61 1156.68 117.027 1579.99 107.715 0.397935 0.602065 0
0.942 333.55 280.849 1153.54 117.818 1578.65 108 0.399629 0.600371 0
0.94 332.279 280.087 1150.4 118.61 1577.31 108.284 0.401326 0.598674 0
0.938 331.009 279.324 1147.26 119.402 1575.97 108.566 0.403028 0.596972 0
0.936 329.74 278.561 1144.12 120.194 1574.63 108.846 0.404735 0.595265 0
0.934 328.472 277.798 1140.98 120.986 1573.29 109.124 0.406447 0.593553 0
0.932 327.205 277.035 1137.85 121.778 1571.95 109.397 0.408164 0.591836 0
0.93 325.939 276.271 1134.72 122.571 1570.6 109.67 0.409885 0.590115 0
0.928 324.675 275.506 1131.59 123.364 1569.25 109.943 0.411609 0.588391 0
0.926 323.413 274.741 1128.47 124.157 1567.91 110.216 0.413336 0.586664 0
0.924 322.152 273.976 1125.35 124.95 1566.56 110.49 0.415067 0.584933 0
0.922 320.892 273.211 1122.23 125.744 1565.21 110.763 0.416801 0.583199 0
0.92 319.634 272.445 1119.11 126.538 1563.85 111.037 0.418538 0.581462 0
0.918 318.377 271.679 1116 127.333 1562.5 111.31 0.420278 0.579722 0
0.916 317.121 270.912 1112.89 128.128 1561.14 111.584 0.422021 0.577979 0
0.914 315.867 270.145 1109.78 128.923 1559.79 111.858 0.423766 0.576234 0
0.912 314.614 269.377 1106.67 129.718 1558.43 112.133 0.425515 0.574485 0
0.91 313.362 268.609 1103.57 130.514 1557.07 112.407 0.427266 0.572734 0
0.908 312.111 267.841 1100.47 131.31 1555.71 112.682 0.429019 0.570981 0
0.906 310.861 267.072 1097.37 132.107 1554.34 112.957 0.430774 0.569226 0
0.904 309.612 266.303 1094.28 132.903 1552.98 113.233 0.432532 0.567468 0
0.902 308.364 265.534 1091.19 133.7 1551.61 113.508 0.434291 0.565709 0
0.9 307.116 264.764 1088.1 134.497 1550.24 113.785 0.436053 0.563947 0
0.898 305.87 263.994 1085.01 135.294 1548.87 114.061 0.437815 0.562185 0
0.896 304.624 263.224 1081.93 136.091 1547.49 114.338 0.43958 0.56042 0
0.894 303.378 262.453 1078.85 136.889 1546.12 114.615 0.441345 0.558655 0
0.892 302.133 261.681 1075.77 137.686 1544.74 114.893 0.443111 0.556889 0
0.89 300.888 260.91 1072.7 138.483 1543.36 115.171 0.444877 0.555123 0
0.888 299.644 260.138 1069.63 139.281 1541.97 115.45 0.446644 0.553356 0
0.886 298.399 259.365 1066.56 140.078 1540.58 115.73 0.448411 0.551589 0
0.884 297.154 258.593 1063.49 140.875 1539.19 116.01 0.450177 0.549823 0
0.882 295.909 257.82 1060.43 141.672 1537.8 116.291 0.451942 0.548058 0
0.88 294.663 257.046 1057.37 142.469 1536.4 116.573 0.453705 0.546295 0
0.878 293.417 256.273 1054.31 143.265 1535 116.855 0.455466 0.544534 0
0.876 292.169 255.499 1051.26 144.061 1533.59 117.139 0.457225 0.542775 0
0.874 290.92 254.724 1048.21 144.857 1532.18 117.424 0.45898 0.54102 0
0.872 289.67 253.949 1045.16 145.651 1530.76 117.709 0.460731 0.539269 0
0.87 288.417 253.175 1042.11 146.445 1529.34 117.997 0.462477 0.537523 0
0.868 287.161 252.399 1039.07 147.237 1527.91 118.285 0.464215 0.535785 0
0.866 285.902 251.624 1036.03 148.029 1526.48 118.576 0.465946 0.534054 0
0.864 284.639 250.848 1032.99 148.818 1525.04 118.869 0.467666 0.532334 0
0.862 283.371 250.072 1029.96 149.606 1523.58 119.164 0.469373 0.530627 0
0.86 282.096 249.296 1026.93 150.391 1522.12 119.462 0.471064 0.528936 0
0.858 280.812 248.519 1023.9 151.172 1520.64 119.763 0.472732 0.527268 0
0.856 279.514 247.743 1020.88 151.947 1519.15 120.07 0.474368 0.525632 0
0.854 278.185 246.966 1017.85 152.71 1517.61 120.389 0.47593 0.52407 0
0.852 276.834 246.189 1014.84 153.464 1516.05 120.716 0.477438 0.522562 0
0.85 275.487 245.413 1011.82 154.22 1514.48 121.042 0.478951 0.521049 0
0.848 274.142 244.636 1008.81 154.977 1512.92 121.368 0.48047 0.51953 0
0.846 272.802 243.859 1005.81 155.736 1511.36 121.693 0.481993 0.518007 0
0.844 271.464 243.083 1002.8 156.496 1509.79 122.017 0.483523 0.516477 0
0.842 270.131 242.306 999.8 157.258 1508.23 122.341 0.485057 0.514943 0
0.84 268.8 241.529 996.802 158.022 1506.67 122.664 0.486597 0.513403 0
0.838 267.473 240.753 993.807 158.787 1505.11 122.986 0.488142 0.511858 0
0.836 266.149 239.976 990.815 159.554 1503.55 123.308 0.489693 0.510307 0
0.834 264.829 239.2 987.826 160.323 1501.99 123.63 0.491249 0.508751 0
0.832 263.513 238.423 984.841 161.093 1500.42 123.95 0.492811 0.507189 0
0.83 262.199 237.647 981.858 161.866 1498.86 124.27 0.494378 0.505622 0
0.828 260.889 236.871 978.879 162.639 1497.3 124.59 0.49595 0.50405 0
0.826 259.583 236.094 975.903 163.415 1495.75 124.908 0.497528 0.502472 0
0.824 258.279 235.318 972.93 164.192 1494.19 125.226 0.499111 0.500889 0
0.822 256.979 234.541 969.96 164.971 1492.63 125.544 0.5007 0.4993 0
0.82 255.683 233.765 966.993 165.751 1491.07 125.861 0.502294 0.497706 0
0.818 254.39 232.989 964.03 166.534 1489.51 126.177 0.503894 0.496106 0
0.816 253.1 232.212 961.069 167.318 1487.95 126.492 0.505499 0.494501 0
0.814 251.814 231.436 958.112 168.104 1486.39 126.807 0.50711 0.49289 0
0.812 250.53 230.66 955.157 168.891 1484.84 127.121 0.508726 0.491274 0
0.81 249.251 229.883 952.206 169.68 1483.28 127.435 0.510348 0.489652 0
0.808 247.974 229.107 949.258 170.472 1481.72 127.748 0.511975 0.488025 0
0.806 246.701 228.331 946.313 171.264 1480.17 128.06 0.513608 0.486392 0
0.804 245.431 227.554 943.372 172.059 1478.61 128.371 0.515246 0.484754 0
0.802 244.164 226.778 940.433 172.855 1477.05 128.682 0.516889 0.483111 0
0.8 242.901 226.002 937.497 173.653 1475.5 128.992 0.518539 0.481461 0
0.798 241.641 225.226 934.565 174.453 1473.94 129.302 0.520193 0.479807 0
0.796 240.384 224.449 931.636 175.255 1472.39 129.611 0.521853 0.478147 0
0.794 239.13 223.673 928.709 176.058 1470.83 129.919 0.523519 0.476481 0
0.792 237.88 222.897 925.786 176.863 1469.28 130.226 0.52519 0.47481 0
0.79 236.633 222.121 922.866 177.67 1467.72 130.533 0.526866 0.473134 0
0.788 235.389 221.344 919.949 178.479 1466.17 130.839 0.528548 0.471452 0
0.786 234.148 220.568 917.036 179.29 1464.61 131.144 0.530236 0.469764 0
0.784 232.91 219.792 914.125 180.102 1463.06 131.449 0.531929 0.468071 0
0.782 231.676 219.016 911.218 180.916 1461.5 131.753 0.533627 0.466373 0
0.78 230.445 218.24 908.313 181.732 1459.95 132.056 0.53533 0.46467 0
0.778 229.216 217.463 905.412 182.55 1458.39 132.358 0.537039 0.462961 0
0.776 227.991 216.687 902.514 183.37 1456.84 132.66 0.538754 0.461246 0
0.774 226.769 215.911 899.619 184.191 1455.28 132.961 0.540473 0.459527 0
0.772 225.55 215.135 896.727 185.015 1453.73 133.261 0.542198 0.457802 0
0.77 224.334 214.359 893.838 185.84 1452.17 133.561 0.543929 0.456071 0
0.768 223.122 213.582 890.952 186.667 1450.62 133.86 0.545664 0.454336 0
0.766 221.912 212.806 888.069 187.496 1449.06 134.158 0.547405 0.452595 0
0.764 220.705 212.03 885.19 188.326 1447.51 134.455 0.549151 0.450849 0
0.762 219.501 211.254 882.313 189.159 1445.95 134.752 0.550901 0.449099 0
0.76 218.3 210.478 879.44 189.993 1444.4 135.047 0.552658 0.447342 0
0.758 217.103 209.702 876.57 190.829 1442.84 135.342 0.554419 0.445581 0
0.756 215.908 208.926 873.703 191.667 1441.28 135.637 0.556185 0.443815 0
0.754 214.715 208.15 870.839 192.507 1439.73 135.93 0.557956 0.442044 0
0.752 213.526 207.373 867.978 193.349 1438.17 136.223 0.559732 0.440268 0
0.75 212.34 206.597 865.12 194.193 1436.61 136.514 0.561512 0.438488 0
0.748 211.156 205.821 862.265 195.038 1435.06 136.806 0.563298 0.436702 0
0.746 209.975 205.045 859.414 195.886 1433.5 137.096 0.565088 0.434912 0
0.744 208.797 204.269 856.565 196.735 1431.94 137.385 0.566883 0.433117 0
0.742 207.622 203.493 853.72 197.586 1430.38 137.674 0.568682 0.431318 0
0.74 206.449 202.717 850.878 198.439 1428.82 137.962 0.570485 0.429515 0
0.738 205.279 201.941 848.039 199.293 1427.26 138.249 0.572293 0.427707 0
0.736 204.111 201.165 845.202 200.15 1425.7 138.535 0.574105 0.425895 0
0.734 202.946 200.389 842.37 201.008 1424.14 138.82 0.575921 0.424079 0
0.732 201.784 199.614 839.54 201.868 1422.57 139.105 0.577741 0.422259 0
0.73 200.624 198.838 836.713 202.73 1421.01 139.388 0.579565 0.420435 0
0.728 199.466 198.062 833.889 203.594 1419.44 139.671 0.581392 0.418608 0
0.726 198.311 197.286 831.069 204.46 1417.88 139.953 0.583223 0.416777 0
0.724 197.158 196.51 828.252 205.327 1416.31 140.233 0.585057 0.414943 0
0.722 196.007 195.735 825.437 206.197 1414.74 140.513 0.586894 0.413106 0
0.72 194.858 194.959 822.626 207.068 1413.17 140.792 0.588733 0.411267 0
0.718 193.712 194.183 819.818 207.94 1411.6 141.071 0.590576 0.409424 0
0.716 192.567 193.408 817.013 208.815 1410.03 141.348 0.59242 0.40758 0
0.714 191.424 192.632 814.212 209.691 1408.45 141.624 0.594266 0.405734 0
0.712 190.283 191.857 811.413 210.568 1406.88 141.899 0.596114 0.403886 0
0.71 189.143 191.082 808.617 211.448 1405.3 142.173 0.597963 0.402037 0
0.708 188.005 190.306 805.825 212.329 1403.72 142.446 0.599813 0.400187 0
0.706 186.869 189.531 803.036 213.211 1402.13 142.718 0.601662 0.398338 0
0.704 185.733 188.756 800.25 214.095 1400.54 142.989 0.603511 0.396489 0
0.702 184.598 187.981 797.467 214.98 1398.95 143.259 0.605359 0.394641 0
0.7 183.464 187.206 794.687 215.867 1397.36 143.528 0.607205 0.392795 0
0.698 182.33 186.432 791.91 216.755 1395.76 143.795 0.609047 0.390953 0
0.696 181.196 185.657 789.137 217.643 1394.16 144.062 0.610885 0.389115 0
0.694 180.061 184.883 786.366 218.533 1392.55 144.326 0.612716 0.387284 0
0.692 178.925 184.109 783.599 219.423 1390.93 144.59 0.614537 0.385463 0
0.69 177.786 183.335 780.835 220.313 1389.31 144.852 0.616346 0.383654 0
0.688 176.641 182.561 778.074 221.202 1387.67 145.111 0.618132 0.381868 0
0.686 175.483 181.788 775.317 222.086 1386 145.368 0.619871 0.380129 0
0.684 174.323 181.015 772.562 222.971 1384.34 145.623 0.6216 0.3784 0
0.682 173.168 180.242 769.811 223.86 1382.67 145.878 0.623337 0.376663 0
0.68 172.017 179.469 767.063 224.751 1381 146.132 0.625082 0.374918 0
0.678 170.871 178.697 764.319 225.645 1379.34 146.385 0.626835 0.373165 0
0.676 169.729 177.926 761.578 226.543 1377.67 146.637 0.628595 0.371405 0
0.674 168.592 177.154 758.84 227.444 1376.01 146.889 0.630363 0.369637 0
0.672 167.459 176.384 756.105 228.347 1374.35 147.139 0.632139 0.367861 0
0.67 166.33 175.613 753.374 229.254 1372.69 147.39 0.633922 0.366078 0
0.668 165.205 174.843 750.646 230.165 1371.03 147.639 0.635714 0.364286 0
0.666 164.085 174.073 747.921 231.078 1369.38 147.888 0.637513 0.362487 0
0.664 162.97 173.303 745.2 231.995 1367.73 148.135 0.639321 0.360679 0
0.662 161.859 172.534 742.482 232.914 1366.07 148.382 0.641136 0.358864 0
0.66 160.752 171.765 739.767 233.837 1364.42 148.629 0.64296 0.35704 0
0.658 159.649 170.997 737.055 234.764 1362.77 148.874 0.644791 0.355209 0
0.656 158.551 170.229 734.347 235.693 1361.13 149.119 0.646631 0.353369 0
0.654 157.458 169.461 731.642 236.626 1359.48 149.363 0.648479 0.351521 0
0.652 156.368 168.693 728.94 237.562 1357.84 149.606 0.650335 0.349665 0
0.65 155.283 167.926 726.242 238.502 1356.19 149.848 0.652199 0.347801 0
0.648 154.203 167.159 723.547 239.444 1354.55 150.09 0.654072 0.345928 0
0.646 153.126 166.393 720.855 240.391 1352.91 150.331 0.655953 0.344047 0
0.644 152.055 165.626 718.166 241.34 1351.27 150.571 0.657843 0.342157 0
0.642 150.987 164.861 715.481 242.293 1349.64 150.81 0.659741 0.340259 0
0.64 149.924 164.095 712.798 243.249 1348 151.048 0.661647 0.338353 0
0.638 148.865 163.33 710.12 244.209 1346.37 151.285 0.663562 0.336438 0
0.636 147.811 162.565 707.444 245.172 1344.74 151.522 0.665485 0.334515 0
0.634 146.761 161.8 704.771 246.139 1343.11 151.758 0.667417 0.332583 0
0.632 145.715 161.036 702.102 247.109 1341.48 151.993 0.669358 0.330642 0
0.63 144.674 160.272 699.436 248.082 1339.86 152.227 0.671307 0.328693 0
0.628 143.637 159.509 696.773 249.06 1338.23 152.46 0.673265 0.326735 0
0.626 142.604 158.745 694.113 250.04 1336.61 152.692 0.675232 0.324768 0
0.624 141.576 157.982 691.457 251.024 1334.99 152.924 0.677207 0.322793 0
0.622 140.552 157.219 688.804 252.012 1333.37 153.154 0.679192 0.320808 0
0.62 139.532 156.457 686.154 253.003 1331.75 153.384 0.681185 0.318815 0
0.618 138.517 155.695 683.507 253.998 1330.14 153.613 0.683188 0.316812 0
0.616 137.506 154.933 680.863 254.997 1328.52 153.841 0.685199 0.314801 0
0.614 136.499 154.172 678.223 255.999 1326.91 154.068 0.687219 0.312781 0
0.612 135.497 153.41 675.586 257.005 1325.3 154.294 0.689248 0.310752 0
0.61 134.499 152.649 672.952 258.014 1323.69 154.519 0.691287 0.308713 0
0.608 133.505 151.889 670.321 259.027 1322.08 154.743 0.693334 0.306666 0
0.606 132.515 151.128 667.693 260.044 1320.48 154.966 0.695391 0.304609 0
0.604 131.53 150.368 665.069 261.065 1318.87 155.189 0.697457 0.302543 0
0.602 130.55 149.608 662.447 262.089 1317.27 155.41 0.699532 0.300468 0
0.6 129.573 148.849 659.829 263.117 1315.67 155.631 0.701617 0.298383 0
0.598 128.601 148.089 657.214 264.149 1314.07 155.85 0.703711 0.296289 0
0.596 127.633 147.33 654.602 265.185 1312.48 156.069 0.705814 0.294186 0
0.594 126.669 146.572 651.993 266.224 1310.88 156.286 0.707927 0.292073 0
0.592 125.71 145.813 649.388 267.268 1309.29 156.503 0.710049 0.289951 0
0.59 124.755 145.055 646.785 268.315 1307.7 156.718 0.71218 0.28782 0
0.588 123.804 144.297 644.186 269.366 1306.11 156.933 0.714321 0.285679 0
0.586 122.858 143.539 641.59 270.421 1304.52 157.147 0.716472 0.283528 0
0.584 121.916 142.782 638.997 271.48 1302.93 157.359 0.718632 0.281368 0
0.582 120.978 142.024 636.407 272.543 1301.35 157.571 0.720802 0.279198 0
0.58 120.044 141.267 633.82 273.61 1299.77 157.781 0.722981 0.277019 0
0.578 119.114 140.51 631.236 274.68 1298.18 157.991 0.725171 0.274829 0
0.576 118.189 139.754 628.656 275.755 1296.61 158.199 0.727369 0.272631 0
0.574 117.268 138.998 626.078 276.834 1295.03 158.407 0.729578 0.270422 0
0.572 116.351 138.241 623.504 277.917 1293.45 158.613 0.731797 0.268203 0
0.57 115.439 137.485 620.932 279.004 1291.88 158.818 0.734025 0.265975 0
0.568 114.531 136.73 618.364 280.094 1290.31 159.023 0.736263 0.263737 0
0.566 113.626 135.974 615.799 281.19 1288.74 159.226 0.738511 0.261489 0
0.564 112.726 135.219 613.237 282.289 1287.17 159.428 0.740769 0.259231 0
0.562 111.831 134.464 610.678 283.392 1285.6 159.629 0.743036 0.256964 0
0.56 110.939 133.709 608.122 284.499 1284.04 159.828 0.745314 0.254686 0
0.558 110.052 132.954 605.569 285.611 1282.47 160.027 0.747602 0.252398 0
0.556 109.169 132.2 603.019 286.727 1280.91 160.225 0.749899 0.250101 0
0.554 108.29 131.446 600.473 287.847 1279.35 160.421 0.752207 0.247793 0
0.552 107.415 130.691 597.929 288.971 1277.8 160.616 0.754524 0.245476 0
0.55 106.544 129.937 595.388 290.1 1276.24 160.81 0.756852 0.243148 0
0.548 105.678 129.184 592.851 291.233 1274.69 161.003 0.75919 0.24081 0
0.546 104.815 128.43 590.316 292.37 1273.13 161.195 0.761537 0.238463 0
0.544 103.957 127.677 587.785 293.512 1271.58 161.386 0.763895 0.236105 0
0.542 103.103 126.923 585.256 294.658 1270.03 161.575 0.766263 0.233737 0
0.54 102.253 126.17 582.731 295.808 1268.49 161.763 0.768641 0.231359 0
0.538 101.407 125.417 580.209 296.963 1266.94 161.95 0.771029 0.228971 0
0.536 100.565 124.664 577.689 298.122 1265.4 162.136 0.773427 0.226573 0
0.534 99.7267 123.912 575.173 299.286 1263.86 162.32 0.775835 0.224165 0
0.532 98.8929 123.159 572.659 300.454 1262.32 162.503 0.778253 0.221747 0
0.53 98.0632 122.407 570.149 301.626 1260.78 162.685 0.780681 0.219319 0
0.528 97.2375 121.654 567.642 302.804 1259.24 162.866 0.783119 0.216881 0
0.526 96.4158 120.902 565.137 303.985 1257.71 163.045 0.785567 0.214433 0
0.524 95.5981 120.15 562.636 305.172 1256.17 163.223 0.788025 0.211975 0
0.522 94.7845 119.398 560.138 306.363 1254.64 163.4 0.790493 0.209507 0
0.52 93.9748 118.646 557.642 307.558 1253.11 163.575 0.792971 0.207029 0
0.518 93.1691 117.894 555.15 308.758 1251.58 163.749 0.795458 0.204542 0
0.516 92.3673 117.143 552.66 309.963 1250.05 163.921 0.797956 0.202044 0
0.514 91.5695 116.391 550.174 311.173 1248.53 164.093 0.800463 0.199537 0
0.512 90.7756 115.64 547.69 312.387 1247 164.262 0.80298 0.19702 0
0.51 89.9856 114.888 545.21 313.606 1245.48 164.431 0.805507 0.194493 0
0.508 89.1995 114.137 542.732 314.83 1243.96 164.598 0.808043 0.191957 0
0.506 88.4173 113.386 540.257 316.059 1242.44 164.763 0.810588 0.189412 0
0.504 87.639 112.634 537.786 317.292 1240.92 164.927 0.813143 0.186857 0
0.502 86.8644 111.883 535.317 318.531 1239.41 165.09 0.815707 0.184293 0
0.5 86.0937 111.132 532.851 319.774 1237.89 165.251 0.818281 0.181719 0
0.498 85.3269 110.381 530.388 321.022 1236.38 165.41 0.820863 0.179137 0
0.496 84.5637 109.63 527.928 322.275 1234.86 165.568 0.823454 0.176546 0
0.494 83.8044 108.879 525.471 323.534 1233.35 165.724 0.826054 0.173946 0
0.492 83.0487 108.128 523.017 324.797 1231.84 165.879 0.828663 0.171337 0
0.49 82.2968 107.377 520.566 326.065 1230.33 166.032 0.83128 0.16872 0
0.488 81.5486 106.626 518.117 327.339 1228.82 166.184 0.833906 0.166094 0
0.486 80.804 105.876 515.672 328.617 1227.32 166.334 0.836539 0.163461 0
0.484 80.063 105.125 513.23 329.901 1225.81 166.482 0.839181 0.160819 0
0.482 79.3257 104.374 510.79 331.19 1224.31 166.629 0.84183 0.15817 0
0.48 78.5919 103.623 508.353 332.484 1222.8 166.773 0.844486 0.155514 0
0.478 77.8616 102.872 505.919 333.783 1221.3 166.916 0.84715 0.15285 0
0.476 77.1348 102.122 503.489 335.088 1219.8 167.058 0.84982 0.15018 0
0.474 76.4115 101.371 501.06 336.398 1218.3 167.197 0.852496 0.147504 0
0.472 75.6916 100.62 498.635 337.713 1216.79 167.335 0.855179 0.144821 0
0.47 74.9751 99.8693 496.213 339.034 1215.29 167.47 0.857868 0.142132 0
0.468 74.262 99.1185 493.794 340.361 1213.79 167.604 0.860561 0.139439 0
0.466 73.5521 98.3677 491.377 341.692 1212.29 167.736 0.86326 0.13674 0
0.464 72.8454 97.6169 488.963 343.03 1210.79 167.866 0.865962 0.134038 0
0.462 72.142 96.8661 486.552 344.373 1209.3 167.994 0.868669 0.131331 0
0.46 71.4417 96.1153 484.145 345.721 1207.8 168.119 0.871378 0.128622 0
0.458 70.7444 95.3644 481.739 347.076 1206.3 168.243 0.87409 0.12591 0
0.456 70.0501 94.6136 479.337 348.436 1204.8 168.365 0.876803 0.123197 0
0.454 69.3588 93.8627 476.938 349.802 1203.3 168.484 0.879517 0.120483 0
0.452 68.6702 93.1119 474.541 351.173 1201.79 168.601 0.882231 0.117769 0
0.45 67.9845 92.361 472.147 352.551 1200.29 168.715 0.884944 0.115056 0
0.448 67.3013 91.6102 469.756 353.935 1198.79 168.828 0.887654 0.112346 0
0.446 66.6208 90.8593 467.368 355.324 1197.28 168.937 0.890361 0.109639 0
0.444 65.9426 90.1085 464.983 356.72 1195.78 169.045 0.893062 0.106938 0
0.442 65.2667 89.3577 462.601 358.122 1194.27 169.149 0.895757 0.104243 0
0.44 64.5929 88.607 460.221 359.53 1192.76 169.251 0.898443 0.101557 0
0.438 63.921 87.8563 457.844 360.945 1191.24 169.35 0.901118 0.0988817 0
0.436 63.2509 87.1056 455.47 362.366 1189.73 169.446 0.90378 0.0962202 0
0.434 62.5822 86.3551 453.099 363.794 1188.21 169.539 0.906425 0.0935753 0
0.432 61.9147 85.6046 450.731 365.228 1186.68 169.628 0.909049 0.0909507 0
0.43 61.248 84.8543 448.365 366.669 1185.15 169.714 0.911649 0.0883509 0
0.428 60.5815 84.1041 446.003 368.117 1183.61 169.797 0.914218 0.0857817 0
0.426 59.9148 83.3542 443.643 369.573 1182.06 169.875 0.916749 0.0832506 0
0.424 59.2468 82.6045 441.285 371.036 1180.5 169.949 0.919232 0.0807679 0
0.422 58.5763 81.8551 438.931 372.506 1178.93 170.017 0.921651 0.0783494 0
0.42 57.9007 81.1061 436.579 373.986 1177.33 170.08 0.923977 0.0760231 0
0.418 57.2116 80.3576 434.23 375.475 1175.7 170.133 0.926119 0.073881 0
0.416 56.5095 79.61 431.884 376.974 1174.02 170.177 0.928076 0.0719244 0
0.414 55.8129 78.8632 429.54 378.481 1172.35 170.218 0.930043 0.0699575 0
0.412 55.1218 78.1173 427.2 379.996 1170.68 170.256 0.93202 0.0679803 0
0.41 54.4361 77.3722 424.863 381.517 1169.02 170.291 0.934007 0.0659931 0
0.408 53.7559 76.6279 422.529 383.047 1167.36 170.323 0.936004 0.0639959 0
0.406 53.0811 75.8844 420.198 384.584 1165.71 170.351 0.938011 0.0619889 0
0.404 52.4117 75.1418 417.87 386.128 1164.06 170.377 0.940028 0.0599723 0
0.402 51.7476 74.4 415.545 387.68 1162.42 170.399 0.942054 0.0579463 0
0.4 51.0888 73.6589 413.223 389.239 1160.78 170.417 0.944089 0.0559112 0
0.398 50.4352 72.9186 410.905 390.806 1159.15 170.432 0.946133 0.0538672 0
0.396 49.7869 72.1791 408.589 392.381 1157.51 170.444 0.948185 0.0518146 0
0.394 49.1437 71.4404 406.276 393.963 1155.89 170.451 0.950246 0.0497538 0
0.392 48.5055 70.7024 403.966 395.554 1154.26 170.455 0.952315 0.0476852 0
0.39 47.8725 69.9652 401.659 397.151 1152.65 170.454 0.954391 0.0456092 0
0.388 47.2444 69.2287 399.355 398.757 1151.03 170.45 0.956474 0.0435262 0
0.386 46.6213 68.4929 397.054 400.37 1149.42 170.44 0.958563 0.041437 0
0.384 46.003 67.7578 394.756 401.991 1147.81 170.427 0.960658 0.0393421 0
0.382 45.3896 67.0235 392.46 403.62 1146.2 170.408 0.962758 0.0372423 0
0.38 44.7808 66.2899 390.168 405.257 1144.6 170.384 0.964862 0.0351383 0
0.378 44.1767 65.557 387.878 406.902 1143 170.355 0.966969 0.0330312 0
0.376 43.5771 64.8248 385.591 408.554 1141.4 170.32 0.969078 0.0309221 0
0.374 42.9819 64.0932 383.307 410.215 1139.81 170.279 0.971188 0.0288123 0
0.372 42.391 63.3624 381.025 411.883 1138.22 170.232 0.973297 0.0267032 0
0.37 41.8042 62.6323 378.746 413.56 1136.62 170.177 0.975403 0.0245965 0
0.368 41.2215 61.903 376.47 415.244 1135.03 170.116 0.977506 0.0224944 0
0.366 40.6426 61.1743 374.197 416.937 1133.44 170.046 0.979601 0.0203992 0
0.364 40.0673 60.4464 371.926 418.637 1131.85 169.968 0.981686 0.0183139 0
0.362 39.4953 59.7192 369.657 420.346 1130.26 169.88 0.983758 0.0162421 0
0.36 38.9263 58.9929 367.391 422.063 1128.66 169.781 0.985812 0.0141882 0
0.358 38.36 58.2673 365.127 423.789 1127.06 169.67 0.987842 0.0121578 0
0.356 37.7958 57.5426 362.865 425.522 1125.45 169.545 0.989842 0.0101582 0
0.354 37.233 56.8188 360.606 427.264 1123.84 169.404 0.991801 0.00819912 0
0.352 36.6707 56.0959 358.348 429.015 1122.21 169.244 0.993706 0.00629438 0
0.35 36.1075 55.3742 356.092 430.773 1120.57 169.059 0.995536 0.00446449 0
0.348 35.5408 54.6537 353.836 432.541 1118.9 168.841 0.997256 0.00274352 0
0.346 34.966 53.9346 351.581 434.316 1117.19 168.574 0.998801 0.0011989 0
0.344 34.3671 53.2173 349.321 436.1 1115.37 168.204 0.999951 4.90808e-05 0
0.342 33.6929 52.5031 347.046 437.891 1113.27 167.557 1 0 0
0.34 33.0229 51.793 344.774 439.692 1111.17 166.896 1 0 0
0.338 32.3607 51.0868 342.506 441.505 1109.07 166.231 1 0 0
0.336 31.7063 50.3847 340.242 443.328 1106.99 165.564 1 0 0
0.334 31.0596 49.6867 337.983 445.163 1104.92 164.894 1 0 0
0.332 30.4208 48.9926 335.727 447.009 1102.86 164.221 1 0 0
0.33 29.7896 48.3027 333.476 448.866 1100.8 163.546 1 0 0
0.328 29.1661 47.6167 331.229 450.734 1098.76 162.867 1 0 0
0.326 28.5503 46.9349 328.985 452.613 1096.74 162.185 1 0 0
0.324 27.9421 46.2571 326.746 454.504 1094.72 161.501 1 0 0
0.322 27.3415 45.5834 324.511 456.406 1092.71 160.813 1 0 0
0.32 26.7485 44.9138 322.28 458.32 1090.71 160.123 1 0 0
0.318 26.1631 44.2483 320.053 460.244 1088.73 159.429 1 0 0
0.316 25.5851 43.5869 317.83 462.181 1086.76 158.733 1 0 0
0.314 25.0146 42.9296 315.611 464.128 1084.79 158.033 1 0 0
0.312 24.4516 42.2764 313.395 466.087 1082.84 157.331 1 0 0
0.31 23.896 41.6273 311.184 468.058 1080.9 156.625 1 0 0
0.308 23.3477 40.9824 308.976 470.04 1078.97 155.916 1 0 0
0.306 22.8068 40.3416 306.773 472.033 1077.06 155.205 1 0 0
0.304 22.2732 39.7049 304.573 474.038 1075.15 154.49 1 0 0
0.302 21.7469 39.0724 302.377 476.055 1073.26 153.772 1 0 0
0.3 21.2278 38.444 300.185 478.083 1071.38 153.051 1 0 0
0.298 20.7159 37.8198 297.997 480.123 1069.51 152.327 1 0 0
0.296 20.2112 37.1998 295.812 482.174 1067.65 151.599 1 0 0
0.294 19.7136 36.5839 293.631 484.238 1065.8 150.869 1 0 0
0.292 19.223 35.9723 291.454 486.312 1063.96 150.135 1 0 0
0.29 18.7396 35.3648 289.281 488.399 1062.14 149.398 1 0 0
0.288 18.2631 34.7615 287.111 490.497 1060.33 148.658 1 0 0
0.286 17.7936 34.1623 284.945 492.607 1058.53 147.915 1 0 0
0.284 17.3311 33.5674 282.782 494.729 1056.74 147.168 1 0 0
0.282 16.8754 32.9767 280.623 496.862 1054.96 146.419 1 0 0
0.28 16.4266 32.3902 278.468 499.008 1053.2 145.666 1 0 0
0.278 15.9846 31.8079 276.316 501.165 1051.44 144.909 1 0 0
0.276 15.5494 31.2299 274.168 503.334 1049.7 144.15 1 0 0
0.274 15.1209 30.656 272.024 505.515 1047.97 143.387 1 0 0
0.272 14.6991 30.0864 269.883 507.707 1046.26 142.62 1 0 0
0.27 14.284 29.521 267.745 509.912 1044.55 141.851 1 0 0
0.268 13.8754 28.9599 265.611 512.129 1042.86 141.078 1 0 0
0.266 13.4734 28.403 263.48 514.357 1041.18 140.302 1 0 0
0.264 13.0779 27.8503 261.353 516.598 1039.51 139.522 1 0 0
0.262 12.6889 27.3019 259.229 518.85 1037.85 138.739 1 0 0
0.26 12.3063 26.7578 257.108 521.115 1036.21 137.953 1 0 0
0.258 11.9301 26.2179 254.991 523.391 1034.58 137.163 1 0 0
0.256 11.5603 25.6823 252.877 525.68 1032.96 136.369 1 0 0
0.254 11.1967 25.1509 250.767 527.98 1031.35 135.573 1 0 0
0.252 10.8394 24.6238 248.659 530.293 1029.76 134.772 1 0 0
0.25 10.4883 24.101 246.555 532.618 1028.17 133.969 1 0 0
0.248 10.1433 23.5825 244.455 534.954 1026.6 133.162 1 0 0
0.246 9.80447 23.0683 242.357 537.303 1025.05 132.351 1 0 0
0.244 9.47169 22.5583 240.263 539.665 1023.5 131.537 1 0 0
0.242 9.14492 22.0526 238.172 542.038 1021.97 130.719 1 0 0
0.24 8.82412 21.5513 236.084 544.423 1020.45 129.898 1 0 0
0.238 8.50925 21.0542 233.999 546.821 1018.94 129.073 1 0 0
0.236 8.20025 20.5614 231.917 549.231 1017.45 128.245 1 0 0
0.234 7.89708 20.0729 229.838 551.653 1015.96 127.413 1 0 0
0.232 7.5997 19.5887 227.763 554.087 1014.49 126.577 1 0 0
0.23 7.30804 19.1088 225.69 556.534 1013.04 125.738 1 0 0
0.228 7.02207 18.6333 223.621 558.993 1011.59 124.896 1 0 0
0.226 6.74174 18.162 221.554 561.465 1010.16 124.049 1 0 0
0.224 6.46699 17.6951 219.491 563.948 1008.74 123.199 1 0 0
0.222 6.19779 17.2325 217.43 566.444 1007.33 122.346 1 0 0
0.22 5.93407 16.7742 215.373 568.953 1005.94 121.489 1 0 0
0.218 5.6758 16.3202 213.318 571.474 1004.56 120.628 1 0 0
0.216 5.42292 15.8705 211.266 574.007 1003.19 119.763 1 0 0
0.214 5.17538 15.4252 209.217 576.553 1001.84 118.895 1 0 0
0.212 4.93314 14.9841 207.171 579.112 1000.49 118.023 1 0 0
0.21 4.69614 14.5474 205.128 581.683 999.163 117.147 1 0 0
0.208 4.46434 14.1151 203.088 584.266 997.847 116.268 1 0 0
0.206 4.23768 13.687 201.05 586.862 996.543 115.385 1 0 0
0.204 4.01612 13.2633 199.015 589.471 995.252 114.498 1 0 0
0.202 3.7996 12.8439 196.983 592.092 993.974 113.607 1 0 0
0.2 3.58807 12.4289 194.954 594.727 992.709 112.713 1 0 0
0.198 3.3815 12.0181 192.927 597.373 991.457 111.815 1 0 0
0.196 3.17982 11.6117 190.903 600.033 990.218 110.913 1 0 0
0.194 2.98298 11.2096 188.882 602.706 988.993 110.007 1 0 0
0.192 2.79093 10.8118 186.863 605.391 987.78 109.098 1 0 0
0.19 2.60364 10.4184 184.847 608.089 986.581 108.184 1 0 0
0.188 2.42103 10.0293 182.833 610.8 985.395 107.267 1 0 0
0.186 2.24307 9.64444 180.822 613.524 984.222 106.346 1 0 0
0.184 2.0697 9.26394 178.814 616.261 983.062 105.421 1 0 0
0.182 1.90087 8.88774 176.808 619.011 981.916 104.493 1 0 0
0.18 1.73653 8.51584 174.804 621.774 980.783 103.56 1 0 0
0.178 1.57663 8.14825 172.803 624.551 979.663 102.624 1 0 0
0.176 1.42112 7.78494 170.805 627.34 978.557 101.684 1 0 0
0.174 1.26995 7.42593 168.809 630.143 977.464 100.74 1 0 0
0.172 1.12307 7.07119 166.815 632.959 976.385 99.7917 1 0 0
0.17 0.980416 6.72072 164.824 635.788 975.319 98.8398 1 0 0
0.168 0.841951 6.37451 162.835 638.631 974.267 97.8841 1 0 0
0.166 0.70762 6.03255 160.848 641.487 973.229 96.9244 1 0 0
0.164 0.577371 5.69483 158.864 644.357 972.204 95.9609 1 0 0
0.162 0.451152 5.36135 156.882 647.241 971.193 94.9934 1 0 0
0.16 0.328913 5.03207 154.902 650.138 970.196 94.0221 1 0 0
0.158 0.210601 4.707 152.925 653.048 969.212 93.0468 1 0 0
0.156 0.0961652 4.38612 150.95 655.973 968.243 92.0676 1 0 0
0.154 -0.0144464 4.0694 148.977 658.911 967.287 91.0844 1 0 0
0.152 -0.121286 3.75682 147.006 661.863 966.345 90.0973 1 0 0
0.15 -0.224404 3.44838 145.037 664.83 965.418 89.1063 1 0 0
0.148 -0.323854 3.14404 143.07 667.81 964.504 88.1113 1 0 0
0.146 -0.419687 2.84378 141.106 670.805 963.605 87.1124 1 0 0
0.144 -0.511956 2.54757 139.144 673.813 962.719 86.1096 1 0 0
0.142 -0.600714 2.25538 137.183 676.837 961.849 85.1028 1 0 0
0.14 -0.686011 1.96718 135.225 679.874 960.992 84.092 1 0 0
0.138 -0.767901 1.68294 133.269 682.926 960.15 83.0772 1 0 0
0.136 -0.846438 1.40262 131.314 685.993 959.322 82.0585 1 0 0
0.134 -0.921672 1.12617 129.362 689.074 958.509 81.0359 1 0 0
0.132 -0.993659 0.853556 127.411 692.17 957.711 80.0092 1 0 0
0.13 -1.06245 0.584722 125.463 695.281 956.927 78.9786 1 0 0
0.128 -1.1281 0.319617 123.516 698.407 956.158 77.9441 1 0 0
0.126 -1.19066 0.0581826 121.572 701.548 955.404 76.9055 1 0 0
0.124 -1.25019 -0.199643 119.629 704.705 954.665 75.863 1 0 0
0.122 -1.30673 -0.453929 117.688 707.877 953.941 74.8165 1 0 0
0.12 -1.36035 -0.70475 115.748 711.064 953.232 73.766 1 0 0
0.118 -1.4111 -0.952186 113.811 714.267 952.538 72.7115 1 0 0
0.116 -1.45903 -1.19633 111.875 717.485 951.86 71.653 1 0 0
0.114 -1.5042 -1.43727 109.941 720.72 951.197 70.5905 1 0 0
0.112 -1.54666 -1.67511 108.008 723.97 950.55 69.524 1 0 0
0.11 -1.58648 -1.90997 106.077 727.237 949.918 68.4536 1 0 0
0.108 -1.62369 -2.14197 104.148 730.52 949.301 67.3791 1 0 0
0.106 -1.65837 -2.37126 102.221 733.819 948.701 66.3006 1 0 0
0.104 -1.69056 -2.59797 100.295 737.135 948.117 65.2181 1 0 0
0.102 -1.72033 -2.82226 98.3702 740.468 947.548 64.1315 1 0 0
0.1 -1.74773 -3.04432 96.4473 743.817 946.996 63.041 1 0 0
0.098 -1.77282 -3.26433 94.5259 747.184 946.46 61.9464 1 0 0
0.096 -1.79566 -3.48252 92.6059 750.568 945.94 60.8477 1 0 0
0.094 -1.81631 -3.69911 90.6874 753.97 945.437 59.745 1 0 0
0.092 -1.83482 -3.91435 88.7702 757.389 944.95 58.6382 1 0 0
0.09 -1.85126 -4.12854 86.8545 760.826 944.48 57.5273 1 0 0
0.088 -1.86568 -4.34197 84.9401 764.281 944.027 56.4123 1 0 0
0.086 -1.87816 -4.55499 83.027 767.754 943.591 55.2932 1 0 0
0.084 -1.88874 -4.76798 81.1152 771.246 943.172 54.1699 1 0 0
0.082 -1.89749 -4.98135 79.2047 774.756 942.771 53.0425 1 0 0
0.08 -1.90447 -5.19557 77.2954 778.285 942.386 51.9109 1 0 0
0.078 -1.90976 -5.41113 75.3873 781.834 942.02 50.775 1 0 0
0.076 -1.9134 -5.62863 73.4804 785.402 941.67 49.6349 1 0 0
0.074 -1.91547 -5.84868 71.5746 788.989 941.339 48.4905 1 0 0
0.072 -1.91603 -6.072 69.6699 792.597 941.026 47.3418 1 0 0
0.07 -1.91515 -6.29938 67.7663 796.224 940.73 46.1887 1 0 0
0.068 -1.9129 -6.53171 65.8637 799.872 940.453 45.0311 1 0 0
0.066 -1.90935 -6.77 63.9621 803.541 940.194 43.869 1 0 0
0.064 -1.90455 -7.01538 62.0616 807.231 939.953 42.7024 1 0 0
0.062 -1.89859 -7.26912 60.1619 810.942 939.731 41.5311 1 0 0
0.06 -1.89154 -7.53269 58.2632 814.675 939.528 40.3551 1 0 0
0.058 -1.88347 -7.80775 56.3654 818.43 939.343 39.1742 1 0 0
0.056 -1.87445 -8.09619 54.4684 822.207 939.177 37.9884 1 0 0
0.054 -1.86455 -8.40022 52.5722 826.007 939.031 36.7976 1 0 0
0.052 -1.85386 -8.72236 50.6768 829.83 938.903 35.6016 1 0 0
0.05 -1.84246 -9.06553 48.7822 833.676 938.794 34.4002 1 0 0
0.048 -1.83041 -9.43318 46.8882 837.547 938.705 33.1933 1 0 0
0.046 -1.8178 -9.82933 44.995 841.441 938.635 31.9806 1 0 0
0.044 -1.80472 -10.2587 43.1024 845.36 938.584 30.762 1 0 0
0.042 -1.79124 -10.7271 41.2104 849.305 938.552 29.5372 1 0 0
0.04 -1.77745 -11.2411 39.319 853.275 938.539 28.3059 1 0 0
0.038 -1.76343 -11.8091 37.4281 857.271 938.545 27.0678 1 0 0
0.036 -1.74929 -12.441 35.5378 861.293 938.57 25.8224 1 0 0
0.034 -1.73509 -13.1493 33.6479 865.343 938.613 24.5694 1 0 0
0.032 -1.72095 -13.9494 31.7585 869.42 938.674 23.3081 1 0 0
0.03 -1.70695 -14.8608 29.8695 873.526 938.753 22.0381 1 0 0
0.028 -1.69318 -15.9087 27.981 877.66 938.849 20.7586 1 0 0
0.026 -1.67975 -17.1259 26.0927 881.824 938.962 19.4688 1 0 0
0.024 -1.66674 -18.5559 24.2049 886.018 939.089 18.1676 1 0 0
0.022 -1.65428 -20.2581 22.3173 890.242 939.23 16.8538 1 0 0
0.02 -1.64245 -22.3155 20.4301 894.498 939.384 15.5259 1 0 0
0.018 -1.63136 -24.8477 18.5432 898.786 939.546 14.1821 1 0 0
0.016 -1.62112 -28.0337 16.6566 903.108 939.716 12.82 1 0 0
0.014 -1.61183 -32.1544 14.7702 907.463 939.887 11.4364 1 0 0
0.012 -1.6036 -37.677 12.8843 911.853 940.054 10.0273 1 0 0
0.01 -1.59654 -45.441 10.9986 916.279 940.208 8.58674 1 0 0
0.008 -1.59074 -57.1225 9.11342 920.741 940.336 7.10616 1 0 0
0.006 -1.58629 -76.6267 7.22877 925.242 940.413 5.57179 1 0 0
0.004 -1.58327 -115.653 5.34486 929.783 940.398 3.95867 1 0 0
0.002 -1.58171 -232.631 3.46207 934.364 940.183 2.20952 1 0 0
