1 370.384 302.74 1241.73 91.5661 1612.11 102.531 0.345166 0.654834 0
0.998 369.088 301.999 1238.51 92.3673 1610.82 102.875 0.346757 0.653243 0
0.996 367.801 301.257 1235.29 93.1712 1609.53 103.218 0.348361 0.651639 0
0.994 366.523 300.516 1232.07 93.9781 1608.24 103.558 0.34998 0.65002 0
0.992 365.254 299.773 1228.85 94.788 1606.96 103.897 0.351614 0.648386 0
0.99 363.995 299.031 1225.64 95.6011 1605.69 104.232 0.353264 0.646736 0
0.988 362.746 298.288 1222.43 96.4176 1604.43 104.566 0.354931 0.645069 0
0.986 361.508 297.544 1219.22 97.2377 1603.18 104.896 0.356616 0.643384 0
0.984 360.281 296.8 1216.02 98.0618 1601.93 105.224 0.35832 0.64168 0
0.982 359.066 296.056 1212.82 98.8901 1600.69 105.548 0.360046 0.639954 0
0.98 357.931 295.311 1209.61 99.7634 1599.54 105.722 0.362018 0.637982 0
0.978 356.806 294.565 1206.42 100.639 1598.39 105.899 0.364002 0.635998 0
0.976 355.679 293.819 1203.22 101.51 1597.23 106.108 0.365958 0.634042 0
0.974 354.56 293.072 1200.03 102.381 1596.09 106.331 0.367914 0.632086 0
0.972 353.453 292.324 1196.84 103.255 1594.95 106.562 0.369884 0.630116 0
0.97 352.362 291.575 1193.65 104.134 1593.83 106.796 0.371877 0.628123 0
0.968 351.291 290.826 1190.46 105.02 1592.72 107.03 0.373901 0.626099 0
0.966 350.245 290.076 1187.28 105.914 1591.64 107.263 0.375965 0.624035 0
0.964 349.228 289.324 1184.1 106.818 1590.58 107.492 0.37808 0.62192 0
0.962 348.249 288.572 1180.92 107.737 1589.57 107.715 0.380261 0.619739 0
0.96 347.32 287.819 1177.74 108.674 1588.6 107.928 0.38253 0.61747 0
0.958 346.447 287.065 1174.56 109.632 1587.69 108.128 0.3849 0.6151 0
0.956 345.034 286.31 1171.39 110.37 1586.21 108.47 0.386291 0.613709 0
0.954 343.622 285.555 1168.22 111.109 1584.74 108.814 0.387682 0.612318 0
0.952 342.214 284.8 1165.05 111.849 1583.26 109.162 0.389076 0.610924 0
0.95 340.81 284.044 1161.88 112.59 1581.78 109.511 0.390471 0.609529 0
0.948 339.409 283.289 1158.72 113.331 1580.3 109.863 0.391869 0.608131 0
0.946 338.011 282.534 1155.56 114.074 1578.83 110.217 0.39327 0.60673 0
0.944 336.617 281.778 1152.41 114.818 1577.35 110.573 0.394675 0.605325 0
0.942 335.227 281.023 1149.25 115.563 1575.88 110.93 0.396084 0.603916 0
0.94 333.842 280.267 1146.1 116.31 1574.41 111.289 0.397497 0.602503 0
0.938 332.46 279.512 1142.95 117.058 1572.94 111.649 0.398915 0.601085 0
0.936 331.083 278.756 1139.81 117.808 1571.47 112.011 0.400338 0.599662 0
0.934 329.71 278 1136.67 118.559 1570 112.374 0.401766 0.598234 0
0.932 328.341 277.244 1133.53 119.312 1568.53 112.738 0.403199 0.596801 0
0.93 326.978 276.488 1130.39 120.066 1567.07 113.103 0.404637 0.595363 0
0.928 325.619 275.732 1127.26 120.822 1565.6 113.469 0.406082 0.593918 0
0.926 324.264 274.975 1124.13 121.58 1564.14 113.837 0.407533 0.592467 0
0.924 322.915 274.219 1121.01 122.34 1562.68 114.205 0.40899 0.59101 0
0.922 321.571 273.463 1117.88 123.101 1561.23 114.575 0.410453 0.589547 0
0.92 320.232 272.706 1114.76 123.865 1559.77 114.946 0.411923 0.588077 0
0.918 318.898 271.949 1111.64 124.63 1558.32 115.318 0.413401 0.586599 0
0.916 317.569 271.192 1108.53 125.398 1556.87 115.691 0.414885 0.585115 0
0.914 316.246 270.435 1105.41 126.167 1555.43 116.065 0.416377 0.583623 0
0.912 314.929 269.678 1102.31 126.939 1553.99 116.44 0.417877 0.582123 0
0.91 313.618 268.921 1099.2 127.714 1552.55 116.817 0.419385 0.580615 0
0.908 312.313 268.163 1096.1 128.49 1551.11 117.196 0.420901 0.579099 0
0.906 311.014 267.405 1092.99 129.269 1549.68 117.576 0.422426 0.577574 0
0.904 309.722 266.648 1089.9 130.051 1548.25 117.957 0.42396 0.57604 0
0.902 308.436 265.889 1086.8 130.835 1546.83 118.341 0.425503 0.574497 0
0.9 307.158 265.131 1083.71 131.623 1545.41 118.727 0.427055 0.572945 0
0.898 305.886 264.373 1080.62 132.413 1543.99 119.116 0.428618 0.571382 0
0.896 304.623 263.614 1077.53 133.206 1542.59 119.508 0.43019 0.56981 0
0.894 303.368 262.855 1074.45 134.003 1541.18 119.904 0.431774 0.568226 0
0.892 302.122 262.096 1071.37 134.804 1539.79 120.305 0.433368 0.566632 0
0.89 300.886 261.336 1068.29 135.609 1538.4 120.713 0.434973 0.565027 0
0.888 299.661 260.576 1065.21 136.418 1537.02 121.129 0.436588 0.563412 0
0.886 298.447 259.816 1062.14 137.233 1535.65 121.557 0.438213 0.561787 0
0.884 297.22 259.055 1059.07 138.039 1534.27 121.866 0.439926 0.560074 0
0.882 296.003 258.295 1056 138.848 1532.89 122.171 0.441662 0.558338 0
0.88 294.797 257.533 1052.94 139.663 1531.52 122.474 0.443421 0.556579 0
0.878 293.605 256.772 1049.88 140.482 1530.16 122.775 0.445207 0.554793 0
0.876 292.426 256.01 1046.82 141.307 1528.82 123.072 0.447023 0.552977 0
0.874 291.265 255.248 1043.76 142.139 1527.49 123.365 0.448874 0.551126 0
0.872 290.123 254.485 1040.71 142.978 1526.18 123.653 0.450767 0.549233 0
0.87 289.004 253.721 1037.66 143.827 1524.9 123.935 0.452712 0.547288 0
0.868 287.916 252.957 1034.61 144.689 1523.65 124.209 0.454722 0.545278 0
0.866 286.868 252.193 1031.56 145.566 1522.44 124.471 0.456821 0.543179 0
0.864 285.882 251.427 1028.52 146.469 1521.3 124.715 0.459057 0.540943 0
0.862 285.008 250.661 1025.48 147.417 1520.29 124.925 0.461543 0.538457 0
0.86 283.801 249.893 1022.44 148.227 1518.88 125.246 0.463289 0.536711 0
0.858 282.451 249.126 1019.4 148.978 1517.31 125.615 0.464713 0.535287 0
0.856 281.105 248.359 1016.37 149.73 1515.74 125.985 0.466142 0.533858 0
0.854 279.762 247.591 1013.34 150.484 1514.17 126.355 0.467574 0.532426 0
0.852 278.422 246.824 1010.31 151.24 1512.6 126.725 0.469011 0.530989 0
0.85 277.086 246.057 1007.29 151.997 1511.03 127.095 0.470452 0.529548 0
0.848 275.753 245.29 1004.27 152.755 1509.46 127.466 0.471896 0.528104 0
0.846 274.424 244.523 1001.25 153.516 1507.89 127.836 0.473345 0.526655 0
0.844 273.098 243.756 998.238 154.278 1506.32 128.207 0.474798 0.525202 0
0.842 271.776 242.99 995.227 155.041 1504.75 128.578 0.476255 0.523745 0
0.84 270.457 242.223 992.219 155.806 1503.19 128.949 0.477716 0.522284 0
0.838 269.141 241.457 989.214 156.573 1501.62 129.32 0.479181 0.520819 0
0.836 267.829 240.69 986.213 157.341 1500.05 129.691 0.48065 0.51935 0
0.834 266.521 239.924 983.214 158.112 1498.48 130.062 0.482124 0.517876 0
0.832 265.216 239.157 980.219 158.883 1496.92 130.434 0.483601 0.516399 0
0.83 263.914 238.391 977.226 159.657 1495.35 130.806 0.485083 0.514917 0
0.828 262.616 237.625 974.237 160.432 1493.78 131.178 0.486569 0.513431 0
0.826 261.321 236.859 971.251 161.209 1492.22 131.55 0.488059 0.511941 0
0.824 260.03 236.093 968.268 161.987 1490.65 131.922 0.489553 0.510447 0
0.822 258.743 235.327 965.289 162.767 1489.09 132.294 0.491051 0.508949 0
0.82 257.458 234.561 962.312 163.549 1487.52 132.667 0.492554 0.507446 0
0.818 256.178 233.795 959.338 164.333 1485.96 133.04 0.49406 0.50594 0
0.816 254.9 233.03 956.368 165.118 1484.4 133.413 0.495571 0.504429 0
0.814 253.627 232.264 953.401 165.905 1482.83 133.786 0.497086 0.502914 0
0.812 252.356 231.499 950.437 166.694 1481.27 134.159 0.498605 0.501395 0
0.81 251.09 230.733 947.476 167.484 1479.71 134.533 0.500128 0.499872 0
0.808 249.826 229.968 944.518 168.277 1478.15 134.907 0.501656 0.498344 0
0.806 248.567 229.203 941.563 169.071 1476.59 135.281 0.503187 0.496813 0
0.804 247.31 228.437 938.612 169.867 1475.03 135.656 0.504723 0.495277 0
0.802 246.057 227.672 935.663 170.664 1473.47 136.03 0.506262 0.493738 0
0.8 244.808 226.907 932.718 171.464 1471.91 136.406 0.507806 0.492194 0
0.798 243.562 226.142 929.775 172.265 1470.35 136.781 0.509354 0.490646 0
0.796 242.32 225.377 926.836 173.068 1468.79 137.157 0.510906 0.489094 0
0.794 241.081 224.612 923.9 173.873 1467.23 137.533 0.512461 0.487539 0
0.792 239.846 223.848 920.967 174.68 1465.67 137.91 0.514021 0.485979 0
0.79 238.614 223.083 918.038 175.488 1464.12 138.287 0.515585 0.484415 0
0.788 237.386 222.318 915.111 176.299 1462.56 138.665 0.517153 0.482847 0
0.786 236.162 221.554 912.187 177.111 1461 139.043 0.518725 0.481275 0
0.784 234.941 220.789 909.267 177.925 1459.45 139.422 0.520301 0.479699 0
0.782 233.723 220.025 906.35 178.741 1457.89 139.801 0.52188 0.47812 0
0.78 232.509 219.26 903.435 179.559 1456.34 140.181 0.523464 0.476536 0
0.778 231.299 218.496 900.524 180.378 1454.79 140.562 0.525051 0.474949 0
0.776 230.092 217.732 897.616 181.2 1453.23 140.944 0.526642 0.473358 0
0.774 228.889 216.968 894.711 182.024 1451.68 141.326 0.528237 0.471763 0
0.772 227.689 216.204 891.809 182.849 1450.13 141.709 0.529835 0.470165 0
0.77 226.493 215.44 888.911 183.676 1448.58 142.094 0.531437 0.468563 0
0.768 225.301 214.676 886.015 184.506 1447.03 142.479 0.533043 0.466957 0
0.766 224.113 213.912 883.123 185.337 1445.48 142.866 0.534652 0.465348 0
0.764 222.928 213.148 880.233 186.17 1443.93 143.254 0.536264 0.463736 0
0.762 221.747 212.384 877.347 187.005 1442.38 143.644 0.53788 0.46212 0
0.76 220.57 211.62 874.464 187.843 1440.83 144.035 0.539499 0.460501 0
0.758 219.396 210.856 871.584 188.682 1439.29 144.428 0.541121 0.458879 0
0.756 218.227 210.093 868.707 189.523 1437.74 144.823 0.542747 0.457253 0
0.754 217.061 209.329 865.833 190.366 1436.2 145.22 0.544375 0.455625 0
0.752 215.9 208.566 862.962 191.211 1434.66 145.619 0.546006 0.453994 0
0.75 214.743 207.802 860.094 192.058 1433.12 146.022 0.54764 0.45236 0
0.748 212.044 210.497 859.817 192.121 1432.97 146.047 0.549153 0.453268 0
0.746 209.242 213.447 859.718 192.146 1432.92 146.057 0.550622 0.454376 0
0.744 211.216 205.512 851.509 194.61 1428.39 146.937 0.552663 0.447337 0
0.742 210.043 204.749 848.654 195.465 1426.82 147.228 0.554348 0.445652 0
0.74 208.873 203.986 845.802 196.321 1425.24 147.519 0.556036 0.443964 0
0.738 207.706 203.223 842.953 197.18 1423.66 147.809 0.557727 0.442273 0
0.736 206.541 202.461 840.108 198.04 1422.08 148.097 0.559421 0.440579 0
0.734 205.379 201.698 837.265 198.902 1420.5 148.385 0.561117 0.438883 0
0.732 204.219 200.936 834.426 199.766 1418.91 148.671 0.562816 0.437184 0
0.73 203.062 200.173 831.589 200.632 1417.33 148.957 0.564517 0.435483 0
0.728 201.907 199.411 828.756 201.5 1415.75 149.241 0.56622 0.43378 0
0.726 200.755 198.65 825.926 202.369 1414.16 149.525 0.567925 0.432075 0
0.724 199.605 197.888 823.1 203.241 1412.58 149.807 0.569632 0.430368 0
0.722 198.457 197.126 820.276 204.114 1410.99 150.088 0.57134 0.42866 0
0.72 197.312 196.365 817.456 204.989 1409.4 150.368 0.57305 0.42695 0
0.718 196.169 195.604 814.638 205.866 1407.81 150.646 0.574761 0.425239 0
0.716 195.028 194.843 811.824 206.745 1406.22 150.923 0.576472 0.423528 0
0.714 193.889 194.082 809.014 207.626 1404.63 151.199 0.578184 0.421816 0
0.712 192.752 193.322 806.206 208.508 1403.03 151.474 0.579896 0.420104 0
0.71 191.617 192.561 803.401 209.392 1401.43 151.747 0.581608 0.418392 0
0.708 190.483 191.801 800.6 210.278 1399.83 152.019 0.583318 0.416682 0
0.706 189.351 191.041 797.802 211.166 1398.23 152.289 0.585028 0.414972 0
0.704 188.22 190.282 795.007 212.055 1396.63 152.557 0.586735 0.413265 0
0.702 187.091 189.522 792.216 212.945 1395.02 152.824 0.588441 0.411559 0
0.7 185.962 188.763 789.427 213.837 1393.41 153.089 0.590142 0.409858 0
0.698 184.834 188.004 786.642 214.731 1391.8 153.352 0.591839 0.408161 0
0.696 183.707 187.246 783.86 215.626 1390.18 153.613 0.593531 0.406469 0
0.694 182.579 186.487 781.081 216.521 1388.56 153.872 0.595215 0.404785 0
0.692 181.451 185.729 778.306 217.418 1386.93 154.129 0.59689 0.40311 0
0.69 180.321 184.972 775.534 218.315 1385.3 154.382 0.598553 0.401447 0
0.688 179.187 184.214 772.765 219.212 1383.65 154.632 0.600198 0.399802 0
0.686 178.047 183.457 769.999 220.106 1381.99 154.878 0.601812 0.398188 0
0.684 176.893 182.701 767.237 220.997 1380.31 155.117 0.603377 0.396623 0
0.682 175.744 181.945 764.478 221.891 1378.62 155.355 0.604948 0.395052 0
0.68 174.6 181.19 761.722 222.788 1376.94 155.592 0.606523 0.393477 0
0.678 173.461 180.435 758.97 223.689 1375.27 155.828 0.608105 0.391895 0
0.676 172.327 179.68 756.221 224.593 1373.59 156.062 0.609692 0.390308 0
0.674 171.199 178.926 753.476 225.5 1371.92 156.296 0.611286 0.388714 0
0.672 170.075 178.173 750.733 226.411 1370.25 156.529 0.612885 0.387115 0
0.67 168.956 177.42 747.995 227.325 1368.58 156.76 0.61449 0.38551 0
0.668 167.843 176.667 745.259 228.242 1366.92 156.99 0.616101 0.383899 0
0.666 166.735 175.915 742.527 229.163 1365.26 157.218 0.617717 0.382283 0
0.664 165.632 175.164 739.798 230.088 1363.6 157.446 0.61934 0.38066 0
0.662 164.535 174.413 737.072 231.016 1361.94 157.672 0.620969 0.379031 0
0.66 163.442 173.662 734.35 231.947 1360.29 157.896 0.622604 0.377396 0
0.658 162.355 172.912 731.631 232.882 1358.64 158.12 0.624244 0.375756 0
0.656 161.274 172.162 728.916 233.821 1357 158.341 0.625891 0.374109 0
0.654 160.197 171.413 726.203 234.763 1355.35 158.561 0.627544 0.372456 0
0.652 159.126 170.664 723.494 235.709 1353.71 158.779 0.629203 0.370797 0
0.65 158.061 169.915 720.788 236.659 1352.08 158.996 0.630868 0.369132 0
0.648 157.001 169.167 718.086 237.612 1350.44 159.21 0.632539 0.367461 0
0.646 155.947 168.42 715.387 238.569 1348.81 159.423 0.634216 0.365784 0
0.644 154.899 167.673 712.691 239.53 1347.19 159.634 0.635899 0.364101 0
0.642 153.856 166.926 709.998 240.494 1345.57 159.842 0.637588 0.362412 0
0.64 152.819 166.179 707.308 241.463 1343.95 160.048 0.639283 0.360717 0
0.638 151.788 165.433 704.622 242.435 1342.33 160.252 0.640984 0.359016 0
0.636 150.762 164.688 701.939 243.411 1340.73 160.454 0.642692 0.357308 0
0.634 149.743 163.943 699.259 244.391 1339.12 160.652 0.644405 0.355595 0
0.632 148.73 163.198 696.583 245.375 1337.52 160.848 0.646124 0.353876 0
0.63 147.723 162.453 693.909 246.363 1335.92 161.04 0.647849 0.352151 0
0.628 146.723 161.709 691.239 247.355 1334.33 161.229 0.64958 0.35042 0
0.626 145.729 160.965 688.572 248.351 1332.75 161.414 0.651317 0.348683 0
0.624 144.742 160.221 685.908 249.351 1331.17 161.595 0.653059 0.346941 0
0.622 143.762 159.478 683.247 250.356 1329.6 161.772 0.654807 0.345193 0
0.62 142.789 158.735 680.589 251.365 1328.03 161.943 0.65656 0.34344 0
0.618 141.824 157.992 677.935 252.378 1326.47 162.109 0.658318 0.341682 0
0.616 140.867 157.25 675.284 253.395 1324.92 162.269 0.660081 0.339919 0
0.614 139.917 156.507 672.635 254.418 1323.38 162.422 0.661848 0.338152 0
0.612 138.977 155.765 669.99 255.444 1321.84 162.566 0.663619 0.336381 0
0.61 138.041 155.023 667.348 256.475 1320.31 162.714 0.665401 0.334599 0
0.608 137.036 154.281 664.709 257.496 1318.66 163.038 0.667289 0.332711 0
0.606 136.036 153.54 662.073 258.521 1317.01 163.361 0.669185 0.330815 0
0.604 135.04 152.8 659.441 259.55 1315.37 163.684 0.671088 0.328912 0
0.602 134.049 152.06 656.812 260.583 1313.72 164.007 0.672999 0.327001 0
0.6 133.063 151.32 654.186 261.62 1312.08 164.329 0.674917 0.325083 0
0.598 132.082 150.581 651.563 262.661 1310.44 164.652 0.676842 0.323158 0
0.596 131.105 149.843 648.944 263.706 1308.81 164.974 0.678776 0.321224 0
0.594 130.133 149.105 646.328 264.755 1307.17 165.296 0.680717 0.319283 0
0.592 129.165 148.367 643.716 265.808 1305.54 165.617 0.682665 0.317335 0
0.59 128.203 147.631 641.106 266.865 1303.91 165.939 0.684622 0.315378 0
0.588 127.245 146.894 638.5 267.927 1302.29 166.26 0.686586 0.313414 0
0.586 126.291 146.158 635.897 268.993 1300.66 166.58 0.688558 0.311442 0
0.584 125.343 145.423 633.297 270.063 1299.04 166.901 0.690538 0.309462 0
0.582 124.399 144.688 630.701 271.137 1297.42 167.221 0.692526 0.307474 0
0.58 123.46 143.954 628.108 272.215 1295.81 167.542 0.694522 0.305478 0
0.578 122.526 143.22 625.518 273.298 1294.19 167.862 0.696526 0.303474 0
0.576 121.596 142.487 622.931 274.385 1292.58 168.181 0.698538 0.301462 0
0.574 120.671 141.754 620.347 275.476 1290.97 168.501 0.700558 0.299442 0
0.572 119.751 141.022 617.767 276.572 1289.37 168.82 0.702586 0.297414 0
0.57 118.836 140.29 615.19 277.672 1287.76 169.14 0.704623 0.295377 0
0.568 117.926 139.559 612.616 278.777 1286.16 169.459 0.706667 0.293333 0
0.566 117.02 138.828 610.045 279.886 1284.57 169.778 0.70872 0.29128 0
0.564 116.12 138.098 607.478 281 1282.97 170.097 0.710782 0.289218 0
0.562 115.224 137.368 604.913 282.118 1281.38 170.416 0.712852 0.287148 0
0.56 114.333 136.639 602.352 283.241 1279.79 170.734 0.71493 0.28507 0
0.558 113.446 135.91 599.794 284.368 1278.21 171.053 0.717017 0.282983 0
0.556 112.565 135.181 597.239 285.5 1276.63 171.372 0.719112 0.280888 0
0.554 111.689 134.453 594.688 286.636 1275.05 171.691 0.721216 0.278784 0
0.552 110.818 133.726 592.139 287.777 1273.47 172.009 0.723329 0.276671 0
0.55 109.951 132.998 589.594 288.923 1271.9 172.328 0.725451 0.274549 0
0.548 109.09 132.272 587.051 290.074 1270.33 172.647 0.727581 0.272419 0
0.546 108.233 131.545 584.512 291.229 1268.76 172.966 0.72972 0.27028 0
0.544 107.382 130.819 581.976 292.389 1267.2 173.286 0.731869 0.268131 0
0.542 106.535 130.094 579.443 293.554 1265.64 173.605 0.734026 0.265974 0
0.54 105.694 129.369 576.914 294.724 1264.09 173.925 0.736193 0.263807 0
0.538 104.857 128.644 574.387 295.899 1262.54 174.245 0.738368 0.261632 0
0.536 104.026 127.92 571.864 297.079 1260.99 174.566 0.740554 0.259446 0
0.534 103.2 127.196 569.343 298.264 1259.44 174.887 0.742748 0.257252 0
0.532 102.379 126.472 566.826 299.454 1257.9 175.209 0.744953 0.255047 0
0.53 101.564 125.749 564.312 300.648 1256.37 175.531 0.747166 0.252834 0
0.528 100.753 125.026 561.8 301.848 1254.84 175.854 0.74939 0.25061 0
0.526 99.9482 124.303 559.292 303.053 1253.31 176.178 0.751624 0.248376 0
0.524 99.1485 123.581 556.787 304.264 1251.79 176.502 0.753867 0.246133 0
0.522 98.3542 122.859 554.285 305.479 1250.27 176.828 0.756121 0.243879 0
0.52 97.5653 122.137 551.786 306.7 1248.75 177.155 0.758385 0.241615 0
0.518 96.782 121.415 549.29 307.926 1247.24 177.483 0.76066 0.23934 0
0.516 96.0042 120.694 546.797 309.158 1245.74 177.813 0.762945 0.237055 0
0.514 95.2321 119.973 544.307 310.394 1244.24 178.144 0.765242 0.234758 0
0.512 94.4658 119.252 541.82 311.637 1242.75 178.477 0.76755 0.23245 0
0.51 93.7053 118.532 539.336 312.885 1241.26 178.812 0.769869 0.230131 0
0.508 92.9507 117.811 536.855 314.138 1239.78 179.15 0.7722 0.2278 0
0.506 92.2021 117.091 534.377 315.397 1238.3 179.49 0.774543 0.225457 0
0.504 91.4598 116.371 531.902 316.662 1236.83 179.833 0.776898 0.223102 0
0.502 90.7237 115.651 529.43 317.932 1235.37 180.18 0.779266 0.220734 0
0.5 89.9942 114.931 526.96 319.209 1233.91 180.53 0.781648 0.218352 0
0.498 89.2713 114.211 524.494 320.491 1232.46 180.885 0.784043 0.215957 0
0.496 88.5553 113.491 522.031 321.779 1231.02 181.245 0.786453 0.213547 0
0.494 87.8465 112.771 519.57 323.074 1229.59 181.61 0.788879 0.211121 0
0.492 87.1451 112.051 517.112 324.374 1228.17 181.982 0.79132 0.20868 0
0.49 86.4516 111.331 514.657 325.681 1226.75 182.362 0.793778 0.206222 0
0.488 84.1518 115.206 514.447 325.761 1226.64 182.376 0.797057 0.20671 0
0.486 84.9406 109.891 509.756 328.275 1223.66 182.626 0.798436 0.201564 0
0.484 84.1836 109.173 507.311 329.578 1222.1 182.726 0.800757 0.199243 0
0.482 83.431 108.454 504.868 330.887 1220.54 182.825 0.803081 0.196919 0
0.48 82.6828 107.736 502.429 332.202 1218.98 182.922 0.805411 0.194589 0
0.478 81.9389 107.019 499.992 333.523 1217.43 183.018 0.807745 0.192255 0
0.476 81.1995 106.302 497.559 334.85 1215.88 183.111 0.810084 0.189916 0
0.474 80.4644 105.585 495.129 336.182 1214.33 183.203 0.812426 0.187574 0
0.472 79.7337 104.869 492.701 337.521 1212.79 183.293 0.814773 0.185227 0
0.47 79.0074 104.153 490.277 338.866 1211.24 183.381 0.817123 0.182877 0
0.468 78.2856 103.438 487.856 340.217 1209.71 183.467 0.819476 0.180524 0
0.466 77.5681 102.724 485.439 341.575 1208.17 183.552 0.821832 0.178168 0
0.464 76.855 102.01 483.024 342.938 1206.64 183.634 0.824192 0.175808 0
0.462 76.1463 101.296 480.612 344.308 1205.1 183.714 0.826553 0.173447 0
0.46 75.442 100.583 478.203 345.685 1203.58 183.793 0.828917 0.171083 0
0.458 74.7421 99.8697 475.798 347.067 1202.05 183.869 0.831283 0.168717 0
0.456 74.0467 99.1573 473.395 348.457 1200.53 183.943 0.833649 0.166351 0
0.454 73.3557 98.4453 470.996 349.853 1199.01 184.015 0.836017 0.163983 0
0.452 72.6691 97.7337 468.599 351.256 1197.5 184.085 0.838385 0.161615 0
0.45 71.9869 97.0225 466.206 352.665 1195.98 184.152 0.840753 0.159247 0
0.448 71.3092 96.3118 463.815 354.082 1194.47 184.218 0.84312 0.15688 0
0.446 70.636 95.6014 461.428 355.505 1192.97 184.281 0.845486 0.154514 0
0.444 69.9672 94.8913 459.043 356.935 1191.47 184.341 0.84785 0.15215 0
0.442 69.3028 94.1817 456.662 358.373 1189.97 184.399 0.850212 0.149788 0
0.44 68.643 93.4724 454.283 359.818 1188.47 184.455 0.852569 0.147431 0
0.438 67.9876 92.7634 451.908 361.27 1186.98 184.507 0.854923 0.145077 0
0.436 67.3366 92.0548 449.536 362.729 1185.49 184.557 0.85727 0.14273 0
0.434 66.6902 91.3465 447.166 364.196 1184 184.605 0.859611 0.140389 0
0.432 66.0482 90.6386 444.8 365.671 1182.52 184.649 0.861944 0.138056 0
0.43 65.4106 89.9309 442.436 367.154 1181.04 184.69 0.864266 0.135734 0
0.428 64.7775 89.2235 440.075 368.645 1179.56 184.727 0.866577 0.133423 0
0.426 64.1487 88.5164 437.718 370.144 1178.09 184.761 0.868872 0.131128 0
0.424 63.5242 87.8096 435.363 371.652 1176.62 184.791 0.871149 0.128851 0
0.422 62.9037 87.103 433.011 373.168 1175.15 184.817 0.873403 0.126597 0
0.42 62.2868 86.3967 430.662 374.693 1173.69 184.838 0.875626 0.124374 0
0.418 61.6728 85.6906 428.316 376.229 1172.22 184.853 0.877805 0.122195 0
0.416 61.0592 84.9848 425.974 377.775 1170.75 184.859 0.879907 0.120093 0
0.414 60.4404 84.2793 423.634 379.334 1169.26 184.853 0.881859 0.118141 0
0.412 59.833 83.5742 421.296 380.902 1167.79 184.844 0.883841 0.116159 0
0.41 59.2389 82.8693 418.962 382.479 1166.34 184.834 0.885875 0.114125 0
0.408 58.6587 82.1646 416.631 384.064 1164.93 184.823 0.887964 0.112036 0
0.406 58.0928 81.4598 414.303 385.659 1163.54 184.811 0.890112 0.109888 0
0.404 57.5419 80.7548 411.977 387.262 1162.18 184.796 0.892323 0.107677 0
0.402 57.0066 80.0495 409.654 388.874 1160.85 184.779 0.894602 0.105398 0
0.4 56.488 79.3437 407.333 390.496 1159.55 184.759 0.896956 0.103044 0
0.398 55.987 78.6372 405.016 392.126 1158.3 184.735 0.89939 0.10061 0
0.396 55.5052 77.9299 402.7 393.767 1157.08 184.706 0.901913 0.0980869 0
0.394 55.0442 77.2213 400.387 395.417 1155.92 184.671 0.904537 0.0954632 0
0.392 54.6065 76.5114 398.077 397.077 1154.8 184.627 0.907274 0.0927257 0
0.39 52.6777 80.5221 397.61 397.404 1154.58 184.618 0.91154 0.0925382 0
0.388 53.3484 75.0913 393.464 400.325 1151.58 185.166 0.911113 0.0888866 0
0.386 52.7034 74.3832 391.162 401.955 1149.91 185.486 0.912955 0.0870454 0
0.384 52.0692 73.6764 388.864 403.594 1148.26 185.81 0.914837 0.0851626 0
0.382 51.4459 72.9707 386.569 405.243 1146.64 186.138 0.916763 0.0832366 0
0.38 50.8335 72.2661 384.277 406.9 1145.03 186.469 0.918734 0.0812657 0
0.378 50.2323 71.5625 381.989 408.567 1143.44 186.805 0.920752 0.0792478 0
0.376 49.6422 70.8598 379.704 410.243 1141.88 187.145 0.922819 0.077181 0
0.374 49.0635 70.158 377.421 411.928 1140.33 187.491 0.924937 0.0750629 0
0.372 48.4963 69.4568 375.142 413.623 1138.81 187.842 0.927109 0.0728911 0
0.37 47.9407 68.7561 372.866 415.326 1137.32 188.2 0.929337 0.070663 0
0.368 47.4127 68.0559 370.593 417.025 1135.88 188.486 0.932068 0.0679324 0
0.366 46.9486 67.3554 368.322 418.685 1134.62 188.551 0.936288 0.0637124 0
0.364 46.4386 66.6541 366.054 420.373 1133.22 188.632 0.939626 0.0603738 0
0.362 45.7667 65.9544 363.79 422.114 1131.37 188.582 0.940416 0.0595845 0
0.36 45.1057 65.2571 361.529 423.866 1129.54 188.541 0.941216 0.0587843 0
0.358 44.4558 64.5622 359.272 425.631 1127.73 188.51 0.942025 0.0579746 0
0.356 43.817 63.8696 357.018 427.408 1125.94 188.49 0.942843 0.0571571 0
0.354 43.1882 63.1792 354.768 429.196 1124.17 188.466 0.943691 0.0563095 0
0.352 42.5499 62.4912 352.521 430.961 1122.36 188.158 0.944969 0.0550314 0
0.35 41.9225 61.8055 350.278 432.737 1120.57 187.856 0.946287 0.0537131 0
0.348 41.3062 61.1223 348.039 434.522 1118.81 187.56 0.947647 0.0523526 0
0.346 40.7009 60.4412 345.803 436.318 1117.06 187.271 0.949052 0.0509477 0
0.344 40.1068 59.7623 343.571 438.125 1115.34 186.988 0.950504 0.0494962 0
0.342 39.5241 59.0855 341.342 439.941 1113.64 186.713 0.952004 0.0479958 0
0.34 38.9529 58.4106 339.116 441.767 1111.97 186.446 0.953556 0.0464436 0
0.338 38.3932 57.7376 336.894 443.604 1110.32 186.187 0.955163 0.0448369 0
0.336 37.8453 57.0663 334.675 445.451 1108.69 185.938 0.956828 0.0431723 0
0.334 37.3093 56.3967 332.459 447.308 1107.09 185.698 0.958553 0.0414466 0
0.332 36.7856 55.7285 330.247 449.175 1105.52 185.47 0.960344 0.0396558 0
0.33 36.2742 55.0617 328.037 451.052 1103.97 185.253 0.962204 0.0377957 0
0.328 35.7755 54.396 325.831 452.939 1102.46 185.049 0.964138 0.0358616 0
0.326 35.2898 53.7315 323.627 454.837 1100.97 184.859 0.966152 0.0338483 0
0.324 34.8175 53.0678 321.427 456.744 1099.52 184.684 0.96825 0.0317498 0
0.322 34.359 52.4047 319.229 458.662 1098.1 184.526 0.970441 0.0295594 0
0.32 33.9147 51.7422 317.034 460.59 1096.72 184.387 0.97273 0.0272697 0
0.318 33.4852 51.0799 314.842 462.527 1095.37 184.268 0.975128 0.0248718 0
0.316 33.0712 50.4176 312.653 464.475 1094.06 184.172 0.977644 0.0223558 0
0.314 32.6736 49.755 310.466 466.433 1092.8 184.101 0.98029 0.0197096 0
0.312 32.2932 49.0919 308.282 468.401 1091.59 184.059 0.983081 0.0169195 0
0.31 31.9314 48.4279 306.1 470.379 1090.42 184.05 0.986031 0.0139686 0
0.308 31.5895 47.7627 303.92 472.367 1089.32 184.08 0.989164 0.0108365 0
0.306 31.2694 47.0958 301.742 474.365 1088.27 184.153 0.992502 0.00749781 0
0.304 30.9736 46.4267 299.567 476.374 1087.3 184.278 0.99608 0.00392037 0
0.302 30.7054 45.7549 297.393 478.393 1086.42 184.465 0.999938 6.2123e-05 0
0.3 30.0873 45.0839 295.222 480.382 1084.36 183.286 1 0 0
0.298 29.4716 44.4177 293.056 482.381 1082.31 182.085 1 0 0
0.296 28.8641 43.7564 290.893 484.392 1080.26 180.882 1 0 0
0.294 28.2647 43.1 288.734 486.416 1078.23 179.678 1 0 0
0.292 27.6734 42.4484 286.58 488.452 1076.21 178.473 1 0 0
0.29 27.0901 41.8017 284.43 490.499 1074.21 177.267 1 0 0
0.288 26.5149 41.16 282.283 492.559 1072.22 176.06 1 0 0
0.286 25.9477 40.5231 280.141 494.631 1070.24 174.852 1 0 0
0.284 25.3884 39.8911 278.002 496.715 1068.28 173.643 1 0 0
0.282 24.837 39.264 275.868 498.812 1066.33 172.433 1 0 0
0.28 24.2935 38.6418 273.737 500.92 1064.39 171.223 1 0 0
0.278 23.7578 38.0245 271.61 503.041 1062.47 170.011 1 0 0
0.276 23.23 37.4121 269.487 505.175 1060.57 168.799 1 0 0
0.274 22.7099 36.8047 267.368 507.32 1058.68 167.586 1 0 0
0.272 22.1975 36.2022 265.252 509.478 1056.8 166.373 1 0 0
0.27 21.6928 35.6046 263.141 511.648 1054.94 165.158 1 0 0
0.268 21.1958 35.0119 261.033 513.831 1053.09 163.943 1 0 0
0.266 20.7064 34.4241 258.928 516.026 1051.26 162.728 1 0 0
0.264 20.2246 33.8413 256.827 518.234 1049.44 161.512 1 0 0
0.262 19.7503 33.2634 254.73 520.454 1047.64 160.296 1 0 0
0.26 19.2836 32.6904 252.637 522.687 1045.85 159.079 1 0 0
0.258 18.8243 32.1224 250.547 524.932 1044.07 157.862 1 0 0
0.256 18.3724 31.5592 248.461 527.19 1042.32 156.644 1 0 0
0.254 17.9278 31.001 246.378 529.46 1040.57 155.426 1 0 0
0.252 17.4907 30.4477 244.298 531.743 1038.85 154.208 1 0 0
0.25 17.0608 29.8993 242.222 534.039 1037.13 152.99 1 0 0
0.248 16.6382 29.3558 240.15 536.347 1035.44 151.771 1 0 0
0.246 16.2228 28.8172 238.081 538.668 1033.75 150.553 1 0 0
0.244 15.8146 28.2835 236.015 541.001 1032.09 149.334 1 0 0
0.242 15.4135 27.7547 233.952 543.348 1030.44 148.116 1 0 0
0.24 15.0196 27.2307 231.893 545.707 1028.8 146.898 1 0 0
0.238 14.6327 26.7117 229.837 548.079 1027.18 145.679 1 0 0
0.236 14.2528 26.1974 227.784 550.464 1025.58 144.461 1 0 0
0.234 13.8799 25.688 225.735 552.861 1023.99 143.244 1 0 0
0.232 13.5139 25.1835 223.688 555.272 1022.42 142.027 1 0 0
0.23 13.1549 24.6837 221.645 557.695 1020.87 140.81 1 0 0
0.228 12.8027 24.1888 219.605 560.131 1019.33 139.594 1 0 0
0.226 12.4574 23.6986 217.568 562.581 1017.81 138.378 1 0 0
0.224 12.1189 23.2132 215.534 565.043 1016.31 137.164 1 0 0
0.222 11.7872 22.7325 213.502 567.518 1014.82 135.95 1 0 0
0.22 11.4622 22.2565 211.474 570.006 1013.35 134.737 1 0 0
0.218 11.1439 21.7852 209.449 572.508 1011.89 133.526 1 0 0
0.216 10.8323 21.3185 207.427 575.022 1010.46 132.315 1 0 0
0.214 10.5273 20.8565 205.407 577.55 1009.04 131.107 1 0 0
0.212 10.229 20.399 203.39 580.091 1007.64 129.899 1 0 0
0.21 9.93725 19.9461 201.377 582.645 1006.26 128.694 1 0 0
0.208 9.65214 19.4977 199.365 585.213 1004.89 127.49 1 0 0
0.206 9.37361 19.0537 197.357 587.794 1003.55 126.289 1 0 0
0.204 9.10166 18.6141 195.351 590.388 1002.22 125.091 1 0 0
0.202 8.42995 20.5007 193.817 592.375 1001.22 124.221 1.00229 0 0
0.2 8.55192 17.7485 191.348 595.598 999.498 123.155 1 0 0
0.198 8.2731 17.3236 189.35 598.212 998.097 122.429 1 0 0
0.196 8.00064 16.9043 187.355 600.841 996.714 121.704 1 0 0
0.194 7.7345 16.4906 185.363 603.484 995.349 120.979 1 0 0
0.192 7.47464 16.0823 183.374 606.141 994.003 120.254 1 0 0
0.19 7.22102 15.6795 181.387 608.812 992.675 119.531 1 0 0
0.188 6.97359 15.2822 179.403 611.497 991.366 118.808 1 0 0
0.186 6.73233 14.8903 177.422 614.197 990.076 118.087 1 0 0
0.184 6.49719 14.5038 175.443 616.911 988.805 117.368 1 0 0
0.182 6.26815 14.1226 173.467 619.64 987.553 116.652 1 0 0
0.18 6.04517 13.7468 171.493 622.383 986.321 115.938 1 0 0
0.178 5.82824 13.3763 169.521 625.14 985.109 115.227 1 0 0
0.176 5.61732 13.011 167.552 627.912 983.918 114.521 1 0 0
0.174 5.4124 12.6509 165.586 630.699 982.747 113.819 1 0 0
0.172 5.21348 12.2959 163.621 633.501 981.597 113.124 1 0 0
0.17 5.02056 11.946 161.659 636.318 980.469 112.434 1 0 0
0.168 4.83364 11.601 159.699 639.149 979.363 111.753 1 0 0
0.166 4.65274 11.2609 157.742 641.996 978.279 111.082 1 0 0
0.164 4.47792 10.9256 155.786 644.859 977.22 110.422 1 0 0
0.162 4.30924 10.5949 153.833 647.736 976.185 109.775 1 0 0
0.16 4.14678 10.2687 151.881 650.63 975.176 109.144 1 0 0
0.158 3.99069 9.94692 149.932 653.539 974.194 108.534 1 0 0
0.156 3.84116 9.62924 147.985 656.465 973.242 107.948 1 0 0
0.154 3.69849 9.31548 146.039 659.408 972.322 107.393 1 0 0
0.152 3.56311 9.00534 144.095 662.368 971.437 106.877 1 0 0
0.15 3.43568 8.69846 142.153 665.346 970.593 106.415 1 0 0
0.148 3.3173 8.39437 140.213 668.345 969.799 106.026 1 0 0
0.146 3.20996 8.09241 138.274 671.365 969.068 105.749 1 0 0
0.144 3.10628 7.79169 136.337 674.399 968.353 105.43 1 0 0
0.142 2.95918 7.49513 134.401 677.396 967.324 104.135 1 0 0
0.14 2.81656 7.20467 132.467 680.409 966.313 102.838 1 0 0
0.138 2.67835 6.92033 130.536 683.436 965.319 101.539 1 0 0
0.136 2.5445 6.64212 128.606 686.48 964.342 100.238 1 0 0
0.134 2.41494 6.37006 126.678 689.538 963.382 98.9354 1 0 0
0.132 2.2896 6.10416 124.752 692.612 962.44 97.6308 1 0 0
0.13 2.16844 5.84444 122.828 695.702 961.515 96.3243 1 0 0
0.128 2.05139 5.59092 120.906 698.807 960.607 95.0159 1 0 0
0.126 1.93838 5.34362 118.986 701.929 959.718 93.7055 1 0 0
0.124 1.82936 5.10255 117.067 705.066 958.845 92.3932 1 0 0
0.122 1.72426 4.86773 115.151 708.219 957.991 91.0789 1 0 0
0.12 1.62301 4.63917 113.236 711.388 957.154 89.7627 1 0 0
0.118 1.52557 4.41689 111.322 714.574 956.335 88.4445 1 0 0
0.116 1.43186 4.20092 109.41 717.776 955.535 87.1243 1 0 0
0.114 1.34182 3.99126 107.5 720.994 954.752 85.802 1 0 0
0.112 1.25539 3.78793 105.591 724.229 953.987 84.4777 1 0 0
0.11 1.1725 3.59095 103.684 727.481 953.24 83.1514 1 0 0
0.108 1.09309 3.40033 101.778 730.749 952.512 81.8229 1 0 0
0.106 1.0171 3.21609 99.8738 734.035 951.801 80.4923 1 0 0
0.104 0.94446 3.03825 97.9709 737.338 951.11 79.1595 1 0 0
0.102 0.875106 2.86681 96.0694 740.658 950.436 77.8245 1 0 0
0.1 0.808973 2.7018 94.1692 743.995 949.782 76.4873 1 0 0
0.098 0.745996 2.54323 92.2703 747.35 949.145 75.1478 1 0 0
0.096 0.686108 2.39111 90.3726 750.723 948.528 73.806 1 0 0
0.094 0.629244 2.24544 88.4761 754.114 947.93 72.4617 1 0 0
0.092 0.575336 2.10625 86.5809 757.523 947.35 71.1151 1 0 0
0.09 0.524319 1.97355 84.6867 760.951 946.789 69.7659 1 0 0
0.088 0.476123 1.84733 82.7937 764.397 946.248 68.4142 1 0 0
0.086 0.430681 1.72762 80.9017 767.861 945.726 67.0598 1 0 0
0.084 0.387924 1.61441 79.0108 771.345 945.223 65.7027 1 0 0
0.082 0.347783 1.50771 77.1208 774.847 944.739 64.3428 1 0 0
0.08 0.31019 1.40752 75.2318 778.369 944.275 62.9801 1 0 0
0.078 0.275072 1.31384 73.3437 781.91 943.83 61.6143 1 0 0
0.076 0.24236 1.22667 71.4565 785.472 943.406 60.2455 1 0 0
0.074 0.211983 1.146 69.5701 789.053 943.001 58.8735 1 0 0
0.072 0.183868 1.07182 67.6845 792.654 942.616 57.4982 1 0 0
0.07 0.157942 1.00412 65.7996 796.276 942.25 56.1194 1 0 0
0.068 0.134132 0.94288 63.9154 799.919 941.905 54.7371 1 0 0
0.066 0.112365 0.888079 62.032 803.583 941.581 53.351 1 0 0
0.064 0.0925635 0.839688 60.1491 807.268 941.276 51.961 1 0 0
0.062 0.0746535 0.797672 58.2668 810.975 940.992 50.5669 1 0 0
0.06 0.0585578 0.76199 56.3851 814.704 940.728 49.1685 1 0 0
0.058 0.044199 0.73259 54.5039 818.455 940.485 47.7656 1 0 0
0.056 0.0314985 0.709413 52.6232 822.229 940.262 46.358 1 0 0
0.054 0.0203769 0.692388 50.7428 826.026 940.06 44.9454 1 0 0
0.052 0.0107538 0.681431 48.8629 829.846 939.878 43.5274 1 0 0
0.05 0.00254767 0.676444 46.9833 833.69 939.717 42.1039 1 0 0
0.048 -0.00432406 0.677313 45.104 837.558 939.577 40.6744 1 0 0
0.046 -0.00994506 0.683903 43.225 841.45 939.458 39.2386 1 0 0
0.044 -0.0144002 0.696056 41.3462 845.367 939.359 37.796 1 0 0
0.042 -0.0177754 0.713589 39.4676 849.31 939.28 36.3462 1 0 0
0.04 -0.020158 0.736286 37.5891 853.278 939.222 34.8886 1 0 0
0.038 -0.0216363 0.763893 35.7106 857.273 939.185 33.4226 1 0 0
0.036 -0.0223003 0.796112 33.8323 861.294 939.167 31.9475 1 0 0
0.034 -0.0222407 0.832593 31.954 865.343 939.168 30.4625 1 0 0
0.032 -0.0215498 0.872919 30.0756 869.419 939.189 28.9668 1 0 0
0.03 -0.0203211 0.916592 28.1972 873.524 939.229 27.4593 1 0 0
0.028 -0.0186491 0.963018 26.3187 877.657 939.287 25.9388 1 0 0
0.026 -0.0166295 1.01148 24.44 881.821 939.362 24.4038 1 0 0
0.024 -0.0143587 1.06109 22.5612 886.014 939.453 22.8528 1 0 0
0.022 -0.0119342 1.11079 20.6822 890.238 939.558 21.2836 1 0 0
0.02 -0.00945338 1.15922 18.803 894.494 939.677 19.6938 1 0 0
0.018 -0.00701376 1.20469 16.9235 898.783 939.805 18.0802 1 0 0
0.016 -0.00471189 1.24498 15.0438 903.104 939.94 16.4391 1 0 0
0.014 -0.00264234 1.27719 13.1637 907.459 940.078 14.7652 1 0 0
0.012 -0.000895981 1.29736 11.2834 911.85 940.213 13.0516 1 0 0
0.01 0.000442856 1.29984 9.4029 916.276 940.334 11.2888 1 0 0
0.008 0.00130121 1.27618 7.52213 920.739 940.429 9.46215 1 0 0
0.006 0.00162625 1.21264 5.64122 925.24 940.474 7.54837 1 0 0
0.004 0.00140452 1.08397 3.7603 929.781 940.425 5.50421 1 0 0
0.002 0.000713148 0.831625 1.87964 934.364 940.178 3.2275 1 0 0
