1 342.164 297.326 1283.11 33.987 1625.27 102.507 0.568581 0.431419 0
0.999 341.488 296.937 1281.49 34.1464 1624.61 102.556 0.568827 0.431173 0
0.998 340.813 296.548 1279.88 34.3061 1623.94 102.604 0.569075 0.430925 0
0.997 340.139 296.158 1278.26 34.466 1623.27 102.653 0.569322 0.430678 0
0.996 339.465 295.769 1276.65 34.6261 1622.6 102.701 0.569571 0.430429 0
0.995 338.791 295.38 1275.04 34.7865 1621.94 102.75 0.56982 0.43018 0
0.994 338.118 294.99 1273.42 34.947 1621.27 102.799 0.57007 0.42993 0
0.993 337.445 294.6 1271.81 35.1078 1620.6 102.847 0.57032 0.42968 0
0.992 336.772 294.211 1270.2 35.2689 1619.93 102.896 0.570571 0.429429 0
0.991 336.1 293.821 1268.59 35.4301 1619.26 102.945 0.570823 0.429177 0
0.99 335.429 293.431 1266.98 35.5916 1618.59 102.994 0.571075 0.428925 0
0.989 334.758 293.04 1265.37 35.7533 1617.92 103.042 0.571328 0.428672 0
0.988 334.087 292.65 1263.76 35.9153 1617.25 103.091 0.571581 0.428419 0
0.987 333.416 292.26 1262.15 36.0774 1616.58 103.14 0.571836 0.428164 0
0.986 332.746 291.869 1260.54 36.2399 1615.91 103.189 0.57209 0.42791 0
0.985 332.077 291.479 1258.94 36.4025 1615.24 103.238 0.572346 0.427654 0
0.984 331.408 291.088 1257.33 36.5654 1614.57 103.287 0.572602 0.427398 0
0.983 330.739 290.697 1255.73 36.7285 1613.9 103.336 0.572859 0.427141 0
0.982 330.071 290.307 1254.12 36.8918 1613.23 103.385 0.573116 0.426884 0
0.981 329.403 289.916 1252.52 37.0554 1612.56 103.435 0.573374 0.426626 0
0.98 328.736 289.524 1250.91 37.2192 1611.89 103.484 0.573633 0.426367 0
0.979 328.069 289.133 1249.31 37.3833 1611.21 103.533 0.573892 0.426108 0
0.978 327.402 288.742 1247.71 37.5475 1610.54 103.582 0.574152 0.425848 0
0.977 326.736 288.35 1246.11 37.7121 1609.87 103.632 0.574413 0.425587 0
0.976 326.07 287.959 1244.51 37.8768 1609.2 103.681 0.574674 0.425326 0
0.975 325.405 287.567 1242.91 38.0418 1608.52 103.73 0.574936 0.425064 0
0.974 324.74 287.175 1241.31 38.2071 1607.85 103.78 0.575198 0.424802 0
0.973 324.075 286.783 1239.71 38.3725 1607.18 103.829 0.575462 0.424538 0
0.972 323.411 286.391 1238.11 38.5383 1606.5 103.879 0.575726 0.424274 0
0.971 322.748 285.999 1236.51 38.7042 1605.83 103.928 0.57599 0.42401 0
0.97 322.085 285.607 1234.92 38.8704 1605.16 103.978 0.576255 0.423745 0
0.969 321.422 285.214 1233.32 39.0369 1604.48 104.027 0.576521 0.423479 0
0.968 320.76 284.822 1231.72 39.2035 1603.81 104.077 0.576788 0.423212 0
0.967 320.098 284.429 1230.13 39.3705 1603.13 104.127 0.577055 0.422945 0
0.966 319.436 284.037 1228.54 39.5376 1602.46 104.176 0.577323 0.422677 0
0.965 318.775 283.644 1226.94 39.7051 1601.78 104.226 0.577592 0.422408 0
0.964 318.114 283.251 1225.35 39.8727 1601.11 104.276 0.577861 0.422139 0
0.963 317.454 282.858 1223.76 40.0406 1600.43 104.326 0.578131 0.421869 0
0.962 316.795 282.465 1222.17 40.2088 1599.75 104.375 0.578402 0.421598 0
0.961 316.135 282.071 1220.58 40.3772 1599.08 104.425 0.578673 0.421327 0
0.96 315.476 281.678 1218.99 40.5459 1598.4 104.475 0.578945 0.421055 0
0.959 314.818 281.284 1217.4 40.7148 1597.72 104.525 0.579218 0.420782 0
0.958 314.16 280.891 1215.81 40.8839 1597.05 104.575 0.579492 0.420508 0
0.957 313.502 280.497 1214.22 41.0533 1596.37 104.625 0.579766 0.420234 0
0.956 312.845 280.103 1212.64 41.223 1595.69 104.675 0.58004 0.41996 0
0.955 312.188 279.709 1211.05 41.3929 1595.01 104.725 0.580316 0.419684 0
0.954 311.532 279.315 1209.46 41.563 1594.34 104.775 0.580592 0.419408 0
0.953 310.876 278.921 1207.88 41.7334 1593.66 104.826 0.580869 0.419131 0
0.952 310.22 278.527 1206.29 41.9041 1592.98 104.876 0.581147 0.418853 0
0.951 309.565 278.132 1204.71 42.075 1592.3 104.926 0.581425 0.418575 0
0.95 308.911 277.738 1203.13 42.2462 1591.62 104.976 0.581704 0.418296 0
0.949 308.257 277.343 1201.55 42.4176 1590.94 105.027 0.581984 0.418016 0
0.948 307.603 276.948 1199.96 42.5893 1590.26 105.077 0.582265 0.417735 0
0.947 306.95 276.553 1198.38 42.7612 1589.58 105.127 0.582546 0.417454 0
0.946 306.297 276.158 1196.8 42.9334 1588.9 105.178 0.582828 0.417172 0
0.945 305.644 275.763 1195.22 43.1059 1588.22 105.228 0.58311 0.41689 0
0.944 304.992 275.368 1193.65 43.2786 1587.54 105.279 0.583394 0.416606 0
0.943 304.341 274.972 1192.07 43.4516 1586.86 105.329 0.583678 0.416322 0
0.942 303.69 274.577 1190.49 43.6248 1586.18 105.38 0.583963 0.416037 0
0.941 303.039 274.181 1188.91 43.7983 1585.5 105.43 0.584248 0.415752 0
0.94 302.389 273.786 1187.34 43.9721 1584.82 105.481 0.584535 0.415465 0
0.939 301.739 273.39 1185.76 44.1461 1584.13 105.532 0.584822 0.415178 0
0.938 301.09 272.994 1184.19 44.3204 1583.45 105.582 0.585109 0.414891 0
0.937 300.441 272.598 1182.61 44.4949 1582.77 105.633 0.585398 0.414602 0
0.936 299.792 272.202 1181.04 44.6698 1582.09 105.684 0.585687 0.414313 0
0.935 299.144 271.805 1179.47 44.8448 1581.4 105.734 0.585977 0.414023 0
0.934 298.497 271.409 1177.9 45.0202 1580.72 105.785 0.586268 0.413732 0
0.933 297.85 271.012 1176.33 45.1958 1580.04 105.836 0.58656 0.41344 0
0.932 297.203 270.616 1174.75 45.3717 1579.35 105.887 0.586852 0.413148 0
0.931 296.557 270.219 1173.19 45.5478 1578.67 105.938 0.587145 0.412855 0
0.93 295.911 269.822 1171.62 45.7243 1577.99 105.989 0.587439 0.412561 0
0.929 295.265 269.425 1170.05 45.9009 1577.3 106.04 0.587733 0.412267 0
0.928 294.621 269.028 1168.48 46.0779 1576.62 106.091 0.588028 0.411972 0
0.927 293.976 268.631 1166.91 46.2551 1575.93 106.142 0.588324 0.411676 0
0.926 293.332 268.233 1165.35 46.4326 1575.25 106.193 0.588621 0.411379 0
0.925 292.688 267.836 1163.78 46.6104 1574.56 106.244 0.588919 0.411081 0
0.924 292.045 267.438 1162.22 46.7885 1573.88 106.295 0.589217 0.410783 0
0.923 291.403 267.041 1160.65 46.9668 1573.19 106.347 0.589516 0.410484 0
0.922 290.76 266.643 1159.09 47.1454 1572.5 106.398 0.589816 0.410184 0
0.921 290.119 266.245 1157.53 47.3243 1571.82 106.449 0.590117 0.409883 0
0.92 289.477 265.847 1155.96 47.5034 1571.13 106.5 0.590418 0.409582 0
0.919 288.836 265.448 1154.4 47.6829 1570.45 106.552 0.590721 0.409279 0
0.918 288.196 265.05 1152.84 47.8626 1569.76 106.603 0.591024 0.408976 0
0.917 287.556 264.652 1151.28 48.0426 1569.07 106.654 0.591327 0.408673 0
0.916 286.916 264.253 1149.72 48.2228 1568.38 106.706 0.591632 0.408368 0
0.915 286.277 263.854 1148.16 48.4034 1567.7 106.757 0.591937 0.408063 0
0.914 285.638 263.456 1146.61 48.5842 1567.01 106.809 0.592244 0.407756 0
0.913 285 263.057 1145.05 48.7653 1566.32 106.86 0.592551 0.407449 0
0.912 284.362 262.658 1143.49 48.9467 1565.63 106.912 0.592858 0.407142 0
0.911 283.725 262.259 1141.94 49.1284 1564.94 106.963 0.593167 0.406833 0
0.91 283.088 261.859 1140.38 49.3104 1564.25 107.015 0.593476 0.406524 0
0.909 282.452 261.46 1138.83 49.4926 1563.56 107.066 0.593787 0.406213 0
0.908 281.816 261.06 1137.27 49.6751 1562.87 107.118 0.594098 0.405902 0
0.907 281.18 260.661 1135.72 49.858 1562.18 107.17 0.594409 0.405591 0
0.906 280.545 260.261 1134.17 50.0411 1561.49 107.222 0.594722 0.405278 0
0.905 279.911 259.861 1132.62 50.2245 1560.8 107.273 0.595035 0.404965 0
0.904 279.277 259.461 1131.07 50.4082 1560.11 107.325 0.59535 0.40465 0
0.903 278.643 259.061 1129.52 50.5921 1559.42 107.377 0.595665 0.404335 0
0.902 278.01 258.661 1127.97 50.7764 1558.73 107.429 0.595981 0.404019 0
0.901 277.377 258.26 1126.42 50.961 1558.04 107.481 0.596298 0.403702 0
0.9 276.745 257.86 1124.87 51.1458 1557.35 107.533 0.596615 0.403385 0
0.899 276.113 257.459 1123.32 51.331 1556.66 107.584 0.596934 0.403066 0
0.898 275.481 257.059 1121.78 51.5164 1555.97 107.636 0.597253 0.402747 0
0.897 274.85 256.658 1120.23 51.7021 1555.27 107.688 0.597573 0.402427 0
0.896 274.22 256.257 1118.68 51.8882 1554.58 107.74 0.597894 0.402106 0
0.895 273.59 255.856 1117.14 52.0745 1553.89 107.793 0.598216 0.401784 0
0.894 272.96 255.454 1115.6 52.2611 1553.2 107.845 0.598538 0.401462 0
0.893 272.331 255.053 1114.05 52.4481 1552.5 107.897 0.598862 0.401138 0
0.892 271.703 254.652 1112.51 52.6353 1551.81 107.949 0.599186 0.400814 0
0.891 271.075 254.25 1110.97 52.8228 1551.12 108.001 0.599511 0.400489 0
0.89 270.447 253.848 1109.43 53.0106 1550.42 108.053 0.599837 0.400163 0
0.889 269.82 253.447 1107.89 53.1988 1549.73 108.105 0.600164 0.399836 0
0.888 269.193 253.045 1106.35 53.3872 1549.03 108.158 0.600492 0.399508 0
0.887 268.567 252.643 1104.81 53.5759 1548.34 108.21 0.600821 0.399179 0
0.886 267.941 252.24 1103.27 53.765 1547.64 108.262 0.60115 0.39885 0
0.885 267.315 251.838 1101.73 53.9543 1546.95 108.315 0.601481 0.398519 0
0.884 266.69 251.436 1100.2 54.1439 1546.25 108.367 0.601812 0.398188 0
0.883 266.066 251.033 1098.66 54.3339 1545.56 108.419 0.602144 0.397856 0
0.882 265.442 250.63 1097.12 54.5242 1544.86 108.472 0.602477 0.397523 0
0.881 264.818 250.227 1095.59 54.7147 1544.16 108.524 0.602811 0.397189 0
0.88 264.195 249.825 1094.06 54.9056 1543.47 108.577 0.603146 0.396854 0
0.879 263.573 249.421 1092.52 55.0968 1542.77 108.629 0.603481 0.396519 0
0.878 262.951 249.018 1090.99 55.2883 1542.07 108.682 0.603818 0.396182 0
0.877 262.329 248.615 1089.46 55.4801 1541.38 108.734 0.604155 0.395845 0
0.876 261.708 248.212 1087.93 55.6723 1540.68 108.787 0.604494 0.395506 0
0.875 261.087 247.808 1086.4 55.8647 1539.98 108.839 0.604833 0.395167 0
0.874 260.467 247.404 1084.87 56.0575 1539.28 108.892 0.605173 0.394827 0
0.873 259.847 247 1083.34 56.2506 1538.59 108.945 0.605514 0.394486 0
0.872 259.228 246.597 1081.81 56.4439 1537.89 108.997 0.605856 0.394144 0
0.871 258.609 246.192 1080.28 56.6377 1537.19 109.05 0.606199 0.393801 0
0.87 257.991 245.788 1078.76 56.8317 1536.49 109.103 0.606543 0.393457 0
0.869 257.373 245.384 1077.23 57.026 1535.79 109.156 0.606887 0.393113 0
0.868 256.755 244.979 1075.7 57.2207 1535.09 109.208 0.607233 0.392767 0
0.867 256.138 244.575 1074.18 57.4157 1534.39 109.261 0.60758 0.39242 0
0.866 255.522 244.17 1072.65 57.611 1533.69 109.314 0.607927 0.392073 0
0.865 254.906 243.765 1071.13 57.8066 1532.99 109.367 0.608275 0.391725 0
0.864 254.29 243.36 1069.61 58.0026 1532.29 109.42 0.608625 0.391375 0
0.863 253.675 242.955 1068.09 58.1989 1531.59 109.473 0.608975 0.391025 0
0.862 253.061 242.55 1066.57 58.3955 1530.89 109.526 0.609326 0.390674 0
0.861 252.447 242.145 1065.05 58.5924 1530.19 109.579 0.609678 0.390322 0
0.86 251.833 241.739 1063.53 58.7897 1529.49 109.632 0.610032 0.389968 0
0.859 251.22 241.334 1062.01 58.9873 1528.78 109.685 0.610386 0.389614 0
0.858 250.608 240.928 1060.49 59.1852 1528.08 109.738 0.610741 0.389259 0
0.857 249.995 240.522 1058.97 59.3835 1527.38 109.791 0.611097 0.388903 0
0.856 249.384 240.116 1057.45 59.5821 1526.68 109.844 0.611453 0.388547 0
0.855 248.772 239.71 1055.94 59.781 1525.98 109.897 0.611811 0.388189 0
0.854 248.162 239.304 1054.42 59.9803 1525.27 109.95 0.61217 0.38783 0
0.853 247.552 238.898 1052.91 60.1799 1524.57 110.003 0.61253 0.38747 0
0.852 246.942 238.491 1051.39 60.3798 1523.87 110.056 0.612891 0.387109 0
0.851 246.333 238.085 1049.88 60.58 1523.16 110.109 0.613252 0.386748 0
0.85 245.724 237.678 1048.37 60.7806 1522.46 110.163 0.613615 0.386385 0
0.849 245.115 237.271 1046.85 60.9816 1521.75 110.216 0.613979 0.386021 0
0.848 244.508 236.864 1045.34 61.1829 1521.05 110.269 0.614344 0.385656 0
0.847 243.9 236.457 1043.83 61.3845 1520.35 110.322 0.614709 0.385291 0
0.846 243.293 236.05 1042.32 61.5865 1519.64 110.376 0.615076 0.384924 0
0.845 242.687 235.642 1040.81 61.7888 1518.94 110.429 0.615444 0.384556 0
0.844 242.081 235.235 1039.3 61.9914 1518.23 110.482 0.615812 0.384188 0
0.843 241.476 234.827 1037.8 62.1944 1517.52 110.536 0.616182 0.383818 0
0.842 240.871 234.419 1036.29 62.3977 1516.82 110.589 0.616552 0.383448 0
0.841 240.267 234.011 1034.78 62.6014 1516.11 110.642 0.616924 0.383076 0
0.84 239.663 233.603 1033.28 62.8055 1515.41 110.696 0.617297 0.382703 0
0.839 239.059 233.195 1031.77 63.0099 1514.7 110.749 0.61767 0.38233 0
0.838 238.456 232.787 1030.27 63.2146 1513.99 110.803 0.618045 0.381955 0
0.837 237.854 232.378 1028.77 63.4197 1513.29 110.856 0.618421 0.381579 0
0.836 237.252 231.97 1027.26 63.6251 1512.58 110.91 0.618798 0.381202 0
0.835 236.65 231.561 1025.76 63.8309 1511.87 110.963 0.619175 0.380825 0
0.834 236.049 231.152 1024.26 64.037 1511.16 111.017 0.619554 0.380446 0
0.833 235.449 230.743 1022.76 64.2435 1510.45 111.07 0.619934 0.380066 0
0.832 234.849 230.334 1021.26 64.4504 1509.75 111.124 0.620315 0.379685 0
0.831 234.249 229.925 1019.76 64.6576 1509.04 111.177 0.620697 0.379303 0
0.83 233.65 229.516 1018.26 64.8652 1508.33 111.231 0.621079 0.378921 0
0.829 233.052 229.106 1016.76 65.0731 1507.62 111.284 0.621463 0.378537 0
0.828 232.454 228.697 1015.27 65.2814 1506.91 111.338 0.621848 0.378152 0
0.827 231.856 228.287 1013.77 65.4901 1506.2 111.392 0.622235 0.377765 0
0.826 231.259 227.877 1012.28 65.6991 1505.49 111.445 0.622622 0.377378 0
0.825 230.663 227.467 1010.78 65.9085 1504.78 111.499 0.62301 0.37699 0
0.824 230.067 227.057 1009.29 66.1182 1504.07 111.553 0.623399 0.376601 0
0.823 229.471 226.647 1007.79 66.3283 1503.36 111.606 0.623789 0.376211 0
0.822 228.876 226.236 1006.3 66.5388 1502.65 111.66 0.624181 0.375819 0
0.821 228.282 225.826 1004.81 66.7497 1501.94 111.714 0.624573 0.375427 0
0.82 227.688 225.415 1003.32 66.9609 1501.23 111.767 0.624967 0.375033 0
0.819 227.094 225.004 1001.83 67.1725 1500.51 111.821 0.625361 0.374639 0
0.818 226.501 224.593 1000.34 67.3844 1499.8 111.875 0.625757 0.374243 0
0.817 225.909 224.182 998.848 67.5967 1499.09 111.929 0.626154 0.373846 0
0.816 225.317 223.771 997.36 67.8094 1498.38 111.982 0.626552 0.373448 0
0.815 224.725 223.36 995.872 68.0225 1497.67 112.036 0.626951 0.373049 0
0.814 224.134 222.948 994.385 68.236 1496.95 112.09 0.627351 0.372649 0
0.813 223.544 222.536 992.899 68.4498 1496.24 112.144 0.627752 0.372248 0
0.812 222.954 222.125 991.414 68.664 1495.53 112.198 0.628154 0.371846 0
0.811 222.364 221.713 989.929 68.8786 1494.81 112.252 0.628557 0.371443 0
0.81 221.775 221.301 988.445 69.0936 1494.1 112.305 0.628962 0.371038 0
0.809 221.187 220.889 986.962 69.3089 1493.39 112.359 0.629368 0.370632 0
0.808 220.599 220.476 985.479 69.5247 1492.67 112.413 0.629774 0.370226 0
0.807 220.012 220.064 983.997 69.7408 1491.96 112.467 0.630182 0.369818 0
0.806 219.425 219.651 982.516 69.9573 1491.24 112.521 0.630591 0.369409 0
0.805 218.838 219.239 981.036 70.1742 1490.53 112.575 0.631001 0.368999 0
0.804 218.252 218.826 979.556 70.3915 1489.81 112.629 0.631412 0.368588 0
0.803 217.667 218.413 978.077 70.6091 1489.1 112.683 0.631825 0.368175 0
0.802 217.082 218 976.599 70.8272 1488.38 112.737 0.632238 0.367762 0
0.801 216.498 217.586 975.121 71.0457 1487.66 112.79 0.632653 0.367347 0
0.8 215.914 217.173 973.644 71.2645 1486.95 112.844 0.633069 0.366931 0
0.799 215.33 216.759 972.168 71.4837 1486.23 112.898 0.633486 0.366514 0
0.798 214.747 216.346 970.693 71.7034 1485.51 112.952 0.633904 0.366096 0
0.797 214.165 215.932 969.218 71.9234 1484.8 113.006 0.634323 0.365677 0
0.796 213.583 215.518 967.744 72.1438 1484.08 113.06 0.634744 0.365256 0
0.795 213.002 215.104 966.271 72.3646 1483.36 113.114 0.635165 0.364835 0
0.794 212.421 214.69 964.799 72.5859 1482.64 113.168 0.635588 0.364412 0
0.793 211.841 214.275 963.327 72.8075 1481.93 113.222 0.636012 0.363988 0
0.792 211.261 213.861 961.856 73.0295 1481.21 113.276 0.636437 0.363563 0
0.791 210.682 213.446 960.386 73.2519 1480.49 113.33 0.636864 0.363136 0
0.79 210.103 213.031 958.916 73.4748 1479.77 113.384 0.637291 0.362709 0
0.789 209.525 212.616 957.447 73.698 1479.05 113.438 0.63772 0.36228 0
0.788 208.947 212.201 955.979 73.9217 1478.33 113.492 0.63815 0.36185 0
0.787 208.37 211.786 954.512 74.1457 1477.61 113.546 0.638581 0.361419 0
0.786 207.794 211.371 953.045 74.3702 1476.89 113.6 0.639013 0.360987 0
0.785 207.217 210.955 951.579 74.595 1476.17 113.654 0.639447 0.360553 0
0.784 206.642 210.54 950.114 74.8203 1475.45 113.708 0.639882 0.360118 0
0.783 206.067 210.124 948.649 75.046 1474.73 113.762 0.640317 0.359683 0
0.782 205.492 209.708 947.186 75.2722 1474.01 113.816 0.640755 0.359245 0
0.781 204.918 209.292 945.723 75.4987 1473.29 113.87 0.641193 0.358807 0
0.78 204.345 208.876 944.26 75.7256 1472.57 113.924 0.641633 0.358367 0
0.779 203.772 208.459 942.799 75.953 1471.85 113.978 0.642074 0.357926 0
0.778 203.199 208.043 941.338 76.1808 1471.13 114.032 0.642516 0.357484 0
0.777 202.627 207.626 939.878 76.409 1470.41 114.086 0.642959 0.357041 0
0.776 202.056 207.209 938.418 76.6376 1469.68 114.14 0.643404 0.356596 0
0.775 201.485 206.793 936.96 76.8667 1468.96 114.194 0.643849 0.356151 0
0.774 200.915 206.375 935.502 77.0962 1468.24 114.248 0.644297 0.355703 0
0.773 200.345 205.958 934.044 77.3261 1467.52 114.302 0.644745 0.355255 0
0.772 199.776 205.541 932.588 77.5564 1466.79 114.356 0.645195 0.354805 0
0.771 199.207 205.123 931.132 77.7872 1466.07 114.41 0.645645 0.354355 0
0.77 198.639 204.706 929.677 78.0184 1465.35 114.464 0.646098 0.353902 0
0.769 198.071 204.288 928.223 78.25 1464.62 114.518 0.646551 0.353449 0
0.768 197.504 203.87 926.769 78.482 1463.9 114.572 0.647006 0.352994 0
0.767 196.937 203.452 925.316 78.7145 1463.17 114.625 0.647462 0.352538 0
0.766 196.371 203.034 923.864 78.9475 1462.45 114.679 0.647919 0.352081 0
0.765 195.806 202.615 922.413 79.1808 1461.72 114.733 0.648377 0.351623 0
0.764 195.241 202.197 920.962 79.4146 1461 114.787 0.648837 0.351163 0
0.763 194.676 201.778 919.512 79.6489 1460.27 114.841 0.649298 0.350702 0
0.762 194.112 201.359 918.063 79.8836 1459.55 114.895 0.649761 0.350239 0
0.761 193.549 200.94 916.614 80.1187 1458.82 114.949 0.650225 0.349775 0
0.76 192.986 200.521 915.167 80.3543 1458.1 115.003 0.65069 0.34931 0
0.759 192.424 200.102 913.72 80.5903 1457.37 115.056 0.651156 0.348844 0
0.758 191.862 199.683 912.273 80.8267 1456.64 115.11 0.651624 0.348376 0
0.757 191.301 199.263 910.828 81.0637 1455.92 115.164 0.652093 0.347907 0
0.756 190.74 198.843 909.383 81.301 1455.19 115.218 0.652563 0.347437 0
0.755 190.18 198.424 907.939 81.5388 1454.46 115.272 0.653035 0.346965 0
0.754 189.62 198.004 906.495 81.7771 1453.73 115.325 0.653508 0.346492 0
0.753 189.061 197.583 905.053 82.0158 1453.01 115.379 0.653982 0.346018 0
0.752 188.503 197.163 903.611 82.255 1452.28 115.433 0.654458 0.345542 0
0.751 187.945 196.743 902.169 82.4946 1451.55 115.487 0.654935 0.345065 0
0.75 187.387 196.322 900.729 82.7347 1450.82 115.54 0.655414 0.344586 0
0.749 186.831 195.901 899.289 82.9752 1450.09 115.594 0.655893 0.344107 0
0.748 186.274 195.481 897.85 83.2163 1449.36 115.648 0.656375 0.343625 0
0.747 185.718 195.059 896.412 83.4577 1448.63 115.701 0.656857 0.343143 0
0.746 185.163 194.638 894.974 83.6997 1447.91 115.755 0.657341 0.342659 0
0.745 184.608 194.217 893.538 83.9421 1447.18 115.808 0.657826 0.342174 0
0.744 184.054 193.795 892.101 84.1849 1446.45 115.862 0.658313 0.341687 0
0.743 183.501 193.374 890.666 84.4283 1445.72 115.916 0.658801 0.341199 0
0.742 182.948 192.952 889.231 84.6721 1444.99 115.969 0.65929 0.34071 0
0.741 182.395 192.53 887.797 84.9163 1444.25 116.023 0.659781 0.340219 0
0.74 181.843 192.108 886.364 85.1611 1443.52 116.076 0.660273 0.339727 0
0.739 181.292 191.686 884.932 85.4063 1442.79 116.129 0.660767 0.339233 0
0.738 180.741 191.263 883.5 85.652 1442.06 116.183 0.661262 0.338738 0
0.737 180.191 190.841 882.069 85.8982 1441.33 116.236 0.661759 0.338241 0
0.736 179.641 190.418 880.639 86.1448 1440.6 116.29 0.662256 0.337744 0
0.735 179.092 189.995 879.209 86.392 1439.87 116.343 0.662756 0.337244 0
0.734 178.543 189.572 877.781 86.6396 1439.13 116.396 0.663256 0.336744 0
0.733 177.995 189.149 876.352 86.8877 1438.4 116.449 0.663759 0.336241 0
0.732 177.447 188.726 874.925 87.1363 1437.67 116.503 0.664262 0.335738 0
0.731 176.901 188.302 873.499 87.3853 1436.93 116.556 0.664767 0.335233 0
0.73 176.354 187.878 872.073 87.6349 1436.2 116.609 0.665274 0.334726 0
0.729 175.808 187.455 870.648 87.8849 1435.47 116.662 0.665782 0.334218 0
0.728 175.263 187.031 869.223 88.1355 1434.73 116.715 0.666291 0.333709 0
0.727 174.718 186.606 867.799 88.3865 1434 116.768 0.666802 0.333198 0
0.726 174.174 186.182 866.376 88.638 1433.27 116.821 0.667314 0.332686 0
0.725 173.631 185.758 864.954 88.89 1432.53 116.874 0.667828 0.332172 0
0.724 173.087 185.333 863.533 89.1425 1431.8 116.927 0.668343 0.331657 0
0.723 172.545 184.908 862.112 89.3955 1431.06 116.98 0.66886 0.33114 0
0.722 172.003 184.484 860.692 89.6491 1430.33 117.033 0.669378 0.330622 0
0.721 171.462 184.058 859.273 89.9031 1429.59 117.085 0.669897 0.330103 0
0.72 170.921 183.633 857.854 90.1576 1428.85 117.138 0.670419 0.329581 0
0.719 170.381 183.208 856.436 90.4126 1428.12 117.191 0.670941 0.329059 0
0.718 169.841 182.782 855.019 90.6681 1427.38 117.243 0.671465 0.328535 0
0.717 169.302 182.357 853.603 90.9241 1426.65 117.296 0.671991 0.328009 0
0.716 168.764 181.931 852.187 91.1807 1425.91 117.348 0.672518 0.327482 0
0.715 168.226 181.505 850.772 91.4377 1425.17 117.401 0.673047 0.326953 0
0.714 167.688 181.079 849.358 91.6953 1424.43 117.453 0.673577 0.326423 0
0.713 167.151 180.652 847.945 91.9534 1423.7 117.506 0.674109 0.325891 0
0.712 166.615 180.226 846.532 92.212 1422.96 117.558 0.674642 0.325358 0
0.711 166.08 179.799 845.12 92.4711 1422.22 117.61 0.675177 0.324823 0
0.71 165.544 179.372 843.709 92.7307 1421.48 117.662 0.675713 0.324287 0
0.709 165.01 178.945 842.298 92.9908 1420.74 117.714 0.676251 0.323749 0
0.708 164.476 178.518 840.888 93.2515 1420.01 117.767 0.67679 0.32321 0
0.707 163.943 178.091 839.479 93.5127 1419.27 117.819 0.677331 0.322669 0
0.706 163.41 177.663 838.071 93.7744 1418.53 117.87 0.677873 0.322127 0
0.705 162.878 177.236 836.663 94.0366 1417.79 117.922 0.678417 0.321583 0
0.704 162.346 176.808 835.256 94.2994 1417.05 117.974 0.678963 0.321037 0
0.703 161.815 176.38 833.85 94.5627 1416.31 118.026 0.67951 0.32049 0
0.702 161.284 175.952 832.445 94.8265 1415.57 118.077 0.680059 0.319941 0
0.701 160.754 175.523 831.04 95.0908 1414.83 118.129 0.680609 0.319391 0
0.7 160.225 175.095 829.636 95.3557 1414.09 118.18 0.681161 0.318839 0
0.699 159.696 174.666 828.233 95.6211 1413.35 118.232 0.681714 0.318286 0
0.698 159.168 174.237 826.831 95.8871 1412.61 118.283 0.682269 0.317731 0
0.697 158.641 173.808 825.429 96.1536 1411.86 118.334 0.682826 0.317174 0
0.696 158.114 173.379 824.028 96.4206 1411.12 118.386 0.683384 0.316616 0
0.695 157.587 172.95 822.627 96.6882 1410.38 118.437 0.683943 0.316057 0
0.694 157.061 172.52 821.228 96.9563 1409.64 118.488 0.684505 0.315495 0
0.693 156.536 172.091 819.829 97.225 1408.9 118.539 0.685068 0.314932 0
0.692 156.011 171.661 818.431 97.4942 1408.15 118.589 0.685632 0.314368 0
0.691 155.487 171.231 817.033 97.7639 1407.41 118.64 0.686198 0.313802 0
0.69 154.964 170.801 815.637 98.0342 1406.67 118.691 0.686766 0.313234 0
0.689 154.441 170.37 814.241 98.3051 1405.92 118.741 0.687335 0.312665 0
0.688 153.919 169.94 812.846 98.5765 1405.18 118.792 0.687906 0.312094 0
0.687 153.397 169.509 811.451 98.8484 1404.44 118.842 0.688479 0.311521 0
0.686 152.876 169.078 810.057 99.121 1403.69 118.892 0.689053 0.310947 0
0.685 152.355 168.647 808.664 99.394 1402.95 118.942 0.689629 0.310371 0
0.684 151.835 168.216 807.272 99.6676 1402.2 118.992 0.690206 0.309794 0
0.683 151.316 167.785 805.88 99.9418 1401.46 119.042 0.690785 0.309215 0
0.682 150.797 167.353 804.49 100.217 1400.71 119.092 0.691366 0.308634 0
0.681 150.279 166.922 803.099 100.492 1399.97 119.141 0.691948 0.308052 0
0.68 149.761 166.49 801.71 100.768 1399.22 119.191 0.692532 0.307468 0
0.679 149.244 166.058 800.321 101.044 1398.48 119.24 0.693118 0.306882 0
0.678 148.728 165.626 798.933 101.321 1397.73 119.289 0.693705 0.306295 0
0.677 148.212 165.193 797.546 101.599 1396.98 119.338 0.694294 0.305706 0
0.676 147.697 164.761 796.16 101.877 1396.24 119.387 0.694885 0.305115 0
0.675 147.182 164.328 794.774 102.155 1395.49 119.436 0.695477 0.304523 0
0.674 146.668 163.895 793.389 102.435 1394.74 119.485 0.696071 0.303929 0
0.673 146.154 163.462 792.004 102.715 1393.99 119.533 0.696666 0.303334 0
0.672 145.642 163.029 790.621 102.995 1393.25 119.582 0.697263 0.302737 0
0.671 145.129 162.595 789.238 103.276 1392.5 119.63 0.697862 0.302138 0
0.67 144.618 162.161 787.855 103.557 1391.75 119.678 0.698462 0.301538 0
0.669 144.106 161.728 786.474 103.839 1391 119.726 0.699065 0.300935 0
0.668 143.596 161.294 785.093 104.122 1390.25 119.773 0.699668 0.300332 0
0.667 143.086 160.86 783.713 104.405 1389.5 119.821 0.700274 0.299726 0
0.666 142.577 160.425 782.334 104.689 1388.75 119.868 0.700881 0.299119 0
0.665 142.068 159.991 780.955 104.974 1388 119.915 0.701489 0.298511 0
0.664 141.56 159.556 779.577 105.259 1387.25 119.962 0.702099 0.297901 0
0.663 141.053 159.121 778.2 105.544 1386.5 120.009 0.702711 0.297289 0
0.662 140.546 158.686 776.824 105.83 1385.75 120.055 0.703325 0.296675 0
0.661 140.039 158.251 775.448 106.117 1385 120.101 0.70394 0.29606 0
0.66 139.534 157.815 774.073 106.404 1384.25 120.147 0.704557 0.295443 0
0.659 139.029 157.38 772.698 106.692 1383.5 120.193 0.705175 0.294825 0
0.658 138.524 156.944 771.325 106.981 1382.75 120.239 0.705795 0.294205 0
0.657 138.02 156.508 769.952 107.27 1382 120.284 0.706417 0.293583 0
0.656 137.517 156.072 768.579 107.559 1381.24 120.329 0.70704 0.29296 0
0.655 137.014 155.636 767.208 107.849 1380.49 120.374 0.707664 0.292336 0
0.654 136.512 155.199 765.837 108.14 1379.74 120.418 0.708291 0.291709 0
0.653 136.011 154.762 764.467 108.431 1378.99 120.462 0.708918 0.291082 0
0.652 135.51 154.325 763.097 108.723 1378.23 120.506 0.709548 0.290452 0
0.651 135.01 153.888 761.728 109.016 1377.48 120.549 0.710179 0.289821 0
0.65 134.51 153.451 760.36 109.309 1376.72 120.593 0.710811 0.289189 0
0.649 134.011 153.014 758.993 109.602 1375.97 120.635 0.711445 0.288555 0
0.648 133.512 152.576 757.626 109.896 1375.21 120.678 0.71208 0.28792 0
0.647 133.014 152.138 756.26 110.191 1374.46 120.72 0.712717 0.287283 0
0.646 132.517 151.7 754.895 110.486 1373.7 120.761 0.713355 0.286645 0
0.645 132.02 151.262 753.53 110.782 1372.95 120.802 0.713994 0.286006 0
0.644 131.524 150.824 752.166 111.078 1372.19 120.843 0.714635 0.285365 0
0.643 131.029 150.385 750.802 111.375 1371.43 120.883 0.715277 0.284723 0
0.642 130.534 149.946 749.439 111.672 1370.67 120.922 0.71592 0.28408 0
0.641 130.04 149.508 748.077 111.97 1369.92 120.961 0.716564 0.283436 0
0.64 129.546 149.068 746.716 112.268 1369.16 120.999 0.717209 0.282791 0
0.639 129.053 148.629 745.355 112.567 1368.4 121.037 0.717855 0.282145 0
0.638 128.56 148.19 743.994 112.865 1367.64 121.073 0.718502 0.281498 0
0.637 128.068 147.75 742.634 113.165 1366.88 121.109 0.719148 0.280852 0
0.636 127.576 147.31 741.275 113.464 1366.12 121.143 0.719795 0.280205 0
0.635 127.085 146.87 739.916 113.764 1365.36 121.175 0.72044 0.27956 0
0.634 126.594 146.43 738.557 114.063 1364.59 121.204 0.721081 0.278919 0
0.633 126.104 145.989 737.199 114.362 1363.83 121.232 0.721724 0.278276 0
0.632 125.615 145.549 735.841 114.662 1363.06 121.26 0.722369 0.277631 0
0.631 125.126 145.108 734.484 114.963 1362.3 121.288 0.723016 0.276984 0
0.63 124.637 144.667 733.128 115.265 1361.53 121.316 0.723665 0.276335 0
0.629 124.15 144.226 731.773 115.568 1360.77 121.344 0.724316 0.275684 0
0.628 123.663 143.785 730.418 115.871 1360 121.372 0.72497 0.27503 0
0.627 123.177 143.343 729.065 116.175 1359.24 121.399 0.725626 0.274374 0
0.626 122.691 142.901 727.712 116.48 1358.47 121.427 0.726284 0.273716 0
0.625 122.206 142.46 726.359 116.785 1357.7 121.454 0.726944 0.273056 0
0.624 121.721 142.017 725.008 117.092 1356.94 121.482 0.727607 0.272393 0
0.623 121.238 141.575 723.657 117.399 1356.17 121.509 0.728272 0.271728 0
0.622 120.755 141.133 722.307 117.707 1355.4 121.536 0.728939 0.271061 0
0.621 120.272 140.69 720.957 118.016 1354.64 121.564 0.729609 0.270391 0
0.62 119.79 140.247 719.609 118.325 1353.87 121.591 0.730281 0.269719 0
0.619 119.309 139.804 718.261 118.636 1353.1 121.618 0.730955 0.269045 0
0.618 118.829 139.361 716.914 118.947 1352.33 121.644 0.731632 0.268368 0
0.617 118.349 138.917 715.568 119.259 1351.57 121.671 0.732311 0.267689 0
0.616 117.87 138.474 714.222 119.572 1350.8 121.698 0.732992 0.267008 0
0.615 117.391 138.03 712.877 119.885 1350.03 121.724 0.733676 0.266324 0
0.614 116.913 137.586 711.533 120.2 1349.26 121.75 0.734362 0.265638 0
0.613 116.436 137.142 710.19 120.515 1348.49 121.777 0.735051 0.264949 0
0.612 115.959 136.698 708.847 120.831 1347.72 121.803 0.735742 0.264258 0
0.611 115.483 136.253 707.505 121.148 1346.95 121.829 0.736436 0.263564 0
0.61 115.008 135.808 706.164 121.466 1346.18 121.854 0.737132 0.262868 0
0.609 114.533 135.363 704.824 121.785 1345.41 121.88 0.73783 0.26217 0
0.608 114.059 134.918 703.484 122.105 1344.64 121.906 0.738531 0.261469 0
0.607 113.586 134.473 702.145 122.425 1343.87 121.931 0.739234 0.260766 0
0.606 113.113 134.027 700.807 122.746 1343.1 121.956 0.73994 0.26006 0
0.605 112.641 133.581 699.469 123.068 1342.33 121.981 0.740648 0.259352 0
0.604 112.17 133.135 698.133 123.391 1341.56 122.006 0.741359 0.258641 0
0.603 111.699 132.689 696.797 123.715 1340.79 122.031 0.742073 0.257927 0
0.602 111.229 132.243 695.462 124.04 1340.02 122.055 0.742789 0.257211 0
0.601 110.76 131.796 694.127 124.366 1339.25 122.08 0.743507 0.256493 0
0.6 110.291 131.349 692.793 124.692 1338.47 122.104 0.744229 0.255771 0
0.599 109.823 130.902 691.46 125.02 1337.7 122.128 0.744952 0.255048 0
0.598 109.356 130.455 690.128 125.348 1336.93 122.152 0.745679 0.254321 0
0.597 108.889 130.008 688.796 125.678 1336.16 122.175 0.746408 0.253592 0
0.596 108.423 129.56 687.466 126.008 1335.38 122.199 0.74714 0.25286 0
0.595 107.957 129.113 686.135 126.339 1334.61 122.222 0.747874 0.252126 0
0.594 107.492 128.665 684.806 126.671 1333.84 122.245 0.748611 0.251389 0
0.593 107.028 128.216 683.477 127.004 1333.06 122.267 0.749351 0.250649 0
0.592 106.564 127.768 682.149 127.338 1332.29 122.29 0.750093 0.249907 0
0.591 106.102 127.319 680.822 127.673 1331.51 122.312 0.750838 0.249162 0
0.59 105.639 126.87 679.496 128.009 1330.74 122.334 0.751586 0.248414 0
0.589 105.178 126.421 678.17 128.346 1329.96 122.356 0.752337 0.247663 0
0.588 104.717 125.972 676.845 128.684 1329.19 122.377 0.753091 0.246909 0
0.587 104.257 125.523 675.521 129.023 1328.41 122.398 0.753847 0.246153 0
0.586 103.797 125.073 674.197 129.363 1327.63 122.419 0.754606 0.245394 0
0.585 103.338 124.623 672.874 129.703 1326.86 122.44 0.755368 0.244632 0
0.584 102.88 124.173 671.552 130.045 1326.08 122.46 0.756133 0.243867 0
0.583 102.422 123.723 670.23 130.388 1325.3 122.48 0.756901 0.243099 0
0.582 101.965 123.272 668.91 130.732 1324.53 122.499 0.757672 0.242328 0
0.581 101.508 122.822 667.59 131.077 1323.75 122.519 0.758445 0.241555 0
0.58 101.053 122.371 666.27 131.423 1322.97 122.537 0.759222 0.240778 0
0.579 100.598 121.92 664.951 131.77 1322.19 122.556 0.760001 0.239999 0
0.578 100.143 121.468 663.633 132.118 1321.41 122.574 0.760784 0.239216 0
0.577 99.6892 121.017 662.316 132.467 1320.63 122.591 0.76157 0.23843 0
0.576 99.2359 120.565 661 132.818 1319.85 122.608 0.762359 0.237641 0
0.575 98.7833 120.113 659.684 133.169 1319.07 122.625 0.76315 0.23685 0
0.574 98.3314 119.661 658.368 133.522 1318.29 122.641 0.763945 0.236055 0
0.573 97.88 119.208 657.054 133.875 1317.51 122.657 0.764744 0.235256 0
0.572 97.4292 118.756 655.74 134.23 1316.73 122.672 0.765545 0.234455 0
0.571 96.9791 118.303 654.427 134.586 1315.95 122.686 0.76635 0.23365 0
0.57 96.5296 117.85 653.114 134.944 1315.16 122.7 0.767158 0.232842 0
0.569 96.0806 117.396 651.802 135.302 1314.38 122.713 0.767969 0.232031 0
0.568 95.6323 116.943 650.491 135.662 1313.6 122.726 0.768784 0.231216 0
0.567 95.1845 116.489 649.18 136.023 1312.81 122.737 0.769602 0.230398 0
0.566 94.7373 116.035 647.87 136.385 1312.03 122.748 0.770424 0.229576 0
0.565 94.2907 115.581 646.56 136.749 1311.24 122.758 0.771249 0.228751 0
0.564 93.8446 115.127 645.251 137.114 1310.45 122.767 0.772078 0.227922 0
0.563 93.399 114.672 643.943 137.48 1309.67 122.775 0.772911 0.227089 0
0.562 92.9539 114.217 642.635 137.848 1308.88 122.782 0.773748 0.226252 0
0.561 92.5094 113.762 641.328 138.217 1308.09 122.787 0.774589 0.225411 0
0.56 92.0652 113.307 640.021 138.588 1307.3 122.791 0.775434 0.224566 0
0.559 91.6215 112.852 638.714 138.961 1306.5 122.793 0.776283 0.223717 0
0.558 91.1782 112.396 637.408 139.335 1305.71 122.793 0.777137 0.222863 0
0.557 90.7352 111.94 636.103 139.712 1304.92 122.791 0.777996 0.222004 0
0.556 90.2924 111.484 634.797 140.091 1304.12 122.787 0.77886 0.22114 0
0.555 89.8496 111.028 633.492 140.472 1303.32 122.778 0.779731 0.220269 0
0.554 89.4067 110.571 632.186 140.856 1302.51 122.765 0.780608 0.219392 0
0.553 88.9632 110.115 630.88 141.244 1301.7 122.745 0.781496 0.218504 0
0.552 88.5168 109.658 629.57 141.642 1300.88 122.706 0.782403 0.217597 0
0.551 88.0675 109.201 628.257 142.049 1300.04 122.648 0.783331 0.216669 0
0.55 87.6189 108.744 626.945 142.457 1299.21 122.589 0.784262 0.215738 0
0.549 87.171 108.286 625.634 142.866 1298.37 122.531 0.785196 0.214804 0
0.548 86.7237 107.829 624.324 143.276 1297.53 122.472 0.786132 0.213868 0
0.547 86.2772 107.371 623.014 143.687 1296.69 122.413 0.787072 0.212928 0
0.546 85.8314 106.914 621.705 144.1 1295.85 122.354 0.788014 0.211986 0
0.545 85.3863 106.456 620.397 144.513 1295.02 122.295 0.788959 0.211041 0
0.544 84.9419 105.998 619.09 144.928 1294.18 122.236 0.789907 0.210093 0
0.543 84.4982 105.54 617.784 145.344 1293.34 122.177 0.790858 0.209142 0
0.542 84.0552 105.081 616.479 145.761 1292.5 122.117 0.791812 0.208188 0
0.541 83.613 104.623 615.174 146.179 1291.66 122.057 0.792769 0.207231 0
0.54 83.1714 104.164 613.87 146.598 1290.82 121.998 0.793728 0.206272 0
0.539 82.7305 103.706 612.567 147.019 1289.98 121.938 0.794691 0.205309 0
0.538 82.2903 103.247 611.265 147.44 1289.14 121.878 0.795657 0.204343 0
0.537 81.8509 102.788 609.963 147.863 1288.29 121.818 0.796625 0.203375 0
0.536 81.4121 102.329 608.663 148.287 1287.45 121.757 0.797596 0.202404 0
0.535 80.9741 101.87 607.363 148.712 1286.61 121.697 0.798571 0.201429 0
0.534 80.5367 101.41 606.064 149.139 1285.77 121.636 0.799548 0.200452 0
0.533 80.1001 100.951 604.766 149.566 1284.93 121.576 0.800528 0.199472 0
0.532 79.6642 100.491 603.469 149.995 1284.08 121.515 0.801512 0.198488 0
0.531 79.229 100.031 602.172 150.425 1283.24 121.454 0.802498 0.197502 0
0.53 78.7945 99.5711 600.877 150.856 1282.4 121.393 0.803487 0.196513 0
0.529 78.3607 99.111 599.582 151.289 1281.56 121.331 0.80448 0.19552 0
0.528 77.9277 98.6508 598.288 151.722 1280.71 121.27 0.805475 0.194525 0
0.527 77.4953 98.1903 596.995 152.157 1279.87 121.208 0.806473 0.193527 0
0.526 77.0637 97.7298 595.702 152.593 1279.02 121.146 0.807475 0.192525 0
0.525 76.6328 97.2691 594.411 153.031 1278.18 121.085 0.808479 0.191521 0
0.524 76.2026 96.8082 593.12 153.469 1277.33 121.022 0.809486 0.190514 0
0.523 75.7731 96.3472 591.83 153.909 1276.49 120.96 0.810497 0.189503 0
0.522 75.3444 95.8861 590.541 154.35 1275.64 120.898 0.811511 0.188489 0
0.521 74.9163 95.4248 589.253 154.793 1274.8 120.835 0.812527 0.187473 0
0.52 74.489 94.9633 587.965 155.236 1273.95 120.773 0.813547 0.186453 0
0.519 74.0624 94.5018 586.679 155.681 1273.1 120.71 0.81457 0.18543 0
0.518 73.6365 94.04 585.393 156.128 1272.26 120.647 0.815595 0.184405 0
0.517 73.2113 93.5781 584.108 156.575 1271.41 120.583 0.816624 0.183376 0
0.516 72.7869 93.1161 582.824 157.024 1270.56 120.52 0.817657 0.182343 0
0.515 72.3632 92.6539 581.54 157.474 1269.72 120.457 0.818692 0.181308 0
0.514 71.9402 92.1916 580.258 157.926 1268.87 120.393 0.81973 0.18027 0
0.513 71.5179 91.7291 578.976 158.379 1268.02 120.329 0.820771 0.179229 0
0.512 71.0963 91.2665 577.695 158.833 1267.17 120.265 0.821816 0.178184 0
0.511 70.6755 90.8037 576.415 159.288 1266.32 120.201 0.822864 0.177136 0
0.51 70.2554 90.3408 575.136 159.745 1265.47 120.136 0.823914 0.176086 0
0.509 69.836 89.8777 573.858 160.203 1264.62 120.072 0.824968 0.175032 0
0.508 69.4174 89.4145 572.58 160.662 1263.77 120.007 0.826026 0.173974 0
0.507 68.9995 88.9511 571.303 161.123 1262.92 119.942 0.827086 0.172914 0
0.506 68.5823 88.4875 570.027 161.585 1262.07 119.877 0.828149 0.171851 0
0.505 68.1658 88.0239 568.752 162.049 1261.22 119.812 0.829216 0.170784 0
0.504 67.7501 87.56 567.478 162.514 1260.37 119.746 0.830286 0.169714 0
0.503 67.335 87.096 566.204 162.98 1259.52 119.681 0.831359 0.168641 0
0.502 66.9208 86.6319 564.932 163.448 1258.67 119.615 0.832435 0.167565 0
0.501 66.5072 86.1676 563.66 163.917 1257.82 119.549 0.833514 0.166486 0
0.5 66.0944 85.7031 562.389 164.388 1256.97 119.483 0.834597 0.165403 0
0.499 65.6823 85.2385 561.118 164.859 1256.11 119.416 0.835683 0.164317 0
0.498 65.2709 84.7738 559.849 165.333 1255.26 119.35 0.836772 0.163228 0
0.497 64.8603 84.3089 558.58 165.808 1254.41 119.283 0.837864 0.162136 0
0.496 64.4504 83.8438 557.313 166.284 1253.55 119.216 0.838959 0.161041 0
0.495 64.0412 83.3786 556.046 166.761 1252.7 119.149 0.840058 0.159942 0
0.494 63.6327 82.9132 554.78 167.241 1251.85 119.082 0.84116 0.15884 0
0.493 63.225 82.4477 553.514 167.721 1250.99 119.014 0.842265 0.157735 0
0.492 62.818 81.982 552.25 168.203 1250.14 118.946 0.843373 0.156627 0
0.491 62.4118 81.5162 550.986 168.687 1249.28 118.878 0.844485 0.155515 0
0.49 62.0063 81.0502 549.723 169.171 1248.43 118.81 0.8456 0.1544 0
0.489 61.6015 80.584 548.461 169.658 1247.57 118.742 0.846718 0.153282 0
0.488 61.1975 80.1177 547.2 170.146 1246.72 118.673 0.847839 0.152161 0
0.487 60.7941 79.6512 545.94 170.635 1245.86 118.604 0.848963 0.151037 0
0.486 60.3916 79.1846 544.68 171.126 1245 118.535 0.850091 0.149909 0
0.485 59.9897 78.7178 543.421 171.619 1244.15 118.466 0.851222 0.148778 0
0.484 59.5886 78.2509 542.163 172.113 1243.29 118.397 0.852357 0.147643 0
0.483 59.1882 77.7838 540.906 172.608 1242.43 118.327 0.853494 0.146506 0
0.482 58.7885 77.3165 539.65 173.105 1241.57 118.257 0.854635 0.145365 0
0.481 58.3896 76.8491 538.395 173.604 1240.72 118.187 0.855779 0.144221 0
0.48 57.9914 76.3815 537.14 174.104 1239.86 118.116 0.856926 0.143074 0
0.479 57.594 75.9138 535.886 174.605 1239 118.046 0.858077 0.141923 0
0.478 57.1973 75.4459 534.633 175.109 1238.14 117.975 0.859231 0.140769 0
0.477 56.8013 74.9778 533.381 175.614 1237.28 117.904 0.860388 0.139612 0
0.476 56.406 74.5096 532.13 176.12 1236.42 117.833 0.861548 0.138452 0
0.475 56.0115 74.0412 530.879 176.628 1235.56 117.761 0.862712 0.137288 0
0.474 55.6177 73.5727 529.629 177.138 1234.7 117.689 0.863879 0.136121 0
0.473 55.2247 73.104 528.381 177.649 1233.84 117.617 0.865049 0.134951 0
0.472 54.8324 72.6351 527.132 178.162 1232.98 117.545 0.866222 0.133778 0
0.471 54.4408 72.1661 525.885 178.676 1232.11 117.473 0.867399 0.132601 0
0.47 54.0499 71.6969 524.639 179.192 1231.25 117.4 0.868579 0.131421 0
0.469 53.6598 71.2276 523.393 179.71 1230.39 117.327 0.869762 0.130238 0
0.468 53.2704 70.758 522.148 180.229 1229.53 117.254 0.870948 0.129052 0
0.467 52.8818 70.2884 520.904 180.75 1228.66 117.18 0.872137 0.127863 0
0.466 52.4938 69.8185 519.661 181.273 1227.8 117.106 0.87333 0.12667 0
0.465 52.1066 69.3485 518.419 181.797 1226.94 117.032 0.874526 0.125474 0
0.464 51.7201 68.8784 517.177 182.324 1226.07 116.958 0.875725 0.124275 0
0.463 51.3344 68.408 515.937 182.851 1225.21 116.883 0.876928 0.123072 0
0.462 50.9494 67.9376 514.697 183.381 1224.34 116.808 0.878133 0.121867 0
0.461 50.5651 67.4669 513.458 183.912 1223.48 116.733 0.879342 0.120658 0
0.46 50.1815 66.9961 512.22 184.445 1222.61 116.658 0.880554 0.119446 0
0.459 49.7987 66.5251 510.982 184.98 1221.74 116.582 0.881769 0.118231 0
0.458 49.4166 66.0539 509.746 185.516 1220.88 116.506 0.882987 0.117013 0
0.457 49.0352 65.5826 508.51 186.054 1220.01 116.43 0.884209 0.115791 0
0.456 48.6545 65.1112 507.275 186.594 1219.14 116.353 0.885433 0.114567 0
0.455 48.2746 64.6395 506.041 187.136 1218.28 116.277 0.886661 0.113339 0
0.454 47.8954 64.1677 504.807 187.679 1217.41 116.199 0.887892 0.112108 0
0.453 47.5168 63.6957 503.575 188.224 1216.54 116.122 0.889126 0.110874 0
0.452 47.1391 63.2236 502.343 188.771 1215.67 116.044 0.890363 0.109637 0
0.451 46.762 62.7513 501.112 189.32 1214.8 115.966 0.891603 0.108397 0
0.45 46.3856 62.2788 499.882 189.871 1213.93 115.888 0.892846 0.107154 0
0.449 46.01 61.8062 498.653 190.423 1213.06 115.809 0.894092 0.105908 0
0.448 45.6351 61.3334 497.425 190.978 1212.19 115.73 0.895341 0.104659 0
0.447 45.2608 60.8604 496.197 191.534 1211.32 115.651 0.896593 0.103407 0
0.446 44.8873 60.3873 494.97 192.092 1210.44 115.571 0.897848 0.102152 0
0.445 44.5145 59.914 493.744 192.652 1209.57 115.491 0.899106 0.100894 0
0.444 44.1424 59.4405 492.519 193.214 1208.7 115.411 0.900367 0.099633 0
0.443 43.7711 58.9669 491.295 193.777 1207.82 115.33 0.901631 0.0983692 0
0.442 43.4004 58.4931 490.071 194.343 1206.95 115.249 0.902897 0.0971025 0
0.441 43.0304 58.0191 488.849 194.91 1206.07 115.168 0.904167 0.095833 0
0.44 42.6611 57.545 487.627 195.48 1205.2 115.086 0.905439 0.0945606 0
0.439 42.2925 57.0707 486.406 196.051 1204.32 115.004 0.906715 0.0932855 0
0.438 41.9246 56.5962 485.185 196.624 1203.45 114.921 0.907992 0.0920076 0
0.437 41.5573 56.1216 483.966 197.199 1202.57 114.839 0.909273 0.090727 0
0.436 41.1908 55.6468 482.747 197.777 1201.69 114.755 0.910556 0.0894437 0
0.435 40.825 55.1718 481.53 198.356 1200.82 114.672 0.911842 0.0881578 0
0.434 40.4598 54.6967 480.313 198.937 1199.94 114.588 0.913131 0.0868692 0
0.433 40.0953 54.2214 479.096 199.52 1199.06 114.504 0.914422 0.0855781 0
0.432 39.7315 53.7459 477.881 200.105 1198.18 114.419 0.915716 0.0842845 0
0.431 39.3683 53.2703 476.667 200.692 1197.3 114.334 0.917012 0.0829884 0
0.43 39.0058 52.7945 475.453 201.282 1196.42 114.248 0.91831 0.0816898 0
0.429 38.644 52.3186 474.24 201.873 1195.53 114.162 0.919611 0.0803889 0
0.428 38.2829 51.8425 473.028 202.466 1194.65 114.076 0.920914 0.0790856 0
0.427 37.9223 51.3662 471.817 203.061 1193.77 113.989 0.92222 0.0777801 0
0.426 37.5625 50.8898 470.606 203.659 1192.88 113.902 0.923528 0.0764723 0
0.425 37.2033 50.4132 469.396 204.258 1192 113.814 0.924838 0.0751624 0
0.424 36.8447 49.9364 468.188 204.86 1191.11 113.726 0.92615 0.0738504 0
0.423 36.4868 49.4595 466.979 205.464 1190.23 113.638 0.927464 0.0725363 0
0.422 36.1294 48.9825 465.772 206.069 1189.34 113.549 0.92878 0.0712203 0
0.421 35.7728 48.5052 464.566 206.677 1188.45 113.459 0.930098 0.0699024 0
0.42 35.4167 48.0278 463.36 207.288 1187.56 113.369 0.931417 0.0685827 0
0.419 35.0612 47.5503 462.155 207.9 1186.67 113.279 0.932739 0.0672613 0
0.418 34.7064 47.0726 460.951 208.514 1185.78 113.188 0.934062 0.0659382 0
0.417 34.3521 46.5947 459.748 209.131 1184.89 113.097 0.935386 0.0646135 0
0.416 33.9984 46.1167 458.546 209.75 1184 113.005 0.936713 0.0632874 0
0.415 33.6454 45.6386 457.344 210.371 1183.11 112.912 0.93804 0.0619599 0
0.414 33.2928 45.1603 456.144 210.994 1182.21 112.819 0.939369 0.0606311 0
0.413 32.9409 44.6818 454.944 211.62 1181.32 112.726 0.940699 0.0593012 0
0.412 32.5895 44.2032 453.744 212.247 1180.42 112.632 0.94203 0.0579702 0
0.411 32.2387 43.7244 452.546 212.877 1179.52 112.537 0.943362 0.0566383 0
0.41 31.8884 43.2455 451.349 213.51 1178.63 112.442 0.944694 0.0553056 0
0.409 31.5386 42.7665 450.152 214.144 1177.73 112.346 0.946028 0.0539722 0
0.408 31.1893 42.2873 448.956 214.781 1176.83 112.25 0.947362 0.0526383 0
0.407 30.8406 41.8079 447.761 215.42 1175.92 112.153 0.948696 0.051304 0
0.406 30.4923 41.3285 446.566 216.062 1175.02 112.056 0.95003 0.0499695 0
0.405 30.1445 40.8489 445.373 216.706 1174.12 111.957 0.951365 0.048635 0
0.404 29.7972 40.3691 444.18 217.352 1173.21 111.859 0.952699 0.0473005 0
0.403 29.4503 39.8892 442.988 218.001 1172.3 111.759 0.954034 0.0459664 0
0.402 29.1039 39.4092 441.797 218.652 1171.39 111.659 0.955367 0.0446327 0
0.401 28.7578 38.9291 440.607 219.305 1170.48 111.558 0.9567 0.0432997 0
0.4 28.4122 38.4489 439.417 219.961 1169.57 111.456 0.958032 0.0419677 0
0.399 28.067 37.9685 438.228 220.619 1168.66 111.354 0.959363 0.0406368 0
0.398 27.7221 37.488 437.04 221.28 1167.74 111.251 0.960693 0.0393074 0
0.397 27.3775 37.0074 435.853 221.943 1166.83 111.147 0.96202 0.0379796 0
0.396 27.0333 36.5267 434.667 222.609 1165.91 111.043 0.963346 0.0366537 0
0.395 26.6894 36.0459 433.481 223.277 1164.99 110.937 0.96467 0.0353301 0
0.394 26.3457 35.565 432.296 223.947 1164.07 110.831 0.965991 0.0340091 0
0.393 26.0023 35.084 431.112 224.62 1163.14 110.724 0.967309 0.032691 0
0.392 25.659 34.6029 429.929 225.296 1162.21 110.616 0.968624 0.0313762 0
0.391 25.316 34.1217 428.746 225.974 1161.28 110.507 0.969935 0.0300651 0
0.39 24.9731 33.6404 427.564 226.655 1160.35 110.397 0.971242 0.0287581 0
0.389 24.6303 33.159 426.383 227.338 1159.42 110.286 0.972544 0.0274557 0
0.388 24.2875 32.6776 425.203 228.024 1158.48 110.174 0.973842 0.0261584 0
0.387 23.9448 32.1961 424.024 228.713 1157.54 110.061 0.975133 0.0248667 0
0.386 23.602 31.7146 422.845 229.404 1156.6 109.947 0.976419 0.0235812 0
0.385 23.2591 31.233 421.667 230.097 1155.65 109.831 0.977697 0.0223025 0
0.384 22.9161 30.7514 420.49 230.794 1154.7 109.715 0.978969 0.0210315 0
0.383 22.5729 30.2697 419.313 231.493 1153.75 109.597 0.980231 0.0197687 0
0.382 22.2294 29.7881 418.137 232.194 1152.79 109.478 0.981485 0.0185152 0
0.381 21.8855 29.3064 416.962 232.899 1151.83 109.358 0.982728 0.0172717 0
0.38 21.5412 28.8247 415.788 233.606 1150.87 109.236 0.983961 0.0160395 0
0.379 21.1963 28.343 414.614 234.315 1149.9 109.112 0.98518 0.0148196 0
0.378 20.8507 27.8613 413.441 235.028 1148.92 108.987 0.986387 0.0136134 0
0.377 20.5043 27.3797 412.269 235.743 1147.94 108.86 0.987578 0.0124223 0
0.376 20.157 26.8982 411.098 236.46 1146.95 108.732 0.988752 0.0112482 0
0.375 19.8086 26.4167 409.927 237.181 1145.96 108.601 0.989907 0.0100929 0
0.374 19.4588 25.9353 408.756 237.904 1144.96 108.468 0.991041 0.00895874 0
0.373 19.1074 25.454 407.586 238.629 1143.95 108.333 0.992152 0.00784847 0
0.372 18.7542 24.9728 406.417 239.358 1142.93 108.195 0.993235 0.00676532 0
0.371 18.3987 24.4918 405.249 240.089 1141.91 108.055 0.994287 0.00571327 0
0.37 18.0406 24.011 404.08 240.822 1140.87 107.911 0.995303 0.00469728 0
0.369 17.6792 23.5305 402.913 241.558 1139.82 107.764 0.996276 0.00372373 0
0.368 17.3137 23.0501 401.745 242.296 1138.75 107.612 0.997199 0.00280115 0
0.367 16.943 22.5702 400.578 243.036 1137.66 107.455 0.998058 0.00194163 0
0.366 16.5653 22.0906 399.411 243.778 1136.55 107.292 0.998836 0.00116372 0
0.365 16.1776 21.6114 398.243 244.521 1135.4 107.12 0.999499 0.000500506 0
0.364 15.7714 21.1329 397.074 245.263 1134.19 106.934 0.999963 3.70259e-05 0
0.363 15.3248 20.6552 395.9 245.999 1132.85 106.717 1 0 0
0.362 14.8765 20.1786 394.727 246.739 1131.5 106.497 1 0 0
0.361 14.4301 19.7031 393.556 247.483 1130.16 106.276 1 0 0
0.36 13.9857 19.2287 392.386 248.233 1128.81 106.055 1 0 0
0.359 13.5432 18.7555 391.218 248.988 1127.47 105.834 1 0 0
0.358 13.1027 18.2833 390.05 249.747 1126.13 105.612 1 0 0
0.357 12.6641 17.8122 388.884 250.512 1124.79 105.389 1 0 0
0.356 12.2276 17.3423 387.72 251.283 1123.45 105.166 1 0 0
0.355 11.7931 16.8734 386.556 252.058 1122.11 104.943 1 0 0
0.354 11.3605 16.4057 385.395 252.839 1120.78 104.719 1 0 0
0.353 10.93 15.9391 384.234 253.625 1119.44 104.495 1 0 0
0.352 10.5016 15.4737 383.075 254.416 1118.11 104.27 1 0 0
0.351 10.0751 15.0093 381.917 255.213 1116.79 104.045 1 0 0
0.35 9.65077 14.5462 380.76 256.015 1115.46 103.819 1 0 0
0.349 9.22847 14.0841 379.605 256.822 1114.14 103.593 1 0 0
0.348 8.80825 13.6232 378.451 257.636 1112.81 103.367 1 0 0
0.347 8.39011 13.1635 377.298 258.454 1111.49 103.14 1 0 0
0.346 7.97407 12.7049 376.147 259.279 1110.18 102.912 1 0 0
0.345 7.56015 12.2475 374.997 260.109 1108.86 102.684 1 0 0
0.344 7.14834 11.7912 373.849 260.944 1107.55 102.456 1 0 0
0.343 6.73866 11.3361 372.701 261.786 1106.24 102.227 1 0 0
0.342 6.33112 10.8821 371.555 262.633 1104.93 101.997 1 0 0
0.341 5.92574 10.4294 370.411 263.486 1103.63 101.768 1 0 0
0.34 5.52252 9.97776 369.267 264.345 1102.32 101.537 1 0 0
0.339 5.12147 9.52733 368.125 265.21 1101.02 101.306 1 0 0
0.338 4.72261 9.07808 366.984 266.081 1099.73 101.075 1 0 0
0.337 4.32594 8.63001 365.845 266.957 1098.43 100.843 1 0 0
0.336 3.93148 8.18313 364.707 267.84 1097.14 100.611 1 0 0
0.335 3.53923 7.73742 363.57 268.729 1095.85 100.379 1 0 0
0.334 3.14921 7.29291 362.435 269.625 1094.56 100.145 1 0 0
0.333 2.76143 6.84959 361.3 270.526 1093.28 99.9118 1 0 0
0.332 2.37589 6.40745 360.167 271.433 1092 99.6777 1 0 0
0.331 1.99261 5.96651 359.036 272.347 1090.72 99.4431 1 0 0
0.33 1.6116 5.52677 357.905 273.267 1089.45 99.208 1 0 0
0.329 1.23287 5.08822 356.776 274.194 1088.17 98.9725 1 0 0
0.328 0.856421 4.65087 355.649 275.127 1086.91 98.7365 1 0 0
0.327 0.482274 4.21472 354.522 276.066 1085.64 98.5 1 0 0
0.326 0.110434 3.77976 353.397 277.012 1084.38 98.263 1 0 0
0.325 -0.259088 3.34601 352.273 277.965 1083.12 98.0256 1 0 0
0.324 -0.626282 2.91347 351.15 278.924 1081.86 97.7877 1 0 0
0.323 -0.991138 2.48212 350.029 279.89 1080.61 97.5493 1 0 0
0.322 -1.35365 2.05198 348.909 280.862 1079.36 97.3105 1 0 0
0.321 -1.7138 1.62305 347.79 281.841 1078.12 97.0712 1 0 0
0.32 -2.07159 1.19531 346.672 282.827 1076.88 96.8314 1 0 0
0.319 -2.427 0.768784 345.556 283.82 1075.64 96.5912 1 0 0
0.318 -2.78003 0.34346 344.441 284.819 1074.41 96.3504 1 0 0
0.317 -3.13067 -0.0806599 343.327 285.826 1073.17 96.1093 1 0 0
0.316 -3.4789 -0.503577 342.214 286.839 1071.95 95.8676 1 0 0
0.315 -3.82472 -0.92529 341.103 287.859 1070.73 95.6255 1 0 0
0.314 -4.16812 -1.3458 339.993 288.887 1069.51 95.3829 1 0 0
0.313 -4.5091 -1.76511 338.884 289.921 1068.29 95.1399 1 0 0
0.312 -4.84763 -2.18322 337.777 290.963 1067.08 94.8964 1 0 0
0.311 -5.18373 -2.60013 336.67 292.011 1065.87 94.6524 1 0 0
0.31 -5.51737 -3.01585 335.565 293.067 1064.67 94.408 1 0 0
0.309 -5.84855 -3.43037 334.461 294.131 1063.47 94.1631 1 0 0
0.308 -6.17726 -3.84369 333.359 295.201 1062.28 93.9177 1 0 0
0.307 -6.5035 -4.25583 332.257 296.279 1061.09 93.6719 1 0 0
0.306 -6.82725 -4.66678 331.157 297.364 1059.9 93.4257 1 0 0
0.305 -7.14852 -5.07654 330.058 298.456 1058.72 93.179 1 0 0
0.304 -7.46728 -5.48511 328.96 299.556 1057.54 92.9319 1 0 0
0.303 -7.78355 -5.89251 327.864 300.664 1056.37 92.6843 1 0 0
0.302 -8.0973 -6.29872 326.768 301.779 1055.2 92.4362 1 0 0
0.301 -8.40854 -6.70377 325.674 302.901 1054.04 92.1878 1 0 0
0.3 -8.71725 -7.10764 324.581 304.031 1052.88 91.9388 1 0 0
0.299 -9.02344 -7.51035 323.489 305.169 1051.73 91.6895 1 0 0
0.298 -9.32709 -7.9119 322.399 306.314 1050.58 91.4397 1 0 0
0.297 -9.6282 -8.31228 321.309 307.467 1049.43 91.1895 1 0 0
0.296 -9.92677 -8.71152 320.221 308.628 1048.29 90.9388 1 0 0
0.295 -10.2228 -9.1096 319.134 309.796 1047.16 90.6877 1 0 0
0.294 -10.5163 -9.50654 318.048 310.972 1046.03 90.4362 1 0 0
0.293 -10.8072 -9.90235 316.963 312.157 1044.9 90.1843 1 0 0
0.292 -11.0955 -10.297 315.88 313.348 1043.78 89.932 1 0 0
0.291 -11.3813 -10.6906 314.798 314.548 1042.67 89.6792 1 0 0
0.29 -11.6645 -11.083 313.716 315.756 1041.56 89.4261 1 0 0
0.289 -11.9451 -11.4743 312.636 316.972 1040.45 89.1725 1 0 0
0.288 -12.2232 -11.8645 311.557 318.195 1039.35 88.9185 1 0 0
0.287 -12.4987 -12.2536 310.48 319.427 1038.26 88.6642 1 0 0
0.286 -12.7716 -12.6416 309.403 320.667 1037.17 88.4094 1 0 0
0.285 -13.0419 -13.0285 308.328 321.914 1036.09 88.1542 1 0 0
0.284 -13.3097 -13.4144 307.253 323.17 1035.01 87.8987 1 0 0
0.283 -13.5748 -13.7991 306.18 324.434 1033.94 87.6428 1 0 0
0.282 -13.8374 -14.1829 305.108 325.706 1032.87 87.3865 1 0 0
0.281 -14.0974 -14.5655 304.037 326.986 1031.81 87.1298 1 0 0
0.28 -14.3548 -14.9471 302.967 328.274 1030.76 86.8727 1 0 0
0.279 -14.6096 -15.3277 301.898 329.571 1029.71 86.6153 1 0 0
0.278 -14.8618 -15.7073 300.831 330.875 1028.67 86.3575 1 0 0
0.277 -15.1114 -16.0858 299.764 332.188 1027.63 86.0994 1 0 0
0.276 -15.3585 -16.4633 298.699 333.509 1026.6 85.8409 1 0 0
0.275 -15.6029 -16.8398 297.635 334.839 1025.57 85.5821 1 0 0
0.274 -15.8448 -17.2154 296.571 336.176 1024.55 85.3229 1 0 0
0.273 -16.0841 -17.59 295.509 337.522 1023.53 85.0634 1 0 0
0.272 -16.3208 -17.9636 294.448 338.876 1022.53 84.8035 1 0 0
0.271 -16.555 -18.3362 293.388 340.239 1021.52 84.5434 1 0 0
0.27 -16.7865 -18.7079 292.329 341.61 1020.53 84.2829 1 0 0
0.269 -17.0156 -19.0787 291.271 342.989 1019.54 84.0221 1 0 0
0.268 -17.242 -19.4486 290.214 344.376 1018.55 83.7609 1 0 0
0.267 -17.4659 -19.8175 289.159 345.772 1017.58 83.4995 1 0 0
0.266 -17.6872 -20.1856 288.104 347.176 1016.6 83.2378 1 0 0
0.265 -17.906 -20.5528 287.05 348.588 1015.64 82.9758 1 0 0
0.264 -18.1222 -20.9191 285.998 350.009 1014.68 82.7135 1 0 0
0.263 -18.3359 -21.2846 284.946 351.438 1013.73 82.4509 1 0 0
0.262 -18.5471 -21.6493 283.896 352.875 1012.78 82.1881 1 0 0
0.261 -18.7557 -22.0131 282.846 354.321 1011.84 81.925 1 0 0
0.26 -18.9618 -22.3761 281.798 355.775 1010.91 81.6616 1 0 0
0.259 -19.1654 -22.7383 280.75 357.237 1009.98 81.398 1 0 0
0.258 -19.3665 -23.0998 279.704 358.708 1009.06 81.1341 1 0 0
0.257 -19.5651 -23.4605 278.658 360.187 1008.14 80.87 1 0 0
0.256 -19.7612 -23.8205 277.614 361.675 1007.24 80.6056 1 0 0
0.255 -19.9549 -24.1797 276.57 363.17 1006.33 80.341 1 0 0
0.254 -20.1461 -24.5382 275.528 364.674 1005.44 80.0762 1 0 0
0.253 -20.3348 -24.8961 274.486 366.186 1004.55 79.8112 1 0 0
0.252 -20.521 -25.2532 273.446 367.707 1003.67 79.546 1 0 0
0.251 -20.7048 -25.6097 272.406 369.235 1002.79 79.2805 1 0 0
0.25 -20.8862 -25.9656 271.367 370.772 1001.92 79.0149 1 0 0
0.249 -21.0652 -26.3209 270.33 372.318 1001.06 78.7491 1 0 0
0.248 -21.2418 -26.6755 269.293 373.871 1000.21 78.4831 1 0 0
0.247 -21.416 -27.0296 268.257 375.432 999.358 78.2169 1 0 0
0.246 -21.5877 -27.3831 267.223 377.002 998.516 77.9506 1 0 0
0.245 -21.7572 -27.7361 266.189 378.58 997.68 77.6841 1 0 0
0.244 -21.9242 -28.0886 265.156 380.166 996.851 77.4174 1 0 0
0.243 -22.089 -28.4405 264.124 381.76 996.028 77.1506 1 0 0
0.242 -22.2513 -28.792 263.093 383.362 995.213 76.8837 1 0 0
0.241 -22.4114 -29.1431 262.063 384.972 994.404 76.6166 1 0 0
0.24 -22.5692 -29.4937 261.033 386.59 993.601 76.3494 1 0 0
0.239 -22.7247 -29.8439 260.005 388.216 992.805 76.0821 1 0 0
0.238 -22.8779 -30.1937 258.978 389.85 992.016 75.8147 1 0 0
0.237 -23.0288 -30.5431 257.951 391.492 991.234 75.5472 1 0 0
0.236 -23.1775 -30.8922 256.926 393.142 990.458 75.2796 1 0 0
0.235 -23.324 -31.241 255.901 394.8 989.689 75.0118 1 0 0
0.234 -23.4683 -31.5895 254.877 396.465 988.926 74.744 1 0 0
0.233 -23.6103 -31.9377 253.854 398.139 988.17 74.4762 1 0 0
0.232 -23.7502 -32.2857 252.832 399.82 987.421 74.2082 1 0 0
0.231 -23.8879 -32.6335 251.811 401.509 986.678 73.9402 1 0 0
0.23 -24.0235 -32.9811 250.79 403.205 985.942 73.6722 1 0 0
0.229 -24.157 -33.3285 249.771 404.909 985.213 73.404 1 0 0
0.228 -24.2883 -33.6757 248.752 406.621 984.49 73.1359 1 0 0
0.227 -24.4175 -34.0229 247.734 408.34 983.773 72.8677 1 0 0
0.226 -24.5447 -34.37 246.717 410.067 983.063 72.5995 1 0 0
0.225 -24.6698 -34.717 245.701 411.801 982.36 72.3312 1 0 0
0.224 -24.7929 -35.064 244.685 413.542 981.663 72.063 1 0 0
0.223 -24.9139 -35.411 243.671 415.291 980.973 71.7947 1 0 0
0.222 -25.0329 -35.7581 242.657 417.048 980.289 71.5264 1 0 0
0.221 -25.15 -36.1052 241.644 418.811 979.612 71.2582 1 0 0
0.22 -25.265 -36.4523 240.632 420.582 978.941 70.9899 1 0 0
0.219 -25.3782 -36.7996 239.621 422.36 978.276 70.7216 1 0 0
0.218 -25.4893 -37.1471 238.61 424.145 977.618 70.4534 1 0 0
0.217 -25.5986 -37.4948 237.6 425.938 976.966 70.1852 1 0 0
0.216 -25.706 -37.8426 236.591 427.737 976.321 69.917 1 0 0
0.215 -25.8115 -38.1907 235.583 429.543 975.681 69.6488 1 0 0
0.214 -25.9152 -38.5391 234.576 431.356 975.048 69.3807 1 0 0
0.213 -26.017 -38.8878 233.569 433.177 974.422 69.1127 1 0 0
0.212 -26.117 -39.2369 232.563 435.004 973.801 68.8447 1 0 0
0.211 -26.2152 -39.5863 231.558 436.837 973.187 68.5767 1 0 0
0.21 -26.3116 -39.9361 230.553 438.678 972.579 68.3088 1 0 0
0.209 -26.4063 -40.2864 229.549 440.525 971.977 68.041 1 0 0
0.208 -26.4992 -40.6372 228.546 442.379 971.381 67.7732 1 0 0
0.207 -26.5904 -40.9886 227.544 444.24 970.791 67.5055 1 0 0
0.206 -26.6799 -41.3404 226.543 446.107 970.207 67.2379 1 0 0
0.205 -26.7678 -41.6929 225.542 447.98 969.629 66.9703 1 0 0
0.204 -26.8539 -42.046 224.542 449.86 969.057 66.7028 1 0 0
0.203 -26.9385 -42.3998 223.542 451.747 968.491 66.4355 1 0 0
0.202 -27.0214 -42.7543 222.543 453.639 967.931 66.1682 1 0 0
0.201 -27.1027 -43.1096 221.545 455.538 967.376 65.901 1 0 0
0.2 -27.1824 -43.4656 220.548 457.444 966.828 65.6339 1 0 0
0.199 -27.2605 -43.8225 219.551 459.355 966.285 65.3669 1 0 0
0.198 -27.3371 -44.1803 218.555 461.273 965.748 65.1 1 0 0
0.197 -27.4122 -44.539 217.56 463.196 965.217 64.8332 1 0 0
0.196 -27.4858 -44.8986 216.565 465.126 964.691 64.5665 1 0 0
0.195 -27.5579 -45.2593 215.571 467.061 964.171 64.2999 1 0 0
0.194 -27.6285 -45.621 214.578 469.003 963.656 64.0334 1 0 0
0.193 -27.6977 -45.9838 213.585 470.95 963.147 63.767 1 0 0
0.192 -27.7654 -46.3478 212.593 472.904 962.644 63.5007 1 0 0
0.191 -27.8318 -46.7129 211.602 474.862 962.146 63.2345 1 0 0
0.19 -27.8967 -47.0793 210.611 476.827 961.653 62.9685 1 0 0
0.189 -27.9602 -47.447 209.621 478.797 961.166 62.7025 1 0 0
0.188 -28.0224 -47.816 208.631 480.773 960.684 62.4367 1 0 0
0.187 -28.0833 -48.1863 207.642 482.755 960.207 62.171 1 0 0
0.186 -28.1428 -48.5582 206.654 484.742 959.735 61.9053 1 0 0
0.185 -28.2011 -48.9314 205.666 486.734 959.269 61.6398 1 0 0
0.184 -28.258 -49.3063 204.679 488.732 958.808 61.3744 1 0 0
0.183 -28.3137 -49.6827 203.692 490.736 958.352 61.1091 1 0 0
0.182 -28.3682 -50.0608 202.706 492.744 957.901 60.8439 1 0 0
0.181 -28.4213 -50.4406 201.721 494.758 957.455 60.5788 1 0 0
0.18 -28.4733 -50.8221 200.736 496.777 957.015 60.3138 1 0 0
0.179 -28.5241 -51.2054 199.752 498.801 956.579 60.0489 1 0 0
0.178 -28.5737 -51.5906 198.768 500.831 956.148 59.7841 1 0 0
0.177 -28.6221 -51.9778 197.785 502.865 955.722 59.5194 1 0 0
0.176 -28.6694 -52.3669 196.802 504.905 955.3 59.2548 1 0 0
0.175 -28.7156 -52.7581 195.82 506.949 954.884 58.9903 1 0 0
0.174 -28.7606 -53.1514 194.839 508.999 954.472 58.7258 1 0 0
0.173 -28.8045 -53.5469 193.858 511.053 954.065 58.4614 1 0 0
0.172 -28.8474 -53.9446 192.877 513.113 953.663 58.1971 1 0 0
0.171 -28.8891 -54.3447 191.897 515.177 953.265 57.9329 1 0 0
0.17 -28.9299 -54.7471 190.918 517.246 952.872 57.6687 1 0 0
0.169 -28.9695 -55.152 189.939 519.319 952.484 57.4045 1 0 0
0.168 -29.0082 -55.5594 188.961 521.398 952.1 57.1405 1 0 0
0.167 -29.0458 -55.9694 187.983 523.481 951.72 56.8764 1 0 0
0.166 -29.0824 -56.3821 187.006 525.569 951.345 56.6124 1 0 0
0.165 -29.1181 -56.7975 186.029 527.661 950.975 56.3485 1 0 0
0.164 -29.1528 -57.2157 185.053 529.758 950.608 56.0845 1 0 0
0.163 -29.1865 -57.6368 184.077 531.859 950.246 55.8206 1 0 0
0.162 -29.2193 -58.0609 183.101 533.965 949.889 55.5567 1 0 0
0.161 -29.2512 -58.4881 182.126 536.076 949.535 55.2928 1 0 0
0.16 -29.2821 -58.9184 181.152 538.19 949.186 55.0289 1 0 0
0.159 -29.3122 -59.3519 180.178 540.31 948.842 54.7649 1 0 0
0.158 -29.3414 -59.7888 179.204 542.433 948.501 54.501 1 0 0
0.157 -29.3696 -60.229 178.231 544.561 948.164 54.237 1 0 0
0.156 -29.3971 -60.6728 177.259 546.693 947.832 53.9729 1 0 0
0.155 -29.4236 -61.1201 176.287 548.83 947.503 53.7088 1 0 0
0.154 -29.4494 -61.5712 175.315 550.971 947.179 53.4447 1 0 0
0.153 -29.4743 -62.026 174.344 553.116 946.859 53.1804 1 0 0
0.152 -29.4984 -62.4847 173.373 555.265 946.542 52.9161 1 0 0
0.151 -29.5217 -62.9475 172.402 557.418 946.23 52.6517 1 0 0
0.15 -29.5442 -63.4143 171.432 559.576 945.921 52.3872 1 0 0
0.149 -29.5659 -63.8853 170.463 561.738 945.617 52.1225 1 0 0
0.148 -29.5869 -64.3606 169.494 563.903 945.316 51.8577 1 0 0
0.147 -29.6071 -64.8404 168.525 566.073 945.019 51.5928 1 0 0
0.146 -29.6265 -65.3248 167.557 568.247 944.726 51.3277 1 0 0
0.145 -29.6452 -65.8138 166.589 570.425 944.437 51.0625 1 0 0
0.144 -29.6632 -66.3076 165.621 572.607 944.151 50.797 1 0 0
0.143 -29.6805 -66.8063 164.654 574.793 943.869 50.5314 1 0 0
0.142 -29.6971 -67.3101 163.687 576.983 943.591 50.2655 1 0 0
0.141 -29.7129 -67.819 162.721 579.177 943.316 49.9994 1 0 0
0.14 -29.7281 -68.3333 161.754 581.375 943.045 49.733 1 0 0
0.139 -29.7426 -68.8531 160.789 583.577 942.778 49.4664 1 0 0
0.138 -29.7565 -69.3784 159.823 585.782 942.515 49.1995 1 0 0
0.137 -29.7696 -69.9095 158.859 587.992 942.255 48.9323 1 0 0
0.136 -29.7822 -70.4465 157.894 590.206 941.998 48.6648 1 0 0
0.135 -29.7941 -70.9896 156.93 592.423 941.745 48.397 1 0 0
0.134 -29.8053 -71.539 155.966 594.644 941.496 48.1288 1 0 0
0.133 -29.816 -72.0947 155.002 596.87 941.25 47.8603 1 0 0
0.132 -29.826 -72.657 154.039 599.099 941.007 47.5914 1 0 0
0.131 -29.8354 -73.226 153.076 601.332 940.768 47.322 1 0 0
0.13 -29.8442 -73.802 152.113 603.568 940.533 47.0523 1 0 0
0.129 -29.8525 -74.3851 151.151 605.809 940.3 46.7821 1 0 0
0.128 -29.8601 -74.9755 150.189 608.054 940.072 46.5115 1 0 0
0.127 -29.8672 -75.5734 149.228 610.302 939.846 46.2403 1 0 0
0.126 -29.8737 -76.179 148.266 612.554 939.624 45.9687 1 0 0
0.125 -29.8797 -76.7926 147.305 614.81 939.406 45.6965 1 0 0
0.124 -29.8851 -77.4142 146.345 617.07 939.19 45.4238 1 0 0
0.123 -29.89 -78.0443 145.384 619.334 938.978 45.1506 1 0 0
0.122 -29.8943 -78.683 144.424 621.601 938.769 44.8767 1 0 0
0.121 -29.8982 -79.3305 143.464 623.872 938.564 44.6023 1 0 0
0.12 -29.9015 -79.9871 142.505 626.148 938.362 44.3272 1 0 0
0.119 -29.9042 -80.6531 141.546 628.427 938.163 44.0514 1 0 0
0.118 -29.9065 -81.3286 140.587 630.71 937.967 43.775 1 0 0
0.117 -29.9083 -82.0141 139.628 632.996 937.775 43.4979 1 0 0
0.116 -29.9096 -82.7098 138.67 635.287 937.586 43.22 1 0 0
0.115 -29.9104 -83.4159 137.711 637.581 937.4 42.9414 1 0 0
0.114 -29.9107 -84.1327 136.753 639.88 937.217 42.6621 1 0 0
0.113 -29.9106 -84.8607 135.796 642.182 937.038 42.3819 1 0 0
0.112 -29.91 -85.6001 134.838 644.488 936.861 42.1009 1 0 0
0.111 -29.9089 -86.3512 133.881 646.798 936.688 41.8191 1 0 0
0.11 -29.9074 -87.1144 132.924 649.112 936.518 41.5363 1 0 0
0.109 -29.9055 -87.8901 131.968 651.43 936.351 41.2527 1 0 0
0.108 -29.9031 -88.6786 131.011 653.752 936.188 40.9682 1 0 0
0.107 -29.9003 -89.4804 130.055 656.078 936.027 40.6827 1 0 0
0.106 -29.897 -90.2957 129.099 658.407 935.87 40.3962 1 0 0
0.105 -29.8934 -91.1251 128.144 660.741 935.716 40.1087 1 0 0
0.104 -29.8893 -91.969 127.188 663.079 935.565 39.8201 1 0 0
0.103 -29.8848 -92.8279 126.233 665.421 935.417 39.5305 1 0 0
0.102 -29.88 -93.7021 125.278 667.767 935.272 39.2398 1 0 0
0.101 -29.8747 -94.5922 124.323 670.117 935.13 38.948 1 0 0
0.1 -29.8691 -95.4988 123.368 672.471 934.992 38.6551 1 0 0
0.099 -29.863 -96.4222 122.414 674.829 934.856 38.3609 1 0 0
0.098 -29.8567 -97.3631 121.46 677.191 934.724 38.0656 1 0 0
0.097 -29.8499 -98.3221 120.506 679.558 934.595 37.769 1 0 0
0.096 -29.8428 -99.2998 119.552 681.929 934.468 37.4712 1 0 0
0.095 -29.8353 -100.297 118.598 684.304 934.345 37.1721 1 0 0
0.094 -29.8275 -101.314 117.645 686.683 934.226 36.8716 1 0 0
0.093 -29.8193 -102.351 116.691 689.066 934.109 36.5698 1 0 0
0.092 -29.8108 -103.41 115.738 691.454 933.995 36.2666 1 0 0
0.091 -29.802 -104.49 114.785 693.847 933.884 35.962 1 0 0
0.09 -29.7929 -105.594 113.833 696.243 933.777 35.656 1 0 0
0.089 -29.7834 -106.721 112.88 698.644 933.673 35.3485 1 0 0
0.088 -29.7736 -107.873 111.928 701.05 933.571 35.0395 1 0 0
0.087 -29.7636 -109.05 110.976 703.46 933.473 34.729 1 0 0
0.086 -29.7532 -110.253 110.024 705.874 933.378 34.4169 1 0 0
0.085 -29.7426 -111.483 109.072 708.293 933.287 34.1033 1 0 0
0.084 -29.7316 -112.742 108.12 710.717 933.198 33.788 1 0 0
0.083 -29.7204 -114.03 107.169 713.145 933.112 33.4711 1 0 0
0.082 -29.709 -115.348 106.217 715.578 933.03 33.1525 1 0 0
0.081 -29.6972 -116.698 105.266 718.016 932.951 32.8323 1 0 0
0.08 -29.6852 -118.081 104.315 720.458 932.875 32.5103 1 0 0
0.079 -29.673 -119.497 103.364 722.906 932.802 32.1865 1 0 0
0.078 -29.6605 -120.949 102.414 725.358 932.732 31.861 1 0 0
0.077 -29.6478 -122.438 101.463 727.815 932.666 31.5336 1 0 0
0.076 -29.6349 -123.966 100.513 730.277 932.603 31.2044 1 0 0
0.075 -29.6217 -125.533 99.5624 732.745 932.543 30.8734 1 0 0
0.074 -29.6083 -127.142 98.6123 735.217 932.486 30.5404 1 0 0
0.073 -29.5947 -128.794 97.6623 737.694 932.433 30.2056 1 0 0
0.072 -29.5809 -130.491 96.7125 740.177 932.383 29.8688 1 0 0
0.071 -29.567 -132.235 95.7628 742.665 932.336 29.53 1 0 0
0.07 -29.5528 -134.029 94.8133 745.158 932.292 29.1892 1 0 0
0.069 -29.5385 -135.874 93.8639 747.656 932.252 28.8465 1 0 0
0.068 -29.524 -137.772 92.9146 750.16 932.216 28.5017 1 0 0
0.067 -29.5093 -139.727 91.9655 752.67 932.182 28.1548 1 0 0
0.066 -29.4945 -141.741 91.0165 755.185 932.153 27.8058 1 0 0
0.065 -29.4795 -143.816 90.0677 757.706 932.126 27.4548 1 0 0
0.064 -29.4644 -145.955 89.119 760.232 932.103 27.1016 1 0 0
0.063 -29.4492 -148.163 88.1704 762.764 932.084 26.7463 1 0 0
0.062 -29.4338 -150.441 87.222 765.302 932.068 26.3888 1 0 0
0.061 -29.4183 -152.793 86.2737 767.846 932.056 26.0292 1 0 0
0.06 -29.4027 -155.224 85.3256 770.396 932.047 25.6673 1 0 0
0.059 -29.3871 -157.737 84.3776 772.952 932.042 25.3033 1 0 0
0.058 -29.3713 -160.336 83.4297 775.514 932.041 24.937 1 0 0
0.057 -29.3555 -163.027 82.4819 778.083 932.044 24.5684 1 0 0
0.056 -29.3395 -165.814 81.5343 780.657 932.05 24.1977 1 0 0
0.055 -29.3236 -168.703 80.5869 783.239 932.06 23.8246 1 0 0
0.054 -29.3075 -171.699 79.6395 785.826 932.074 23.4493 1 0 0
0.053 -29.2914 -174.808 78.6923 788.42 932.092 23.0718 1 0 0
0.052 -29.2753 -178.037 77.7453 791.021 932.114 22.6919 1 0 0
0.051 -29.2592 -181.393 76.7983 793.629 932.14 22.3097 1 0 0
0.05 -29.243 -184.884 75.8515 796.244 932.17 21.9253 1 0 0
0.049 -29.2269 -188.518 74.9049 798.865 932.205 21.5385 1 0 0
0.048 -29.2107 -192.304 73.9584 801.494 932.243 21.1495 1 0 0
0.047 -29.1945 -196.252 73.012 804.13 932.286 20.7581 1 0 0
0.046 -29.1784 -200.373 72.0657 806.773 932.334 20.3644 1 0 0
0.045 -29.1623 -204.679 71.1196 809.423 932.385 19.9685 1 0 0
0.044 -29.1462 -209.181 70.1737 812.081 932.442 19.5702 1 0 0
0.043 -29.1302 -213.893 69.2279 814.747 932.502 19.1697 1 0 0
0.042 -29.1143 -218.832 68.2822 817.421 932.568 18.7669 1 0 0
0.041 -29.0985 -224.014 67.3366 820.102 932.638 18.3618 1 0 0
0.04 -29.0827 -229.456 66.3912 822.791 932.713 17.9545 1 0 0
0.039 -29.067 -235.179 65.4459 825.489 932.793 17.5449 1 0 0
0.038 -29.0514 -241.206 64.5008 828.195 932.879 17.1331 1 0 0
0.037 -29.036 -247.561 63.5558 830.909 932.969 16.719 1 0 0
0.036 -29.0207 -254.271 62.611 833.632 933.064 16.3028 1 0 0
0.035 -29.0055 -261.368 61.6663 836.363 933.165 15.8844 1 0 0
0.034 -28.9905 -268.885 60.7217 839.104 933.271 15.4639 1 0 0
0.033 -28.9757 -276.861 59.7773 841.853 933.383 15.0412 1 0 0
0.032 -28.961 -285.339 58.833 844.612 933.5 14.6164 1 0 0
0.031 -28.9466 -294.368 57.8889 847.379 933.623 14.1895 1 0 0
0.03 -28.9323 -304.004 56.9449 850.157 933.752 13.7605 1 0 0
0.029 -28.9183 -314.308 56.001 852.944 933.886 13.3296 1 0 0
0.028 -28.9045 -325.353 55.0573 855.741 934.027 12.8966 1 0 0
0.027 -28.891 -337.221 54.1137 858.548 934.173 12.4617 1 0 0
0.026 -28.8777 -350.009 53.1702 861.365 934.326 12.0248 1 0 0
0.025 -28.8648 -363.825 52.2269 864.192 934.485 11.586 1 0 0
0.024 -28.8521 -378.8 51.2837 867.031 934.651 11.1454 1 0 0
0.023 -28.8398 -395.084 50.3407 869.88 934.822 10.7029 1 0 0
0.022 -28.8277 -412.857 49.3977 872.74 935 10.2586 1 0 0
0.021 -28.8161 -432.33 48.4549 875.611 935.185 9.8126 1 0 0
0.02 -28.8048 -453.761 47.5123 878.494 935.376 9.36482 1 0 0
0.019 -28.7938 -477.458 46.5697 881.388 935.573 8.91534 1 0 0
0.018 -28.7833 -503.798 45.6273 884.295 935.777 8.46418 1 0 0
0.017 -28.7732 -533.25 44.685 887.213 935.987 8.01138 1 0 0
0.016 -28.7636 -566.397 43.7428 890.145 936.204 7.55696 1 0 0
0.015 -28.7544 -603.977 42.8008 893.088 936.426 7.10093 1 0 0
0.014 -28.7456 -646.943 41.8588 896.045 936.655 6.64333 1 0 0
0.013 -28.7374 -696.536 40.917 899.016 936.889 6.18414 1 0 0
0.012 -28.7297 -754.415 39.9752 901.999 937.127 5.72338 1 0 0
0.011 -28.7225 -822.839 39.0336 904.997 937.371 5.26103 1 0 0
0.01 -28.7159 -904.972 38.0921 908.009 937.617 4.79706 1 0 0
0.009 -28.7099 -1005.38 37.1507 911.036 937.866 4.33142 1 0 0
0.008 -28.7045 -1130.93 36.2094 914.077 938.117 3.86402 1 0 0
0.007 -28.6997 -1292.38 35.2682 917.134 938.365 3.39474 1 0 0
0.006 -28.6955 -1507.7 34.3272 920.207 938.61 2.92339 1 0 0
0.005 -28.692 -1809.18 33.3863 923.295 938.847 2.44968 1 0 0
0.004 -28.6892 -2261.47 32.4455 926.401 939.068 1.97319 1 0 0
0.003 -28.6871 -3015.35 31.5049 929.523 939.263 1.49316 1 0 0
0.002 -28.6857 -4523.19 30.5645 932.663 939.41 1.00825 1 0 0
0.001 -28.685 -9046.83 29.6244 935.822 939.456 0.515463 1 0 0
