1 166.734 190.544 1129.54 113.42 1296.28 103.82 0.52864 0.47136 0
0.998 166.19 190.211 1126.95 113.809 1295.73 104.157 0.529318 0.470682 0
0.996 165.647 189.877 1124.36 114.2 1295.19 104.495 0.529997 0.470003 0
0.994 165.104 189.543 1121.77 114.592 1294.64 104.832 0.53068 0.46932 0
0.992 164.563 189.208 1119.18 114.985 1294.1 105.17 0.531365 0.468635 0
0.99 164.022 188.874 1116.6 115.378 1293.55 105.508 0.532054 0.467946 0
0.988 163.483 188.539 1114.01 115.773 1293.01 105.845 0.532745 0.467255 0
0.986 162.945 188.204 1111.42 116.169 1292.46 106.182 0.53344 0.46656 0
0.984 162.408 187.869 1108.84 116.566 1291.92 106.519 0.534139 0.465861 0
0.982 161.872 187.533 1106.26 116.964 1291.37 106.855 0.534841 0.465159 0
0.98 161.337 187.197 1103.67 117.363 1290.83 107.191 0.535547 0.464453 0
0.978 160.803 186.861 1101.09 117.762 1290.28 107.528 0.536256 0.463744 0
0.976 160.27 186.525 1098.51 118.163 1289.74 107.864 0.536968 0.463032 0
0.974 159.738 186.188 1095.93 118.565 1289.19 108.2 0.537683 0.462317 0
0.972 159.207 185.851 1093.36 118.968 1288.64 108.535 0.538402 0.461598 0
0.97 158.677 185.514 1090.78 119.373 1288.1 108.871 0.539123 0.460877 0
0.968 158.148 185.177 1088.2 119.778 1287.55 109.207 0.539848 0.460152 0
0.966 157.62 184.839 1085.63 120.184 1287.01 109.543 0.540577 0.459423 0
0.964 157.093 184.501 1083.05 120.591 1286.46 109.878 0.541308 0.458692 0
0.962 156.568 184.163 1080.48 121 1285.91 110.214 0.542043 0.457957 0
0.96 156.043 183.824 1077.91 121.409 1285.37 110.55 0.542781 0.457219 0
0.958 155.519 183.485 1075.34 121.82 1284.82 110.885 0.543523 0.456477 0
0.956 154.996 183.146 1072.77 122.232 1284.28 111.221 0.544267 0.455733 0
0.954 154.474 182.807 1070.2 122.645 1283.73 111.556 0.545016 0.454984 0
0.952 153.953 182.468 1067.64 123.058 1283.18 111.892 0.545767 0.454233 0
0.95 153.433 182.128 1065.07 123.474 1282.64 112.227 0.546522 0.453478 0
0.948 152.913 181.787 1062.51 123.89 1282.09 112.562 0.54728 0.45272 0
0.946 152.395 181.447 1059.94 124.307 1281.54 112.898 0.548042 0.451958 0
0.944 151.878 181.106 1057.38 124.725 1280.99 113.233 0.548807 0.451193 0
0.942 151.362 180.765 1054.82 125.145 1280.45 113.568 0.549575 0.450425 0
0.94 150.847 180.424 1052.26 125.566 1279.9 113.904 0.550347 0.449653 0
0.938 150.333 180.082 1049.7 125.988 1279.35 114.239 0.551122 0.448878 0
0.936 149.82 179.741 1047.14 126.411 1278.8 114.574 0.551901 0.448099 0
0.934 149.307 179.398 1044.58 126.835 1278.26 114.91 0.552684 0.447316 0
0.932 148.796 179.056 1042.03 127.26 1277.71 115.245 0.553469 0.446531 0
0.93 148.286 178.713 1039.47 127.687 1277.16 115.58 0.554259 0.445741 0
0.928 147.777 178.37 1036.92 128.115 1276.61 115.915 0.555052 0.444948 0
0.926 147.268 178.027 1034.37 128.543 1276.06 116.25 0.555848 0.444152 0
0.924 146.761 177.683 1031.82 128.974 1275.52 116.585 0.556649 0.443351 0
0.922 146.255 177.339 1029.26 129.405 1274.97 116.921 0.557452 0.442548 0
0.92 145.749 176.995 1026.72 129.837 1274.42 117.256 0.55826 0.44174 0
0.918 145.245 176.65 1024.17 130.271 1273.87 117.591 0.559071 0.440929 0
0.916 144.742 176.306 1021.62 130.706 1273.32 117.926 0.559885 0.440115 0
0.914 144.239 175.96 1019.07 131.142 1272.77 118.261 0.560704 0.439296 0
0.912 143.738 175.615 1016.53 131.579 1272.22 118.596 0.561526 0.438474 0
0.91 143.238 175.269 1013.98 132.018 1271.67 118.931 0.562352 0.437648 0
0.908 142.738 174.923 1011.44 132.458 1271.12 119.266 0.563181 0.436819 0
0.906 142.24 174.577 1008.9 132.899 1270.57 119.601 0.564015 0.435985 0
0.904 141.742 174.23 1006.36 133.341 1270.02 119.936 0.564852 0.435148 0
0.902 141.246 173.883 1003.82 133.785 1269.47 120.271 0.565693 0.434307 0
0.9 140.751 173.535 1001.28 134.229 1268.93 120.605 0.566538 0.433462 0
0.898 140.256 173.188 998.745 134.675 1268.38 120.94 0.567387 0.432613 0
0.896 139.763 172.84 996.208 135.123 1267.83 121.275 0.568239 0.431761 0
0.894 139.27 172.491 993.673 135.571 1267.27 121.61 0.569096 0.430904 0
0.892 138.779 172.143 991.139 136.021 1266.72 121.945 0.569957 0.430043 0
0.89 138.289 171.794 988.606 136.472 1266.17 122.279 0.570821 0.429179 0
0.888 137.799 171.444 986.075 136.925 1265.62 122.614 0.571689 0.428311 0
0.886 137.311 171.095 983.544 137.379 1265.07 122.949 0.572562 0.427438 0
0.884 136.824 170.745 981.014 137.834 1264.52 123.283 0.573438 0.426562 0
0.882 136.337 170.394 978.486 138.29 1263.97 123.618 0.574319 0.425681 0
0.88 135.852 170.044 975.958 138.748 1263.42 123.952 0.575204 0.424796 0
0.878 135.368 169.693 973.432 139.207 1262.87 124.287 0.576092 0.423908 0
0.876 134.884 169.341 970.907 139.667 1262.32 124.621 0.576985 0.423015 0
0.874 134.402 168.99 968.383 140.129 1261.77 124.956 0.577882 0.422118 0
0.872 133.921 168.637 965.86 140.592 1261.22 125.29 0.578784 0.421216 0
0.87 133.441 168.285 963.338 141.056 1260.67 125.624 0.579689 0.420311 0
0.868 132.961 167.932 960.817 141.522 1260.11 125.959 0.580599 0.419401 0
0.866 132.483 167.579 958.298 141.989 1259.56 126.293 0.581512 0.418488 0
0.864 132.006 167.226 955.779 142.458 1259.01 126.627 0.582431 0.417569 0
0.862 131.53 166.872 953.262 142.928 1258.46 126.961 0.583353 0.416647 0
0.86 131.055 166.518 950.745 143.399 1257.91 127.295 0.58428 0.41572 0
0.858 130.581 166.163 948.23 143.872 1257.36 127.629 0.585211 0.414789 0
0.856 130.108 165.808 945.716 144.346 1256.8 127.963 0.586147 0.413853 0
0.854 129.636 165.453 943.203 144.821 1256.25 128.297 0.587087 0.412913 0
0.852 129.165 165.097 940.691 145.298 1255.7 128.631 0.588031 0.411969 0
0.85 128.695 164.741 938.18 145.776 1255.15 128.965 0.58898 0.41102 0
0.848 128.226 164.385 935.67 146.256 1254.59 129.298 0.589933 0.410067 0
0.846 127.758 164.028 933.162 146.737 1254.04 129.632 0.590891 0.409109 0
0.844 127.291 163.671 930.654 147.22 1253.49 129.966 0.591854 0.408146 0
0.842 126.825 163.313 928.148 147.704 1252.94 130.299 0.592821 0.407179 0
0.84 126.36 162.955 925.642 148.189 1252.38 130.633 0.593793 0.406207 0
0.838 125.897 162.597 923.138 148.676 1251.83 130.966 0.594769 0.405231 0
0.836 125.434 162.238 920.635 149.164 1251.28 131.299 0.59575 0.40425 0
0.834 124.972 161.879 918.133 149.654 1250.73 131.633 0.596736 0.403264 0
0.832 124.512 161.519 915.632 150.145 1250.17 131.966 0.597726 0.402274 0
0.83 124.052 161.159 913.132 150.638 1249.62 132.299 0.598721 0.401279 0
0.828 123.594 160.799 910.634 151.133 1249.07 132.632 0.599721 0.400279 0
0.826 123.136 160.438 908.136 151.628 1248.51 132.965 0.600726 0.399274 0
0.824 122.68 160.077 905.639 152.126 1247.96 133.298 0.601735 0.398265 0
0.822 122.225 159.715 903.144 152.624 1247.41 133.631 0.60275 0.39725 0
0.82 121.77 159.353 900.65 153.125 1246.85 133.963 0.603769 0.396231 0
0.818 121.317 158.991 898.157 153.627 1246.3 134.296 0.604794 0.395206 0
0.816 120.865 158.628 895.665 154.13 1245.75 134.628 0.605823 0.394177 0
0.814 120.414 158.265 893.174 154.635 1245.19 134.961 0.606857 0.393143 0
0.812 119.964 157.901 890.684 155.141 1244.64 135.293 0.607897 0.392103 0
0.81 119.515 157.537 888.195 155.65 1244.09 135.625 0.608941 0.391059 0
0.808 119.067 157.173 885.708 156.159 1243.53 135.957 0.609991 0.390009 0
0.806 118.62 156.808 883.221 156.67 1242.98 136.289 0.611045 0.388955 0
0.804 118.174 156.442 880.736 157.183 1242.42 136.621 0.612105 0.387895 0
0.802 117.729 156.076 878.251 157.697 1241.87 136.953 0.61317 0.38683 0
0.8 117.286 155.71 875.768 158.213 1241.32 137.285 0.61424 0.38576 0
0.798 116.843 155.343 873.286 158.731 1240.76 137.617 0.615316 0.384684 0
0.796 116.402 154.976 870.805 159.25 1240.21 137.948 0.616397 0.383603 0
0.794 115.961 154.609 868.325 159.771 1239.66 138.279 0.617483 0.382517 0
0.792 115.522 154.24 865.846 160.293 1239.1 138.611 0.618574 0.381426 0
0.79 115.083 153.872 863.369 160.817 1238.55 138.942 0.619671 0.380329 0
0.788 114.646 153.503 860.892 161.343 1237.99 139.273 0.620774 0.379226 0
0.786 114.21 153.133 858.417 161.871 1237.44 139.604 0.621882 0.378118 0
0.784 113.775 152.763 855.943 162.4 1236.88 139.935 0.622995 0.377005 0
0.782 113.341 152.393 853.469 162.93 1236.33 140.265 0.624114 0.375886 0
0.78 112.908 152.022 850.997 163.463 1235.78 140.596 0.625238 0.374762 0
0.778 112.476 151.651 848.526 163.997 1235.22 140.926 0.626368 0.373632 0
0.776 112.045 151.279 846.056 164.532 1234.67 141.256 0.627504 0.372496 0
0.774 111.616 150.906 843.588 165.07 1234.11 141.587 0.628646 0.371354 0
0.772 111.187 150.533 841.12 165.609 1233.56 141.917 0.629793 0.370207 0
0.77 110.76 150.16 838.653 166.15 1233 142.246 0.630946 0.369054 0
0.768 110.333 149.786 836.188 166.692 1232.45 142.576 0.632105 0.367895 0
0.766 109.908 149.412 833.723 167.237 1231.89 142.906 0.633269 0.366731 0
0.764 109.484 149.037 831.26 167.783 1231.34 143.235 0.63444 0.36556 0
0.762 109.06 148.662 828.798 168.331 1230.79 143.564 0.635616 0.364384 0
0.76 108.638 148.286 826.337 168.88 1230.23 143.893 0.636799 0.363201 0
0.758 108.217 147.909 823.877 169.432 1229.68 144.222 0.637987 0.362013 0
0.756 107.798 147.532 821.418 169.985 1229.12 144.551 0.639182 0.360818 0
0.754 107.379 147.155 818.961 170.54 1228.57 144.88 0.640382 0.359618 0
0.752 106.961 146.777 816.504 171.096 1228.01 145.208 0.641589 0.358411 0
0.75 106.544 146.398 814.049 171.655 1227.46 145.537 0.642802 0.357198 0
0.748 106.129 146.019 811.594 172.215 1226.9 145.865 0.644021 0.355979 0
0.746 105.715 145.639 809.141 172.777 1226.35 146.193 0.645246 0.354754 0
0.744 105.301 145.259 806.689 173.341 1225.79 146.52 0.646478 0.353522 0
0.742 104.889 144.879 804.238 173.907 1225.24 146.848 0.647716 0.352284 0
0.74 104.478 144.497 801.788 174.475 1224.68 147.175 0.64896 0.35104 0
0.738 104.068 144.115 799.339 175.044 1224.13 147.503 0.650211 0.349789 0
0.736 103.659 143.733 796.891 175.616 1223.57 147.83 0.651468 0.348532 0
0.734 103.251 143.35 794.445 176.189 1223.02 148.157 0.652732 0.347268 0
0.732 102.845 142.966 791.999 176.764 1222.46 148.483 0.654003 0.345997 0
0.73 102.439 142.582 789.555 177.341 1221.91 148.81 0.655279 0.344721 0
0.728 102.035 142.197 787.112 177.92 1221.35 149.136 0.656563 0.343437 0
0.726 101.631 141.812 784.67 178.501 1220.8 149.462 0.657853 0.342147 0
0.724 101.229 141.426 782.229 179.084 1220.25 149.788 0.65915 0.34085 0
0.722 100.828 141.04 779.789 179.669 1219.69 150.114 0.660454 0.339546 0
0.72 100.428 140.652 777.35 180.256 1219.14 150.439 0.661765 0.338235 0
0.718 100.029 140.265 774.912 180.844 1218.58 150.765 0.663083 0.336917 0
0.716 99.6311 139.876 772.475 181.435 1218.03 151.09 0.664407 0.335593 0
0.714 99.2344 139.487 770.04 182.027 1217.47 151.414 0.665739 0.334261 0
0.712 98.8388 139.098 767.606 182.622 1216.92 151.739 0.667077 0.332923 0
0.71 98.4443 138.707 765.172 183.219 1216.36 152.063 0.668423 0.331577 0
0.708 98.051 138.317 762.74 183.817 1215.81 152.388 0.669775 0.330225 0
0.706 97.6587 137.925 760.309 184.418 1215.25 152.712 0.671135 0.328865 0
0.704 97.2676 137.533 757.879 185.02 1214.7 153.035 0.672503 0.327497 0
0.702 96.8776 137.14 755.45 185.625 1214.14 153.359 0.673877 0.326123 0
0.7 96.4887 136.746 753.023 186.232 1213.59 153.682 0.675259 0.324741 0
0.698 96.1009 136.352 750.596 186.84 1213.03 154.005 0.676648 0.323352 0
0.696 95.7142 135.957 748.17 187.451 1212.48 154.328 0.678044 0.321956 0
0.694 95.3287 135.562 745.746 188.064 1211.92 154.65 0.679448 0.320552 0
0.692 94.9442 135.166 743.323 188.679 1211.37 154.972 0.68086 0.31914 0
0.69 94.5609 134.769 740.901 189.296 1210.81 155.294 0.682279 0.317721 0
0.688 94.1787 134.371 738.479 189.915 1210.26 155.616 0.683706 0.316294 0
0.686 93.7976 133.973 736.059 190.537 1209.7 155.938 0.685141 0.314859 0
0.684 93.4176 133.574 733.641 191.16 1209.15 156.259 0.686583 0.313417 0
0.682 93.0388 133.174 731.223 191.786 1208.59 156.58 0.688033 0.311967 0
0.68 92.6611 132.774 728.806 192.413 1208.04 156.9 0.689491 0.310509 0
0.678 92.2844 132.373 726.391 193.043 1207.49 157.221 0.690957 0.309043 0
0.676 91.9089 131.971 723.976 193.675 1206.93 157.541 0.692431 0.307569 0
0.674 91.5346 131.568 721.563 194.31 1206.38 157.861 0.693913 0.306087 0
0.672 91.1613 131.165 719.151 194.946 1205.82 158.18 0.695403 0.304597 0
0.67 90.7892 130.761 716.74 195.585 1205.27 158.499 0.696901 0.303099 0
0.668 90.4182 130.356 714.33 196.226 1204.71 158.818 0.698408 0.301592 0
0.666 90.0483 129.95 711.921 196.869 1204.16 159.137 0.699923 0.300077 0
0.664 89.6795 129.544 709.513 197.514 1203.6 159.455 0.701446 0.298554 0
0.662 89.3118 129.137 707.106 198.162 1203.05 159.773 0.702977 0.297023 0
0.66 88.9453 128.729 704.701 198.812 1202.49 160.091 0.704517 0.295483 0
0.658 88.5798 128.32 702.296 199.464 1201.94 160.408 0.706066 0.293934 0
0.656 88.2155 127.91 699.893 200.119 1201.39 160.726 0.707623 0.292377 0
0.654 87.8523 127.5 697.491 200.775 1200.83 161.042 0.709189 0.290811 0
0.652 87.4903 127.089 695.09 201.434 1200.28 161.359 0.710763 0.289237 0
0.65 87.1293 126.677 692.69 202.096 1199.72 161.675 0.712346 0.287654 0
0.648 86.7695 126.264 690.291 202.76 1199.17 161.991 0.713938 0.286062 0
0.646 86.4107 125.85 687.893 203.426 1198.61 162.306 0.715539 0.284461 0
0.644 86.0531 125.436 685.497 204.094 1198.06 162.621 0.717149 0.282851 0
0.642 85.6966 125.02 683.101 204.765 1197.5 162.936 0.718768 0.281232 0
0.64 85.3413 124.604 680.706 205.438 1196.95 163.25 0.720396 0.279604 0
0.638 84.987 124.187 678.313 206.114 1196.4 163.564 0.722034 0.277966 0
0.636 84.6338 123.769 675.921 206.792 1195.84 163.878 0.72368 0.27632 0
0.634 84.2818 123.35 673.53 207.473 1195.29 164.191 0.725336 0.274664 0
0.632 83.9309 122.93 671.14 208.156 1194.73 164.504 0.727001 0.272999 0
0.63 83.5811 122.509 668.751 208.841 1194.18 164.817 0.728676 0.271324 0
0.628 83.2324 122.088 666.363 209.529 1193.62 165.129 0.73036 0.26964 0
0.626 82.8848 121.665 663.976 210.219 1193.07 165.441 0.732054 0.267946 0
0.624 82.5383 121.242 661.591 210.912 1192.51 165.752 0.733757 0.266243 0
0.622 82.1929 120.817 659.206 211.607 1191.96 166.063 0.73547 0.26453 0
0.62 81.8486 120.392 656.823 212.305 1191.41 166.374 0.737193 0.262807 0
0.618 81.5054 119.965 654.441 213.006 1190.85 166.684 0.738926 0.261074 0
0.616 81.1634 119.538 652.06 213.709 1190.3 166.994 0.740669 0.259331 0
0.614 80.8224 119.11 649.679 214.414 1189.74 167.303 0.742422 0.257578 0
0.612 80.4825 118.681 647.301 215.122 1189.19 167.612 0.744185 0.255815 0
0.61 80.1437 118.25 644.923 215.833 1188.63 167.92 0.745958 0.254042 0
0.608 79.8061 117.819 642.546 216.546 1188.08 168.228 0.747741 0.252259 0
0.606 79.4695 117.387 640.17 217.262 1187.52 168.536 0.749535 0.250465 0
0.604 79.134 116.954 637.796 217.981 1186.97 168.843 0.751339 0.248661 0
0.602 78.7996 116.519 635.423 218.702 1186.42 169.15 0.753154 0.246846 0
0.6 78.4663 116.084 633.05 219.426 1185.86 169.456 0.754979 0.245021 0
0.598 78.1341 115.647 630.679 220.153 1185.31 169.762 0.756815 0.243185 0
0.596 77.803 115.21 628.309 220.882 1184.75 170.068 0.758662 0.241338 0
0.594 77.4729 114.771 625.94 221.614 1184.2 170.372 0.760519 0.239481 0
0.592 77.1439 114.332 623.572 222.349 1183.64 170.677 0.762388 0.237612 0
0.59 76.8161 113.891 621.206 223.086 1183.09 170.981 0.764267 0.235733 0
0.588 76.4892 113.449 618.84 223.826 1182.53 171.284 0.766158 0.233842 0
0.586 76.1635 113.006 616.475 224.569 1181.98 171.587 0.768059 0.231941 0
0.584 75.8389 112.562 614.112 225.315 1181.42 171.889 0.769972 0.230028 0
0.582 75.5153 112.116 611.75 226.064 1180.87 172.191 0.771896 0.228104 0
0.58 75.1927 111.67 609.389 226.815 1180.31 172.493 0.773832 0.226168 0
0.578 74.8713 111.222 607.028 227.57 1179.76 172.794 0.775779 0.224221 0
0.576 74.5509 110.773 604.669 228.327 1179.2 173.094 0.777737 0.222263 0
0.574 74.2315 110.323 602.312 229.087 1178.65 173.394 0.779708 0.220292 0
0.572 73.9132 109.872 599.955 229.85 1178.09 173.693 0.78169 0.21831 0
0.57 73.596 109.42 597.599 230.615 1177.54 173.991 0.783684 0.216316 0
0.568 73.2798 108.966 595.245 231.384 1176.98 174.29 0.785689 0.214311 0
0.566 72.9646 108.511 592.891 232.156 1176.42 174.587 0.787707 0.212293 0
0.564 72.6505 108.055 590.539 232.93 1175.87 174.884 0.789737 0.210263 0
0.562 72.3374 107.598 588.188 233.708 1175.31 175.18 0.791779 0.208221 0
0.56 72.0253 107.139 585.838 234.489 1174.76 175.476 0.793834 0.206166 0
0.558 71.7143 106.679 583.489 235.272 1174.2 175.771 0.795901 0.204099 0
0.556 71.4043 106.218 581.141 236.059 1173.64 176.065 0.79798 0.20202 0
0.554 71.0953 105.755 578.794 236.849 1173.09 176.359 0.800072 0.199928 0
0.552 70.7873 105.291 576.449 237.641 1172.53 176.652 0.802177 0.197823 0
0.55 70.4803 104.826 574.104 238.437 1171.97 176.945 0.804294 0.195706 0
0.548 70.1744 104.359 571.761 239.236 1171.41 177.237 0.806424 0.193576 0
0.546 69.8694 103.891 569.419 240.038 1170.86 177.528 0.808567 0.191433 0
0.544 69.5654 103.422 567.077 240.843 1170.3 177.818 0.810723 0.189277 0
0.542 69.2624 102.951 564.737 241.652 1169.74 178.108 0.812893 0.187107 0
0.54 68.9604 102.479 562.398 242.463 1169.18 178.397 0.815075 0.184925 0
0.538 68.6593 102.005 560.061 243.278 1168.62 178.685 0.817271 0.182729 0
0.536 68.3592 101.53 557.724 244.096 1168.07 178.973 0.81948 0.18052 0
0.534 68.0601 101.053 555.388 244.918 1167.51 179.26 0.821703 0.178297 0
0.532 67.7619 100.575 553.054 245.742 1166.95 179.546 0.823939 0.176061 0
0.53 67.4646 100.095 550.721 246.57 1166.39 179.831 0.826189 0.173811 0
0.528 67.1683 99.6143 548.388 247.401 1165.83 180.115 0.828453 0.171547 0
0.526 66.8729 99.1316 546.057 248.236 1165.27 180.399 0.830731 0.169269 0
0.524 66.5784 98.6474 543.727 249.074 1164.71 180.681 0.833023 0.166977 0
0.522 66.2848 98.1617 541.398 249.915 1164.14 180.963 0.835328 0.164672 0
0.52 65.9921 97.6744 539.071 250.759 1163.58 181.244 0.837648 0.162352 0
0.518 65.7003 97.1855 536.744 251.608 1163.02 181.524 0.839983 0.160017 0
0.516 65.4094 96.695 534.419 252.459 1162.46 181.803 0.842331 0.157669 0
0.514 65.1193 96.2028 532.094 253.314 1161.89 182.081 0.844694 0.155306 0
0.512 64.8301 95.709 529.771 254.173 1161.33 182.358 0.847072 0.152928 0
0.51 64.5418 95.2136 527.449 255.035 1160.77 182.634 0.849464 0.150536 0
0.508 64.2542 94.7165 525.128 255.901 1160.2 182.909 0.85187 0.14813 0
0.506 63.9675 94.2176 522.808 256.77 1159.64 183.183 0.854292 0.145708 0
0.504 63.6815 93.7171 520.489 257.643 1159.07 183.456 0.856728 0.143272 0
0.502 63.3963 93.2148 518.172 258.519 1158.5 183.728 0.859179 0.140821 0
0.5 63.1119 92.7108 515.855 259.4 1157.93 183.998 0.861646 0.138354 0
0.498 62.8283 92.2051 513.54 260.283 1157.37 184.268 0.864127 0.135873 0
0.496 62.5453 91.6975 511.226 261.171 1156.8 184.536 0.866623 0.133377 0
0.494 62.2631 91.1881 508.913 262.063 1156.23 184.803 0.869135 0.130865 0
0.492 61.9816 90.6769 506.601 262.958 1155.66 185.068 0.871661 0.128339 0
0.49 61.7007 90.1639 504.29 263.857 1155.08 185.332 0.874203 0.125797 0
0.488 61.4204 89.649 501.981 264.76 1154.51 185.595 0.876761 0.123239 0
0.486 61.1408 89.1322 499.672 265.667 1153.94 185.856 0.879333 0.120667 0
0.484 60.8617 88.6136 497.365 266.578 1153.36 186.115 0.881921 0.118079 0
0.482 60.5832 88.093 495.059 267.493 1152.78 186.373 0.884524 0.115476 0
0.48 60.3052 87.5705 492.754 268.411 1152.21 186.629 0.887143 0.112857 0
0.478 60.0276 87.046 490.45 269.334 1151.63 186.883 0.889777 0.110223 0
0.476 59.7505 86.5196 488.147 270.262 1151.05 187.135 0.892426 0.107574 0
0.474 59.4738 85.9912 485.846 271.193 1150.46 187.386 0.89509 0.10491 0
0.472 59.1975 85.4607 483.545 272.128 1149.88 187.634 0.89777 0.10223 0
0.47 58.9214 84.9283 481.246 273.068 1149.29 187.879 0.900465 0.0995354 0
0.468 58.6455 84.3938 478.948 274.012 1148.7 188.123 0.903174 0.096826 0
0.466 58.3698 83.8573 476.651 274.961 1148.11 188.363 0.905898 0.0941019 0
0.464 58.0942 83.3186 474.356 275.914 1147.52 188.601 0.908637 0.0913633 0
0.462 57.8186 82.7779 472.061 276.871 1146.93 188.836 0.911389 0.0886106 0
0.46 57.5428 82.2351 469.768 277.833 1146.33 189.067 0.914156 0.0858441 0
0.458 57.2668 81.6901 467.476 278.8 1145.73 189.295 0.916936 0.0830643 0
0.456 56.9905 81.1431 465.185 279.772 1145.12 189.518 0.919728 0.0802719 0
0.454 56.7135 80.5938 462.896 280.748 1144.51 189.737 0.922532 0.0774675 0
0.452 56.4358 80.0424 460.607 281.729 1143.9 189.95 0.925348 0.0746524 0
0.45 56.157 79.4889 458.32 282.716 1143.28 190.158 0.928172 0.0718279 0
0.448 55.8768 78.9332 456.034 283.708 1142.66 190.357 0.931004 0.068996 0
0.446 55.5947 78.3753 453.749 284.704 1142.03 190.548 0.93384 0.0661601 0
0.444 55.3096 77.8152 451.466 285.707 1141.39 190.727 0.936674 0.0633259 0
0.442 55.0196 77.253 449.184 286.713 1140.73 190.884 0.939488 0.0605118 0
0.44 54.7242 76.6887 446.903 287.726 1140.06 191.022 0.942289 0.0577106 0
0.438 54.4225 76.1224 444.624 288.748 1139.37 191.14 0.94508 0.0549197 0
0.436 54.111 75.554 442.346 289.782 1138.66 191.229 0.947848 0.0521523 0
0.434 53.78 74.9838 440.069 290.833 1137.9 191.262 0.950556 0.0494438 0
0.432 53.3768 74.4122 437.794 291.935 1136.97 191.096 0.953017 0.0469828 0
0.43 52.9544 73.8398 435.521 293.055 1135.99 190.876 0.955406 0.0445938 0
0.428 52.5315 73.2667 433.25 294.181 1135 190.653 0.957786 0.0422138 0
0.426 52.1078 72.6928 430.981 295.313 1134.01 190.427 0.960156 0.0398442 0
0.424 51.6832 72.1181 428.714 296.452 1133.01 190.199 0.962513 0.0374867 0
0.422 51.2577 71.5428 426.449 297.598 1132.01 189.967 0.964857 0.035143 0
0.42 50.8311 70.9668 424.186 298.75 1130.99 189.731 0.967185 0.0328151 0
0.418 50.4032 70.3902 421.925 299.91 1129.97 189.492 0.969495 0.0305052 0
0.416 49.9738 69.8129 419.666 301.076 1128.94 189.249 0.971784 0.0282157 0
0.414 49.5428 69.2351 417.409 302.249 1127.9 189.002 0.97405 0.0259495 0
0.412 49.11 68.6567 415.155 303.429 1126.86 188.751 0.97629 0.0237097 0
0.41 48.675 68.0779 412.902 304.617 1125.8 188.495 0.9785 0.0214997 0
0.408 48.2377 67.4985 410.651 305.812 1124.73 188.234 0.980676 0.0193237 0
0.406 47.7976 66.9188 408.403 307.014 1123.65 187.969 0.982814 0.0171864 0
0.404 47.3543 66.3386 406.157 308.225 1122.55 187.698 0.984907 0.0150933 0
0.402 46.9074 65.7582 403.913 309.444 1121.44 187.42 0.986949 0.0130508 0
0.4 46.4564 65.1776 401.671 310.67 1120.32 187.136 0.988933 0.011067 0
0.398 46.0004 64.5969 399.432 311.906 1119.18 186.845 0.990849 0.00915131 0
0.396 45.5386 64.0161 397.194 313.15 1118.01 186.546 0.992684 0.00731601 0
0.394 45.0698 63.4353 394.96 314.404 1116.83 186.237 0.994423 0.00557688 0
0.392 44.5923 62.8548 392.727 315.667 1115.61 185.917 0.996044 0.00395552 0
0.39 44.1037 62.2746 390.497 316.94 1114.36 185.584 0.997517 0.0024835 0
0.388 43.5998 61.695 388.27 318.224 1113.07 185.234 0.998787 0.00121257 0
0.386 43.0719 61.1163 386.045 319.522 1111.7 184.859 0.999749 0.000251319 0
0.384 42.4867 60.539 383.823 320.836 1110.18 184.429 1 0 0
0.382 41.8842 59.9638 381.604 322.164 1108.61 183.979 1 0 0
0.38 41.2858 59.3909 379.389 323.504 1107.04 183.527 1 0 0
0.378 40.6915 58.8202 377.176 324.855 1105.47 183.073 1 0 0
0.376 40.1012 58.2517 374.967 326.218 1103.9 182.616 1 0 0
0.374 39.5151 57.6856 372.76 327.593 1102.34 182.158 1 0 0
0.372 38.9331 57.1217 370.557 328.98 1100.78 181.697 1 0 0
0.37 38.3553 56.5602 368.357 330.379 1099.22 181.235 1 0 0
0.368 37.7816 56.0011 366.16 331.79 1097.67 180.77 1 0 0
0.366 37.2121 55.4443 363.967 333.213 1096.12 180.303 1 0 0
0.364 36.6469 54.8899 361.776 334.649 1094.57 179.834 1 0 0
0.362 36.0859 54.3379 359.588 336.097 1093.02 179.364 1 0 0
0.36 35.5291 53.7884 357.404 337.558 1091.48 178.891 1 0 0
0.358 34.9767 53.2414 355.222 339.032 1089.94 178.415 1 0 0
0.356 34.4285 52.6968 353.044 340.518 1088.41 177.938 1 0 0
0.354 33.8846 52.1547 350.869 342.018 1086.87 177.459 1 0 0
0.352 33.345 51.6152 348.697 343.531 1085.35 176.977 1 0 0
0.35 32.8098 51.0783 346.527 345.057 1083.82 176.494 1 0 0
0.348 32.2789 50.5439 344.361 346.596 1082.3 176.008 1 0 0
0.346 31.7524 50.0121 342.198 348.149 1080.78 175.52 1 0 0
0.344 31.2303 49.483 340.038 349.716 1079.27 175.03 1 0 0
0.342 30.7126 48.9565 337.881 351.296 1077.76 174.538 1 0 0
0.34 30.1993 48.4327 335.727 352.891 1076.25 174.043 1 0 0
0.338 29.6905 47.9115 333.576 354.499 1074.75 173.547 1 0 0
0.336 29.1861 47.3931 331.428 356.121 1073.26 173.048 1 0 0
0.334 28.6861 46.8775 329.283 357.758 1071.76 172.547 1 0 0
0.332 28.1907 46.3646 327.141 359.409 1070.28 172.044 1 0 0
0.33 27.6997 45.8544 325.002 361.075 1068.79 171.539 1 0 0
0.328 27.2132 45.3471 322.866 362.755 1067.31 171.032 1 0 0
0.326 26.7313 44.8426 320.733 364.451 1065.84 170.523 1 0 0
0.324 26.2539 44.341 318.602 366.161 1064.37 170.011 1 0 0
0.322 25.781 43.8423 316.475 367.886 1062.91 169.498 1 0 0
0.32 25.3127 43.3464 314.351 369.626 1061.45 168.982 1 0 0
0.318 24.8489 42.8535 312.229 371.382 1059.99 168.464 1 0 0
0.316 24.3897 42.3635 310.111 373.153 1058.55 167.944 1 0 0
0.314 23.9351 41.8765 307.995 374.939 1057.1 167.422 1 0 0
0.312 23.485 41.3925 305.882 376.742 1055.67 166.898 1 0 0
0.31 23.0396 40.9115 303.773 378.56 1054.23 166.372 1 0 0
0.308 22.5988 40.4335 301.666 380.394 1052.81 165.843 1 0 0
0.306 22.1626 39.9586 299.561 382.244 1051.39 165.313 1 0 0
0.304 21.731 39.4868 297.46 384.111 1049.97 164.781 1 0 0
0.302 21.3041 39.018 295.361 385.994 1048.56 164.246 1 0 0
0.3 20.8818 38.5524 293.266 387.893 1047.16 163.709 1 0 0
0.298 20.4641 38.09 291.173 389.809 1045.76 163.171 1 0 0
0.296 20.0511 37.6307 289.083 391.742 1044.37 162.63 1 0 0
0.294 19.6427 37.1746 286.995 393.691 1042.99 162.088 1 0 0
0.292 19.239 36.7217 284.911 395.658 1041.61 161.543 1 0 0
0.29 18.8399 36.272 282.829 397.642 1040.24 160.996 1 0 0
0.288 18.4455 35.8256 280.75 399.643 1038.87 160.448 1 0 0
0.286 18.0558 35.3825 278.673 401.661 1037.51 159.897 1 0 0
0.284 17.6707 34.9427 276.6 403.698 1036.16 159.345 1 0 0
0.282 17.2903 34.5061 274.529 405.751 1034.82 158.791 1 0 0
0.28 16.9145 34.073 272.46 407.823 1033.48 158.234 1 0 0
0.278 16.5434 33.6432 270.395 409.912 1032.15 157.676 1 0 0
0.276 16.177 33.2167 268.332 412.02 1030.83 157.116 1 0 0
0.274 15.8152 32.7937 266.271 414.145 1029.51 156.554 1 0 0
0.272 15.4581 32.3741 264.214 416.289 1028.21 155.991 1 0 0
0.27 15.1057 31.958 262.159 418.452 1026.9 155.426 1 0 0
0.268 14.7579 31.5453 260.106 420.633 1025.61 154.858 1 0 0
0.266 14.4147 31.1361 258.056 422.833 1024.33 154.29 1 0 0
0.264 14.0762 30.7304 256.009 425.051 1023.05 153.719 1 0 0
0.262 13.7423 30.3282 253.964 427.289 1021.78 153.147 1 0 0
0.26 13.413 29.9296 251.922 429.546 1020.52 152.573 1 0 0
0.258 13.0883 29.5346 249.882 431.822 1019.26 151.998 1 0 0
0.256 12.7683 29.1431 247.845 434.117 1018.02 151.421 1 0 0
0.254 12.4529 28.7553 245.81 436.432 1016.78 150.842 1 0 0
0.252 12.142 28.371 243.778 438.766 1015.55 150.262 1 0 0
0.25 11.8358 27.9905 241.748 441.12 1014.33 149.68 1 0 0
0.248 11.5341 27.6136 239.72 443.494 1013.12 149.097 1 0 0
0.246 11.2369 27.2403 237.695 445.888 1011.92 148.512 1 0 0
0.244 10.9444 26.8708 235.672 448.302 1010.72 147.926 1 0 0
0.242 10.6563 26.505 233.652 450.736 1009.54 147.339 1 0 0
0.24 10.3728 26.143 231.634 453.19 1008.36 146.75 1 0 0
0.238 10.0938 25.7847 229.619 455.665 1007.2 146.16 1 0 0
0.236 9.81923 25.4302 227.606 458.161 1006.04 145.569 1 0 0
0.234 9.54919 25.0795 225.595 460.677 1004.89 144.976 1 0 0
0.232 9.2836 24.7326 223.586 463.214 1003.75 144.383 1 0 0
0.23 9.02247 24.3896 221.58 465.772 1002.62 143.788 1 0 0
0.228 8.76576 24.0504 219.575 468.351 1001.5 143.192 1 0 0
0.226 8.51346 23.7151 217.574 470.952 1000.39 142.595 1 0 0
0.224 8.26556 23.3837 215.574 473.573 999.284 141.996 1 0 0
0.222 8.02203 23.0562 213.576 476.217 998.191 141.397 1 0 0
0.22 7.78286 22.7326 211.581 478.881 997.109 140.797 1 0 0
0.218 7.54803 22.413 209.588 481.567 996.037 140.196 1 0 0
0.216 7.31751 22.0973 207.597 484.276 994.975 139.594 1 0 0
0.214 7.09129 21.7856 205.608 487.006 993.922 138.99 1 0 0
0.212 6.86934 21.4779 203.621 489.758 992.88 138.387 1 0 0
0.21 6.65164 21.1743 201.637 492.532 991.849 137.782 1 0 0
0.208 6.43818 20.8746 199.654 495.328 990.827 137.176 1 0 0
0.206 6.22892 20.579 197.673 498.147 989.817 136.57 1 0 0
0.204 6.02385 20.2875 195.695 500.988 988.816 135.963 1 0 0
0.202 5.82294 20 193.718 503.852 987.826 135.355 1 0 0
0.2 5.62617 19.7167 191.743 506.739 986.848 134.746 1 0 0
0.198 5.43352 19.4374 189.771 509.648 985.879 134.137 1 0 0
0.196 5.24496 19.1623 187.8 512.58 984.922 133.527 1 0 0
0.194 5.06046 18.8913 185.831 515.536 983.976 132.916 1 0 0
0.192 4.88 18.6245 183.864 518.514 983.041 132.305 1 0 0
0.19 4.70356 18.3618 181.899 521.516 982.117 131.693 1 0 0
0.188 4.5311 18.1033 179.935 524.542 981.205 131.08 1 0 0
0.186 4.36262 17.849 177.974 527.591 980.304 130.467 1 0 0
0.184 4.19807 17.5989 176.014 530.663 979.414 129.853 1 0 0
0.182 4.03743 17.353 174.056 533.76 978.537 129.239 1 0 0
0.18 3.88067 17.1113 172.1 536.88 977.671 128.623 1 0 0
0.178 3.72778 16.8739 170.146 540.024 976.816 128.007 1 0 0
0.176 3.57871 16.6407 168.193 543.192 975.974 127.39 1 0 0
0.174 3.43345 16.4118 166.242 546.385 975.144 126.773 1 0 0
0.172 3.29196 16.1871 164.292 549.602 974.326 126.154 1 0 0
0.17 3.15422 15.9667 162.344 552.844 973.521 125.535 1 0 0
0.168 3.0202 15.7505 160.398 556.11 972.728 124.915 1 0 0
0.166 2.88988 15.5387 158.453 559.401 971.948 124.294 1 0 0
0.164 2.76321 15.3311 156.51 562.716 971.18 123.671 1 0 0
0.162 2.64018 15.1277 154.569 566.057 970.425 123.048 1 0 0
0.16 2.52075 14.9286 152.629 569.423 969.683 122.423 1 0 0
0.158 2.4049 14.7338 150.69 572.814 968.955 121.796 1 0 0
0.156 2.29259 14.5433 148.753 576.231 968.239 121.168 1 0 0
0.154 2.18379 14.357 146.817 579.673 967.537 120.539 1 0 0
0.152 2.07847 14.175 144.883 583.141 966.849 119.907 1 0 0
0.15 1.97661 13.9972 142.95 586.634 966.175 119.273 1 0 0
0.148 1.87816 13.8236 141.018 590.153 965.514 118.637 1 0 0
0.146 1.7831 13.6542 139.088 593.699 964.867 117.999 1 0 0
0.144 1.69138 13.489 137.158 597.271 964.235 117.357 1 0 0
0.142 1.60299 13.3279 135.231 600.869 963.617 116.713 1 0 0
0.14 1.51787 13.171 133.304 604.493 963.013 116.065 1 0 0
0.138 1.436 13.0181 131.379 608.144 962.424 115.413 1 0 0
0.136 1.35734 12.8693 129.454 611.822 961.85 114.757 1 0 0
0.134 1.28184 12.7246 127.531 615.527 961.291 114.096 1 0 0
0.132 1.20947 12.5838 125.609 619.259 960.746 113.43 1 0 0
0.13 1.14018 12.4469 123.688 623.018 960.217 112.759 1 0 0
0.128 1.07392 12.3139 121.768 626.805 959.704 112.082 1 0 0
0.126 1.01066 12.1847 119.849 630.619 959.206 111.397 1 0 0
0.124 0.950337 12.0592 117.931 634.461 958.723 110.705 1 0 0
0.122 0.892902 11.9374 116.014 638.331 958.256 110.005 1 0 0
0.12 0.838297 11.8192 114.098 642.229 957.805 109.295 1 0 0
0.118 0.786458 11.7045 112.183 646.155 957.369 108.574 1 0 0
0.116 0.737317 11.5933 110.269 650.109 956.949 107.841 1 0 0
0.114 0.690789 11.4853 108.355 654.092 956.545 107.095 1 0 0
0.112 0.646769 11.3806 106.443 658.103 956.155 106.331 1 0 0
0.11 0.605027 11.2791 104.531 662.143 955.779 105.542 1 0 0
0.108 0.565545 11.1806 102.62 666.211 955.417 104.729 1 0 0
0.106 0.528586 11.0851 100.709 670.309 955.072 103.904 1 0 0
0.104 0.494082 10.9924 98.7992 674.437 954.743 103.068 1 0 0
0.102 0.461957 10.9023 96.89 678.596 954.431 102.218 1 0 0
0.1 0.432138 10.8147 94.9815 682.784 954.136 101.355 1 0 0
0.098 0.404545 10.7294 93.0735 687.004 953.857 100.477 1 0 0
0.096 0.379097 10.6461 91.166 691.254 953.595 99.5833 1 0 0
0.094 0.355708 10.5648 89.2591 695.535 953.349 98.6725 1 0 0
0.092 0.334293 10.485 87.3526 699.848 953.119 97.7435 1 0 0
0.09 0.314759 10.4067 85.4466 704.192 952.904 96.7952 1 0 0
0.088 0.297014 10.3295 83.541 708.568 952.705 95.8263 1 0 0
0.086 0.280962 10.2532 81.6358 712.976 952.52 94.8354 1 0 0
0.084 0.266504 10.1775 79.7309 717.417 952.35 93.8212 1 0 0
0.082 0.253538 10.102 77.8264 721.89 952.194 92.7823 1 0 0
0.08 0.241962 10.0265 75.9221 726.396 952.051 91.7171 1 0 0
0.078 0.23167 9.95066 74.0182 730.936 951.921 90.6241 1 0 0
0.076 0.222554 9.87409 72.1144 735.509 951.802 89.5016 1 0 0
0.074 0.214506 9.79642 70.2109 740.116 951.695 88.348 1 0 0
0.072 0.207415 9.71727 68.3076 744.758 951.598 87.1614 1 0 0
0.07 0.201171 9.63624 66.4045 749.434 951.51 85.9402 1 0 0
0.068 0.195664 9.5529 64.5016 754.145 951.43 84.6823 1 0 0
0.066 0.190782 9.46683 62.5988 758.891 951.357 83.3858 1 0 0
0.064 0.186415 9.37756 60.6962 763.673 951.29 82.0486 1 0 0
0.062 0.182456 9.28462 58.7936 768.491 951.227 80.6686 1 0 0
0.06 0.178799 9.18753 56.8913 773.346 951.168 79.2437 1 0 0
0.058 0.175339 9.08579 54.989 778.238 951.109 77.7714 1 0 0
0.056 0.171977 8.97887 53.0868 783.167 951.05 76.2495 1 0 0
0.054 0.168617 8.86625 51.1848 788.134 950.989 74.6755 1 0 0
0.052 0.16517 8.74739 49.2829 793.139 950.924 73.0469 1 0 0
0.05 0.161553 8.62173 47.3811 798.183 950.853 71.361 1 0 0
0.048 0.157688 8.48871 45.4795 803.267 950.774 69.6152 1 0 0
0.046 0.153507 8.34778 43.578 808.39 950.685 67.8066 1 0 0
0.044 0.148952 8.19834 41.6767 813.554 950.584 65.9325 1 0 0
0.042 0.143976 8.03983 39.7757 818.759 950.468 63.9899 1 0 0
0.04 0.13854 7.87167 37.8749 824.006 950.335 61.9758 1 0 0
0.038 0.132623 7.69329 35.9743 829.295 950.183 59.8872 1 0 0
0.036 0.126213 7.5041 34.0741 834.627 950.01 57.7211 1 0 0
0.034 0.119316 7.30355 32.1743 840.002 949.813 55.4743 1 0 0
0.032 0.111953 7.09105 30.2749 845.422 949.59 53.1438 1 0 0
0.03 0.104159 6.86604 28.376 850.887 949.338 50.7266 1 0 0
0.028 0.0959872 6.62793 26.4776 856.399 949.056 48.2196 1 0 0
0.026 0.0875078 6.3761 24.5798 861.957 948.742 45.6199 1 0 0
0.024 0.0788054 6.1099 22.6826 867.563 948.393 42.9247 1 0 0
0.022 0.0699796 5.82857 20.7862 873.218 948.009 40.1311 1 0 0
0.02 0.061143 5.53122 18.8906 878.922 947.588 37.2364 1 0 0
0.018 0.0524178 5.21671 16.9959 884.678 947.129 34.2377 1 0 0
0.016 0.043933 4.88349 15.1021 890.485 946.629 31.1322 1 0 0
0.014 0.0358202 4.52939 13.2094 896.346 946.088 27.9161 1 0 0
0.012 0.0282086 4.15115 11.3178 902.262 945.502 24.5848 1 0 0
0.01 0.0212208 3.74372 9.42744 908.233 944.866 21.1311 1 0 0
0.008 0.0149699 3.29877 7.53839 914.262 944.17 17.5432 1 0 0
0.006 0.00956012 2.80159 5.65081 920.351 943.395 13.799 1 0 0
0.004 0.00509902 2.22269 3.76489 926.501 942.497 9.85267 1 0 0
0.002 0.00174519 1.4871 1.88097 932.716 941.36 5.58282 1 0 0
