1 513.388 332.853 1283.5 110.184 1796.88 212.429 0.677362 0.322638 0
0.999 512.221 332.328 1281.7 110.375 1795.72 212.458 0.677627 0.322373 0
0.998 511.056 331.803 1279.91 110.567 1794.56 212.487 0.677892 0.322108 0
0.997 509.892 331.278 1278.12 110.759 1793.39 212.516 0.678158 0.321842 0
0.996 508.729 330.754 1276.33 110.951 1792.23 212.545 0.678425 0.321575 0
0.995 507.567 330.229 1274.54 111.144 1791.06 212.573 0.678692 0.321308 0
0.994 506.406 329.705 1272.75 111.337 1789.9 212.601 0.67896 0.32104 0
0.993 505.246 329.18 1270.97 111.531 1788.73 212.629 0.679229 0.320771 0
0.992 504.088 328.656 1269.18 111.725 1787.57 212.656 0.679499 0.320501 0
0.991 502.93 328.132 1267.4 111.92 1786.4 212.683 0.67977 0.32023 0
0.99 501.774 327.608 1265.61 112.115 1785.24 212.71 0.680041 0.319959 0
0.989 500.618 327.084 1263.83 112.311 1784.07 212.737 0.680313 0.319687 0
0.988 499.464 326.561 1262.05 112.507 1782.91 212.763 0.680587 0.319413 0
0.987 498.311 326.037 1260.27 112.704 1781.74 212.789 0.68086 0.31914 0
0.986 497.159 325.514 1258.49 112.901 1780.58 212.815 0.681135 0.318865 0
0.985 496.008 324.99 1256.71 113.099 1779.41 212.84 0.681411 0.318589 0
0.984 494.858 324.467 1254.94 113.297 1778.25 212.865 0.681687 0.318313 0
0.983 493.709 323.944 1253.16 113.496 1777.08 212.889 0.681964 0.318036 0
0.982 492.562 323.421 1251.39 113.695 1775.91 212.913 0.682243 0.317757 0
0.981 491.415 322.898 1249.61 113.895 1774.75 212.937 0.682522 0.317478 0
0.98 490.269 322.376 1247.84 114.096 1773.58 212.96 0.682802 0.317198 0
0.979 489.125 321.853 1246.07 114.297 1772.42 212.983 0.683083 0.316917 0
0.978 487.981 321.33 1244.3 114.498 1771.25 213.006 0.683364 0.316636 0
0.977 486.839 320.808 1242.53 114.7 1770.08 213.028 0.683647 0.316353 0
0.976 485.697 320.286 1240.76 114.903 1768.92 213.049 0.683931 0.316069 0
0.975 484.557 319.764 1239 115.106 1767.75 213.07 0.684215 0.315785 0
0.974 483.417 319.242 1237.23 115.31 1766.58 213.091 0.684501 0.315499 0
0.973 482.279 318.72 1235.47 115.515 1765.41 213.111 0.684788 0.315212 0
0.972 481.141 318.198 1233.71 115.72 1764.25 213.13 0.685075 0.314925 0
0.971 480.005 317.677 1231.94 115.926 1763.08 213.149 0.685364 0.314636 0
0.97 478.869 317.155 1230.18 116.132 1761.91 213.167 0.685654 0.314346 0
0.969 477.734 316.634 1228.42 116.339 1760.74 213.185 0.685945 0.314055 0
0.968 476.601 316.113 1226.66 116.547 1759.57 213.202 0.686237 0.313763 0
0.967 475.468 315.592 1224.91 116.756 1758.4 213.218 0.68653 0.31347 0
0.966 474.336 315.071 1223.15 116.965 1757.23 213.234 0.686824 0.313176 0
0.965 473.205 314.55 1221.4 117.175 1756.06 213.248 0.68712 0.31288 0
0.964 472.075 314.029 1219.64 117.386 1754.89 213.262 0.687417 0.312583 0
0.963 470.945 313.509 1217.89 117.598 1753.72 213.275 0.687715 0.312285 0
0.962 469.816 312.988 1216.14 117.81 1752.55 213.287 0.688014 0.311986 0
0.961 468.688 312.468 1214.39 118.024 1751.38 213.298 0.688315 0.311685 0
0.96 467.561 311.948 1212.64 118.238 1750.2 213.308 0.688617 0.311383 0
0.959 466.435 311.428 1210.89 118.453 1749.03 213.317 0.688921 0.311079 0
0.958 465.308 310.908 1209.14 118.67 1747.86 213.324 0.689226 0.310774 0
0.957 464.183 310.388 1207.39 118.887 1746.68 213.33 0.689533 0.310467 0
0.956 463.057 309.869 1205.65 119.106 1745.51 213.334 0.689843 0.310157 0
0.955 461.932 309.349 1203.9 119.326 1744.33 213.336 0.690154 0.309846 0
0.954 460.807 308.83 1202.16 119.548 1743.15 213.335 0.690467 0.309533 0
0.953 459.682 308.311 1200.42 119.771 1741.97 213.331 0.690784 0.309216 0
0.952 458.555 307.792 1198.67 119.997 1740.79 213.324 0.691104 0.308896 0
0.951 457.426 307.273 1196.93 120.227 1739.6 213.309 0.691429 0.308571 0
0.95 456.292 306.754 1195.19 120.463 1738.4 213.281 0.691764 0.308236 0
0.949 455.158 306.236 1193.45 120.699 1737.2 213.253 0.692101 0.307899 0
0.948 454.026 305.718 1191.71 120.937 1736.01 213.224 0.692438 0.307562 0
0.947 452.895 305.199 1189.97 121.174 1734.81 213.196 0.692775 0.307225 0
0.946 451.765 304.681 1188.24 121.412 1733.62 213.167 0.693113 0.306887 0
0.945 450.637 304.164 1186.5 121.65 1732.42 213.138 0.693451 0.306549 0
0.944 449.51 303.646 1184.77 121.889 1731.22 213.109 0.69379 0.30621 0
0.943 448.385 303.129 1183.03 122.128 1730.03 213.08 0.69413 0.30587 0
0.942 447.261 302.611 1181.3 122.367 1728.83 213.051 0.69447 0.30553 0
0.941 446.138 302.094 1179.57 122.607 1727.64 213.022 0.694811 0.305189 0
0.94 445.016 301.577 1177.84 122.847 1726.44 212.992 0.695152 0.304848 0
0.939 443.896 301.06 1176.11 123.088 1725.25 212.963 0.695494 0.304506 0
0.938 442.778 300.544 1174.38 123.329 1724.05 212.933 0.695836 0.304164 0
0.937 441.66 300.027 1172.66 123.57 1722.86 212.903 0.696179 0.303821 0
0.936 440.544 299.511 1170.93 123.812 1721.66 212.873 0.696523 0.303477 0
0.935 439.43 298.995 1169.21 124.054 1720.47 212.843 0.696867 0.303133 0
0.934 438.316 298.479 1167.49 124.296 1719.27 212.813 0.697211 0.302789 0
0.933 437.204 297.963 1165.76 124.539 1718.08 212.782 0.697556 0.302444 0
0.932 436.094 297.448 1164.04 124.782 1716.89 212.751 0.697902 0.302098 0
0.931 434.985 296.932 1162.32 125.026 1715.69 212.721 0.698248 0.301752 0
0.93 433.877 296.417 1160.61 125.27 1714.5 212.69 0.698595 0.301405 0
0.929 432.77 295.902 1158.89 125.514 1713.3 212.658 0.698942 0.301058 0
0.928 431.665 295.387 1157.17 125.759 1712.11 212.627 0.69929 0.30071 0
0.927 430.561 294.872 1155.46 126.004 1710.92 212.596 0.699638 0.300362 0
0.926 429.459 294.358 1153.75 126.25 1709.72 212.564 0.699987 0.300013 0
0.925 428.358 293.844 1152.03 126.495 1708.53 212.532 0.700336 0.299664 0
0.924 427.258 293.329 1150.32 126.742 1707.34 212.5 0.700686 0.299314 0
0.923 426.159 292.815 1148.61 126.988 1706.15 212.467 0.701036 0.298964 0
0.922 425.062 292.302 1146.9 127.235 1704.95 212.435 0.701387 0.298613 0
0.921 423.967 291.788 1145.2 127.482 1703.76 212.402 0.701738 0.298262 0
0.92 422.872 291.274 1143.49 127.73 1702.57 212.369 0.702089 0.297911 0
0.919 421.779 290.761 1141.79 127.978 1701.38 212.336 0.702442 0.297558 0
0.918 420.688 290.248 1140.08 128.226 1700.19 212.302 0.702794 0.297206 0
0.917 419.597 289.735 1138.38 128.475 1698.99 212.269 0.703147 0.296853 0
0.916 418.508 289.222 1136.68 128.724 1697.8 212.235 0.703501 0.296499 0
0.915 417.421 288.71 1134.98 128.974 1696.61 212.2 0.703855 0.296145 0
0.914 416.335 288.198 1133.28 129.224 1695.42 212.166 0.704209 0.295791 0
0.913 415.25 287.685 1131.58 129.474 1694.23 212.131 0.704564 0.295436 0
0.912 414.166 287.173 1129.88 129.724 1693.04 212.096 0.704919 0.295081 0
0.911 413.084 286.662 1128.19 129.975 1691.85 212.06 0.705274 0.294726 0
0.91 412.003 286.15 1126.49 130.226 1690.66 212.024 0.70563 0.29437 0
0.909 410.923 285.638 1124.8 130.478 1689.46 211.988 0.705986 0.294014 0
0.908 409.845 285.127 1123.11 130.73 1688.27 211.951 0.706343 0.293657 0
0.907 408.768 284.616 1121.42 130.982 1687.08 211.914 0.7067 0.2933 0
0.906 407.693 284.105 1119.73 131.234 1685.89 211.877 0.707057 0.292943 0
0.905 406.619 283.594 1118.04 131.487 1684.7 211.839 0.707414 0.292586 0
0.904 405.546 283.084 1116.35 131.74 1683.51 211.801 0.707772 0.292228 0
0.903 404.474 282.574 1114.66 131.993 1682.32 211.762 0.70813 0.29187 0
0.902 403.404 282.063 1112.98 132.247 1681.13 211.723 0.708487 0.291513 0
0.901 402.335 281.554 1111.29 132.501 1679.94 211.683 0.708845 0.291155 0
0.9 401.267 281.044 1109.61 132.755 1678.75 211.642 0.709203 0.290797 0
0.899 400.201 280.534 1107.93 133.009 1677.56 211.601 0.709561 0.290439 0
0.898 399.136 280.025 1106.25 133.263 1676.37 211.559 0.709919 0.290081 0
0.897 398.072 279.516 1104.57 133.518 1675.19 211.516 0.710277 0.289723 0
0.896 397.01 279.007 1102.89 133.773 1674 211.472 0.710634 0.289366 0
0.895 395.948 278.498 1101.21 134.027 1672.81 211.426 0.71099 0.28901 0
0.894 394.888 277.989 1099.54 134.282 1671.62 211.379 0.711345 0.288655 0
0.893 393.829 277.481 1097.86 134.535 1670.43 211.329 0.711697 0.288303 0
0.892 392.771 276.972 1096.19 134.788 1669.23 211.277 0.712047 0.287953 0
0.891 391.715 276.464 1094.51 135.042 1668.04 211.224 0.712398 0.287602 0
0.89 390.659 275.957 1092.84 135.296 1666.85 211.171 0.712749 0.287251 0
0.889 389.605 275.449 1091.17 135.55 1665.66 211.118 0.713101 0.286899 0
0.888 388.553 274.941 1089.5 135.805 1664.47 211.065 0.713454 0.286546 0
0.887 387.502 274.434 1087.83 136.06 1663.28 211.012 0.713807 0.286193 0
0.886 386.452 273.927 1086.16 136.316 1662.09 210.959 0.714161 0.285839 0
0.885 385.404 273.42 1084.5 136.572 1660.9 210.906 0.714516 0.285484 0
0.884 384.357 272.914 1082.83 136.829 1659.71 210.852 0.714872 0.285128 0
0.883 383.311 272.407 1081.17 137.086 1658.53 210.799 0.715228 0.284772 0
0.882 382.267 271.901 1079.5 137.344 1657.34 210.746 0.715585 0.284415 0
0.881 381.224 271.395 1077.84 137.603 1656.15 210.692 0.715942 0.284058 0
0.88 380.182 270.889 1076.18 137.861 1654.96 210.639 0.716301 0.283699 0
0.879 379.142 270.383 1074.52 138.121 1653.77 210.585 0.71666 0.28334 0
0.878 378.103 269.878 1072.87 138.38 1652.58 210.532 0.71702 0.28298 0
0.877 377.066 269.373 1071.21 138.64 1651.4 210.478 0.71738 0.28262 0
0.876 376.03 268.868 1069.55 138.901 1650.21 210.424 0.717741 0.282259 0
0.875 374.995 268.363 1067.9 139.162 1649.02 210.371 0.718103 0.281897 0
0.874 373.962 267.858 1066.24 139.424 1647.83 210.317 0.718466 0.281534 0
0.873 372.93 267.354 1064.59 139.686 1646.65 210.263 0.718829 0.281171 0
0.872 371.9 266.849 1062.94 139.949 1645.46 210.209 0.719193 0.280807 0
0.871 370.87 266.345 1061.29 140.212 1644.27 210.155 0.719558 0.280442 0
0.87 369.843 265.841 1059.64 140.476 1643.09 210.101 0.719924 0.280076 0
0.869 368.816 265.338 1058 140.74 1641.9 210.047 0.72029 0.27971 0
0.868 367.791 264.834 1056.35 141.005 1640.72 209.992 0.720657 0.279343 0
0.867 366.768 264.331 1054.7 141.27 1639.53 209.938 0.721025 0.278975 0
0.866 365.746 263.828 1053.06 141.536 1638.34 209.884 0.721393 0.278607 0
0.865 364.725 263.325 1051.42 141.802 1637.16 209.829 0.721762 0.278238 0
0.864 363.705 262.823 1049.78 142.069 1635.97 209.775 0.722132 0.277868 0
0.863 362.687 262.32 1048.14 142.336 1634.79 209.72 0.722503 0.277497 0
0.862 361.671 261.818 1046.5 142.604 1633.6 209.666 0.722874 0.277126 0
0.861 360.655 261.316 1044.86 142.872 1632.42 209.611 0.723246 0.276754 0
0.86 359.641 260.814 1043.22 143.141 1631.24 209.556 0.723619 0.276381 0
0.859 358.629 260.313 1041.59 143.41 1630.05 209.501 0.723993 0.276007 0
0.858 357.618 259.812 1039.95 143.68 1628.87 209.446 0.724367 0.275633 0
0.857 356.608 259.31 1038.32 143.95 1627.69 209.391 0.724743 0.275257 0
0.856 355.6 258.81 1036.69 144.221 1626.5 209.336 0.725119 0.274881 0
0.855 354.593 258.309 1035.06 144.493 1625.32 209.281 0.725495 0.274505 0
0.854 353.587 257.808 1033.43 144.765 1624.14 209.226 0.725873 0.274127 0
0.853 352.583 257.308 1031.8 145.037 1622.95 209.171 0.726251 0.273749 0
0.852 351.58 256.808 1030.17 145.31 1621.77 209.116 0.72663 0.27337 0
0.851 350.579 256.308 1028.54 145.584 1620.59 209.06 0.72701 0.27299 0
0.85 349.579 255.809 1026.92 145.858 1619.41 209.005 0.72739 0.27261 0
0.849 348.58 255.309 1025.29 146.132 1618.23 208.949 0.727772 0.272228 0
0.848 347.583 254.81 1023.67 146.408 1617.05 208.894 0.728154 0.271846 0
0.847 346.587 254.311 1022.05 146.683 1615.87 208.838 0.728537 0.271463 0
0.846 345.593 253.812 1020.43 146.959 1614.68 208.782 0.72892 0.27108 0
0.845 344.599 253.314 1018.81 147.236 1613.5 208.727 0.729305 0.270695 0
0.844 343.608 252.815 1017.19 147.514 1612.32 208.671 0.72969 0.27031 0
0.843 342.617 252.317 1015.58 147.791 1611.14 208.615 0.730076 0.269924 0
0.842 341.629 251.819 1013.96 148.07 1609.96 208.559 0.730463 0.269537 0
0.841 340.641 251.322 1012.35 148.349 1608.78 208.503 0.73085 0.26915 0
0.84 339.655 250.824 1010.73 148.628 1607.6 208.447 0.731238 0.268762 0
0.839 338.67 250.327 1009.12 148.908 1606.43 208.39 0.731628 0.268372 0
0.838 337.687 249.83 1007.51 149.189 1605.25 208.334 0.732017 0.267983 0
0.837 336.705 249.333 1005.9 149.47 1604.07 208.278 0.732408 0.267592 0
0.836 335.725 248.836 1004.29 149.752 1602.89 208.221 0.7328 0.2672 0
0.835 334.745 248.34 1002.68 150.034 1601.71 208.165 0.733192 0.266808 0
0.834 333.768 247.844 1001.08 150.317 1600.53 208.108 0.733585 0.266415 0
0.833 332.791 247.348 999.473 150.601 1599.36 208.052 0.733979 0.266021 0
0.832 331.816 246.852 997.869 150.885 1598.18 207.995 0.734374 0.265626 0
0.831 330.843 246.357 996.267 151.169 1597 207.938 0.734769 0.265231 0
0.83 329.871 245.862 994.665 151.454 1595.83 207.881 0.735166 0.264834 0
0.829 328.9 245.366 993.065 151.74 1594.65 207.824 0.735563 0.264437 0
0.828 327.931 244.872 991.465 152.026 1593.47 207.767 0.735961 0.264039 0
0.827 326.963 244.377 989.867 152.313 1592.3 207.71 0.73636 0.26364 0
0.826 325.996 243.883 988.271 152.601 1591.12 207.653 0.736759 0.263241 0
0.825 325.031 243.389 986.675 152.889 1589.95 207.596 0.73716 0.26284 0
0.824 324.067 242.895 985.08 153.177 1588.77 207.539 0.737561 0.262439 0
0.823 323.105 242.401 983.487 153.467 1587.6 207.481 0.737963 0.262037 0
0.822 322.144 241.908 981.895 153.756 1586.42 207.424 0.738366 0.261634 0
0.821 321.185 241.414 980.304 154.047 1585.25 207.366 0.73877 0.26123 0
0.82 320.226 240.921 978.714 154.338 1584.07 207.309 0.739174 0.260826 0
0.819 319.27 240.429 977.125 154.629 1582.9 207.251 0.73958 0.26042 0
0.818 318.314 239.936 975.538 154.921 1581.73 207.193 0.739986 0.260014 0
0.817 317.361 239.444 973.951 155.214 1580.55 207.135 0.740393 0.259607 0
0.816 316.408 238.952 972.366 155.507 1579.38 207.077 0.740801 0.259199 0
0.815 315.457 238.46 970.782 155.801 1578.21 207.019 0.74121 0.25879 0
0.814 314.507 237.968 969.199 156.096 1577.04 206.961 0.741619 0.258381 0
0.813 313.559 237.477 967.618 156.391 1575.86 206.903 0.74203 0.25797 0
0.812 312.612 236.986 966.037 156.687 1574.69 206.845 0.742441 0.257559 0
0.811 311.667 236.495 964.458 156.983 1573.52 206.786 0.742853 0.257147 0
0.81 310.723 236.004 962.88 157.28 1572.35 206.728 0.743266 0.256734 0
0.809 309.78 235.514 961.303 157.577 1571.18 206.67 0.74368 0.25632 0
0.808 308.839 235.024 959.727 157.875 1570.01 206.611 0.744095 0.255905 0
0.807 307.899 234.534 958.152 158.174 1568.84 206.552 0.744511 0.255489 0
0.806 306.96 234.044 956.579 158.474 1567.67 206.494 0.744927 0.255073 0
0.805 306.023 233.555 955.006 158.774 1566.5 206.435 0.745344 0.254656 0
0.804 305.088 233.065 953.435 159.074 1565.33 206.376 0.745763 0.254237 0
0.803 304.154 232.576 951.865 159.375 1564.16 206.317 0.746182 0.253818 0
0.802 303.221 232.087 950.296 159.677 1562.99 206.258 0.746602 0.253398 0
0.801 302.29 231.599 948.729 159.98 1561.82 206.199 0.747022 0.252978 0
0.8 301.36 231.111 947.162 160.283 1560.65 206.14 0.747444 0.252556 0
0.799 300.431 230.623 945.597 160.587 1559.48 206.08 0.747867 0.252133 0
0.798 299.504 230.135 944.033 160.891 1558.32 206.021 0.74829 0.25171 0
0.797 298.578 229.647 942.47 161.196 1557.15 205.961 0.748715 0.251285 0
0.796 297.654 229.16 940.908 161.502 1555.98 205.902 0.74914 0.25086 0
0.795 296.731 228.673 939.347 161.808 1554.82 205.842 0.749566 0.250434 0
0.794 295.81 228.186 937.787 162.115 1553.65 205.783 0.749993 0.250007 0
0.793 294.89 227.699 936.229 162.423 1552.48 205.723 0.750421 0.249579 0
0.792 293.971 227.213 934.672 162.731 1551.32 205.663 0.75085 0.24915 0
0.791 293.054 226.727 933.116 163.04 1550.15 205.603 0.751279 0.248721 0
0.79 292.138 226.241 931.561 163.349 1548.99 205.543 0.75171 0.24829 0
0.789 291.224 225.755 930.007 163.659 1547.82 205.483 0.752142 0.247858 0
0.788 290.311 225.27 928.454 163.97 1546.66 205.423 0.752574 0.247426 0
0.787 289.399 224.785 926.903 164.282 1545.49 205.362 0.753007 0.246993 0
0.786 288.489 224.3 925.353 164.594 1544.33 205.302 0.753442 0.246558 0
0.785 287.58 223.815 923.803 164.906 1543.16 205.241 0.753877 0.246123 0
0.784 286.673 223.331 922.256 165.22 1542 205.181 0.754313 0.245687 0
0.783 285.767 222.847 920.709 165.534 1540.84 205.12 0.75475 0.24525 0
0.782 284.863 222.363 919.163 165.849 1539.68 205.059 0.755188 0.244812 0
0.781 283.96 221.879 917.619 166.164 1538.51 204.999 0.755627 0.244373 0
0.78 283.058 221.396 916.075 166.48 1537.35 204.938 0.756066 0.243934 0
0.779 282.158 220.913 914.533 166.797 1536.19 204.877 0.756507 0.243493 0
0.778 281.26 220.43 912.992 167.115 1535.03 204.815 0.756949 0.243051 0
0.777 280.362 219.947 911.452 167.433 1533.87 204.754 0.757391 0.242609 0
0.776 279.466 219.465 909.913 167.752 1532.71 204.693 0.757835 0.242165 0
0.775 278.572 218.983 908.376 168.071 1531.55 204.632 0.758279 0.241721 0
0.774 277.679 218.501 906.839 168.391 1530.39 204.57 0.758725 0.241275 0
0.773 276.787 218.019 905.304 168.712 1529.23 204.509 0.759171 0.240829 0
0.772 275.897 217.538 903.77 169.034 1528.07 204.447 0.759618 0.240382 0
0.771 275.008 217.056 902.237 169.356 1526.91 204.385 0.760066 0.239934 0
0.77 274.121 216.576 900.705 169.679 1525.75 204.323 0.760516 0.239484 0
0.769 273.235 216.095 899.175 170.002 1524.59 204.261 0.760966 0.239034 0
0.768 272.351 215.615 897.645 170.327 1523.43 204.199 0.761417 0.238583 0
0.767 271.468 215.135 896.117 170.652 1522.27 204.137 0.761869 0.238131 0
0.766 270.586 214.655 894.59 170.978 1521.12 204.075 0.762322 0.237678 0
0.765 269.706 214.175 893.064 171.304 1519.96 204.013 0.762776 0.237224 0
0.764 268.827 213.696 891.539 171.631 1518.8 203.95 0.763231 0.236769 0
0.763 267.95 213.217 890.015 171.959 1517.65 203.888 0.763687 0.236313 0
0.762 267.074 212.738 888.492 172.287 1516.49 203.825 0.764144 0.235856 0
0.761 266.2 212.259 886.971 172.617 1515.34 203.763 0.764601 0.235399 0
0.76 265.327 211.781 885.45 172.947 1514.18 203.7 0.76506 0.23494 0
0.759 264.455 211.303 883.931 173.277 1513.03 203.637 0.76552 0.23448 0
0.758 263.585 210.825 882.413 173.609 1511.87 203.574 0.765981 0.234019 0
0.757 262.717 210.348 880.896 173.941 1510.72 203.511 0.766443 0.233557 0
0.756 261.849 209.871 879.381 174.274 1509.56 203.448 0.766905 0.233095 0
0.755 260.984 209.394 877.866 174.608 1508.41 203.384 0.767369 0.232631 0
0.754 260.119 208.917 876.353 174.942 1507.26 203.321 0.767834 0.232166 0
0.753 259.256 208.44 874.841 175.277 1506.1 203.258 0.768299 0.231701 0
0.752 258.395 207.964 873.329 175.613 1504.95 203.194 0.768766 0.231234 0
0.751 257.535 207.488 871.819 175.949 1503.8 203.13 0.769234 0.230766 0
0.75 256.676 207.013 870.311 176.287 1502.65 203.067 0.769703 0.230297 0
0.749 255.819 206.537 868.803 176.625 1501.5 203.003 0.770172 0.229828 0
0.748 254.963 206.062 867.296 176.963 1500.35 202.939 0.770643 0.229357 0
0.747 254.109 205.587 865.791 177.303 1499.2 202.875 0.771115 0.228885 0
0.746 253.256 205.113 864.287 177.643 1498.05 202.811 0.771588 0.228412 0
0.745 252.405 204.638 862.784 177.984 1496.9 202.746 0.772061 0.227939 0
0.744 251.555 204.164 861.282 178.326 1495.75 202.682 0.772536 0.227464 0
0.743 250.706 203.691 859.781 178.668 1494.6 202.618 0.773012 0.226988 0
0.742 249.859 203.217 858.281 179.012 1493.45 202.553 0.773489 0.226511 0
0.741 249.014 202.744 856.782 179.356 1492.3 202.488 0.773967 0.226033 0
0.74 248.17 202.271 855.285 179.701 1491.15 202.424 0.774445 0.225555 0
0.739 247.327 201.798 853.789 180.046 1490.01 202.359 0.774925 0.225075 0
0.738 246.486 201.326 852.294 180.392 1488.86 202.294 0.775406 0.224594 0
0.737 245.646 200.854 850.8 180.74 1487.71 202.229 0.775888 0.224112 0
0.736 244.807 200.382 849.307 181.088 1486.57 202.163 0.776371 0.223629 0
0.735 243.97 199.91 847.815 181.436 1485.42 202.098 0.776855 0.223145 0
0.734 243.135 199.439 846.325 181.786 1484.28 202.033 0.777341 0.222659 0
0.733 242.301 198.968 844.835 182.136 1483.13 201.967 0.777827 0.222173 0
0.732 241.468 198.497 843.347 182.487 1481.99 201.901 0.778314 0.221686 0
0.731 240.637 198.027 841.86 182.839 1480.84 201.836 0.778802 0.221198 0
0.73 239.808 197.557 840.374 183.191 1479.7 201.77 0.779291 0.220709 0
0.729 238.979 197.087 838.889 183.545 1478.56 201.704 0.779782 0.220218 0
0.728 238.153 196.617 837.405 183.899 1477.41 201.638 0.780273 0.219727 0
0.727 237.327 196.148 835.922 184.254 1476.27 201.572 0.780766 0.219234 0
0.726 236.503 195.679 834.441 184.61 1475.13 201.505 0.781259 0.218741 0
0.725 235.681 195.21 832.96 184.966 1473.99 201.439 0.781754 0.218246 0
0.724 234.86 194.741 831.481 185.324 1472.85 201.373 0.78225 0.21775 0
0.723 234.04 194.273 830.003 185.682 1471.71 201.306 0.782746 0.217254 0
0.722 233.222 193.805 828.526 186.041 1470.57 201.239 0.783244 0.216756 0
0.721 232.406 193.337 827.05 186.401 1469.43 201.172 0.783743 0.216257 0
0.72 231.591 192.87 825.576 186.762 1468.29 201.105 0.784243 0.215757 0
0.719 230.777 192.403 824.102 187.123 1467.15 201.038 0.784744 0.215256 0
0.718 229.965 191.936 822.63 187.485 1466.01 200.971 0.785247 0.214753 0
0.717 229.154 191.469 821.158 187.849 1464.87 200.904 0.78575 0.21425 0
0.716 228.345 191.003 819.688 188.213 1463.73 200.837 0.786254 0.213746 0
0.715 227.537 190.537 818.219 188.577 1462.6 200.769 0.78676 0.21324 0
0.714 226.73 190.072 816.751 188.943 1461.46 200.701 0.787266 0.212734 0
0.713 225.926 189.606 815.284 189.309 1460.32 200.634 0.787774 0.212226 0
0.712 225.122 189.141 813.819 189.677 1459.19 200.566 0.788283 0.211717 0
0.711 224.32 188.676 812.354 190.045 1458.05 200.498 0.788793 0.211207 0
0.71 223.52 188.212 810.891 190.414 1456.92 200.43 0.789304 0.210696 0
0.709 222.72 187.748 809.429 190.784 1455.78 200.362 0.789816 0.210184 0
0.708 221.923 187.284 807.968 191.154 1454.65 200.293 0.790329 0.209671 0
0.707 221.127 186.82 806.507 191.526 1453.51 200.225 0.790843 0.209157 0
0.706 220.332 186.357 805.049 191.898 1452.38 200.156 0.791359 0.208641 0
0.705 219.539 185.894 803.591 192.272 1451.25 200.088 0.791875 0.208125 0
0.704 218.747 185.431 802.134 192.646 1450.12 200.019 0.792393 0.207607 0
0.703 217.957 184.968 800.679 193.021 1448.98 199.95 0.792912 0.207088 0
0.702 217.168 184.506 799.224 193.397 1447.85 199.881 0.793432 0.206568 0
0.701 216.381 184.044 797.771 193.774 1446.72 199.812 0.793953 0.206047 0
0.7 215.595 183.583 796.319 194.151 1445.59 199.742 0.794475 0.205525 0
0.699 214.81 183.121 794.868 194.53 1444.46 199.673 0.794999 0.205001 0
0.698 214.027 182.66 793.418 194.909 1443.33 199.603 0.795523 0.204477 0
0.697 213.246 182.2 791.969 195.289 1442.2 199.534 0.796049 0.203951 0
0.696 212.466 181.739 790.521 195.67 1441.07 199.464 0.796576 0.203424 0
0.695 211.687 181.279 789.075 196.053 1439.95 199.394 0.797104 0.202896 0
0.694 210.91 180.819 787.629 196.435 1438.82 199.324 0.797633 0.202367 0
0.693 210.135 180.36 786.185 196.819 1437.69 199.254 0.798163 0.201837 0
0.692 209.361 179.901 784.742 197.204 1436.56 199.184 0.798695 0.201305 0
0.691 208.588 179.442 783.3 197.59 1435.44 199.113 0.799227 0.200773 0
0.69 207.817 178.983 781.859 197.976 1434.31 199.043 0.799761 0.200239 0
0.689 207.047 178.525 780.419 198.364 1433.19 198.972 0.800296 0.199704 0
0.688 206.279 178.067 778.98 198.752 1432.06 198.901 0.800832 0.199168 0
0.687 205.512 177.609 777.543 199.141 1430.94 198.83 0.801369 0.198631 0
0.686 204.747 177.152 776.106 199.532 1429.81 198.759 0.801908 0.198092 0
0.685 203.983 176.695 774.671 199.923 1428.69 198.688 0.802448 0.197552 0
0.684 203.221 176.238 773.237 200.315 1427.57 198.617 0.802988 0.197012 0
0.683 202.46 175.782 771.803 200.708 1426.45 198.545 0.80353 0.19647 0
0.682 201.7 175.325 770.371 201.102 1425.33 198.474 0.804074 0.195926 0
0.681 200.943 174.869 768.94 201.496 1424.2 198.402 0.804618 0.195382 0
0.68 200.186 174.414 767.511 201.892 1423.08 198.33 0.805164 0.194836 0
0.679 199.431 173.959 766.082 202.289 1421.96 198.258 0.805711 0.194289 0
0.678 198.678 173.504 764.654 202.687 1420.84 198.186 0.806259 0.193741 0
0.677 197.926 173.049 763.228 203.085 1419.72 198.114 0.806808 0.193192 0
0.676 197.175 172.595 761.802 203.485 1418.61 198.042 0.807358 0.192642 0
0.675 196.426 172.141 760.378 203.885 1417.49 197.969 0.80791 0.19209 0
0.674 195.679 171.687 758.955 204.287 1416.37 197.897 0.808463 0.191537 0
0.673 194.933 171.234 757.533 204.689 1415.25 197.824 0.809017 0.190983 0
0.672 194.188 170.781 756.112 205.093 1414.14 197.751 0.809572 0.190428 0
0.671 193.445 170.328 754.692 205.497 1413.02 197.678 0.810129 0.189871 0
0.67 192.704 169.875 753.274 205.902 1411.91 197.605 0.810686 0.189314 0
0.669 191.963 169.423 751.856 206.308 1410.79 197.531 0.811245 0.188755 0
0.668 191.225 168.972 750.439 206.716 1409.68 197.458 0.811805 0.188195 0
0.667 190.488 168.52 749.024 207.124 1408.56 197.384 0.812367 0.187633 0
0.666 189.752 168.069 747.61 207.533 1407.45 197.311 0.81293 0.18707 0
0.665 189.018 167.618 746.196 207.943 1406.34 197.237 0.813493 0.186507 0
0.664 188.285 167.167 744.784 208.355 1405.23 197.163 0.814059 0.185941 0
0.663 187.554 166.717 743.373 208.767 1404.11 197.089 0.814625 0.185375 0
0.662 186.824 166.267 741.963 209.18 1403 197.014 0.815193 0.184807 0
0.661 186.096 165.818 740.555 209.594 1401.89 196.94 0.815761 0.184239 0
0.66 185.369 165.368 739.147 210.009 1400.78 196.865 0.816332 0.183668 0
0.659 184.644 164.919 737.74 210.426 1399.67 196.791 0.816903 0.183097 0
0.658 183.921 164.471 736.335 210.843 1398.56 196.716 0.817476 0.182524 0
0.657 183.198 164.023 734.93 211.261 1397.46 196.641 0.81805 0.18195 0
0.656 182.478 163.575 733.527 211.68 1396.35 196.566 0.818625 0.181375 0
0.655 181.758 163.127 732.125 212.1 1395.24 196.49 0.819201 0.180799 0
0.654 181.041 162.68 730.724 212.522 1394.14 196.415 0.819779 0.180221 0
0.653 180.324 162.233 729.324 212.944 1393.03 196.339 0.820358 0.179642 0
0.652 179.61 161.786 727.925 213.367 1391.92 196.263 0.820938 0.179062 0
0.651 178.896 161.339 726.527 213.792 1390.82 196.187 0.82152 0.17848 0
0.65 178.184 160.893 725.13 214.217 1389.72 196.111 0.822102 0.177898 0
0.649 177.474 160.448 723.735 214.644 1388.61 196.035 0.822687 0.177313 0
0.648 176.765 160.002 722.34 215.071 1387.51 195.959 0.823272 0.176728 0
0.647 176.058 159.557 720.947 215.5 1386.41 195.882 0.823859 0.176141 0
0.646 175.352 159.113 719.554 215.929 1385.3 195.806 0.824447 0.175553 0
0.645 174.648 158.668 718.163 216.36 1384.2 195.729 0.825036 0.174964 0
0.644 173.945 158.224 716.773 216.791 1383.1 195.652 0.825626 0.174374 0
0.643 173.244 157.78 715.384 217.224 1382 195.575 0.826218 0.173782 0
0.642 172.544 157.337 713.996 217.658 1380.9 195.498 0.826811 0.173189 0
0.641 171.846 156.894 712.609 218.093 1379.8 195.42 0.827406 0.172594 0
0.64 171.149 156.451 711.223 218.529 1378.71 195.343 0.828002 0.171998 0
0.639 170.454 156.009 709.838 218.966 1377.61 195.265 0.828599 0.171401 0
0.638 169.76 155.567 708.455 219.404 1376.51 195.187 0.829197 0.170803 0
0.637 169.068 155.125 707.072 219.843 1375.42 195.109 0.829797 0.170203 0
0.636 168.377 154.683 705.691 220.283 1374.32 195.031 0.830398 0.169602 0
0.635 167.688 154.242 704.31 220.725 1373.23 194.952 0.831 0.169 0
0.634 167 153.802 702.931 221.167 1372.13 194.874 0.831604 0.168396 0
0.633 166.314 153.361 701.553 221.611 1371.04 194.795 0.832209 0.167791 0
0.632 165.629 152.921 700.176 222.056 1369.94 194.716 0.832815 0.167185 0
0.631 164.946 152.481 698.8 222.501 1368.85 194.637 0.833423 0.166577 0
0.63 164.264 152.042 697.425 222.948 1367.76 194.558 0.834032 0.165968 0
0.629 163.584 151.603 696.051 223.396 1366.67 194.479 0.834642 0.165358 0
0.628 162.905 151.164 694.678 223.845 1365.58 194.399 0.835254 0.164746 0
0.627 162.228 150.726 693.306 224.296 1364.49 194.32 0.835867 0.164133 0
0.626 161.552 150.288 691.936 224.747 1363.4 194.24 0.836482 0.163518 0
0.625 160.878 149.85 690.566 225.199 1362.31 194.16 0.837097 0.162903 0
0.624 160.205 149.413 689.197 225.653 1361.22 194.08 0.837714 0.162286 0
0.623 159.534 148.976 687.83 226.108 1360.13 193.999 0.838333 0.161667 0
0.622 158.864 148.539 686.464 226.564 1359.05 193.919 0.838953 0.161047 0
0.621 158.196 148.103 685.098 227.021 1357.96 193.838 0.839574 0.160426 0
0.62 157.529 147.667 683.734 227.479 1356.88 193.757 0.840196 0.159804 0
0.619 156.864 147.231 682.371 227.938 1355.79 193.676 0.84082 0.15918 0
0.618 156.2 146.796 681.009 228.399 1354.71 193.595 0.841445 0.158555 0
0.617 155.538 146.361 679.648 228.86 1353.62 193.514 0.842072 0.157928 0
0.616 154.877 145.926 678.288 229.323 1352.54 193.432 0.8427 0.1573 0
0.615 154.218 145.492 676.929 229.787 1351.46 193.35 0.843329 0.156671 0
0.614 153.561 145.058 675.571 230.252 1350.38 193.269 0.84396 0.15604 0
0.613 152.905 144.624 674.215 230.718 1349.3 193.187 0.844592 0.155408 0
0.612 152.25 144.191 672.859 231.186 1348.22 193.104 0.845226 0.154774 0
0.611 151.597 143.758 671.505 231.655 1347.14 193.022 0.845861 0.154139 0
0.61 150.945 143.326 670.151 232.124 1346.06 192.939 0.846497 0.153503 0
0.609 150.295 142.893 668.799 232.595 1344.98 192.857 0.847135 0.152865 0
0.608 149.647 142.462 667.447 233.068 1343.9 192.774 0.847774 0.152226 0
0.607 149 142.03 666.097 233.541 1342.83 192.69 0.848414 0.151586 0
0.606 148.354 141.599 664.748 234.016 1341.75 192.607 0.849056 0.150944 0
0.605 147.71 141.168 663.4 234.492 1340.68 192.524 0.849699 0.150301 0
0.604 147.068 140.738 662.052 234.969 1339.6 192.44 0.850344 0.149656 0
0.603 146.427 140.308 660.706 235.447 1338.53 192.356 0.85099 0.14901 0
0.602 145.788 139.878 659.361 235.926 1337.46 192.272 0.851638 0.148362 0
0.601 145.15 139.449 658.017 236.407 1336.38 192.188 0.852287 0.147713 0
0.6 144.513 139.02 656.675 236.889 1335.31 192.104 0.852937 0.147063 0
0.599 143.878 138.591 655.333 237.372 1334.24 192.019 0.853589 0.146411 0
0.598 143.245 138.163 653.992 237.857 1333.17 191.934 0.854242 0.145758 0
0.597 142.613 137.735 652.652 238.342 1332.1 191.849 0.854896 0.145104 0
0.596 141.983 137.307 651.314 238.829 1331.03 191.764 0.855552 0.144448 0
0.595 141.354 136.88 649.976 239.317 1329.97 191.679 0.85621 0.14379 0
0.594 140.727 136.453 648.64 239.807 1328.9 191.593 0.856868 0.143132 0
0.593 140.101 136.027 647.304 240.297 1327.83 191.507 0.857529 0.142471 0
0.592 139.477 135.601 645.97 240.789 1326.77 191.422 0.85819 0.14181 0
0.591 138.854 135.175 644.636 241.282 1325.7 191.335 0.858853 0.141147 0
0.59 138.233 134.749 643.304 241.777 1324.64 191.249 0.859518 0.140482 0
0.589 137.613 134.324 641.973 242.272 1323.58 191.163 0.860184 0.139816 0
0.588 136.995 133.9 640.643 242.769 1322.51 191.076 0.860851 0.139149 0
0.587 136.378 133.475 639.313 243.267 1321.45 190.989 0.86152 0.13848 0
0.586 135.763 133.051 637.985 243.767 1320.39 190.902 0.86219 0.13781 0
0.585 135.15 132.628 636.658 244.268 1319.33 190.815 0.862862 0.137138 0
0.584 134.538 132.205 635.332 244.77 1318.27 190.727 0.863535 0.136465 0
0.583 133.927 131.782 634.007 245.273 1317.21 190.639 0.86421 0.13579 0
0.582 133.318 131.359 632.683 245.778 1316.15 190.552 0.864886 0.135114 0
0.581 132.71 130.937 631.36 246.284 1315.1 190.463 0.865563 0.134437 0
0.58 132.105 130.515 630.039 246.791 1314.04 190.375 0.866242 0.133758 0
0.579 131.5 130.094 628.718 247.3 1312.98 190.287 0.866923 0.133077 0
0.578 130.897 129.673 627.398 247.81 1311.93 190.198 0.867605 0.132395 0
0.577 130.296 129.252 626.079 248.321 1310.88 190.109 0.868288 0.131712 0
0.576 129.696 128.832 624.762 248.833 1309.82 190.02 0.868973 0.131027 0
0.575 129.098 128.412 623.445 249.347 1308.77 189.931 0.869659 0.130341 0
0.574 128.501 127.992 622.129 249.863 1307.72 189.841 0.870347 0.129653 0
0.573 127.905 127.573 620.815 250.379 1306.67 189.751 0.871036 0.128964 0
0.572 127.312 127.154 619.501 250.897 1305.62 189.661 0.871726 0.128274 0
0.571 126.719 126.736 618.189 251.416 1304.57 189.571 0.872418 0.127582 0
0.57 126.129 126.318 616.877 251.937 1303.52 189.481 0.873112 0.126888 0
0.569 125.539 125.9 615.567 252.459 1302.47 189.39 0.873807 0.126193 0
0.568 124.952 125.483 614.257 252.982 1301.42 189.299 0.874503 0.125497 0
0.567 124.366 125.066 612.949 253.507 1300.38 189.208 0.875201 0.124799 0
0.566 123.781 124.649 611.642 254.033 1299.33 189.117 0.875901 0.124099 0
0.565 123.198 124.233 610.335 254.56 1298.29 189.026 0.876601 0.123399 0
0.564 122.616 123.817 609.03 255.089 1297.25 188.934 0.877304 0.122696 0
0.563 122.036 123.402 607.726 255.619 1296.2 188.842 0.878008 0.121992 0
0.562 121.458 122.986 606.423 256.151 1295.16 188.75 0.878713 0.121287 0
0.561 120.881 122.572 605.121 256.684 1294.12 188.658 0.87942 0.12058 0
0.56 120.305 122.157 603.819 257.218 1293.08 188.565 0.880128 0.119872 0
0.559 119.731 121.743 602.519 257.754 1292.04 188.472 0.880837 0.119163 0
0.558 119.159 121.33 601.22 258.291 1291 188.379 0.881549 0.118451 0
0.557 118.588 120.917 599.922 258.83 1289.96 188.286 0.882261 0.117739 0
0.556 118.019 120.504 598.625 259.37 1288.93 188.192 0.882975 0.117025 0
0.555 117.451 120.091 597.329 259.911 1287.89 188.099 0.883691 0.116309 0
0.554 116.885 119.679 596.034 260.454 1286.86 188.005 0.884408 0.115592 0
0.553 116.32 119.268 594.74 260.998 1285.82 187.911 0.885126 0.114874 0
0.552 115.756 118.856 593.447 261.544 1284.79 187.816 0.885846 0.114154 0
0.551 115.195 118.445 592.155 262.091 1283.76 187.722 0.886568 0.113432 0
0.55 114.635 118.035 590.864 262.64 1282.72 187.627 0.887291 0.112709 0
0.549 114.076 117.625 589.574 263.19 1281.69 187.532 0.888015 0.111985 0
0.548 113.519 117.215 588.285 263.741 1280.66 187.436 0.888741 0.111259 0
0.547 112.963 116.806 586.997 264.294 1279.64 187.341 0.889468 0.110532 0
0.546 112.409 116.397 585.71 264.848 1278.61 187.245 0.890197 0.109803 0
0.545 111.856 115.988 584.425 265.404 1277.58 187.149 0.890928 0.109072 0
0.544 111.305 115.58 583.14 265.961 1276.55 187.052 0.891659 0.108341 0
0.543 110.756 115.172 581.856 266.52 1275.53 186.956 0.892393 0.107607 0
0.542 110.208 114.764 580.573 267.08 1274.5 186.859 0.893127 0.106873 0
0.541 109.661 114.357 579.291 267.642 1273.48 186.762 0.893863 0.106137 0
0.54 109.116 113.951 578.01 268.205 1272.46 186.665 0.894601 0.105399 0
0.539 108.573 113.544 576.731 268.77 1271.44 186.567 0.89534 0.10466 0
0.538 108.031 113.138 575.452 269.336 1270.41 186.469 0.896081 0.103919 0
0.537 107.491 112.733 574.174 269.904 1269.39 186.371 0.896823 0.103177 0
0.536 106.952 112.328 572.897 270.473 1268.37 186.273 0.897566 0.102434 0
0.535 106.414 111.923 571.621 271.044 1267.36 186.174 0.898311 0.101689 0
0.534 105.879 111.519 570.347 271.616 1266.34 186.076 0.899058 0.100942 0
0.533 105.344 111.115 569.073 272.19 1265.32 185.976 0.899806 0.100194 0
0.532 104.812 110.711 567.8 272.765 1264.31 185.877 0.900555 0.0994451 0
0.531 104.28 110.308 566.528 273.342 1263.29 185.777 0.901306 0.0986944 0
0.53 103.751 109.905 565.257 273.92 1262.28 185.678 0.902058 0.0979422 0
0.529 103.222 109.503 563.987 274.5 1261.27 185.578 0.902812 0.0971885 0
0.528 102.696 109.101 562.719 275.082 1260.25 185.477 0.903567 0.0964334 0
0.527 102.17 108.699 561.451 275.665 1259.24 185.376 0.904323 0.0956768 0
0.526 101.647 108.298 560.184 276.249 1258.23 185.276 0.905081 0.0949189 0
0.525 101.125 107.897 558.918 276.835 1257.22 185.174 0.905841 0.0941595 0
0.524 100.604 107.497 557.653 277.423 1256.22 185.073 0.906601 0.0933986 0
0.523 100.085 107.097 556.389 278.012 1255.21 184.971 0.907364 0.0926363 0
0.522 99.5674 106.697 555.127 278.603 1254.2 184.869 0.908127 0.0918726 0
0.521 99.0514 106.298 553.865 279.195 1253.2 184.767 0.908892 0.0911075 0
0.52 98.5368 105.899 552.604 279.789 1252.19 184.664 0.909659 0.090341 0
0.519 98.0238 105.501 551.344 280.385 1251.19 184.561 0.910427 0.0895731 0
0.518 97.5123 105.103 550.085 280.982 1250.19 184.458 0.911196 0.0888037 0
0.517 97.0023 104.705 548.827 281.58 1249.19 184.355 0.911967 0.088033 0
0.516 96.4938 104.308 547.57 282.181 1248.19 184.251 0.912739 0.0872609 0
0.515 95.9868 103.911 546.314 282.783 1247.19 184.147 0.913513 0.0864873 0
0.514 95.4813 103.514 545.059 283.386 1246.19 184.043 0.914288 0.0857124 0
0.513 94.9774 103.118 543.805 283.991 1245.19 183.938 0.915064 0.0849362 0
0.512 94.4749 102.723 542.552 284.598 1244.19 183.833 0.915842 0.0841585 0
0.511 93.974 102.327 541.3 285.206 1243.2 183.728 0.916621 0.0833795 0
0.51 93.4746 101.933 540.049 285.816 1242.2 183.623 0.917401 0.0825991 0
0.509 92.9767 101.538 538.799 286.428 1241.21 183.517 0.918183 0.0818174 0
0.508 92.4803 101.144 537.55 287.041 1240.22 183.411 0.918966 0.0810343 0
0.507 91.9854 100.75 536.302 287.656 1239.22 183.305 0.91975 0.0802498 0
0.506 91.492 100.357 535.054 288.273 1238.23 183.198 0.920536 0.0794641 0
0.505 91.0001 99.9643 533.808 288.891 1237.24 183.091 0.921323 0.078677 0
0.504 90.5097 99.5719 532.563 289.511 1236.26 182.984 0.922111 0.0778886 0
0.503 90.0208 99.1799 531.319 290.133 1235.27 182.876 0.922901 0.0770989 0
0.502 89.5334 98.7882 530.075 290.756 1234.28 182.768 0.923692 0.076308 0
0.501 89.0475 98.397 528.833 291.381 1233.29 182.66 0.924484 0.0755157 0
0.5 88.5631 98.0062 527.592 292.007 1232.31 182.552 0.925278 0.0747221 0
0.499 88.0802 97.6158 526.351 292.636 1231.33 182.443 0.926073 0.0739273 0
0.498 87.5988 97.2258 525.112 293.266 1230.34 182.334 0.926869 0.0731312 0
0.497 87.1189 96.8362 523.873 293.897 1229.36 182.224 0.927666 0.0723339 0
0.496 86.6405 96.447 522.636 294.531 1228.38 182.114 0.928465 0.0715354 0
0.495 86.1635 96.0583 521.399 295.166 1227.4 182.004 0.929264 0.0707356 0
0.494 85.6881 95.6699 520.164 295.803 1226.42 181.894 0.930065 0.0699346 0
0.493 85.2142 95.282 518.929 296.441 1225.44 181.783 0.930868 0.0691324 0
0.492 84.7417 94.8944 517.695 297.082 1224.47 181.672 0.931671 0.0683291 0
0.491 84.2707 94.5073 516.463 297.723 1223.49 181.56 0.932475 0.0675245 0
0.49 83.8012 94.1205 515.231 298.367 1222.51 181.449 0.933281 0.0667189 0
0.489 83.3332 93.7342 514 299.013 1221.54 181.336 0.934088 0.065912 0
0.488 82.8667 93.3483 512.77 299.66 1220.57 181.224 0.934896 0.0651041 0
0.487 82.4016 92.9628 511.541 300.309 1219.6 181.111 0.935705 0.064295 0
0.486 81.938 92.5778 510.313 300.959 1218.62 180.998 0.936515 0.0634849 0
0.485 81.4759 92.1931 509.086 301.612 1217.65 180.884 0.937326 0.0626736 0
0.484 81.0153 91.8089 507.86 302.266 1216.69 180.77 0.938139 0.0618614 0
0.483 80.5561 91.425 506.635 302.922 1215.72 180.656 0.938952 0.061048 0
0.482 80.0985 91.0416 505.411 303.58 1214.75 180.542 0.939766 0.0602337 0
0.481 79.6422 90.6586 504.188 304.24 1213.78 180.427 0.940582 0.0594184 0
0.48 79.1875 90.276 502.965 304.901 1212.82 180.311 0.941398 0.0586021 0
0.479 78.7342 89.8938 501.744 305.564 1211.85 180.195 0.942215 0.0577848 0
0.478 78.2823 89.5121 500.524 306.229 1210.89 180.079 0.943033 0.0569666 0
0.477 77.8319 89.1307 499.304 306.896 1209.93 179.963 0.943853 0.0561475 0
0.476 77.383 88.7498 498.086 307.564 1208.97 179.846 0.944673 0.0553275 0
0.475 76.9355 88.3693 496.868 308.235 1208.01 179.729 0.945493 0.0545066 0
0.474 76.4895 87.9892 495.651 308.907 1207.05 179.611 0.946315 0.053685 0
0.473 76.0449 87.6096 494.436 309.581 1206.09 179.493 0.947138 0.0528625 0
0.472 75.6017 87.2303 493.221 310.257 1205.13 179.374 0.947961 0.0520392 0
0.471 75.16 86.8515 492.007 310.934 1204.18 179.255 0.948785 0.0512152 0
0.47 74.7198 86.4731 490.794 311.614 1203.22 179.136 0.94961 0.0503905 0
0.469 74.2809 86.0952 489.582 312.295 1202.27 179.016 0.950435 0.0495651 0
0.468 73.8435 85.7176 488.371 312.979 1201.31 178.896 0.951261 0.048739 0
0.467 73.4075 85.3405 487.161 313.664 1200.36 178.776 0.952088 0.0479124 0
0.466 72.973 84.9638 485.952 314.351 1199.41 178.655 0.952915 0.0470851 0
0.465 72.5398 84.5875 484.743 315.04 1198.46 178.533 0.953743 0.0462573 0
0.464 72.1081 84.2116 483.536 315.73 1197.51 178.412 0.954571 0.045429 0
0.463 71.6778 83.8362 482.329 316.423 1196.56 178.289 0.9554 0.0446003 0
0.462 71.2489 83.4612 481.124 317.118 1195.61 178.167 0.956229 0.0437711 0
0.461 70.8213 83.0866 479.919 317.814 1194.67 178.043 0.957058 0.0429416 0
0.46 70.3952 82.7125 478.716 318.512 1193.72 177.92 0.957888 0.0421118 0
0.459 69.9705 82.3388 477.513 319.213 1192.77 177.796 0.958718 0.0412817 0
0.458 69.5472 81.9655 476.311 319.915 1191.83 177.671 0.959549 0.0404513 0
0.457 69.1252 81.5926 475.11 320.619 1190.89 177.546 0.960379 0.0396208 0
0.456 68.7047 81.2202 473.91 321.325 1189.94 177.421 0.96121 0.0387902 0
0.455 68.2855 80.8482 472.711 322.033 1189 177.295 0.96204 0.0379595 0
0.454 67.8677 80.4767 471.513 322.743 1188.06 177.168 0.962871 0.0371288 0
0.453 67.4512 80.1056 470.315 323.455 1187.12 177.041 0.963702 0.0362983 0
0.452 67.0361 79.7349 469.119 324.169 1186.18 176.914 0.964532 0.0354678 0
0.451 66.6223 79.3647 467.923 324.884 1185.25 176.786 0.965362 0.0346376 0
0.45 66.2099 78.9948 466.729 325.602 1184.31 176.657 0.966192 0.0338076 0
0.449 65.7988 78.6255 465.535 326.322 1183.37 176.528 0.967022 0.032978 0
0.448 65.389 78.2566 464.342 327.044 1182.44 176.398 0.967851 0.0321489 0
0.447 64.9806 77.8881 463.151 327.768 1181.5 176.268 0.96868 0.0313203 0
0.446 64.5735 77.52 461.96 328.493 1180.57 176.137 0.969508 0.0304923 0
0.445 64.1676 77.1524 460.769 329.221 1179.63 176.006 0.970335 0.029665 0
0.444 63.7631 76.7853 459.58 329.951 1178.7 175.874 0.971161 0.0288386 0
0.443 63.3598 76.4186 458.392 330.683 1177.77 175.742 0.971987 0.0280131 0
0.442 62.9579 76.0523 457.205 331.417 1176.84 175.609 0.972811 0.0271886 0
0.441 62.5571 75.6865 456.018 332.153 1175.91 175.475 0.973635 0.0263653 0
0.44 62.1577 75.3212 454.832 332.891 1174.98 175.341 0.974457 0.0255433 0
0.439 61.7595 74.9563 453.648 333.631 1174.05 175.206 0.975277 0.0247227 0
0.438 61.3625 74.5918 452.464 334.373 1173.12 175.07 0.976096 0.0239037 0
0.437 60.9667 74.2278 451.281 335.117 1172.19 174.934 0.976914 0.0230864 0
0.436 60.5721 73.8643 450.099 335.864 1171.26 174.797 0.977729 0.0222709 0
0.435 60.1787 73.5012 448.918 336.612 1170.34 174.659 0.978542 0.0214576 0
0.434 59.7865 73.1386 447.737 337.363 1169.41 174.521 0.979354 0.0206464 0
0.433 59.3954 72.7765 446.558 338.116 1168.48 174.382 0.980162 0.0198377 0
0.432 59.0055 72.4148 445.379 338.871 1167.56 174.242 0.980968 0.0190316 0
0.431 58.6167 72.0536 444.202 339.628 1166.63 174.101 0.981772 0.0182285 0
0.43 58.2289 71.6929 443.025 340.387 1165.71 173.96 0.982572 0.0174284 0
0.429 57.8423 71.3326 441.849 341.148 1164.78 173.817 0.983368 0.0166317 0
0.428 57.4567 70.9728 440.674 341.912 1163.86 173.674 0.984161 0.0158386 0
0.427 57.0721 70.6135 439.5 342.678 1162.93 173.53 0.98495 0.0150496 0
0.426 56.6885 70.2547 438.326 343.446 1162.01 173.385 0.985735 0.0142648 0
0.425 56.3059 69.8964 437.154 344.216 1161.08 173.24 0.986515 0.0134847 0
0.424 55.9242 69.5385 435.982 344.988 1160.16 173.093 0.98729 0.0127098 0
0.423 55.5434 69.1812 434.812 345.763 1159.23 172.945 0.98806 0.0119403 0
0.422 55.1634 68.8243 433.642 346.54 1158.31 172.796 0.988823 0.0111768 0
0.421 54.7842 68.468 432.473 347.32 1157.38 172.646 0.98958 0.0104199 0
0.42 54.4058 68.1122 431.305 348.102 1156.45 172.495 0.99033 0.00967014 0
0.419 54.0281 67.7569 430.137 348.886 1155.53 172.342 0.991072 0.00892822 0
0.418 53.651 67.4021 428.971 349.672 1154.6 172.189 0.991805 0.0081949 0
0.417 53.2744 67.0478 427.805 350.461 1153.67 172.034 0.992529 0.00747105 0
0.416 52.8983 66.6941 426.64 351.253 1152.74 171.877 0.993242 0.00675766 0
0.415 52.5225 66.3409 425.476 352.046 1151.8 171.719 0.993944 0.0060559 0
0.414 52.147 65.9882 424.313 352.843 1150.87 171.559 0.994633 0.00536711 0
0.413 51.7716 65.6361 423.151 353.642 1149.93 171.398 0.995307 0.00469292 0
0.412 51.3961 65.2846 421.989 354.443 1148.99 171.234 0.995965 0.00403526 0
0.411 51.0203 64.9337 420.828 355.248 1148.05 171.068 0.996603 0.00339652 0
0.41 50.6439 64.5833 419.669 356.055 1147.1 170.9 0.99722 0.00277972 0
0.409 50.2666 64.2336 418.509 356.865 1146.15 170.729 0.997811 0.00218881 0
0.408 49.8879 63.8845 417.351 357.678 1145.19 170.555 0.998371 0.00162912 0
0.407 49.5071 63.536 416.193 358.494 1144.23 170.377 0.998892 0.00110841 0
0.406 49.123 63.1882 415.036 359.313 1143.25 170.194 0.999361 0.000638994 0
0.405 48.7334 62.8411 413.879 360.137 1142.25 170.004 0.999756 0.000244117 0
0.404 48.331 62.4948 412.722 360.965 1141.22 169.8 1 0 0
0.403 47.907 62.1495 411.565 361.801 1140.13 169.575 1 0 0
0.402 47.4852 61.8051 410.409 362.64 1139.04 169.349 1 0 0
0.401 47.0658 61.4617 409.254 363.482 1137.95 169.122 1 0 0
0.4 46.6487 61.1193 408.1 364.327 1136.87 168.895 1 0 0
0.399 46.2338 60.778 406.947 365.175 1135.79 168.668 1 0 0
0.398 45.8212 60.4376 405.795 366.026 1134.72 168.439 1 0 0
0.397 45.4108 60.0982 404.645 366.88 1133.64 168.211 1 0 0
0.396 45.0028 59.7598 403.495 367.738 1132.57 167.982 1 0 0
0.395 44.597 59.4224 402.346 368.598 1131.5 167.752 1 0 0
0.394 44.1935 59.086 401.199 369.461 1130.44 167.522 1 0 0
0.393 43.7922 58.7505 400.052 370.327 1129.37 167.291 1 0 0
0.392 43.3932 58.4161 398.907 371.197 1128.32 167.059 1 0 0
0.391 42.9965 58.0827 397.762 372.069 1127.26 166.828 1 0 0
0.39 42.602 57.7502 396.619 372.945 1126.21 166.595 1 0 0
0.389 42.2097 57.4188 395.476 373.823 1125.16 166.362 1 0 0
0.388 41.8197 57.0883 394.335 374.705 1124.11 166.128 1 0 0
0.387 41.432 56.7589 393.195 375.59 1123.07 165.894 1 0 0
0.386 41.0465 56.4304 392.055 376.477 1122.03 165.66 1 0 0
0.385 40.6633 56.103 390.917 377.368 1120.99 165.424 1 0 0
0.384 40.2822 55.7765 389.78 378.262 1119.95 165.189 1 0 0
0.383 39.9035 55.451 388.643 379.159 1118.92 164.952 1 0 0
0.382 39.5269 55.1265 387.508 380.059 1117.89 164.715 1 0 0
0.381 39.1526 54.803 386.374 380.962 1116.87 164.478 1 0 0
0.38 38.7805 54.4805 385.241 381.868 1115.85 164.24 1 0 0
0.379 38.4106 54.159 384.109 382.778 1114.83 164.001 1 0 0
0.378 38.043 53.8385 382.977 383.69 1113.81 163.762 1 0 0
0.377 37.6775 53.5189 381.847 384.606 1112.8 163.522 1 0 0
0.376 37.3143 53.2004 380.718 385.524 1111.79 163.282 1 0 0
0.375 36.9533 52.8828 379.59 386.446 1110.78 163.041 1 0 0
0.374 36.5944 52.5662 378.463 387.371 1109.78 162.8 1 0 0
0.373 36.2378 52.2507 377.336 388.299 1108.78 162.558 1 0 0
0.372 35.8834 51.9361 376.211 389.229 1107.78 162.315 1 0 0
0.371 35.5312 51.6225 375.087 390.164 1106.79 162.072 1 0 0
0.37 35.1811 51.3098 373.964 391.101 1105.8 161.828 1 0 0
0.369 34.8332 50.9982 372.841 392.041 1104.81 161.584 1 0 0
0.368 34.4876 50.6876 371.72 392.984 1103.82 161.339 1 0 0
0.367 34.144 50.3779 370.6 393.931 1102.84 161.094 1 0 0
0.366 33.8027 50.0692 369.48 394.88 1101.87 160.848 1 0 0
0.365 33.4635 49.7615 368.362 395.833 1100.89 160.601 1 0 0
0.364 33.1265 49.4548 367.244 396.788 1099.92 160.354 1 0 0
0.363 32.7917 49.1491 366.128 397.747 1098.95 160.106 1 0 0
0.362 32.459 48.8443 365.012 398.709 1097.99 159.858 1 0 0
0.361 32.1284 48.5406 363.898 399.674 1097.02 159.609 1 0 0
0.36 31.8 48.2378 362.784 400.642 1096.07 159.359 1 0 0
0.359 31.4737 47.936 361.671 401.613 1095.11 159.109 1 0 0
0.358 31.1496 47.6351 360.559 402.587 1094.16 158.859 1 0 0
0.357 30.8276 47.3353 359.449 403.564 1093.21 158.607 1 0 0
0.356 30.5077 47.0364 358.339 404.545 1092.26 158.355 1 0 0
0.355 30.1899 46.7385 357.23 405.528 1091.32 158.103 1 0 0
0.354 29.8742 46.4415 356.122 406.514 1090.38 157.85 1 0 0
0.353 29.5607 46.1456 355.015 407.504 1089.45 157.596 1 0 0
0.352 29.2492 45.8506 353.908 408.497 1088.52 157.342 1 0 0
0.351 28.9399 45.5566 352.803 409.492 1087.59 157.087 1 0 0
0.35 28.6326 45.2635 351.699 410.491 1086.66 156.832 1 0 0
0.349 28.3274 44.9714 350.595 411.493 1085.74 156.576 1 0 0
0.348 28.0243 44.6803 349.493 412.498 1084.82 156.319 1 0 0
0.347 27.7233 44.3902 348.391 413.506 1083.9 156.062 1 0 0
0.346 27.4244 44.101 347.29 414.517 1082.99 155.804 1 0 0
0.345 27.1275 43.8128 346.191 415.531 1082.08 155.545 1 0 0
0.344 26.8326 43.5255 345.092 416.548 1081.18 155.286 1 0 0
0.343 26.5399 43.2392 343.994 417.568 1080.27 155.027 1 0 0
0.342 26.2491 42.9539 342.896 418.591 1079.37 154.766 1 0 0
0.341 25.9604 42.6695 341.8 419.618 1078.48 154.505 1 0 0
0.34 25.6738 42.3861 340.705 420.647 1077.58 154.244 1 0 0
0.339 25.3891 42.1037 339.61 421.679 1076.69 153.982 1 0 0
0.338 25.1065 41.8222 338.517 422.715 1075.81 153.719 1 0 0
0.337 24.8259 41.5416 337.424 423.753 1074.93 153.456 1 0 0
0.336 24.5473 41.262 336.332 424.795 1074.05 153.192 1 0 0
0.335 24.2707 40.9834 335.241 425.839 1073.17 152.927 1 0 0
0.334 23.9961 40.7057 334.151 426.886 1072.3 152.662 1 0 0
0.333 23.7235 40.429 333.062 427.937 1071.43 152.396 1 0 0
0.332 23.4529 40.1532 331.973 428.99 1070.56 152.129 1 0 0
0.331 23.1842 39.8783 330.886 430.047 1069.7 151.862 1 0 0
0.33 22.9175 39.6044 329.799 431.106 1068.84 151.595 1 0 0
0.329 22.6528 39.3314 328.713 432.169 1067.98 151.326 1 0 0
0.328 22.3901 39.0594 327.628 433.234 1067.13 151.057 1 0 0
0.327 22.1292 38.7883 326.544 434.303 1066.28 150.788 1 0 0
0.326 21.8704 38.5182 325.461 435.374 1065.43 150.517 1 0 0
0.325 21.6134 38.249 324.378 436.449 1064.59 150.247 1 0 0
0.324 21.3584 37.9807 323.296 437.526 1063.75 149.975 1 0 0
0.323 21.1053 37.7134 322.216 438.606 1062.91 149.703 1 0 0
0.322 20.8542 37.447 321.136 439.69 1062.08 149.43 1 0 0
0.321 20.6049 37.1815 320.056 440.776 1061.25 149.157 1 0 0
0.32 20.3575 36.9169 318.978 441.865 1060.42 148.883 1 0 0
0.319 20.1121 36.6533 317.901 442.957 1059.6 148.608 1 0 0
0.318 19.8685 36.3906 316.824 444.052 1058.78 148.332 1 0 0
0.317 19.6267 36.1288 315.748 445.15 1057.96 148.056 1 0 0
0.316 19.3869 35.868 314.673 446.251 1057.15 147.78 1 0 0
0.315 19.1489 35.6081 313.599 447.355 1056.34 147.502 1 0 0
0.314 18.9128 35.3491 312.525 448.462 1055.53 147.224 1 0 0
0.313 18.6785 35.091 311.452 449.572 1054.73 146.946 1 0 0
0.312 18.4461 34.8338 310.38 450.684 1053.93 146.666 1 0 0
0.311 18.2155 34.5775 309.309 451.8 1053.13 146.386 1 0 0
0.31 17.9867 34.3222 308.239 452.918 1052.34 146.106 1 0 0
0.309 17.7598 34.0677 307.169 454.039 1051.55 145.824 1 0 0
0.308 17.5346 33.8142 306.101 455.163 1050.76 145.542 1 0 0
0.307 17.3113 33.5615 305.033 456.29 1049.98 145.26 1 0 0
0.306 17.0897 33.3098 303.966 457.42 1049.2 144.976 1 0 0
0.305 16.87 33.059 302.899 458.553 1048.42 144.692 1 0 0
0.304 16.652 32.8091 301.833 459.689 1047.65 144.408 1 0 0
0.303 16.4358 32.56 300.769 460.827 1046.88 144.122 1 0 0
0.302 16.2213 32.3119 299.704 461.968 1046.11 143.836 1 0 0
0.301 16.0086 32.0647 298.641 463.113 1045.35 143.549 1 0 0
0.3 15.7977 31.8183 297.578 464.259 1044.59 143.262 1 0 0
0.299 15.5885 31.5729 296.517 465.409 1043.83 142.974 1 0 0
0.298 15.381 31.3283 295.455 466.562 1043.08 142.685 1 0 0
0.297 15.1753 31.0846 294.395 467.717 1042.32 142.395 1 0 0
0.296 14.9712 30.8419 293.336 468.875 1041.58 142.105 1 0 0
0.295 14.7689 30.6 292.277 470.036 1040.83 141.814 1 0 0
0.294 14.5683 30.3589 291.219 471.2 1040.09 141.523 1 0 0
0.293 14.3694 30.1188 290.161 472.367 1039.35 141.23 1 0 0
0.292 14.1721 29.8795 289.104 473.536 1038.62 140.937 1 0 0
0.291 13.9765 29.6411 288.049 474.708 1037.89 140.643 1 0 0
0.29 13.7826 29.4036 286.993 475.883 1037.16 140.349 1 0 0
0.289 13.5904 29.1669 285.939 477.061 1036.43 140.054 1 0 0
0.288 13.3998 28.9312 284.885 478.241 1035.71 139.758 1 0 0
0.287 13.2109 28.6962 283.832 479.424 1034.99 139.461 1 0 0
0.286 13.0235 28.4622 282.78 480.61 1034.28 139.164 1 0 0
0.285 12.8379 28.229 281.728 481.799 1033.56 138.866 1 0 0
0.284 12.6538 27.9967 280.677 482.99 1032.86 138.567 1 0 0
0.283 12.4713 27.7652 279.627 484.184 1032.15 138.267 1 0 0
0.282 12.2905 27.5346 278.577 485.381 1031.45 137.967 1 0 0
0.281 12.1112 27.3049 277.529 486.58 1030.75 137.666 1 0 0
0.28 11.9335 27.0759 276.48 487.782 1030.05 137.364 1 0 0
0.279 11.7574 26.8479 275.433 488.987 1029.36 137.062 1 0 0
0.278 11.5829 26.6207 274.386 490.195 1028.67 136.759 1 0 0
0.277 11.4099 26.3943 273.34 491.405 1027.98 136.454 1 0 0
0.276 11.2385 26.1688 272.295 492.618 1027.29 136.15 1 0 0
0.275 11.0686 25.9441 271.25 493.833 1026.61 135.844 1 0 0
0.274 10.9003 25.7203 270.206 495.051 1025.94 135.538 1 0 0
0.273 10.7335 25.4973 269.163 496.272 1025.26 135.231 1 0 0
0.272 10.5682 25.2752 268.12 497.495 1024.59 134.923 1 0 0
0.271 10.4044 25.0538 267.078 498.721 1023.92 134.614 1 0 0
0.27 10.2421 24.8333 266.037 499.95 1023.26 134.305 1 0 0
0.269 10.0813 24.6137 264.996 501.181 1022.59 133.995 1 0 0
0.268 9.92201 24.3948 263.956 502.415 1021.93 133.684 1 0 0
0.267 9.76418 24.1768 262.917 503.652 1021.28 133.372 1 0 0
0.266 9.60782 23.9596 261.878 504.891 1020.62 133.059 1 0 0
0.265 9.45293 23.7432 260.84 506.133 1019.97 132.746 1 0 0
0.264 9.29948 23.5277 259.803 507.377 1019.33 132.432 1 0 0
0.263 9.14748 23.3129 258.766 508.624 1018.68 132.117 1 0 0
0.262 8.99691 23.099 257.73 509.873 1018.04 131.801 1 0 0
0.261 8.84777 22.8859 256.694 511.125 1017.4 131.484 1 0 0
0.26 8.70005 22.6736 255.659 512.38 1016.77 131.167 1 0 0
0.259 8.55375 22.4621 254.625 513.637 1016.13 130.848 1 0 0
0.258 8.40884 22.2514 253.592 514.896 1015.51 130.529 1 0 0
0.257 8.26533 22.0415 252.559 516.159 1014.88 130.209 1 0 0
0.256 8.1232 21.8325 251.526 517.423 1014.26 129.889 1 0 0
0.255 7.98245 21.6242 250.495 518.691 1013.64 129.567 1 0 0
0.254 7.84307 21.4167 249.464 519.96 1013.02 129.245 1 0 0
0.253 7.70505 21.21 248.433 521.233 1012.4 128.921 1 0 0
0.252 7.56838 21.0041 247.403 522.507 1011.79 128.597 1 0 0
0.251 7.43306 20.799 246.374 523.785 1011.18 128.272 1 0 0
0.25 7.29907 20.5946 245.345 525.065 1010.58 127.946 1 0 0
0.249 7.16642 20.3911 244.317 526.347 1009.97 127.62 1 0 0
0.248 7.03508 20.1883 243.29 527.632 1009.37 127.292 1 0 0
0.247 6.90505 19.9864 242.263 528.919 1008.78 126.964 1 0 0
0.246 6.77633 19.7852 241.237 530.209 1008.18 126.634 1 0 0
0.245 6.6489 19.5848 240.211 531.501 1007.59 126.304 1 0 0
0.244 6.52276 19.3851 239.186 532.796 1007 125.973 1 0 0
0.243 6.39791 19.1862 238.162 534.093 1006.42 125.641 1 0 0
0.242 6.27432 18.9881 237.138 535.392 1005.84 125.308 1 0 0
0.241 6.15199 18.7908 236.115 536.694 1005.26 124.974 1 0 0
0.24 6.03092 18.5942 235.092 537.999 1004.68 124.639 1 0 0
0.239 5.9111 18.3984 234.07 539.306 1004.1 124.303 1 0 0
0.238 5.79252 18.2034 233.048 540.615 1003.53 123.967 1 0 0
0.237 5.67517 18.0091 232.027 541.927 1002.96 123.629 1 0 0
0.236 5.55904 17.8156 231.007 543.241 1002.4 123.291 1 0 0
0.235 5.44413 17.6228 229.987 544.558 1001.83 122.951 1 0 0
0.234 5.33042 17.4308 228.968 545.877 1001.27 122.611 1 0 0
0.233 5.21792 17.2396 227.949 547.198 1000.72 122.27 1 0 0
0.232 5.1066 17.0491 226.931 548.522 1000.16 121.927 1 0 0
0.231 4.99648 16.8593 225.913 549.849 999.609 121.584 1 0 0
0.23 4.88752 16.6703 224.896 551.177 999.059 121.24 1 0 0
0.229 4.77974 16.482 223.88 552.508 998.512 120.895 1 0 0
0.228 4.67312 16.2945 222.864 553.842 997.968 120.549 1 0 0
0.227 4.56765 16.1077 221.848 555.178 997.427 120.202 1 0 0
0.226 4.46332 15.9216 220.833 556.516 996.888 119.853 1 0 0
0.225 4.36014 15.7363 219.819 557.857 996.352 119.504 1 0 0
0.224 4.25808 15.5517 218.805 559.2 995.818 119.154 1 0 0
0.223 4.15715 15.3678 217.792 560.545 995.288 118.803 1 0 0
0.222 4.05733 15.1847 216.779 561.893 994.76 118.451 1 0 0
0.221 3.95862 15.0023 215.767 563.243 994.234 118.098 1 0 0
0.22 3.86101 14.8206 214.755 564.596 993.711 117.744 1 0 0
0.219 3.76449 14.6396 213.744 565.95 993.191 117.388 1 0 0
0.218 3.66905 14.4594 212.734 567.308 992.673 117.032 1 0 0
0.217 3.5747 14.2799 211.724 568.667 992.158 116.675 1 0 0
0.216 3.48141 14.1011 210.714 570.029 991.646 116.316 1 0 0
0.215 3.38919 13.923 209.705 571.394 991.136 115.957 1 0 0
0.214 3.29802 13.7456 208.697 572.76 990.629 115.597 1 0 0
0.213 3.2079 13.5689 207.689 574.129 990.124 115.235 1 0 0
0.212 3.11883 13.393 206.681 575.501 989.622 114.872 1 0 0
0.211 3.03078 13.2177 205.674 576.874 989.122 114.509 1 0 0
0.21 2.94377 13.0432 204.668 578.25 988.625 114.144 1 0 0
0.209 2.85777 12.8693 203.662 579.629 988.131 113.778 1 0 0
0.208 2.77278 12.6962 202.656 581.01 987.639 113.411 1 0 0
0.207 2.6888 12.5237 201.651 582.393 987.149 113.043 1 0 0
0.206 2.60582 12.352 200.647 583.778 986.662 112.674 1 0 0
0.205 2.52383 12.1809 199.643 585.166 986.178 112.303 1 0 0
0.204 2.44282 12.0105 198.639 586.556 985.696 111.932 1 0 0
0.203 2.36279 11.8408 197.636 587.948 985.216 111.559 1 0 0
0.202 2.28374 11.6719 196.634 589.343 984.739 111.185 1 0 0
0.201 2.20564 11.5035 195.631 590.74 984.264 110.81 1 0 0
0.2 2.1285 11.3359 194.63 592.14 983.792 110.434 1 0 0
0.199 2.05231 11.169 193.629 593.542 983.322 110.057 1 0 0
0.198 1.97707 11.0027 192.628 594.946 982.855 109.679 1 0 0
0.197 1.90276 10.8371 191.628 596.352 982.39 109.299 1 0 0
0.196 1.82937 10.6722 190.628 597.761 981.928 108.918 1 0 0
0.195 1.75692 10.508 189.629 599.172 981.468 108.536 1 0 0
0.194 1.68538 10.3444 188.631 600.586 981.01 108.153 1 0 0
0.193 1.61474 10.1816 187.632 602.002 980.555 107.769 1 0 0
0.192 1.54501 10.0193 186.634 603.42 980.102 107.383 1 0 0
0.191 1.47618 9.85779 185.637 604.84 979.651 106.996 1 0 0
0.19 1.40824 9.6969 184.64 606.263 979.203 106.608 1 0 0
0.189 1.34118 9.53667 183.644 607.689 978.757 106.219 1 0 0
0.188 1.275 9.3771 182.648 609.116 978.314 105.828 1 0 0
0.187 1.20969 9.21819 181.652 610.546 977.873 105.436 1 0 0
0.186 1.14524 9.05994 180.657 611.978 977.434 105.043 1 0 0
0.185 1.08165 8.90235 179.663 613.413 976.997 104.649 1 0 0
0.184 1.01892 8.7454 178.669 614.85 976.563 104.253 1 0 0
0.183 0.957026 8.58911 177.675 616.29 976.131 103.856 1 0 0
0.182 0.895974 8.43346 176.682 617.731 975.702 103.458 1 0 0
0.181 0.835756 8.27846 175.689 619.175 975.275 103.059 1 0 0
0.18 0.776364 8.12411 174.697 620.622 974.85 102.658 1 0 0
0.179 0.717794 7.9704 173.705 622.071 974.427 102.256 1 0 0
0.178 0.660038 7.81733 172.713 623.522 974.007 101.852 1 0 0
0.177 0.603091 7.6649 171.722 624.976 973.589 101.448 1 0 0
0.176 0.546947 7.5131 170.732 626.432 973.173 101.041 1 0 0
0.175 0.491601 7.36194 169.741 627.89 972.76 100.634 1 0 0
0.174 0.437045 7.21141 168.752 629.351 972.348 100.225 1 0 0
0.173 0.383274 7.06152 167.762 630.814 971.939 99.8149 1 0 0
0.172 0.330283 6.91225 166.773 632.28 971.533 99.4034 1 0 0
0.171 0.278065 6.7636 165.785 633.748 971.128 98.9904 1 0 0
0.17 0.226615 6.61558 164.797 635.219 970.726 98.5761 1 0 0
0.169 0.175926 6.46819 163.809 636.692 970.326 98.1603 1 0 0
0.168 0.125995 6.32141 162.822 638.167 969.928 97.7432 1 0 0
0.167 0.0768133 6.17525 161.835 639.645 969.533 97.3246 1 0 0
0.166 0.028377 6.0297 160.849 641.125 969.139 96.9047 1 0 0
0.165 -0.0193198 5.88477 159.863 642.608 968.748 96.4833 1 0 0
0.164 -0.0662829 5.74045 158.877 644.093 968.359 96.0604 1 0 0
0.163 -0.112518 5.59674 157.892 645.58 967.972 95.6361 1 0 0
0.162 -0.158029 5.45363 156.907 647.071 967.588 95.2104 1 0 0
0.161 -0.202824 5.31113 155.923 648.563 967.206 94.7832 1 0 0
0.16 -0.246907 5.16922 154.939 650.058 966.826 94.3545 1 0 0
0.159 -0.290283 5.02792 153.955 651.556 966.448 93.9244 1 0 0
0.158 -0.332958 4.88721 152.972 653.056 966.072 93.4928 1 0 0
0.157 -0.374937 4.7471 151.99 654.558 965.698 93.0597 1 0 0
0.156 -0.416225 4.60758 151.007 656.063 965.327 92.625 1 0 0
0.155 -0.456828 4.46865 150.025 657.571 964.958 92.1889 1 0 0
0.154 -0.496751 4.3303 149.044 659.081 964.591 91.7512 1 0 0
0.153 -0.536 4.19254 148.063 660.594 964.226 91.3121 1 0 0
0.152 -0.574578 4.05535 147.082 662.109 963.863 90.8714 1 0 0
0.151 -0.612492 3.91874 146.101 663.627 963.503 90.4291 1 0 0
0.15 -0.649746 3.78271 145.121 665.148 963.145 89.9853 1 0 0
0.149 -0.686346 3.64725 144.142 666.671 962.788 89.5399 1 0 0
0.148 -0.722297 3.51236 143.163 668.196 962.435 89.093 1 0 0
0.147 -0.757603 3.37803 142.184 669.724 962.083 88.6445 1 0 0
0.146 -0.79227 3.24427 141.205 671.255 961.733 88.1944 1 0 0
0.145 -0.826303 3.11106 140.227 672.789 961.386 87.7427 1 0 0
0.144 -0.859706 2.97841 139.25 674.325 961.04 87.2895 1 0 0
0.143 -0.892484 2.84631 138.272 675.864 960.697 86.8346 1 0 0
0.142 -0.924643 2.71476 137.295 677.405 960.356 86.3781 1 0 0
0.141 -0.956186 2.58375 136.319 678.949 960.018 85.92 1 0 0
0.14 -0.98712 2.45328 135.342 680.496 959.681 85.4602 1 0 0
0.139 -1.01745 2.32335 134.367 682.046 959.347 84.9988 1 0 0
0.138 -1.04718 2.19395 133.391 683.598 959.014 84.5358 1 0 0
0.137 -1.07631 2.06508 132.416 685.153 958.684 84.0711 1 0 0
0.136 -1.10485 1.93673 131.441 686.711 958.357 83.6048 1 0 0
0.135 -1.1328 1.80891 130.467 688.272 958.031 83.1367 1 0 0
0.134 -1.16018 1.68159 129.493 689.835 957.707 82.667 1 0 0
0.133 -1.18697 1.55479 128.519 691.401 957.386 82.1956 1 0 0
0.132 -1.21319 1.42849 127.546 692.97 957.067 81.7226 1 0 0
0.131 -1.23885 1.30269 126.573 694.542 956.75 81.2478 1 0 0
0.13 -1.26394 1.17738 125.601 696.117 956.435 80.7713 1 0 0
0.129 -1.28847 1.05256 124.628 697.694 956.123 80.2931 1 0 0
0.128 -1.31245 0.928228 123.656 699.274 955.813 79.8132 1 0 0
0.127 -1.33588 0.804368 122.685 700.858 955.505 79.3315 1 0 0
0.126 -1.35877 0.680979 121.714 702.444 955.199 78.8481 1 0 0
0.125 -1.38111 0.558053 120.743 704.033 954.895 78.363 1 0 0
0.124 -1.40291 0.435584 119.773 705.625 954.594 77.8761 1 0 0
0.123 -1.42419 0.313564 118.802 707.22 954.295 77.3875 1 0 0
0.122 -1.44494 0.191987 117.833 708.818 953.998 76.897 1 0 0
0.121 -1.46516 0.0708446 116.863 710.419 953.703 76.4048 1 0 0
0.12 -1.48487 -0.0498714 115.894 712.024 953.411 75.9109 1 0 0
0.119 -1.50406 -0.170169 114.925 713.631 953.121 75.4151 1 0 0
0.118 -1.52274 -0.290057 113.957 715.241 952.833 74.9176 1 0 0
0.117 -1.54091 -0.409545 112.989 716.854 952.547 74.4182 1 0 0
0.116 -1.55859 -0.528642 112.021 718.471 952.264 73.917 1 0 0
0.115 -1.57576 -0.647357 111.054 720.09 951.983 73.4141 1 0 0
0.114 -1.59245 -0.765702 110.087 721.713 951.705 72.9093 1 0 0
0.113 -1.60864 -0.883686 109.12 723.339 951.429 72.4026 1 0 0
0.112 -1.62436 -1.00132 108.154 724.968 951.155 71.8942 1 0 0
0.111 -1.63959 -1.11862 107.188 726.601 950.883 71.3839 1 0 0
0.11 -1.65435 -1.23559 106.222 728.236 950.614 70.8717 1 0 0
0.109 -1.66863 -1.35226 105.256 729.875 950.347 70.3577 1 0 0
0.108 -1.68245 -1.46862 104.291 731.517 950.083 69.8418 1 0 0
0.107 -1.69581 -1.5847 103.327 733.163 949.821 69.3241 1 0 0
0.106 -1.70871 -1.70051 102.362 734.812 949.562 68.8045 1 0 0
0.105 -1.72115 -1.81607 101.398 736.464 949.305 68.283 1 0 0
0.104 -1.73315 -1.93138 100.434 738.12 949.05 67.7597 1 0 0
0.103 -1.74469 -2.04648 99.4709 739.779 948.798 67.2344 1 0 0
0.102 -1.7558 -2.16138 98.5077 741.442 948.548 66.7073 1 0 0
0.101 -1.76647 -2.27609 97.5449 743.108 948.301 66.1782 1 0 0
0.1 -1.77671 -2.39063 96.5824 744.778 948.056 65.6473 1 0 0
0.099 -1.78652 -2.50503 95.6201 746.451 947.814 65.1144 1 0 0
0.098 -1.79591 -2.61931 94.6582 748.128 947.575 64.5796 1 0 0
0.097 -1.80488 -2.73349 93.6967 749.808 947.338 64.0429 1 0 0
0.096 -1.81343 -2.8476 92.7354 751.492 947.104 63.5043 1 0 0
0.095 -1.82157 -2.96165 91.7744 753.18 946.872 62.9638 1 0 0
0.094 -1.8293 -3.07568 90.8137 754.871 946.643 62.4213 1 0 0
0.093 -1.83664 -3.18971 89.8534 756.567 946.416 61.8768 1 0 0
0.092 -1.84357 -3.30378 88.8933 758.266 946.193 61.3305 1 0 0
0.091 -1.85011 -3.41791 87.9335 759.969 945.972 60.7821 1 0 0
0.09 -1.85627 -3.53213 86.9741 761.675 945.753 60.2319 1 0 0
0.089 -1.86203 -3.64648 86.0149 763.386 945.538 59.6796 1 0 0
0.088 -1.86742 -3.761 85.056 765.1 945.325 59.1254 1 0 0
0.087 -1.87244 -3.87572 84.0974 766.819 945.115 58.5693 1 0 0
0.086 -1.87708 -3.99069 83.1392 768.541 944.908 58.0111 1 0 0
0.085 -1.88135 -4.10594 82.1812 770.268 944.704 57.451 1 0 0
0.084 -1.88527 -4.22152 81.2235 771.999 944.502 56.8889 1 0 0
0.083 -1.88883 -4.33747 80.266 773.733 944.304 56.3248 1 0 0
0.082 -1.89203 -4.45385 79.3089 775.472 944.108 55.7587 1 0 0
0.081 -1.89489 -4.57071 78.3521 777.216 943.916 55.1907 1 0 0
0.08 -1.8974 -4.68811 77.3955 778.963 943.726 54.6206 1 0 0
0.079 -1.89958 -4.80609 76.4392 780.715 943.54 54.0485 1 0 0
0.078 -1.90142 -4.92473 75.4832 782.471 943.356 53.4745 1 0 0
0.077 -1.90294 -5.04409 74.5275 784.231 943.176 52.8984 1 0 0
0.076 -1.90413 -5.16423 73.572 785.996 942.999 52.3203 1 0 0
0.075 -1.90501 -5.28524 72.6168 787.765 942.824 51.7402 1 0 0
0.074 -1.90557 -5.40718 71.6619 789.539 942.654 51.1581 1 0 0
0.073 -1.90582 -5.53015 70.7073 791.318 942.486 50.5739 1 0 0
0.072 -1.90577 -5.65423 69.7529 793.101 942.322 49.9878 1 0 0
0.071 -1.90542 -5.77951 68.7988 794.889 942.16 49.3996 1 0 0
0.07 -1.90478 -5.90609 67.845 796.681 942.003 48.8093 1 0 0
0.069 -1.90385 -6.03408 66.8914 798.479 941.848 48.217 1 0 0
0.068 -1.90264 -6.16359 65.9381 800.281 941.697 47.6227 1 0 0
0.067 -1.90116 -6.29473 64.985 802.088 941.55 47.0263 1 0 0
0.066 -1.8994 -6.42764 64.0322 803.9 941.406 46.4279 1 0 0
0.065 -1.89738 -6.56245 63.0796 805.717 941.265 45.8274 1 0 0
0.064 -1.8951 -6.69931 62.1273 807.539 941.128 45.2249 1 0 0
0.063 -1.89257 -6.83837 61.1752 809.367 940.995 44.6203 1 0 0
0.062 -1.88979 -6.97979 60.2234 811.199 940.865 44.0136 1 0 0
0.061 -1.88677 -7.12375 59.2719 813.037 940.739 43.4048 1 0 0
0.06 -1.88352 -7.27044 58.3205 814.88 940.617 42.794 1 0 0
0.059 -1.88003 -7.42007 57.3694 816.729 940.498 42.181 1 0 0
0.058 -1.87632 -7.57284 56.4186 818.583 940.384 41.566 1 0 0
0.057 -1.8724 -7.729 55.468 820.442 940.273 40.9488 1 0 0
0.056 -1.86827 -7.88879 54.5176 822.307 940.166 40.3296 1 0 0
0.055 -1.86393 -8.05248 53.5674 824.178 940.063 39.7082 1 0 0
0.054 -1.8594 -8.22037 52.6175 826.055 939.964 39.0847 1 0 0
0.053 -1.85468 -8.39277 51.6678 827.937 939.87 38.459 1 0 0
0.052 -1.84978 -8.57002 50.7183 829.826 939.779 37.8313 1 0 0
0.051 -1.8447 -8.75247 49.769 831.72 939.692 37.2013 1 0 0
0.05 -1.83945 -8.94054 48.82 833.62 939.61 36.5692 1 0 0
0.049 -1.83405 -9.13464 47.8711 835.527 939.532 35.9349 1 0 0
0.048 -1.82849 -9.33525 46.9225 837.44 939.458 35.2983 1 0 0
0.047 -1.82278 -9.54287 45.974 839.359 939.388 34.6596 1 0 0
0.046 -1.81694 -9.75805 45.0258 841.284 939.323 34.0187 1 0 0
0.045 -1.81098 -9.9814 44.0778 843.216 939.263 33.3755 1 0 0
0.044 -1.80489 -10.2136 43.13 845.155 939.206 32.73 1 0 0
0.043 -1.79868 -10.4553 42.1823 847.1 939.155 32.0823 1 0 0
0.042 -1.79238 -10.7073 41.2349 849.052 939.107 31.4322 1 0 0
0.041 -1.78598 -10.9706 40.2876 851.011 939.065 30.7798 1 0 0
0.04 -1.77949 -11.246 39.3406 852.977 939.027 30.1251 1 0 0
0.039 -1.77293 -11.5346 38.3937 854.951 938.994 29.4679 1 0 0
0.038 -1.76629 -11.8376 37.447 856.931 938.965 28.8084 1 0 0
0.037 -1.75961 -12.1563 36.5004 858.918 938.942 28.1464 1 0 0
0.036 -1.75287 -12.492 35.5541 860.914 938.923 27.4819 1 0 0
0.035 -1.74609 -12.8465 34.6079 862.916 938.908 26.8148 1 0 0
0.034 -1.73929 -13.2215 33.6619 864.926 938.899 26.1452 1 0 0
0.033 -1.73247 -13.619 32.716 866.945 938.895 25.473 1 0 0
0.032 -1.72564 -14.0413 31.7703 868.971 938.895 24.798 1 0 0
0.031 -1.71882 -14.491 30.8247 871.005 938.9 24.1204 1 0 0
0.03 -1.71201 -14.9708 29.8793 873.047 938.911 23.4399 1 0 0
0.029 -1.70523 -15.4842 28.9341 875.097 938.926 22.7565 1 0 0
0.028 -1.69849 -16.0349 27.989 877.157 938.946 22.0702 1 0 0
0.027 -1.69179 -16.6273 27.044 879.224 938.971 21.3809 1 0 0
0.026 -1.68516 -17.2662 26.0992 881.301 939 20.6884 1 0 0
0.025 -1.67861 -17.9575 25.1545 883.386 939.035 19.9926 1 0 0
0.024 -1.67214 -18.708 24.2099 885.48 939.074 19.2935 1 0 0
0.023 -1.66578 -19.5255 23.2655 887.584 939.118 18.5909 1 0 0
0.022 -1.65953 -20.4195 22.3212 889.697 939.166 17.8846 1 0 0
0.021 -1.65341 -21.401 21.377 891.82 939.219 17.1745 1 0 0
0.02 -1.64743 -22.4834 20.4329 893.952 939.276 16.4603 1 0 0
0.019 -1.64161 -23.6828 19.489 896.094 939.336 15.7419 1 0 0
0.018 -1.63596 -25.019 18.5452 898.247 939.401 15.0191 1 0 0
0.017 -1.6305 -26.5163 17.6015 900.41 939.469 14.2915 1 0 0
0.016 -1.62524 -28.2051 16.6579 902.583 939.54 13.5588 1 0 0
0.015 -1.62019 -30.1239 15.7144 904.767 939.614 12.8207 1 0 0
0.014 -1.61538 -32.3221 14.771 906.962 939.69 12.0766 1 0 0
0.013 -1.61083 -34.8645 13.8278 909.169 939.767 11.3262 1 0 0
0.012 -1.60653 -37.837 12.8847 911.386 939.845 10.5688 1 0 0
0.011 -1.60252 -41.3571 11.9417 913.616 939.923 9.80364 1 0 0
0.01 -1.59882 -45.5888 10.9988 915.857 939.998 9.02988 1 0 0
0.009 -1.59542 -50.7691 10.0561 918.111 940.07 8.24642 1 0 0
0.008 -1.59236 -57.253 9.11346 920.377 940.137 7.45186 1 0 0
0.007 -1.58966 -65.5982 8.17102 922.656 940.194 6.64443 1 0 0
0.006 -1.58732 -76.7335 7.22875 924.949 940.239 5.82175 1 0 0
0.005 -1.58534 -92.3335 6.28667 927.254 940.265 4.98049 1 0 0
0.004 -1.58377 -115.734 5.34483 929.574 940.264 4.11583 1 0 0
0.003 -1.58261 -154.727 4.40327 931.908 940.22 3.22007 1 0 0
0.002 -1.58185 -232.676 3.46206 934.256 940.108 2.27942 1 0 0
0.001 -1.58148 -466.353 2.52134 936.62 939.86 1.26262 1 0 0
