1 517.867 338.316 1277.32 110.393 1795.18 223.881 0.668952 0.331048 0
0.999 516.71 337.798 1275.52 110.581 1794.02 223.922 0.669195 0.330805 0
0.998 515.554 337.28 1273.73 110.769 1792.87 223.962 0.669439 0.330561 0
0.997 514.399 336.763 1271.94 110.957 1791.71 224.002 0.669683 0.330317 0
0.996 513.246 336.245 1270.14 111.146 1790.55 224.043 0.669927 0.330073 0
0.995 512.093 335.728 1268.35 111.335 1789.39 224.083 0.670173 0.329827 0
0.994 510.942 335.211 1266.57 111.525 1788.24 224.123 0.670419 0.329581 0
0.993 509.792 334.694 1264.78 111.715 1787.08 224.163 0.670665 0.329335 0
0.992 508.643 334.177 1262.99 111.906 1785.92 224.203 0.670913 0.329087 0
0.991 507.496 333.66 1261.21 112.097 1784.76 224.243 0.671161 0.328839 0
0.99 506.35 333.143 1259.42 112.288 1783.61 224.282 0.671409 0.328591 0
0.989 505.204 332.627 1257.64 112.48 1782.45 224.322 0.671659 0.328341 0
0.988 504.06 332.11 1255.86 112.672 1781.29 224.361 0.671909 0.328091 0
0.987 502.918 331.594 1254.08 112.865 1780.14 224.401 0.67216 0.32784 0
0.986 501.776 331.078 1252.3 113.058 1778.98 224.44 0.672411 0.327589 0
0.985 500.636 330.561 1250.52 113.251 1777.82 224.479 0.672663 0.327337 0
0.984 499.497 330.046 1248.74 113.445 1776.66 224.518 0.672916 0.327084 0
0.983 498.359 329.53 1246.96 113.639 1775.51 224.557 0.673169 0.326831 0
0.982 497.222 329.014 1245.19 113.834 1774.35 224.596 0.673424 0.326576 0
0.981 496.086 328.499 1243.42 114.03 1773.19 224.635 0.673679 0.326321 0
0.98 494.952 327.983 1241.64 114.225 1772.04 224.674 0.673934 0.326066 0
0.979 493.818 327.468 1239.87 114.421 1770.88 224.712 0.67419 0.32581 0
0.978 492.686 326.953 1238.1 114.618 1769.72 224.751 0.674447 0.325553 0
0.977 491.556 326.438 1236.33 114.815 1768.57 224.789 0.674705 0.325295 0
0.976 490.426 325.923 1234.56 115.012 1767.41 224.827 0.674964 0.325036 0
0.975 489.297 325.408 1232.8 115.21 1766.25 224.866 0.675223 0.324777 0
0.974 488.17 324.893 1231.03 115.408 1765.09 224.904 0.675483 0.324517 0
0.973 487.044 324.379 1229.27 115.607 1763.94 224.941 0.675743 0.324257 0
0.972 485.919 323.864 1227.5 115.806 1762.78 224.979 0.676005 0.323995 0
0.971 484.795 323.35 1225.74 116.006 1761.62 225.017 0.676267 0.323733 0
0.97 483.673 322.836 1223.98 116.206 1760.47 225.055 0.67653 0.32347 0
0.969 482.552 322.322 1222.22 116.407 1759.31 225.092 0.676793 0.323207 0
0.968 481.431 321.808 1220.46 116.608 1758.15 225.129 0.677058 0.322942 0
0.967 480.312 321.294 1218.7 116.809 1757 225.167 0.677323 0.322677 0
0.966 479.195 320.781 1216.95 117.011 1755.84 225.204 0.677589 0.322411 0
0.965 478.078 320.267 1215.19 117.214 1754.69 225.241 0.677855 0.322145 0
0.964 476.963 319.754 1213.44 117.417 1753.53 225.278 0.678123 0.321877 0
0.963 475.848 319.241 1211.69 117.62 1752.37 225.314 0.678391 0.321609 0
0.962 474.735 318.728 1209.93 117.824 1751.22 225.351 0.67866 0.32134 0
0.961 473.624 318.215 1208.18 118.029 1750.06 225.387 0.678929 0.321071 0
0.96 472.513 317.702 1206.43 118.233 1748.9 225.424 0.6792 0.3208 0
0.959 471.403 317.19 1204.69 118.439 1747.75 225.46 0.679471 0.320529 0
0.958 470.295 316.677 1202.94 118.645 1746.59 225.496 0.679743 0.320257 0
0.957 469.188 316.165 1201.19 118.851 1745.43 225.532 0.680016 0.319984 0
0.956 468.082 315.652 1199.45 119.058 1744.28 225.568 0.68029 0.31971 0
0.955 466.977 315.14 1197.7 119.265 1743.12 225.604 0.680564 0.319436 0
0.954 465.874 314.628 1195.96 119.473 1741.97 225.639 0.680839 0.319161 0
0.953 464.771 314.117 1194.22 119.681 1740.81 225.674 0.681115 0.318885 0
0.952 463.67 313.605 1192.48 119.89 1739.65 225.71 0.681392 0.318608 0
0.951 462.57 313.093 1190.74 120.099 1738.5 225.745 0.68167 0.31833 0
0.95 461.471 312.582 1189 120.309 1737.34 225.78 0.681949 0.318051 0
0.949 460.374 312.071 1187.27 120.52 1736.19 225.814 0.682228 0.317772 0
0.948 459.277 311.56 1185.53 120.73 1735.03 225.849 0.682508 0.317492 0
0.947 458.182 311.049 1183.8 120.942 1733.87 225.884 0.682789 0.317211 0
0.946 457.087 310.538 1182.06 121.154 1732.72 225.918 0.683071 0.316929 0
0.945 455.994 310.027 1180.33 121.366 1731.56 225.952 0.683354 0.316646 0
0.944 454.903 309.517 1178.6 121.579 1730.4 225.986 0.683638 0.316362 0
0.943 453.812 309.006 1176.87 121.793 1729.25 226.02 0.683922 0.316078 0
0.942 452.723 308.496 1175.14 122.007 1728.09 226.053 0.684208 0.315792 0
0.941 451.634 307.986 1173.41 122.221 1726.94 226.087 0.684494 0.315506 0
0.94 450.547 307.476 1171.69 122.437 1725.78 226.12 0.684781 0.315219 0
0.939 449.461 306.966 1169.96 122.652 1724.63 226.153 0.685069 0.314931 0
0.938 448.376 306.456 1168.24 122.868 1723.47 226.186 0.685358 0.314642 0
0.937 447.293 305.947 1166.52 123.085 1722.31 226.219 0.685648 0.314352 0
0.936 446.21 305.437 1164.79 123.303 1721.16 226.251 0.685939 0.314061 0
0.935 445.129 304.928 1163.07 123.521 1720 226.284 0.68623 0.31377 0
0.934 444.048 304.419 1161.35 123.739 1718.85 226.316 0.686523 0.313477 0
0.933 442.969 303.91 1159.64 123.958 1717.69 226.348 0.686816 0.313184 0
0.932 441.892 303.401 1157.92 124.178 1716.53 226.379 0.687111 0.312889 0
0.931 440.815 302.893 1156.2 124.398 1715.38 226.411 0.687406 0.312594 0
0.93 439.739 302.384 1154.49 124.619 1714.22 226.442 0.687703 0.312297 0
0.929 438.665 301.876 1152.77 124.84 1713.07 226.473 0.688 0.312 0
0.928 437.591 301.368 1151.06 125.062 1711.91 226.504 0.688298 0.311702 0
0.927 436.519 300.859 1149.35 125.285 1710.75 226.535 0.688597 0.311403 0
0.926 435.448 300.352 1147.64 125.508 1709.6 226.565 0.688898 0.311102 0
0.925 434.378 299.844 1145.93 125.732 1708.44 226.595 0.689199 0.310801 0
0.924 433.31 299.336 1144.22 125.956 1707.29 226.625 0.689501 0.310499 0
0.923 432.242 298.829 1142.52 126.181 1706.13 226.655 0.689805 0.310195 0
0.922 431.176 298.322 1140.81 126.407 1704.97 226.684 0.690109 0.309891 0
0.921 430.11 297.814 1139.11 126.633 1703.82 226.713 0.690414 0.309586 0
0.92 429.046 297.307 1137.4 126.86 1702.66 226.742 0.69072 0.30928 0
0.919 427.983 296.801 1135.7 127.088 1701.51 226.771 0.691028 0.308972 0
0.918 426.921 296.294 1134 127.316 1700.35 226.799 0.691336 0.308664 0
0.917 425.86 295.787 1132.3 127.545 1699.19 226.827 0.691646 0.308354 0
0.916 424.8 295.281 1130.6 127.775 1698.04 226.854 0.691957 0.308043 0
0.915 423.741 294.775 1128.9 128.005 1696.88 226.882 0.692268 0.307732 0
0.914 422.684 294.269 1127.21 128.236 1695.72 226.909 0.692581 0.307419 0
0.913 421.627 293.763 1125.51 128.467 1694.57 226.935 0.692895 0.307105 0
0.912 420.572 293.257 1123.82 128.7 1693.41 226.962 0.693211 0.306789 0
0.911 419.517 292.752 1122.13 128.933 1692.25 226.988 0.693527 0.306473 0
0.91 418.464 292.246 1120.43 129.167 1691.1 227.013 0.693844 0.306156 0
0.909 417.412 291.741 1118.74 129.401 1689.94 227.038 0.694163 0.305837 0
0.908 416.361 291.236 1117.05 129.636 1688.78 227.063 0.694483 0.305517 0
0.907 415.31 290.731 1115.37 129.873 1687.63 227.088 0.694804 0.305196 0
0.906 414.261 290.226 1113.68 130.109 1686.47 227.111 0.695127 0.304873 0
0.905 413.213 289.722 1111.99 130.347 1685.31 227.135 0.69545 0.30455 0
0.904 412.166 289.217 1110.31 130.585 1684.15 227.158 0.695775 0.304225 0
0.903 411.12 288.713 1108.62 130.825 1683 227.181 0.696102 0.303898 0
0.902 410.075 288.209 1106.94 131.065 1681.84 227.203 0.696429 0.303571 0
0.901 409.031 287.705 1105.26 131.306 1680.68 227.224 0.696758 0.303242 0
0.9 407.988 287.201 1103.58 131.547 1679.52 227.245 0.697089 0.302911 0
0.899 406.946 286.697 1101.9 131.79 1678.36 227.265 0.697421 0.302579 0
0.898 405.904 286.194 1100.22 132.034 1677.2 227.285 0.697754 0.302246 0
0.897 404.864 285.691 1098.55 132.278 1676.04 227.304 0.698089 0.301911 0
0.896 403.824 285.188 1096.87 132.524 1674.88 227.322 0.698426 0.301574 0
0.895 402.786 284.685 1095.2 132.77 1673.72 227.34 0.698764 0.301236 0
0.894 401.748 284.182 1093.52 133.018 1672.56 227.357 0.699104 0.300896 0
0.893 400.711 283.679 1091.85 133.267 1671.4 227.373 0.699446 0.300554 0
0.892 399.675 283.177 1090.18 133.517 1670.24 227.388 0.69979 0.30021 0
0.891 398.639 282.675 1088.51 133.768 1669.08 227.402 0.700135 0.299865 0
0.89 397.604 282.173 1086.84 134.02 1667.92 227.414 0.700483 0.299517 0
0.889 396.569 281.671 1085.18 134.274 1666.76 227.426 0.700833 0.299167 0
0.888 395.535 281.169 1083.51 134.529 1665.59 227.436 0.701186 0.298814 0
0.887 394.501 280.668 1081.85 134.786 1664.43 227.444 0.701541 0.298459 0
0.886 393.468 280.166 1080.18 135.045 1663.26 227.451 0.701899 0.298101 0
0.885 392.434 279.665 1078.52 135.306 1662.09 227.455 0.702261 0.297739 0
0.884 391.399 279.164 1076.86 135.57 1660.92 227.455 0.702627 0.297373 0
0.883 390.362 278.663 1075.2 135.839 1659.75 227.45 0.703001 0.296999 0
0.882 389.321 278.163 1073.54 136.114 1658.57 227.435 0.703386 0.296614 0
0.881 388.28 277.662 1071.88 136.39 1657.39 227.42 0.703773 0.296227 0
0.88 387.241 277.162 1070.22 136.667 1656.21 227.405 0.70416 0.29584 0
0.879 386.204 276.662 1068.57 136.944 1655.03 227.39 0.704548 0.295452 0
0.878 385.167 276.163 1066.91 137.222 1653.85 227.375 0.704937 0.295063 0
0.877 384.133 275.663 1065.26 137.5 1652.67 227.36 0.705326 0.294674 0
0.876 383.099 275.164 1063.61 137.779 1651.49 227.345 0.705717 0.294283 0
0.875 382.067 274.665 1061.96 138.059 1650.31 227.329 0.706108 0.293892 0
0.874 381.037 274.166 1060.31 138.339 1649.13 227.314 0.7065 0.2935 0
0.873 380.008 273.667 1058.66 138.619 1647.96 227.299 0.706893 0.293107 0
0.872 378.98 273.168 1057.01 138.9 1646.78 227.284 0.707287 0.292713 0
0.871 377.954 272.67 1055.36 139.182 1645.6 227.268 0.707681 0.292319 0
0.87 376.929 272.172 1053.72 139.464 1644.42 227.253 0.708077 0.291923 0
0.869 375.905 271.674 1052.08 139.746 1643.25 227.238 0.708473 0.291527 0
0.868 374.883 271.177 1050.43 140.03 1642.07 227.222 0.70887 0.29113 0
0.867 373.862 270.679 1048.79 140.313 1640.89 227.207 0.709268 0.290732 0
0.866 372.843 270.182 1047.15 140.597 1639.72 227.191 0.709666 0.290334 0
0.865 371.825 269.685 1045.51 140.882 1638.54 227.176 0.710066 0.289934 0
0.864 370.809 269.188 1043.87 141.168 1637.36 227.16 0.710466 0.289534 0
0.863 369.794 268.691 1042.24 141.454 1636.19 227.145 0.710867 0.289133 0
0.862 368.78 268.195 1040.6 141.74 1635.01 227.129 0.711269 0.288731 0
0.861 367.768 267.699 1038.97 142.027 1633.84 227.113 0.711672 0.288328 0
0.86 366.757 267.203 1037.33 142.315 1632.66 227.098 0.712076 0.287924 0
0.859 365.748 266.707 1035.7 142.603 1631.49 227.082 0.71248 0.28752 0
0.858 364.74 266.211 1034.07 142.891 1630.32 227.066 0.712885 0.287115 0
0.857 363.733 265.716 1032.44 143.181 1629.14 227.05 0.713291 0.286709 0
0.856 362.728 265.221 1030.81 143.47 1627.97 227.034 0.713699 0.286301 0
0.855 361.724 264.726 1029.19 143.761 1626.79 227.019 0.714106 0.285894 0
0.854 360.722 264.231 1027.56 144.052 1625.62 227.003 0.714515 0.285485 0
0.853 359.721 263.737 1025.93 144.343 1624.45 226.987 0.714925 0.285075 0
0.852 358.721 263.242 1024.31 144.635 1623.28 226.971 0.715335 0.284665 0
0.851 357.723 262.748 1022.69 144.928 1622.1 226.954 0.715746 0.284254 0
0.85 356.726 262.255 1021.07 145.221 1620.93 226.938 0.716158 0.283842 0
0.849 355.731 261.761 1019.45 145.515 1619.76 226.922 0.716571 0.283429 0
0.848 354.737 261.267 1017.83 145.809 1618.59 226.906 0.716985 0.283015 0
0.847 353.745 260.774 1016.21 146.104 1617.42 226.89 0.7174 0.2826 0
0.846 352.754 260.281 1014.59 146.4 1616.25 226.873 0.717816 0.282184 0
0.845 351.764 259.789 1012.98 146.696 1615.08 226.857 0.718232 0.281768 0
0.844 350.776 259.296 1011.36 146.992 1613.91 226.841 0.718649 0.281351 0
0.843 349.789 258.804 1009.75 147.29 1612.74 226.824 0.719068 0.280932 0
0.842 348.804 258.312 1008.14 147.587 1611.57 226.807 0.719487 0.280513 0
0.841 347.82 257.82 1006.53 147.886 1610.4 226.791 0.719906 0.280094 0
0.84 346.837 257.328 1004.92 148.185 1609.23 226.774 0.720327 0.279673 0
0.839 345.856 256.837 1003.31 148.484 1608.06 226.758 0.720749 0.279251 0
0.838 344.876 256.345 1001.7 148.785 1606.89 226.741 0.721171 0.278829 0
0.837 343.898 255.854 1000.09 149.085 1605.72 226.724 0.721595 0.278405 0
0.836 342.921 255.364 998.488 149.387 1604.56 226.707 0.722019 0.277981 0
0.835 341.946 254.873 996.884 149.689 1603.39 226.69 0.722444 0.277556 0
0.834 340.972 254.383 995.281 149.991 1602.22 226.673 0.72287 0.27713 0
0.833 339.999 253.893 993.68 150.294 1601.05 226.656 0.723297 0.276703 0
0.832 339.028 253.403 992.079 150.598 1599.89 226.639 0.723725 0.276275 0
0.831 338.058 252.913 990.48 150.902 1598.72 226.622 0.724154 0.275846 0
0.83 337.09 252.424 988.882 151.207 1597.56 226.604 0.724583 0.275417 0
0.829 336.123 251.934 987.285 151.513 1596.39 226.587 0.725014 0.274986 0
0.828 335.157 251.445 985.689 151.819 1595.22 226.57 0.725445 0.274555 0
0.827 334.193 250.957 984.094 152.126 1594.06 226.552 0.725877 0.274123 0
0.826 333.23 250.468 982.501 152.433 1592.89 226.535 0.726311 0.273689 0
0.825 332.269 249.98 980.908 152.741 1591.73 226.517 0.726745 0.273255 0
0.824 331.309 249.492 979.317 153.05 1590.57 226.499 0.72718 0.27282 0
0.823 330.351 249.004 977.727 153.359 1589.4 226.482 0.727615 0.272385 0
0.822 329.394 248.516 976.138 153.669 1588.24 226.464 0.728052 0.271948 0
0.821 328.438 248.029 974.551 153.979 1587.08 226.446 0.72849 0.27151 0
0.82 327.484 247.542 972.964 154.29 1585.91 226.428 0.728928 0.271072 0
0.819 326.531 247.055 971.379 154.602 1584.75 226.41 0.729368 0.270632 0
0.818 325.58 246.568 969.795 154.914 1583.59 226.392 0.729808 0.270192 0
0.817 324.63 246.082 968.212 155.227 1582.43 226.373 0.730249 0.269751 0
0.816 323.682 245.596 966.63 155.54 1581.26 226.355 0.730691 0.269309 0
0.815 322.735 245.11 965.049 155.854 1580.1 226.337 0.731134 0.268866 0
0.814 321.789 244.624 963.47 156.169 1578.94 226.318 0.731578 0.268422 0
0.813 320.845 244.138 961.891 156.485 1577.78 226.299 0.732023 0.267977 0
0.812 319.902 243.653 960.314 156.801 1576.62 226.281 0.732469 0.267531 0
0.811 318.961 243.168 958.738 157.117 1575.46 226.262 0.732916 0.267084 0
0.81 318.021 242.683 957.163 157.435 1574.3 226.243 0.733363 0.266637 0
0.809 317.082 242.198 955.59 157.752 1573.14 226.224 0.733812 0.266188 0
0.808 316.145 241.714 954.017 158.071 1571.98 226.205 0.734261 0.265739 0
0.807 315.21 241.23 952.446 158.39 1570.82 226.186 0.734711 0.265289 0
0.806 314.276 240.746 950.875 158.71 1569.67 226.167 0.735163 0.264837 0
0.805 313.343 240.262 949.306 159.03 1568.51 226.147 0.735615 0.264385 0
0.804 312.411 239.779 947.738 159.351 1567.35 226.128 0.736068 0.263932 0
0.803 311.481 239.296 946.172 159.673 1566.19 226.108 0.736522 0.263478 0
0.802 310.553 238.813 944.606 159.996 1565.04 226.089 0.736977 0.263023 0
0.801 309.626 238.33 943.041 160.319 1563.88 226.069 0.737432 0.262568 0
0.8 308.7 237.848 941.478 160.642 1562.72 226.049 0.737889 0.262111 0
0.799 307.776 237.366 939.916 160.967 1561.57 226.029 0.738347 0.261653 0
0.798 306.853 236.884 938.355 161.291 1560.41 226.009 0.738805 0.261195 0
0.797 305.932 236.402 936.795 161.617 1559.26 225.989 0.739265 0.260735 0
0.796 305.012 235.92 935.237 161.943 1558.1 225.968 0.739725 0.260275 0
0.795 304.093 235.439 933.679 162.27 1556.95 225.948 0.740186 0.259814 0
0.794 303.176 234.958 932.123 162.598 1555.79 225.927 0.740648 0.259352 0
0.793 302.261 234.477 930.567 162.926 1554.64 225.906 0.741112 0.258888 0
0.792 301.347 233.997 929.013 163.255 1553.48 225.885 0.741576 0.258424 0
0.791 300.434 233.516 927.46 163.584 1552.33 225.864 0.742041 0.257959 0
0.79 299.522 233.036 925.909 163.915 1551.18 225.843 0.742506 0.257494 0
0.789 298.612 232.557 924.358 164.245 1550.03 225.822 0.742973 0.257027 0
0.788 297.704 232.077 922.809 164.577 1548.87 225.801 0.743441 0.256559 0
0.787 296.797 231.598 921.26 164.909 1547.72 225.779 0.743909 0.256091 0
0.786 295.891 231.119 919.713 165.242 1546.57 225.757 0.744379 0.255621 0
0.785 294.987 230.64 918.167 165.575 1545.42 225.736 0.744849 0.255151 0
0.784 294.084 230.161 916.622 165.91 1544.27 225.714 0.745321 0.254679 0
0.783 293.183 229.683 915.079 166.244 1543.12 225.691 0.745793 0.254207 0
0.782 292.283 229.205 913.536 166.58 1541.97 225.669 0.746266 0.253734 0
0.781 291.384 228.727 911.995 166.916 1540.82 225.647 0.74674 0.25326 0
0.78 290.487 228.249 910.455 167.253 1539.67 225.624 0.747215 0.252785 0
0.779 289.592 227.772 908.915 167.59 1538.52 225.601 0.747691 0.252309 0
0.778 288.697 227.295 907.377 167.928 1537.37 225.578 0.748168 0.251832 0
0.777 287.804 226.818 905.841 168.267 1536.22 225.555 0.748645 0.251355 0
0.776 286.913 226.342 904.305 168.607 1535.07 225.532 0.749124 0.250876 0
0.775 286.023 225.865 902.771 168.947 1533.93 225.508 0.749603 0.250397 0
0.774 285.135 225.389 901.237 169.288 1532.78 225.485 0.750084 0.249916 0
0.773 284.247 224.913 899.705 169.629 1531.63 225.461 0.750565 0.249435 0
0.772 283.362 224.438 898.174 169.971 1530.49 225.437 0.751047 0.248953 0
0.771 282.477 223.962 896.644 170.314 1529.34 225.412 0.75153 0.24847 0
0.77 281.595 223.487 895.115 170.658 1528.19 225.388 0.752014 0.247986 0
0.769 280.713 223.012 893.588 171.002 1527.05 225.363 0.752499 0.247501 0
0.768 279.833 222.538 892.061 171.347 1525.9 225.338 0.752985 0.247015 0
0.767 278.955 222.064 890.536 171.693 1524.76 225.313 0.753471 0.246529 0
0.766 278.077 221.59 889.012 172.039 1523.61 225.288 0.753959 0.246041 0
0.765 277.202 221.116 887.489 172.386 1522.47 225.262 0.754447 0.245553 0
0.764 276.327 220.642 885.967 172.733 1521.33 225.237 0.754936 0.245064 0
0.763 275.455 220.169 884.446 173.082 1520.18 225.211 0.755426 0.244574 0
0.762 274.583 219.696 882.926 173.431 1519.04 225.184 0.755917 0.244083 0
0.761 273.713 219.223 881.408 173.78 1517.9 225.158 0.756409 0.243591 0
0.76 272.844 218.751 879.89 174.131 1516.76 225.131 0.756901 0.243099 0
0.759 271.977 218.278 878.374 174.482 1515.61 225.104 0.757395 0.242605 0
0.758 271.111 217.806 876.859 174.833 1514.47 225.077 0.757889 0.242111 0
0.757 270.247 217.335 875.345 175.186 1513.33 225.049 0.758384 0.241616 0
0.756 269.384 216.863 873.833 175.539 1512.19 225.021 0.75888 0.24112 0
0.755 268.522 216.392 872.321 175.892 1511.05 224.993 0.759376 0.240624 0
0.754 267.662 215.921 870.81 176.247 1509.91 224.965 0.759874 0.240126 0
0.753 266.803 215.45 869.301 176.602 1508.77 224.936 0.760372 0.239628 0
0.752 265.946 214.98 867.793 176.957 1507.63 224.907 0.760871 0.239129 0
0.751 265.09 214.51 866.286 177.314 1506.49 224.878 0.76137 0.23863 0
0.75 264.236 214.04 864.78 177.671 1505.35 224.848 0.761871 0.238129 0
0.749 263.382 213.57 863.275 178.028 1504.22 224.818 0.762372 0.237628 0
0.748 262.531 213.101 861.772 178.387 1503.08 224.787 0.762874 0.237126 0
0.747 261.68 212.632 860.269 178.746 1501.94 224.756 0.763377 0.236623 0
0.746 260.831 212.163 858.768 179.105 1500.8 224.725 0.76388 0.23612 0
0.745 259.984 211.695 857.267 179.466 1499.67 224.694 0.764384 0.235616 0
0.744 259.138 211.226 855.768 179.827 1498.53 224.662 0.764889 0.235111 0
0.743 258.293 210.758 854.27 180.188 1497.39 224.629 0.765394 0.234606 0
0.742 257.449 210.29 852.774 180.55 1496.26 224.596 0.7659 0.2341 0
0.741 256.607 209.823 851.278 180.913 1495.12 224.563 0.766406 0.233594 0
0.74 255.767 209.356 849.783 181.277 1493.99 224.529 0.766913 0.233087 0
0.739 254.927 208.889 848.29 181.641 1492.85 224.494 0.767421 0.232579 0
0.738 254.089 208.422 846.798 182.005 1491.72 224.459 0.767929 0.232071 0
0.737 253.253 207.956 845.306 182.371 1490.58 224.424 0.768437 0.231563 0
0.736 252.418 207.49 843.816 182.737 1489.45 224.388 0.768946 0.231054 0
0.735 251.584 207.024 842.328 183.103 1488.31 224.351 0.769456 0.230544 0
0.734 250.751 206.558 840.84 183.47 1487.18 224.314 0.769965 0.230035 0
0.733 249.92 206.093 839.353 183.838 1486.05 224.276 0.770475 0.229525 0
0.732 249.09 205.628 837.868 184.206 1484.91 224.237 0.770985 0.229015 0
0.731 248.261 205.163 836.383 184.574 1483.78 224.197 0.771496 0.228504 0
0.73 247.434 204.699 834.9 184.944 1482.65 224.157 0.772006 0.227994 0
0.729 246.608 204.235 833.418 185.313 1481.52 224.115 0.772516 0.227484 0
0.728 245.783 203.771 831.937 185.683 1480.39 224.073 0.773026 0.226974 0
0.727 244.96 203.307 830.457 186.053 1479.25 224.029 0.773536 0.226464 0
0.726 244.137 202.844 828.979 186.424 1478.12 223.984 0.774045 0.225955 0
0.725 243.316 202.381 827.501 186.795 1476.99 223.938 0.774554 0.225446 0
0.724 242.496 201.918 826.025 187.166 1475.86 223.89 0.775061 0.224939 0
0.723 241.677 201.455 824.549 187.537 1474.73 223.84 0.775567 0.224433 0
0.722 240.859 200.993 823.075 187.908 1473.59 223.788 0.776071 0.223929 0
0.721 240.041 200.531 821.602 188.278 1472.46 223.731 0.77657 0.22343 0
0.72 239.224 200.07 820.13 188.645 1471.32 223.667 0.77706 0.22294 0
0.719 238.407 199.608 818.659 189.014 1470.19 223.603 0.777551 0.222449 0
0.718 237.592 199.147 817.19 189.383 1469.06 223.539 0.778042 0.221958 0
0.717 236.779 198.687 815.721 189.753 1467.92 223.474 0.778535 0.221465 0
0.716 235.967 198.226 814.254 190.123 1466.79 223.409 0.779029 0.220971 0
0.715 235.156 197.766 812.788 190.495 1465.66 223.344 0.779523 0.220477 0
0.714 234.347 197.306 811.323 190.867 1464.52 223.28 0.780019 0.219981 0
0.713 233.54 196.847 809.859 191.241 1463.39 223.214 0.780516 0.219484 0
0.712 232.733 196.388 808.396 191.615 1462.26 223.149 0.781014 0.218986 0
0.711 231.929 195.929 806.934 191.99 1461.13 223.084 0.781513 0.218487 0
0.71 231.125 195.47 805.474 192.366 1460 223.019 0.782013 0.217987 0
0.709 230.324 195.012 804.014 192.742 1458.87 222.953 0.782514 0.217486 0
0.708 229.523 194.554 802.556 193.12 1457.74 222.887 0.783016 0.216984 0
0.707 228.724 194.096 801.099 193.498 1456.61 222.822 0.78352 0.21648 0
0.706 227.927 193.638 799.643 193.878 1455.48 222.756 0.784024 0.215976 0
0.705 227.131 193.181 798.188 194.258 1454.35 222.69 0.78453 0.21547 0
0.704 226.337 192.724 796.734 194.639 1453.23 222.624 0.785036 0.214964 0
0.703 225.543 192.268 795.281 195.021 1452.1 222.557 0.785544 0.214456 0
0.702 224.752 191.812 793.83 195.404 1450.97 222.491 0.786053 0.213947 0
0.701 223.962 191.356 792.379 195.788 1449.84 222.424 0.786563 0.213437 0
0.7 223.173 190.9 790.93 196.172 1448.72 222.358 0.787074 0.212926 0
0.699 222.386 190.445 789.482 196.558 1447.59 222.291 0.787586 0.212414 0
0.698 221.6 189.99 788.035 196.944 1446.47 222.224 0.788099 0.211901 0
0.697 220.816 189.535 786.589 197.332 1445.34 222.157 0.788613 0.211387 0
0.696 220.033 189.081 785.144 197.72 1444.22 222.09 0.789129 0.210871 0
0.695 219.252 188.627 783.701 198.109 1443.1 222.023 0.789645 0.210355 0
0.694 218.472 188.173 782.258 198.499 1441.97 221.955 0.790163 0.209837 0
0.693 217.694 187.72 780.817 198.89 1440.85 221.888 0.790682 0.209318 0
0.692 216.917 187.266 779.376 199.282 1439.73 221.82 0.791202 0.208798 0
0.691 216.142 186.814 777.937 199.675 1438.61 221.752 0.791723 0.208277 0
0.69 215.368 186.361 776.499 200.068 1437.49 221.685 0.792245 0.207755 0
0.689 214.595 185.909 775.062 200.463 1436.37 221.617 0.792768 0.207232 0
0.688 213.824 185.457 773.626 200.859 1435.25 221.548 0.793292 0.206708 0
0.687 213.055 185.005 772.192 201.255 1434.13 221.48 0.793818 0.206182 0
0.686 212.287 184.554 770.758 201.652 1433.01 221.412 0.794345 0.205655 0
0.685 211.52 184.103 769.326 202.051 1431.89 221.343 0.794873 0.205127 0
0.684 210.755 183.653 767.894 202.45 1430.77 221.274 0.795402 0.204598 0
0.683 209.992 183.202 766.464 202.85 1429.66 221.206 0.795932 0.204068 0
0.682 209.229 182.752 765.035 203.252 1428.54 221.137 0.796463 0.203537 0
0.681 208.469 182.303 763.607 203.654 1427.42 221.068 0.796996 0.203004 0
0.68 207.71 181.853 762.18 204.057 1426.31 220.998 0.797529 0.202471 0
0.679 206.952 181.404 760.754 204.461 1425.19 220.929 0.798064 0.201936 0
0.678 206.196 180.955 759.33 204.866 1424.08 220.86 0.7986 0.2014 0
0.677 205.441 180.507 757.906 205.272 1422.97 220.79 0.799137 0.200863 0
0.676 204.688 180.059 756.484 205.679 1421.85 220.72 0.799675 0.200325 0
0.675 203.936 179.611 755.063 206.087 1420.74 220.65 0.800215 0.199785 0
0.674 203.186 179.164 753.642 206.495 1419.63 220.58 0.800755 0.199245 0
0.673 202.437 178.717 752.223 206.905 1418.51 220.51 0.801297 0.198703 0
0.672 201.69 178.27 750.805 207.316 1417.4 220.44 0.80184 0.19816 0
0.671 200.944 177.823 749.389 207.728 1416.29 220.369 0.802384 0.197616 0
0.67 200.199 177.377 747.973 208.141 1415.18 220.299 0.802929 0.197071 0
0.669 199.456 176.931 746.558 208.554 1414.07 220.228 0.803476 0.196524 0
0.668 198.715 176.486 745.145 208.969 1412.96 220.157 0.804024 0.195976 0
0.667 197.975 176.041 743.732 209.385 1411.86 220.086 0.804573 0.195427 0
0.666 197.237 175.596 742.321 209.802 1410.75 220.015 0.805123 0.194877 0
0.665 196.5 175.151 740.911 210.219 1409.64 219.944 0.805674 0.194326 0
0.664 195.764 174.707 739.502 210.638 1408.53 219.872 0.806226 0.193774 0
0.663 195.03 174.263 738.094 211.058 1407.43 219.801 0.80678 0.19322 0
0.662 194.298 173.82 736.687 211.478 1406.32 219.729 0.807335 0.192665 0
0.661 193.567 173.377 735.281 211.9 1405.22 219.657 0.807891 0.192109 0
0.66 192.837 172.934 733.876 212.323 1404.11 219.585 0.808448 0.191552 0
0.659 192.109 172.491 732.473 212.747 1403.01 219.513 0.809007 0.190993 0
0.658 191.383 172.049 731.07 213.172 1401.9 219.441 0.809567 0.190433 0
0.657 190.658 171.607 729.669 213.597 1400.8 219.368 0.810128 0.189872 0
0.656 189.934 171.166 728.269 214.024 1399.7 219.296 0.81069 0.18931 0
0.655 189.212 170.725 726.87 214.452 1398.6 219.223 0.811253 0.188747 0
0.654 188.492 170.284 725.472 214.881 1397.5 219.15 0.811818 0.188182 0
0.653 187.773 169.843 724.075 215.311 1396.4 219.077 0.812384 0.187616 0
0.652 187.055 169.403 722.679 215.742 1395.3 219.004 0.812951 0.187049 0
0.651 186.339 168.963 721.284 216.174 1394.2 218.931 0.813519 0.186481 0
0.65 185.624 168.524 719.89 216.607 1393.1 218.857 0.814089 0.185911 0
0.649 184.911 168.084 718.498 217.042 1392 218.784 0.81466 0.18534 0
0.648 184.2 167.646 717.106 217.477 1390.9 218.71 0.815232 0.184768 0
0.647 183.489 167.207 715.716 217.913 1389.81 218.636 0.815805 0.184195 0
0.646 182.781 166.769 714.327 218.35 1388.71 218.562 0.81638 0.18362 0
0.645 182.074 166.331 712.939 218.789 1387.62 218.488 0.816956 0.183044 0
0.644 181.368 165.894 711.551 219.228 1386.52 218.413 0.817533 0.182467 0
0.643 180.664 165.456 710.166 219.669 1385.43 218.339 0.818111 0.181889 0
0.642 179.961 165.02 708.781 220.111 1384.33 218.264 0.818691 0.181309 0
0.641 179.26 164.583 707.397 220.553 1383.24 218.189 0.819271 0.180729 0
0.64 178.561 164.147 706.014 220.997 1382.15 218.114 0.819854 0.180146 0
0.639 177.862 163.711 704.633 221.442 1381.06 218.039 0.820437 0.179563 0
0.638 177.166 163.276 703.252 221.888 1379.97 217.964 0.821022 0.178978 0
0.637 176.471 162.841 701.873 222.335 1378.87 217.888 0.821608 0.178392 0
0.636 175.777 162.406 700.494 222.783 1377.78 217.812 0.822195 0.177805 0
0.635 175.085 161.972 699.117 223.232 1376.7 217.737 0.822783 0.177217 0
0.634 174.394 161.538 697.741 223.683 1375.61 217.661 0.823373 0.176627 0
0.633 173.705 161.104 696.366 224.134 1374.52 217.584 0.823964 0.176036 0
0.632 173.017 160.671 694.992 224.587 1373.43 217.508 0.824556 0.175444 0
0.631 172.331 160.238 693.619 225.041 1372.35 217.432 0.82515 0.17485 0
0.63 171.647 159.805 692.247 225.496 1371.26 217.355 0.825745 0.174255 0
0.629 170.963 159.373 690.876 225.952 1370.17 217.278 0.826341 0.173659 0
0.628 170.282 158.941 689.507 226.409 1369.09 217.201 0.826939 0.173061 0
0.627 169.602 158.509 688.138 226.867 1368.01 217.124 0.827538 0.172462 0
0.626 168.923 158.078 686.771 227.326 1366.92 217.047 0.828138 0.171862 0
0.625 168.246 157.647 685.404 227.787 1365.84 216.97 0.828739 0.171261 0
0.624 167.57 157.217 684.039 228.248 1364.76 216.892 0.829342 0.170658 0
0.623 166.896 156.786 682.675 228.711 1363.68 216.814 0.829946 0.170054 0
0.622 166.224 156.357 681.312 229.175 1362.6 216.736 0.830551 0.169449 0
0.621 165.552 155.927 679.95 229.64 1361.52 216.658 0.831158 0.168842 0
0.62 164.883 155.498 678.589 230.106 1360.44 216.58 0.831766 0.168234 0
0.619 164.215 155.069 677.229 230.574 1359.36 216.501 0.832375 0.167625 0
0.618 163.548 154.641 675.87 231.042 1358.28 216.423 0.832986 0.167014 0
0.617 162.883 154.213 674.512 231.512 1357.2 216.344 0.833598 0.166402 0
0.616 162.22 153.785 673.156 231.983 1356.13 216.265 0.834211 0.165789 0
0.615 161.558 153.358 671.8 232.455 1355.05 216.186 0.834826 0.165174 0
0.614 160.897 152.931 670.446 232.928 1353.98 216.107 0.835442 0.164558 0
0.613 160.238 152.504 669.092 233.403 1352.9 216.027 0.836059 0.163941 0
0.612 159.58 152.078 667.74 233.879 1351.83 215.947 0.836678 0.163322 0
0.611 158.924 151.652 666.388 234.355 1350.76 215.868 0.837298 0.162702 0
0.61 158.27 151.227 665.038 234.833 1349.69 215.788 0.837919 0.162081 0
0.609 157.617 150.801 663.689 235.313 1348.61 215.707 0.838542 0.161458 0
0.608 156.965 150.377 662.341 235.793 1347.54 215.627 0.839166 0.160834 0
0.607 156.316 149.952 660.994 236.275 1346.47 215.547 0.839791 0.160209 0
0.606 155.667 149.528 659.648 236.758 1345.4 215.466 0.840418 0.159582 0
0.605 155.02 149.104 658.303 237.242 1344.34 215.385 0.841046 0.158954 0
0.604 154.375 148.681 656.959 237.727 1343.27 215.304 0.841675 0.158325 0
0.603 153.731 148.258 655.617 238.213 1342.2 215.223 0.842306 0.157694 0
0.602 153.088 147.835 654.275 238.701 1341.14 215.141 0.842938 0.157062 0
0.601 152.447 147.413 652.934 239.19 1340.07 215.059 0.843572 0.156428 0
0.6 151.808 146.991 651.595 239.68 1339 214.978 0.844207 0.155793 0
0.599 151.17 146.57 650.256 240.172 1337.94 214.896 0.844843 0.155157 0
0.598 150.534 146.149 648.919 240.664 1336.88 214.813 0.845481 0.154519 0
0.597 149.899 145.728 647.583 241.158 1335.82 214.731 0.84612 0.15388 0
0.596 149.266 145.308 646.247 241.653 1334.75 214.648 0.84676 0.15324 0
0.595 148.634 144.887 644.913 242.15 1333.69 214.566 0.847402 0.152598 0
0.594 148.004 144.468 643.58 242.647 1332.63 214.483 0.848045 0.151955 0
0.593 147.375 144.049 642.248 243.146 1331.57 214.4 0.848689 0.151311 0
0.592 146.748 143.63 640.917 243.647 1330.51 214.316 0.849335 0.150665 0
0.591 146.122 143.211 639.587 244.148 1329.46 214.233 0.849982 0.150018 0
0.59 145.498 142.793 638.258 244.651 1328.4 214.149 0.850631 0.149369 0
0.589 144.875 142.375 636.93 245.155 1327.34 214.065 0.851281 0.148719 0
0.588 144.254 141.958 635.603 245.66 1326.29 213.981 0.851933 0.148067 0
0.587 143.634 141.541 634.277 246.167 1325.23 213.897 0.852586 0.147414 0
0.586 143.016 141.124 632.953 246.675 1324.18 213.812 0.85324 0.14676 0
0.585 142.399 140.708 631.629 247.184 1323.13 213.728 0.853895 0.146105 0
0.584 141.784 140.292 630.306 247.694 1322.07 213.643 0.854552 0.145448 0
0.583 141.171 139.876 628.985 248.206 1321.02 213.558 0.855211 0.144789 0
0.582 140.559 139.461 627.664 248.719 1319.97 213.473 0.855871 0.144129 0
0.581 139.948 139.046 626.345 249.233 1318.92 213.387 0.856532 0.143468 0
0.58 139.339 138.632 625.027 249.749 1317.87 213.301 0.857195 0.142805 0
0.579 138.731 138.218 623.709 250.266 1316.82 213.216 0.857859 0.142141 0
0.578 138.125 137.804 622.393 250.784 1315.78 213.13 0.858524 0.141476 0
0.577 137.521 137.391 621.078 251.304 1314.73 213.043 0.859191 0.140809 0
0.576 136.918 136.978 619.763 251.825 1313.68 212.957 0.85986 0.14014 0
0.575 136.317 136.566 618.45 252.347 1312.64 212.87 0.860529 0.139471 0
0.574 135.717 136.154 617.138 252.871 1311.59 212.783 0.8612 0.1388 0
0.573 135.118 135.742 615.827 253.396 1310.55 212.696 0.861873 0.138127 0
0.572 134.521 135.331 614.517 253.922 1309.51 212.609 0.862547 0.137453 0
0.571 133.926 134.92 613.208 254.45 1308.47 212.521 0.863222 0.136778 0
0.57 133.332 134.509 611.9 254.979 1307.43 212.434 0.863899 0.136101 0
0.569 132.74 134.099 610.593 255.509 1306.38 212.346 0.864578 0.135422 0
0.568 132.149 133.689 609.287 256.041 1305.35 212.258 0.865257 0.134743 0
0.567 131.56 133.28 607.983 256.574 1304.31 212.169 0.865938 0.134062 0
0.566 130.972 132.871 606.679 257.109 1303.27 212.081 0.866621 0.133379 0
0.565 130.386 132.462 605.376 257.645 1302.23 211.992 0.867305 0.132695 0
0.564 129.801 132.054 604.074 258.182 1301.2 211.903 0.86799 0.13201 0
0.563 129.218 131.646 602.774 258.72 1300.16 211.814 0.868677 0.131323 0
0.562 128.636 131.238 601.474 259.261 1299.13 211.724 0.869366 0.130634 0
0.561 128.056 130.831 600.175 259.802 1298.1 211.635 0.870055 0.129945 0
0.56 127.477 130.425 598.878 260.345 1297.06 211.545 0.870747 0.129253 0
0.559 126.9 130.018 597.581 260.889 1296.03 211.455 0.871439 0.128561 0
0.558 126.325 129.612 596.286 261.435 1295 211.365 0.872133 0.127867 0
0.557 125.751 129.207 594.991 261.982 1293.97 211.274 0.872829 0.127171 0
0.556 125.178 128.802 593.698 262.53 1292.94 211.184 0.873526 0.126474 0
0.555 124.607 128.397 592.405 263.08 1291.91 211.093 0.874224 0.125776 0
0.554 124.038 127.993 591.114 263.631 1290.89 211.001 0.874924 0.125076 0
0.553 123.47 127.589 589.824 264.184 1289.86 210.91 0.875625 0.124375 0
0.552 122.903 127.185 588.534 264.738 1288.84 210.818 0.876328 0.123672 0
0.551 122.338 126.782 587.246 265.294 1287.81 210.727 0.877032 0.122968 0
0.55 121.775 126.379 585.959 265.851 1286.79 210.635 0.877738 0.122262 0
0.549 121.213 125.977 584.672 266.409 1285.77 210.542 0.878445 0.121555 0
0.548 120.653 125.575 583.387 266.969 1284.74 210.45 0.879153 0.120847 0
0.547 120.094 125.173 582.103 267.53 1283.72 210.357 0.879863 0.120137 0
0.546 119.536 124.772 580.82 268.093 1282.7 210.264 0.880575 0.119425 0
0.545 118.981 124.371 579.537 268.657 1281.68 210.171 0.881288 0.118712 0
0.544 118.426 123.971 578.256 269.223 1280.67 210.077 0.882002 0.117998 0
0.543 117.874 123.571 576.976 269.79 1279.65 209.984 0.882718 0.117282 0
0.542 117.322 123.171 575.697 270.359 1278.63 209.89 0.883435 0.116565 0
0.541 116.773 122.772 574.419 270.929 1277.62 209.796 0.884154 0.115846 0
0.54 116.224 122.374 573.142 271.501 1276.6 209.701 0.884874 0.115126 0
0.539 115.678 121.975 571.866 272.074 1275.59 209.607 0.885595 0.114405 0
0.538 115.133 121.577 570.591 272.648 1274.58 209.512 0.886318 0.113682 0
0.537 114.589 121.18 569.316 273.225 1273.57 209.417 0.887043 0.112957 0
0.536 114.047 120.782 568.043 273.802 1272.56 209.321 0.887769 0.112231 0
0.535 113.506 120.386 566.771 274.381 1271.55 209.226 0.888496 0.111504 0
0.534 112.967 119.989 565.5 274.962 1270.54 209.13 0.889225 0.110775 0
0.533 112.43 119.593 564.23 275.544 1269.53 209.034 0.889955 0.110045 0
0.532 111.894 119.198 562.961 276.128 1268.52 208.937 0.890687 0.109313 0
0.531 111.359 118.803 561.693 276.713 1267.52 208.841 0.89142 0.10858 0
0.53 110.826 118.408 560.426 277.3 1266.51 208.744 0.892154 0.107846 0
0.529 110.295 118.014 559.16 277.888 1265.51 208.647 0.892891 0.107109 0
0.528 109.765 117.62 557.895 278.478 1264.51 208.55 0.893628 0.106372 0
0.527 109.236 117.226 556.631 279.069 1263.51 208.452 0.894367 0.105633 0
0.526 108.709 116.833 555.368 279.662 1262.5 208.354 0.895107 0.104893 0
0.525 108.184 116.44 554.106 280.256 1261.5 208.256 0.895849 0.104151 0
0.524 107.66 116.048 552.845 280.852 1260.51 208.158 0.896592 0.103408 0
0.523 107.137 115.656 551.585 281.449 1259.51 208.059 0.897337 0.102663 0
0.522 106.617 115.265 550.326 282.049 1258.51 207.96 0.898083 0.101917 0
0.521 106.097 114.874 549.068 282.649 1257.51 207.861 0.89883 0.10117 0
0.52 105.579 114.483 547.811 283.251 1256.52 207.762 0.899579 0.100421 0
0.519 105.063 114.093 546.555 283.855 1255.53 207.662 0.90033 0.0996703 0
0.518 104.548 113.703 545.3 284.461 1254.53 207.562 0.901082 0.0989185 0
0.517 104.035 113.313 544.046 285.067 1253.54 207.462 0.901835 0.0981653 0
0.516 103.523 112.924 542.793 285.676 1252.55 207.361 0.902589 0.0974106 0
0.515 103.013 112.536 541.541 286.286 1251.56 207.261 0.903345 0.0966546 0
0.514 102.504 112.148 540.29 286.898 1250.57 207.16 0.904103 0.0958972 0
0.513 101.997 111.76 539.04 287.511 1249.58 207.058 0.904862 0.0951383 0
0.512 101.491 111.372 537.791 288.126 1248.6 206.957 0.905622 0.094378 0
0.511 100.987 110.985 536.543 288.743 1247.61 206.855 0.906384 0.0936164 0
0.51 100.484 110.599 535.295 289.361 1246.63 206.753 0.907147 0.0928533 0
0.509 99.9826 110.213 534.049 289.981 1245.64 206.651 0.907911 0.0920889 0
0.508 99.4828 109.827 532.804 290.602 1244.66 206.548 0.908677 0.091323 0
0.507 98.9846 109.442 531.56 291.225 1243.68 206.445 0.909444 0.0905558 0
0.506 98.4879 109.057 530.317 291.85 1242.7 206.342 0.910213 0.0897872 0
0.505 97.9926 108.672 529.075 292.476 1241.72 206.238 0.910983 0.0890172 0
0.504 97.4989 108.288 527.833 293.104 1240.74 206.135 0.911754 0.0882458 0
0.503 97.0067 107.905 526.593 293.734 1239.76 206.031 0.912527 0.0874731 0
0.502 96.5159 107.522 525.354 294.365 1238.78 205.926 0.913301 0.086699 0
0.501 96.0267 107.139 524.116 294.998 1237.81 205.822 0.914076 0.0859236 0
0.5 95.539 106.756 522.878 295.632 1236.83 205.717 0.914853 0.0851468 0
0.499 95.0527 106.375 521.642 296.269 1235.86 205.611 0.915631 0.0843687 0
0.498 94.568 105.993 520.407 296.907 1234.89 205.506 0.916411 0.0835892 0
0.497 94.0847 105.612 519.172 297.546 1233.92 205.4 0.917192 0.0828084 0
0.496 93.603 105.231 517.939 298.187 1232.95 205.294 0.917974 0.0820263 0
0.495 93.1227 104.851 516.706 298.83 1231.98 205.188 0.918757 0.0812429 0
0.494 92.644 104.471 515.475 299.475 1231.01 205.081 0.919542 0.0804581 0
0.493 92.1667 104.092 514.244 300.121 1230.04 204.974 0.920328 0.0796721 0
0.492 91.6909 103.713 513.015 300.769 1229.08 204.866 0.921115 0.0788847 0
0.491 91.2166 103.334 511.786 301.419 1228.11 204.759 0.921904 0.0780961 0
0.49 90.7438 102.956 510.558 302.071 1227.15 204.651 0.922694 0.0773062 0
0.489 90.2725 102.578 509.332 302.724 1226.18 204.543 0.923485 0.076515 0
0.488 89.8027 102.201 508.106 303.379 1225.22 204.434 0.924277 0.0757226 0
0.487 89.3343 101.824 506.881 304.035 1224.26 204.325 0.925071 0.0749289 0
0.486 88.8674 101.448 505.658 304.694 1223.3 204.216 0.925866 0.074134 0
0.485 88.402 101.072 504.435 305.354 1222.34 204.106 0.926662 0.0733379 0
0.484 87.9381 100.696 503.213 306.016 1221.39 203.996 0.927459 0.0725405 0
0.483 87.4757 100.321 501.992 306.679 1220.43 203.886 0.928258 0.071742 0
0.482 87.0147 99.946 500.772 307.345 1219.47 203.776 0.929058 0.0709422 0
0.481 86.5553 99.5717 499.553 308.012 1218.52 203.665 0.929859 0.0701413 0
0.48 86.0972 99.1978 498.335 308.681 1217.57 203.554 0.930661 0.0693392 0
0.479 85.6407 98.8243 497.118 309.351 1216.61 203.442 0.931464 0.0685359 0
0.478 85.1856 98.4513 495.902 310.024 1215.66 203.33 0.932268 0.0677315 0
0.477 84.732 98.0787 494.687 310.698 1214.71 203.218 0.933074 0.066926 0
0.476 84.2799 97.7065 493.472 311.374 1213.77 203.106 0.933881 0.0661194 0
0.475 83.8292 97.3347 492.259 312.051 1212.82 202.993 0.934688 0.0653116 0
0.474 83.38 96.9634 491.047 312.731 1211.87 202.88 0.935497 0.0645028 0
0.473 82.9322 96.5925 489.835 313.412 1210.92 202.766 0.936307 0.0636929 0
0.472 82.4859 96.222 488.625 314.095 1209.98 202.652 0.937118 0.062882 0
0.471 82.0411 95.852 487.415 314.78 1209.04 202.538 0.93793 0.06207 0
0.47 81.5977 95.4824 486.207 315.467 1208.09 202.423 0.938743 0.0612571 0
0.469 81.1558 95.1132 484.999 316.155 1207.15 202.308 0.939557 0.0604431 0
0.468 80.7153 94.7445 483.792 316.846 1206.21 202.193 0.940372 0.0596282 0
0.467 80.2762 94.3762 482.587 317.538 1205.27 202.077 0.941188 0.0588123 0
0.466 79.8386 94.0083 481.382 318.232 1204.34 201.961 0.942005 0.0579955 0
0.465 79.4025 93.6409 480.178 318.928 1203.4 201.845 0.942822 0.0571777 0
0.464 78.9677 93.2739 478.975 319.625 1202.46 201.728 0.943641 0.0563591 0
0.463 78.5344 92.9073 477.773 320.325 1201.53 201.611 0.94446 0.0555397 0
0.462 78.1026 92.5412 476.572 321.026 1200.59 201.493 0.945281 0.0547193 0
0.461 77.6722 92.1755 475.372 321.73 1199.66 201.375 0.946102 0.0538982 0
0.46 77.2432 91.8102 474.173 322.435 1198.73 201.257 0.946924 0.0530763 0
0.459 76.8156 91.4454 472.974 323.142 1197.8 201.138 0.947746 0.0522537 0
0.458 76.3894 91.081 471.777 323.851 1196.87 201.019 0.94857 0.0514303 0
0.457 75.9647 90.717 470.581 324.561 1195.94 200.899 0.949394 0.0506062 0
0.456 75.5414 90.3535 469.385 325.274 1195.01 200.779 0.950218 0.0497815 0
0.455 75.1194 89.9904 468.191 325.988 1194.09 200.659 0.951044 0.0489562 0
0.454 74.6989 89.6278 466.997 326.705 1193.16 200.538 0.95187 0.0481302 0
0.453 74.2798 89.2656 465.804 327.423 1192.24 200.417 0.952696 0.0473037 0
0.452 73.8621 88.9039 464.613 328.143 1191.32 200.295 0.953523 0.0464767 0
0.451 73.4458 88.5426 463.422 328.866 1190.39 200.173 0.954351 0.0456491 0
0.45 73.0309 88.1817 462.232 329.59 1189.47 200.051 0.955179 0.0448212 0
0.449 72.6174 87.8213 461.043 330.316 1188.55 199.928 0.956007 0.0439928 0
0.448 72.2052 87.4613 459.855 331.044 1187.63 199.804 0.956836 0.0431641 0
0.447 71.7944 87.1018 458.667 331.773 1186.72 199.68 0.957665 0.0423351 0
0.446 71.385 86.7427 457.481 332.505 1185.8 199.556 0.958494 0.0415058 0
0.445 70.977 86.384 456.296 333.239 1184.88 199.431 0.959324 0.0406763 0
0.444 70.5703 86.0258 455.111 333.975 1183.97 199.306 0.960153 0.0398467 0
0.443 70.165 85.6681 453.928 334.712 1183.05 199.18 0.960983 0.0390169 0
0.442 69.7611 85.3107 452.745 335.452 1182.14 199.054 0.961813 0.0381871 0
0.441 69.3585 84.9539 451.564 336.194 1181.23 198.928 0.962643 0.0373574 0
0.44 68.9572 84.5975 450.383 336.937 1180.32 198.801 0.963472 0.0365277 0
0.439 68.5573 84.2415 449.203 337.683 1179.41 198.673 0.964302 0.0356981 0
0.438 68.1587 83.886 448.024 338.431 1178.5 198.545 0.965131 0.0348688 0
0.437 67.7614 83.531 446.846 339.18 1177.59 198.416 0.96596 0.0340397 0
0.436 67.3654 83.1764 445.669 339.932 1176.68 198.287 0.966789 0.033211 0
0.435 66.9708 82.8222 444.493 340.686 1175.78 198.157 0.967617 0.0323828 0
0.434 66.5774 82.4685 443.317 341.441 1174.87 198.027 0.968445 0.0315551 0
0.433 66.1853 82.1153 442.143 342.199 1173.97 197.896 0.969272 0.030728 0
0.432 65.7945 81.7625 440.969 342.959 1173.06 197.765 0.970098 0.0299016 0
0.431 65.405 81.4102 439.797 343.721 1172.16 197.633 0.970924 0.0290761 0
0.43 65.0168 81.0583 438.625 344.485 1171.26 197.501 0.971749 0.0282514 0
0.429 64.6298 80.7069 437.454 345.251 1170.36 197.368 0.972572 0.0274278 0
0.428 64.2441 80.356 436.284 346.019 1169.46 197.234 0.973395 0.0266053 0
0.427 63.8595 80.0055 435.115 346.789 1168.56 197.1 0.974216 0.0257841 0
0.426 63.4763 79.6555 433.947 347.561 1167.66 196.965 0.975036 0.0249643 0
0.425 63.0942 79.3059 432.78 348.336 1166.76 196.83 0.975854 0.024146 0
0.424 62.7133 78.9569 431.614 349.112 1165.87 196.694 0.976671 0.0233294 0
0.423 62.3336 78.6083 430.448 349.891 1164.97 196.557 0.977485 0.0225147 0
0.422 61.9551 78.2601 429.284 350.672 1164.07 196.419 0.978298 0.021702 0
0.421 61.5778 77.9125 428.12 351.454 1163.18 196.281 0.979109 0.0208914 0
0.42 61.2015 77.5653 426.957 352.24 1162.28 196.142 0.979917 0.0200833 0
0.419 60.8264 77.2186 425.796 353.027 1161.39 196.003 0.980722 0.0192777 0
0.418 60.4525 76.8723 424.635 353.816 1160.5 195.863 0.981525 0.018475 0
0.417 60.0796 76.5266 423.475 354.608 1159.6 195.721 0.982325 0.0176752 0
0.416 59.7077 76.1813 422.315 355.402 1158.71 195.58 0.983121 0.0168788 0
0.415 59.3369 75.8366 421.157 356.198 1157.82 195.437 0.983914 0.016086 0
0.414 58.9671 75.4923 420 356.996 1156.92 195.293 0.984703 0.0152971 0
0.413 58.5983 75.1485 418.843 357.797 1156.03 195.149 0.985488 0.0145123 0
0.412 58.2305 74.8052 417.688 358.6 1155.14 195.004 0.986268 0.0137321 0
0.411 57.8636 74.4624 416.533 359.405 1154.25 194.858 0.987043 0.0129569 0
0.41 57.4975 74.1201 415.379 360.213 1153.36 194.71 0.987813 0.012187 0
0.409 57.1324 73.7783 414.226 361.023 1152.47 194.562 0.988577 0.011423 0
0.408 56.768 73.437 413.074 361.835 1151.57 194.413 0.989335 0.0106654 0
0.407 56.4044 73.0962 411.923 362.65 1150.68 194.263 0.990085 0.00991468 0
0.406 56.0415 72.756 410.773 363.467 1149.79 194.111 0.990828 0.00917157 0
0.405 55.6792 72.4163 409.624 364.286 1148.9 193.959 0.991563 0.00843678 0
0.404 55.3176 72.0771 408.475 365.108 1148 193.805 0.992289 0.00771115 0
0.403 54.9564 71.7384 407.328 365.933 1147.11 193.649 0.993004 0.00699562 0
0.402 54.5956 71.4003 406.181 366.76 1146.21 193.493 0.993709 0.00629128 0
0.401 54.2351 71.0628 405.035 367.59 1145.31 193.334 0.994401 0.00559941 0
0.4 53.8748 70.7258 403.89 368.422 1144.41 193.174 0.995078 0.00492152 0
0.399 53.5145 70.3893 402.746 369.257 1143.51 193.013 0.995741 0.0042594 0
0.398 53.154 70.0535 401.603 370.095 1142.61 192.849 0.996385 0.00361529 0
0.397 52.7931 69.7182 400.461 370.936 1141.7 192.683 0.997008 0.00299192 0
0.396 52.4315 69.3836 399.32 371.78 1140.79 192.514 0.997607 0.00239285 0
0.395 52.0687 69.0495 398.18 372.627 1139.87 192.343 0.998177 0.00182283 0
0.394 51.7042 68.7161 397.04 373.477 1138.95 192.168 0.998711 0.00128855 0
0.393 51.3371 68.3834 395.902 374.331 1138.01 191.989 0.9992 0.000800237 0
0.392 50.9657 68.0514 394.764 375.189 1137.07 191.804 0.999624 0.000375739 0
0.391 50.5862 67.7201 393.628 376.053 1136.1 191.61 0.999943 5.73367e-05 0
0.39 50.1844 67.3897 392.492 376.925 1135.07 191.394 1 0 0
0.389 49.7794 67.0602 391.357 377.803 1134.03 191.173 1 0 0
0.388 49.3766 66.7317 390.224 378.683 1132.99 190.951 1 0 0
0.387 48.9761 66.4042 389.091 379.566 1131.96 190.729 1 0 0
0.386 48.5778 66.0777 387.96 380.452 1130.93 190.507 1 0 0
0.385 48.1816 65.7522 386.83 381.341 1129.9 190.283 1 0 0
0.384 47.7877 65.4276 385.7 382.233 1128.87 190.06 1 0 0
0.383 47.3959 65.104 384.572 383.129 1127.85 189.835 1 0 0
0.382 47.0064 64.7814 383.444 384.027 1126.83 189.61 1 0 0
0.381 46.619 64.4597 382.318 384.928 1125.82 189.385 1 0 0
0.38 46.2338 64.1391 381.193 385.832 1124.81 189.159 1 0 0
0.379 45.8509 63.8194 380.069 386.739 1123.8 188.932 1 0 0
0.378 45.47 63.5007 378.945 387.649 1122.79 188.705 1 0 0
0.377 45.0914 63.1829 377.823 388.562 1121.79 188.478 1 0 0
0.376 44.7149 62.8661 376.702 389.478 1120.79 188.249 1 0 0
0.375 44.3406 62.5504 375.581 390.397 1119.79 188.021 1 0 0
0.374 43.9685 62.2355 374.462 391.319 1118.8 187.791 1 0 0
0.373 43.5986 61.9217 373.344 392.244 1117.81 187.561 1 0 0
0.372 43.2307 61.6088 372.226 393.172 1116.82 187.331 1 0 0
0.371 42.8651 61.2969 371.11 394.103 1115.84 187.1 1 0 0
0.37 42.5016 60.9859 369.995 395.037 1114.86 186.868 1 0 0
0.369 42.1402 60.676 368.88 395.974 1113.88 186.636 1 0 0
0.368 41.781 60.367 367.767 396.914 1112.9 186.403 1 0 0
0.367 41.4239 60.0589 366.655 397.857 1111.93 186.17 1 0 0
0.366 41.069 59.7519 365.543 398.803 1110.96 185.936 1 0 0
0.365 40.7161 59.4458 364.433 399.752 1110 185.701 1 0 0
0.364 40.3654 59.1406 363.323 400.704 1109.03 185.466 1 0 0
0.363 40.0169 58.8364 362.215 401.659 1108.08 185.231 1 0 0
0.362 39.6704 58.5332 361.107 402.617 1107.12 184.994 1 0 0
0.361 39.3261 58.231 360 403.578 1106.17 184.757 1 0 0
0.36 38.9838 57.9297 358.895 404.541 1105.22 184.52 1 0 0
0.359 38.6437 57.6294 357.79 405.508 1104.27 184.282 1 0 0
0.358 38.3056 57.33 356.686 406.478 1103.33 184.043 1 0 0
0.357 37.9697 57.0316 355.583 407.451 1102.39 183.804 1 0 0
0.356 37.6358 56.7342 354.481 408.427 1101.45 183.564 1 0 0
0.355 37.304 56.4377 353.38 409.406 1100.52 183.324 1 0 0
0.354 36.9743 56.1422 352.28 410.388 1099.59 183.083 1 0 0
0.353 36.6467 55.8476 351.181 411.372 1098.66 182.841 1 0 0
0.352 36.3211 55.554 350.083 412.36 1097.74 182.599 1 0 0
0.351 35.9976 55.2613 348.986 413.351 1096.82 182.356 1 0 0
0.35 35.6761 54.9696 347.889 414.344 1095.9 182.113 1 0 0
0.349 35.3567 54.6789 346.794 415.341 1094.99 181.869 1 0 0
0.348 35.0394 54.3891 345.699 416.341 1094.08 181.624 1 0 0
0.347 34.724 54.1002 344.606 417.343 1093.17 181.379 1 0 0
0.346 34.4107 53.8123 343.513 418.349 1092.27 181.133 1 0 0
0.345 34.0995 53.5253 342.421 419.357 1091.36 180.887 1 0 0
0.344 33.7903 53.2393 341.33 420.369 1090.47 180.64 1 0 0
0.343 33.483 52.9542 340.24 421.383 1089.57 180.392 1 0 0
0.342 33.1778 52.6701 339.151 422.401 1088.68 180.144 1 0 0
0.341 32.8746 52.3869 338.063 423.421 1087.79 179.895 1 0 0
0.34 32.5734 52.1047 336.976 424.444 1086.91 179.645 1 0 0
0.339 32.2742 51.8234 335.889 425.47 1086.03 179.395 1 0 0
0.338 31.977 51.543 334.804 426.5 1085.15 179.144 1 0 0
0.337 31.6818 51.2636 333.719 427.532 1084.27 178.893 1 0 0
0.336 31.3885 50.9851 332.635 428.567 1083.4 178.641 1 0 0
0.335 31.0972 50.7075 331.552 429.605 1082.54 178.388 1 0 0
0.334 30.8079 50.4309 330.47 430.645 1081.67 178.135 1 0 0
0.333 30.5205 50.1552 329.389 431.689 1080.81 177.881 1 0 0
0.332 30.2351 49.8804 328.308 432.736 1079.95 177.626 1 0 0
0.331 29.9516 49.6066 327.229 433.786 1079.09 177.371 1 0 0
0.33 29.6701 49.3336 326.15 434.838 1078.24 177.115 1 0 0
0.329 29.3905 49.0616 325.072 435.893 1077.39 176.859 1 0 0
0.328 29.1128 48.7906 323.995 436.952 1076.55 176.602 1 0 0
0.327 28.8371 48.5204 322.919 438.013 1075.71 176.344 1 0 0
0.326 28.5632 48.2512 321.844 439.077 1074.87 176.085 1 0 0
0.325 28.2913 47.9829 320.769 440.144 1074.03 175.826 1 0 0
0.324 28.0212 47.7155 319.696 441.214 1073.2 175.566 1 0 0
0.323 27.7531 47.449 318.623 442.287 1072.37 175.306 1 0 0
0.322 27.4868 47.1835 317.551 443.362 1071.55 175.045 1 0 0
0.321 27.2224 46.9188 316.48 444.441 1070.72 174.783 1 0 0
0.32 26.9599 46.6551 315.41 445.522 1069.9 174.521 1 0 0
0.319 26.6992 46.3923 314.34 446.606 1069.09 174.258 1 0 0
0.318 26.4404 46.1304 313.271 447.693 1068.28 173.994 1 0 0
0.317 26.1835 45.8693 312.204 448.783 1067.47 173.729 1 0 0
0.316 25.9284 45.6092 311.137 449.876 1066.66 173.464 1 0 0
0.315 25.6751 45.35 310.07 450.972 1065.86 173.198 1 0 0
0.314 25.4237 45.0917 309.005 452.07 1065.06 172.932 1 0 0
0.313 25.1741 44.8343 307.94 453.171 1064.26 172.665 1 0 0
0.312 24.9263 44.5778 306.876 454.275 1063.47 172.397 1 0 0
0.311 24.6803 44.3222 305.813 455.382 1062.68 172.128 1 0 0
0.31 24.4361 44.0675 304.751 456.492 1061.89 171.859 1 0 0
0.309 24.1937 43.8136 303.689 457.604 1061.11 171.589 1 0 0
0.308 23.9531 43.5607 302.629 458.72 1060.33 171.319 1 0 0
0.307 23.7142 43.3086 301.569 459.838 1059.55 171.047 1 0 0
0.306 23.4772 43.0575 300.51 460.959 1058.78 170.775 1 0 0
0.305 23.2418 42.8072 299.451 462.082 1058.01 170.502 1 0 0
0.304 23.0083 42.5578 298.394 463.209 1057.24 170.229 1 0 0
0.303 22.7765 42.3092 297.337 464.338 1056.48 169.955 1 0 0
0.302 22.5464 42.0616 296.281 465.47 1055.72 169.68 1 0 0
0.301 22.3181 41.8148 295.225 466.605 1054.96 169.404 1 0 0
0.3 22.0915 41.5689 294.171 467.742 1054.21 169.128 1 0 0
0.299 21.8666 41.3239 293.117 468.882 1053.46 168.851 1 0 0
0.298 21.6434 41.0798 292.064 470.025 1052.71 168.573 1 0 0
0.297 21.422 40.8365 291.011 471.171 1051.96 168.294 1 0 0
0.296 21.2022 40.594 289.96 472.32 1051.22 168.015 1 0 0
0.295 20.9841 40.3525 288.909 473.471 1050.48 167.735 1 0 0
0.294 20.7677 40.1118 287.859 474.625 1049.75 167.454 1 0 0
0.293 20.5529 39.872 286.809 475.781 1049.02 167.173 1 0 0
0.292 20.3398 39.633 285.761 476.941 1048.29 166.89 1 0 0
0.291 20.1284 39.3948 284.713 478.103 1047.56 166.607 1 0 0
0.29 19.9186 39.1576 283.666 479.267 1046.84 166.323 1 0 0
0.289 19.7105 38.9212 282.619 480.435 1046.12 166.039 1 0 0
0.288 19.504 38.6856 281.573 481.605 1045.41 165.753 1 0 0
0.287 19.2991 38.4509 280.528 482.778 1044.7 165.467 1 0 0
0.286 19.0958 38.217 279.484 483.953 1043.99 165.18 1 0 0
0.285 18.8942 37.9839 278.44 485.131 1043.28 164.893 1 0 0
0.284 18.6941 37.7518 277.397 486.312 1042.58 164.604 1 0 0
0.283 18.4956 37.5204 276.355 487.496 1041.88 164.315 1 0 0
0.282 18.2987 37.2899 275.314 488.682 1041.18 164.025 1 0 0
0.281 18.1034 37.0602 274.273 489.87 1040.49 163.734 1 0 0
0.28 17.9097 36.8313 273.233 491.062 1039.79 163.442 1 0 0
0.279 17.7175 36.6033 272.193 492.256 1039.11 163.15 1 0 0
0.278 17.5269 36.3761 271.155 493.452 1038.42 162.856 1 0 0
0.277 17.3378 36.1497 270.116 494.651 1037.74 162.562 1 0 0
0.276 17.1502 35.9242 269.079 495.853 1037.06 162.267 1 0 0
0.275 16.9642 35.6995 268.042 497.058 1036.39 161.971 1 0 0
0.274 16.7797 35.4755 267.006 498.265 1035.72 161.675 1 0 0
0.273 16.5967 35.2525 265.971 499.474 1035.05 161.377 1 0 0
0.272 16.4152 35.0302 264.936 500.686 1034.38 161.079 1 0 0
0.271 16.2352 34.8087 263.902 501.901 1033.72 160.78 1 0 0
0.27 16.0567 34.588 262.869 503.119 1033.06 160.48 1 0 0
0.269 15.8796 34.3682 261.836 504.339 1032.4 160.179 1 0 0
0.268 15.704 34.1491 260.804 505.561 1031.75 159.877 1 0 0
0.267 15.5299 33.9309 259.773 506.786 1031.1 159.574 1 0 0
0.266 15.3573 33.7135 258.742 508.014 1030.45 159.271 1 0 0
0.265 15.1861 33.4968 257.712 509.244 1029.8 158.967 1 0 0
0.264 15.0163 33.281 256.682 510.476 1029.16 158.661 1 0 0
0.263 14.848 33.0659 255.653 511.712 1028.52 158.355 1 0 0
0.262 14.681 32.8516 254.625 512.949 1027.89 158.048 1 0 0
0.261 14.5155 32.6382 253.598 514.19 1027.25 157.74 1 0 0
0.26 14.3514 32.4255 252.571 515.432 1026.62 157.431 1 0 0
0.259 14.1887 32.2136 251.544 516.678 1026 157.121 1 0 0
0.258 14.0274 32.0024 250.519 517.926 1025.37 156.81 1 0 0
0.257 13.8675 31.7921 249.494 519.176 1024.75 156.499 1 0 0
0.256 13.7089 31.5825 248.469 520.429 1024.13 156.186 1 0 0
0.255 13.5517 31.3737 247.445 521.684 1023.52 155.873 1 0 0
0.254 13.3958 31.1657 246.422 522.942 1022.91 155.558 1 0 0
0.253 13.2413 30.9584 245.399 524.202 1022.3 155.243 1 0 0
0.252 13.0882 30.752 244.377 525.465 1021.69 154.926 1 0 0
0.251 12.9363 30.5462 243.356 526.73 1021.09 154.609 1 0 0
0.25 12.7858 30.3413 242.335 527.997 1020.48 154.29 1 0 0
0.249 12.6367 30.1371 241.315 529.268 1019.89 153.971 1 0 0
0.248 12.4888 29.9337 240.296 530.54 1019.29 153.65 1 0 0
0.247 12.3422 29.731 239.277 531.815 1018.7 153.329 1 0 0
0.246 12.1969 29.5291 238.258 533.093 1018.11 153.007 1 0 0
0.245 12.0529 29.3279 237.24 534.372 1017.52 152.683 1 0 0
0.244 11.9101 29.1275 236.223 535.655 1016.94 152.359 1 0 0
0.243 11.7687 28.9278 235.206 536.94 1016.36 152.033 1 0 0
0.242 11.6285 28.7289 234.19 538.227 1015.78 151.707 1 0 0
0.241 11.4895 28.5307 233.175 539.516 1015.2 151.379 1 0 0
0.24 11.3518 28.3332 232.16 540.808 1014.63 151.051 1 0 0
0.239 11.2153 28.1365 231.146 542.103 1014.06 150.721 1 0 0
0.238 11.08 27.9405 230.132 543.4 1013.5 150.39 1 0 0
0.237 10.946 27.7453 229.119 544.699 1012.93 150.058 1 0 0
0.236 10.8132 27.5508 228.106 546.001 1012.37 149.725 1 0 0
0.235 10.6816 27.357 227.094 547.305 1011.81 149.391 1 0 0
0.234 10.5511 27.1639 226.082 548.611 1011.25 149.056 1 0 0
0.233 10.4219 26.9716 225.071 549.92 1010.7 148.72 1 0 0
0.232 10.2938 26.78 224.061 551.231 1010.15 148.383 1 0 0
0.231 10.1669 26.5891 223.051 552.545 1009.6 148.044 1 0 0
0.23 10.0412 26.3989 222.042 553.861 1009.06 147.704 1 0 0
0.229 9.91663 26.2095 221.033 555.179 1008.51 147.364 1 0 0
0.228 9.79321 26.0207 220.025 556.5 1007.97 147.022 1 0 0
0.227 9.67093 25.8327 219.017 557.823 1007.44 146.679 1 0 0
0.226 9.54978 25.6454 218.01 559.148 1006.9 146.334 1 0 0
0.225 9.42976 25.4588 217.003 560.476 1006.37 145.989 1 0 0
0.224 9.31085 25.2728 215.997 561.806 1005.84 145.642 1 0 0
0.223 9.19305 25.0876 214.992 563.139 1005.31 145.294 1 0 0
0.222 9.07636 24.9031 213.986 564.474 1004.79 144.945 1 0 0
0.221 8.96076 24.7193 212.982 565.811 1004.27 144.595 1 0 0
0.22 8.84625 24.5362 211.978 567.151 1003.75 144.243 1 0 0
0.219 8.73281 24.3537 210.974 568.493 1003.23 143.89 1 0 0
0.218 8.62045 24.172 209.971 569.837 1002.72 143.536 1 0 0
0.217 8.50915 23.991 208.969 571.183 1002.2 143.181 1 0 0
0.216 8.39891 23.8106 207.967 572.532 1001.69 142.824 1 0 0
0.215 8.28972 23.6309 206.966 573.884 1001.19 142.466 1 0 0
0.214 8.18157 23.4519 205.965 575.237 1000.68 142.106 1 0 0
0.213 8.07445 23.2736 204.964 576.593 1000.18 141.746 1 0 0
0.212 7.96836 23.096 203.964 577.952 999.683 141.384 1 0 0
0.211 7.86329 22.919 202.965 579.312 999.186 141.021 1 0 0
0.21 7.75924 22.7427 201.966 580.675 998.691 140.656 1 0 0
0.209 7.65618 22.5671 200.968 582.041 998.2 140.29 1 0 0
0.208 7.55413 22.3922 199.97 583.408 997.71 139.922 1 0 0
0.207 7.45307 22.2179 198.972 584.778 997.223 139.554 1 0 0
0.206 7.35299 22.0443 197.975 586.151 996.738 139.183 1 0 0
0.205 7.25388 21.8714 196.979 587.525 996.256 138.812 1 0 0
0.204 7.15575 21.6991 195.983 588.902 995.776 138.439 1 0 0
0.203 7.05857 21.5275 194.987 590.282 995.299 138.064 1 0 0
0.202 6.96235 21.3565 193.992 591.663 994.824 137.688 1 0 0
0.201 6.86708 21.1862 192.997 593.047 994.351 137.311 1 0 0
0.2 6.77275 21.0166 192.003 594.434 993.88 136.932 1 0 0
0.199 6.67936 20.8476 191.01 595.822 993.412 136.551 1 0 0
0.198 6.58689 20.6792 190.016 597.213 992.946 136.169 1 0 0
0.197 6.49534 20.5116 189.024 598.606 992.483 135.786 1 0 0
0.196 6.4047 20.3445 188.032 600.002 992.022 135.401 1 0 0
0.195 6.31497 20.1781 187.04 601.4 991.563 135.014 1 0 0
0.194 6.22613 20.0124 186.048 602.8 991.106 134.626 1 0 0
0.193 6.13819 19.8473 185.058 604.203 990.651 134.236 1 0 0
0.192 6.05113 19.6828 184.067 605.608 990.199 133.844 1 0 0
0.191 5.96496 19.519 183.077 607.015 989.749 133.451 1 0 0
0.19 5.87965 19.3558 182.088 608.425 989.301 133.057 1 0 0
0.189 5.79521 19.1932 181.099 609.837 988.856 132.66 1 0 0
0.188 5.71163 19.0313 180.11 611.251 988.412 132.262 1 0 0
0.187 5.6289 18.87 179.122 612.668 987.971 131.862 1 0 0
0.186 5.54701 18.7094 178.134 614.087 987.532 131.461 1 0 0
0.185 5.46597 18.5493 177.147 615.508 987.095 131.058 1 0 0
0.184 5.38575 18.3899 176.16 616.932 986.66 130.653 1 0 0
0.183 5.30636 18.2312 175.173 618.358 986.228 130.246 1 0 0
0.182 5.22779 18.073 174.187 619.786 985.797 129.838 1 0 0
0.181 5.15003 17.9155 173.202 621.217 985.369 129.427 1 0 0
0.18 5.07308 17.7586 172.217 622.65 984.942 129.015 1 0 0
0.179 4.99693 17.6024 171.232 624.086 984.518 128.601 1 0 0
0.178 4.92157 17.4467 170.248 625.524 984.096 128.185 1 0 0
0.177 4.84699 17.2917 169.264 626.964 983.676 127.767 1 0 0
0.176 4.7732 17.1373 168.28 628.407 983.258 127.347 1 0 0
0.175 4.70018 16.9835 167.297 629.852 982.842 126.926 1 0 0
0.174 4.62793 16.8304 166.314 631.299 982.428 126.502 1 0 0
0.173 4.55644 16.6778 165.332 632.749 982.016 126.077 1 0 0
0.172 4.48571 16.5259 164.35 634.201 981.606 125.649 1 0 0
0.171 4.41573 16.3746 163.369 635.656 981.198 125.219 1 0 0
0.17 4.34648 16.2239 162.388 637.113 980.791 124.787 1 0 0
0.169 4.27798 16.0738 161.407 638.573 980.387 124.354 1 0 0
0.168 4.2102 15.9243 160.427 640.035 979.985 123.918 1 0 0
0.167 4.14315 15.7754 159.447 641.499 979.585 123.48 1 0 0
0.166 4.07682 15.6272 158.468 642.966 979.186 123.039 1 0 0
0.165 4.0112 15.4795 157.489 644.435 978.79 122.597 1 0 0
0.164 3.94629 15.3325 156.511 645.907 978.395 122.152 1 0 0
0.163 3.88208 15.1861 155.532 647.381 978.002 121.705 1 0 0
0.162 3.81856 15.0403 154.555 648.857 977.612 121.256 1 0 0
0.161 3.75573 14.8951 153.577 650.336 977.223 120.804 1 0 0
0.16 3.69358 14.7505 152.6 651.818 976.835 120.35 1 0 0
0.159 3.6321 14.6065 151.623 653.302 976.45 119.894 1 0 0
0.158 3.5713 14.4632 150.647 654.788 976.066 119.435 1 0 0
0.157 3.51116 14.3204 149.671 656.277 975.684 118.974 1 0 0
0.156 3.45167 14.1783 148.696 657.769 975.304 118.51 1 0 0
0.155 3.39284 14.0367 147.721 659.263 974.926 118.044 1 0 0
0.154 3.33466 13.8958 146.746 660.759 974.549 117.575 1 0 0
0.153 3.27711 13.7555 145.772 662.258 974.175 117.103 1 0 0
0.152 3.2202 13.6158 144.798 663.76 973.801 116.629 1 0 0
0.151 3.16391 13.4768 143.824 665.264 973.43 116.152 1 0 0
0.15 3.10824 13.3383 142.851 666.771 973.06 115.672 1 0 0
0.149 3.05319 13.2005 141.878 668.28 972.692 115.189 1 0 0
0.148 2.99874 13.0633 140.905 669.792 972.325 114.704 1 0 0
0.147 2.9449 12.9267 139.933 671.306 971.96 114.215 1 0 0
0.146 2.89165 12.7907 138.961 672.823 971.597 113.723 1 0 0
0.145 2.83899 12.6554 137.99 674.343 971.235 113.228 1 0 0
0.144 2.7869 12.5206 137.019 675.865 970.874 112.73 1 0 0
0.143 2.73539 12.3866 136.048 677.39 970.515 112.229 1 0 0
0.142 2.68445 12.2531 135.078 678.917 970.158 111.724 1 0 0
0.141 2.63406 12.1203 134.108 680.447 969.802 111.216 1 0 0
0.14 2.58422 11.9881 133.138 681.98 969.447 110.704 1 0 0
0.139 2.53492 11.8566 132.169 683.515 969.093 110.188 1 0 0
0.138 2.48615 11.7257 131.2 685.053 968.741 109.669 1 0 0
0.137 2.4379 11.5955 130.232 686.594 968.39 109.145 1 0 0
0.136 2.39016 11.4659 129.263 688.137 968.041 108.617 1 0 0
0.135 2.3429 11.3371 128.296 689.683 967.692 108.084 1 0 0
0.134 2.29612 11.2088 127.328 691.232 967.344 107.546 1 0 0
0.133 2.24978 11.0813 126.361 692.783 966.997 107.003 1 0 0
0.132 2.20385 10.9545 125.394 694.337 966.65 106.453 1 0 0
0.131 2.15825 10.8284 124.428 695.894 966.304 105.896 1 0 0
0.13 2.11277 10.703 123.461 697.453 965.955 105.325 1 0 0
0.129 2.06777 10.5783 122.496 699.015 965.608 104.75 1 0 0
0.128 2.02335 10.4544 121.53 700.579 965.262 104.172 1 0 0
0.127 1.97952 10.3313 120.565 702.147 964.918 103.592 1 0 0
0.126 1.93628 10.209 119.6 703.718 964.576 103.01 1 0 0
0.125 1.89361 10.0874 118.636 705.291 964.236 102.425 1 0 0
0.124 1.85153 9.9666 117.672 706.868 963.898 101.838 1 0 0
0.123 1.81001 9.84657 116.708 708.448 963.562 101.248 1 0 0
0.122 1.76906 9.72733 115.745 710.03 963.228 100.656 1 0 0
0.121 1.72869 9.60886 114.782 711.616 962.896 100.062 1 0 0
0.12 1.68887 9.49118 113.819 713.205 962.565 99.4653 1 0 0
0.119 1.64961 9.3743 112.857 714.797 962.237 98.866 1 0 0
0.118 1.61091 9.25821 111.894 716.393 961.91 98.2643 1 0 0
0.117 1.57276 9.14291 110.933 717.991 961.585 97.6601 1 0 0
0.116 1.53516 9.02842 109.971 719.593 961.263 97.0533 1 0 0
0.115 1.49811 8.91474 109.01 721.197 960.942 96.4441 1 0 0
0.114 1.46159 8.80187 108.049 722.806 960.623 95.8323 1 0 0
0.113 1.42562 8.68981 107.089 724.417 960.306 95.2179 1 0 0
0.112 1.39019 8.57858 106.129 726.031 959.991 94.601 1 0 0
0.111 1.35529 8.46816 105.169 727.649 959.678 93.9815 1 0 0
0.11 1.32092 8.35858 104.209 729.271 959.367 93.3595 1 0 0
0.109 1.28708 8.24983 103.25 730.895 959.058 92.7348 1 0 0
0.108 1.25376 8.14192 102.291 732.523 958.751 92.1075 1 0 0
0.107 1.22097 8.03485 101.333 734.155 958.446 91.4775 1 0 0
0.106 1.18869 7.92863 100.374 735.79 958.143 90.8449 1 0 0
0.105 1.15693 7.82327 99.4164 737.428 957.842 90.2096 1 0 0
0.104 1.12568 7.71876 98.4588 739.07 957.543 89.5717 1 0 0
0.103 1.09494 7.61512 97.5014 740.715 957.246 88.931 1 0 0
0.102 1.06471 7.51234 96.5443 742.364 956.951 88.2876 1 0 0
0.101 1.03499 7.41045 95.5875 744.016 956.658 87.6415 1 0 0
0.1 1.00576 7.30943 94.6309 745.672 956.367 86.9927 1 0 0
0.099 0.977037 7.2093 93.6747 747.332 956.078 86.341 1 0 0
0.098 0.948807 7.11005 92.7188 748.995 955.792 85.6866 1 0 0
0.097 0.921069 7.01171 91.7631 750.662 955.507 85.0294 1 0 0
0.096 0.893823 6.91427 90.8078 752.333 955.225 84.3694 1 0 0
0.095 0.867064 6.81774 89.8527 754.008 954.945 83.7066 1 0 0
0.094 0.840789 6.72213 88.8979 755.686 954.667 83.0409 1 0 0
0.093 0.814997 6.62743 87.9434 757.368 954.391 82.3724 1 0 0
0.092 0.789684 6.53367 86.9891 759.054 954.117 81.7009 1 0 0
0.091 0.764848 6.44084 86.0351 760.744 953.846 81.0266 1 0 0
0.09 0.740485 6.34895 85.0814 762.438 953.577 80.3494 1 0 0
0.089 0.716594 6.258 84.128 764.136 953.31 79.6693 1 0 0
0.088 0.693171 6.16801 83.1748 765.838 953.045 78.9862 1 0 0
0.087 0.670214 6.07898 82.2219 767.543 952.783 78.3002 1 0 0
0.086 0.64772 5.99092 81.2692 769.253 952.523 77.6112 1 0 0
0.085 0.625686 5.90383 80.3168 770.967 952.265 76.9192 1 0 0
0.084 0.60411 5.81772 79.3647 772.686 952.01 76.2242 1 0 0
0.083 0.582988 5.7326 78.4128 774.408 951.757 75.5261 1 0 0
0.082 0.562318 5.64847 77.4612 776.135 951.506 74.8251 1 0 0
0.081 0.542098 5.56535 76.5098 777.866 951.258 74.1209 1 0 0
0.08 0.522323 5.48323 75.5587 779.601 951.012 73.4137 1 0 0
0.079 0.502993 5.40212 74.6078 781.341 950.769 72.7034 1 0 0
0.078 0.484102 5.32204 73.6571 783.085 950.528 71.99 1 0 0
0.077 0.46565 5.24299 72.7067 784.834 950.29 71.2735 1 0 0
0.076 0.447632 5.16497 71.7565 786.587 950.055 70.5538 1 0 0
0.075 0.430046 5.08799 70.8066 788.344 949.822 69.8309 1 0 0
0.074 0.412889 5.01206 69.8569 790.107 949.592 69.1049 1 0 0
0.073 0.396158 4.93719 68.9074 791.874 949.364 68.3756 1 0 0
0.072 0.37985 4.86339 67.9582 793.645 949.139 67.6431 1 0 0
0.071 0.363962 4.79065 67.0091 795.422 948.917 66.9074 1 0 0
0.07 0.34849 4.71899 66.0603 797.203 948.697 66.1684 1 0 0
0.069 0.333432 4.64841 65.1117 798.989 948.481 65.4261 1 0 0
0.068 0.318783 4.57892 64.1634 800.78 948.267 64.6806 1 0 0
0.067 0.304542 4.51053 63.2152 802.576 948.056 63.9316 1 0 0
0.066 0.290704 4.44324 62.2673 804.377 947.848 63.1794 1 0 0
0.065 0.277267 4.37706 61.3195 806.184 947.643 62.4237 1 0 0
0.064 0.264226 4.31199 60.372 807.995 947.441 61.6647 1 0 0
0.063 0.251578 4.24804 59.4246 809.812 947.241 60.9023 1 0 0
0.062 0.239319 4.18522 58.4775 811.634 947.045 60.1363 1 0 0
0.061 0.227446 4.12353 57.5305 813.461 946.852 59.367 1 0 0
0.06 0.215955 4.06297 56.5838 815.294 946.662 58.5941 1 0 0
0.059 0.204842 4.00356 55.6372 817.132 946.475 57.8177 1 0 0
0.058 0.194103 3.94528 54.6908 818.975 946.292 57.0377 1 0 0
0.057 0.183735 3.88816 53.7446 820.825 946.112 56.2542 1 0 0
0.056 0.173732 3.83218 52.7986 822.68 945.935 55.4671 1 0 0
0.055 0.164091 3.77736 51.8528 824.541 945.761 54.6763 1 0 0
0.054 0.154807 3.72369 50.9071 826.407 945.59 53.8818 1 0 0
0.053 0.145875 3.67118 49.9616 828.28 945.424 53.0836 1 0 0
0.052 0.137292 3.61983 49.0162 830.159 945.26 52.2817 1 0 0
0.051 0.129053 3.56964 48.0711 832.043 945.1 51.4759 1 0 0
0.05 0.121152 3.5206 47.126 833.934 944.944 50.6664 1 0 0
0.049 0.113585 3.47271 46.1812 835.831 944.791 49.853 1 0 0
0.048 0.106346 3.42598 45.2364 837.735 944.642 49.0356 1 0 0
0.047 0.0994304 3.3804 44.2919 839.644 944.496 48.2144 1 0 0
0.046 0.0928328 3.33596 43.3475 841.561 944.354 47.3891 1 0 0
0.045 0.0865474 3.29265 42.4032 843.484 944.216 46.5597 1 0 0
0.044 0.0805687 3.25047 41.459 845.413 944.082 45.7262 1 0 0
0.043 0.0748906 3.20942 40.515 847.35 943.951 44.8886 1 0 0
0.042 0.0695072 3.16946 39.5711 849.293 943.824 44.0467 1 0 0
0.041 0.0644122 3.13061 38.6274 851.244 943.702 43.2006 1 0 0
0.04 0.0595992 3.09282 37.6837 853.201 943.583 42.35 1 0 0
0.039 0.0550616 3.0561 36.7402 855.166 943.468 41.4951 1 0 0
0.038 0.0507927 3.02041 35.7968 857.138 943.357 40.6356 1 0 0
0.037 0.0467854 2.98574 34.8535 859.117 943.25 39.7714 1 0 0
0.036 0.0430325 2.95205 33.9103 861.104 943.147 38.9026 1 0 0
0.035 0.0395267 2.91932 32.9672 863.099 943.049 38.029 1 0 0
0.034 0.0362602 2.88751 32.0242 865.101 942.954 37.1505 1 0 0
0.033 0.0332254 2.85657 31.0813 867.112 942.863 36.2669 1 0 0
0.032 0.030414 2.82647 30.1384 869.13 942.777 35.3783 1 0 0
0.031 0.0278178 2.79715 29.1957 871.156 942.695 34.4843 1 0 0
0.03 0.0254283 2.76856 28.2531 873.191 942.616 33.5849 1 0 0
0.029 0.0232366 2.74062 27.3105 875.235 942.542 32.6798 1 0 0
0.028 0.0212338 2.71327 26.368 877.287 942.472 31.7691 1 0 0
0.027 0.0194105 2.68643 25.4255 879.347 942.405 30.8523 1 0 0
0.026 0.0177572 2.65999 24.4832 881.417 942.343 29.9294 1 0 0
0.025 0.0162642 2.63386 23.5408 883.495 942.284 29 1 0 0
0.024 0.0149213 2.6079 22.5986 885.583 942.23 28.064 1 0 0
0.023 0.0137183 2.582 21.6564 887.68 942.178 27.1211 1 0 0
0.022 0.0126447 2.55599 20.7142 889.787 942.131 26.1708 1 0 0
0.021 0.0116895 2.52969 19.7721 891.903 942.086 25.2129 1 0 0
0.02 0.0108419 2.5029 18.8301 894.03 942.045 24.247 1 0 0
0.019 0.0100904 2.4754 17.888 896.166 942.006 23.2725 1 0 0
0.018 0.00942368 2.44691 16.946 898.313 941.97 22.2891 1 0 0
0.017 0.00882996 2.41713 16.0041 900.47 941.937 21.296 1 0 0
0.016 0.00829742 2.38569 15.0622 902.638 941.904 20.2927 1 0 0
0.015 0.00781405 2.35217 14.1203 904.817 941.873 19.2783 1 0 0
0.014 0.0073678 2.31607 13.1784 907.007 941.842 18.2519 1 0 0
0.013 0.00694657 2.2768 12.2366 909.209 941.811 17.2125 1 0 0
0.012 0.00653833 2.23365 11.2948 911.422 941.779 16.1587 1 0 0
0.011 0.00613123 2.18574 10.353 913.647 941.743 15.0891 1 0 0
0.01 0.00571373 2.13202 9.41132 915.884 941.703 14.0016 1 0 0
0.009 0.00527482 2.07115 8.46964 918.134 941.657 12.894 1 0 0
0.008 0.00480428 2.00144 7.52801 920.396 941.602 11.7633 1 0 0
0.007 0.00429301 1.92072 6.58645 922.672 941.534 10.6054 1 0 0
0.006 0.00374652 1.82395 5.64494 924.961 941.448 9.41516 1 0 0
0.005 0.00314187 1.70962 4.70355 927.263 941.338 8.185 1 0 0
0.004 0.00248883 1.56987 3.76228 929.58 941.192 6.90369 1 0 0
0.003 0.001797 1.39385 2.82118 931.912 940.993 5.55293 1 0 0
0.002 0.00109114 1.16117 1.88032 934.258 940.707 4.0985 1 0 0
0.001 0.000429495 0.822491 0.939822 936.621 940.252 2.45774 1 0 0
