1 517.739 338.11 1277.52 110.388 1795.26 223.429 0.669319 0.330681 0
0.999 516.582 337.592 1275.73 110.576 1794.1 223.469 0.669563 0.330437 0
0.998 515.426 337.074 1273.93 110.764 1792.95 223.509 0.669807 0.330193 0
0.997 514.271 336.557 1272.14 110.953 1791.79 223.549 0.670052 0.329948 0
0.996 513.117 336.039 1270.35 111.142 1790.63 223.589 0.670298 0.329702 0
0.995 511.964 335.521 1268.56 111.331 1789.47 223.629 0.670544 0.329456 0
0.994 510.813 335.004 1266.77 111.521 1788.31 223.669 0.670791 0.329209 0
0.993 509.662 334.486 1264.98 111.711 1787.16 223.708 0.671038 0.328962 0
0.992 508.513 333.969 1263.2 111.902 1786 223.748 0.671286 0.328714 0
0.991 507.366 333.452 1261.41 112.093 1784.84 223.787 0.671535 0.328465 0
0.99 506.219 332.935 1259.63 112.284 1783.68 223.826 0.671785 0.328215 0
0.989 505.073 332.418 1257.85 112.476 1782.53 223.866 0.672035 0.327965 0
0.988 503.929 331.902 1256.06 112.668 1781.37 223.905 0.672286 0.327714 0
0.987 502.786 331.385 1254.28 112.861 1780.21 223.944 0.672537 0.327463 0
0.986 501.644 330.868 1252.5 113.054 1779.05 223.983 0.672789 0.327211 0
0.985 500.503 330.352 1250.73 113.248 1777.9 224.022 0.673042 0.326958 0
0.984 499.364 329.836 1248.95 113.442 1776.74 224.06 0.673296 0.326704 0
0.983 498.226 329.32 1247.17 113.636 1775.58 224.099 0.67355 0.32645 0
0.982 497.088 328.804 1245.4 113.831 1774.43 224.138 0.673805 0.326195 0
0.981 495.952 328.288 1243.62 114.026 1773.27 224.176 0.674061 0.325939 0
0.98 494.818 327.772 1241.85 114.222 1772.11 224.214 0.674318 0.325682 0
0.979 493.684 327.257 1240.08 114.418 1770.95 224.253 0.674575 0.325425 0
0.978 492.552 326.741 1238.31 114.615 1769.8 224.291 0.674833 0.325167 0
0.977 491.42 326.226 1236.54 114.812 1768.64 224.329 0.675091 0.324909 0
0.976 490.29 325.711 1234.77 115.009 1767.48 224.367 0.675351 0.324649 0
0.975 489.162 325.196 1233.01 115.207 1766.33 224.404 0.675611 0.324389 0
0.974 488.034 324.681 1231.24 115.406 1765.17 224.442 0.675871 0.324129 0
0.973 486.908 324.166 1229.48 115.604 1764.01 224.479 0.676133 0.323867 0
0.972 485.782 323.651 1227.71 115.804 1762.85 224.517 0.676395 0.323605 0
0.971 484.658 323.137 1225.95 116.004 1761.7 224.554 0.676658 0.323342 0
0.97 483.535 322.622 1224.19 116.204 1760.54 224.591 0.676922 0.323078 0
0.969 482.414 322.108 1222.43 116.404 1759.38 224.628 0.677186 0.322814 0
0.968 481.293 321.594 1220.67 116.606 1758.23 224.665 0.677452 0.322548 0
0.967 480.174 321.08 1218.91 116.807 1757.07 224.702 0.677718 0.322282 0
0.966 479.056 320.566 1217.16 117.009 1755.91 224.739 0.677984 0.322016 0
0.965 477.939 320.052 1215.4 117.212 1754.76 224.775 0.678252 0.321748 0
0.964 476.823 319.538 1213.65 117.415 1753.6 224.812 0.67852 0.32148 0
0.963 475.708 319.025 1211.89 117.619 1752.44 224.848 0.678789 0.321211 0
0.962 474.595 318.512 1210.14 117.823 1751.29 224.884 0.679059 0.320941 0
0.961 473.483 317.998 1208.39 118.027 1750.13 224.92 0.67933 0.32067 0
0.96 472.372 317.485 1206.64 118.232 1748.97 224.956 0.679601 0.320399 0
0.959 471.262 316.972 1204.89 118.437 1747.82 224.992 0.679873 0.320127 0
0.958 470.153 316.46 1203.15 118.643 1746.66 225.028 0.680146 0.319854 0
0.957 469.046 315.947 1201.4 118.85 1745.5 225.063 0.68042 0.31958 0
0.956 467.939 315.434 1199.66 119.057 1744.35 225.098 0.680695 0.319305 0
0.955 466.834 314.922 1197.91 119.264 1743.19 225.133 0.68097 0.31903 0
0.954 465.73 314.41 1196.17 119.472 1742.03 225.168 0.681247 0.318753 0
0.953 464.627 313.898 1194.43 119.681 1740.88 225.203 0.681524 0.318476 0
0.952 463.526 313.386 1192.69 119.89 1739.72 225.238 0.681802 0.318198 0
0.951 462.425 312.874 1190.95 120.099 1738.57 225.273 0.68208 0.31792 0
0.95 461.326 312.362 1189.21 120.309 1737.41 225.307 0.68236 0.31764 0
0.949 460.228 311.851 1187.48 120.52 1736.25 225.341 0.68264 0.31736 0
0.948 459.131 311.339 1185.74 120.731 1735.1 225.375 0.682921 0.317079 0
0.947 458.035 310.828 1184.01 120.942 1733.94 225.409 0.683204 0.316796 0
0.946 456.94 310.317 1182.27 121.154 1732.78 225.443 0.683487 0.316513 0
0.945 455.847 309.806 1180.54 121.367 1731.63 225.476 0.68377 0.31623 0
0.944 454.755 309.295 1178.81 121.58 1730.47 225.51 0.684055 0.315945 0
0.943 453.664 308.784 1177.08 121.794 1729.31 225.543 0.684341 0.315659 0
0.942 452.574 308.274 1175.35 122.008 1728.16 225.576 0.684627 0.315373 0
0.941 451.485 307.763 1173.62 122.223 1727 225.609 0.684914 0.315086 0
0.94 450.397 307.253 1171.9 122.438 1725.85 225.642 0.685203 0.314797 0
0.939 449.311 306.743 1170.17 122.654 1724.69 225.674 0.685492 0.314508 0
0.938 448.226 306.233 1168.45 122.87 1723.53 225.706 0.685782 0.314218 0
0.937 447.141 305.723 1166.73 123.087 1722.38 225.738 0.686073 0.313927 0
0.936 446.058 305.213 1165 123.305 1721.22 225.77 0.686365 0.313635 0
0.935 444.977 304.704 1163.28 123.523 1720.06 225.802 0.686658 0.313342 0
0.934 443.896 304.194 1161.56 123.742 1718.91 225.833 0.686951 0.313049 0
0.933 442.816 303.685 1159.85 123.961 1717.75 225.864 0.687246 0.312754 0
0.932 441.738 303.176 1158.13 124.181 1716.6 225.895 0.687542 0.312458 0
0.931 440.661 302.667 1156.41 124.401 1715.44 225.926 0.687838 0.312162 0
0.93 439.585 302.158 1154.7 124.622 1714.28 225.957 0.688136 0.311864 0
0.929 438.51 301.65 1152.98 124.844 1713.13 225.987 0.688434 0.311566 0
0.928 437.436 301.141 1151.27 125.066 1711.97 226.017 0.688734 0.311266 0
0.927 436.363 300.633 1149.56 125.289 1710.81 226.047 0.689035 0.310965 0
0.926 435.291 300.124 1147.85 125.513 1709.66 226.076 0.689336 0.310664 0
0.925 434.221 299.616 1146.14 125.737 1708.5 226.106 0.689639 0.310361 0
0.924 433.152 299.108 1144.43 125.962 1707.34 226.135 0.689942 0.310058 0
0.923 432.083 298.601 1142.73 126.187 1706.19 226.164 0.690247 0.309753 0
0.922 431.016 298.093 1141.02 126.413 1705.03 226.192 0.690552 0.309448 0
0.921 429.95 297.586 1139.32 126.64 1703.87 226.22 0.690859 0.309141 0
0.92 428.885 297.078 1137.61 126.867 1702.72 226.248 0.691167 0.308833 0
0.919 427.822 296.571 1135.91 127.095 1701.56 226.276 0.691476 0.308524 0
0.918 426.759 296.064 1134.21 127.324 1700.4 226.303 0.691786 0.308214 0
0.917 425.697 295.557 1132.51 127.553 1699.25 226.33 0.692097 0.307903 0
0.916 424.637 295.051 1130.81 127.783 1698.09 226.356 0.692409 0.307591 0
0.915 423.577 294.544 1129.12 128.014 1696.93 226.383 0.692722 0.307278 0
0.914 422.519 294.038 1127.42 128.245 1695.78 226.409 0.693037 0.306963 0
0.913 421.462 293.532 1125.72 128.477 1694.62 226.434 0.693352 0.306648 0
0.912 420.406 293.026 1124.03 128.71 1693.46 226.459 0.693669 0.306331 0
0.911 419.35 292.52 1122.34 128.944 1692.3 226.484 0.693987 0.306013 0
0.91 418.296 292.014 1120.65 129.178 1691.15 226.508 0.694306 0.305694 0
0.909 417.243 291.508 1118.96 129.413 1689.99 226.532 0.694627 0.305373 0
0.908 416.191 291.003 1117.27 129.649 1688.83 226.556 0.694949 0.305051 0
0.907 415.14 290.498 1115.58 129.886 1687.67 226.579 0.695272 0.304728 0
0.906 414.09 289.993 1113.89 130.123 1686.51 226.601 0.695596 0.304404 0
0.905 413.041 289.488 1112.21 130.361 1685.36 226.623 0.695922 0.304078 0
0.904 411.993 288.983 1110.52 130.601 1684.2 226.645 0.696249 0.303751 0
0.903 410.946 288.479 1108.84 130.841 1683.04 226.665 0.696577 0.303423 0
0.902 409.9 287.974 1107.15 131.082 1681.88 226.686 0.696907 0.303093 0
0.901 408.855 287.47 1105.47 131.323 1680.72 226.705 0.697239 0.302761 0
0.9 407.81 286.966 1103.79 131.566 1679.56 226.725 0.697572 0.302428 0
0.899 406.767 286.462 1102.11 131.81 1678.4 226.743 0.697906 0.302094 0
0.898 405.724 285.958 1100.44 132.055 1677.24 226.76 0.698242 0.301758 0
0.897 404.682 285.455 1098.76 132.3 1676.08 226.777 0.69858 0.30142 0
0.896 403.641 284.951 1097.08 132.547 1674.92 226.793 0.69892 0.30108 0
0.895 402.601 284.448 1095.41 132.795 1673.76 226.808 0.699261 0.300739 0
0.894 401.562 283.945 1093.74 133.044 1672.59 226.822 0.699604 0.300396 0
0.893 400.523 283.442 1092.07 133.295 1671.43 226.835 0.69995 0.30005 0
0.892 399.484 282.939 1090.39 133.547 1670.27 226.847 0.700297 0.299703 0
0.891 398.446 282.437 1088.73 133.8 1669.1 226.857 0.700647 0.299353 0
0.89 397.409 281.934 1087.06 134.055 1667.94 226.865 0.701 0.299 0
0.889 396.371 281.432 1085.39 134.312 1666.77 226.872 0.701356 0.298644 0
0.888 395.334 280.93 1083.72 134.57 1665.6 226.876 0.701715 0.298285 0
0.887 394.295 280.429 1082.06 134.832 1664.43 226.877 0.702078 0.297922 0
0.886 393.256 279.927 1080.39 135.097 1663.26 226.874 0.702447 0.297553 0
0.885 392.211 279.426 1078.73 135.37 1662.08 226.86 0.702829 0.297171 0
0.884 391.166 278.924 1077.07 135.644 1660.9 226.845 0.703213 0.296787 0
0.883 390.123 278.423 1075.41 135.919 1659.72 226.829 0.703598 0.296402 0
0.882 389.081 277.923 1073.75 136.194 1658.54 226.814 0.703984 0.296016 0
0.881 388.041 277.422 1072.09 136.47 1657.36 226.798 0.70437 0.29563 0
0.88 387.002 276.922 1070.44 136.747 1656.18 226.783 0.704758 0.295242 0
0.879 385.964 276.421 1068.78 137.024 1655 226.767 0.705146 0.294854 0
0.878 384.928 275.921 1067.13 137.301 1653.82 226.751 0.705535 0.294465 0
0.877 383.894 275.422 1065.47 137.579 1652.64 226.736 0.705925 0.294075 0
0.876 382.86 274.922 1063.82 137.858 1651.46 226.72 0.706315 0.293685 0
0.875 381.828 274.423 1062.17 138.137 1650.28 226.704 0.706707 0.293293 0
0.874 380.798 273.923 1060.52 138.417 1649.1 226.689 0.707099 0.292901 0
0.873 379.769 273.425 1058.87 138.697 1647.93 226.673 0.707492 0.292508 0
0.872 378.741 272.926 1057.22 138.977 1646.75 226.657 0.707886 0.292114 0
0.871 377.715 272.427 1055.58 139.259 1645.57 226.641 0.708281 0.291719 0
0.87 376.69 271.929 1053.93 139.54 1644.39 226.625 0.708676 0.291324 0
0.869 375.666 271.431 1052.29 139.823 1643.22 226.609 0.709072 0.290928 0
0.868 374.644 270.933 1050.65 140.106 1642.04 226.593 0.70947 0.29053 0
0.867 373.623 270.435 1049 140.389 1640.86 226.577 0.709868 0.290132 0
0.866 372.604 269.938 1047.36 140.673 1639.69 226.561 0.710266 0.289734 0
0.865 371.586 269.44 1045.72 140.957 1638.51 226.545 0.710666 0.289334 0
0.864 370.57 268.943 1044.09 141.242 1637.33 226.529 0.711066 0.288934 0
0.863 369.555 268.446 1042.45 141.528 1636.16 226.513 0.711468 0.288532 0
0.862 368.541 267.95 1040.81 141.814 1634.98 226.497 0.71187 0.28813 0
0.861 367.529 267.453 1039.18 142.101 1633.81 226.481 0.712273 0.287727 0
0.86 366.518 266.957 1037.55 142.388 1632.63 226.464 0.712676 0.287324 0
0.859 365.508 266.461 1035.91 142.676 1631.46 226.448 0.713081 0.286919 0
0.858 364.5 265.965 1034.28 142.964 1630.28 226.432 0.713487 0.286513 0
0.857 363.494 265.47 1032.65 143.253 1629.11 226.415 0.713893 0.286107 0
0.856 362.489 264.974 1031.02 143.543 1627.94 226.399 0.7143 0.2857 0
0.855 361.485 264.479 1029.4 143.833 1626.76 226.382 0.714708 0.285292 0
0.854 360.482 263.984 1027.77 144.123 1625.59 226.366 0.715117 0.284883 0
0.853 359.482 263.489 1026.15 144.414 1624.42 226.349 0.715526 0.284474 0
0.852 358.482 262.995 1024.52 144.706 1623.24 226.332 0.715937 0.284063 0
0.851 357.484 262.5 1022.9 144.998 1622.07 226.316 0.716348 0.283652 0
0.85 356.487 262.006 1021.28 145.291 1620.9 226.299 0.716761 0.283239 0
0.849 355.492 261.512 1019.66 145.585 1619.73 226.282 0.717174 0.282826 0
0.848 354.498 261.019 1018.04 145.879 1618.56 226.265 0.717588 0.282412 0
0.847 353.505 260.525 1016.42 146.173 1617.39 226.248 0.718002 0.281998 0
0.846 352.514 260.032 1014.8 146.468 1616.21 226.231 0.718418 0.281582 0
0.845 351.525 259.539 1013.19 146.764 1615.04 226.214 0.718834 0.281166 0
0.844 350.536 259.046 1011.57 147.06 1613.87 226.197 0.719252 0.280748 0
0.843 349.55 258.554 1009.96 147.357 1612.7 226.18 0.71967 0.28033 0
0.842 348.564 258.061 1008.35 147.655 1611.53 226.163 0.720089 0.279911 0
0.841 347.58 257.569 1006.74 147.953 1610.36 226.146 0.720509 0.279491 0
0.84 346.598 257.077 1005.13 148.251 1609.2 226.128 0.72093 0.27907 0
0.839 345.616 256.586 1003.52 148.55 1608.03 226.111 0.721352 0.278648 0
0.838 344.637 256.094 1001.91 148.85 1606.86 226.093 0.721774 0.278226 0
0.837 343.658 255.603 1000.3 149.15 1605.69 226.076 0.722198 0.277802 0
0.836 342.681 255.112 998.699 149.451 1604.52 226.058 0.722622 0.277378 0
0.835 341.706 254.621 997.095 149.753 1603.35 226.041 0.723047 0.276953 0
0.834 340.732 254.13 995.492 150.055 1602.19 226.023 0.723473 0.276527 0
0.833 339.759 253.64 993.891 150.358 1601.02 226.005 0.7239 0.2761 0
0.832 338.788 253.15 992.29 150.661 1599.85 225.987 0.724328 0.275672 0
0.831 337.818 252.66 990.691 150.965 1598.69 225.97 0.724756 0.275244 0
0.83 336.85 252.17 989.093 151.27 1597.52 225.952 0.725186 0.274814 0
0.829 335.883 251.681 987.496 151.575 1596.35 225.933 0.725616 0.274384 0
0.828 334.917 251.192 985.9 151.88 1595.19 225.915 0.726048 0.273952 0
0.827 333.953 250.703 984.305 152.187 1594.02 225.897 0.72648 0.27352 0
0.826 332.99 250.214 982.712 152.494 1592.86 225.879 0.726913 0.273087 0
0.825 332.029 249.725 981.119 152.801 1591.69 225.86 0.727347 0.272653 0
0.824 331.069 249.237 979.528 153.109 1590.53 225.842 0.727782 0.272218 0
0.823 330.111 248.749 977.938 153.418 1589.37 225.823 0.728218 0.271782 0
0.822 329.154 248.261 976.349 153.727 1588.2 225.805 0.728654 0.271346 0
0.821 328.198 247.773 974.761 154.037 1587.04 225.786 0.729092 0.270908 0
0.82 327.244 247.286 973.175 154.348 1585.88 225.767 0.72953 0.27047 0
0.819 326.291 246.799 971.59 154.659 1584.71 225.748 0.72997 0.27003 0
0.818 325.34 246.312 970.005 154.971 1583.55 225.729 0.73041 0.26959 0
0.817 324.39 245.825 968.422 155.283 1582.39 225.71 0.730851 0.269149 0
0.816 323.441 245.338 966.84 155.596 1581.23 225.691 0.731293 0.268707 0
0.815 322.494 244.852 965.26 155.91 1580.07 225.672 0.731736 0.268264 0
0.814 321.548 244.366 963.68 156.224 1578.9 225.653 0.732179 0.267821 0
0.813 320.604 243.88 962.102 156.539 1577.74 225.633 0.732624 0.267376 0
0.812 319.661 243.395 960.524 156.855 1576.58 225.614 0.73307 0.26693 0
0.811 318.72 242.909 958.948 157.171 1575.42 225.594 0.733516 0.266484 0
0.81 317.78 242.424 957.373 157.488 1574.26 225.574 0.733963 0.266037 0
0.809 316.841 241.94 955.8 157.805 1573.1 225.555 0.734412 0.265588 0
0.808 315.904 241.455 954.227 158.123 1571.94 225.535 0.734861 0.265139 0
0.807 314.968 240.97 952.656 158.442 1570.79 225.515 0.735311 0.264689 0
0.806 314.034 240.486 951.085 158.761 1569.63 225.494 0.735762 0.264238 0
0.805 313.101 240.002 949.516 159.081 1568.47 225.474 0.736214 0.263786 0
0.804 312.17 239.519 947.948 159.402 1567.31 225.454 0.736667 0.263333 0
0.803 311.24 239.035 946.381 159.723 1566.15 225.433 0.73712 0.26288 0
0.802 310.311 238.552 944.816 160.045 1565 225.413 0.737575 0.262425 0
0.801 309.384 238.069 943.251 160.367 1563.84 225.392 0.73803 0.26197 0
0.8 308.458 237.586 941.688 160.69 1562.68 225.371 0.738487 0.261513 0
0.799 307.534 237.104 940.126 161.014 1561.53 225.35 0.738944 0.261056 0
0.798 306.611 236.622 938.565 161.338 1560.37 225.329 0.739402 0.260598 0
0.797 305.69 236.14 937.005 161.663 1559.22 225.308 0.739861 0.260139 0
0.796 304.77 235.658 935.446 161.989 1558.06 225.286 0.740321 0.259679 0
0.795 303.851 235.176 933.889 162.315 1556.91 225.265 0.740782 0.259218 0
0.794 302.934 234.695 932.332 162.642 1555.75 225.243 0.741244 0.258756 0
0.793 302.018 234.214 930.777 162.97 1554.6 225.221 0.741706 0.258294 0
0.792 301.104 233.733 929.223 163.298 1553.44 225.199 0.74217 0.25783 0
0.791 300.191 233.252 927.67 163.627 1552.29 225.177 0.742634 0.257366 0
0.79 299.279 232.772 926.118 163.957 1551.14 225.155 0.7431 0.2569 0
0.789 298.369 232.292 924.567 164.287 1549.98 225.133 0.743566 0.256434 0
0.788 297.461 231.812 923.018 164.618 1548.83 225.11 0.744033 0.255967 0
0.787 296.553 231.333 921.47 164.949 1547.68 225.087 0.744501 0.255499 0
0.786 295.647 230.853 919.922 165.282 1546.53 225.065 0.74497 0.25503 0
0.785 294.743 230.374 918.376 165.614 1545.38 225.041 0.74544 0.25456 0
0.784 293.84 229.895 916.831 165.948 1544.22 225.018 0.74591 0.25409 0
0.783 292.939 229.417 915.288 166.282 1543.07 224.995 0.746382 0.253618 0
0.782 292.039 228.938 913.745 166.617 1541.92 224.971 0.746854 0.253146 0
0.781 291.14 228.46 912.204 166.952 1540.77 224.948 0.747328 0.252672 0
0.78 290.243 227.982 910.663 167.289 1539.62 224.924 0.747802 0.252198 0
0.779 289.347 227.505 909.124 167.625 1538.47 224.9 0.748277 0.251723 0
0.778 288.452 227.027 907.586 167.963 1537.32 224.875 0.748753 0.251247 0
0.777 287.559 226.55 906.049 168.301 1536.18 224.851 0.74923 0.25077 0
0.776 286.668 226.073 904.514 168.64 1535.03 224.826 0.749708 0.250292 0
0.775 285.778 225.597 902.979 168.979 1533.88 224.801 0.750186 0.249814 0
0.774 284.889 225.12 901.446 169.319 1532.73 224.776 0.750666 0.249334 0
0.773 284.001 224.644 899.913 169.66 1531.58 224.751 0.751146 0.248854 0
0.772 283.116 224.168 898.382 170.001 1530.44 224.726 0.751627 0.248373 0
0.771 282.231 223.693 896.852 170.343 1529.29 224.7 0.752109 0.247891 0
0.77 281.348 223.217 895.324 170.686 1528.14 224.674 0.752592 0.247408 0
0.769 280.466 222.742 893.796 171.03 1527 224.648 0.753076 0.246924 0
0.768 279.586 222.267 892.269 171.374 1525.85 224.621 0.75356 0.24644 0
0.767 278.707 221.793 890.744 171.718 1524.71 224.595 0.754046 0.245954 0
0.766 277.83 221.319 889.22 172.064 1523.56 224.568 0.754532 0.245468 0
0.765 276.954 220.844 887.697 172.41 1522.42 224.541 0.755019 0.244981 0
0.764 276.079 220.371 886.175 172.756 1521.27 224.513 0.755507 0.244493 0
0.763 275.206 219.897 884.654 173.104 1520.13 224.485 0.755995 0.244005 0
0.762 274.334 219.424 883.134 173.452 1518.99 224.457 0.756485 0.243515 0
0.761 273.464 218.951 881.616 173.801 1517.84 224.429 0.756975 0.243025 0
0.76 272.595 218.478 880.098 174.15 1516.7 224.4 0.757466 0.242534 0
0.759 271.728 218.005 878.582 174.5 1515.56 224.372 0.757957 0.242043 0
0.758 270.861 217.533 877.067 174.851 1514.42 224.342 0.75845 0.24155 0
0.757 269.997 217.061 875.553 175.202 1513.28 224.313 0.758943 0.241057 0
0.756 269.133 216.589 874.04 175.554 1512.13 224.283 0.759437 0.240563 0
0.755 268.271 216.118 872.529 175.906 1510.99 224.253 0.759932 0.240068 0
0.754 267.411 215.647 871.018 176.26 1509.85 224.222 0.760427 0.239573 0
0.753 266.552 215.176 869.509 176.614 1508.71 224.191 0.760923 0.239077 0
0.752 265.694 214.705 868 176.968 1507.57 224.16 0.76142 0.23858 0
0.751 264.838 214.235 866.493 177.323 1506.43 224.128 0.761918 0.238082 0
0.75 263.983 213.764 864.987 177.679 1505.29 224.096 0.762416 0.237584 0
0.749 263.129 213.294 863.482 178.035 1504.15 224.063 0.762914 0.237086 0
0.748 262.277 212.825 861.979 178.392 1503.02 224.03 0.763414 0.236586 0
0.747 261.426 212.355 860.476 178.75 1501.88 223.997 0.763914 0.236086 0
0.746 260.577 211.886 858.975 179.108 1500.74 223.963 0.764414 0.235586 0
0.745 259.728 211.417 857.474 179.467 1499.6 223.928 0.764915 0.235085 0
0.744 258.882 210.949 855.975 179.827 1498.46 223.893 0.765416 0.234584 0
0.743 258.036 210.481 854.477 180.187 1497.33 223.858 0.765918 0.234082 0
0.742 257.192 210.013 852.98 180.547 1496.19 223.821 0.76642 0.23358 0
0.741 256.35 209.545 851.484 180.909 1495.05 223.785 0.766923 0.233077 0
0.74 255.508 209.077 849.99 181.27 1493.92 223.747 0.767426 0.232574 0
0.739 254.668 208.61 848.496 181.632 1492.78 223.709 0.767929 0.232071 0
0.738 253.83 208.143 847.004 181.995 1491.64 223.67 0.768433 0.231567 0
0.737 252.992 207.677 845.513 182.359 1490.51 223.63 0.768936 0.231064 0
0.736 252.156 207.21 844.023 182.722 1489.37 223.59 0.76944 0.23056 0
0.735 251.321 206.744 842.534 183.086 1488.24 223.548 0.769944 0.230056 0
0.734 250.488 206.278 841.046 183.451 1487.1 223.506 0.770447 0.229553 0
0.733 249.655 205.813 839.559 183.816 1485.97 223.462 0.77095 0.22905 0
0.732 248.824 205.347 838.074 184.181 1484.83 223.417 0.771453 0.228547 0
0.731 247.994 204.882 836.589 184.547 1483.7 223.371 0.771954 0.228046 0
0.73 247.165 204.418 835.106 184.912 1482.56 223.323 0.772455 0.227545 0
0.729 246.337 203.953 833.624 185.278 1481.43 223.273 0.772954 0.227046 0
0.728 245.51 203.489 832.143 185.643 1480.29 223.22 0.773451 0.226549 0
0.727 244.684 203.025 830.663 186.007 1479.16 223.163 0.773942 0.226058 0
0.726 243.858 202.562 829.184 186.369 1478.02 223.099 0.774426 0.225574 0
0.725 243.033 202.098 827.706 186.732 1476.88 223.036 0.774911 0.225089 0
0.724 242.209 201.635 826.229 187.096 1475.74 222.972 0.775396 0.224604 0
0.723 241.387 201.173 824.754 187.461 1474.61 222.908 0.775883 0.224117 0
0.722 240.566 200.71 823.28 187.826 1473.47 222.843 0.776371 0.223629 0
0.721 239.747 200.248 821.807 188.192 1472.34 222.779 0.77686 0.22314 0
0.72 238.929 199.786 820.335 188.559 1471.2 222.715 0.77735 0.22265 0
0.719 238.113 199.325 818.864 188.927 1470.06 222.65 0.777841 0.222159 0
0.718 237.298 198.863 817.394 189.296 1468.93 222.586 0.778333 0.221667 0
0.717 236.485 198.402 815.925 189.666 1467.8 222.521 0.778826 0.221174 0
0.716 235.673 197.942 814.458 190.036 1466.66 222.456 0.77932 0.22068 0
0.715 234.862 197.481 812.992 190.407 1465.53 222.391 0.779815 0.220185 0
0.714 234.053 197.021 811.526 190.779 1464.4 222.326 0.780311 0.219689 0
0.713 233.246 196.562 810.062 191.152 1463.27 222.261 0.780809 0.219191 0
0.712 232.44 196.102 808.599 191.526 1462.13 222.195 0.781307 0.218693 0
0.711 231.635 195.643 807.137 191.901 1461 222.13 0.781806 0.218194 0
0.71 230.832 195.184 805.677 192.277 1459.87 222.064 0.782307 0.217693 0
0.709 230.03 194.726 804.217 192.653 1458.74 221.999 0.782809 0.217191 0
0.708 229.23 194.267 802.759 193.03 1457.61 221.933 0.783311 0.216689 0
0.707 228.431 193.809 801.301 193.408 1456.48 221.867 0.783815 0.216185 0
0.706 227.634 193.352 799.845 193.787 1455.35 221.801 0.78432 0.21568 0
0.705 226.838 192.894 798.39 194.167 1454.22 221.735 0.784826 0.215174 0
0.704 226.044 192.437 796.936 194.548 1453.1 221.669 0.785333 0.214667 0
0.703 225.251 191.98 795.484 194.93 1451.97 221.602 0.785841 0.214159 0
0.702 224.46 191.524 794.032 195.312 1450.84 221.536 0.78635 0.21365 0
0.701 223.67 191.068 792.581 195.696 1449.72 221.469 0.786861 0.213139 0
0.7 222.881 190.612 791.132 196.08 1448.59 221.402 0.787372 0.212628 0
0.699 222.094 190.157 789.684 196.465 1447.46 221.335 0.787885 0.212115 0
0.698 221.308 189.701 788.236 196.852 1446.34 221.268 0.788399 0.211601 0
0.697 220.524 189.246 786.79 197.239 1445.21 221.201 0.788913 0.211087 0
0.696 219.742 188.792 785.346 197.626 1444.09 221.134 0.789429 0.210571 0
0.695 218.961 188.337 783.902 198.015 1442.97 221.066 0.789946 0.210054 0
0.694 218.181 187.883 782.459 198.405 1441.84 220.999 0.790464 0.209536 0
0.693 217.403 187.43 781.018 198.796 1440.72 220.931 0.790984 0.209016 0
0.692 216.626 186.976 779.577 199.187 1439.6 220.863 0.791504 0.208496 0
0.691 215.851 186.523 778.138 199.58 1438.48 220.796 0.792026 0.207974 0
0.69 215.077 186.071 776.7 199.973 1437.36 220.728 0.792548 0.207452 0
0.689 214.304 185.618 775.263 200.367 1436.24 220.659 0.793072 0.206928 0
0.688 213.534 185.166 773.827 200.763 1435.12 220.591 0.793597 0.206403 0
0.687 212.764 184.714 772.392 201.159 1434 220.523 0.794123 0.205877 0
0.686 211.996 184.263 770.958 201.556 1432.88 220.454 0.79465 0.20535 0
0.685 211.23 183.812 769.526 201.954 1431.76 220.385 0.795179 0.204821 0
0.684 210.465 183.361 768.094 202.353 1430.64 220.317 0.795708 0.204292 0
0.683 209.701 182.91 766.664 202.753 1429.52 220.248 0.796239 0.203761 0
0.682 208.939 182.46 765.234 203.154 1428.41 220.179 0.796771 0.203229 0
0.681 208.179 182.01 763.806 203.555 1427.29 220.109 0.797303 0.202697 0
0.68 207.42 181.56 762.379 203.958 1426.18 220.04 0.797838 0.202162 0
0.679 206.662 181.111 760.953 204.362 1425.06 219.97 0.798373 0.201627 0
0.678 205.906 180.662 759.529 204.767 1423.95 219.901 0.798909 0.201091 0
0.677 205.152 180.214 758.105 205.172 1422.83 219.831 0.799447 0.200553 0
0.676 204.398 179.765 756.683 205.579 1421.72 219.761 0.799986 0.200014 0
0.675 203.647 179.317 755.261 205.986 1420.6 219.691 0.800526 0.199474 0
0.674 202.897 178.87 753.841 206.395 1419.49 219.621 0.801067 0.198933 0
0.673 202.148 178.422 752.422 206.804 1418.38 219.551 0.801609 0.198391 0
0.672 201.401 177.975 751.003 207.215 1417.27 219.48 0.802153 0.197847 0
0.671 200.655 177.529 749.586 207.626 1416.16 219.41 0.802697 0.197303 0
0.67 199.911 177.082 748.171 208.039 1415.05 219.339 0.803243 0.196757 0
0.669 199.168 176.636 746.756 208.452 1413.94 219.268 0.80379 0.19621 0
0.668 198.427 176.19 745.342 208.867 1412.83 219.197 0.804338 0.195662 0
0.667 197.687 175.745 743.93 209.282 1411.72 219.126 0.804888 0.195112 0
0.666 196.949 175.3 742.518 209.698 1410.61 219.055 0.805438 0.194562 0
0.665 196.212 174.855 741.108 210.116 1409.5 218.983 0.80599 0.19401 0
0.664 195.476 174.411 739.699 210.534 1408.4 218.912 0.806543 0.193457 0
0.663 194.743 173.967 738.291 210.954 1407.29 218.84 0.807098 0.192902 0
0.662 194.01 173.523 736.884 211.374 1406.18 218.768 0.807653 0.192347 0
0.661 193.279 173.079 735.478 211.795 1405.08 218.696 0.80821 0.19179 0
0.66 192.55 172.636 734.073 212.218 1403.97 218.624 0.808767 0.191233 0
0.659 191.822 172.194 732.669 212.641 1402.87 218.552 0.809327 0.190673 0
0.658 191.096 171.751 731.267 213.066 1401.77 218.479 0.809887 0.190113 0
0.657 190.371 171.309 729.865 213.491 1400.66 218.407 0.810448 0.189552 0
0.656 189.647 170.867 728.465 213.918 1399.56 218.334 0.811011 0.188989 0
0.655 188.925 170.426 727.065 214.345 1398.46 218.261 0.811575 0.188425 0
0.654 188.205 169.985 725.667 214.774 1397.36 218.188 0.81214 0.18786 0
0.653 187.486 169.544 724.27 215.204 1396.26 218.115 0.812707 0.187293 0
0.652 186.769 169.104 722.874 215.634 1395.16 218.042 0.813274 0.186726 0
0.651 186.053 168.663 721.479 216.066 1394.06 217.968 0.813843 0.186157 0
0.65 185.338 168.224 720.085 216.499 1392.96 217.894 0.814413 0.185587 0
0.649 184.625 167.784 718.693 216.933 1391.86 217.821 0.814985 0.185015 0
0.648 183.914 167.345 717.301 217.367 1390.76 217.747 0.815557 0.184443 0
0.647 183.204 166.906 715.911 217.803 1389.67 217.673 0.816131 0.183869 0
0.646 182.495 166.468 714.521 218.24 1388.57 217.598 0.816707 0.183293 0
0.645 181.788 166.03 713.133 218.679 1387.47 217.524 0.817283 0.182717 0
0.644 181.083 165.592 711.746 219.118 1386.38 217.45 0.817861 0.182139 0
0.643 180.379 165.155 710.36 219.558 1385.28 217.375 0.818439 0.181561 0
0.642 179.676 164.718 708.975 219.999 1384.19 217.3 0.81902 0.18098 0
0.641 178.975 164.281 707.591 220.442 1383.1 217.225 0.819601 0.180399 0
0.64 178.276 163.845 706.208 220.885 1382.01 217.15 0.820184 0.179816 0
0.639 177.578 163.409 704.826 221.33 1380.91 217.074 0.820768 0.179232 0
0.638 176.881 162.973 703.445 221.775 1379.82 216.999 0.821353 0.178647 0
0.637 176.186 162.538 702.066 222.222 1378.73 216.923 0.82194 0.17806 0
0.636 175.492 162.103 700.687 222.67 1377.64 216.848 0.822527 0.177473 0
0.635 174.8 161.668 699.31 223.119 1376.55 216.772 0.823116 0.176884 0
0.634 174.11 161.234 697.934 223.569 1375.46 216.696 0.823707 0.176293 0
0.633 173.421 160.8 696.559 224.02 1374.38 216.619 0.824298 0.175702 0
0.632 172.733 160.366 695.184 224.472 1373.29 216.543 0.824891 0.175109 0
0.631 172.047 159.933 693.811 224.925 1372.2 216.466 0.825486 0.174514 0
0.63 171.363 159.5 692.439 225.38 1371.11 216.389 0.826081 0.173919 0
0.629 170.68 159.068 691.069 225.836 1370.03 216.313 0.826678 0.173322 0
0.628 169.998 158.635 689.699 226.292 1368.94 216.235 0.827276 0.172724 0
0.627 169.318 158.204 688.33 226.75 1367.86 216.158 0.827876 0.172124 0
0.626 168.64 157.772 686.962 227.209 1366.78 216.081 0.828476 0.171524 0
0.625 167.963 157.341 685.596 227.669 1365.69 216.003 0.829078 0.170922 0
0.624 167.287 156.91 684.23 228.131 1364.61 215.925 0.829682 0.170318 0
0.623 166.613 156.48 682.866 228.593 1363.53 215.847 0.830286 0.169714 0
0.622 165.941 156.05 681.503 229.057 1362.45 215.769 0.830892 0.169108 0
0.621 165.27 155.62 680.141 229.521 1361.37 215.691 0.8315 0.1685 0
0.62 164.6 155.19 678.78 229.987 1360.29 215.613 0.832108 0.167892 0
0.619 163.933 154.761 677.419 230.454 1359.21 215.534 0.832718 0.167282 0
0.618 163.266 154.333 676.06 230.923 1358.13 215.455 0.833329 0.166671 0
0.617 162.601 153.905 674.703 231.392 1357.06 215.376 0.833942 0.166058 0
0.616 161.938 153.477 673.346 231.863 1355.98 215.297 0.834556 0.165444 0
0.615 161.276 153.049 671.99 232.334 1354.9 215.218 0.835171 0.164829 0
0.614 160.615 152.622 670.635 232.807 1353.83 215.139 0.835788 0.164212 0
0.613 159.956 152.195 669.282 233.281 1352.75 215.059 0.836406 0.163594 0
0.612 159.299 151.768 667.929 233.757 1351.68 214.979 0.837025 0.162975 0
0.611 158.643 151.342 666.578 234.233 1350.61 214.899 0.837646 0.162354 0
0.61 157.989 150.916 665.227 234.711 1349.53 214.819 0.838268 0.161732 0
0.609 157.336 150.491 663.878 235.19 1348.46 214.739 0.838891 0.161109 0
0.608 156.685 150.066 662.53 235.67 1347.39 214.658 0.839516 0.160484 0
0.607 156.035 149.641 661.183 236.151 1346.32 214.577 0.840142 0.159858 0
0.606 155.386 149.217 659.837 236.633 1345.25 214.496 0.840769 0.159231 0
0.605 154.74 148.793 658.492 237.117 1344.18 214.415 0.841398 0.158602 0
0.604 154.094 148.369 657.148 237.602 1343.12 214.334 0.842028 0.157972 0
0.603 153.451 147.946 655.805 238.088 1342.05 214.253 0.842659 0.157341 0
0.602 152.808 147.523 654.463 238.575 1340.98 214.171 0.843292 0.156708 0
0.601 152.168 147.101 653.122 239.064 1339.92 214.089 0.843926 0.156074 0
0.6 151.528 146.679 651.783 239.554 1338.85 214.007 0.844562 0.155438 0
0.599 150.891 146.257 650.444 240.045 1337.79 213.925 0.845199 0.154801 0
0.598 150.254 145.835 649.106 240.537 1336.72 213.843 0.845837 0.154163 0
0.597 149.62 145.414 647.77 241.031 1335.66 213.76 0.846477 0.153523 0
0.596 148.986 144.994 646.434 241.526 1334.6 213.678 0.847118 0.152882 0
0.595 148.355 144.573 645.1 242.022 1333.54 213.595 0.84776 0.15224 0
0.594 147.725 144.154 643.767 242.519 1332.48 213.512 0.848404 0.151596 0
0.593 147.096 143.734 642.434 243.017 1331.42 213.428 0.849049 0.150951 0
0.592 146.469 143.315 641.103 243.517 1330.36 213.345 0.849696 0.150304 0
0.591 145.843 142.896 639.773 244.018 1329.3 213.261 0.850344 0.149656 0
0.59 145.219 142.478 638.444 244.521 1328.24 213.177 0.850993 0.149007 0
0.589 144.597 142.059 637.116 245.024 1327.19 213.093 0.851644 0.148356 0
0.588 143.976 141.642 635.789 245.529 1326.13 213.009 0.852296 0.147704 0
0.587 143.356 141.224 634.463 246.035 1325.08 212.925 0.85295 0.14705 0
0.586 142.738 140.808 633.138 246.543 1324.02 212.84 0.853604 0.146396 0
0.585 142.122 140.391 631.814 247.052 1322.97 212.755 0.854261 0.145739 0
0.584 141.507 139.975 630.492 247.562 1321.91 212.67 0.854919 0.145081 0
0.583 140.893 139.559 629.17 248.073 1320.86 212.585 0.855578 0.144422 0
0.582 140.281 139.144 627.849 248.586 1319.81 212.499 0.856238 0.143762 0
0.581 139.671 138.729 626.53 249.1 1318.76 212.414 0.8569 0.1431 0
0.58 139.062 138.314 625.211 249.615 1317.71 212.328 0.857564 0.142436 0
0.579 138.454 137.9 623.894 250.132 1316.66 212.242 0.858228 0.141772 0
0.578 137.849 137.486 622.577 250.65 1315.62 212.156 0.858895 0.141105 0
0.577 137.244 137.072 621.262 251.169 1314.57 212.069 0.859562 0.140438 0
0.576 136.641 136.659 619.947 251.69 1313.52 211.983 0.860231 0.139769 0
0.575 136.04 136.246 618.634 252.212 1312.48 211.896 0.860902 0.139098 0
0.574 135.44 135.834 617.322 252.735 1311.43 211.809 0.861574 0.138426 0
0.573 134.842 135.422 616.011 253.26 1310.39 211.722 0.862247 0.137753 0
0.572 134.245 135.01 614.7 253.785 1309.35 211.634 0.862922 0.137078 0
0.571 133.65 134.599 613.391 254.313 1308.3 211.546 0.863598 0.136402 0
0.57 133.056 134.188 612.083 254.841 1307.26 211.459 0.864275 0.135725 0
0.569 132.464 133.778 610.776 255.371 1306.22 211.371 0.864954 0.135046 0
0.568 131.874 133.368 609.47 255.903 1305.18 211.282 0.865635 0.134365 0
0.567 131.285 132.958 608.165 256.436 1304.14 211.194 0.866317 0.133683 0
0.566 130.697 132.549 606.861 256.97 1303.11 211.105 0.867 0.133 0
0.565 130.111 132.14 605.558 257.505 1302.07 211.016 0.867685 0.132315 0
0.564 129.526 131.731 604.256 258.042 1301.03 210.927 0.868371 0.131629 0
0.563 128.943 131.323 602.956 258.58 1300 210.838 0.869059 0.130941 0
0.562 128.362 130.915 601.656 259.12 1298.96 210.748 0.869748 0.130252 0
0.561 127.782 130.508 600.357 259.661 1297.93 210.658 0.870438 0.129562 0
0.56 127.203 130.101 599.059 260.204 1296.9 210.568 0.87113 0.12887 0
0.559 126.626 129.694 597.762 260.747 1295.87 210.478 0.871823 0.128177 0
0.558 126.051 129.288 596.467 261.293 1294.83 210.388 0.872518 0.127482 0
0.557 125.477 128.882 595.172 261.839 1293.8 210.297 0.873215 0.126785 0
0.556 124.905 128.477 593.878 262.387 1292.78 210.206 0.873912 0.126088 0
0.555 124.334 128.072 592.586 262.937 1291.75 210.115 0.874611 0.125389 0
0.554 123.764 127.667 591.294 263.488 1290.72 210.024 0.875312 0.124688 0
0.553 123.196 127.263 590.004 264.04 1289.69 209.932 0.876014 0.123986 0
0.552 122.63 126.859 588.714 264.594 1288.67 209.84 0.876718 0.123282 0
0.551 122.065 126.456 587.426 265.149 1287.64 209.748 0.877422 0.122578 0
0.55 121.502 126.053 586.138 265.706 1286.62 209.656 0.878129 0.121871 0
0.549 120.94 125.65 584.852 266.264 1285.6 209.564 0.878837 0.121163 0
0.548 120.38 125.248 583.566 266.823 1284.57 209.471 0.879546 0.120454 0
0.547 119.821 124.846 582.282 267.384 1283.55 209.378 0.880257 0.119743 0
0.546 119.264 124.445 580.999 267.947 1282.53 209.285 0.880969 0.119031 0
0.545 118.709 124.043 579.716 268.511 1281.51 209.191 0.881683 0.118317 0
0.544 118.155 123.643 578.435 269.076 1280.5 209.098 0.882398 0.117602 0
0.543 117.602 123.243 577.155 269.643 1279.48 209.004 0.883114 0.116886 0
0.542 117.051 122.843 575.875 270.211 1278.46 208.91 0.883832 0.116168 0
0.541 116.501 122.443 574.597 270.781 1277.45 208.815 0.884552 0.115448 0
0.54 115.953 122.044 573.32 271.352 1276.43 208.721 0.885272 0.114728 0
0.539 115.407 121.645 572.043 271.925 1275.42 208.626 0.885995 0.114005 0
0.538 114.862 121.247 570.768 272.499 1274.4 208.531 0.886719 0.113281 0
0.537 114.318 120.849 569.494 273.075 1273.39 208.436 0.887444 0.112556 0
0.536 113.776 120.452 568.221 273.652 1272.38 208.34 0.888171 0.111829 0
0.535 113.236 120.055 566.948 274.231 1271.37 208.244 0.888899 0.111101 0
0.534 112.697 119.658 565.677 274.811 1270.36 208.148 0.889628 0.110372 0
0.533 112.159 119.262 564.407 275.393 1269.36 208.052 0.890359 0.109641 0
0.532 111.624 118.866 563.138 275.976 1268.35 207.956 0.891092 0.108908 0
0.531 111.089 118.471 561.87 276.561 1267.34 207.859 0.891826 0.108174 0
0.53 110.556 118.076 560.602 277.147 1266.34 207.762 0.892561 0.107439 0
0.529 110.025 117.681 559.336 277.735 1265.33 207.664 0.893298 0.106702 0
0.528 109.495 117.287 558.071 278.324 1264.33 207.567 0.894036 0.105964 0
0.527 108.967 116.893 556.807 278.915 1263.33 207.469 0.894776 0.105224 0
0.526 108.44 116.5 555.544 279.508 1262.33 207.371 0.895517 0.104483 0
0.525 107.915 116.107 554.282 280.102 1261.33 207.273 0.89626 0.10374 0
0.524 107.391 115.714 553.02 280.697 1260.33 207.174 0.897004 0.102996 0
0.523 106.869 115.322 551.76 281.295 1259.33 207.075 0.897749 0.102251 0
0.522 106.348 114.93 550.501 281.893 1258.33 206.976 0.898496 0.101504 0
0.521 105.829 114.539 549.243 282.493 1257.34 206.877 0.899244 0.100756 0
0.52 105.311 114.148 547.986 283.095 1256.34 206.777 0.899994 0.100006 0
0.519 104.795 113.757 546.729 283.699 1255.35 206.678 0.900745 0.0992549 0
0.518 104.28 113.367 545.474 284.304 1254.35 206.578 0.901498 0.0985023 0
0.517 103.767 112.977 544.22 284.91 1253.36 206.477 0.902252 0.0977483 0
0.516 103.255 112.588 542.967 285.518 1252.37 206.376 0.903007 0.0969929 0
0.515 102.745 112.199 541.715 286.128 1251.38 206.276 0.903764 0.0962361 0
0.514 102.237 111.811 540.463 286.74 1250.39 206.174 0.904522 0.0954778 0
0.513 101.729 111.422 539.213 287.353 1249.4 206.073 0.905282 0.0947182 0
0.512 101.224 111.035 537.964 287.967 1248.41 205.971 0.906043 0.0939571 0
0.511 100.72 110.648 536.715 288.583 1247.43 205.869 0.906805 0.0931946 0
0.51 100.217 110.261 535.468 289.201 1246.44 205.767 0.907569 0.0924308 0
0.509 99.7161 109.874 534.222 289.821 1245.46 205.664 0.908334 0.0916655 0
0.508 99.2165 109.488 532.976 290.442 1244.47 205.561 0.909101 0.0908989 0
0.507 98.7184 109.103 531.732 291.064 1243.49 205.458 0.909869 0.0901309 0
0.506 98.2218 108.717 530.489 291.689 1242.51 205.355 0.910639 0.0893615 0
0.505 97.7267 108.333 529.246 292.315 1241.53 205.251 0.911409 0.0885907 0
0.504 97.2332 107.948 528.005 292.942 1240.55 205.147 0.912181 0.0878185 0
0.503 96.7411 107.564 526.765 293.571 1239.57 205.043 0.912955 0.087045 0
0.502 96.2505 107.181 525.525 294.202 1238.6 204.938 0.91373 0.0862702 0
0.501 95.7615 106.798 524.287 294.835 1237.62 204.833 0.914506 0.0854939 0
0.5 95.2739 106.415 523.049 295.469 1236.65 204.728 0.915284 0.0847164 0
0.499 94.7878 106.033 521.813 296.105 1235.67 204.623 0.916063 0.0839374 0
0.498 94.3032 105.651 520.577 296.743 1234.7 204.517 0.916843 0.0831572 0
0.497 93.8201 105.27 519.342 297.382 1233.73 204.411 0.917624 0.0823756 0
0.496 93.3386 104.889 518.109 298.023 1232.76 204.305 0.918407 0.0815927 0
0.495 92.8585 104.508 516.876 298.665 1231.79 204.198 0.919191 0.0808085 0
0.494 92.3799 104.128 515.644 299.31 1230.82 204.091 0.919977 0.080023 0
0.493 91.9027 103.748 514.414 299.956 1229.85 203.984 0.920764 0.0792362 0
0.492 91.4271 103.369 513.184 300.603 1228.88 203.876 0.921552 0.0784481 0
0.491 90.953 102.99 511.955 301.253 1227.92 203.768 0.922341 0.0776587 0
0.49 90.4803 102.612 510.727 301.904 1226.95 203.66 0.923132 0.076868 0
0.489 90.0092 102.234 509.5 302.557 1225.99 203.552 0.923924 0.0760761 0
0.488 89.5395 101.856 508.275 303.211 1225.03 203.443 0.924717 0.0752829 0
0.487 89.0713 101.479 507.05 303.868 1224.07 203.334 0.925512 0.0744885 0
0.486 88.6046 101.102 505.826 304.526 1223.11 203.224 0.926307 0.0736928 0
0.485 88.1394 100.726 504.603 305.185 1222.15 203.114 0.927104 0.0728959 0
0.484 87.6756 100.35 503.381 305.847 1221.19 203.004 0.927902 0.0720978 0
0.483 87.2134 99.9742 502.159 306.51 1220.23 202.894 0.928701 0.0712985 0
0.482 86.7526 99.5992 500.939 307.175 1219.28 202.783 0.929502 0.0704981 0
0.481 86.2932 99.2245 499.72 307.842 1218.32 202.672 0.930304 0.0696964 0
0.48 85.8354 98.8503 498.502 308.51 1217.37 202.56 0.931106 0.0688936 0
0.479 85.379 98.4765 497.285 309.181 1216.42 202.449 0.93191 0.0680896 0
0.478 84.9241 98.1032 496.068 309.853 1215.47 202.337 0.932715 0.0672845 0
0.477 84.4706 97.7302 494.853 310.527 1214.51 202.224 0.933522 0.0664783 0
0.476 84.0187 97.3577 493.638 311.202 1213.57 202.111 0.934329 0.0656709 0
0.475 83.5681 96.9857 492.425 311.88 1212.62 201.998 0.935137 0.0648625 0
0.474 83.1191 96.614 491.212 312.559 1211.67 201.885 0.935947 0.064053 0
0.473 82.6715 96.2428 490.001 313.24 1210.72 201.771 0.936758 0.0632425 0
0.472 82.2254 95.872 488.79 313.922 1209.78 201.657 0.937569 0.0624309 0
0.471 81.7807 95.5017 487.58 314.607 1208.83 201.542 0.938382 0.0616183 0
0.47 81.3374 95.1318 486.372 315.293 1207.89 201.427 0.939195 0.0608046 0
0.469 80.8956 94.7623 485.164 315.982 1206.95 201.312 0.94001 0.05999 0
0.468 80.4553 94.3932 483.957 316.672 1206.01 201.196 0.940826 0.0591745 0
0.467 80.0164 94.0246 482.751 317.364 1205.07 201.08 0.941642 0.058358 0
0.466 79.579 93.6564 481.546 318.057 1204.13 200.964 0.942459 0.0575406 0
0.465 79.143 93.2887 480.342 318.753 1203.19 200.847 0.943278 0.0567222 0
0.464 78.7084 92.9213 479.139 319.45 1202.26 200.73 0.944097 0.055903 0
0.463 78.2753 92.5545 477.937 320.149 1201.32 200.613 0.944917 0.055083 0
0.462 77.8436 92.188 476.735 320.85 1200.39 200.495 0.945738 0.0542621 0
0.461 77.4133 91.822 475.535 321.553 1199.45 200.376 0.94656 0.0534405 0
0.46 76.9844 91.4564 474.336 322.258 1198.52 200.258 0.947382 0.0526181 0
0.459 76.557 91.0913 473.137 322.965 1197.59 200.139 0.948205 0.0517949 0
0.458 76.131 90.7266 471.94 323.673 1196.66 200.019 0.949029 0.050971 0
0.457 75.7064 90.3623 470.743 324.384 1195.73 199.899 0.949854 0.0501465 0
0.456 75.2832 89.9985 469.547 325.096 1194.8 199.779 0.950679 0.0493213 0
0.455 74.8615 89.6351 468.353 325.81 1193.88 199.658 0.951505 0.0484955 0
0.454 74.4411 89.2721 467.159 326.527 1192.95 199.537 0.952331 0.0476691 0
0.453 74.0221 88.9096 465.966 327.245 1192.03 199.415 0.953158 0.0468421 0
0.452 73.6046 88.5476 464.774 327.965 1191.1 199.294 0.953985 0.0460147 0
0.451 73.1884 88.1859 463.583 328.686 1190.18 199.171 0.954813 0.0451868 0
0.45 72.7736 87.8248 462.393 329.41 1189.26 199.048 0.955641 0.0443585 0
0.449 72.3602 87.464 461.203 330.136 1188.34 198.925 0.95647 0.0435298 0
0.448 71.9482 87.1037 460.015 330.864 1187.42 198.801 0.957299 0.0427008 0
0.447 71.5376 86.7439 458.828 331.593 1186.5 198.677 0.958128 0.0418715 0
0.446 71.1283 86.3845 457.641 332.325 1185.58 198.552 0.958958 0.041042 0
0.445 70.7204 86.0255 456.456 333.058 1184.67 198.427 0.959788 0.0402123 0
0.444 70.3139 85.667 455.271 333.794 1183.75 198.302 0.960618 0.0393824 0
0.443 69.9087 85.3089 454.087 334.531 1182.84 198.176 0.961447 0.0385525 0
0.442 69.5049 84.9513 452.904 335.27 1181.92 198.049 0.962277 0.0377226 0
0.441 69.1024 84.5941 451.723 336.012 1181.01 197.922 0.963107 0.0368927 0
0.44 68.7013 84.2374 450.542 336.755 1180.1 197.795 0.963937 0.036063 0
0.439 68.3015 83.8811 449.361 337.501 1179.19 197.667 0.964767 0.0352334 0
0.438 67.903 83.5253 448.182 338.248 1178.28 197.538 0.965596 0.0344041 0
0.437 67.5058 83.1699 447.004 338.997 1177.37 197.409 0.966425 0.0335751 0
0.436 67.11 82.815 445.827 339.749 1176.46 197.28 0.967254 0.0327465 0
0.435 66.7154 82.4605 444.65 340.502 1175.55 197.149 0.968082 0.0319184 0
0.434 66.3221 82.1065 443.475 341.258 1174.65 197.019 0.968909 0.0310909 0
0.433 65.9302 81.753 442.3 342.015 1173.74 196.888 0.969736 0.030264 0
0.432 65.5395 81.3999 441.126 342.775 1172.84 196.756 0.970562 0.029438 0
0.431 65.1501 81.0472 439.953 343.536 1171.93 196.624 0.971387 0.0286128 0
0.43 64.7619 80.6951 438.781 344.3 1171.03 196.491 0.972211 0.0277885 0
0.429 64.375 80.3434 437.61 345.066 1170.13 196.357 0.973035 0.0269654 0
0.428 63.9894 79.9921 436.44 345.834 1169.23 196.223 0.973857 0.0261435 0
0.427 63.6049 79.6413 435.271 346.604 1168.33 196.088 0.974677 0.0253229 0
0.426 63.2217 79.291 434.103 347.376 1167.43 195.953 0.975496 0.0245038 0
0.425 62.8397 78.9411 432.935 348.15 1166.53 195.817 0.976314 0.0236863 0
0.424 62.4589 78.5918 431.769 348.926 1165.63 195.68 0.977129 0.0228706 0
0.423 62.0793 78.2428 430.603 349.705 1164.73 195.543 0.977943 0.0220568 0
0.422 61.7008 77.8944 429.438 350.485 1163.84 195.405 0.978755 0.0212451 0
0.421 61.3235 77.5464 428.274 351.268 1162.94 195.267 0.979564 0.0204357 0
0.42 60.9473 77.1989 427.111 352.053 1162.04 195.127 0.980371 0.0196289 0
0.419 60.5722 76.8519 425.949 352.84 1161.15 194.987 0.981175 0.0188247 0
0.418 60.1982 76.5054 424.788 353.629 1160.25 194.846 0.981977 0.0180235 0
0.417 59.8253 76.1594 423.628 354.421 1159.36 194.704 0.982775 0.0172254 0
0.416 59.4534 75.8138 422.469 355.215 1158.47 194.562 0.983569 0.0164309 0
0.415 59.0826 75.4687 421.31 356.011 1157.57 194.419 0.98436 0.01564 0
0.414 58.7128 75.1241 420.152 356.809 1156.68 194.275 0.985147 0.0148533 0
0.413 58.3439 74.7801 418.996 357.609 1155.79 194.13 0.985929 0.0140709 0
0.412 57.976 74.4365 417.84 358.412 1154.89 193.984 0.986707 0.0132933 0
0.411 57.609 74.0934 416.685 359.217 1154 193.837 0.987479 0.0125209 0
0.41 57.2428 73.7508 415.531 360.025 1153.11 193.689 0.988246 0.0117541 0
0.409 56.8775 73.4087 414.378 360.835 1152.21 193.54 0.989007 0.0109935 0
0.408 56.513 73.0671 413.225 361.647 1151.32 193.39 0.98976 0.0102395 0
0.407 56.1492 72.7261 412.074 362.461 1150.43 193.239 0.990507 0.0094929 0
0.406 55.786 72.3856 410.924 363.278 1149.53 193.086 0.991246 0.00875425 0
0.405 55.4235 72.0456 409.774 364.098 1148.64 192.933 0.991976 0.00802439 0
0.404 55.0615 71.7061 408.625 364.92 1147.74 192.778 0.992696 0.0073042 0
0.403 54.7 71.3672 407.477 365.744 1146.84 192.622 0.993405 0.00659471 0
0.402 54.3388 71.0288 406.33 366.572 1145.94 192.464 0.994103 0.00589713 0
0.401 53.9778 70.691 405.184 367.401 1145.04 192.304 0.994787 0.00521283 0
0.4 53.6169 70.3538 404.039 368.234 1144.14 192.143 0.995456 0.0045435 0
0.399 53.2559 70.0171 402.895 369.069 1143.24 191.98 0.996109 0.00389116 0
0.398 52.8946 69.681 401.752 369.907 1142.33 191.815 0.996742 0.0032583 0
0.397 52.5327 69.3455 400.609 370.748 1141.42 191.647 0.997352 0.0026481 0
0.396 52.1699 69.0106 399.468 371.592 1140.5 191.477 0.997935 0.00206473 0
0.395 51.8056 68.6764 398.327 372.44 1139.58 191.303 0.998486 0.00151392 0
0.394 51.4391 68.3428 397.187 373.29 1138.65 191.125 0.998996 0.00100407 0
0.393 51.0692 68.0099 396.049 374.145 1137.7 190.943 0.999451 0.000548945 0
0.392 50.6933 67.6777 394.911 375.004 1136.75 190.753 0.999824 0.000175954 0
0.391 50.301 67.3463 393.774 375.871 1135.74 190.547 1 0 0
0.39 49.8943 67.0159 392.638 376.746 1134.7 190.326 1 0 0
0.389 49.4899 66.6864 391.503 377.623 1133.66 190.104 1 0 0
0.388 49.0877 66.3579 390.369 378.503 1132.62 189.881 1 0 0
0.387 48.6877 66.0304 389.236 379.386 1131.59 189.658 1 0 0
0.386 48.2899 65.7039 388.104 380.273 1130.56 189.435 1 0 0
0.385 47.8943 65.3783 386.974 381.162 1129.53 189.211 1 0 0
0.384 47.5009 65.0537 385.844 382.054 1128.5 188.986 1 0 0
0.383 47.1097 64.7301 384.715 382.949 1127.48 188.761 1 0 0
0.382 46.7207 64.4075 383.587 383.847 1126.46 188.536 1 0 0
0.381 46.3339 64.0859 382.461 384.748 1125.45 188.309 1 0 0
0.38 45.9493 63.7652 381.335 385.652 1124.43 188.083 1 0 0
0.379 45.5669 63.4455 380.21 386.56 1123.42 187.855 1 0 0
0.378 45.1866 63.1268 379.087 387.47 1122.42 187.627 1 0 0
0.377 44.8086 62.8091 377.964 388.383 1121.41 187.399 1 0 0
0.376 44.4327 62.4923 376.842 389.299 1120.41 187.17 1 0 0
0.375 44.0589 62.1765 375.722 390.218 1119.42 186.94 1 0 0
0.374 43.6874 61.8617 374.602 391.14 1118.42 186.71 1 0 0
0.373 43.318 61.5479 373.483 392.065 1117.43 186.479 1 0 0
0.372 42.9507 61.235 372.366 392.993 1116.44 186.248 1 0 0
0.371 42.5857 60.9231 371.249 393.924 1115.46 186.016 1 0 0
0.37 42.2227 60.6122 370.133 394.858 1114.48 185.783 1 0 0
0.369 41.862 60.3022 369.018 395.795 1113.5 185.55 1 0 0
0.368 41.5033 59.9932 367.905 396.736 1112.52 185.317 1 0 0
0.367 41.1468 59.6852 366.792 397.679 1111.55 185.082 1 0 0
0.366 40.7924 59.3782 365.68 398.625 1110.58 184.848 1 0 0
0.365 40.4402 59.0721 364.569 399.574 1109.61 184.612 1 0 0
0.364 40.0901 58.767 363.459 400.526 1108.65 184.376 1 0 0
0.363 39.7421 58.4628 362.35 401.481 1107.69 184.14 1 0 0
0.362 39.3962 58.1596 361.242 402.439 1106.74 183.903 1 0 0
0.361 39.0525 57.8574 360.135 403.4 1105.78 183.665 1 0 0
0.36 38.7108 57.5562 359.029 404.364 1104.83 183.427 1 0 0
0.359 38.3713 57.2559 357.924 405.331 1103.89 183.188 1 0 0
0.358 38.0338 56.9566 356.82 406.301 1102.94 182.948 1 0 0
0.357 37.6985 56.6582 355.717 407.274 1102 182.708 1 0 0
0.356 37.3652 56.3608 354.614 408.25 1101.07 182.467 1 0 0
0.355 37.034 56.0643 353.513 409.229 1100.13 182.226 1 0 0
0.354 36.7049 55.7689 352.413 410.211 1099.2 181.984 1 0 0
0.353 36.3779 55.4743 351.313 411.196 1098.27 181.742 1 0 0
0.352 36.0529 55.1807 350.215 412.184 1097.35 181.499 1 0 0
0.351 35.73 54.8881 349.117 413.175 1096.43 181.255 1 0 0
0.35 35.4092 54.5965 348.02 414.168 1095.51 181.01 1 0 0
0.349 35.0904 54.3058 346.924 415.165 1094.6 180.766 1 0 0
0.348 34.7736 54.016 345.829 416.165 1093.69 180.52 1 0 0
0.347 34.4589 53.7272 344.735 417.168 1092.78 180.274 1 0 0
0.346 34.1463 53.4393 343.642 418.174 1091.87 180.027 1 0 0
0.345 33.8356 53.1524 342.55 419.182 1090.97 179.78 1 0 0
0.344 33.527 52.8665 341.459 420.194 1090.07 179.532 1 0 0
0.343 33.2204 52.5814 340.368 421.209 1089.18 179.283 1 0 0
0.342 32.9158 52.2974 339.279 422.226 1088.29 179.034 1 0 0
0.341 32.6133 52.0142 338.19 423.247 1087.4 178.784 1 0 0
0.34 32.3127 51.7321 337.102 424.27 1086.51 178.533 1 0 0
0.339 32.0141 51.4508 336.016 425.297 1085.63 178.282 1 0 0
0.338 31.7175 51.1705 334.93 426.326 1084.75 178.031 1 0 0
0.337 31.4229 50.8911 333.844 427.358 1083.88 177.778 1 0 0
0.336 31.1303 50.6127 332.76 428.393 1083.01 177.525 1 0 0
0.335 30.8396 50.3352 331.677 429.432 1082.14 177.272 1 0 0
0.334 30.5509 50.0587 330.594 430.473 1081.27 177.017 1 0 0
0.333 30.2642 49.783 329.513 431.517 1080.41 176.762 1 0 0
0.332 29.9794 49.5083 328.432 432.564 1079.55 176.507 1 0 0
0.331 29.6966 49.2346 327.352 433.613 1078.7 176.25 1 0 0
0.33 29.4157 48.9617 326.273 434.666 1077.84 175.994 1 0 0
0.329 29.1367 48.6898 325.195 435.722 1077 175.736 1 0 0
0.328 28.8597 48.4189 324.117 436.78 1076.15 175.478 1 0 0
0.327 28.5846 48.1488 323.041 437.842 1075.31 175.219 1 0 0
0.326 28.3114 47.8797 321.965 438.906 1074.47 174.96 1 0 0
0.325 28.0401 47.6114 320.89 439.973 1073.63 174.699 1 0 0
0.324 27.7707 47.3441 319.816 441.044 1072.8 174.439 1 0 0
0.323 27.5032 47.0778 318.743 442.117 1071.97 174.177 1 0 0
0.322 27.2376 46.8123 317.671 443.192 1071.14 173.915 1 0 0
0.321 26.9739 46.5478 316.599 444.271 1070.32 173.652 1 0 0
0.32 26.712 46.2841 315.528 445.353 1069.5 173.389 1 0 0
0.319 26.452 46.0214 314.459 446.437 1068.69 173.125 1 0 0
0.318 26.1939 45.7596 313.389 447.525 1067.87 172.86 1 0 0
0.317 25.9376 45.4987 312.321 448.615 1067.06 172.594 1 0 0
0.316 25.6831 45.2387 311.254 449.708 1066.26 172.328 1 0 0
0.315 25.4305 44.9796 310.187 450.804 1065.45 172.061 1 0 0
0.314 25.1798 44.7214 309.121 451.902 1064.65 171.794 1 0 0
0.313 24.9308 44.4641 308.056 453.004 1063.86 171.525 1 0 0
0.312 24.6837 44.2077 306.992 454.108 1063.06 171.256 1 0 0
0.311 24.4383 43.9522 305.928 455.216 1062.27 170.987 1 0 0
0.31 24.1948 43.6976 304.866 456.326 1061.49 170.716 1 0 0
0.309 23.9531 43.4439 303.804 457.438 1060.7 170.445 1 0 0
0.308 23.7131 43.1911 302.743 458.554 1059.92 170.174 1 0 0
0.307 23.475 42.9392 301.682 459.672 1059.14 169.901 1 0 0
0.306 23.2386 42.6881 300.623 460.794 1058.37 169.628 1 0 0
0.305 23.004 42.438 299.564 461.918 1057.6 169.354 1 0 0
0.304 22.7711 42.1887 298.506 463.044 1056.83 169.079 1 0 0
0.303 22.54 41.9403 297.449 464.174 1056.07 168.804 1 0 0
0.302 22.3106 41.6928 296.392 465.306 1055.31 168.528 1 0 0
0.301 22.0829 41.4462 295.336 466.441 1054.55 168.251 1 0 0
0.3 21.857 41.2004 294.281 467.579 1053.79 167.974 1 0 0
0.299 21.6328 40.9555 293.227 468.72 1053.04 167.695 1 0 0
0.298 21.4103 40.7115 292.174 469.863 1052.29 167.416 1 0 0
0.297 21.1895 40.4684 291.121 471.009 1051.55 167.137 1 0 0
0.296 20.9704 40.2261 290.069 472.158 1050.81 166.856 1 0 0
0.295 20.753 39.9847 289.018 473.31 1050.07 166.575 1 0 0
0.294 20.5373 39.7442 287.967 474.464 1049.33 166.293 1 0 0
0.293 20.3232 39.5045 286.917 475.621 1048.6 166.01 1 0 0
0.292 20.1108 39.2657 285.868 476.78 1047.87 165.726 1 0 0
0.291 19.9001 39.0278 284.82 477.943 1047.15 165.442 1 0 0
0.29 19.691 38.7907 283.772 479.108 1046.42 165.157 1 0 0
0.289 19.4836 38.5544 282.725 480.276 1045.71 164.871 1 0 0
0.288 19.2778 38.319 281.679 481.446 1044.99 164.585 1 0 0
0.287 19.0736 38.0845 280.634 482.619 1044.28 164.297 1 0 0
0.286 18.871 37.8508 279.589 483.795 1043.57 164.009 1 0 0
0.285 18.67 37.618 278.545 484.974 1042.86 163.72 1 0 0
0.284 18.4707 37.386 277.501 486.155 1042.16 163.43 1 0 0
0.283 18.2729 37.1548 276.459 487.339 1041.45 163.14 1 0 0
0.282 18.0767 36.9245 275.417 488.525 1040.76 162.848 1 0 0
0.281 17.8821 36.695 274.376 489.714 1040.06 162.556 1 0 0
0.28 17.6891 36.4663 273.335 490.906 1039.37 162.263 1 0 0
0.279 17.4976 36.2385 272.295 492.1 1038.68 161.969 1 0 0
0.278 17.3076 36.0115 271.256 493.297 1038 161.674 1 0 0
0.277 17.1193 35.7854 270.217 494.497 1037.32 161.379 1 0 0
0.276 16.9324 35.56 269.18 495.699 1036.64 161.083 1 0 0
0.275 16.7471 35.3355 268.142 496.904 1035.96 160.785 1 0 0
0.274 16.5633 35.1119 267.106 498.111 1035.29 160.487 1 0 0
0.273 16.381 34.889 266.07 499.321 1034.62 160.189 1 0 0
0.272 16.2002 34.6669 265.035 500.534 1033.95 159.889 1 0 0
0.271 16.0209 34.4457 264.001 501.749 1033.29 159.588 1 0 0
0.27 15.8431 34.2253 262.967 502.967 1032.63 159.287 1 0 0
0.269 15.6668 34.0057 261.934 504.187 1031.97 158.984 1 0 0
0.268 15.4919 33.7869 260.901 505.41 1031.32 158.681 1 0 0
0.267 15.3185 33.5689 259.869 506.635 1030.67 158.377 1 0 0
0.266 15.1466 33.3517 258.838 507.863 1030.02 158.072 1 0 0
0.265 14.9761 33.1353 257.807 509.094 1029.37 157.766 1 0 0
0.264 14.807 32.9197 256.778 510.327 1028.73 157.459 1 0 0
0.263 14.6394 32.7049 255.748 511.563 1028.09 157.152 1 0 0
0.262 14.4732 32.4909 254.72 512.801 1027.45 156.843 1 0 0
0.261 14.3084 32.2777 253.692 514.042 1026.82 156.534 1 0 0
0.26 14.145 32.0653 252.664 515.285 1026.19 156.223 1 0 0
0.259 13.983 31.8537 251.638 516.53 1025.56 155.912 1 0 0
0.258 13.8224 31.6429 250.611 517.779 1024.94 155.599 1 0 0
0.257 13.6632 31.4328 249.586 519.029 1024.32 155.286 1 0 0
0.256 13.5054 31.2235 248.561 520.283 1023.7 154.972 1 0 0
0.255 13.3489 31.015 247.537 521.538 1023.08 154.657 1 0 0
0.254 13.1938 30.8073 246.513 522.797 1022.47 154.341 1 0 0
0.253 13.04 30.6004 245.49 524.057 1021.86 154.024 1 0 0
0.252 12.8876 30.3942 244.468 525.32 1021.25 153.705 1 0 0
0.251 12.7365 30.1888 243.446 526.586 1020.65 153.386 1 0 0
0.25 12.5867 29.9842 242.425 527.854 1020.05 153.066 1 0 0
0.249 12.4382 29.7803 241.404 529.125 1019.45 152.745 1 0 0
0.248 12.2911 29.5773 240.384 530.398 1018.85 152.423 1 0 0
0.247 12.1452 29.3749 239.364 531.673 1018.26 152.1 1 0 0
0.246 12.0006 29.1733 238.346 532.951 1017.67 151.776 1 0 0
0.245 11.8573 28.9725 237.327 534.231 1017.08 151.451 1 0 0
0.244 11.7153 28.7725 236.31 535.514 1016.5 151.124 1 0 0
0.243 11.5746 28.5731 235.293 536.799 1015.91 150.797 1 0 0
0.242 11.4351 28.3746 234.276 538.087 1015.34 150.469 1 0 0
0.241 11.2969 28.1768 233.26 539.377 1014.76 150.139 1 0 0
0.24 11.1599 27.9797 232.245 540.669 1014.19 149.809 1 0 0
0.239 11.0241 27.7834 231.23 541.964 1013.62 149.477 1 0 0
0.238 10.8896 27.5878 230.216 543.261 1013.05 149.145 1 0 0
0.237 10.7563 27.393 229.202 544.561 1012.48 148.811 1 0 0
0.236 10.6242 27.1989 228.189 545.863 1011.92 148.476 1 0 0
0.235 10.4933 27.0055 227.176 547.168 1011.36 148.14 1 0 0
0.234 10.3636 26.8129 226.164 548.475 1010.8 147.803 1 0 0
0.233 10.2351 26.621 225.153 549.784 1010.25 147.465 1 0 0
0.232 10.1078 26.4298 224.142 551.095 1009.7 147.125 1 0 0
0.231 9.98165 26.2393 223.132 552.409 1009.15 146.785 1 0 0
0.23 9.85666 26.0496 222.122 553.726 1008.6 146.443 1 0 0
0.229 9.73283 25.8606 221.113 555.045 1008.06 146.1 1 0 0
0.228 9.61014 25.6723 220.104 556.366 1007.52 145.756 1 0 0
0.227 9.4886 25.4848 219.096 557.689 1006.98 145.411 1 0 0
0.226 9.36818 25.2979 218.088 559.015 1006.44 145.064 1 0 0
0.225 9.2489 25.1118 217.081 560.344 1005.91 144.717 1 0 0
0.224 9.13073 24.9264 216.075 561.674 1005.38 144.368 1 0 0
0.223 9.01367 24.7417 215.069 563.007 1004.85 144.018 1 0 0
0.222 8.89771 24.5576 214.063 564.342 1004.33 143.666 1 0 0
0.221 8.78285 24.3744 213.058 565.68 1003.81 143.313 1 0 0
0.22 8.66908 24.1918 212.054 567.02 1003.29 142.959 1 0 0
0.219 8.55638 24.0099 211.05 568.363 1002.77 142.604 1 0 0
0.218 8.44476 23.8287 210.046 569.707 1002.25 142.248 1 0 0
0.217 8.3342 23.6482 209.043 571.054 1001.74 141.89 1 0 0
0.216 8.2247 23.4684 208.041 572.404 1001.23 141.531 1 0 0
0.215 8.11625 23.2893 207.039 573.755 1000.72 141.17 1 0 0
0.214 8.00884 23.1109 206.038 575.11 1000.22 140.808 1 0 0
0.213 7.90246 22.9331 205.037 576.466 999.714 140.445 1 0 0
0.212 7.79711 22.7561 204.036 577.825 999.214 140.081 1 0 0
0.211 7.69278 22.5798 203.036 579.186 998.716 139.715 1 0 0
0.21 7.58947 22.4041 202.037 580.549 998.221 139.347 1 0 0
0.209 7.48716 22.2291 201.038 581.915 997.728 138.979 1 0 0
0.208 7.38584 22.0548 200.04 583.283 997.238 138.608 1 0 0
0.207 7.28552 21.8812 199.042 584.653 996.75 138.237 1 0 0
0.206 7.18618 21.7083 198.044 586.026 996.264 137.864 1 0 0
0.205 7.08782 21.536 197.047 587.401 995.781 137.489 1 0 0
0.204 6.99042 21.3644 196.051 588.779 995.3 137.113 1 0 0
0.203 6.89399 21.1935 195.055 590.158 994.821 136.736 1 0 0
0.202 6.79851 21.0233 194.059 591.54 994.345 136.357 1 0 0
0.201 6.70398 20.8537 193.064 592.925 993.871 135.976 1 0 0
0.2 6.61039 20.6848 192.07 594.311 993.4 135.594 1 0 0
0.199 6.51773 20.5165 191.075 595.701 992.93 135.211 1 0 0
0.198 6.426 20.349 190.082 597.092 992.463 134.825 1 0 0
0.197 6.33519 20.182 189.089 598.486 991.999 134.439 1 0 0
0.196 6.24529 20.0158 188.096 599.882 991.536 134.05 1 0 0
0.195 6.1563 19.8502 187.104 601.28 991.076 133.66 1 0 0
0.194 6.0682 19.6853 186.112 602.681 990.618 133.269 1 0 0
0.193 5.981 19.521 185.12 604.084 990.163 132.875 1 0 0
0.192 5.89469 19.3574 184.129 605.489 989.709 132.48 1 0 0
0.191 5.80925 19.1944 183.139 606.897 989.258 132.084 1 0 0
0.19 5.72468 19.0321 182.149 608.307 988.809 131.686 1 0 0
0.189 5.64098 18.8705 181.159 609.719 988.362 131.286 1 0 0
0.188 5.55813 18.7094 180.17 611.134 987.917 130.884 1 0 0
0.187 5.47614 18.5491 179.182 612.551 987.475 130.48 1 0 0
0.186 5.39499 18.3894 178.193 613.97 987.034 130.075 1 0 0
0.185 5.31468 18.2303 177.206 615.392 986.596 129.668 1 0 0
0.184 5.2352 18.0719 176.218 616.816 986.16 129.259 1 0 0
0.183 5.15655 17.9142 175.231 618.243 985.726 128.848 1 0 0
0.182 5.07871 17.757 174.245 619.671 985.294 128.436 1 0 0
0.181 5.00169 17.6006 173.259 621.103 984.864 128.021 1 0 0
0.18 4.92548 17.4447 172.273 622.536 984.436 127.605 1 0 0
0.179 4.85006 17.2895 171.288 623.972 984.011 127.186 1 0 0
0.178 4.77543 17.135 170.303 625.41 983.587 126.766 1 0 0
0.177 4.7016 16.9811 169.319 626.851 983.165 126.344 1 0 0
0.176 4.62854 16.8278 168.335 628.294 982.746 125.92 1 0 0
0.175 4.55625 16.6752 167.351 629.739 982.328 125.494 1 0 0
0.174 4.48474 16.5232 166.368 631.187 981.913 125.065 1 0 0
0.173 4.41399 16.3719 165.385 632.637 981.499 124.635 1 0 0
0.172 4.34399 16.2212 164.403 634.09 981.088 124.203 1 0 0
0.171 4.27474 16.0711 163.421 635.545 980.678 123.768 1 0 0
0.17 4.20623 15.9217 162.44 637.002 980.27 123.332 1 0 0
0.169 4.13847 15.7729 161.459 638.462 979.864 122.893 1 0 0
0.168 4.07143 15.6247 160.478 639.925 979.461 122.452 1 0 0
0.167 4.00512 15.4772 159.498 641.389 979.059 122.009 1 0 0
0.166 3.93953 15.3303 158.518 642.856 978.659 121.564 1 0 0
0.165 3.87465 15.1841 157.538 644.326 978.26 121.117 1 0 0
0.164 3.81048 15.0385 156.559 645.798 977.864 120.667 1 0 0
0.163 3.74701 14.8936 155.581 647.272 977.47 120.215 1 0 0
0.162 3.68424 14.7492 154.602 648.749 977.077 119.761 1 0 0
0.161 3.62216 14.6056 153.624 650.229 976.686 119.304 1 0 0
0.16 3.56076 14.4625 152.647 651.711 976.298 118.845 1 0 0
0.159 3.50004 14.3201 151.67 653.195 975.911 118.383 1 0 0
0.158 3.44 14.1784 150.693 654.682 975.525 117.92 1 0 0
0.157 3.38062 14.0372 149.717 656.171 975.142 117.453 1 0 0
0.156 3.32191 13.8968 148.741 657.663 974.76 116.984 1 0 0
0.155 3.26386 13.7569 147.765 659.157 974.38 116.513 1 0 0
0.154 3.20645 13.6178 146.79 660.654 974.002 116.039 1 0 0
0.153 3.14969 13.4792 145.815 662.154 973.626 115.563 1 0 0
0.152 3.09358 13.3413 144.841 663.656 973.251 115.084 1 0 0
0.151 3.0381 13.2041 143.867 665.16 972.878 114.602 1 0 0
0.15 2.98325 13.0675 142.893 666.668 972.507 114.118 1 0 0
0.149 2.92903 12.9316 141.919 668.177 972.138 113.631 1 0 0
0.148 2.87543 12.7963 140.947 669.69 971.77 113.142 1 0 0
0.147 2.82244 12.6617 139.974 671.204 971.404 112.65 1 0 0
0.146 2.77007 12.5277 139.002 672.722 971.039 112.155 1 0 0
0.145 2.7183 12.3944 138.03 674.242 970.677 111.657 1 0 0
0.144 2.66714 12.2617 137.058 675.765 970.316 111.156 1 0 0
0.143 2.61657 12.1297 136.087 677.29 969.956 110.653 1 0 0
0.142 2.56659 11.9984 135.116 678.818 969.599 110.147 1 0 0
0.141 2.51721 11.8678 134.146 680.349 969.243 109.638 1 0 0
0.14 2.4684 11.7378 133.176 681.883 968.888 109.126 1 0 0
0.139 2.42018 11.6085 132.206 683.419 968.535 108.611 1 0 0
0.138 2.37253 11.4798 131.237 684.958 968.184 108.093 1 0 0
0.137 2.32545 11.3519 130.268 686.499 967.835 107.573 1 0 0
0.136 2.27894 11.2246 129.299 688.044 967.487 107.049 1 0 0
0.135 2.23299 11.098 128.331 689.591 967.14 106.522 1 0 0
0.134 2.18759 10.9721 127.363 691.141 966.796 105.992 1 0 0
0.133 2.14276 10.8469 126.395 692.694 966.453 105.46 1 0 0
0.132 2.09847 10.7224 125.428 694.249 966.111 104.924 1 0 0
0.131 2.05474 10.5986 124.461 695.808 965.772 104.385 1 0 0
0.13 2.01154 10.4755 123.495 697.369 965.433 103.843 1 0 0
0.129 1.96889 10.3531 122.529 698.933 965.097 103.298 1 0 0
0.128 1.92678 10.2314 121.563 700.5 964.762 102.75 1 0 0
0.127 1.8852 10.1105 120.597 702.07 964.428 102.199 1 0 0
0.126 1.84415 9.9902 119.632 703.643 964.097 101.644 1 0 0
0.125 1.80363 9.87067 118.667 705.218 963.767 101.087 1 0 0
0.124 1.76363 9.75187 117.703 706.797 963.438 100.526 1 0 0
0.123 1.72415 9.6338 116.739 708.379 963.111 99.9621 1 0 0
0.122 1.6852 9.51647 115.775 709.964 962.786 99.395 1 0 0
0.121 1.64676 9.39988 114.811 711.551 962.462 98.8247 1 0 0
0.12 1.60883 9.28403 113.848 713.142 962.14 98.2513 1 0 0
0.119 1.57142 9.16894 112.885 714.736 961.82 97.6746 1 0 0
0.118 1.53451 9.0546 111.923 716.333 961.501 97.0948 1 0 0
0.117 1.49812 8.94103 110.96 717.933 961.185 96.5117 1 0 0
0.116 1.46222 8.82822 109.999 719.536 960.869 95.9255 1 0 0
0.115 1.42683 8.71618 109.037 721.142 960.556 95.336 1 0 0
0.114 1.39193 8.60493 108.076 722.752 960.244 94.7433 1 0 0
0.113 1.35754 8.49445 107.115 724.365 959.934 94.1474 1 0 0
0.112 1.32363 8.38477 106.154 725.981 959.625 93.5483 1 0 0
0.111 1.29023 8.27587 105.194 727.6 959.318 92.9459 1 0 0
0.11 1.25731 8.16778 104.234 729.222 959.013 92.3404 1 0 0
0.109 1.22488 8.0605 103.275 730.848 958.71 91.7316 1 0 0
0.108 1.19294 7.95403 102.315 732.477 958.409 91.1196 1 0 0
0.107 1.16148 7.84838 101.356 734.11 958.109 90.5044 1 0 0
0.106 1.13051 7.74355 100.398 735.746 957.811 89.886 1 0 0
0.105 1.10002 7.63955 99.4391 737.385 957.516 89.2644 1 0 0
0.104 1.07001 7.53639 98.481 739.028 957.221 88.6395 1 0 0
0.103 1.04048 7.43407 97.5232 740.674 956.929 88.0115 1 0 0
0.102 1.01142 7.3326 96.5657 742.324 956.639 87.3803 1 0 0
0.101 0.982839 7.23199 95.6085 743.977 956.35 86.7458 1 0 0
0.1 0.954729 7.13224 94.6516 745.634 956.064 86.1082 1 0 0
0.099 0.92709 7.03336 93.695 747.295 955.779 85.4673 1 0 0
0.098 0.89992 6.93536 92.7387 748.959 955.497 84.8233 1 0 0
0.097 0.873217 6.83824 91.7827 750.627 955.216 84.176 1 0 0
0.096 0.84698 6.74201 90.827 752.298 954.937 83.5256 1 0 0
0.095 0.821206 6.64667 89.8715 753.974 954.661 82.872 1 0 0
0.094 0.795894 6.55224 88.9164 755.653 954.386 82.2152 1 0 0
0.093 0.771041 6.45872 87.9615 757.336 954.113 81.5551 1 0 0
0.092 0.746647 6.36612 87.0069 759.022 953.843 80.8919 1 0 0
0.091 0.722709 6.27444 86.0526 760.713 953.575 80.2255 1 0 0
0.09 0.699225 6.1837 85.0985 762.407 953.309 79.5559 1 0 0
0.089 0.676194 6.09389 84.1448 764.106 953.045 78.8831 1 0 0
0.088 0.653613 6.00503 83.1913 765.808 952.783 78.2071 1 0 0
0.087 0.63148 5.91713 82.238 767.515 952.523 77.5279 1 0 0
0.086 0.609794 5.83018 81.2851 769.225 952.266 76.8454 1 0 0
0.085 0.588552 5.7442 80.3324 770.94 952.011 76.1598 1 0 0
0.084 0.567752 5.6592 79.3799 772.659 951.758 75.4709 1 0 0
0.083 0.547392 5.57519 78.4277 774.382 951.508 74.7789 1 0 0
0.082 0.52747 5.49216 77.4758 776.109 951.26 74.0835 1 0 0
0.081 0.507983 5.41013 76.5241 777.841 951.014 73.385 1 0 0
0.08 0.48893 5.32911 75.5727 779.576 950.771 72.6832 1 0 0
0.079 0.470308 5.2491 74.6215 781.317 950.53 71.9782 1 0 0
0.078 0.452115 5.17011 73.6706 783.061 950.291 71.2699 1 0 0
0.077 0.434348 5.09215 72.7199 784.81 950.055 70.5584 1 0 0
0.076 0.417005 5.01522 71.7695 786.564 949.822 69.8436 1 0 0
0.075 0.400083 4.93934 70.8193 788.322 949.591 69.1255 1 0 0
0.074 0.38358 4.8645 69.8693 790.085 949.363 68.4041 1 0 0
0.073 0.367493 4.79072 68.9196 791.852 949.138 67.6794 1 0 0
0.072 0.351819 4.71801 67.9701 793.624 948.915 66.9514 1 0 0
0.071 0.336556 4.64637 67.0208 795.401 948.695 66.2201 1 0 0
0.07 0.3217 4.57581 66.0717 797.183 948.477 65.4854 1 0 0
0.069 0.30725 4.50633 65.1229 798.969 948.263 64.7474 1 0 0
0.068 0.293201 4.43794 64.1743 800.761 948.051 64.006 1 0 0
0.067 0.279551 4.37065 63.2259 802.557 947.842 63.2612 1 0 0
0.066 0.266297 4.30447 62.2777 804.359 947.636 62.5131 1 0 0
0.065 0.253435 4.2394 61.3297 806.166 947.433 61.7615 1 0 0
0.064 0.240963 4.17545 60.3819 807.977 947.233 61.0065 1 0 0
0.063 0.228876 4.11262 59.4344 809.794 947.035 60.248 1 0 0
0.062 0.217172 4.05092 58.487 811.617 946.841 59.4861 1 0 0
0.061 0.205846 3.99035 57.5398 813.444 946.65 58.7207 1 0 0
0.06 0.194896 3.93092 56.5928 815.277 946.462 57.9518 1 0 0
0.059 0.184317 3.87264 55.6461 817.116 946.278 57.1793 1 0 0
0.058 0.174106 3.8155 54.6995 818.96 946.096 56.4033 1 0 0
0.057 0.164258 3.75951 53.7531 820.81 945.918 55.6237 1 0 0
0.056 0.154769 3.70468 52.8068 822.665 945.743 54.8405 1 0 0
0.055 0.145636 3.65101 51.8608 824.526 945.571 54.0537 1 0 0
0.054 0.136854 3.59849 50.9149 826.393 945.403 53.2632 1 0 0
0.053 0.128418 3.54714 49.9692 828.266 945.238 52.469 1 0 0
0.052 0.120325 3.49695 49.0237 830.145 945.077 51.6711 1 0 0
0.051 0.112569 3.44792 48.0783 832.03 944.919 50.8694 1 0 0
0.05 0.105145 3.40004 47.1331 833.922 944.765 50.064 1 0 0
0.049 0.0980484 3.35333 46.188 835.819 944.614 49.2547 1 0 0
0.048 0.0912744 3.30777 45.2431 837.723 944.467 48.4416 1 0 0
0.047 0.0848176 3.26337 44.2984 839.633 944.324 47.6245 1 0 0
0.046 0.0786725 3.22011 43.3538 841.55 944.184 46.8035 1 0 0
0.045 0.0728336 3.17798 42.4093 843.473 944.048 45.9785 1 0 0
0.044 0.067295 3.13699 41.465 845.403 943.916 45.1494 1 0 0
0.043 0.0620508 3.09712 40.5208 847.34 943.788 44.3162 1 0 0
0.042 0.0570951 3.05835 39.5768 849.283 943.663 43.4789 1 0 0
0.041 0.0524214 3.02068 38.6328 851.234 943.543 42.6373 1 0 0
0.04 0.0480234 2.98409 37.689 853.192 943.427 41.7915 1 0 0
0.039 0.0438943 2.94855 36.7454 855.157 943.314 40.9413 1 0 0
0.038 0.0400274 2.91405 35.8018 857.129 943.206 40.0866 1 0 0
0.037 0.0364155 2.88056 34.8583 859.109 943.101 39.2274 1 0 0
0.036 0.0330514 2.84805 33.915 861.096 943.001 38.3637 1 0 0
0.035 0.0299276 2.81649 32.9717 863.091 942.905 37.4952 1 0 0
0.034 0.0270364 2.78584 32.0286 865.094 942.813 36.622 1 0 0
0.033 0.0243699 2.75606 31.0856 867.104 942.725 35.7438 1 0 0
0.032 0.0219199 2.72711 30.1426 869.123 942.641 34.8606 1 0 0
0.031 0.019678 2.69893 29.1997 871.15 942.561 33.9723 1 0 0
0.03 0.0176355 2.67145 28.2569 873.185 942.486 33.0787 1 0 0
0.029 0.0157837 2.64462 27.3142 875.229 942.414 32.1796 1 0 0
0.028 0.0141132 2.61835 26.3716 877.281 942.347 31.275 1 0 0
0.027 0.0126148 2.59256 25.429 879.342 942.283 30.3645 1 0 0
0.026 0.0112787 2.56715 24.4865 881.412 942.224 29.4481 1 0 0
0.025 0.0100952 2.54201 23.5441 883.49 942.168 28.5254 1 0 0
0.024 0.00905392 2.51702 22.6017 885.579 942.116 27.5963 1 0 0
0.023 0.00814453 2.49202 21.6594 887.676 942.068 26.6605 1 0 0
0.022 0.00735631 2.46686 20.7172 889.783 942.024 25.7176 1 0 0
0.021 0.00667833 2.44135 19.7749 891.9 941.982 24.7674 1 0 0
0.02 0.00609939 2.41527 18.8328 894.026 941.944 23.8095 1 0 0
0.019 0.00560807 2.38838 17.8907 896.163 941.909 22.8433 1 0 0
0.018 0.00519272 2.36039 16.9486 898.31 941.876 21.8686 1 0 0
0.017 0.00484148 2.33097 16.0065 900.468 941.846 20.8846 1 0 0
0.016 0.00454233 2.29972 15.0645 902.636 941.817 19.8908 1 0 0
0.015 0.00428308 2.2662 14.1226 904.815 941.789 18.8864 1 0 0
0.014 0.00405148 2.22984 13.1806 907.005 941.762 17.8705 1 0 0
0.013 0.0038352 2.19 12.2387 909.207 941.734 16.8422 1 0 0
0.012 0.00362201 2.14587 11.2968 911.42 941.705 15.8003 1 0 0
0.011 0.0033998 2.09647 10.355 913.646 941.674 14.7432 1 0 0
0.01 0.00315676 2.04056 9.41322 915.883 941.638 13.6692 1 0 0
0.009 0.00288158 1.97657 8.47148 918.133 941.596 12.5762 1 0 0
0.008 0.00256369 1.90245 7.52979 920.395 941.545 11.4611 1 0 0
0.007 0.00219359 1.81544 6.58817 922.671 941.481 10.3204 1 0 0
0.006 0.00177609 1.70959 5.64662 924.96 941.4 9.14911 1 0 0
0.005 0.00128809 1.58156 4.70518 927.263 941.295 7.94007 1 0 0
0.004 0.000738447 1.42002 3.76388 929.58 941.154 6.68274 1 0 0
0.003 0.000135784 1.20586 2.82274 931.911 940.96 5.35991 1 0 0
0.002 -0.000496601 0.89393 1.88186 934.258 940.681 3.93946 1 0 0
0.001 -0.00110292 0.310431 0.941337 936.621 940.234 2.34397 1 0 0
