1 360.653 263.238 1424.94 109.838 1785.6 114.696 0.708502 0.291498 0
0.999 359.461 262.654 1423.14 110.037 1784.38 114.651 0.708813 0.291187 0
0.998 358.27 262.071 1421.33 110.237 1783.17 114.606 0.709124 0.290876 0
0.997 357.08 261.488 1419.53 110.437 1781.96 114.561 0.709435 0.290565 0
0.996 355.892 260.905 1417.73 110.637 1780.74 114.516 0.709748 0.290252 0
0.995 354.705 260.322 1415.93 110.838 1779.53 114.471 0.71006 0.28994 0
0.994 353.52 259.738 1414.13 111.039 1778.32 114.426 0.710374 0.289626 0
0.993 352.335 259.155 1412.33 111.24 1777.11 114.381 0.710688 0.289312 0
0.992 351.152 258.572 1410.54 111.441 1775.9 114.336 0.711002 0.288998 0
0.991 349.971 257.989 1408.74 111.643 1774.68 114.291 0.711317 0.288683 0
0.99 348.79 257.407 1406.95 111.845 1773.47 114.246 0.711633 0.288367 0
0.989 347.611 256.824 1405.15 112.048 1772.26 114.201 0.711949 0.288051 0
0.988 346.434 256.241 1403.36 112.251 1771.05 114.156 0.712266 0.287734 0
0.987 345.257 255.658 1401.57 112.454 1769.84 114.111 0.712583 0.287417 0
0.986 344.082 255.075 1399.78 112.657 1768.62 114.065 0.712901 0.287099 0
0.985 342.908 254.493 1397.99 112.861 1767.41 114.02 0.71322 0.28678 0
0.984 341.736 253.91 1396.21 113.065 1766.2 113.975 0.713539 0.286461 0
0.983 340.565 253.327 1394.42 113.27 1764.99 113.93 0.713858 0.286142 0
0.982 339.395 252.745 1392.64 113.474 1763.78 113.884 0.714179 0.285821 0
0.981 338.227 252.162 1390.85 113.679 1762.57 113.839 0.7145 0.2855 0
0.98 337.06 251.58 1389.07 113.885 1761.36 113.794 0.714821 0.285179 0
0.979 335.894 250.998 1387.29 114.091 1760.15 113.748 0.715143 0.284857 0
0.978 334.73 250.415 1385.51 114.297 1758.94 113.703 0.715466 0.284534 0
0.977 333.566 249.833 1383.73 114.503 1757.73 113.658 0.715789 0.284211 0
0.976 332.405 249.251 1381.95 114.71 1756.52 113.612 0.716113 0.283887 0
0.975 331.244 248.668 1380.18 114.917 1755.31 113.567 0.716437 0.283563 0
0.974 330.085 248.086 1378.4 115.125 1754.1 113.521 0.716762 0.283238 0
0.973 328.927 247.504 1376.63 115.333 1752.89 113.476 0.717088 0.282912 0
0.972 327.771 246.922 1374.86 115.541 1751.68 113.43 0.717414 0.282586 0
0.971 326.616 246.34 1373.09 115.749 1750.47 113.385 0.717741 0.282259 0
0.97 325.462 245.758 1371.32 115.958 1749.26 113.339 0.718069 0.281931 0
0.969 324.31 245.176 1369.55 116.167 1748.05 113.293 0.718397 0.281603 0
0.968 323.158 244.594 1367.78 116.377 1746.84 113.248 0.718726 0.281274 0
0.967 322.009 244.012 1366.01 116.587 1745.63 113.202 0.719055 0.280945 0
0.966 320.86 243.431 1364.25 116.797 1744.42 113.156 0.719385 0.280615 0
0.965 319.713 242.849 1362.48 117.008 1743.21 113.111 0.719715 0.280285 0
0.964 318.567 242.267 1360.72 117.219 1742 113.065 0.720047 0.279953 0
0.963 317.423 241.685 1358.96 117.43 1740.79 113.019 0.720378 0.279622 0
0.962 316.28 241.104 1357.2 117.642 1739.58 112.973 0.720711 0.279289 0
0.961 315.138 240.522 1355.44 117.854 1738.38 112.928 0.721044 0.278956 0
0.96 313.997 239.941 1353.68 118.066 1737.17 112.882 0.721377 0.278623 0
0.959 312.858 239.359 1351.93 118.279 1735.96 112.836 0.721712 0.278288 0
0.958 311.72 238.778 1350.17 118.492 1734.75 112.79 0.722047 0.277953 0
0.957 310.584 238.197 1348.42 118.705 1733.54 112.744 0.722382 0.277618 0
0.956 309.449 237.615 1346.66 118.919 1732.33 112.698 0.722718 0.277282 0
0.955 308.315 237.034 1344.91 119.133 1731.13 112.652 0.723055 0.276945 0
0.954 307.182 236.453 1343.16 119.348 1729.92 112.606 0.723392 0.276608 0
0.953 306.051 235.872 1341.41 119.563 1728.71 112.56 0.72373 0.27627 0
0.952 304.921 235.29 1339.66 119.778 1727.5 112.514 0.724069 0.275931 0
0.951 303.793 234.709 1337.92 119.994 1726.3 112.468 0.724409 0.275591 0
0.95 302.666 234.128 1336.17 120.21 1725.09 112.422 0.724748 0.275252 0
0.949 301.54 233.547 1334.42 120.426 1723.88 112.376 0.725089 0.274911 0
0.948 300.416 232.966 1332.68 120.643 1722.68 112.329 0.72543 0.27457 0
0.947 299.292 232.386 1330.94 120.86 1721.47 112.283 0.725772 0.274228 0
0.946 298.171 231.805 1329.2 121.077 1720.26 112.237 0.726115 0.273885 0
0.945 297.05 231.224 1327.46 121.295 1719.06 112.191 0.726458 0.273542 0
0.944 295.931 230.643 1325.72 121.513 1717.85 112.144 0.726802 0.273198 0
0.943 294.813 230.062 1323.98 121.732 1716.64 112.098 0.727146 0.272854 0
0.942 293.697 229.482 1322.25 121.951 1715.44 112.052 0.727491 0.272509 0
0.941 292.582 228.901 1320.51 122.17 1714.23 112.005 0.727837 0.272163 0
0.94 291.468 228.321 1318.78 122.39 1713.03 111.959 0.728184 0.271816 0
0.939 290.356 227.74 1317.04 122.61 1711.82 111.913 0.728531 0.271469 0
0.938 289.245 227.16 1315.31 122.83 1710.61 111.866 0.728879 0.271121 0
0.937 288.135 226.579 1313.58 123.051 1709.41 111.82 0.729227 0.270773 0
0.936 287.026 225.999 1311.85 123.272 1708.2 111.773 0.729576 0.270424 0
0.935 285.919 225.418 1310.13 123.494 1707 111.727 0.729926 0.270074 0
0.934 284.814 224.838 1308.4 123.716 1705.79 111.68 0.730276 0.269724 0
0.933 283.709 224.258 1306.67 123.938 1704.59 111.633 0.730627 0.269373 0
0.932 282.606 223.678 1304.95 124.161 1703.39 111.587 0.730979 0.269021 0
0.931 281.505 223.098 1303.23 124.384 1702.18 111.54 0.731332 0.268668 0
0.93 280.404 222.518 1301.5 124.607 1700.98 111.494 0.731685 0.268315 0
0.929 279.305 221.938 1299.78 124.831 1699.77 111.447 0.732039 0.267961 0
0.928 278.208 221.358 1298.06 125.056 1698.57 111.4 0.732393 0.267607 0
0.927 277.111 220.778 1296.35 125.28 1697.36 111.353 0.732748 0.267252 0
0.926 276.016 220.198 1294.63 125.505 1696.16 111.307 0.733104 0.266896 0
0.925 274.923 219.618 1292.91 125.731 1694.96 111.26 0.733461 0.266539 0
0.924 273.83 219.038 1291.2 125.957 1693.75 111.213 0.733818 0.266182 0
0.923 272.739 218.458 1289.48 126.183 1692.55 111.166 0.734176 0.265824 0
0.922 271.65 217.879 1287.77 126.41 1691.35 111.119 0.734534 0.265466 0
0.921 270.561 217.299 1286.06 126.637 1690.14 111.072 0.734893 0.265107 0
0.92 269.475 216.719 1284.35 126.864 1688.94 111.025 0.735253 0.264747 0
0.919 268.389 216.14 1282.64 127.092 1687.74 110.978 0.735614 0.264386 0
0.918 267.305 215.56 1280.93 127.32 1686.54 110.931 0.735975 0.264025 0
0.917 266.222 214.981 1279.23 127.549 1685.33 110.884 0.736337 0.263663 0
0.916 265.14 214.401 1277.52 127.778 1684.13 110.837 0.7367 0.2633 0
0.915 264.06 213.822 1275.82 128.007 1682.93 110.79 0.737064 0.262936 0
0.914 262.981 213.243 1274.12 128.237 1681.73 110.743 0.737428 0.262572 0
0.913 261.904 212.663 1272.42 128.467 1680.53 110.696 0.737793 0.262207 0
0.912 260.828 212.084 1270.72 128.698 1679.32 110.648 0.738158 0.261842 0
0.911 259.753 211.505 1269.02 128.929 1678.12 110.601 0.738524 0.261476 0
0.91 258.68 210.926 1267.32 129.161 1676.92 110.554 0.738891 0.261109 0
0.909 257.607 210.347 1265.62 129.393 1675.72 110.507 0.739259 0.260741 0
0.908 256.537 209.768 1263.93 129.625 1674.52 110.459 0.739627 0.260373 0
0.907 255.467 209.189 1262.23 129.858 1673.32 110.412 0.739996 0.260004 0
0.906 254.399 208.61 1260.54 130.091 1672.12 110.365 0.740366 0.259634 0
0.905 253.333 208.031 1258.85 130.324 1670.92 110.317 0.740737 0.259263 0
0.904 252.267 207.452 1257.16 130.558 1669.72 110.27 0.741108 0.258892 0
0.903 251.203 206.873 1255.47 130.793 1668.52 110.222 0.74148 0.25852 0
0.902 250.141 206.294 1253.78 131.028 1667.32 110.175 0.741853 0.258147 0
0.901 249.079 205.716 1252.09 131.263 1666.12 110.127 0.742226 0.257774 0
0.9 248.02 205.137 1250.4 131.499 1664.92 110.08 0.7426 0.2574 0
0.899 246.961 204.558 1248.72 131.735 1663.72 110.032 0.742975 0.257025 0
0.898 245.904 203.98 1247.04 131.971 1662.52 109.984 0.743351 0.256649 0
0.897 244.848 203.401 1245.35 132.208 1661.32 109.937 0.743727 0.256273 0
0.896 243.793 202.823 1243.67 132.446 1660.12 109.889 0.744104 0.255896 0
0.895 242.74 202.244 1241.99 132.683 1658.92 109.841 0.744482 0.255518 0
0.894 241.688 201.666 1240.31 132.922 1657.72 109.793 0.744861 0.255139 0
0.893 240.638 201.088 1238.64 133.16 1656.52 109.746 0.74524 0.25476 0
0.892 239.589 200.509 1236.96 133.399 1655.32 109.698 0.74562 0.25438 0
0.891 238.541 199.931 1235.29 133.639 1654.13 109.65 0.746001 0.253999 0
0.89 237.495 199.353 1233.61 133.879 1652.93 109.602 0.746383 0.253617 0
0.889 236.45 198.775 1231.94 134.119 1651.73 109.554 0.746765 0.253235 0
0.888 235.406 198.197 1230.27 134.36 1650.53 109.506 0.747148 0.252852 0
0.887 234.364 197.619 1228.6 134.602 1649.34 109.458 0.747532 0.252468 0
0.886 233.323 197.041 1226.93 134.843 1648.14 109.41 0.747916 0.252084 0
0.885 232.283 196.463 1225.26 135.086 1646.94 109.362 0.748302 0.251698 0
0.884 231.245 195.885 1223.59 135.328 1645.74 109.314 0.748688 0.251312 0
0.883 230.208 195.307 1221.93 135.571 1644.55 109.266 0.749075 0.250925 0
0.882 229.173 194.729 1220.26 135.815 1643.35 109.218 0.749462 0.250538 0
0.881 228.138 194.151 1218.6 136.059 1642.15 109.17 0.749851 0.250149 0
0.88 227.106 193.574 1216.94 136.303 1640.96 109.121 0.75024 0.24976 0
0.879 226.074 192.996 1215.28 136.548 1639.76 109.073 0.75063 0.24937 0
0.878 225.044 192.418 1213.62 136.794 1638.57 109.025 0.75102 0.24898 0
0.877 224.015 191.841 1211.96 137.039 1637.37 108.976 0.751412 0.248588 0
0.876 222.988 191.263 1210.3 137.286 1636.17 108.928 0.751804 0.248196 0
0.875 221.962 190.686 1208.64 137.532 1634.98 108.88 0.752197 0.247803 0
0.874 220.937 190.108 1206.99 137.779 1633.78 108.831 0.752591 0.247409 0
0.873 219.914 189.531 1205.34 138.027 1632.59 108.783 0.752985 0.247015 0
0.872 218.892 188.953 1203.68 138.275 1631.39 108.734 0.753381 0.246619 0
0.871 217.872 188.376 1202.03 138.524 1630.2 108.686 0.753777 0.246223 0
0.87 216.852 187.799 1200.38 138.773 1629 108.637 0.754174 0.245826 0
0.869 215.835 187.222 1198.73 139.022 1627.81 108.589 0.754572 0.245428 0
0.868 214.818 186.644 1197.08 139.272 1626.62 108.54 0.75497 0.24503 0
0.867 213.803 186.067 1195.44 139.523 1625.42 108.491 0.755369 0.244631 0
0.866 212.789 185.49 1193.79 139.774 1624.23 108.443 0.75577 0.24423 0
0.865 211.777 184.913 1192.15 140.025 1623.04 108.394 0.756171 0.243829 0
0.864 210.766 184.336 1190.51 140.277 1621.84 108.345 0.756572 0.243428 0
0.863 209.756 183.759 1188.86 140.529 1620.65 108.296 0.756975 0.243025 0
0.862 208.748 183.182 1187.22 140.782 1619.46 108.247 0.757378 0.242622 0
0.861 207.741 182.605 1185.58 141.035 1618.26 108.199 0.757782 0.242218 0
0.86 206.736 182.029 1183.95 141.289 1617.07 108.15 0.758187 0.241813 0
0.859 205.732 181.452 1182.31 141.543 1615.88 108.101 0.758593 0.241407 0
0.858 204.729 180.875 1180.67 141.798 1614.69 108.052 0.758999 0.241001 0
0.857 203.727 180.298 1179.04 142.053 1613.49 108.003 0.759407 0.240593 0
0.856 202.727 179.722 1177.4 142.309 1612.3 107.954 0.759815 0.240185 0
0.855 201.729 179.145 1175.77 142.565 1611.11 107.905 0.760224 0.239776 0
0.854 200.731 178.569 1174.14 142.822 1609.92 107.855 0.760634 0.239366 0
0.853 199.735 177.992 1172.51 143.079 1608.73 107.806 0.761045 0.238955 0
0.852 198.741 177.416 1170.88 143.336 1607.54 107.757 0.761456 0.238544 0
0.851 197.748 176.839 1169.25 143.595 1606.35 107.708 0.761868 0.238132 0
0.85 196.756 176.263 1167.63 143.853 1605.16 107.659 0.762282 0.237718 0
0.849 195.765 175.687 1166 144.112 1603.97 107.609 0.762696 0.237304 0
0.848 194.776 175.11 1164.38 144.372 1602.78 107.56 0.76311 0.23689 0
0.847 193.789 174.534 1162.76 144.632 1601.59 107.51 0.763526 0.236474 0
0.846 192.802 173.958 1161.13 144.893 1600.4 107.461 0.763943 0.236057 0
0.845 191.817 173.382 1159.51 145.154 1599.21 107.412 0.76436 0.23564 0
0.844 190.834 172.806 1157.89 145.416 1598.02 107.362 0.764778 0.235222 0
0.843 189.851 172.229 1156.28 145.678 1596.83 107.313 0.765197 0.234803 0
0.842 188.871 171.653 1154.66 145.94 1595.64 107.263 0.765617 0.234383 0
0.841 187.891 171.078 1153.04 146.204 1594.45 107.213 0.766038 0.233962 0
0.84 186.913 170.502 1151.43 146.467 1593.26 107.164 0.766459 0.233541 0
0.839 185.936 169.926 1149.81 146.732 1592.08 107.114 0.766882 0.233118 0
0.838 184.961 169.35 1148.2 146.996 1590.89 107.064 0.767305 0.232695 0
0.837 183.987 168.774 1146.59 147.262 1589.7 107.014 0.767729 0.232271 0
0.836 183.014 168.198 1144.98 147.527 1588.51 106.965 0.768154 0.231846 0
0.835 182.043 167.623 1143.37 147.794 1587.32 106.915 0.76858 0.23142 0
0.834 181.073 167.047 1141.77 148.06 1586.14 106.865 0.769007 0.230993 0
0.833 180.105 166.471 1140.16 148.328 1584.95 106.815 0.769435 0.230565 0
0.832 179.138 165.896 1138.55 148.595 1583.76 106.765 0.769863 0.230137 0
0.831 178.172 165.32 1136.95 148.864 1582.58 106.715 0.770293 0.229707 0
0.83 177.208 164.745 1135.35 149.133 1581.39 106.665 0.770723 0.229277 0
0.829 176.245 164.169 1133.75 149.402 1580.21 106.615 0.771154 0.228846 0
0.828 175.283 163.594 1132.14 149.672 1579.02 106.565 0.771586 0.228414 0
0.827 174.323 163.018 1130.55 149.943 1577.83 106.515 0.772019 0.227981 0
0.826 173.364 162.443 1128.95 150.214 1576.65 106.464 0.772453 0.227547 0
0.825 172.407 161.868 1127.35 150.485 1575.46 106.414 0.772887 0.227113 0
0.824 171.451 161.293 1125.76 150.757 1574.28 106.364 0.773323 0.226677 0
0.823 170.496 160.717 1124.16 151.03 1573.09 106.314 0.773759 0.226241 0
0.822 169.543 160.142 1122.57 151.303 1571.91 106.263 0.774197 0.225803 0
0.821 168.591 159.567 1120.97 151.577 1570.73 106.213 0.774635 0.225365 0
0.82 167.641 158.992 1119.38 151.851 1569.54 106.162 0.775074 0.224926 0
0.819 166.692 158.417 1117.79 152.126 1568.36 106.112 0.775514 0.224486 0
0.818 165.744 157.842 1116.21 152.401 1567.18 106.061 0.775955 0.224045 0
0.817 164.798 157.267 1114.62 152.677 1565.99 106.011 0.776397 0.223603 0
0.816 163.853 156.692 1113.03 152.954 1564.81 105.96 0.77684 0.22316 0
0.815 162.909 156.117 1111.45 153.231 1563.63 105.909 0.777284 0.222716 0
0.814 161.967 155.542 1109.86 153.508 1562.44 105.859 0.777728 0.222272 0
0.813 161.026 154.968 1108.28 153.787 1561.26 105.808 0.778174 0.221826 0
0.812 160.087 154.393 1106.7 154.065 1560.08 105.757 0.77862 0.22138 0
0.811 159.149 153.818 1105.12 154.345 1558.9 105.706 0.779068 0.220932 0
0.81 158.212 153.243 1103.54 154.624 1557.72 105.656 0.779516 0.220484 0
0.809 157.277 152.669 1101.96 154.905 1556.54 105.605 0.779965 0.220035 0
0.808 156.343 152.094 1100.38 155.186 1555.35 105.554 0.780415 0.219585 0
0.807 155.41 151.52 1098.81 155.467 1554.17 105.503 0.780866 0.219134 0
0.806 154.479 150.945 1097.23 155.75 1552.99 105.452 0.781318 0.218682 0
0.805 153.55 150.371 1095.66 156.032 1551.81 105.401 0.781771 0.218229 0
0.804 152.621 149.796 1094.09 156.316 1550.63 105.349 0.782225 0.217775 0
0.803 151.695 149.222 1092.52 156.599 1549.45 105.298 0.78268 0.21732 0
0.802 150.769 148.647 1090.95 156.884 1548.27 105.247 0.783136 0.216864 0
0.801 149.845 148.073 1089.38 157.169 1547.09 105.196 0.783592 0.216408 0
0.8 148.922 147.499 1087.81 157.454 1545.92 105.144 0.78405 0.21595 0
0.799 148.001 146.925 1086.24 157.741 1544.74 105.093 0.784509 0.215491 0
0.798 147.081 146.35 1084.68 158.027 1543.56 105.042 0.784968 0.215032 0
0.797 146.162 145.776 1083.11 158.315 1542.38 104.99 0.785429 0.214571 0
0.796 145.245 145.202 1081.55 158.603 1541.2 104.939 0.78589 0.21411 0
0.795 144.329 144.628 1079.99 158.891 1540.02 104.887 0.786353 0.213647 0
0.794 143.415 144.054 1078.43 159.18 1538.85 104.836 0.786816 0.213184 0
0.793 142.502 143.48 1076.87 159.47 1537.67 104.784 0.78728 0.21272 0
0.792 141.591 142.906 1075.31 159.76 1536.49 104.732 0.787746 0.212254 0
0.791 140.68 142.332 1073.75 160.051 1535.32 104.681 0.788212 0.211788 0
0.79 139.772 141.758 1072.2 160.343 1534.14 104.629 0.788679 0.211321 0
0.789 138.864 141.184 1070.64 160.635 1532.96 104.577 0.789148 0.210852 0
0.788 137.958 140.61 1069.09 160.928 1531.79 104.525 0.789617 0.210383 0
0.787 137.054 140.036 1067.54 161.221 1530.61 104.473 0.790087 0.209913 0
0.786 136.151 139.463 1065.99 161.515 1529.44 104.421 0.790558 0.209442 0
0.785 135.249 138.889 1064.44 161.81 1528.26 104.369 0.791031 0.208969 0
0.784 134.348 138.315 1062.89 162.105 1527.09 104.317 0.791504 0.208496 0
0.783 133.449 137.741 1061.34 162.401 1525.91 104.265 0.791978 0.208022 0
0.782 132.552 137.168 1059.79 162.697 1524.74 104.213 0.792453 0.207547 0
0.781 131.656 136.594 1058.25 162.994 1523.57 104.161 0.792929 0.207071 0
0.78 130.761 136.021 1056.7 163.292 1522.39 104.109 0.793406 0.206594 0
0.779 129.868 135.447 1055.16 163.59 1521.22 104.057 0.793885 0.206115 0
0.778 128.976 134.874 1053.62 163.889 1520.05 104.004 0.794364 0.205636 0
0.777 128.085 134.3 1052.08 164.189 1518.87 103.952 0.794844 0.205156 0
0.776 127.196 133.727 1050.54 164.489 1517.7 103.899 0.795325 0.204675 0
0.775 126.308 133.153 1049 164.79 1516.53 103.847 0.795807 0.204193 0
0.774 125.422 132.58 1047.46 165.091 1515.36 103.794 0.79629 0.20371 0
0.773 124.537 132.007 1045.93 165.393 1514.18 103.742 0.796775 0.203225 0
0.772 123.653 131.433 1044.39 165.696 1513.01 103.689 0.79726 0.20274 0
0.771 122.771 130.86 1042.86 166 1511.84 103.637 0.797746 0.202254 0
0.77 121.89 130.287 1041.33 166.304 1510.67 103.584 0.798234 0.201766 0
0.769 121.011 129.714 1039.8 166.608 1509.5 103.531 0.798722 0.201278 0
0.768 120.133 129.14 1038.27 166.914 1508.33 103.478 0.799211 0.200789 0
0.767 119.257 128.567 1036.74 167.22 1507.16 103.425 0.799702 0.200298 0
0.766 118.382 127.994 1035.21 167.526 1505.99 103.372 0.800193 0.199807 0
0.765 117.508 127.421 1033.68 167.834 1504.82 103.32 0.800686 0.199314 0
0.764 116.636 126.848 1032.16 168.142 1503.65 103.266 0.801179 0.198821 0
0.763 115.765 126.275 1030.63 168.45 1502.49 103.213 0.801674 0.198326 0
0.762 114.895 125.702 1029.11 168.76 1501.32 103.16 0.802169 0.197831 0
0.761 114.027 125.129 1027.59 169.07 1500.15 103.107 0.802666 0.197334 0
0.76 113.161 124.556 1026.07 169.38 1498.98 103.054 0.803164 0.196836 0
0.759 112.295 123.983 1024.55 169.692 1497.81 103.001 0.803662 0.196338 0
0.758 111.432 123.41 1023.03 170.003 1496.65 102.947 0.804162 0.195838 0
0.757 110.569 122.837 1021.51 170.316 1495.48 102.894 0.804663 0.195337 0
0.756 109.708 122.265 1019.99 170.629 1494.31 102.84 0.805165 0.194835 0
0.755 108.849 121.692 1018.48 170.943 1493.15 102.787 0.805668 0.194332 0
0.754 107.99 121.119 1016.96 171.258 1491.98 102.733 0.806172 0.193828 0
0.753 107.134 120.546 1015.45 171.574 1490.82 102.68 0.806677 0.193323 0
0.752 106.278 119.973 1013.94 171.89 1489.65 102.626 0.807183 0.192817 0
0.751 105.424 119.401 1012.43 172.206 1488.49 102.572 0.807691 0.192309 0
0.75 104.572 118.828 1010.92 172.524 1487.32 102.519 0.808199 0.191801 0
0.749 103.721 118.255 1009.41 172.842 1486.16 102.465 0.808708 0.191292 0
0.748 102.871 117.683 1007.9 173.161 1484.99 102.411 0.809219 0.190781 0
0.747 102.023 117.11 1006.4 173.48 1483.83 102.357 0.809731 0.190269 0
0.746 101.176 116.538 1004.89 173.801 1482.67 102.303 0.810243 0.189757 0
0.745 100.331 115.965 1003.39 174.122 1481.5 102.249 0.810757 0.189243 0
0.744 99.4868 115.393 1001.89 174.443 1480.34 102.195 0.811272 0.188728 0
0.743 98.6442 114.82 1000.39 174.766 1479.18 102.141 0.811788 0.188212 0
0.742 97.8031 114.248 998.886 175.089 1478.02 102.087 0.812305 0.187695 0
0.741 96.9634 113.675 997.387 175.412 1476.86 102.032 0.812823 0.187177 0
0.74 96.1251 113.103 995.889 175.737 1475.69 101.978 0.813343 0.186657 0
0.739 95.2882 112.53 994.392 176.062 1474.53 101.924 0.813863 0.186137 0
0.738 94.4527 111.958 992.897 176.388 1473.37 101.869 0.814385 0.185615 0
0.737 93.6187 111.386 991.402 176.715 1472.21 101.815 0.814907 0.185093 0
0.736 92.7861 110.813 989.909 177.042 1471.05 101.76 0.815431 0.184569 0
0.735 91.9549 110.241 988.417 177.37 1469.89 101.706 0.815956 0.184044 0
0.734 91.1251 109.669 986.926 177.699 1468.73 101.651 0.816482 0.183518 0
0.733 90.2968 109.096 985.436 178.029 1467.58 101.596 0.817009 0.182991 0
0.732 89.4699 108.524 983.947 178.359 1466.42 101.542 0.817537 0.182463 0
0.731 88.6444 107.952 982.46 178.69 1465.26 101.487 0.818067 0.181933 0
0.73 87.8203 107.38 980.973 179.022 1464.1 101.432 0.818597 0.181403 0
0.729 86.9977 106.807 979.488 179.355 1462.94 101.377 0.819129 0.180871 0
0.728 86.1765 106.235 978.004 179.688 1461.79 101.322 0.819661 0.180339 0
0.727 85.3567 105.663 976.521 180.022 1460.63 101.267 0.820195 0.179805 0
0.726 84.5383 105.091 975.039 180.357 1459.47 101.212 0.82073 0.17927 0
0.725 83.7214 104.519 973.559 180.692 1458.32 101.157 0.821267 0.178733 0
0.724 82.9059 103.947 972.079 181.029 1457.16 101.101 0.821804 0.178196 0
0.723 82.0918 103.374 970.601 181.366 1456.01 101.046 0.822343 0.177657 0
0.722 81.2792 102.802 969.123 181.704 1454.85 100.991 0.822882 0.177118 0
0.721 80.468 102.23 967.647 182.042 1453.7 100.935 0.823423 0.176577 0
0.72 79.6582 101.658 966.172 182.382 1452.54 100.88 0.823965 0.176035 0
0.719 78.8499 101.086 964.699 182.722 1451.39 100.824 0.824508 0.175492 0
0.718 78.043 100.514 963.226 183.063 1450.24 100.769 0.825052 0.174948 0
0.717 77.2375 99.9421 961.754 183.404 1449.08 100.713 0.825598 0.174402 0
0.716 76.4334 99.37 960.284 183.747 1447.93 100.657 0.826145 0.173855 0
0.715 75.6308 98.798 958.815 184.09 1446.78 100.601 0.826692 0.173308 0
0.714 74.8297 98.2261 957.347 184.434 1445.63 100.545 0.827241 0.172759 0
0.713 74.0299 97.6541 955.88 184.779 1444.47 100.49 0.827792 0.172208 0
0.712 73.2316 97.0821 954.414 185.125 1443.32 100.434 0.828343 0.171657 0
0.711 72.4347 96.5101 952.949 185.471 1442.17 100.377 0.828896 0.171104 0
0.71 71.6393 95.9382 951.486 185.818 1441.02 100.321 0.829449 0.170551 0
0.709 70.8453 95.3662 950.023 186.166 1439.87 100.265 0.830004 0.169996 0
0.708 70.0527 94.7943 948.562 186.515 1438.72 100.209 0.83056 0.16944 0
0.707 69.2616 94.2224 947.102 186.865 1437.57 100.153 0.831118 0.168882 0
0.706 68.4719 93.6505 945.643 187.215 1436.42 100.096 0.831676 0.168324 0
0.705 67.6837 93.0785 944.185 187.566 1435.27 100.04 0.832236 0.167764 0
0.704 66.8969 92.5066 942.728 187.919 1434.13 99.9832 0.832797 0.167203 0
0.703 66.1115 91.9347 941.273 188.271 1432.98 99.9267 0.833359 0.166641 0
0.702 65.3276 91.3628 939.818 188.625 1431.83 99.87 0.833922 0.166078 0
0.701 64.5451 90.791 938.365 188.98 1430.68 99.8133 0.834487 0.165513 0
0.7 63.764 90.2191 936.913 189.335 1429.54 99.7565 0.835053 0.164947 0
0.699 62.9844 89.6472 935.462 189.691 1428.39 99.6997 0.83562 0.16438 0
0.698 62.2063 89.0753 934.012 190.048 1427.25 99.6427 0.836188 0.163812 0
0.697 61.4295 88.5034 932.563 190.406 1426.1 99.5858 0.836757 0.163243 0
0.696 60.6543 87.9316 931.115 190.765 1424.96 99.5287 0.837328 0.162672 0
0.695 59.8804 87.3597 929.669 191.124 1423.81 99.4716 0.8379 0.1621 0
0.694 59.108 86.7878 928.223 191.485 1422.67 99.4144 0.838473 0.161527 0
0.693 58.3371 86.2159 926.779 191.846 1421.52 99.3571 0.839047 0.160953 0
0.692 57.5676 85.6441 925.336 192.208 1420.38 99.2998 0.839623 0.160377 0
0.691 56.7995 85.0722 923.894 192.571 1419.24 99.2424 0.8402 0.1598 0
0.69 56.0329 84.5003 922.453 192.935 1418.1 99.1849 0.840778 0.159222 0
0.689 55.2678 83.9284 921.013 193.299 1416.95 99.1273 0.841357 0.158643 0
0.688 54.504 83.3566 919.574 193.665 1415.81 99.0697 0.841938 0.158062 0
0.687 53.7418 82.7847 918.137 194.031 1414.67 99.012 0.842519 0.157481 0
0.686 52.981 82.2128 916.7 194.398 1413.53 98.9542 0.843102 0.156898 0
0.685 52.2216 81.6409 915.265 194.767 1412.39 98.8964 0.843687 0.156313 0
0.684 51.4637 81.069 913.831 195.136 1411.25 98.8385 0.844272 0.155728 0
0.683 50.7072 80.4971 912.398 195.505 1410.11 98.7805 0.844859 0.155141 0
0.682 49.9522 79.9252 910.966 195.876 1408.97 98.7225 0.845447 0.154553 0
0.681 49.1986 79.3533 909.535 196.248 1407.83 98.6643 0.846037 0.153963 0
0.68 48.4465 78.7813 908.106 196.62 1406.69 98.6061 0.846627 0.153373 0
0.679 47.6958 78.2094 906.677 196.994 1405.56 98.5478 0.847219 0.152781 0
0.678 46.9466 77.6374 905.25 197.368 1404.42 98.4895 0.847812 0.152188 0
0.677 46.1988 77.0655 903.824 197.743 1403.28 98.4311 0.848407 0.151593 0
0.676 45.4525 76.4935 902.398 198.119 1402.15 98.3725 0.849002 0.150998 0
0.675 44.7076 75.9215 900.974 198.496 1401.01 98.314 0.849599 0.150401 0
0.674 43.9642 75.3496 899.551 198.874 1399.87 98.2553 0.850198 0.149802 0
0.673 43.2222 74.7776 898.13 199.253 1398.74 98.1966 0.850797 0.149203 0
0.672 42.4817 74.2055 896.709 199.633 1397.61 98.1377 0.851398 0.148602 0
0.671 41.7427 73.6335 895.289 200.013 1396.47 98.0789 0.852 0.148 0
0.67 41.0051 73.0615 893.871 200.395 1395.34 98.0199 0.852603 0.147397 0
0.669 40.269 72.4894 892.454 200.778 1394.2 97.9608 0.853208 0.146792 0
0.668 39.5343 71.9173 891.037 201.161 1393.07 97.9017 0.853814 0.146186 0
0.667 38.8011 71.3452 889.622 201.545 1391.94 97.8425 0.854421 0.145579 0
0.666 38.0693 70.7731 888.208 201.931 1390.81 97.7832 0.85503 0.14497 0
0.665 37.339 70.201 886.795 202.317 1389.68 97.7238 0.85564 0.14436 0
0.664 36.6101 69.6288 885.384 202.704 1388.54 97.6644 0.856251 0.143749 0
0.663 35.8827 69.0567 883.973 203.092 1387.41 97.6049 0.856864 0.143136 0
0.662 35.1568 68.4845 882.564 203.481 1386.28 97.5452 0.857477 0.142523 0
0.661 34.4323 67.9122 881.155 203.871 1385.15 97.4855 0.858093 0.141907 0
0.66 33.7093 67.34 879.748 204.262 1384.03 97.4258 0.858709 0.141291 0
0.659 32.9878 66.7677 878.342 204.654 1382.9 97.3659 0.859327 0.140673 0
0.658 32.2677 66.1955 876.937 205.047 1381.77 97.306 0.859946 0.140054 0
0.657 31.549 65.6231 875.533 205.441 1380.64 97.2459 0.860566 0.139434 0
0.656 30.8319 65.0508 874.13 205.836 1379.51 97.1858 0.861188 0.138812 0
0.655 30.1162 64.4784 872.728 206.232 1378.39 97.1256 0.861811 0.138189 0
0.654 29.4019 63.906 871.327 206.628 1377.26 97.0653 0.862435 0.137565 0
0.653 28.6891 63.3336 869.928 207.026 1376.14 97.005 0.863061 0.136939 0
0.652 27.9778 62.7612 868.529 207.425 1375.01 96.9445 0.863688 0.136312 0
0.651 27.268 62.1887 867.132 207.825 1373.89 96.884 0.864317 0.135683 0
0.65 26.5596 61.6162 865.736 208.225 1372.76 96.8234 0.864946 0.135054 0
0.649 25.8526 61.0436 864.341 208.627 1371.64 96.7627 0.865577 0.134423 0
0.648 25.1472 60.471 862.947 209.03 1370.52 96.7018 0.86621 0.13379 0
0.647 24.4432 59.8984 861.554 209.434 1369.39 96.641 0.866843 0.133157 0
0.646 23.7406 59.3258 860.162 209.838 1368.27 96.58 0.867478 0.132522 0
0.645 23.0396 58.7531 858.771 210.244 1367.15 96.5189 0.868115 0.131885 0
0.644 22.34 58.1803 857.382 210.651 1366.03 96.4578 0.868753 0.131247 0
0.643 21.6418 57.6076 855.993 211.059 1364.91 96.3965 0.869392 0.130608 0
0.642 20.9452 57.0348 854.606 211.467 1363.79 96.3352 0.870032 0.129968 0
0.641 20.25 56.4619 853.22 211.877 1362.67 96.2737 0.870674 0.129326 0
0.64 19.5562 55.8891 851.834 212.288 1361.55 96.2122 0.871317 0.128683 0
0.639 18.864 55.3161 850.45 212.7 1360.43 96.1506 0.871961 0.128039 0
0.638 18.1732 54.7432 849.067 213.113 1359.31 96.0889 0.872607 0.127393 0
0.637 17.4838 54.1702 847.685 213.527 1358.19 96.0271 0.873254 0.126746 0
0.636 16.796 53.5971 846.305 213.942 1357.08 95.9652 0.873903 0.126097 0
0.635 16.1096 53.024 844.925 214.358 1355.96 95.9032 0.874553 0.125447 0
0.634 15.4247 52.4508 843.546 214.775 1354.84 95.8411 0.875204 0.124796 0
0.633 14.7412 51.8776 842.169 215.193 1353.73 95.7789 0.875857 0.124143 0
0.632 14.0593 51.3044 840.792 215.612 1352.61 95.7167 0.876511 0.123489 0
0.631 13.3788 50.7311 839.417 216.033 1351.5 95.6543 0.877166 0.122834 0
0.63 12.6997 50.1577 838.043 216.454 1350.38 95.5918 0.877823 0.122177 0
0.629 12.0222 49.5843 836.67 216.876 1349.27 95.5292 0.878481 0.121519 0
0.628 11.3461 49.0109 835.298 217.3 1348.16 95.4666 0.879141 0.120859 0
0.627 10.6714 48.4374 833.927 217.724 1347.05 95.4038 0.879801 0.120199 0
0.626 9.9983 47.8638 832.557 218.15 1345.93 95.3409 0.880464 0.119536 0
0.625 9.32663 47.2902 831.188 218.577 1344.82 95.278 0.881127 0.118873 0
0.624 8.65643 46.7165 829.82 219.005 1343.71 95.2149 0.881792 0.118208 0
0.623 7.9877 46.1428 828.454 219.433 1342.6 95.1517 0.882459 0.117541 0
0.622 7.32044 45.569 827.088 219.863 1341.49 95.0885 0.883126 0.116874 0
0.621 6.65466 44.9951 825.724 220.295 1340.38 95.0251 0.883795 0.116205 0
0.62 5.99035 44.4212 824.36 220.727 1339.28 94.9616 0.884466 0.115534 0
0.619 5.32752 43.8472 822.998 221.16 1338.17 94.898 0.885138 0.114862 0
0.618 4.66616 43.2731 821.637 221.595 1337.06 94.8344 0.885811 0.114189 0
0.617 4.00628 42.699 820.277 222.03 1335.95 94.7706 0.886485 0.113515 0
0.616 3.34787 42.1248 818.918 222.467 1334.85 94.7067 0.887161 0.112839 0
0.615 2.69094 41.5505 817.56 222.905 1333.74 94.6427 0.887839 0.112161 0
0.614 2.03548 40.9762 816.203 223.344 1332.64 94.5786 0.888517 0.111483 0
0.613 1.3815 40.4018 814.847 223.784 1331.53 94.5143 0.889197 0.110803 0
0.612 0.728989 39.8273 813.493 224.225 1330.43 94.45 0.889879 0.110121 0
0.611 0.0779577 39.2528 812.139 224.668 1329.32 94.3856 0.890562 0.109438 0
0.61 -0.571598 38.6782 810.787 225.111 1328.22 94.321 0.891246 0.108754 0
0.609 -1.21968 38.1035 809.435 225.556 1327.12 94.2564 0.891932 0.108068 0
0.608 -1.86628 37.5287 808.085 226.002 1326.02 94.1916 0.892619 0.107381 0
0.607 -2.51141 36.9538 806.736 226.449 1324.92 94.1267 0.893307 0.106693 0
0.606 -3.15506 36.3789 805.387 226.897 1323.82 94.0617 0.893997 0.106003 0
0.605 -3.79723 35.8039 804.04 227.346 1322.72 93.9966 0.894688 0.105312 0
0.604 -4.43793 35.2288 802.694 227.797 1321.62 93.9314 0.89538 0.10462 0
0.603 -5.07714 34.6536 801.349 228.248 1320.52 93.8661 0.896074 0.103926 0
0.602 -5.71489 34.0783 800.005 228.701 1319.42 93.8006 0.896769 0.103231 0
0.601 -6.35115 33.5029 798.662 229.155 1318.32 93.735 0.897466 0.102534 0
0.6 -6.98594 32.9275 797.321 229.611 1317.22 93.6694 0.898164 0.101836 0
0.599 -7.61925 32.352 795.98 230.067 1316.13 93.6036 0.898863 0.101137 0
0.598 -8.25109 31.7763 794.64 230.525 1315.03 93.5376 0.899564 0.100436 0
0.597 -8.88144 31.2006 793.302 230.984 1313.94 93.4716 0.900266 0.0997341 0
0.596 -9.51032 30.6248 791.964 231.444 1312.84 93.4054 0.900969 0.0990307 0
0.595 -10.1377 30.0489 790.628 231.905 1311.75 93.3391 0.901674 0.0983259 0
0.594 -10.7636 29.4728 789.293 232.368 1310.65 93.2727 0.90238 0.0976197 0
0.593 -11.3881 28.8967 787.958 232.831 1309.56 93.2062 0.903088 0.0969122 0
0.592 -12.0111 28.3205 786.625 233.296 1308.47 93.1396 0.903797 0.0962033 0
0.591 -12.6326 27.7442 785.293 233.763 1307.38 93.0728 0.904507 0.095493 0
0.59 -13.2526 27.1678 783.962 234.23 1306.29 93.0059 0.905219 0.0947814 0
0.589 -13.8711 26.5913 782.632 234.699 1305.2 92.9388 0.905932 0.0940685 0
0.588 -14.4882 26.0146 781.303 235.169 1304.11 92.8717 0.906646 0.0933542 0
0.587 -15.1038 25.4379 779.975 235.64 1303.02 92.8044 0.907361 0.0926386 0
0.586 -15.7179 24.861 778.648 236.113 1301.93 92.737 0.908078 0.0919216 0
0.585 -16.3305 24.2841 777.322 236.586 1300.84 92.6694 0.908797 0.0912032 0
0.584 -16.9417 23.707 775.997 237.061 1299.75 92.6018 0.909516 0.0904836 0
0.583 -17.5513 23.1298 774.674 237.538 1298.67 92.534 0.910237 0.0897626 0
0.582 -18.1596 22.5525 773.351 238.015 1297.58 92.466 0.91096 0.0890402 0
0.581 -18.7663 21.9751 772.03 238.494 1296.49 92.3979 0.911683 0.0883166 0
0.58 -19.3715 21.3975 770.709 238.974 1295.41 92.3297 0.912408 0.0875916 0
0.579 -19.9753 20.8199 769.39 239.455 1294.33 92.2614 0.913135 0.0868653 0
0.578 -20.5776 20.2421 768.071 239.938 1293.24 92.1929 0.913862 0.0861377 0
0.577 -21.1785 19.6641 766.754 240.422 1292.16 92.1243 0.914591 0.0854087 0
0.576 -21.7778 19.0861 765.438 240.907 1291.08 92.0555 0.915322 0.0846785 0
0.575 -22.3757 18.5079 764.122 241.394 1289.99 91.9866 0.916053 0.0839469 0
0.574 -22.9721 17.9296 762.808 241.882 1288.91 91.9176 0.916786 0.0832141 0
0.573 -23.567 17.3512 761.495 242.371 1287.83 91.8484 0.91752 0.08248 0
0.572 -24.1605 16.7726 760.183 242.862 1286.75 91.779 0.918255 0.0817446 0
0.571 -24.7525 16.1939 758.872 243.354 1285.67 91.7096 0.918992 0.0810079 0
0.57 -25.343 15.6151 757.562 243.847 1284.59 91.64 0.91973 0.0802699 0
0.569 -25.9321 15.0361 756.253 244.342 1283.52 91.5702 0.920469 0.0795307 0
0.568 -26.5196 14.457 754.945 244.838 1282.44 91.5003 0.92121 0.0787902 0
0.567 -27.1058 13.8777 753.638 245.335 1281.36 91.4302 0.921952 0.0780485 0
0.566 -27.6904 13.2983 752.332 245.834 1280.29 91.36 0.922695 0.0773055 0
0.565 -28.2736 12.7187 751.027 246.334 1279.21 91.2896 0.923439 0.0765613 0
0.564 -28.8553 12.139 749.724 246.835 1278.14 91.2191 0.924184 0.0758158 0
0.563 -29.4355 11.5592 748.421 247.338 1277.06 91.1484 0.924931 0.0750691 0
0.562 -30.0143 10.9792 747.119 247.842 1275.99 91.0776 0.925679 0.0743212 0
0.561 -30.5916 10.399 745.819 248.347 1274.91 91.0066 0.926428 0.0735721 0
0.56 -31.1674 9.81869 744.519 248.854 1273.84 90.9354 0.927178 0.0728218 0
0.559 -31.7418 9.23821 743.22 249.363 1272.77 90.8641 0.92793 0.0720704 0
0.558 -32.3147 8.65757 741.923 249.872 1271.7 90.7926 0.928682 0.0713177 0
0.557 -32.8862 8.07677 740.626 250.383 1270.63 90.721 0.929436 0.0705639 0
0.556 -33.4561 7.4958 739.331 250.896 1269.56 90.6492 0.930191 0.0698089 0
0.555 -34.0247 6.91467 738.036 251.41 1268.49 90.5772 0.930947 0.0690527 0
0.554 -34.5917 6.33337 736.743 251.925 1267.42 90.5051 0.931705 0.0682955 0
0.553 -35.1573 5.7519 735.451 252.442 1266.35 90.4328 0.932463 0.0675371 0
0.552 -35.7215 5.17026 734.159 252.96 1265.29 90.3603 0.933222 0.0667776 0
0.551 -36.2842 4.58844 732.869 253.48 1264.22 90.2877 0.933983 0.066017 0
0.55 -36.8454 4.00644 731.58 254.001 1263.15 90.2149 0.934745 0.0652553 0
0.549 -37.4052 3.42427 730.291 254.523 1262.09 90.1419 0.935507 0.0644926 0
0.548 -37.9636 2.84191 729.004 255.047 1261.02 90.0687 0.936271 0.0637287 0
0.547 -38.5204 2.25937 727.718 255.573 1259.96 89.9953 0.937036 0.0629639 0
0.546 -39.0759 1.67665 726.433 256.099 1258.9 89.9218 0.937802 0.062198 0
0.545 -39.6299 1.09374 725.148 256.628 1257.83 89.8481 0.938569 0.0614311 0
0.544 -40.1824 0.510634 723.865 257.158 1256.77 89.7742 0.939337 0.0606632 0
0.543 -40.7335 -0.0726592 722.583 257.689 1255.71 89.7001 0.940106 0.0598944 0
0.542 -41.2832 -0.656147 721.302 258.222 1254.65 89.6258 0.940875 0.0591246 0
0.541 -41.8314 -1.23983 720.022 258.756 1253.59 89.5513 0.941646 0.0583538 0
0.54 -42.3782 -1.82371 718.743 259.292 1252.53 89.4767 0.942418 0.0575821 0
0.539 -42.9235 -2.4078 717.465 259.829 1251.47 89.4018 0.94319 0.0568095 0
0.538 -43.4674 -2.99208 716.188 260.368 1250.41 89.3267 0.943964 0.056036 0
0.537 -44.0099 -3.57658 714.911 260.908 1249.35 89.2515 0.944738 0.0552617 0
0.536 -44.5509 -4.16128 713.636 261.45 1248.29 89.176 0.945513 0.0544865 0
0.535 -45.0905 -4.74618 712.362 261.993 1247.24 89.1004 0.946289 0.0537105 0
0.534 -45.6287 -5.33131 711.089 262.538 1246.18 89.0245 0.947066 0.0529338 0
0.533 -46.1654 -5.91664 709.817 263.085 1245.13 88.9484 0.947844 0.0521562 0
0.532 -46.7008 -6.5022 708.546 263.633 1244.07 88.8721 0.948622 0.0513779 0
0.531 -47.2347 -7.08797 707.276 264.182 1243.02 88.7956 0.949401 0.0505989 0
0.53 -47.7672 -7.67396 706.007 264.733 1241.96 88.7189 0.950181 0.0498192 0
0.529 -48.2983 -8.26018 704.739 265.286 1240.91 88.642 0.950961 0.0490389 0
0.528 -48.8279 -8.84663 703.472 265.84 1239.86 88.5648 0.951742 0.0482579 0
0.527 -49.3562 -9.4333 702.206 266.396 1238.8 88.4874 0.952524 0.0474763 0
0.526 -49.8831 -10.0202 700.941 266.953 1237.75 88.4098 0.953306 0.0466942 0
0.525 -50.4085 -10.6073 699.677 267.512 1236.7 88.332 0.954088 0.0459115 0
0.524 -50.9326 -11.1947 698.414 268.073 1235.65 88.2539 0.954872 0.0451284 0
0.523 -51.4553 -11.7823 697.152 268.635 1234.6 88.1756 0.955655 0.0443448 0
0.522 -51.9765 -12.3702 695.891 269.199 1233.55 88.097 0.956439 0.0435607 0
0.521 -52.4964 -12.9583 694.631 269.764 1232.5 88.0183 0.957224 0.0427763 0
0.52 -53.0149 -13.5466 693.372 270.331 1231.46 87.9392 0.958008 0.0419915 0
0.519 -53.5321 -14.1352 692.114 270.9 1230.41 87.8599 0.958794 0.0412065 0
0.518 -54.0478 -14.724 690.856 271.47 1229.36 87.7804 0.959579 0.0404212 0
0.517 -54.5622 -15.3131 689.6 272.042 1228.31 87.7006 0.960364 0.0396356 0
0.516 -55.0752 -15.9025 688.345 272.615 1227.27 87.6205 0.96115 0.03885 0
0.515 -55.5869 -16.4921 687.091 273.19 1226.22 87.5402 0.961936 0.0380642 0
0.514 -56.0972 -17.082 685.838 273.767 1225.18 87.4596 0.962722 0.0372784 0
0.513 -56.6062 -17.6721 684.586 274.346 1224.13 87.3787 0.963507 0.0364925 0
0.512 -57.1138 -18.2625 683.334 274.926 1223.09 87.2975 0.964293 0.0357068 0
0.511 -57.6201 -18.8531 682.084 275.507 1222.04 87.2161 0.965079 0.0349211 0
0.51 -58.1251 -19.4441 680.835 276.091 1221 87.1343 0.965864 0.0341357 0
0.509 -58.6287 -20.0353 679.586 276.676 1219.96 87.0523 0.96665 0.0333505 0
0.508 -59.131 -20.6267 678.339 277.263 1218.91 86.97 0.967434 0.0325656 0
0.507 -59.632 -21.2185 677.093 277.852 1217.87 86.8873 0.968219 0.0317811 0
0.506 -60.1317 -21.8105 675.847 278.442 1216.83 86.8044 0.969003 0.0309971 0
0.505 -60.6301 -22.4028 674.603 279.034 1215.79 86.7211 0.969786 0.0302136 0
0.504 -61.1273 -22.9954 673.359 279.628 1214.75 86.6376 0.970569 0.0294308 0
0.503 -61.6231 -23.5883 672.117 280.223 1213.7 86.5536 0.971351 0.0286487 0
0.502 -62.1177 -24.1815 670.875 280.82 1212.66 86.4694 0.972133 0.0278675 0
0.501 -62.611 -24.775 669.634 281.419 1211.62 86.3848 0.972913 0.0270871 0
0.5 -63.1031 -25.3687 668.395 282.02 1210.58 86.2998 0.973692 0.0263078 0
0.499 -63.594 -25.9628 667.156 282.622 1209.54 86.2145 0.97447 0.0255296 0
0.498 -64.0836 -26.5571 665.918 283.227 1208.5 86.1289 0.975247 0.0247527 0
0.497 -64.572 -27.1518 664.681 283.833 1207.46 86.0428 0.976023 0.0239771 0
0.496 -65.0593 -27.7467 663.445 284.44 1206.42 85.9564 0.976797 0.0232031 0
0.495 -65.5453 -28.342 662.21 285.05 1205.38 85.8695 0.977569 0.0224307 0
0.494 -66.0302 -28.9375 660.976 285.661 1204.34 85.7823 0.97834 0.0216601 0
0.493 -66.5139 -29.5334 659.743 286.275 1203.3 85.6947 0.979109 0.0208915 0
0.492 -66.9965 -30.1296 658.511 286.89 1202.27 85.6066 0.979875 0.0201249 0
0.491 -67.478 -30.7261 657.28 287.506 1201.23 85.5181 0.980639 0.0193607 0
0.49 -67.9584 -31.3229 656.049 288.125 1200.19 85.4291 0.981401 0.0185989 0
0.489 -68.4377 -31.92 654.82 288.745 1199.15 85.3396 0.98216 0.0178399 0
0.488 -68.916 -32.5174 653.591 289.368 1198.11 85.2497 0.982916 0.0170837 0
0.487 -69.3932 -33.1152 652.364 289.992 1197.06 85.1593 0.983669 0.0163307 0
0.486 -69.8695 -33.7132 651.137 290.618 1196.02 85.0683 0.984419 0.0155811 0
0.485 -70.3448 -34.3116 649.911 291.246 1194.98 84.9769 0.985165 0.0148351 0
0.484 -70.8191 -34.9103 648.686 291.876 1193.94 84.8848 0.985907 0.0140932 0
0.483 -71.2925 -35.5093 647.462 292.507 1192.9 84.7922 0.986645 0.0133555 0
0.482 -71.7651 -36.1087 646.239 293.141 1191.85 84.699 0.987378 0.0126224 0
0.481 -72.2368 -36.7084 645.017 293.776 1190.81 84.6052 0.988106 0.0118944 0
0.48 -72.7078 -37.3083 643.795 294.414 1189.77 84.5107 0.988828 0.0111719 0
0.479 -73.178 -37.9087 642.575 295.053 1188.72 84.4156 0.989545 0.0104552 0
0.478 -73.6476 -38.5093 641.355 295.694 1187.67 84.3197 0.990255 0.009745 0
0.477 -74.1165 -39.1103 640.136 296.337 1186.62 84.2231 0.990958 0.00904179 0
0.476 -74.5849 -39.7115 638.918 296.982 1185.57 84.1256 0.991654 0.00834623 0
0.475 -75.0529 -40.3131 637.701 297.629 1184.52 84.0274 0.992341 0.00765904 0
0.474 -75.5204 -40.9151 636.484 298.278 1183.47 83.9282 0.993019 0.00698105 0
0.473 -75.9877 -41.5173 635.269 298.929 1182.41 83.828 0.993687 0.00631321 0
0.472 -76.4549 -42.1198 634.054 299.582 1181.35 83.7269 0.994343 0.0056566 0
0.471 -76.9221 -42.7227 632.84 300.237 1180.29 83.6246 0.994987 0.00501251 0
0.47 -77.3894 -43.3258 631.626 300.894 1179.23 83.521 0.995618 0.00438243 0
0.469 -77.8571 -43.9293 630.413 301.553 1178.16 83.4162 0.996232 0.00376821 0
0.468 -78.3255 -44.533 629.201 302.213 1177.08 83.3099 0.996828 0.00317207 0
0.467 -78.7948 -45.1371 627.99 302.876 1176.01 83.2018 0.997403 0.00259684 0
0.466 -79.2655 -45.7413 626.778 303.541 1174.92 83.0919 0.997954 0.00204617 0
0.465 -79.7382 -46.3459 625.568 304.208 1173.83 82.9797 0.998475 0.00152503 0
0.464 -80.2137 -46.9507 624.357 304.876 1172.72 82.8648 0.998959 0.00104054 0
0.463 -80.6933 -47.5557 623.147 305.547 1171.61 82.7465 0.999396 0.00060396 0
0.462 -81.1796 -48.1609 621.936 306.219 1170.47 82.6232 0.999764 0.00023626 0
0.461 -81.6803 -48.7662 620.724 306.892 1169.29 82.4908 0.999999 1.39336e-06 0
0.46 -82.2077 -49.3715 619.507 307.565 1168.04 82.3426 1 0 0
0.459 -82.7329 -49.9767 618.292 308.241 1166.8 82.1941 1 0 0
0.458 -83.2558 -50.5818 617.079 308.92 1165.55 82.0454 1 0 0
0.457 -83.7763 -51.1869 615.866 309.602 1164.31 81.8966 1 0 0
0.456 -84.2946 -51.7919 614.655 310.287 1163.07 81.7476 1 0 0
0.455 -84.8105 -52.3968 613.445 310.975 1161.83 81.5985 1 0 0
0.454 -85.324 -53.0017 612.236 311.665 1160.6 81.4492 1 0 0
0.453 -85.8353 -53.6065 611.029 312.359 1159.37 81.2998 1 0 0
0.452 -86.3442 -54.2113 609.823 313.055 1158.14 81.1502 1 0 0
0.451 -86.8507 -54.816 608.618 313.754 1156.91 81.0005 1 0 0
0.45 -87.355 -55.4207 607.414 314.456 1155.69 80.8506 1 0 0
0.449 -87.8568 -56.0254 606.212 315.161 1154.47 80.7006 1 0 0
0.448 -88.3564 -56.63 605.011 315.87 1153.25 80.5504 1 0 0
0.447 -88.8536 -57.2347 603.811 316.581 1152.03 80.4001 1 0 0
0.446 -89.3485 -57.8393 602.613 317.295 1150.82 80.2496 1 0 0
0.445 -89.841 -58.4439 601.415 318.012 1149.61 80.099 1 0 0
0.444 -90.3312 -59.0485 600.219 318.732 1148.4 79.9482 1 0 0
0.443 -90.819 -59.6531 599.025 319.455 1147.19 79.7973 1 0 0
0.442 -91.3045 -60.2577 597.831 320.181 1145.99 79.6462 1 0 0
0.441 -91.7877 -60.8624 596.639 320.91 1144.79 79.4949 1 0 0
0.44 -92.2685 -61.467 595.448 321.642 1143.59 79.3435 1 0 0
0.439 -92.7469 -62.0717 594.258 322.377 1142.39 79.192 1 0 0
0.438 -93.223 -62.6764 593.069 323.115 1141.2 79.0403 1 0 0
0.437 -93.6968 -63.2812 591.882 323.856 1140.01 78.8885 1 0 0
0.436 -94.1682 -63.886 590.696 324.6 1138.82 78.7365 1 0 0
0.435 -94.6373 -64.4909 589.511 325.348 1137.64 78.5843 1 0 0
0.434 -95.104 -65.0958 588.327 326.098 1136.46 78.432 1 0 0
0.433 -95.5683 -65.7008 587.145 326.852 1135.28 78.2796 1 0 0
0.432 -96.0303 -66.3059 585.964 327.608 1134.11 78.127 1 0 0
0.431 -96.49 -66.9111 584.784 328.368 1132.93 77.9742 1 0 0
0.43 -96.9473 -67.5163 583.605 329.131 1131.76 77.8214 1 0 0
0.429 -97.4023 -68.1217 582.427 329.897 1130.59 77.6683 1 0 0
0.428 -97.8549 -68.7271 581.251 330.666 1129.43 77.5151 1 0 0
0.427 -98.3051 -69.3327 580.076 331.438 1128.27 77.3618 1 0 0
0.426 -98.753 -69.9384 578.902 332.213 1127.11 77.2083 1 0 0
0.425 -99.1986 -70.5442 577.729 332.992 1125.95 77.0546 1 0 0
0.424 -99.6418 -71.1501 576.558 333.774 1124.8 76.9008 1 0 0
0.423 -100.083 -71.7562 575.387 334.559 1123.65 76.7469 1 0 0
0.422 -100.521 -72.3625 574.218 335.347 1122.51 76.5928 1 0 0
0.421 -100.957 -72.9689 573.05 336.138 1121.36 76.4386 1 0 0
0.42 -101.391 -73.5754 571.884 336.932 1120.22 76.2842 1 0 0
0.419 -101.823 -74.1822 570.718 337.73 1119.08 76.1296 1 0 0
0.418 -102.252 -74.7891 569.554 338.531 1117.95 75.975 1 0 0
0.417 -102.678 -75.3962 568.39 339.335 1116.82 75.8201 1 0 0
0.416 -103.103 -76.0036 567.228 340.142 1115.69 75.6651 1 0 0
0.415 -103.525 -76.6111 566.068 340.953 1114.56 75.51 1 0 0
0.414 -103.945 -77.2188 564.908 341.767 1113.44 75.3547 1 0 0
0.413 -104.362 -77.8268 563.749 342.584 1112.32 75.1993 1 0 0
0.412 -104.777 -78.4351 562.592 343.404 1111.2 75.0437 1 0 0
0.411 -105.19 -79.0435 561.436 344.227 1110.09 74.888 1 0 0
0.41 -105.6 -79.6522 560.281 345.054 1108.98 74.7322 1 0 0
0.409 -106.008 -80.2612 559.127 345.884 1107.87 74.5761 1 0 0
0.408 -106.414 -80.8705 557.975 346.718 1106.77 74.42 1 0 0
0.407 -106.817 -81.48 556.823 347.554 1105.67 74.2637 1 0 0
0.406 -107.218 -82.0899 555.673 348.394 1104.57 74.1072 1 0 0
0.405 -107.617 -82.7 554.523 349.237 1103.47 73.9506 1 0 0
0.404 -108.013 -83.3105 553.375 350.084 1102.38 73.7939 1 0 0
0.403 -108.407 -83.9213 552.228 350.934 1101.29 73.637 1 0 0
0.402 -108.799 -84.5324 551.083 351.787 1100.21 73.48 1 0 0
0.401 -109.188 -85.1439 549.938 352.643 1099.13 73.3228 1 0 0
0.4 -109.575 -85.7557 548.795 353.503 1098.05 73.1655 1 0 0
0.399 -109.96 -86.3679 547.652 354.366 1096.97 73.008 1 0 0
0.398 -110.342 -86.9805 546.511 355.232 1095.9 72.8504 1 0 0
0.397 -110.722 -87.5935 545.371 356.102 1094.83 72.6927 1 0 0
0.396 -111.1 -88.2068 544.232 356.975 1093.77 72.5348 1 0 0
0.395 -111.475 -88.8206 543.094 357.851 1092.71 72.3767 1 0 0
0.394 -111.848 -89.4348 541.957 358.731 1091.65 72.2185 1 0 0
0.393 -112.219 -90.0495 540.822 359.614 1090.59 72.0602 1 0 0
0.392 -112.588 -90.6645 539.687 360.5 1089.54 71.9017 1 0 0
0.391 -112.954 -91.2801 538.554 361.39 1088.49 71.7431 1 0 0
0.39 -113.318 -91.8961 537.421 362.283 1087.44 71.5844 1 0 0
0.389 -113.679 -92.5126 536.29 363.18 1086.4 71.4255 1 0 0
0.388 -114.039 -93.1296 535.16 364.079 1085.36 71.2665 1 0 0
0.387 -114.396 -93.7471 534.031 364.982 1084.33 71.1073 1 0 0
0.386 -114.751 -94.3651 532.903 365.889 1083.3 70.948 1 0 0
0.385 -115.103 -94.9837 531.776 366.799 1082.27 70.7885 1 0 0
0.384 -115.453 -95.6028 530.65 367.712 1081.24 70.6289 1 0 0
0.383 -115.801 -96.2225 529.526 368.629 1080.22 70.4692 1 0 0
0.382 -116.147 -96.8427 528.402 369.549 1079.2 70.3093 1 0 0
0.381 -116.49 -97.4636 527.28 370.472 1078.19 70.1493 1 0 0
0.38 -116.831 -98.085 526.158 371.399 1077.18 69.9892 1 0 0
0.379 -117.17 -98.7071 525.038 372.329 1076.17 69.8289 1 0 0
0.378 -117.506 -99.3298 523.919 373.262 1075.16 69.6684 1 0 0
0.377 -117.841 -99.9531 522.8 374.199 1074.16 69.5079 1 0 0
0.376 -118.173 -100.577 521.683 375.139 1073.17 69.3472 1 0 0
0.375 -118.503 -101.202 520.567 376.083 1072.17 69.1863 1 0 0
0.374 -118.83 -101.827 519.452 377.03 1071.18 69.0254 1 0 0
0.373 -119.156 -102.453 518.338 377.98 1070.19 68.8643 1 0 0
0.372 -119.479 -103.08 517.225 378.934 1069.21 68.703 1 0 0
0.371 -119.799 -103.707 516.113 379.891 1068.23 68.5416 1 0 0
0.37 -120.118 -104.336 515.003 380.852 1067.26 68.3801 1 0 0
0.369 -120.435 -104.965 513.893 381.816 1066.28 68.2185 1 0 0
0.368 -120.749 -105.594 512.784 382.783 1065.31 68.0567 1 0 0
0.367 -121.061 -106.225 511.676 383.753 1064.35 67.8948 1 0 0
0.366 -121.371 -106.856 510.57 384.727 1063.39 67.7327 1 0 0
0.365 -121.678 -107.489 509.464 385.705 1062.43 67.5705 1 0 0
0.364 -121.984 -108.122 508.359 386.685 1061.47 67.4082 1 0 0
0.363 -122.287 -108.756 507.256 387.67 1060.52 67.2457 1 0 0
0.362 -122.588 -109.39 506.153 388.657 1059.57 67.0832 1 0 0
0.361 -122.887 -110.026 505.051 389.648 1058.63 66.9204 1 0 0
0.36 -123.183 -110.663 503.951 390.642 1057.69 66.7576 1 0 0
0.359 -123.478 -111.3 502.851 391.64 1056.75 66.5946 1 0 0
0.358 -123.77 -111.939 501.753 392.64 1055.82 66.4315 1 0 0
0.357 -124.06 -112.578 500.655 393.645 1054.89 66.2683 1 0 0
0.356 -124.348 -113.219 499.558 394.652 1053.96 66.1049 1 0 0
0.355 -124.634 -113.86 498.463 395.663 1053.04 65.9414 1 0 0
0.354 -124.918 -114.503 497.368 396.678 1052.12 65.7778 1 0 0
0.353 -125.2 -115.146 496.275 397.695 1051.2 65.614 1 0 0
0.352 -125.479 -115.791 495.182 398.716 1050.29 65.4501 1 0 0
0.351 -125.756 -116.436 494.09 399.74 1049.38 65.2861 1 0 0
0.35 -126.032 -117.083 493 400.768 1048.48 65.1219 1 0 0
0.349 -126.305 -117.731 491.91 401.799 1047.58 64.9577 1 0 0
0.348 -126.576 -118.38 490.821 402.833 1046.68 64.7933 1 0 0
0.347 -126.845 -119.03 489.734 403.871 1045.79 64.6287 1 0 0
0.346 -127.112 -119.682 488.647 404.912 1044.9 64.4641 1 0 0
0.345 -127.377 -120.334 487.561 405.956 1044.01 64.2993 1 0 0
0.344 -127.639 -120.988 486.476 407.003 1043.13 64.1344 1 0 0
0.343 -127.9 -121.643 485.392 408.054 1042.25 63.9694 1 0 0
0.342 -128.159 -122.299 484.309 409.108 1041.38 63.8042 1 0 0
0.341 -128.415 -122.957 483.227 410.166 1040.51 63.6389 1 0 0
0.34 -128.67 -123.616 482.146 411.226 1039.64 63.4735 1 0 0
0.339 -128.922 -124.276 481.066 412.29 1038.77 63.308 1 0 0
0.338 -129.172 -124.938 479.987 413.357 1037.91 63.1423 1 0 0
0.337 -129.421 -125.601 478.909 414.428 1037.06 62.9765 1 0 0
0.336 -129.667 -126.265 477.832 415.502 1036.2 62.8106 1 0 0
0.335 -129.912 -126.931 476.755 416.578 1035.35 62.6446 1 0 0
0.334 -130.154 -127.598 475.68 417.659 1034.51 62.4785 1 0 0
0.333 -130.394 -128.267 474.605 418.742 1033.67 62.3122 1 0 0
0.332 -130.633 -128.937 473.532 419.829 1032.83 62.1458 1 0 0
0.331 -130.869 -129.609 472.459 420.919 1031.99 61.9793 1 0 0
0.33 -131.104 -130.282 471.387 422.012 1031.16 61.8127 1 0 0
0.329 -131.336 -130.957 470.316 423.108 1030.34 61.6459 1 0 0
0.328 -131.566 -131.633 469.246 424.208 1029.51 61.479 1 0 0
0.327 -131.795 -132.312 468.177 425.31 1028.69 61.312 1 0 0
0.326 -132.022 -132.991 467.109 426.416 1027.88 61.1449 1 0 0
0.325 -132.246 -133.673 466.042 427.525 1027.06 60.9777 1 0 0
0.324 -132.469 -134.356 464.975 428.637 1026.25 60.8103 1 0 0
0.323 -132.69 -135.041 463.91 429.753 1025.45 60.6429 1 0 0
0.322 -132.909 -135.727 462.845 430.871 1024.65 60.4753 1 0 0
0.321 -133.126 -136.416 461.782 431.993 1023.85 60.3075 1 0 0
0.32 -133.341 -137.106 460.719 433.118 1023.06 60.1397 1 0 0
0.319 -133.554 -137.798 459.657 434.246 1022.26 59.9718 1 0 0
0.318 -133.766 -138.492 458.596 435.377 1021.48 59.8037 1 0 0
0.317 -133.975 -139.188 457.535 436.511 1020.69 59.6355 1 0 0
0.316 -134.183 -139.885 456.476 437.648 1019.92 59.4672 1 0 0
0.315 -134.389 -140.585 455.418 438.789 1019.14 59.2988 1 0 0
0.314 -134.593 -141.287 454.36 439.932 1018.37 59.1303 1 0 0
0.313 -134.795 -141.991 453.303 441.079 1017.6 58.9616 1 0 0
0.312 -134.995 -142.696 452.247 442.228 1016.83 58.7928 1 0 0
0.311 -135.194 -143.404 451.192 443.381 1016.07 58.624 1 0 0
0.31 -135.39 -144.114 450.138 444.537 1015.31 58.455 1 0 0
0.309 -135.585 -144.826 449.084 445.696 1014.56 58.2858 1 0 0
0.308 -135.778 -145.541 448.032 446.857 1013.81 58.1166 1 0 0
0.307 -135.97 -146.257 446.98 448.022 1013.06 57.9473 1 0 0
0.306 -136.159 -146.976 445.929 449.19 1012.32 57.7778 1 0 0
0.305 -136.347 -147.697 444.879 450.361 1011.58 57.6082 1 0 0
0.304 -136.533 -148.421 443.83 451.535 1010.84 57.4385 1 0 0
0.303 -136.718 -149.146 442.781 452.711 1010.11 57.2687 1 0 0
0.302 -136.9 -149.874 441.734 453.891 1009.38 57.0988 1 0 0
0.301 -137.081 -150.605 440.687 455.074 1008.66 56.9288 1 0 0
0.3 -137.26 -151.338 439.641 456.26 1007.94 56.7586 1 0 0
0.299 -137.437 -152.073 438.596 457.448 1007.22 56.5884 1 0 0
0.298 -137.613 -152.811 437.551 458.64 1006.5 56.418 1 0 0
0.297 -137.787 -153.552 436.508 459.834 1005.79 56.2475 1 0 0
0.296 -137.96 -154.295 435.465 461.032 1005.09 56.0769 1 0 0
0.295 -138.13 -155.041 434.423 462.232 1004.38 55.9062 1 0 0
0.294 -138.299 -155.79 433.382 463.435 1003.68 55.7354 1 0 0
0.293 -138.467 -156.541 432.341 464.641 1002.99 55.5644 1 0 0
0.292 -138.632 -157.295 431.302 465.85 1002.29 55.3934 1 0 0
0.291 -138.796 -158.052 430.263 467.062 1001.6 55.2222 1 0 0
0.29 -138.959 -158.812 429.225 468.277 1000.92 55.0509 1 0 0
0.289 -139.12 -159.574 428.188 469.494 1000.23 54.8795 1 0 0
0.288 -139.279 -160.34 427.151 470.714 999.556 54.708 1 0 0
0.287 -139.437 -161.108 426.115 471.938 998.881 54.5364 1 0 0
0.286 -139.593 -161.88 425.08 473.164 998.209 54.3647 1 0 0
0.285 -139.747 -162.654 424.046 474.392 997.54 54.1928 1 0 0
0.284 -139.9 -163.432 423.013 475.624 996.875 54.0209 1 0 0
0.283 -140.051 -164.213 421.98 476.858 996.214 53.8488 1 0 0
0.282 -140.201 -164.997 420.948 478.095 995.556 53.6766 1 0 0
0.281 -140.349 -165.784 419.917 479.335 994.902 53.5044 1 0 0
0.28 -140.496 -166.575 418.886 480.578 994.251 53.332 1 0 0
0.279 -140.641 -167.369 417.857 481.823 993.603 53.1594 1 0 0
0.278 -140.785 -168.166 416.828 483.071 992.959 52.9868 1 0 0
0.277 -140.927 -168.967 415.799 484.322 992.318 52.8141 1 0 0
0.276 -141.068 -169.771 414.772 485.576 991.681 52.6412 1 0 0
0.275 -141.207 -170.579 413.745 486.832 991.047 52.4683 1 0 0
0.274 -141.345 -171.39 412.719 488.091 990.417 52.2952 1 0 0
0.273 -141.481 -172.205 411.694 489.352 989.79 52.122 1 0 0
0.272 -141.616 -173.024 410.669 490.617 989.166 51.9487 1 0 0
0.271 -141.749 -173.846 409.645 491.884 988.546 51.7753 1 0 0
0.27 -141.881 -174.672 408.622 493.153 987.93 51.6018 1 0 0
0.269 -142.011 -175.502 407.599 494.425 987.316 51.4281 1 0 0
0.268 -142.14 -176.336 406.578 495.7 986.706 51.2544 1 0 0
0.267 -142.268 -177.174 405.556 496.978 986.099 51.0805 1 0 0
0.266 -142.394 -178.016 404.536 498.258 985.496 50.9066 1 0 0
0.265 -142.519 -178.862 403.516 499.54 984.896 50.7325 1 0 0
0.264 -142.642 -179.713 402.497 500.826 984.3 50.5583 1 0 0
0.263 -142.764 -180.567 401.479 502.113 983.706 50.384 1 0 0
0.262 -142.885 -181.426 400.462 503.404 983.116 50.2096 1 0 0
0.261 -143.004 -182.289 399.445 504.697 982.53 50.035 1 0 0
0.26 -143.122 -183.156 398.428 505.992 981.946 49.8604 1 0 0
0.259 -143.239 -184.028 397.413 507.29 981.366 49.6856 1 0 0
0.258 -143.354 -184.904 396.398 508.591 980.79 49.5107 1 0 0
0.257 -143.468 -185.785 395.384 509.894 980.216 49.3358 1 0 0
0.256 -143.581 -186.671 394.37 511.2 979.646 49.1607 1 0 0
0.255 -143.692 -187.561 393.357 512.508 979.079 48.9854 1 0 0
0.254 -143.802 -188.456 392.345 513.819 978.515 48.8101 1 0 0
0.253 -143.911 -189.356 391.334 515.132 977.955 48.6347 1 0 0
0.252 -144.018 -190.261 390.323 516.447 977.398 48.4591 1 0 0
0.251 -144.125 -191.171 389.312 517.765 976.844 48.2835 1 0 0
0.25 -144.23 -192.086 388.303 519.086 976.293 48.1077 1 0 0
0.249 -144.333 -193.006 387.294 520.409 975.745 47.9318 1 0 0
0.248 -144.436 -193.932 386.286 521.734 975.201 47.7558 1 0 0
0.247 -144.537 -194.862 385.278 523.062 974.66 47.5796 1 0 0
0.246 -144.637 -195.798 384.271 524.393 974.122 47.4034 1 0 0
0.245 -144.736 -196.74 383.265 525.725 973.587 47.227 1 0 0
0.244 -144.833 -197.687 382.259 527.061 973.056 47.0506 1 0 0
0.243 -144.93 -198.639 381.254 528.398 972.527 46.874 1 0 0
0.242 -145.025 -199.597 380.249 529.738 972.002 46.6973 1 0 0
0.241 -145.119 -200.562 379.245 531.081 971.48 46.5205 1 0 0
0.24 -145.212 -201.531 378.242 532.425 970.961 46.3435 1 0 0
0.239 -145.303 -202.507 377.239 533.772 970.445 46.1665 1 0 0
0.238 -145.394 -203.489 376.237 535.122 969.932 45.9893 1 0 0
0.237 -145.483 -204.477 375.236 536.474 969.423 45.812 1 0 0
0.236 -145.571 -205.472 374.235 537.828 968.916 45.6346 1 0 0
0.235 -145.658 -206.472 373.235 539.185 968.413 45.4571 1 0 0
0.234 -145.744 -207.479 372.236 540.543 967.912 45.2795 1 0 0
0.233 -145.829 -208.493 371.237 541.905 967.415 45.1017 1 0 0
0.232 -145.913 -209.513 370.238 543.268 966.921 44.9239 1 0 0
0.231 -145.995 -210.539 369.24 544.634 966.43 44.7459 1 0 0
0.23 -146.077 -211.573 368.243 546.002 965.942 44.5678 1 0 0
0.229 -146.157 -212.614 367.247 547.373 965.457 44.3895 1 0 0
0.228 -146.236 -213.661 366.251 548.746 964.975 44.2112 1 0 0
0.227 -146.315 -214.716 365.255 550.121 964.496 44.0327 1 0 0
0.226 -146.392 -215.778 364.26 551.498 964.021 43.8542 1 0 0
0.225 -146.468 -216.847 363.266 552.878 963.548 43.6755 1 0 0
0.224 -146.543 -217.923 362.272 554.26 963.078 43.4966 1 0 0
0.223 -146.617 -219.007 361.279 555.644 962.611 43.3177 1 0 0
0.222 -146.69 -220.099 360.287 557.031 962.148 43.1386 1 0 0
0.221 -146.762 -221.199 359.295 558.42 961.687 42.9594 1 0 0
0.22 -146.833 -222.306 358.303 559.811 961.229 42.7801 1 0 0
0.219 -146.903 -223.422 357.312 561.204 960.774 42.6007 1 0 0
0.218 -146.972 -224.546 356.322 562.6 960.323 42.4212 1 0 0
0.217 -147.04 -225.678 355.332 563.998 959.874 42.2415 1 0 0
0.216 -147.107 -226.818 354.343 565.398 959.428 42.0617 1 0 0
0.215 -147.173 -227.967 353.355 566.8 958.985 41.8818 1 0 0
0.214 -147.238 -229.125 352.367 568.205 958.545 41.7018 1 0 0
0.213 -147.302 -230.291 351.379 569.612 958.108 41.5216 1 0 0
0.212 -147.365 -231.466 350.392 571.021 957.674 41.3413 1 0 0
0.211 -147.427 -232.651 349.405 572.432 957.243 41.1609 1 0 0
0.21 -147.488 -233.845 348.42 573.846 956.815 40.9804 1 0 0
0.209 -147.549 -235.048 347.434 575.261 956.39 40.7997 1 0 0
0.208 -147.608 -236.26 346.449 576.679 955.967 40.619 1 0 0
0.207 -147.667 -237.483 345.465 578.099 955.548 40.4381 1 0 0
0.206 -147.724 -238.715 344.481 579.522 955.132 40.257 1 0 0
0.205 -147.781 -239.957 343.498 580.946 954.718 40.0759 1 0 0
0.204 -147.836 -241.209 342.515 582.373 954.307 39.8946 1 0 0
0.203 -147.891 -242.472 341.533 583.802 953.9 39.7132 1 0 0
0.202 -147.945 -243.745 340.551 585.234 953.495 39.5317 1 0 0
0.201 -147.998 -245.029 339.57 586.667 953.093 39.35 1 0 0
0.2 -148.05 -246.323 338.589 588.103 952.694 39.1682 1 0 0
0.199 -148.102 -247.629 337.609 589.541 952.298 38.9863 1 0 0
0.198 -148.152 -248.946 336.629 590.981 951.904 38.8043 1 0 0
0.197 -148.202 -250.274 335.65 592.423 951.514 38.6221 1 0 0
0.196 -148.251 -251.614 334.671 593.868 951.126 38.4399 1 0 0
0.195 -148.299 -252.965 333.693 595.314 950.742 38.2574 1 0 0
0.194 -148.346 -254.329 332.716 596.763 950.36 38.0749 1 0 0
0.193 -148.392 -255.704 331.738 598.214 949.981 37.8922 1 0 0
0.192 -148.437 -257.092 330.762 599.668 949.605 37.7094 1 0 0
0.191 -148.482 -258.493 329.785 601.123 949.232 37.5265 1 0 0
0.19 -148.526 -259.906 328.81 602.581 948.861 37.3434 1 0 0
0.189 -148.569 -261.333 327.834 604.041 948.494 37.1602 1 0 0
0.188 -148.611 -262.772 326.86 605.503 948.129 36.9769 1 0 0
0.187 -148.653 -264.225 325.885 606.967 947.767 36.7935 1 0 0
0.186 -148.693 -265.692 324.911 608.434 947.408 36.6099 1 0 0
0.185 -148.733 -267.173 323.938 609.903 947.052 36.4262 1 0 0
0.184 -148.773 -268.668 322.965 611.374 946.698 36.2423 1 0 0
0.183 -148.811 -270.177 321.993 612.847 946.348 36.0584 1 0 0
0.182 -148.849 -271.701 321.021 614.322 946 35.8743 1 0 0
0.181 -148.885 -273.24 320.049 615.8 945.655 35.69 1 0 0
0.18 -148.922 -274.794 319.078 617.28 945.313 35.5057 1 0 0
0.179 -148.957 -276.363 318.107 618.762 944.974 35.3212 1 0 0
0.178 -148.992 -277.948 317.137 620.246 944.638 35.1365 1 0 0
0.177 -149.026 -279.55 316.168 621.733 944.304 34.9518 1 0 0
0.176 -149.059 -281.167 315.198 623.222 943.974 34.7669 1 0 0
0.175 -149.091 -282.801 314.23 624.713 943.646 34.5819 1 0 0
0.174 -149.123 -284.452 313.261 626.206 943.321 34.3967 1 0 0
0.173 -149.154 -286.121 312.293 627.702 942.999 34.2114 1 0 0
0.172 -149.185 -287.806 311.326 629.199 942.679 34.026 1 0 0
0.171 -149.215 -289.51 310.359 630.699 942.363 33.8404 1 0 0
0.17 -149.244 -291.232 309.392 632.202 942.049 33.6548 1 0 0
0.169 -149.272 -292.972 308.426 633.706 941.738 33.4689 1 0 0
0.168 -149.3 -294.732 307.46 635.213 941.43 33.283 1 0 0
0.167 -149.327 -296.51 306.495 636.722 941.125 33.0969 1 0 0
0.166 -149.353 -298.308 305.53 638.234 940.823 32.9107 1 0 0
0.165 -149.379 -300.126 304.565 639.748 940.523 32.7243 1 0 0
0.164 -149.404 -301.965 303.601 641.264 940.227 32.5378 1 0 0
0.163 -149.428 -303.824 302.637 642.782 939.933 32.3512 1 0 0
0.162 -149.452 -305.704 301.674 644.303 939.642 32.1644 1 0 0
0.161 -149.475 -307.606 300.711 645.826 939.354 31.9775 1 0 0
0.16 -149.498 -309.53 299.749 647.351 939.068 31.7905 1 0 0
0.159 -149.52 -311.476 298.787 648.879 938.786 31.6033 1 0 0
0.158 -149.541 -313.445 297.825 650.409 938.507 31.416 1 0 0
0.157 -149.562 -315.438 296.864 651.941 938.23 31.2286 1 0 0
0.156 -149.582 -317.454 295.903 653.476 937.956 31.041 1 0 0
0.155 -149.601 -319.494 294.943 655.013 937.685 30.8533 1 0 0
0.154 -149.62 -321.56 293.983 656.553 937.417 30.6655 1 0 0
0.153 -149.639 -323.65 293.023 658.094 937.152 30.4775 1 0 0
0.152 -149.656 -325.766 292.064 659.639 936.89 30.2894 1 0 0
0.151 -149.674 -327.909 291.105 661.185 936.63 30.1011 1 0 0
0.15 -149.69 -330.078 290.146 662.734 936.374 29.9128 1 0 0
0.149 -149.706 -332.275 289.188 664.286 936.12 29.7242 1 0 0
0.148 -149.722 -334.5 288.23 665.84 935.869 29.5356 1 0 0
0.147 -149.736 -336.753 287.273 667.396 935.622 29.3468 1 0 0
0.146 -149.751 -339.036 286.316 668.955 935.377 29.1579 1 0 0
0.145 -149.765 -341.348 285.359 670.517 935.135 28.9688 1 0 0
0.144 -149.778 -343.691 284.403 672.081 934.896 28.7796 1 0 0
0.143 -149.79 -346.065 283.447 673.647 934.66 28.5903 1 0 0
0.142 -149.803 -348.471 282.491 675.216 934.427 28.4008 1 0 0
0.141 -149.814 -350.909 281.536 676.787 934.196 28.2112 1 0 0
0.14 -149.825 -353.38 280.581 678.361 933.969 28.0215 1 0 0
0.139 -149.836 -355.886 279.627 679.938 933.745 27.8316 1 0 0
0.138 -149.846 -358.425 278.672 681.517 933.524 27.6416 1 0 0
0.137 -149.856 -361.001 277.719 683.098 933.305 27.4514 1 0 0
0.136 -149.865 -363.613 276.765 684.682 933.09 27.2611 1 0 0
0.135 -149.873 -366.262 275.812 686.269 932.878 27.0707 1 0 0
0.134 -149.882 -368.948 274.859 687.859 932.669 26.8802 1 0 0
0.133 -149.889 -371.674 273.907 689.451 932.462 26.6895 1 0 0
0.132 -149.896 -374.439 272.955 691.046 932.259 26.4987 1 0 0
0.131 -149.903 -377.246 272.003 692.643 932.059 26.3077 1 0 0
0.13 -149.909 -380.093 271.051 694.243 931.862 26.1166 1 0 0
0.129 -149.915 -382.984 270.1 695.846 931.668 25.9254 1 0 0
0.128 -149.92 -385.918 269.149 697.451 931.477 25.734 1 0 0
0.127 -149.925 -388.896 268.199 699.06 931.289 25.5425 1 0 0
0.126 -149.929 -391.921 267.249 700.671 931.104 25.3509 1 0 0
0.125 -149.933 -394.992 266.299 702.284 930.923 25.1591 1 0 0
0.124 -149.937 -398.112 265.349 703.901 930.744 24.9672 1 0 0
0.123 -149.94 -401.281 264.4 705.52 930.569 24.7752 1 0 0
0.122 -149.942 -404.5 263.451 707.143 930.397 24.583 1 0 0
0.121 -149.945 -407.771 262.502 708.768 930.228 24.3907 1 0 0
0.12 -149.946 -411.096 261.554 710.396 930.062 24.1983 1 0 0
0.119 -149.948 -414.475 260.606 712.027 929.899 24.0057 1 0 0
0.118 -149.949 -417.909 259.658 713.66 929.74 23.813 1 0 0
0.117 -149.949 -421.401 258.71 715.297 929.583 23.6202 1 0 0
0.116 -149.949 -424.952 257.763 716.937 929.43 23.4272 1 0 0
0.115 -149.949 -428.564 256.816 718.579 929.281 23.2341 1 0 0
0.114 -149.948 -432.237 255.87 720.225 929.134 23.0409 1 0 0
0.113 -149.947 -435.974 254.923 721.874 928.991 22.8475 1 0 0
0.112 -149.946 -439.777 253.977 723.525 928.851 22.654 1 0 0
0.111 -149.944 -443.647 253.032 725.18 928.715 22.4604 1 0 0
0.11 -149.942 -447.586 252.086 726.838 928.581 22.2666 1 0 0
0.109 -149.939 -451.596 251.141 728.499 928.451 22.0727 1 0 0
0.108 -149.937 -455.679 250.196 730.163 928.325 21.8787 1 0 0
0.107 -149.933 -459.837 249.251 731.83 928.202 21.6845 1 0 0
0.106 -149.93 -464.073 248.306 733.501 928.082 21.4903 1 0 0
0.105 -149.926 -468.388 247.362 735.175 927.966 21.2958 1 0 0
0.104 -149.922 -472.785 246.418 736.852 927.853 21.1013 1 0 0
0.103 -149.917 -477.267 245.475 738.532 927.744 20.9066 1 0 0
0.102 -149.912 -481.835 244.531 740.215 927.638 20.7118 1 0 0
0.101 -149.907 -486.493 243.588 741.902 927.536 20.5169 1 0 0
0.1 -149.901 -491.242 242.645 743.593 927.437 20.3218 1 0 0
0.099 -149.895 -496.087 241.702 745.286 927.342 20.1266 1 0 0
0.098 -149.889 -501.03 240.759 746.983 927.25 19.9313 1 0 0
0.097 -149.882 -506.073 239.817 748.684 927.162 19.7358 1 0 0
0.096 -149.876 -511.221 238.875 750.388 927.078 19.5402 1 0 0
0.095 -149.868 -516.477 237.933 752.096 926.997 19.3445 1 0 0
0.094 -149.861 -521.843 236.992 753.807 926.92 19.1487 1 0 0
0.093 -149.853 -527.324 236.05 755.522 926.846 18.9527 1 0 0
0.092 -149.845 -532.923 235.109 757.24 926.777 18.7566 1 0 0
0.091 -149.837 -538.645 234.168 758.962 926.711 18.5604 1 0 0
0.09 -149.829 -544.493 233.227 760.688 926.649 18.3641 1 0 0
0.089 -149.82 -550.472 232.286 762.417 926.59 18.1676 1 0 0
0.088 -149.811 -556.586 231.346 764.15 926.536 17.971 1 0 0
0.087 -149.802 -562.84 230.406 765.887 926.485 17.7743 1 0 0
0.086 -149.792 -569.238 229.466 767.628 926.438 17.5774 1 0 0
0.085 -149.782 -575.787 228.526 769.373 926.395 17.3804 1 0 0
0.084 -149.772 -582.492 227.586 771.122 926.356 17.1833 1 0 0
0.083 -149.762 -589.357 226.647 772.875 926.322 16.9861 1 0 0
0.082 -149.752 -596.39 225.708 774.631 926.291 16.7888 1 0 0
0.081 -149.741 -603.595 224.768 776.392 926.264 16.5913 1 0 0
0.08 -149.73 -610.981 223.829 778.157 926.241 16.3937 1 0 0
0.079 -149.719 -618.553 222.891 779.926 926.222 16.1959 1 0 0
0.078 -149.708 -626.319 221.952 781.699 926.207 15.9981 1 0 0
0.077 -149.696 -634.287 221.014 783.476 926.197 15.8001 1 0 0
0.076 -149.685 -642.465 220.075 785.258 926.191 15.602 1 0 0
0.075 -149.673 -650.86 219.137 787.044 926.188 15.4038 1 0 0
0.074 -149.661 -659.482 218.199 788.834 926.191 15.2054 1 0 0
0.073 -149.649 -668.341 217.261 790.629 926.197 15.0069 1 0 0
0.072 -149.636 -677.446 216.323 792.428 926.208 14.8083 1 0 0
0.071 -149.624 -686.807 215.386 794.232 926.223 14.6096 1 0 0
0.07 -149.611 -696.436 214.448 796.04 926.243 14.4107 1 0 0
0.069 -149.599 -706.345 213.511 797.853 926.267 14.2118 1 0 0
0.068 -149.586 -716.545 212.574 799.671 926.295 14.0127 1 0 0
0.067 -149.573 -727.051 211.637 801.493 926.328 13.8134 1 0 0
0.066 -149.56 -737.875 210.7 803.321 926.366 13.6141 1 0 0
0.065 -149.546 -749.033 209.763 805.153 926.408 13.4146 1 0 0
0.064 -149.533 -760.54 208.826 806.99 926.455 13.215 1 0 0
0.063 -149.519 -772.413 207.889 808.832 926.506 13.0153 1 0 0
0.062 -149.506 -784.67 206.953 810.679 926.562 12.8154 1 0 0
0.061 -149.492 -797.33 206.016 812.531 926.623 12.6154 1 0 0
0.06 -149.478 -810.414 205.08 814.388 926.689 12.4153 1 0 0
0.059 -149.465 -823.941 204.143 816.25 926.76 12.2151 1 0 0
0.058 -149.451 -837.937 203.207 818.118 926.835 12.0147 1 0 0
0.057 -149.437 -852.425 202.271 819.991 926.916 11.8142 1 0 0
0.056 -149.423 -867.432 201.335 821.87 927.001 11.6136 1 0 0
0.055 -149.409 -882.986 200.399 823.754 927.091 11.4128 1 0 0
0.054 -149.395 -899.118 199.463 825.644 927.187 11.2119 1 0 0
0.053 -149.381 -915.86 198.527 827.539 927.287 11.0109 1 0 0
0.052 -149.367 -933.249 197.591 829.44 927.393 10.8098 1 0 0
0.051 -149.352 -951.321 196.655 831.347 927.504 10.6085 1 0 0
0.05 -149.338 -970.119 195.719 833.26 927.62 10.407 1 0 0
0.049 -149.324 -989.686 194.784 835.179 927.741 10.2055 1 0 0
0.048 -149.31 -1010.07 193.848 837.103 927.868 10.0038 1 0 0
0.047 -149.296 -1031.33 192.912 839.034 928 9.80194 1 0 0
0.046 -149.282 -1053.51 191.976 840.972 928.138 9.59996 1 0 0
0.045 -149.268 -1076.68 191.041 842.915 928.281 9.39784 1 0 0
0.044 -149.254 -1100.91 190.105 844.865 928.43 9.19557 1 0 0
0.043 -149.24 -1126.27 189.169 846.822 928.584 8.99316 1 0 0
0.042 -149.226 -1152.84 188.234 848.785 928.744 8.79059 1 0 0
0.041 -149.213 -1180.71 187.298 850.755 928.909 8.58787 1 0 0
0.04 -149.199 -1209.97 186.362 852.731 929.08 8.385 1 0 0
0.039 -149.185 -1240.75 185.427 854.715 929.257 8.18196 1 0 0
0.038 -149.172 -1273.14 184.491 856.705 929.44 7.97877 1 0 0
0.037 -149.159 -1307.3 183.555 858.703 929.628 7.77541 1 0 0
0.036 -149.146 -1343.35 182.619 860.708 929.823 7.57189 1 0 0
0.035 -149.133 -1381.48 181.683 862.72 930.023 7.36819 1 0 0
0.034 -149.12 -1421.85 180.747 864.74 930.229 7.16431 1 0 0
0.033 -149.107 -1464.67 179.811 866.767 930.442 6.96026 1 0 0
0.032 -149.094 -1510.18 178.875 868.803 930.66 6.75601 1 0 0
0.031 -149.082 -1558.63 177.939 870.845 930.884 6.55157 1 0 0
0.03 -149.07 -1610.32 177.003 872.896 931.114 6.34694 1 0 0
0.029 -149.058 -1665.58 176.067 874.956 931.351 6.1421 1 0 0
0.028 -149.046 -1724.79 175.131 877.023 931.593 5.93704 1 0 0
0.027 -149.035 -1788.4 174.194 879.099 931.842 5.73177 1 0 0
0.026 -149.023 -1856.92 173.258 881.183 932.097 5.52627 1 0 0
0.025 -149.012 -1930.92 172.321 883.276 932.357 5.32052 1 0 0
0.024 -149.002 -2011.11 171.385 885.378 932.624 5.11453 1 0 0
0.023 -148.991 -2098.27 170.448 887.489 932.897 4.90828 1 0 0
0.022 -148.981 -2193.38 169.511 889.609 933.175 4.70175 1 0 0
0.021 -148.971 -2297.56 168.574 891.738 933.46 4.49494 1 0 0
0.02 -148.962 -2412.16 167.637 893.877 933.75 4.28782 1 0 0
0.019 -148.953 -2538.85 166.699 896.026 934.046 4.08039 1 0 0
0.018 -148.944 -2679.63 165.762 898.185 934.347 3.87261 1 0 0
0.017 -148.935 -2836.99 164.825 900.353 934.654 3.66446 1 0 0
0.016 -148.927 -3014.04 163.887 902.532 934.965 3.45594 1 0 0
0.015 -148.92 -3214.72 162.949 904.722 935.282 3.24699 1 0 0
0.014 -148.913 -3444.09 162.011 906.922 935.602 3.0376 1 0 0
0.013 -148.906 -3708.77 161.073 909.133 935.926 2.82772 1 0 0
0.012 -148.899 -4017.59 160.134 911.356 936.254 2.6173 1 0 0
0.011 -148.894 -4382.59 159.196 913.59 936.584 2.40631 1 0 0
0.01 -148.888 -4820.63 158.257 915.835 936.915 2.19468 1 0 0
0.009 -148.883 -5356.04 157.319 918.093 937.247 1.98232 1 0 0
0.008 -148.879 -6025.34 156.38 920.362 937.577 1.76916 1 0 0
0.007 -148.875 -6885.93 155.44 922.644 937.903 1.55508 1 0 0
0.006 -148.872 -8033.42 154.501 924.939 938.222 1.33992 1 0 0
0.005 -148.869 -9639.99 153.562 927.248 938.53 1.1235 1 0 0
0.004 -148.867 -12049.9 152.622 929.569 938.82 0.905525 1 0 0
0.003 -148.865 -16066.5 151.683 931.905 939.08 0.685592 1 0 0
0.002 -148.864 -24099.9 150.743 934.255 939.29 0.463001 1 0 0
0.001 -148.864 -48200.1 149.803 936.62 939.396 0.236342 1 0 0
