1 479.682 312.707 1313.08 109.376 1792.76 165.512 0.691926 0.308074 0
0.999 478.486 312.166 1311.27 109.58 1791.55 165.462 0.692225 0.307775 0
0.998 477.291 311.625 1309.46 109.784 1790.34 165.412 0.692523 0.307477 0
0.997 476.098 311.084 1307.66 109.988 1789.13 165.361 0.692823 0.307177 0
0.996 474.906 310.544 1305.86 110.193 1787.92 165.311 0.693123 0.306877 0
0.995 473.715 310.003 1304.06 110.398 1786.7 165.26 0.693423 0.306577 0
0.994 472.526 309.463 1302.26 110.603 1785.49 165.21 0.693724 0.306276 0
0.993 471.338 308.923 1300.46 110.809 1784.28 165.16 0.694026 0.305974 0
0.992 470.151 308.382 1298.66 111.015 1783.07 165.109 0.694328 0.305672 0
0.991 468.966 307.843 1296.86 111.221 1781.86 165.058 0.694631 0.305369 0
0.99 467.782 307.303 1295.07 111.428 1780.65 165.008 0.694934 0.305066 0
0.989 466.599 306.763 1293.27 111.635 1779.44 164.957 0.695238 0.304762 0
0.988 465.418 306.223 1291.48 111.842 1778.23 164.907 0.695543 0.304457 0
0.987 464.238 305.684 1289.69 112.05 1777.02 164.856 0.695848 0.304152 0
0.986 463.059 305.145 1287.89 112.258 1775.82 164.805 0.696153 0.303847 0
0.985 461.882 304.606 1286.11 112.466 1774.61 164.754 0.696459 0.303541 0
0.984 460.706 304.067 1284.32 112.675 1773.4 164.704 0.696766 0.303234 0
0.983 459.531 303.528 1282.53 112.884 1772.19 164.653 0.697073 0.302927 0
0.982 458.358 302.989 1280.74 113.094 1770.98 164.602 0.697381 0.302619 0
0.981 457.186 302.45 1278.96 113.303 1769.77 164.551 0.697689 0.302311 0
0.98 456.015 301.912 1277.17 113.513 1768.56 164.5 0.697998 0.302002 0
0.979 454.846 301.374 1275.39 113.724 1767.35 164.449 0.698308 0.301692 0
0.978 453.678 300.835 1273.61 113.935 1766.14 164.398 0.698618 0.301382 0
0.977 452.511 300.297 1271.83 114.146 1764.94 164.347 0.698929 0.301071 0
0.976 451.346 299.759 1270.05 114.357 1763.73 164.296 0.69924 0.30076 0
0.975 450.182 299.221 1268.27 114.569 1762.52 164.245 0.699552 0.300448 0
0.974 449.019 298.684 1266.5 114.781 1761.31 164.193 0.699864 0.300136 0
0.973 447.858 298.146 1264.72 114.994 1760.1 164.142 0.700177 0.299823 0
0.972 446.698 297.609 1262.95 115.207 1758.9 164.091 0.700491 0.299509 0
0.971 445.539 297.072 1261.18 115.42 1757.69 164.04 0.700805 0.299195 0
0.97 444.382 296.534 1259.4 115.634 1756.48 163.988 0.70112 0.29888 0
0.969 443.226 295.997 1257.63 115.848 1755.27 163.937 0.701435 0.298565 0
0.968 442.071 295.461 1255.86 116.062 1754.07 163.885 0.701751 0.298249 0
0.967 440.918 294.924 1254.1 116.277 1752.86 163.834 0.702068 0.297932 0
0.966 439.766 294.387 1252.33 116.492 1751.65 163.783 0.702385 0.297615 0
0.965 438.615 293.851 1250.56 116.707 1750.44 163.731 0.702703 0.297297 0
0.964 437.466 293.315 1248.8 116.923 1749.24 163.679 0.703021 0.296979 0
0.963 436.318 292.778 1247.04 117.139 1748.03 163.628 0.70334 0.29666 0
0.962 435.172 292.242 1245.27 117.356 1746.83 163.576 0.703659 0.296341 0
0.961 434.026 291.707 1243.51 117.573 1745.62 163.524 0.70398 0.29602 0
0.96 432.882 291.171 1241.75 117.79 1744.41 163.473 0.7043 0.2957 0
0.959 431.74 290.635 1240 118.007 1743.21 163.421 0.704622 0.295378 0
0.958 430.599 290.1 1238.24 118.225 1742 163.369 0.704944 0.295056 0
0.957 429.459 289.564 1236.48 118.444 1740.8 163.317 0.705266 0.294734 0
0.956 428.32 289.029 1234.73 118.662 1739.59 163.265 0.705589 0.294411 0
0.955 427.183 288.494 1232.97 118.881 1738.38 163.213 0.705913 0.294087 0
0.954 426.047 287.959 1231.22 119.101 1737.18 163.161 0.706238 0.293762 0
0.953 424.913 287.425 1229.47 119.321 1735.97 163.109 0.706563 0.293437 0
0.952 423.78 286.89 1227.72 119.541 1734.77 163.057 0.706888 0.293112 0
0.951 422.648 286.356 1225.97 119.762 1733.56 163.005 0.707215 0.292785 0
0.95 421.517 285.821 1224.22 119.982 1732.36 162.953 0.707541 0.292459 0
0.949 420.388 285.287 1222.48 120.204 1731.15 162.901 0.707869 0.292131 0
0.948 419.26 284.753 1220.73 120.426 1729.95 162.849 0.708197 0.291803 0
0.947 418.134 284.219 1218.99 120.648 1728.75 162.796 0.708526 0.291474 0
0.946 417.009 283.685 1217.24 120.87 1727.54 162.744 0.708855 0.291145 0
0.945 415.885 283.152 1215.5 121.093 1726.34 162.692 0.709185 0.290815 0
0.944 414.763 282.618 1213.76 121.316 1725.13 162.639 0.709516 0.290484 0
0.943 413.642 282.085 1212.02 121.54 1723.93 162.587 0.709847 0.290153 0
0.942 412.522 281.552 1210.29 121.764 1722.73 162.535 0.710179 0.289821 0
0.941 411.404 281.019 1208.55 121.988 1721.52 162.482 0.710511 0.289489 0
0.94 410.287 280.486 1206.81 122.213 1720.32 162.429 0.710845 0.289155 0
0.939 409.171 279.953 1205.08 122.438 1719.12 162.377 0.711178 0.288822 0
0.938 408.057 279.421 1203.34 122.664 1717.91 162.324 0.711513 0.288487 0
0.937 406.944 278.888 1201.61 122.89 1716.71 162.272 0.711848 0.288152 0
0.936 405.832 278.356 1199.88 123.116 1715.51 162.219 0.712184 0.287816 0
0.935 404.722 277.824 1198.15 123.343 1714.3 162.166 0.71252 0.28748 0
0.934 403.613 277.292 1196.42 123.57 1713.1 162.113 0.712857 0.287143 0
0.933 402.506 276.76 1194.7 123.798 1711.9 162.06 0.713195 0.286805 0
0.932 401.399 276.228 1192.97 124.025 1710.7 162.007 0.713533 0.286467 0
0.931 400.295 275.697 1191.25 124.254 1709.5 161.954 0.713872 0.286128 0
0.93 399.191 275.165 1189.52 124.483 1708.29 161.902 0.714212 0.285788 0
0.929 398.089 274.634 1187.8 124.712 1707.09 161.848 0.714552 0.285448 0
0.928 396.988 274.103 1186.08 124.941 1705.89 161.795 0.714893 0.285107 0
0.927 395.889 273.572 1184.36 125.171 1704.69 161.742 0.715234 0.284766 0
0.926 394.791 273.041 1182.64 125.401 1703.49 161.689 0.715577 0.284423 0
0.925 393.694 272.511 1180.92 125.632 1702.29 161.636 0.715919 0.284081 0
0.924 392.599 271.98 1179.2 125.863 1701.09 161.583 0.716263 0.283737 0
0.923 391.505 271.45 1177.49 126.095 1699.88 161.529 0.716607 0.283393 0
0.922 390.412 270.92 1175.77 126.327 1698.68 161.476 0.716952 0.283048 0
0.921 389.321 270.389 1174.06 126.559 1697.48 161.423 0.717298 0.282702 0
0.92 388.231 269.86 1172.35 126.792 1696.28 161.369 0.717644 0.282356 0
0.919 387.142 269.33 1170.64 127.025 1695.08 161.316 0.717991 0.282009 0
0.918 386.055 268.8 1168.93 127.259 1693.88 161.262 0.718338 0.281662 0
0.917 384.969 268.271 1167.22 127.493 1692.68 161.209 0.718687 0.281313 0
0.916 383.885 267.742 1165.51 127.727 1691.48 161.155 0.719036 0.280964 0
0.915 382.801 267.212 1163.81 127.962 1690.28 161.101 0.719385 0.280615 0
0.914 381.72 266.684 1162.1 128.198 1689.09 161.048 0.719735 0.280265 0
0.913 380.639 266.155 1160.4 128.433 1687.89 160.994 0.720086 0.279914 0
0.912 379.56 265.626 1158.7 128.669 1686.69 160.94 0.720438 0.279562 0
0.911 378.482 265.098 1157 128.906 1685.49 160.886 0.72079 0.27921 0
0.91 377.406 264.569 1155.3 129.143 1684.29 160.832 0.721144 0.278856 0
0.909 376.331 264.041 1153.6 129.38 1683.09 160.778 0.721497 0.278503 0
0.908 375.257 263.513 1151.9 129.618 1681.89 160.724 0.721852 0.278148 0
0.907 374.185 262.985 1150.21 129.857 1680.69 160.67 0.722207 0.277793 0
0.906 373.114 262.457 1148.51 130.095 1679.5 160.616 0.722563 0.277437 0
0.905 372.045 261.93 1146.82 130.334 1678.3 160.562 0.722919 0.277081 0
0.904 370.976 261.402 1145.12 130.574 1677.1 160.508 0.723276 0.276724 0
0.903 369.91 260.875 1143.43 130.814 1675.9 160.454 0.723634 0.276366 0
0.902 368.844 260.348 1141.74 131.054 1674.71 160.4 0.723993 0.276007 0
0.901 367.78 259.821 1140.05 131.295 1673.51 160.345 0.724352 0.275648 0
0.9 366.717 259.294 1138.36 131.537 1672.31 160.291 0.724712 0.275288 0
0.899 365.656 258.768 1136.68 131.778 1671.12 160.236 0.725073 0.274927 0
0.898 364.596 258.241 1134.99 132.02 1669.92 160.182 0.725434 0.274566 0
0.897 363.537 257.715 1133.31 132.263 1668.72 160.127 0.725796 0.274204 0
0.896 362.48 257.189 1131.62 132.506 1667.53 160.073 0.726159 0.273841 0
0.895 361.424 256.663 1129.94 132.75 1666.33 160.018 0.726523 0.273477 0
0.894 360.369 256.137 1128.26 132.994 1665.13 159.964 0.726887 0.273113 0
0.893 359.316 255.612 1126.58 133.238 1663.94 159.909 0.727252 0.272748 0
0.892 358.264 255.086 1124.9 133.483 1662.74 159.854 0.727618 0.272382 0
0.891 357.214 254.561 1123.23 133.728 1661.55 159.799 0.727984 0.272016 0
0.89 356.165 254.036 1121.55 133.974 1660.35 159.745 0.728352 0.271648 0
0.889 355.117 253.511 1119.87 134.22 1659.16 159.69 0.728719 0.271281 0
0.888 354.071 252.986 1118.2 134.467 1657.96 159.635 0.729088 0.270912 0
0.887 353.026 252.461 1116.53 134.714 1656.77 159.58 0.729457 0.270543 0
0.886 351.982 251.937 1114.86 134.962 1655.57 159.525 0.729828 0.270172 0
0.885 350.94 251.412 1113.19 135.21 1654.38 159.47 0.730198 0.269802 0
0.884 349.899 250.888 1111.52 135.458 1653.19 159.414 0.73057 0.26943 0
0.883 348.859 250.364 1109.85 135.707 1651.99 159.359 0.730942 0.269058 0
0.882 347.821 249.84 1108.18 135.956 1650.8 159.304 0.731315 0.268685 0
0.881 346.784 249.317 1106.52 136.206 1649.61 159.249 0.731689 0.268311 0
0.88 345.749 248.793 1104.85 136.457 1648.41 159.193 0.732064 0.267936 0
0.879 344.715 248.27 1103.19 136.707 1647.22 159.138 0.732439 0.267561 0
0.878 343.682 247.746 1101.53 136.959 1646.03 159.082 0.732815 0.267185 0
0.877 342.651 247.223 1099.87 137.21 1644.83 159.027 0.733192 0.266808 0
0.876 341.621 246.701 1098.21 137.463 1643.64 158.971 0.733569 0.266431 0
0.875 340.593 246.178 1096.55 137.715 1642.45 158.916 0.733948 0.266052 0
0.874 339.565 245.655 1094.89 137.969 1641.26 158.86 0.734327 0.265673 0
0.873 338.54 245.133 1093.24 138.222 1640.07 158.804 0.734707 0.265293 0
0.872 337.515 244.611 1091.58 138.476 1638.87 158.749 0.735087 0.264913 0
0.871 336.492 244.089 1089.93 138.731 1637.68 158.693 0.735469 0.264531 0
0.87 335.471 243.567 1088.28 138.986 1636.49 158.637 0.735851 0.264149 0
0.869 334.45 243.045 1086.63 139.242 1635.3 158.581 0.736234 0.263766 0
0.868 333.431 242.524 1084.98 139.498 1634.11 158.525 0.736617 0.263383 0
0.867 332.414 242.003 1083.33 139.754 1632.92 158.469 0.737002 0.262998 0
0.866 331.398 241.481 1081.68 140.011 1631.73 158.413 0.737387 0.262613 0
0.865 330.383 240.96 1080.03 140.269 1630.54 158.357 0.737773 0.262227 0
0.864 329.369 240.44 1078.39 140.527 1629.35 158.301 0.738159 0.261841 0
0.863 328.357 239.919 1076.74 140.785 1628.16 158.244 0.738547 0.261453 0
0.862 327.347 239.399 1075.1 141.044 1626.97 158.188 0.738935 0.261065 0
0.861 326.337 238.878 1073.46 141.304 1625.78 158.132 0.739324 0.260676 0
0.86 325.33 238.358 1071.82 141.564 1624.59 158.075 0.739714 0.260286 0
0.859 324.323 237.838 1070.18 141.824 1623.4 158.019 0.740105 0.259895 0
0.858 323.318 237.318 1068.54 142.085 1622.21 157.962 0.740496 0.259504 0
0.857 322.314 236.799 1066.9 142.346 1621.02 157.906 0.740889 0.259111 0
0.856 321.312 236.279 1065.27 142.608 1619.83 157.849 0.741282 0.258718 0
0.855 320.311 235.76 1063.63 142.871 1618.65 157.792 0.741676 0.258324 0
0.854 319.311 235.241 1062 143.134 1617.46 157.736 0.74207 0.25793 0
0.853 318.313 234.722 1060.37 143.397 1616.27 157.679 0.742466 0.257534 0
0.852 317.316 234.203 1058.74 143.661 1615.08 157.622 0.742862 0.257138 0
0.851 316.321 233.685 1057.11 143.926 1613.9 157.565 0.743259 0.256741 0
0.85 315.327 233.166 1055.48 144.191 1612.71 157.508 0.743657 0.256343 0
0.849 314.334 232.648 1053.85 144.456 1611.52 157.451 0.744055 0.255945 0
0.848 313.343 232.13 1052.22 144.722 1610.34 157.394 0.744455 0.255545 0
0.847 312.353 231.612 1050.6 144.989 1609.15 157.337 0.744855 0.255145 0
0.846 311.364 231.095 1048.97 145.256 1607.96 157.28 0.745256 0.254744 0
0.845 310.377 230.577 1047.35 145.524 1606.78 157.222 0.745658 0.254342 0
0.844 309.391 230.06 1045.73 145.792 1605.59 157.165 0.746061 0.253939 0
0.843 308.407 229.543 1044.11 146.06 1604.41 157.108 0.746465 0.253535 0
0.842 307.424 229.026 1042.49 146.33 1603.22 157.05 0.746869 0.253131 0
0.841 306.442 228.509 1040.87 146.599 1602.04 156.993 0.747274 0.252726 0
0.84 305.462 227.993 1039.25 146.869 1600.85 156.935 0.74768 0.25232 0
0.839 304.483 227.476 1037.64 147.14 1599.67 156.878 0.748087 0.251913 0
0.838 303.506 226.96 1036.02 147.411 1598.48 156.82 0.748495 0.251505 0
0.837 302.53 226.444 1034.41 147.683 1597.3 156.762 0.748903 0.251097 0
0.836 301.555 225.928 1032.8 147.956 1596.11 156.705 0.749313 0.250687 0
0.835 300.582 225.412 1031.19 148.228 1594.93 156.647 0.749723 0.250277 0
0.834 299.61 224.897 1029.58 148.502 1593.75 156.589 0.750134 0.249866 0
0.833 298.639 224.381 1027.97 148.776 1592.56 156.531 0.750546 0.249454 0
0.832 297.67 223.866 1026.36 149.05 1591.38 156.473 0.750959 0.249041 0
0.831 296.703 223.351 1024.75 149.325 1590.2 156.415 0.751372 0.248628 0
0.83 295.736 222.837 1023.15 149.601 1589.02 156.357 0.751787 0.248213 0
0.829 294.771 222.322 1021.54 149.877 1587.83 156.298 0.752202 0.247798 0
0.828 293.808 221.808 1019.94 150.154 1586.65 156.24 0.752618 0.247382 0
0.827 292.846 221.293 1018.34 150.431 1585.47 156.182 0.753035 0.246965 0
0.826 291.885 220.779 1016.74 150.709 1584.29 156.123 0.753453 0.246547 0
0.825 290.926 220.266 1015.14 150.987 1583.11 156.065 0.753872 0.246128 0
0.824 289.968 219.752 1013.54 151.266 1581.93 156.007 0.754292 0.245708 0
0.823 289.011 219.238 1011.94 151.546 1580.75 155.948 0.754712 0.245288 0
0.822 288.056 218.725 1010.35 151.826 1579.57 155.889 0.755134 0.244866 0
0.821 287.102 218.212 1008.75 152.106 1578.38 155.831 0.755556 0.244444 0
0.82 286.15 217.699 1007.16 152.387 1577.2 155.772 0.755979 0.244021 0
0.819 285.199 217.186 1005.57 152.669 1576.03 155.713 0.756403 0.243597 0
0.818 284.249 216.674 1003.97 152.951 1574.85 155.654 0.756828 0.243172 0
0.817 283.301 216.162 1002.38 153.234 1573.67 155.595 0.757254 0.242746 0
0.816 282.355 215.649 1000.8 153.517 1572.49 155.536 0.75768 0.24232 0
0.815 281.409 215.137 999.207 153.801 1571.31 155.477 0.758108 0.241892 0
0.814 280.465 214.626 997.621 154.086 1570.13 155.418 0.758536 0.241464 0
0.813 279.523 214.114 996.035 154.371 1568.95 155.359 0.758965 0.241035 0
0.812 278.582 213.603 994.451 154.657 1567.77 155.3 0.759396 0.240604 0
0.811 277.642 213.092 992.868 154.943 1566.6 155.24 0.759827 0.240173 0
0.81 276.703 212.581 991.286 155.23 1565.42 155.181 0.760259 0.239741 0
0.809 275.766 212.07 989.705 155.518 1564.24 155.121 0.760692 0.239308 0
0.808 274.831 211.559 988.126 155.806 1563.07 155.062 0.761125 0.238875 0
0.807 273.897 211.049 986.547 156.094 1561.89 155.002 0.76156 0.23844 0
0.806 272.964 210.538 984.97 156.383 1560.71 154.943 0.761996 0.238004 0
0.805 272.033 210.028 983.394 156.673 1559.54 154.883 0.762432 0.237568 0
0.804 271.103 209.519 981.819 156.964 1558.36 154.823 0.76287 0.23713 0
0.803 270.174 209.009 980.245 157.255 1557.18 154.763 0.763308 0.236692 0
0.802 269.247 208.499 978.672 157.546 1556.01 154.703 0.763747 0.236253 0
0.801 268.321 207.99 977.101 157.838 1554.83 154.643 0.764188 0.235812 0
0.8 267.397 207.481 975.531 158.131 1553.66 154.583 0.764629 0.235371 0
0.799 266.474 206.972 973.962 158.425 1552.49 154.523 0.765071 0.234929 0
0.798 265.553 206.463 972.394 158.719 1551.31 154.463 0.765514 0.234486 0
0.797 264.633 205.955 970.827 159.013 1550.14 154.403 0.765958 0.234042 0
0.796 263.714 205.447 969.261 159.309 1548.96 154.342 0.766403 0.233597 0
0.795 262.797 204.939 967.697 159.604 1547.79 154.282 0.766848 0.233152 0
0.794 261.881 204.431 966.133 159.901 1546.62 154.222 0.767295 0.232705 0
0.793 260.966 203.923 964.571 160.198 1545.44 154.161 0.767743 0.232257 0
0.792 260.053 203.416 963.01 160.496 1544.27 154.1 0.768191 0.231809 0
0.791 259.142 202.908 961.45 160.794 1543.1 154.04 0.768641 0.231359 0
0.79 258.232 202.401 959.892 161.093 1541.93 153.979 0.769091 0.230909 0
0.789 257.323 201.894 958.334 161.392 1540.76 153.918 0.769543 0.230457 0
0.788 256.415 201.388 956.778 161.693 1539.59 153.857 0.769995 0.230005 0
0.787 255.509 200.881 955.223 161.993 1538.41 153.796 0.770449 0.229551 0
0.786 254.605 200.375 953.668 162.295 1537.24 153.735 0.770903 0.229097 0
0.785 253.702 199.869 952.116 162.597 1536.07 153.674 0.771358 0.228642 0
0.784 252.8 199.363 950.564 162.9 1534.9 153.613 0.771814 0.228186 0
0.783 251.9 198.857 949.013 163.203 1533.73 153.552 0.772272 0.227728 0
0.782 251.001 198.352 947.464 163.507 1532.56 153.49 0.77273 0.22727 0
0.781 250.103 197.846 945.916 163.812 1531.39 153.429 0.773189 0.226811 0
0.78 249.207 197.341 944.368 164.117 1530.23 153.368 0.773649 0.226351 0
0.779 248.313 196.836 942.823 164.423 1529.06 153.306 0.77411 0.22589 0
0.778 247.419 196.332 941.278 164.729 1527.89 153.244 0.774572 0.225428 0
0.777 246.528 195.827 939.734 165.037 1526.72 153.183 0.775035 0.224965 0
0.776 245.637 195.323 938.192 165.344 1525.55 153.121 0.775499 0.224501 0
0.775 244.748 194.819 936.65 165.653 1524.39 153.059 0.775964 0.224036 0
0.774 243.861 194.315 935.11 165.962 1523.22 152.997 0.77643 0.22357 0
0.773 242.975 193.811 933.571 166.272 1522.05 152.935 0.776897 0.223103 0
0.772 242.09 193.308 932.033 166.582 1520.88 152.873 0.777365 0.222635 0
0.771 241.207 192.805 930.497 166.894 1519.72 152.811 0.777834 0.222166 0
0.77 240.325 192.302 928.961 167.205 1518.55 152.749 0.778304 0.221696 0
0.769 239.444 191.799 927.427 167.518 1517.39 152.687 0.778775 0.221225 0
0.768 238.565 191.296 925.893 167.831 1516.22 152.624 0.779247 0.220753 0
0.767 237.688 190.794 924.361 168.145 1515.06 152.562 0.779721 0.220279 0
0.766 236.812 190.292 922.83 168.459 1513.89 152.499 0.780195 0.219805 0
0.765 235.937 189.79 921.3 168.775 1512.73 152.437 0.78067 0.21933 0
0.764 235.064 189.288 919.772 169.09 1511.56 152.374 0.781146 0.218854 0
0.763 234.192 188.786 918.244 169.407 1510.4 152.311 0.781623 0.218377 0
0.762 233.321 188.285 916.718 169.724 1509.24 152.249 0.782101 0.217899 0
0.761 232.452 187.784 915.193 170.042 1508.07 152.186 0.78258 0.21742 0
0.76 231.585 187.283 913.669 170.361 1506.91 152.123 0.78306 0.21694 0
0.759 230.718 186.782 912.146 170.68 1505.75 152.06 0.783541 0.216459 0
0.758 229.854 186.282 910.624 171 1504.59 151.997 0.784024 0.215976 0
0.757 228.99 185.781 909.103 171.321 1503.43 151.933 0.784507 0.215493 0
0.756 228.128 185.281 907.584 171.642 1502.27 151.87 0.784991 0.215009 0
0.755 227.268 184.781 906.066 171.964 1501.1 151.807 0.785476 0.214524 0
0.754 226.409 184.282 904.548 172.287 1499.94 151.743 0.785963 0.214037 0
0.753 225.551 183.782 903.032 172.61 1498.78 151.68 0.78645 0.21355 0
0.752 224.695 183.283 901.518 172.934 1497.62 151.616 0.786939 0.213061 0
0.751 223.84 182.784 900.004 173.259 1496.46 151.552 0.787428 0.212572 0
0.75 222.987 182.285 898.491 173.585 1495.3 151.489 0.787919 0.212081 0
0.749 222.135 181.787 896.98 173.911 1494.15 151.425 0.788411 0.211589 0
0.748 221.285 181.288 895.47 174.238 1492.99 151.361 0.788903 0.211097 0
0.747 220.436 180.79 893.96 174.566 1491.83 151.297 0.789397 0.210603 0
0.746 219.588 180.292 892.452 174.895 1490.67 151.233 0.789892 0.210108 0
0.745 218.742 179.795 890.945 175.224 1489.51 151.169 0.790388 0.209612 0
0.744 217.897 179.297 889.44 175.554 1488.36 151.104 0.790885 0.209115 0
0.743 217.054 178.8 887.935 175.884 1487.2 151.04 0.791383 0.208617 0
0.742 216.212 178.303 886.432 176.216 1486.04 150.976 0.791882 0.208118 0
0.741 215.372 177.806 884.929 176.548 1484.89 150.911 0.792382 0.207618 0
0.74 214.533 177.309 883.428 176.881 1483.73 150.846 0.792883 0.207117 0
0.739 213.696 176.813 881.928 177.214 1482.58 150.782 0.793386 0.206614 0
0.738 212.859 176.317 880.429 177.549 1481.42 150.717 0.793889 0.206111 0
0.737 212.025 175.821 878.932 177.884 1480.27 150.652 0.794394 0.205606 0
0.736 211.192 175.325 877.435 178.22 1479.11 150.587 0.794899 0.205101 0
0.735 210.36 174.829 875.94 178.556 1477.96 150.522 0.795406 0.204594 0
0.734 209.53 174.334 874.445 178.894 1476.81 150.457 0.795914 0.204086 0
0.733 208.701 173.839 872.952 179.232 1475.65 150.392 0.796423 0.203577 0
0.732 207.873 173.344 871.46 179.57 1474.5 150.326 0.796933 0.203067 0
0.731 207.047 172.849 869.969 179.91 1473.35 150.261 0.797444 0.202556 0
0.73 206.223 172.355 868.479 180.25 1472.19 150.196 0.797956 0.202044 0
0.729 205.4 171.861 866.991 180.592 1471.04 150.13 0.79847 0.20153 0
0.728 204.578 171.367 865.503 180.934 1469.89 150.064 0.798984 0.201016 0
0.727 203.758 170.873 864.017 181.276 1468.74 149.999 0.7995 0.2005 0
0.726 202.939 170.38 862.532 181.62 1467.59 149.933 0.800016 0.199984 0
0.725 202.122 169.886 861.048 181.964 1466.44 149.867 0.800534 0.199466 0
0.724 201.306 169.393 859.565 182.309 1465.29 149.801 0.801053 0.198947 0
0.723 200.492 168.9 858.083 182.655 1464.14 149.735 0.801573 0.198427 0
0.722 199.679 168.408 856.602 183.001 1462.99 149.669 0.802095 0.197905 0
0.721 198.867 167.915 855.123 183.349 1461.84 149.602 0.802617 0.197383 0
0.72 198.057 167.423 853.644 183.697 1460.7 149.536 0.803141 0.196859 0
0.719 197.249 166.931 852.167 184.046 1459.55 149.469 0.803665 0.196335 0
0.718 196.441 166.44 850.691 184.395 1458.4 149.403 0.804191 0.195809 0
0.717 195.636 165.948 849.216 184.746 1457.25 149.336 0.804718 0.195282 0
0.716 194.831 165.457 847.742 185.097 1456.11 149.269 0.805246 0.194754 0
0.715 194.029 164.966 846.269 185.449 1454.96 149.203 0.805775 0.194225 0
0.714 193.227 164.475 844.797 185.802 1453.82 149.136 0.806306 0.193694 0
0.713 192.427 163.985 843.327 186.156 1452.67 149.069 0.806837 0.193163 0
0.712 191.629 163.494 841.857 186.511 1451.53 149.001 0.80737 0.19263 0
0.711 190.832 163.004 840.389 186.866 1450.38 148.934 0.807904 0.192096 0
0.71 190.036 162.514 838.922 187.222 1449.24 148.867 0.808439 0.191561 0
0.709 189.242 162.025 837.456 187.579 1448.09 148.8 0.808975 0.191025 0
0.708 188.45 161.535 835.991 187.937 1446.95 148.732 0.809513 0.190487 0
0.707 187.659 161.046 834.527 188.296 1445.81 148.664 0.810051 0.189949 0
0.706 186.869 160.557 833.065 188.655 1444.67 148.597 0.810591 0.189409 0
0.705 186.081 160.068 831.603 189.016 1443.52 148.529 0.811132 0.188868 0
0.704 185.294 159.58 830.143 189.377 1442.38 148.461 0.811674 0.188326 0
0.703 184.509 159.092 828.684 189.739 1441.24 148.393 0.812218 0.187782 0
0.702 183.725 158.604 827.225 190.102 1440.1 148.325 0.812762 0.187238 0
0.701 182.942 158.116 825.768 190.465 1438.96 148.257 0.813308 0.186692 0
0.7 182.161 157.628 824.313 190.83 1437.82 148.188 0.813855 0.186145 0
0.699 181.382 157.141 822.858 191.195 1436.68 148.12 0.814403 0.185597 0
0.698 180.604 156.654 821.404 191.561 1435.54 148.051 0.814952 0.185048 0
0.697 179.827 156.167 819.952 191.929 1434.4 147.983 0.815503 0.184497 0
0.696 179.052 155.681 818.5 192.297 1433.26 147.914 0.816055 0.183945 0
0.695 178.279 155.194 817.05 192.665 1432.13 147.845 0.816607 0.183393 0
0.694 177.506 154.708 815.601 193.035 1430.99 147.776 0.817162 0.182838 0
0.693 176.736 154.222 814.153 193.406 1429.85 147.707 0.817717 0.182283 0
0.692 175.966 153.737 812.706 193.777 1428.72 147.638 0.818274 0.181726 0
0.691 175.199 153.251 811.26 194.149 1427.58 147.569 0.818831 0.181169 0
0.69 174.432 152.766 809.815 194.522 1426.45 147.5 0.819391 0.180609 0
0.689 173.668 152.281 808.372 194.896 1425.31 147.43 0.819951 0.180049 0
0.688 172.904 151.796 806.929 195.271 1424.18 147.361 0.820512 0.179488 0
0.687 172.142 151.312 805.488 195.647 1423.04 147.291 0.821075 0.178925 0
0.686 171.382 150.828 804.048 196.024 1421.91 147.221 0.821639 0.178361 0
0.685 170.623 150.344 802.609 196.402 1420.78 147.151 0.822204 0.177796 0
0.684 169.865 149.86 801.171 196.78 1419.64 147.081 0.822771 0.177229 0
0.683 169.109 149.377 799.734 197.159 1418.51 147.011 0.823338 0.176662 0
0.682 168.355 148.893 798.298 197.54 1417.38 146.941 0.823907 0.176093 0
0.681 167.602 148.41 796.863 197.921 1416.25 146.871 0.824478 0.175522 0
0.68 166.85 147.928 795.43 198.303 1415.12 146.8 0.825049 0.174951 0
0.679 166.1 147.445 793.997 198.686 1413.99 146.73 0.825622 0.174378 0
0.678 165.351 146.963 792.566 199.07 1412.86 146.659 0.826196 0.173804 0
0.677 164.604 146.481 791.136 199.455 1411.73 146.589 0.826771 0.173229 0
0.676 163.858 145.999 789.707 199.841 1410.6 146.518 0.827348 0.172652 0
0.675 163.114 145.518 788.279 200.227 1409.47 146.447 0.827925 0.172075 0
0.674 162.371 145.036 786.852 200.615 1408.34 146.376 0.828505 0.171495 0
0.673 161.63 144.555 785.426 201.004 1407.22 146.305 0.829085 0.170915 0
0.672 160.89 144.074 784.001 201.393 1406.09 146.233 0.829666 0.170334 0
0.671 160.152 143.594 782.578 201.784 1404.96 146.162 0.830249 0.169751 0
0.67 159.415 143.114 781.155 202.175 1403.84 146.09 0.830834 0.169166 0
0.669 158.68 142.634 779.734 202.567 1402.71 146.019 0.831419 0.168581 0
0.668 157.946 142.154 778.314 202.961 1401.59 145.947 0.832006 0.167994 0
0.667 157.213 141.674 776.895 203.355 1400.46 145.875 0.832594 0.167406 0
0.666 156.482 141.195 775.477 203.75 1399.34 145.803 0.833183 0.166817 0
0.665 155.753 140.716 774.06 204.146 1398.21 145.731 0.833774 0.166226 0
0.664 155.025 140.237 772.644 204.543 1397.09 145.659 0.834366 0.165634 0
0.663 154.298 139.758 771.229 204.941 1395.97 145.586 0.834959 0.165041 0
0.662 153.573 139.28 769.815 205.34 1394.85 145.514 0.835554 0.164446 0
0.661 152.85 138.802 768.403 205.74 1393.73 145.441 0.83615 0.16385 0
0.66 152.128 138.324 766.991 206.141 1392.6 145.369 0.836747 0.163253 0
0.659 151.407 137.847 765.581 206.543 1391.48 145.296 0.837345 0.162655 0
0.658 150.688 137.369 764.172 206.946 1390.36 145.223 0.837945 0.162055 0
0.657 149.97 136.892 762.764 207.35 1389.25 145.15 0.838546 0.161454 0
0.656 149.254 136.415 761.357 207.755 1388.13 145.077 0.839149 0.160851 0
0.655 148.54 135.939 759.951 208.161 1387.01 145.003 0.839752 0.160248 0
0.654 147.827 135.462 758.546 208.568 1385.89 144.93 0.840358 0.159642 0
0.653 147.115 134.986 757.142 208.976 1384.77 144.856 0.840964 0.159036 0
0.652 146.405 134.511 755.739 209.385 1383.66 144.783 0.841572 0.158428 0
0.651 145.696 134.035 754.338 209.795 1382.54 144.709 0.842181 0.157819 0
0.65 144.989 133.56 752.937 210.206 1381.42 144.635 0.842791 0.157209 0
0.649 144.283 133.085 751.538 210.618 1380.31 144.561 0.843403 0.156597 0
0.648 143.579 132.61 750.14 211.03 1379.2 144.487 0.844016 0.155984 0
0.647 142.876 132.135 748.743 211.444 1378.08 144.412 0.844631 0.155369 0
0.646 142.175 131.661 747.347 211.859 1376.97 144.338 0.845247 0.154753 0
0.645 141.475 131.187 745.952 212.276 1375.86 144.263 0.845864 0.154136 0
0.644 140.777 130.713 744.558 212.693 1374.74 144.189 0.846483 0.153517 0
0.643 140.08 130.24 743.165 213.111 1373.63 144.114 0.847102 0.152898 0
0.642 139.385 129.766 741.773 213.53 1372.52 144.039 0.847724 0.152276 0
0.641 138.691 129.293 740.382 213.95 1371.41 143.964 0.848346 0.151654 0
0.64 137.999 128.821 738.993 214.371 1370.3 143.888 0.84897 0.15103 0
0.639 137.308 128.348 737.604 214.794 1369.19 143.813 0.849596 0.150404 0
0.638 136.619 127.876 736.217 215.217 1368.08 143.738 0.850222 0.149778 0
0.637 135.931 127.404 734.831 215.641 1366.97 143.662 0.850851 0.149149 0
0.636 135.244 126.932 733.445 216.067 1365.86 143.586 0.85148 0.14852 0
0.635 134.56 126.461 732.061 216.493 1364.76 143.51 0.852111 0.147889 0
0.634 133.876 125.99 730.678 216.921 1363.65 143.434 0.852743 0.147257 0
0.633 133.194 125.519 729.296 217.35 1362.54 143.358 0.853377 0.146623 0
0.632 132.514 125.048 727.915 217.779 1361.44 143.282 0.854012 0.145988 0
0.631 131.835 124.578 726.536 218.21 1360.33 143.205 0.854648 0.145352 0
0.63 131.158 124.107 725.157 218.642 1359.23 143.129 0.855286 0.144714 0
0.629 130.482 123.638 723.779 219.075 1358.13 143.052 0.855925 0.144075 0
0.628 129.808 123.168 722.403 219.509 1357.02 142.975 0.856566 0.143434 0
0.627 129.135 122.698 721.027 219.945 1355.92 142.898 0.857208 0.142792 0
0.626 128.464 122.229 719.653 220.381 1354.82 142.821 0.857851 0.142149 0
0.625 127.794 121.76 718.279 220.818 1353.72 142.744 0.858496 0.141504 0
0.624 127.125 121.292 716.907 221.257 1352.62 142.667 0.859142 0.140858 0
0.623 126.459 120.824 715.536 221.696 1351.52 142.589 0.85979 0.14021 0
0.622 125.793 120.355 714.166 222.137 1350.42 142.511 0.860439 0.139561 0
0.621 125.129 119.888 712.797 222.579 1349.32 142.433 0.861089 0.138911 0
0.62 124.467 119.42 711.429 223.022 1348.22 142.355 0.861741 0.138259 0
0.619 123.806 118.953 710.062 223.466 1347.12 142.277 0.862394 0.137606 0
0.618 123.147 118.486 708.696 223.912 1346.02 142.199 0.863049 0.136951 0
0.617 122.489 118.019 707.332 224.358 1344.93 142.121 0.863705 0.136295 0
0.616 121.833 117.553 705.968 224.805 1343.83 142.042 0.864363 0.135637 0
0.615 121.178 117.086 704.605 225.254 1342.74 141.963 0.865021 0.134979 0
0.614 120.525 116.62 703.244 225.704 1341.64 141.884 0.865682 0.134318 0
0.613 119.873 116.155 701.883 226.155 1340.55 141.805 0.866344 0.133656 0
0.612 119.223 115.689 700.524 226.607 1339.45 141.726 0.867007 0.132993 0
0.611 118.574 115.224 699.166 227.06 1338.36 141.647 0.867671 0.132329 0
0.61 117.926 114.759 697.808 227.515 1337.27 141.567 0.868337 0.131663 0
0.609 117.281 114.295 696.452 227.971 1336.18 141.488 0.869005 0.130995 0
0.608 116.636 113.83 695.097 228.427 1335.09 141.408 0.869674 0.130326 0
0.607 115.994 113.366 693.743 228.885 1334 141.328 0.870344 0.129656 0
0.606 115.352 112.902 692.39 229.345 1332.91 141.248 0.871016 0.128984 0
0.605 114.713 112.439 691.038 229.805 1331.82 141.168 0.871689 0.128311 0
0.604 114.074 111.975 689.687 230.267 1330.73 141.087 0.872364 0.127636 0
0.603 113.438 111.512 688.337 230.729 1329.64 141.007 0.87304 0.12696 0
0.602 112.802 111.049 686.988 231.193 1328.56 140.926 0.873718 0.126282 0
0.601 112.169 110.587 685.641 231.658 1327.47 140.845 0.874397 0.125603 0
0.6 111.536 110.125 684.294 232.125 1326.38 140.764 0.875077 0.124923 0
0.599 110.906 109.663 682.949 232.592 1325.3 140.683 0.875759 0.124241 0
0.598 110.277 109.201 681.604 233.061 1324.21 140.601 0.876442 0.123558 0
0.597 109.649 108.74 680.26 233.531 1323.13 140.52 0.877127 0.122873 0
0.596 109.023 108.279 678.918 234.002 1322.05 140.438 0.877813 0.122187 0
0.595 108.398 107.818 677.577 234.475 1320.97 140.356 0.878501 0.121499 0
0.594 107.775 107.357 676.236 234.949 1319.88 140.274 0.87919 0.12081 0
0.593 107.153 106.897 674.897 235.424 1318.8 140.192 0.879881 0.120119 0
0.592 106.533 106.437 673.559 235.9 1317.72 140.109 0.880573 0.119427 0
0.591 105.915 105.977 672.222 236.377 1316.64 140.027 0.881266 0.118734 0
0.59 105.297 105.517 670.886 236.856 1315.56 139.944 0.881961 0.118039 0
0.589 104.682 105.058 669.551 237.336 1314.49 139.861 0.882658 0.117342 0
0.588 104.068 104.599 668.217 237.817 1313.41 139.778 0.883356 0.116644 0
0.587 103.455 104.14 666.884 238.3 1312.33 139.695 0.884055 0.115945 0
0.586 102.844 103.682 665.552 238.783 1311.26 139.612 0.884756 0.115244 0
0.585 102.235 103.224 664.221 239.268 1310.18 139.528 0.885458 0.114542 0
0.584 101.627 102.766 662.891 239.755 1309.11 139.444 0.886162 0.113838 0
0.583 101.02 102.308 661.562 240.242 1308.03 139.36 0.886867 0.113133 0
0.582 100.415 101.851 660.234 240.731 1306.96 139.276 0.887574 0.112426 0
0.581 99.8116 101.394 658.908 241.221 1305.89 139.192 0.888282 0.111718 0
0.58 99.2097 100.937 657.582 241.713 1304.81 139.107 0.888991 0.111009 0
0.579 98.6092 100.48 656.257 242.206 1303.74 139.023 0.889702 0.110298 0
0.578 98.0103 100.024 654.934 242.7 1302.67 138.938 0.890415 0.109585 0
0.577 97.4128 99.568 653.611 243.195 1301.6 138.853 0.891129 0.108871 0
0.576 96.8169 99.1122 652.29 243.692 1300.53 138.768 0.891844 0.108156 0
0.575 96.2225 98.6568 650.969 244.19 1299.46 138.682 0.892561 0.107439 0
0.574 95.6297 98.2016 649.65 244.689 1298.4 138.597 0.893279 0.106721 0
0.573 95.0383 97.7467 648.332 245.19 1297.33 138.511 0.893999 0.106001 0
0.572 94.4484 97.2921 647.014 245.692 1296.26 138.425 0.89472 0.10528 0
0.571 93.8601 96.8377 645.698 246.195 1295.2 138.339 0.895443 0.104557 0
0.57 93.2733 96.3836 644.383 246.7 1294.13 138.252 0.896167 0.103833 0
0.569 92.688 95.9298 643.068 247.206 1293.07 138.166 0.896893 0.103107 0
0.568 92.1042 95.4763 641.755 247.713 1292.01 138.079 0.89762 0.10238 0
0.567 91.5219 95.023 640.443 248.222 1290.94 137.992 0.898348 0.101652 0
0.566 90.9411 94.57 639.132 248.732 1289.88 137.905 0.899078 0.100922 0
0.565 90.3619 94.1173 637.822 249.244 1288.82 137.818 0.89981 0.10019 0
0.564 89.7842 93.6649 636.512 249.757 1287.76 137.73 0.900542 0.0994575 0
0.563 89.2079 93.2127 635.204 250.271 1286.7 137.642 0.901277 0.0987233 0
0.562 88.6332 92.7609 633.897 250.786 1285.64 137.554 0.902012 0.0979876 0
0.561 88.06 92.3092 632.591 251.303 1284.58 137.466 0.90275 0.0972504 0
0.56 87.4884 91.8579 631.286 251.822 1283.53 137.378 0.903488 0.0965119 0
0.559 86.9182 91.4069 629.982 252.342 1282.47 137.289 0.904228 0.0957718 0
0.558 86.3495 90.9561 628.679 252.863 1281.41 137.201 0.90497 0.0950304 0
0.557 85.7824 90.5056 627.377 253.385 1280.36 137.112 0.905712 0.0942875 0
0.556 85.2168 90.0554 626.076 253.909 1279.3 137.023 0.906457 0.0935432 0
0.555 84.6527 89.6054 624.776 254.435 1278.25 136.933 0.907202 0.0927975 0
0.554 84.0901 89.1557 623.477 254.962 1277.2 136.844 0.90795 0.0920504 0
0.553 83.529 88.7063 622.18 255.49 1276.15 136.754 0.908698 0.0913019 0
0.552 82.9694 88.2572 620.883 256.02 1275.09 136.664 0.909448 0.0905519 0
0.551 82.4113 87.8084 619.587 256.551 1274.04 136.574 0.910199 0.0898005 0
0.55 81.8548 87.3598 618.292 257.084 1272.99 136.483 0.910952 0.0890478 0
0.549 81.2997 86.9115 616.998 257.618 1271.95 136.392 0.911706 0.0882936 0
0.548 80.7462 86.4635 615.705 258.153 1270.9 136.302 0.912462 0.087538 0
0.547 80.1942 86.0158 614.414 258.69 1269.85 136.21 0.913219 0.0867811 0
0.546 79.6437 85.5683 613.123 259.228 1268.8 136.119 0.913977 0.0860228 0
0.545 79.0947 85.1211 611.833 259.768 1267.76 136.028 0.914737 0.0852631 0
0.544 78.5472 84.6742 610.544 260.31 1266.71 135.936 0.915498 0.084502 0
0.543 78.0012 84.2276 609.256 260.853 1265.67 135.844 0.91626 0.0837395 0
0.542 77.4567 83.7813 607.97 261.397 1264.62 135.752 0.917024 0.0829757 0
0.541 76.9138 83.3352 606.684 261.943 1263.58 135.659 0.917789 0.0822105 0
0.54 76.3723 82.8894 605.399 262.49 1262.54 135.566 0.918556 0.081444 0
0.539 75.8323 82.4439 604.115 263.039 1261.5 135.473 0.919324 0.0806762 0
0.538 75.2939 81.9987 602.832 263.589 1260.46 135.38 0.920093 0.079907 0
0.537 74.757 81.5537 601.551 264.141 1259.42 135.287 0.920864 0.0791364 0
0.536 74.2215 81.1091 600.27 264.694 1258.38 135.193 0.921635 0.0783646 0
0.535 73.6876 80.6647 598.99 265.249 1257.34 135.099 0.922409 0.0775914 0
0.534 73.1551 80.2206 597.711 265.806 1256.3 135.005 0.923183 0.076817 0
0.533 72.6242 79.7767 596.434 266.364 1255.27 134.911 0.923959 0.0760412 0
0.532 72.0948 79.3332 595.157 266.923 1254.23 134.816 0.924736 0.0752642 0
0.531 71.5668 78.8899 593.881 267.484 1253.2 134.721 0.925514 0.0744859 0
0.53 71.0404 78.4469 592.606 268.047 1252.16 134.626 0.926294 0.0737063 0
0.529 70.5155 78.0042 591.332 268.611 1251.13 134.531 0.927075 0.0729254 0
0.528 69.992 77.5617 590.059 269.176 1250.1 134.435 0.927857 0.0721434 0
0.527 69.4701 77.1195 588.788 269.744 1249.07 134.339 0.92864 0.07136 0
0.526 68.9496 76.6777 587.517 270.312 1248.04 134.243 0.929425 0.0705755 0
0.525 68.4307 76.2361 586.247 270.883 1247 134.146 0.93021 0.0697897 0
0.524 67.9132 75.7947 584.978 271.455 1245.98 134.05 0.930997 0.0690028 0
0.523 67.3973 75.3537 583.71 272.028 1244.95 133.953 0.931785 0.0682146 0
0.522 66.8828 74.9129 582.443 272.603 1243.92 133.855 0.932575 0.0674253 0
0.521 66.3698 74.4724 581.177 273.18 1242.89 133.758 0.933365 0.0666348 0
0.52 65.8583 74.0322 579.912 273.758 1241.87 133.66 0.934157 0.0658432 0
0.519 65.3483 73.5923 578.648 274.338 1240.84 133.562 0.93495 0.0650504 0
0.518 64.8398 73.1527 577.385 274.92 1239.82 133.464 0.935743 0.0642566 0
0.517 64.3327 72.7133 576.123 275.503 1238.79 133.365 0.936538 0.0634616 0
0.516 63.8271 72.2742 574.862 276.088 1237.77 133.266 0.937334 0.0626655 0
0.515 63.3231 71.8354 573.602 276.674 1236.75 133.167 0.938132 0.0618684 0
0.514 62.8204 71.3969 572.343 277.262 1235.73 133.067 0.93893 0.0610702 0
0.513 62.3193 70.9586 571.085 277.852 1234.71 132.968 0.939729 0.060271 0
0.512 61.8197 70.5207 569.828 278.443 1233.69 132.868 0.940529 0.0594708 0
0.511 61.3215 70.083 568.571 279.036 1232.67 132.767 0.94133 0.0586696 0
0.51 60.8248 69.6456 567.316 279.631 1231.65 132.667 0.942133 0.0578675 0
0.509 60.3295 69.2085 566.062 280.227 1230.63 132.566 0.942936 0.0570643 0
0.508 59.8357 68.7716 564.809 280.826 1229.61 132.464 0.94374 0.0562603 0
0.507 59.3434 68.3351 563.556 281.425 1228.6 132.363 0.944545 0.0554554 0
0.506 58.8526 67.8988 562.305 282.027 1227.58 132.261 0.94535 0.0546495 0
0.505 58.3632 67.4628 561.055 282.63 1226.57 132.158 0.946157 0.0538429 0
0.504 57.8753 67.0271 559.805 283.234 1225.56 132.056 0.946965 0.0530354 0
0.503 57.3888 66.5916 558.557 283.841 1224.54 131.953 0.947773 0.0522271 0
0.502 56.9038 66.1565 557.309 284.449 1223.53 131.85 0.948582 0.051418 0
0.501 56.4202 65.7216 556.062 285.059 1222.52 131.746 0.949392 0.0506082 0
0.5 55.938 65.287 554.817 285.671 1221.51 131.642 0.950202 0.0497977 0
0.499 55.4574 64.8527 553.572 286.284 1220.5 131.538 0.951014 0.0489865 0
0.498 54.9781 64.4187 552.328 286.899 1219.49 131.434 0.951825 0.0481747 0
0.497 54.5003 63.985 551.086 287.516 1218.48 131.329 0.952638 0.0473622 0
0.496 54.0239 63.5515 549.844 288.135 1217.48 131.223 0.953451 0.0465492 0
0.495 53.549 63.1184 548.603 288.755 1216.47 131.118 0.954264 0.0457356 0
0.494 53.0754 62.6855 547.363 289.377 1215.46 131.012 0.955078 0.0449216 0
0.493 52.6033 62.2529 546.124 290.001 1214.46 130.905 0.955893 0.0441071 0
0.492 52.1327 61.8205 544.886 290.627 1213.45 130.799 0.956708 0.0432922 0
0.491 51.6634 61.3885 543.649 291.254 1212.45 130.692 0.957523 0.0424769 0
0.49 51.1955 60.9568 542.412 291.883 1211.44 130.584 0.958339 0.0416613 0
0.489 50.7291 60.5253 541.177 292.514 1210.44 130.476 0.959155 0.0408454 0
0.488 50.264 60.0941 539.943 293.147 1209.44 130.368 0.959971 0.0400293 0
0.487 49.8004 59.6632 538.709 293.782 1208.44 130.259 0.960787 0.039213 0
0.486 49.3381 59.2326 537.477 294.418 1207.44 130.15 0.961603 0.0383966 0
0.485 48.8772 58.8023 536.245 295.056 1206.44 130.041 0.96242 0.0375802 0
0.484 48.4177 58.3722 535.015 295.696 1205.44 129.931 0.963236 0.0367637 0
0.483 47.9596 57.9425 533.785 296.338 1204.44 129.821 0.964053 0.0359473 0
0.482 47.5029 57.513 532.556 296.982 1203.44 129.71 0.964869 0.0351311 0
0.481 47.0475 57.0839 531.329 297.628 1202.45 129.599 0.965685 0.034315 0
0.48 46.5934 56.655 530.102 298.275 1201.45 129.487 0.966501 0.0334993 0
0.479 46.1407 56.2264 528.876 298.924 1200.45 129.375 0.967316 0.0326839 0
0.478 45.6894 55.7981 527.651 299.576 1199.46 129.263 0.968131 0.0318689 0
0.477 45.2394 55.3701 526.426 300.229 1198.46 129.15 0.968946 0.0310544 0
0.476 44.7907 54.9424 525.203 300.884 1197.47 129.036 0.969759 0.0302406 0
0.475 44.3433 54.515 523.981 301.541 1196.47 128.922 0.970573 0.0294274 0
0.474 43.8972 54.0878 522.759 302.199 1195.48 128.808 0.971385 0.028615 0
0.473 43.4524 53.661 521.539 302.86 1194.48 128.693 0.972196 0.0278036 0
0.472 43.0089 53.2344 520.319 303.523 1193.49 128.578 0.973007 0.0269931 0
0.471 42.5667 52.8082 519.101 304.187 1192.5 128.462 0.973816 0.0261838 0
0.47 42.1258 52.3823 517.883 304.854 1191.51 128.345 0.974624 0.0253758 0
0.469 41.6861 51.9566 516.666 305.522 1190.52 128.228 0.975431 0.0245691 0
0.468 41.2476 51.5313 515.45 306.192 1189.52 128.11 0.976236 0.0237639 0
0.467 40.8104 51.1062 514.235 306.865 1188.53 127.992 0.97704 0.0229605 0
0.466 40.3744 50.6815 513.02 307.539 1187.54 127.874 0.977841 0.0221588 0
0.465 39.9396 50.257 511.807 308.215 1186.55 127.754 0.978641 0.0213591 0
0.464 39.5059 49.8329 510.594 308.894 1185.56 127.634 0.979438 0.0205616 0
0.463 39.0734 49.4091 509.383 309.574 1184.57 127.514 0.980234 0.0197665 0
0.462 38.6421 48.9855 508.172 310.256 1183.58 127.392 0.981026 0.0189739 0
0.461 38.2119 48.5623 506.962 310.94 1182.59 127.27 0.981816 0.0181841 0
0.46 37.7828 48.1394 505.753 311.627 1181.6 127.148 0.982603 0.0173974 0
0.459 37.3547 47.7168 504.545 312.315 1180.61 127.024 0.983386 0.0166138 0
0.458 36.9278 47.2946 503.338 313.005 1179.62 126.9 0.984166 0.0158339 0
0.457 36.5018 46.8726 502.131 313.698 1178.63 126.775 0.984942 0.0150578 0
0.456 36.0769 46.451 500.925 314.393 1177.64 126.65 0.985714 0.0142858 0
0.455 35.6529 46.0297 499.721 315.089 1176.65 126.523 0.986482 0.0135184 0
0.454 35.2298 45.6087 498.517 315.788 1175.65 126.396 0.987244 0.0127558 0
0.453 34.8076 45.1881 497.314 316.489 1174.66 126.268 0.988001 0.0119986 0
0.452 34.3863 44.7678 496.111 317.192 1173.67 126.139 0.988753 0.0112471 0
0.451 33.9657 44.3479 494.91 317.897 1172.67 126.008 0.989498 0.0105019 0
0.45 33.5459 43.9282 493.709 318.604 1171.68 125.877 0.990236 0.0097636 0
0.449 33.1268 43.509 492.509 319.313 1170.68 125.745 0.990967 0.00903278 0
0.448 32.7083 43.0901 491.31 320.025 1169.68 125.612 0.99169 0.00831018 0
0.447 32.2903 42.6715 490.112 320.739 1168.68 125.477 0.992403 0.00759661 0
0.446 31.8728 42.2533 488.914 321.455 1167.68 125.341 0.993107 0.006893 0
0.445 31.4555 41.8355 487.717 322.173 1166.68 125.204 0.9938 0.00620041 0
0.444 31.0386 41.4181 486.521 322.894 1165.67 125.065 0.99448 0.00552011 0
0.443 30.6216 41.001 485.326 323.617 1164.67 124.925 0.995146 0.00485356 0
0.442 30.2046 40.5844 484.131 324.342 1163.65 124.783 0.995797 0.00420253 0
0.441 29.7872 40.1681 482.937 325.069 1162.64 124.639 0.996431 0.00356918 0
0.44 29.3693 39.7523 481.743 325.799 1161.62 124.493 0.997044 0.00295621 0
0.439 28.9504 39.3369 480.55 326.531 1160.59 124.344 0.997633 0.00236706 0
0.438 28.5301 38.922 479.358 327.266 1159.56 124.193 0.998194 0.00180637 0
0.437 28.1077 38.5075 478.165 328.003 1158.52 124.038 0.998719 0.00128062 0
0.436 27.6822 38.0936 476.973 328.743 1157.47 123.879 0.9992 0.000799698 0
0.435 27.2518 37.6801 475.781 329.485 1156.4 123.714 0.999619 0.000380745 0
0.434 26.8123 37.2673 474.588 330.23 1155.3 123.541 0.999936 6.37063e-05 0
0.433 26.3474 36.8552 473.392 330.979 1154.13 123.345 1 0 0
0.432 25.878 36.4438 472.196 331.73 1152.95 123.144 1 0 0
0.431 25.4109 36.0334 471 332.485 1151.77 122.943 1 0 0
0.43 24.9462 35.6237 469.806 333.242 1150.59 122.741 1 0 0
0.429 24.4838 35.2149 468.614 334.003 1149.41 122.539 1 0 0
0.428 24.0238 34.807 467.422 334.766 1148.24 122.336 1 0 0
0.427 23.5661 34.3998 466.232 335.533 1147.07 122.133 1 0 0
0.426 23.1108 33.9935 465.042 336.303 1145.9 121.93 1 0 0
0.425 22.6578 33.5881 463.854 337.076 1144.73 121.727 1 0 0
0.424 22.2072 33.1834 462.667 337.852 1143.57 121.523 1 0 0
0.423 21.7589 32.7796 461.481 338.63 1142.41 121.318 1 0 0
0.422 21.313 32.3767 460.297 339.412 1141.26 121.114 1 0 0
0.421 20.8694 31.9745 459.113 340.198 1140.1 120.909 1 0 0
0.42 20.4282 31.5732 457.931 340.986 1138.95 120.703 1 0 0
0.419 19.9893 31.1727 456.75 341.777 1137.8 120.498 1 0 0
0.418 19.5528 30.7731 455.57 342.571 1136.66 120.292 1 0 0
0.417 19.1186 30.3742 454.391 343.369 1135.51 120.085 1 0 0
0.416 18.6867 29.9762 453.213 344.17 1134.37 119.879 1 0 0
0.415 18.2572 29.5791 452.036 344.973 1133.24 119.671 1 0 0
0.414 17.8301 29.1827 450.861 345.78 1132.1 119.464 1 0 0
0.413 17.4053 28.7872 449.686 346.59 1130.97 119.256 1 0 0
0.412 16.9828 28.3925 448.513 347.404 1129.84 119.048 1 0 0
0.411 16.5627 27.9986 447.341 348.22 1128.72 118.84 1 0 0
0.41 16.1449 27.6055 446.17 349.039 1127.6 118.631 1 0 0
0.409 15.7294 27.2132 445 349.862 1126.48 118.422 1 0 0
0.408 15.3163 26.8218 443.832 350.688 1125.36 118.212 1 0 0
0.407 14.9055 26.4312 442.664 351.517 1124.25 118.002 1 0 0
0.406 14.4971 26.0414 441.498 352.349 1123.14 117.792 1 0 0
0.405 14.091 25.6524 440.332 353.185 1122.03 117.581 1 0 0
0.404 13.6872 25.2642 439.168 354.023 1120.93 117.37 1 0 0
0.403 13.2857 24.8768 438.005 354.865 1119.83 117.159 1 0 0
0.402 12.8866 24.4902 436.843 355.71 1118.73 116.947 1 0 0
0.401 12.4898 24.1045 435.682 356.558 1117.63 116.735 1 0 0
0.4 12.0953 23.7195 434.522 357.409 1116.54 116.523 1 0 0
0.399 11.7031 23.3353 433.363 358.264 1115.45 116.31 1 0 0
0.398 11.3133 22.952 432.206 359.122 1114.37 116.097 1 0 0
0.397 10.9258 22.5694 431.049 359.983 1113.29 115.884 1 0 0
0.396 10.5406 22.1877 429.894 360.847 1112.21 115.67 1 0 0
0.395 10.1577 21.8067 428.739 361.715 1111.13 115.456 1 0 0
0.394 9.77706 21.4265 427.586 362.585 1110.06 115.241 1 0 0
0.393 9.39877 21.0471 426.434 363.459 1108.99 115.026 1 0 0
0.392 9.02278 20.6686 425.282 364.337 1107.92 114.811 1 0 0
0.391 8.6491 20.2908 424.132 365.217 1106.86 114.596 1 0 0
0.39 8.27771 19.9137 422.983 366.101 1105.8 114.38 1 0 0
0.389 7.90862 19.5375 421.836 366.988 1104.74 114.163 1 0 0
0.388 7.54182 19.162 420.689 367.878 1103.69 113.947 1 0 0
0.387 7.17732 18.7874 419.543 368.772 1102.64 113.73 1 0 0
0.386 6.81509 18.4135 418.398 369.668 1101.59 113.512 1 0 0
0.385 6.45515 18.0404 417.254 370.568 1100.54 113.295 1 0 0
0.384 6.09749 17.668 416.112 371.472 1099.5 113.077 1 0 0
0.383 5.74211 17.2964 414.97 372.378 1098.47 112.858 1 0 0
0.382 5.389 16.9256 413.83 373.288 1097.43 112.64 1 0 0
0.381 5.03816 16.5555 412.69 374.201 1096.4 112.421 1 0 0
0.38 4.68958 16.1863 411.552 375.117 1095.37 112.201 1 0 0
0.379 4.34327 15.8177 410.415 376.037 1094.35 111.981 1 0 0
0.378 3.99921 15.4499 409.278 376.96 1093.33 111.761 1 0 0
0.377 3.65741 15.0829 408.143 377.886 1092.31 111.541 1 0 0
0.376 3.31786 14.7167 407.009 378.815 1091.29 111.32 1 0 0
0.375 2.98056 14.3511 405.875 379.748 1090.28 111.099 1 0 0
0.374 2.6455 13.9864 404.743 380.684 1089.27 110.877 1 0 0
0.373 2.31267 13.6223 403.612 381.623 1088.27 110.655 1 0 0
0.372 1.98208 13.259 402.482 382.566 1087.27 110.433 1 0 0
0.371 1.65372 12.8965 401.353 383.512 1086.27 110.21 1 0 0
0.37 1.32759 12.5346 400.225 384.461 1085.28 109.987 1 0 0
0.369 1.00368 12.1735 399.097 385.413 1084.28 109.764 1 0 0
0.368 0.681977 11.8132 397.971 386.369 1083.3 109.54 1 0 0
0.367 0.362491 11.4535 396.846 387.328 1082.31 109.316 1 0 0
0.366 0.0452105 11.0946 395.722 388.29 1081.33 109.092 1 0 0
0.365 -0.269868 10.7364 394.599 389.255 1080.35 108.867 1 0 0
0.364 -0.58275 10.3789 393.477 390.224 1079.38 108.642 1 0 0
0.363 -0.893439 10.0221 392.356 391.196 1078.41 108.416 1 0 0
0.362 -1.20194 9.66599 391.236 392.172 1077.44 108.191 1 0 0
0.361 -1.50826 9.31061 390.116 393.15 1076.48 107.965 1 0 0
0.36 -1.81241 8.95593 388.998 394.132 1075.52 107.738 1 0 0
0.359 -2.11438 8.60194 387.881 395.117 1074.56 107.511 1 0 0
0.358 -2.41419 8.24865 386.765 396.105 1073.61 107.284 1 0 0
0.357 -2.71184 7.89604 385.65 397.097 1072.66 107.056 1 0 0
0.356 -3.00734 7.54411 384.536 398.092 1071.71 106.829 1 0 0
0.355 -3.30068 7.19286 383.422 399.09 1070.77 106.6 1 0 0
0.354 -3.59188 6.84229 382.31 400.092 1069.83 106.372 1 0 0
0.353 -3.88095 6.49239 381.199 401.096 1068.89 106.143 1 0 0
0.352 -4.16788 6.14316 380.088 402.104 1067.96 105.913 1 0 0
0.351 -4.45269 5.79459 378.979 403.115 1067.03 105.684 1 0 0
0.35 -4.73538 5.44668 377.87 404.13 1066.1 105.454 1 0 0
0.349 -5.01595 5.09943 376.763 405.148 1065.18 105.224 1 0 0
0.348 -5.29442 4.75282 375.656 406.168 1064.26 104.993 1 0 0
0.347 -5.57079 4.40687 374.551 407.193 1063.34 104.762 1 0 0
0.346 -5.84506 4.06155 373.446 408.22 1062.43 104.53 1 0 0
0.345 -6.11724 3.71687 372.342 409.251 1061.52 104.299 1 0 0
0.344 -6.38734 3.37282 371.24 410.284 1060.62 104.067 1 0 0
0.343 -6.65537 3.0294 370.138 411.321 1059.72 103.834 1 0 0
0.342 -6.92133 2.6866 369.037 412.362 1058.82 103.601 1 0 0
0.341 -7.18522 2.34442 367.937 413.405 1057.92 103.368 1 0 0
0.34 -7.44706 2.00286 366.838 414.452 1057.03 103.135 1 0 0
0.339 -7.70686 1.6619 365.74 415.502 1056.14 102.901 1 0 0
0.338 -7.96461 1.32154 364.642 416.555 1055.26 102.667 1 0 0
0.337 -8.22032 0.981788 363.546 417.611 1054.38 102.432 1 0 0
0.336 -8.47401 0.642625 362.451 418.671 1053.5 102.197 1 0 0
0.335 -8.72568 0.30405 361.356 419.733 1052.63 101.962 1 0 0
0.334 -8.97533 -0.0339419 360.263 420.799 1051.76 101.727 1 0 0
0.333 -9.22298 -0.371356 359.17 421.868 1050.89 101.491 1 0 0
0.332 -9.46863 -0.708198 358.078 422.94 1050.03 101.255 1 0 0
0.331 -9.71228 -1.04447 356.987 424.016 1049.17 101.018 1 0 0
0.33 -9.95395 -1.38019 355.897 425.094 1048.31 100.781 1 0 0
0.329 -10.1936 -1.71535 354.808 426.176 1047.46 100.544 1 0 0
0.328 -10.4314 -2.04995 353.72 427.261 1046.61 100.306 1 0 0
0.327 -10.6671 -2.38402 352.633 428.348 1045.77 100.068 1 0 0
0.326 -10.9009 -2.71754 351.546 429.439 1044.92 99.8298 1 0 0
0.325 -11.1328 -3.05054 350.461 430.534 1044.09 99.5912 1 0 0
0.324 -11.3627 -3.383 349.376 431.631 1043.25 99.3522 1 0 0
0.323 -11.5907 -3.71495 348.292 432.731 1042.42 99.1128 1 0 0
0.322 -11.8168 -4.04638 347.209 433.835 1041.59 98.8731 1 0 0
0.321 -12.041 -4.3773 346.127 434.941 1040.77 98.6331 1 0 0
0.32 -12.2632 -4.70772 345.046 436.051 1039.95 98.3927 1 0 0
0.319 -12.4835 -5.03764 343.966 437.164 1039.13 98.1519 1 0 0
0.318 -12.702 -5.36707 342.886 438.28 1038.32 97.9109 1 0 0
0.317 -12.9186 -5.69602 341.808 439.399 1037.51 97.6694 1 0 0
0.316 -13.1333 -6.0245 340.73 440.52 1036.7 97.4277 1 0 0
0.315 -13.3461 -6.3525 339.653 441.645 1035.89 97.1856 1 0 0
0.314 -13.5571 -6.68004 338.577 442.774 1035.09 96.9431 1 0 0
0.313 -13.7662 -7.00712 337.502 443.905 1034.3 96.7003 1 0 0
0.312 -13.9735 -7.33375 336.427 445.039 1033.51 96.4572 1 0 0
0.311 -14.1789 -7.65994 335.354 446.176 1032.72 96.2137 1 0 0
0.31 -14.3825 -7.98569 334.281 447.316 1031.93 95.9698 1 0 0
0.309 -14.5843 -8.31101 333.209 448.459 1031.15 95.7256 1 0 0
0.308 -14.7843 -8.63591 332.138 449.605 1030.37 95.4811 1 0 0
0.307 -14.9825 -8.96039 331.068 450.755 1029.59 95.2362 1 0 0
0.306 -15.1789 -9.28447 329.998 451.907 1028.82 94.991 1 0 0
0.305 -15.3735 -9.60815 328.93 453.062 1028.05 94.7454 1 0 0
0.304 -15.5664 -9.93143 327.862 454.22 1027.29 94.4995 1 0 0
0.303 -15.7574 -10.2543 326.795 455.381 1026.53 94.2533 1 0 0
0.302 -15.9468 -10.5768 325.729 456.545 1025.77 94.0067 1 0 0
0.301 -16.1343 -10.899 324.663 457.712 1025.01 93.7597 1 0 0
0.3 -16.3202 -11.2208 323.599 458.882 1024.26 93.5124 1 0 0
0.299 -16.5042 -11.5422 322.535 460.055 1023.51 93.2648 1 0 0
0.298 -16.6866 -11.8633 321.472 461.23 1022.77 93.0168 1 0 0
0.297 -16.8673 -12.1841 320.41 462.409 1022.03 92.7685 1 0 0
0.296 -17.0462 -12.5045 319.348 463.59 1021.29 92.5198 1 0 0
0.295 -17.2235 -12.8246 318.288 464.775 1020.56 92.2708 1 0 0
0.294 -17.3991 -13.1444 317.228 465.962 1019.83 92.0214 1 0 0
0.293 -17.5729 -13.4638 316.169 467.152 1019.1 91.7717 1 0 0
0.292 -17.7452 -13.783 315.111 468.345 1018.38 91.5216 1 0 0
0.291 -17.9157 -14.1019 314.053 469.541 1017.65 91.2712 1 0 0
0.29 -18.0846 -14.4205 312.997 470.74 1016.94 91.0204 1 0 0
0.289 -18.2519 -14.7389 311.941 471.941 1016.22 90.7693 1 0 0
0.288 -18.4175 -15.0569 310.885 473.146 1015.51 90.5178 1 0 0
0.287 -18.5815 -15.3748 309.831 474.353 1014.81 90.266 1 0 0
0.286 -18.7439 -15.6924 308.777 475.563 1014.1 90.0138 1 0 0
0.285 -18.9047 -16.0097 307.724 476.776 1013.4 89.7613 1 0 0
0.284 -19.0639 -16.3268 306.672 477.991 1012.71 89.5084 1 0 0
0.283 -19.2214 -16.6437 305.621 479.21 1012.01 89.2552 1 0 0
0.282 -19.3774 -16.9604 304.57 480.431 1011.32 89.0016 1 0 0
0.281 -19.5319 -17.277 303.52 481.655 1010.64 88.7477 1 0 0
0.28 -19.6848 -17.5933 302.471 482.882 1009.95 88.4935 1 0 0
0.279 -19.8361 -17.9094 301.423 484.111 1009.27 88.2388 1 0 0
0.278 -19.9858 -18.2254 300.375 485.343 1008.59 87.9838 1 0 0
0.277 -20.1341 -18.5412 299.328 486.578 1007.92 87.7285 1 0 0
0.276 -20.2808 -18.8569 298.282 487.816 1007.25 87.4728 1 0 0
0.275 -20.426 -19.1724 297.237 489.056 1006.58 87.2168 1 0 0
0.274 -20.5697 -19.4879 296.192 490.299 1005.92 86.9604 1 0 0
0.273 -20.7118 -19.8032 295.148 491.545 1005.26 86.7036 1 0 0
0.272 -20.8525 -20.1184 294.104 492.793 1004.6 86.4465 1 0 0
0.271 -20.9917 -20.4335 293.062 494.044 1003.95 86.189 1 0 0
0.27 -21.1295 -20.7485 292.02 495.298 1003.3 85.9312 1 0 0
0.269 -21.2657 -21.0635 290.979 496.555 1002.65 85.673 1 0 0
0.268 -21.4006 -21.3783 289.938 497.814 1002.01 85.4145 1 0 0
0.267 -21.5339 -21.6932 288.899 499.075 1001.37 85.1556 1 0 0
0.266 -21.6659 -22.008 287.86 500.34 1000.73 84.8963 1 0 0
0.265 -21.7964 -22.3228 286.821 501.607 1000.09 84.6367 1 0 0
0.264 -21.9254 -22.6376 285.784 502.876 999.463 84.3767 1 0 0
0.263 -22.0531 -22.9523 284.747 504.149 998.835 84.1164 1 0 0
0.262 -22.1794 -23.2671 283.71 505.423 998.21 83.8556 1 0 0
0.261 -22.3043 -23.5819 282.675 506.701 997.588 83.5946 1 0 0
0.26 -22.4278 -23.8968 281.64 507.981 996.97 83.3331 1 0 0
0.259 -22.5499 -24.2117 280.606 509.263 996.354 83.0713 1 0 0
0.258 -22.6706 -24.5267 279.572 510.548 995.742 82.8092 1 0 0
0.257 -22.79 -24.8417 278.539 511.836 995.133 82.5466 1 0 0
0.256 -22.9081 -25.1568 277.507 513.126 994.528 82.2837 1 0 0
0.255 -23.0248 -25.472 276.476 514.419 993.925 82.0204 1 0 0
0.254 -23.1401 -25.7874 275.445 515.714 993.325 81.7568 1 0 0
0.253 -23.2542 -26.1029 274.415 517.012 992.729 81.4928 1 0 0
0.252 -23.3669 -26.4185 273.385 518.313 992.136 81.2284 1 0 0
0.251 -23.4783 -26.7342 272.356 519.615 991.545 80.9636 1 0 0
0.25 -23.5885 -27.0502 271.328 520.921 990.958 80.6985 1 0 0
0.249 -23.6973 -27.3663 270.3 522.229 990.374 80.433 1 0 0
0.248 -23.8049 -27.6826 269.274 523.539 989.793 80.1671 1 0 0
0.247 -23.9112 -27.9992 268.247 524.852 989.215 79.9009 1 0 0
0.246 -24.0162 -28.316 267.222 526.167 988.641 79.6343 1 0 0
0.245 -24.12 -28.633 266.197 527.485 988.069 79.3672 1 0 0
0.244 -24.2225 -28.9503 265.173 528.805 987.5 79.0999 1 0 0
0.243 -24.3238 -29.2678 264.149 530.128 986.934 78.8321 1 0 0
0.242 -24.4239 -29.5857 263.126 531.453 986.372 78.5639 1 0 0
0.241 -24.5227 -29.9038 262.103 532.781 985.812 78.2954 1 0 0
0.24 -24.6204 -30.2223 261.082 534.111 985.256 78.0265 1 0 0
0.239 -24.7168 -30.5412 260.061 535.443 984.702 77.7572 1 0 0
0.238 -24.812 -30.8604 259.04 536.778 984.151 77.4875 1 0 0
0.237 -24.9061 -31.1799 258.02 538.116 983.604 77.2175 1 0 0
0.236 -24.9989 -31.4999 257.001 539.455 983.059 76.947 1 0 0
0.235 -25.0906 -31.8203 255.982 540.797 982.518 76.6762 1 0 0
0.234 -25.1812 -32.1411 254.964 542.142 981.979 76.405 1 0 0
0.233 -25.2706 -32.4623 253.947 543.489 981.443 76.1334 1 0 0
0.232 -25.3588 -32.784 252.93 544.838 980.91 75.8614 1 0 0
0.231 -25.4459 -33.1063 251.914 546.19 980.381 75.589 1 0 0
0.23 -25.5319 -33.429 250.898 547.544 979.854 75.3162 1 0 0
0.229 -25.6167 -33.7522 249.883 548.9 979.33 75.043 1 0 0
0.228 -25.7005 -34.076 248.869 550.259 978.809 74.7694 1 0 0
0.227 -25.7831 -34.4003 247.855 551.62 978.291 74.4954 1 0 0
0.226 -25.8646 -34.7252 246.842 552.984 977.775 74.2211 1 0 0
0.225 -25.9451 -35.0508 245.829 554.349 977.263 73.9463 1 0 0
0.224 -26.0244 -35.3769 244.817 555.718 976.754 73.6711 1 0 0
0.223 -26.1027 -35.7037 243.806 557.088 976.247 73.3955 1 0 0
0.222 -26.18 -36.0312 242.795 558.461 975.744 73.1196 1 0 0
0.221 -26.2561 -36.3594 241.785 559.836 975.243 72.8432 1 0 0
0.22 -26.3312 -36.6882 240.775 561.214 974.745 72.5664 1 0 0
0.219 -26.4053 -37.0179 239.766 562.594 974.25 72.2892 1 0 0
0.218 -26.4783 -37.3482 238.757 563.976 973.758 72.0116 1 0 0
0.217 -26.5503 -37.6794 237.75 565.36 973.268 71.7336 1 0 0
0.216 -26.6213 -38.0113 236.742 566.747 972.782 71.4552 1 0 0
0.215 -26.6913 -38.3441 235.735 568.136 972.298 71.1764 1 0 0
0.214 -26.7603 -38.6778 234.729 569.527 971.817 70.8971 1 0 0
0.213 -26.8283 -39.0123 233.723 570.921 971.339 70.6175 1 0 0
0.212 -26.8952 -39.3478 232.718 572.317 970.864 70.3374 1 0 0
0.211 -26.9613 -39.6841 231.714 573.715 970.391 70.0569 1 0 0
0.21 -27.0263 -40.0215 230.71 575.116 969.921 69.776 1 0 0
0.209 -27.0903 -40.3598 229.706 576.519 969.455 69.4947 1 0 0
0.208 -27.1534 -40.6991 228.703 577.924 968.99 69.213 1 0 0
0.207 -27.2156 -41.0395 227.701 579.332 968.529 68.9308 1 0 0
0.206 -27.2768 -41.381 226.699 580.741 968.071 68.6483 1 0 0
0.205 -27.337 -41.7235 225.698 582.153 967.615 68.3653 1 0 0
0.204 -27.3964 -42.0672 224.697 583.568 967.162 68.0819 1 0 0
0.203 -27.4548 -42.412 223.697 584.984 966.711 67.798 1 0 0
0.202 -27.5123 -42.7581 222.698 586.403 966.264 67.5137 1 0 0
0.201 -27.5689 -43.1053 221.698 587.824 965.819 67.229 1 0 0
0.2 -27.6245 -43.4539 220.7 589.248 965.377 66.9439 1 0 0
0.199 -27.6793 -43.8037 219.702 590.674 964.938 66.6583 1 0 0
0.198 -27.7332 -44.1548 218.704 592.102 964.501 66.3724 1 0 0
0.197 -27.7862 -44.5073 217.707 593.532 964.067 66.0859 1 0 0
0.196 -27.8383 -44.8611 216.711 594.964 963.636 65.7991 1 0 0
0.195 -27.8896 -45.2164 215.715 596.399 963.208 65.5118 1 0 0
0.194 -27.94 -45.5732 214.72 597.836 962.782 65.2241 1 0 0
0.193 -27.9895 -45.9315 213.725 599.276 962.359 64.9359 1 0 0
0.192 -28.0382 -46.2912 212.73 600.717 961.939 64.6473 1 0 0
0.191 -28.0861 -46.6526 211.737 602.161 961.521 64.3582 1 0 0
0.19 -28.1331 -47.0156 210.743 603.607 961.106 64.0688 1 0 0
0.189 -28.1793 -47.3802 209.75 605.056 960.694 63.7788 1 0 0
0.188 -28.2247 -47.7465 208.758 606.507 960.284 63.4885 1 0 0
0.187 -28.2692 -48.1146 207.766 607.96 959.877 63.1977 1 0 0
0.186 -28.3129 -48.4844 206.775 609.415 959.473 62.9064 1 0 0
0.185 -28.3559 -48.8561 205.784 610.873 959.072 62.6147 1 0 0
0.184 -28.398 -49.2296 204.794 612.333 958.673 62.3225 1 0 0
0.183 -28.4394 -49.6051 203.804 613.795 958.277 62.0299 1 0 0
0.182 -28.4799 -49.9824 202.815 615.259 957.883 61.7369 1 0 0
0.181 -28.5197 -50.3618 201.826 616.726 957.492 61.4434 1 0 0
0.18 -28.5588 -50.7433 200.838 618.195 957.104 61.1494 1 0 0
0.179 -28.597 -51.1268 199.85 619.666 956.719 60.855 1 0 0
0.178 -28.6345 -51.5125 198.862 621.14 956.336 60.5602 1 0 0
0.177 -28.6713 -51.9004 197.875 622.616 955.956 60.2648 1 0 0
0.176 -28.7073 -52.2906 196.889 624.094 955.578 59.9691 1 0 0
0.175 -28.7425 -52.683 195.903 625.575 955.204 59.6728 1 0 0
0.174 -28.777 -53.0779 194.918 627.058 954.831 59.3762 1 0 0
0.173 -28.8108 -53.4751 193.933 628.543 954.462 59.079 1 0 0
0.172 -28.8439 -53.8749 192.948 630.031 954.095 58.7814 1 0 0
0.171 -28.8763 -54.2771 191.964 631.521 953.731 58.4833 1 0 0
0.17 -28.9079 -54.682 190.981 633.013 953.369 58.1848 1 0 0
0.169 -28.9389 -55.0895 189.998 634.508 953.01 57.8858 1 0 0
0.168 -28.9691 -55.4998 189.015 636.004 952.654 57.5863 1 0 0
0.167 -28.9987 -55.9128 188.033 637.504 952.3 57.2864 1 0 0
0.166 -29.0275 -56.3287 187.051 639.005 951.949 56.986 1 0 0
0.165 -29.0557 -56.7475 186.07 640.509 951.601 56.6852 1 0 0
0.164 -29.0832 -57.1693 185.089 642.016 951.256 56.3839 1 0 0
0.163 -29.1101 -57.5942 184.109 643.525 950.913 56.0821 1 0 0
0.162 -29.1363 -58.0222 183.129 645.036 950.572 55.7798 1 0 0
0.161 -29.1618 -58.4534 182.15 646.549 950.235 55.4771 1 0 0
0.16 -29.1867 -58.8879 181.171 648.065 949.9 55.1739 1 0 0
0.159 -29.2109 -59.3257 180.192 649.584 949.567 54.8702 1 0 0
0.158 -29.2345 -59.7671 179.214 651.105 949.238 54.5661 1 0 0
0.157 -29.2574 -60.2119 178.236 652.628 948.911 54.2614 1 0 0
0.156 -29.2798 -60.6604 177.259 654.153 948.586 53.9563 1 0 0
0.155 -29.3015 -61.1125 176.282 655.682 948.265 53.6508 1 0 0
0.154 -29.3225 -61.5685 175.306 657.212 947.946 53.3447 1 0 0
0.153 -29.343 -62.0283 174.33 658.745 947.629 53.0382 1 0 0
0.152 -29.3629 -62.4922 173.355 660.281 947.316 52.7312 1 0 0
0.151 -29.3821 -62.96 172.38 661.819 947.005 52.4238 1 0 0
0.15 -29.4008 -63.4321 171.405 663.359 946.697 52.1158 1 0 0
0.149 -29.4188 -63.9085 170.431 664.902 946.391 51.8074 1 0 0
0.148 -29.4363 -64.3892 169.457 666.447 946.089 51.4985 1 0 0
0.147 -29.4532 -64.8744 168.484 667.995 945.788 51.1891 1 0 0
0.146 -29.4696 -65.3642 167.511 669.546 945.491 50.8793 1 0 0
0.145 -29.4853 -65.8588 166.539 671.099 945.196 50.5689 1 0 0
0.144 -29.5005 -66.3581 165.567 672.655 944.905 50.2581 1 0 0
0.143 -29.5152 -66.8625 164.595 674.213 944.615 49.9468 1 0 0
0.142 -29.5292 -67.3719 163.624 675.774 944.329 49.635 1 0 0
0.141 -29.5428 -67.8865 162.653 677.337 944.045 49.3227 1 0 0
0.14 -29.5558 -68.4064 161.683 678.903 943.764 49.01 1 0 0
0.139 -29.5682 -68.9318 160.713 680.472 943.486 48.6968 1 0 0
0.138 -29.5802 -69.4628 159.743 682.043 943.211 48.3831 1 0 0
0.137 -29.5915 -69.9996 158.774 683.617 942.938 48.0689 1 0 0
0.136 -29.6024 -70.5423 157.805 685.193 942.668 47.7542 1 0 0
0.135 -29.6128 -71.091 156.837 686.772 942.401 47.4391 1 0 0
0.134 -29.6226 -71.6459 155.869 688.354 942.137 47.1234 1 0 0
0.133 -29.632 -72.2072 154.901 689.939 941.875 46.8073 1 0 0
0.132 -29.6408 -72.775 153.934 691.526 941.617 46.4907 1 0 0
0.131 -29.6491 -73.3495 152.967 693.116 941.361 46.1736 1 0 0
0.13 -29.657 -73.931 152.001 694.709 941.108 45.856 1 0 0
0.129 -29.6643 -74.5194 151.035 696.305 940.858 45.538 1 0 0
0.128 -29.6712 -75.1152 150.069 697.903 940.611 45.2194 1 0 0
0.127 -29.6776 -75.7183 149.104 699.504 940.366 44.9004 1 0 0
0.126 -29.6836 -76.3292 148.139 701.108 940.125 44.5809 1 0 0
0.125 -29.689 -76.9478 147.175 702.715 939.886 44.2609 1 0 0
0.124 -29.6941 -77.5746 146.211 704.325 939.65 43.9405 1 0 0
0.123 -29.6986 -78.2096 145.247 705.937 939.418 43.6195 1 0 0
0.122 -29.7027 -78.8531 144.284 707.553 939.188 43.2981 1 0 0
0.121 -29.7064 -79.5054 143.321 709.171 938.961 42.9762 1 0 0
0.12 -29.7096 -80.1667 142.358 710.793 938.737 42.6538 1 0 0
0.119 -29.7124 -80.8372 141.396 712.417 938.516 42.3309 1 0 0
0.118 -29.7147 -81.5173 140.434 714.044 938.298 42.0075 1 0 0
0.117 -29.7166 -82.2071 139.472 715.674 938.083 41.6837 1 0 0
0.116 -29.7182 -82.9069 138.511 717.308 937.871 41.3593 1 0 0
0.115 -29.7193 -83.6171 137.55 718.944 937.662 41.0345 1 0 0
0.114 -29.7199 -84.338 136.59 720.583 937.456 40.7092 1 0 0
0.113 -29.7202 -85.0698 135.63 722.226 937.253 40.3835 1 0 0
0.112 -29.7201 -85.8128 134.67 723.871 937.053 40.0572 1 0 0
0.111 -29.7196 -86.5675 133.711 725.52 936.857 39.7305 1 0 0
0.11 -29.7187 -87.3341 132.752 727.172 936.663 39.4033 1 0 0
0.109 -29.7174 -88.113 131.793 728.827 936.473 39.0756 1 0 0
0.108 -29.7157 -88.9046 130.835 730.485 936.286 38.7475 1 0 0
0.107 -29.7137 -89.7093 129.877 732.147 936.101 38.4188 1 0 0
0.106 -29.7113 -90.5274 128.919 733.811 935.921 38.0897 1 0 0
0.105 -29.7085 -91.3594 127.962 735.479 935.743 37.7601 1 0 0
0.104 -29.7054 -92.2057 127.004 737.151 935.568 37.43 1 0 0
0.103 -29.7019 -93.0667 126.048 738.825 935.397 37.0995 1 0 0
0.102 -29.6981 -93.943 125.091 740.503 935.229 36.7685 1 0 0
0.101 -29.6939 -94.835 124.135 742.185 935.064 36.437 1 0 0
0.1 -29.6894 -95.7432 123.18 743.87 934.903 36.105 1 0 0
0.099 -29.6845 -96.6681 122.224 745.558 934.745 35.7726 1 0 0
0.098 -29.6794 -97.6103 121.269 747.25 934.59 35.4397 1 0 0
0.097 -29.6739 -98.5703 120.314 748.945 934.439 35.1063 1 0 0
0.096 -29.6681 -99.5488 119.36 750.644 934.291 34.7725 1 0 0
0.095 -29.6619 -100.546 118.406 752.346 934.147 34.4381 1 0 0
0.094 -29.6555 -101.564 117.452 754.052 934.006 34.1034 1 0 0
0.093 -29.6488 -102.601 116.499 755.762 933.868 33.7681 1 0 0
0.092 -29.6418 -103.66 115.545 757.476 933.734 33.4324 1 0 0
0.091 -29.6345 -104.741 114.592 759.193 933.603 33.0962 1 0 0
0.09 -29.6269 -105.844 113.64 760.914 933.476 32.7595 1 0 0
0.089 -29.619 -106.97 112.687 762.638 933.353 32.4224 1 0 0
0.088 -29.6109 -108.121 111.735 764.367 933.233 32.0848 1 0 0
0.087 -29.6025 -109.297 110.784 766.099 933.117 31.7468 1 0 0
0.086 -29.5938 -110.498 109.832 767.835 933.005 31.4083 1 0 0
0.085 -29.5849 -111.727 108.881 769.576 932.896 31.0693 1 0 0
0.084 -29.5757 -112.984 107.93 771.32 932.791 30.7299 1 0 0
0.083 -29.5663 -114.27 106.979 773.068 932.689 30.39 1 0 0
0.082 -29.5566 -115.586 106.029 774.82 932.592 30.0496 1 0 0
0.081 -29.5467 -116.933 105.079 776.577 932.498 29.7088 1 0 0
0.08 -29.5366 -118.313 104.129 778.337 932.408 29.3675 1 0 0
0.079 -29.5263 -119.727 103.18 780.102 932.322 29.0258 1 0 0
0.078 -29.5157 -121.175 102.23 781.871 932.24 28.6836 1 0 0
0.077 -29.505 -122.661 101.281 783.644 932.162 28.3409 1 0 0
0.076 -29.494 -124.184 100.333 785.422 932.087 27.9978 1 0 0
0.075 -29.4828 -125.747 99.3841 787.204 932.017 27.6542 1 0 0
0.074 -29.4715 -127.352 98.4359 788.99 931.951 27.3102 1 0 0
0.073 -29.46 -128.999 97.4879 790.781 931.889 26.9657 1 0 0
0.072 -29.4483 -130.692 96.5401 792.576 931.831 26.6208 1 0 0
0.071 -29.4364 -132.431 95.5926 794.376 931.777 26.2754 1 0 0
0.07 -29.4243 -134.22 94.6453 796.181 931.728 25.9295 1 0 0
0.069 -29.4121 -136.059 93.6982 797.99 931.682 25.5832 1 0 0
0.068 -29.3998 -137.952 92.7514 799.804 931.641 25.2365 1 0 0
0.067 -29.3873 -139.901 91.8048 801.623 931.604 24.8893 1 0 0
0.066 -29.3747 -141.908 90.8584 803.446 931.572 24.5416 1 0 0
0.065 -29.3619 -143.977 89.9122 805.275 931.544 24.1935 1 0 0
0.064 -29.349 -146.11 88.9663 807.108 931.52 23.8449 1 0 0
0.063 -29.336 -148.31 88.0206 808.947 931.501 23.4958 1 0 0
0.062 -29.3229 -150.581 87.075 810.79 931.486 23.1463 1 0 0
0.061 -29.3097 -152.927 86.1297 812.639 931.476 22.7964 1 0 0
0.06 -29.2964 -155.35 85.1846 814.493 931.471 22.4459 1 0 0
0.059 -29.283 -157.855 84.2397 816.352 931.47 22.0951 1 0 0
0.058 -29.2695 -160.447 83.295 818.217 931.474 21.7437 1 0 0
0.057 -29.2559 -163.13 82.3504 820.087 931.482 21.3919 1 0 0
0.056 -29.2423 -165.909 81.4061 821.962 931.495 21.0396 1 0 0
0.055 -29.2287 -168.789 80.4619 823.843 931.513 20.6869 1 0 0
0.054 -29.2149 -171.777 79.5179 825.73 931.536 20.3337 1 0 0
0.053 -29.2012 -174.877 78.5741 827.623 931.564 19.98 1 0 0
0.052 -29.1874 -178.097 77.6304 829.521 931.597 19.6258 1 0 0
0.051 -29.1736 -181.445 76.6869 831.425 931.635 19.2712 1 0 0
0.05 -29.1597 -184.927 75.7436 833.335 931.678 18.916 1 0 0
0.049 -29.1459 -188.552 74.8004 835.251 931.726 18.5604 1 0 0
0.048 -29.132 -192.329 73.8574 837.173 931.779 18.2043 1 0 0
0.047 -29.1182 -196.268 72.9146 839.101 931.837 17.8477 1 0 0
0.046 -29.1044 -200.38 71.9718 841.036 931.901 17.4907 1 0 0
0.045 -29.0906 -204.676 71.0292 842.977 931.97 17.1331 1 0 0
0.044 -29.0768 -209.168 70.0868 844.924 932.044 16.775 1 0 0
0.043 -29.0631 -213.872 69.1445 846.878 932.123 16.4164 1 0 0
0.042 -29.0495 -218.801 68.2022 848.839 932.208 16.0572 1 0 0
0.041 -29.0359 -223.973 67.2602 850.807 932.299 15.6975 1 0 0
0.04 -29.0224 -229.406 66.3182 852.781 932.395 15.3373 1 0 0
0.039 -29.009 -235.121 65.3763 854.762 932.496 14.9766 1 0 0
0.038 -28.9957 -241.138 64.4346 856.751 932.603 14.6153 1 0 0
0.037 -28.9825 -247.484 63.4929 858.746 932.716 14.2534 1 0 0
0.036 -28.9694 -254.186 62.5514 860.749 932.834 13.8909 1 0 0
0.035 -28.9564 -261.274 61.6099 862.759 932.958 13.5279 1 0 0
0.034 -28.9436 -268.782 60.6686 864.777 933.088 13.1642 1 0 0
0.033 -28.9309 -276.75 59.7273 866.802 933.224 12.8 1 0 0
0.032 -28.9184 -285.22 58.786 868.836 933.365 12.4351 1 0 0
0.031 -28.906 -294.242 57.8449 870.877 933.512 12.0695 1 0 0
0.03 -28.8939 -303.869 56.9038 872.926 933.665 11.7033 1 0 0
0.029 -28.8819 -314.166 55.9628 874.983 933.824 11.3363 1 0 0
0.028 -28.8701 -325.205 55.0218 877.049 933.989 10.9687 1 0 0
0.027 -28.8586 -337.067 54.0809 879.123 934.159 10.6003 1 0 0
0.026 -28.8473 -349.848 53.1401 881.205 934.336 10.2312 1 0 0
0.025 -28.8363 -363.659 52.1992 883.297 934.518 9.86122 1 0 0
0.024 -28.8255 -378.629 51.2584 885.397 934.706 9.49043 1 0 0
0.023 -28.815 -394.908 50.3177 887.507 934.9 9.11877 1 0 0
0.022 -28.8048 -412.677 49.377 889.625 935.099 8.74619 1 0 0
0.021 -28.7949 -432.147 48.4363 891.753 935.304 8.37266 1 0 0
0.02 -28.7853 -453.575 47.4956 893.891 935.514 7.99811 1 0 0
0.019 -28.776 -477.269 46.5549 896.039 935.729 7.62249 1 0 0
0.018 -28.7671 -503.609 45.6142 898.196 935.95 7.24574 1 0 0
0.017 -28.7586 -533.06 44.6736 900.364 936.176 6.86777 1 0 0
0.016 -28.7504 -566.207 43.7329 902.541 936.406 6.48851 1 0 0
0.015 -28.7427 -603.789 42.7923 904.73 936.64 6.10786 1 0 0
0.014 -28.7353 -646.757 41.8516 906.929 936.878 5.72571 1 0 0
0.013 -28.7284 -696.353 40.911 909.14 937.12 5.34193 1 0 0
0.012 -28.722 -754.236 39.9703 911.361 937.364 4.95636 1 0 0
0.011 -28.716 -822.665 39.0297 913.594 937.61 4.56883 1 0 0
0.01 -28.7104 -904.805 38.089 915.839 937.857 4.17913 1 0 0
0.009 -28.7054 -1005.23 37.1483 918.096 938.103 3.78699 1 0 0
0.008 -28.7009 -1130.78 36.2077 920.365 938.347 3.39208 1 0 0
0.007 -28.6969 -1292.25 35.267 922.646 938.586 2.99401 1 0 0
0.006 -28.6935 -1507.57 34.3264 924.941 938.817 2.59222 1 0 0
0.005 -28.6906 -1809.07 33.3858 927.249 939.035 2.18599 1 0 0
0.004 -28.6883 -2261.37 32.4452 929.57 939.233 1.77429 1 0 0
0.003 -28.6866 -3015.27 31.5048 931.905 939.399 1.35555 1 0 0
0.002 -28.6855 -4523.14 30.5645 934.255 939.511 0.927082 1 0 0
0.001 -28.6849 -9046.8 29.6244 936.62 939.514 0.483256 1 0 0
