1 367.19 309.887 1253.99 32.4472 1621.18 121.435 0.553049 0.446951 0
0.999 366.514 309.515 1252.37 32.6109 1620.51 121.502 0.553278 0.446722 0
0.998 365.839 309.142 1250.75 32.7749 1619.83 121.568 0.553508 0.446492 0
0.997 365.164 308.77 1249.14 32.9391 1619.16 121.635 0.553739 0.446261 0
0.996 364.489 308.397 1247.52 33.1035 1618.49 121.701 0.55397 0.44603 0
0.995 363.814 308.025 1245.91 33.2681 1617.81 121.768 0.554202 0.445798 0
0.994 363.141 307.652 1244.29 33.4331 1617.14 121.835 0.554435 0.445565 0
0.993 362.467 307.279 1242.68 33.5982 1616.46 121.901 0.554668 0.445332 0
0.992 361.794 306.907 1241.07 33.7636 1615.79 121.968 0.554901 0.445099 0
0.991 361.121 306.534 1239.46 33.9293 1615.11 122.035 0.555135 0.444865 0
0.99 360.449 306.161 1237.85 34.0952 1614.44 122.102 0.55537 0.44463 0
0.989 359.777 305.788 1236.23 34.2613 1613.76 122.169 0.555606 0.444394 0
0.988 359.106 305.415 1234.62 34.4277 1613.09 122.236 0.555842 0.444158 0
0.987 358.435 305.041 1233.02 34.5944 1612.41 122.304 0.556078 0.443922 0
0.986 357.765 304.668 1231.41 34.7613 1611.74 122.371 0.556315 0.443685 0
0.985 357.095 304.295 1229.8 34.9284 1611.06 122.438 0.556553 0.443447 0
0.984 356.425 303.921 1228.19 35.0958 1610.38 122.506 0.556792 0.443208 0
0.983 355.756 303.548 1226.59 35.2635 1609.71 122.573 0.557031 0.442969 0
0.982 355.087 303.174 1224.98 35.4314 1609.03 122.641 0.55727 0.44273 0
0.981 354.419 302.801 1223.37 35.5996 1608.35 122.708 0.557511 0.442489 0
0.98 353.751 302.427 1221.77 35.768 1607.67 122.776 0.557752 0.442248 0
0.979 353.083 302.053 1220.17 35.9367 1607 122.844 0.557993 0.442007 0
0.978 352.416 301.679 1218.56 36.1056 1606.32 122.911 0.558235 0.441765 0
0.977 351.749 301.306 1216.96 36.2748 1605.64 122.979 0.558478 0.441522 0
0.976 351.083 300.932 1215.36 36.4443 1604.96 123.047 0.558722 0.441278 0
0.975 350.417 300.558 1213.76 36.614 1604.28 123.115 0.558966 0.441034 0
0.974 349.752 300.183 1212.16 36.7839 1603.6 123.183 0.55921 0.44079 0
0.973 349.087 299.809 1210.56 36.9542 1602.92 123.251 0.559456 0.440544 0
0.972 348.423 299.435 1208.96 37.1247 1602.24 123.319 0.559702 0.440298 0
0.971 347.759 299.061 1207.36 37.2954 1601.56 123.388 0.559948 0.440052 0
0.97 347.095 298.686 1205.76 37.4664 1600.88 123.456 0.560196 0.439804 0
0.969 346.432 298.312 1204.17 37.6377 1600.2 123.524 0.560443 0.439557 0
0.968 345.769 297.937 1202.57 37.8092 1599.52 123.593 0.560692 0.439308 0
0.967 345.107 297.563 1200.97 37.9811 1598.84 123.661 0.560941 0.439059 0
0.966 344.445 297.188 1199.38 38.1531 1598.16 123.73 0.561191 0.438809 0
0.965 343.783 296.813 1197.78 38.3255 1597.48 123.798 0.561442 0.438558 0
0.964 343.122 296.438 1196.19 38.4981 1596.8 123.867 0.561693 0.438307 0
0.963 342.462 296.064 1194.6 38.6709 1596.12 123.936 0.561944 0.438056 0
0.962 341.802 295.689 1193.01 38.8441 1595.43 124.004 0.562197 0.437803 0
0.961 341.142 295.314 1191.41 39.0175 1594.75 124.073 0.56245 0.43755 0
0.96 340.483 294.938 1189.82 39.1912 1594.07 124.142 0.562704 0.437296 0
0.959 339.824 294.563 1188.23 39.3651 1593.39 124.211 0.562958 0.437042 0
0.958 339.166 294.188 1186.64 39.5394 1592.7 124.28 0.563213 0.436787 0
0.957 338.508 293.813 1185.06 39.7139 1592.02 124.349 0.563469 0.436531 0
0.956 337.85 293.437 1183.47 39.8886 1591.34 124.419 0.563725 0.436275 0
0.955 337.193 293.062 1181.88 40.0637 1590.65 124.488 0.563983 0.436017 0
0.954 336.536 292.686 1180.29 40.239 1589.97 124.557 0.56424 0.43576 0
0.953 335.88 292.311 1178.71 40.4146 1589.28 124.627 0.564499 0.435501 0
0.952 335.224 291.935 1177.12 40.5905 1588.6 124.696 0.564758 0.435242 0
0.951 334.569 291.559 1175.54 40.7666 1587.91 124.766 0.565018 0.434982 0
0.95 333.914 291.184 1173.95 40.943 1587.23 124.835 0.565278 0.434722 0
0.949 333.26 290.808 1172.37 41.1197 1586.54 124.905 0.565539 0.434461 0
0.948 332.606 290.432 1170.79 41.2967 1585.86 124.975 0.565801 0.434199 0
0.947 331.952 290.056 1169.21 41.474 1585.17 125.044 0.566064 0.433936 0
0.946 331.299 289.68 1167.63 41.6515 1584.49 125.114 0.566327 0.433673 0
0.945 330.647 289.304 1166.04 41.8294 1583.8 125.184 0.566591 0.433409 0
0.944 329.994 288.927 1164.47 42.0075 1583.11 125.254 0.566856 0.433144 0
0.943 329.343 288.551 1162.89 42.1859 1582.43 125.324 0.567121 0.432879 0
0.942 328.691 288.175 1161.31 42.3646 1581.74 125.394 0.567387 0.432613 0
0.941 328.04 287.798 1159.73 42.5435 1581.05 125.464 0.567654 0.432346 0
0.94 327.39 287.422 1158.15 42.7228 1580.37 125.534 0.567921 0.432079 0
0.939 326.74 287.045 1156.58 42.9023 1579.68 125.605 0.568189 0.431811 0
0.938 326.091 286.668 1155 43.0821 1578.99 125.675 0.568458 0.431542 0
0.937 325.441 286.292 1153.43 43.2623 1578.3 125.745 0.568728 0.431272 0
0.936 324.793 285.915 1151.85 43.4427 1577.61 125.816 0.568998 0.431002 0
0.935 324.145 285.538 1150.28 43.6234 1576.92 125.887 0.569269 0.430731 0
0.934 323.497 285.161 1148.71 43.8043 1576.23 125.957 0.569541 0.430459 0
0.933 322.85 284.784 1147.13 43.9856 1575.55 126.028 0.569813 0.430187 0
0.932 322.203 284.407 1145.56 44.1672 1574.86 126.099 0.570086 0.429914 0
0.931 321.557 284.03 1143.99 44.3491 1574.17 126.169 0.57036 0.42964 0
0.93 320.911 283.653 1142.42 44.5312 1573.48 126.24 0.570635 0.429365 0
0.929 320.265 283.276 1140.85 44.7137 1572.79 126.311 0.57091 0.42909 0
0.928 319.62 282.898 1139.28 44.8964 1572.09 126.382 0.571186 0.428814 0
0.927 318.976 282.521 1137.72 45.0795 1571.4 126.453 0.571463 0.428537 0
0.926 318.332 282.143 1136.15 45.2628 1570.71 126.524 0.57174 0.42826 0
0.925 317.688 281.766 1134.58 45.4465 1570.02 126.595 0.572019 0.427981 0
0.924 317.045 281.388 1133.02 45.6304 1569.33 126.667 0.572298 0.427702 0
0.923 316.402 281.011 1131.45 45.8147 1568.64 126.738 0.572577 0.427423 0
0.922 315.76 280.633 1129.89 45.9992 1567.95 126.809 0.572858 0.427142 0
0.921 315.118 280.255 1128.32 46.1841 1567.25 126.881 0.573139 0.426861 0
0.92 314.477 279.877 1126.76 46.3692 1566.56 126.952 0.573421 0.426579 0
0.919 313.836 279.499 1125.2 46.5547 1565.87 127.024 0.573704 0.426296 0
0.918 313.195 279.121 1123.64 46.7404 1565.18 127.095 0.573987 0.426013 0
0.917 312.555 278.743 1122.07 46.9265 1564.48 127.167 0.574272 0.425728 0
0.916 311.916 278.365 1120.51 47.1129 1563.79 127.239 0.574557 0.425443 0
0.915 311.277 277.987 1118.96 47.2996 1563.09 127.311 0.574843 0.425157 0
0.914 310.638 277.608 1117.4 47.4866 1562.4 127.382 0.575129 0.424871 0
0.913 310 277.23 1115.84 47.6739 1561.71 127.454 0.575416 0.424584 0
0.912 309.362 276.852 1114.28 47.8615 1561.01 127.526 0.575705 0.424295 0
0.911 308.725 276.473 1112.72 48.0494 1560.32 127.598 0.575993 0.424007 0
0.91 308.088 276.095 1111.17 48.2376 1559.62 127.671 0.576283 0.423717 0
0.909 307.452 275.716 1109.61 48.4262 1558.93 127.743 0.576573 0.423427 0
0.908 306.816 275.337 1108.06 48.6151 1558.23 127.815 0.576865 0.423135 0
0.907 306.181 274.958 1106.5 48.8043 1557.54 127.887 0.577157 0.422843 0
0.906 305.546 274.58 1104.95 48.9937 1556.84 127.96 0.577449 0.422551 0
0.905 304.911 274.201 1103.4 49.1836 1556.14 128.032 0.577743 0.422257 0
0.904 304.277 273.822 1101.85 49.3737 1555.45 128.105 0.578037 0.421963 0
0.903 303.644 273.443 1100.3 49.5642 1554.75 128.177 0.578332 0.421668 0
0.902 303.011 273.064 1098.74 49.7549 1554.05 128.25 0.578628 0.421372 0
0.901 302.378 272.684 1097.19 49.946 1553.36 128.323 0.578925 0.421075 0
0.9 301.746 272.305 1095.65 50.1374 1552.66 128.395 0.579223 0.420777 0
0.899 301.115 271.926 1094.1 50.3292 1551.96 128.468 0.579521 0.420479 0
0.898 300.484 271.546 1092.55 50.5212 1551.26 128.541 0.57982 0.42018 0
0.897 299.853 271.167 1091 50.7136 1550.56 128.614 0.58012 0.41988 0
0.896 299.223 270.787 1089.46 50.9064 1549.87 128.687 0.580421 0.419579 0
0.895 298.593 270.408 1087.91 51.0994 1549.17 128.76 0.580722 0.419278 0
0.894 297.964 270.028 1086.37 51.2928 1548.47 128.833 0.581025 0.418975 0
0.893 297.335 269.649 1084.82 51.4865 1547.77 128.906 0.581328 0.418672 0
0.892 296.706 269.269 1083.28 51.6805 1547.07 128.98 0.581632 0.418368 0
0.891 296.079 268.889 1081.74 51.8749 1546.37 129.053 0.581937 0.418063 0
0.89 295.451 268.509 1080.19 52.0696 1545.67 129.126 0.582243 0.417757 0
0.889 294.824 268.129 1078.65 52.2646 1544.97 129.2 0.582549 0.417451 0
0.888 294.198 267.749 1077.11 52.4599 1544.27 129.273 0.582856 0.417144 0
0.887 293.572 267.369 1075.57 52.6556 1543.57 129.347 0.583165 0.416835 0
0.886 292.946 266.989 1074.03 52.8517 1542.87 129.42 0.583474 0.416526 0
0.885 292.321 266.608 1072.49 53.048 1542.17 129.494 0.583783 0.416217 0
0.884 291.697 266.228 1070.96 53.2447 1541.46 129.568 0.584094 0.415906 0
0.883 291.073 265.848 1069.42 53.4418 1540.76 129.642 0.584406 0.415594 0
0.882 290.449 265.467 1067.88 53.6392 1540.06 129.715 0.584718 0.415282 0
0.881 289.826 265.087 1066.35 53.8369 1539.36 129.789 0.585031 0.414969 0
0.88 289.204 264.706 1064.81 54.035 1538.66 129.863 0.585346 0.414654 0
0.879 288.581 264.325 1063.28 54.2334 1537.95 129.937 0.585661 0.414339 0
0.878 287.96 263.945 1061.75 54.4321 1537.25 130.011 0.585976 0.414024 0
0.877 287.339 263.564 1060.21 54.6312 1536.55 130.086 0.586293 0.413707 0
0.876 286.718 263.183 1058.68 54.8307 1535.84 130.16 0.586611 0.413389 0
0.875 286.098 262.802 1057.15 55.0305 1535.14 130.234 0.586929 0.413071 0
0.874 285.478 262.421 1055.62 55.2306 1534.44 130.309 0.587248 0.412752 0
0.873 284.859 262.04 1054.09 55.4311 1533.73 130.383 0.587569 0.412431 0
0.872 284.24 261.659 1052.56 55.632 1533.03 130.457 0.58789 0.41211 0
0.871 283.622 261.278 1051.03 55.8332 1532.32 130.532 0.588212 0.411788 0
0.87 283.004 260.896 1049.5 56.0347 1531.62 130.607 0.588534 0.411466 0
0.869 282.387 260.515 1047.98 56.2366 1530.91 130.681 0.588858 0.411142 0
0.868 281.77 260.134 1046.45 56.4389 1530.21 130.756 0.589183 0.410817 0
0.867 281.154 259.752 1044.92 56.6415 1529.5 130.831 0.589508 0.410492 0
0.866 280.538 259.371 1043.4 56.8445 1528.8 130.906 0.589835 0.410165 0
0.865 279.922 258.989 1041.87 57.0478 1528.09 130.98 0.590162 0.409838 0
0.864 279.308 258.608 1040.35 57.2515 1527.38 131.055 0.59049 0.40951 0
0.863 278.693 258.226 1038.83 57.4556 1526.68 131.13 0.590819 0.409181 0
0.862 278.079 257.844 1037.31 57.66 1525.97 131.206 0.591149 0.408851 0
0.861 277.466 257.462 1035.78 57.8648 1525.26 131.281 0.59148 0.40852 0
0.86 276.853 257.08 1034.26 58.0699 1524.55 131.356 0.591812 0.408188 0
0.859 276.241 256.698 1032.74 58.2754 1523.85 131.431 0.592145 0.407855 0
0.858 275.629 256.316 1031.22 58.4813 1523.14 131.506 0.592478 0.407522 0
0.857 275.017 255.934 1029.71 58.6876 1522.43 131.582 0.592813 0.407187 0
0.856 274.406 255.552 1028.19 58.8942 1521.72 131.657 0.593149 0.406851 0
0.855 273.796 255.17 1026.67 59.1011 1521.01 131.733 0.593485 0.406515 0
0.854 273.186 254.787 1025.15 59.3085 1520.31 131.808 0.593822 0.406178 0
0.853 272.576 254.405 1023.64 59.5162 1519.6 131.884 0.594161 0.405839 0
0.852 271.968 254.023 1022.12 59.7243 1518.89 131.96 0.5945 0.4055 0
0.851 271.359 253.64 1020.61 59.9328 1518.18 132.035 0.59484 0.40516 0
0.85 270.751 253.258 1019.1 60.1417 1517.47 132.111 0.595181 0.404819 0
0.849 270.144 252.875 1017.58 60.3509 1516.76 132.187 0.595523 0.404477 0
0.848 269.537 252.492 1016.07 60.5605 1516.05 132.263 0.595866 0.404134 0
0.847 268.93 252.109 1014.56 60.7705 1515.34 132.339 0.59621 0.40379 0
0.846 268.324 251.727 1013.05 60.9808 1514.63 132.415 0.596555 0.403445 0
0.845 267.719 251.344 1011.54 61.1916 1513.91 132.491 0.596901 0.403099 0
0.844 267.114 250.961 1010.03 61.4027 1513.2 132.567 0.597248 0.402752 0
0.843 266.509 250.578 1008.52 61.6142 1512.49 132.643 0.597596 0.402404 0
0.842 265.905 250.195 1007.01 61.8261 1511.78 132.72 0.597945 0.402055 0
0.841 265.302 249.812 1005.51 62.0384 1511.07 132.796 0.598295 0.401705 0
0.84 264.699 249.428 1004 62.2511 1510.36 132.872 0.598646 0.401354 0
0.839 264.097 249.045 1002.49 62.4642 1509.64 132.949 0.598997 0.401003 0
0.838 263.495 248.662 1000.99 62.6776 1508.93 133.025 0.59935 0.40065 0
0.837 262.893 248.278 999.485 62.8915 1508.22 133.102 0.599704 0.400296 0
0.836 262.292 247.895 997.982 63.1057 1507.5 133.178 0.600059 0.399941 0
0.835 261.692 247.511 996.479 63.3204 1506.79 133.255 0.600414 0.399586 0
0.834 261.092 247.128 994.977 63.5354 1506.08 133.332 0.600771 0.399229 0
0.833 260.493 246.744 993.475 63.7508 1505.36 133.408 0.601129 0.398871 0
0.832 259.894 246.36 991.975 63.9667 1504.65 133.485 0.601488 0.398512 0
0.831 259.295 245.976 990.475 64.1829 1503.94 133.562 0.601847 0.398153 0
0.83 258.697 245.593 988.976 64.3995 1503.22 133.639 0.602208 0.397792 0
0.829 258.1 245.209 987.477 64.6165 1502.51 133.716 0.60257 0.39743 0
0.828 257.503 244.825 985.979 64.834 1501.79 133.793 0.602933 0.397067 0
0.827 256.907 244.441 984.482 65.0518 1501.08 133.87 0.603297 0.396703 0
0.826 256.311 244.057 982.986 65.2701 1500.36 133.948 0.603661 0.396339 0
0.825 255.716 243.672 981.491 65.4887 1499.64 134.025 0.604027 0.395973 0
0.824 255.121 243.288 979.996 65.7078 1498.93 134.102 0.604394 0.395606 0
0.823 254.527 242.904 978.501 65.9272 1498.21 134.179 0.604762 0.395238 0
0.822 253.933 242.519 977.008 66.1471 1497.49 134.257 0.605131 0.394869 0
0.821 253.34 242.135 975.515 66.3674 1496.78 134.334 0.605501 0.394499 0
0.82 252.747 241.751 974.023 66.5881 1496.06 134.412 0.605872 0.394128 0
0.819 252.155 241.366 972.532 66.8092 1495.34 134.489 0.606244 0.393756 0
0.818 251.563 240.981 971.042 67.0308 1494.63 134.567 0.606618 0.393382 0
0.817 250.972 240.597 969.552 67.2527 1493.91 134.645 0.606992 0.393008 0
0.816 250.381 240.212 968.063 67.4751 1493.19 134.722 0.607367 0.392633 0
0.815 249.791 239.827 966.574 67.6979 1492.47 134.8 0.607744 0.392256 0
0.814 249.201 239.442 965.087 67.9211 1491.75 134.878 0.608121 0.391879 0
0.813 248.612 239.057 963.6 68.1448 1491.04 134.956 0.6085 0.3915 0
0.812 248.024 238.672 962.114 68.3688 1490.32 135.034 0.608879 0.391121 0
0.811 247.435 238.287 960.628 68.5933 1489.6 135.112 0.60926 0.39074 0
0.81 246.848 237.902 959.143 68.8183 1488.88 135.19 0.609642 0.390358 0
0.809 246.261 237.517 957.659 69.0436 1488.16 135.268 0.610024 0.389976 0
0.808 245.674 237.132 956.176 69.2694 1487.44 135.346 0.610408 0.389592 0
0.807 245.088 236.746 954.694 69.4956 1486.72 135.424 0.610793 0.389207 0
0.806 244.503 236.361 953.212 69.7223 1486 135.503 0.61118 0.38882 0
0.805 243.918 235.976 951.731 69.9494 1485.28 135.581 0.611567 0.388433 0
0.804 243.334 235.59 950.25 70.1769 1484.56 135.659 0.611955 0.388045 0
0.803 242.75 235.205 948.771 70.4048 1483.84 135.738 0.612345 0.387655 0
0.802 242.166 234.819 947.292 70.6332 1483.11 135.816 0.612735 0.387265 0
0.801 241.584 234.433 945.813 70.8621 1482.39 135.895 0.613127 0.386873 0
0.8 241.001 234.047 944.336 71.0913 1481.67 135.973 0.61352 0.38648 0
0.799 240.42 233.662 942.859 71.3211 1480.95 136.052 0.613914 0.386086 0
0.798 239.838 233.276 941.383 71.5512 1480.23 136.131 0.614309 0.385691 0
0.797 239.258 232.89 939.908 71.7819 1479.51 136.209 0.614705 0.385295 0
0.796 238.678 232.504 938.433 72.0129 1478.78 136.288 0.615103 0.384897 0
0.795 238.098 232.118 936.96 72.2444 1478.06 136.367 0.615501 0.384499 0
0.794 237.519 231.732 935.486 72.4764 1477.34 136.446 0.615901 0.384099 0
0.793 236.94 231.345 934.014 72.7088 1476.61 136.525 0.616302 0.383698 0
0.792 236.362 230.959 932.542 72.9417 1475.89 136.604 0.616704 0.383296 0
0.791 235.785 230.573 931.071 73.175 1475.17 136.683 0.617107 0.382893 0
0.79 235.208 230.187 929.601 73.4088 1474.44 136.762 0.617511 0.382489 0
0.789 234.632 229.8 928.132 73.6431 1473.72 136.841 0.617916 0.382084 0
0.788 234.056 229.414 926.663 73.8778 1472.99 136.92 0.618323 0.381677 0
0.787 233.48 229.027 925.195 74.1129 1472.27 137 0.618731 0.381269 0
0.786 232.906 228.64 923.728 74.3486 1471.54 137.079 0.61914 0.38086 0
0.785 232.331 228.254 922.261 74.5847 1470.82 137.158 0.61955 0.38045 0
0.784 231.758 227.867 920.796 74.8212 1470.09 137.238 0.619962 0.380038 0
0.783 231.184 227.48 919.33 75.0582 1469.37 137.317 0.620374 0.379626 0
0.782 230.612 227.093 917.866 75.2957 1468.64 137.397 0.620788 0.379212 0
0.781 230.04 226.706 916.403 75.5337 1467.92 137.476 0.621203 0.378797 0
0.78 229.468 226.319 914.94 75.7722 1467.19 137.556 0.621619 0.378381 0
0.779 228.897 225.932 913.477 76.0111 1466.46 137.636 0.622036 0.377964 0
0.778 228.327 225.545 912.016 76.2505 1465.74 137.715 0.622455 0.377545 0
0.777 227.757 225.158 910.555 76.4904 1465.01 137.795 0.622875 0.377125 0
0.776 227.188 224.771 909.095 76.7307 1464.28 137.875 0.623296 0.376704 0
0.775 226.619 224.384 907.636 76.9715 1463.55 137.955 0.623718 0.376282 0
0.774 226.051 223.996 906.178 77.2129 1462.83 138.035 0.624142 0.375858 0
0.773 225.483 223.609 904.72 77.4547 1462.1 138.115 0.624566 0.375434 0
0.772 224.916 223.221 903.263 77.697 1461.37 138.195 0.624992 0.375008 0
0.771 224.349 222.834 901.807 77.9397 1460.64 138.275 0.62542 0.37458 0
0.77 223.783 222.446 900.351 78.183 1459.91 138.355 0.625848 0.374152 0
0.769 223.218 222.059 898.896 78.4268 1459.19 138.435 0.626278 0.373722 0
0.768 222.653 221.671 897.442 78.671 1458.46 138.515 0.626709 0.373291 0
0.767 222.088 221.283 895.989 78.9157 1457.73 138.595 0.627141 0.372859 0
0.766 221.524 220.895 894.536 79.161 1457 138.675 0.627575 0.372425 0
0.765 220.961 220.507 893.084 79.4067 1456.27 138.756 0.628009 0.371991 0
0.764 220.398 220.12 891.633 79.653 1455.54 138.836 0.628446 0.371554 0
0.763 219.836 219.731 890.183 79.8997 1454.81 138.917 0.628883 0.371117 0
0.762 219.275 219.343 888.733 80.147 1454.08 138.997 0.629322 0.370678 0
0.761 218.714 218.955 887.284 80.3947 1453.35 139.077 0.629762 0.370238 0
0.76 218.153 218.567 885.836 80.643 1452.62 139.158 0.630203 0.369797 0
0.759 217.593 218.179 884.389 80.8917 1451.89 139.239 0.630645 0.369355 0
0.758 217.034 217.791 882.942 81.141 1451.16 139.319 0.631089 0.368911 0
0.757 216.475 217.402 881.496 81.3908 1450.42 139.4 0.631534 0.368466 0
0.756 215.917 217.014 880.051 81.6411 1449.69 139.481 0.631981 0.368019 0
0.755 215.359 216.625 878.606 81.8919 1448.96 139.561 0.632429 0.367571 0
0.754 214.802 216.237 877.162 82.1432 1448.23 139.642 0.632878 0.367122 0
0.753 214.245 215.848 875.719 82.3951 1447.5 139.723 0.633328 0.366672 0
0.752 213.689 215.459 874.277 82.6475 1446.76 139.804 0.63378 0.36622 0
0.751 213.134 215.071 872.836 82.9004 1446.03 139.885 0.634233 0.365767 0
0.75 212.579 214.682 871.395 83.1538 1445.3 139.966 0.634688 0.365312 0
0.749 212.025 214.293 869.955 83.4077 1444.57 140.047 0.635143 0.364857 0
0.748 211.471 213.904 868.515 83.6622 1443.83 140.128 0.635601 0.364399 0
0.747 210.918 213.515 867.077 83.9172 1443.1 140.209 0.636059 0.363941 0
0.746 210.365 213.126 865.639 84.1728 1442.36 140.29 0.636519 0.363481 0
0.745 209.813 212.737 864.202 84.4288 1441.63 140.371 0.63698 0.36302 0
0.744 209.262 212.348 862.765 84.6854 1440.9 140.453 0.637443 0.362557 0
0.743 208.711 211.959 861.33 84.9426 1440.16 140.534 0.637907 0.362093 0
0.742 208.161 211.569 859.895 85.2003 1439.43 140.615 0.638372 0.361628 0
0.741 207.611 211.18 858.461 85.4585 1438.69 140.696 0.638839 0.361161 0
0.74 207.062 210.791 857.027 85.7173 1437.96 140.778 0.639307 0.360693 0
0.739 206.513 210.401 855.594 85.9766 1437.22 140.859 0.639777 0.360223 0
0.738 205.965 210.012 854.162 86.2365 1436.49 140.941 0.640248 0.359752 0
0.737 205.418 209.622 852.731 86.4969 1435.75 141.022 0.64072 0.35928 0
0.736 204.871 209.233 851.301 86.7579 1435.02 141.104 0.641194 0.358806 0
0.735 204.325 208.843 849.871 87.0194 1434.28 141.185 0.641669 0.358331 0
0.734 203.779 208.453 848.442 87.2815 1433.54 141.267 0.642146 0.357854 0
0.733 203.234 208.063 847.014 87.5441 1432.81 141.349 0.642624 0.357376 0
0.732 202.689 207.673 845.586 87.8073 1432.07 141.43 0.643104 0.356896 0
0.731 202.146 207.284 844.16 88.071 1431.33 141.512 0.643585 0.356415 0
0.73 201.602 206.894 842.734 88.3354 1430.6 141.594 0.644067 0.355933 0
0.729 201.059 206.504 841.308 88.6002 1429.86 141.676 0.644551 0.355449 0
0.728 200.517 206.113 839.884 88.8657 1429.12 141.757 0.645036 0.354964 0
0.727 199.976 205.723 838.46 89.1317 1428.38 141.839 0.645523 0.354477 0
0.726 199.435 205.333 837.037 89.3983 1427.65 141.921 0.646012 0.353988 0
0.725 198.894 204.943 835.615 89.6655 1426.91 142.003 0.646501 0.353499 0
0.724 198.354 204.552 834.193 89.9332 1426.17 142.085 0.646992 0.353008 0
0.723 197.815 204.162 832.772 90.2015 1425.43 142.167 0.647485 0.352515 0
0.722 197.276 203.772 831.352 90.4704 1424.69 142.249 0.647979 0.352021 0
0.721 196.738 203.381 829.933 90.7399 1423.95 142.331 0.648475 0.351525 0
0.72 196.201 202.991 828.514 91.01 1423.22 142.413 0.648972 0.351028 0
0.719 195.664 202.6 827.096 91.2806 1422.48 142.496 0.649471 0.350529 0
0.718 195.128 202.209 825.679 91.5519 1421.74 142.578 0.649971 0.350029 0
0.717 194.592 201.819 824.263 91.8237 1421 142.66 0.650473 0.349527 0
0.716 194.057 201.428 822.847 92.0961 1420.26 142.742 0.650976 0.349024 0
0.715 193.522 201.037 821.433 92.3692 1419.52 142.825 0.651481 0.348519 0
0.714 192.988 200.646 820.018 92.6428 1418.78 142.907 0.651987 0.348013 0
0.713 192.455 200.255 818.605 92.917 1418.04 142.989 0.652495 0.347505 0
0.712 191.922 199.864 817.192 93.1918 1417.3 143.072 0.653005 0.346995 0
0.711 191.39 199.473 815.781 93.4672 1416.56 143.154 0.653516 0.346484 0
0.71 190.859 199.082 814.369 93.7433 1415.81 143.236 0.654028 0.345972 0
0.709 190.328 198.691 812.959 94.0199 1415.07 143.319 0.654542 0.345458 0
0.708 189.798 198.299 811.549 94.2971 1414.33 143.401 0.655058 0.344942 0
0.707 189.268 197.908 810.141 94.575 1413.59 143.484 0.655575 0.344425 0
0.706 188.739 197.517 808.732 94.8535 1412.85 143.566 0.656094 0.343906 0
0.705 188.21 197.125 807.325 95.1326 1412.11 143.649 0.656614 0.343386 0
0.704 187.682 196.734 805.918 95.4123 1411.36 143.732 0.657136 0.342864 0
0.703 187.155 196.342 804.512 95.6926 1410.62 143.814 0.65766 0.34234 0
0.702 186.628 195.951 803.107 95.9736 1409.88 143.897 0.658185 0.341815 0
0.701 186.102 195.559 801.703 96.2551 1409.14 143.98 0.658712 0.341288 0
0.7 185.577 195.167 800.299 96.5373 1408.39 144.062 0.659241 0.340759 0
0.699 185.052 194.775 798.896 96.8202 1407.65 144.145 0.659771 0.340229 0
0.698 184.528 194.384 797.494 97.1037 1406.91 144.228 0.660302 0.339698 0
0.697 184.004 193.992 796.093 97.3878 1406.16 144.311 0.660836 0.339164 0
0.696 183.481 193.6 794.692 97.6725 1405.42 144.393 0.661371 0.338629 0
0.695 182.959 193.208 793.292 97.9579 1404.68 144.476 0.661907 0.338093 0
0.694 182.437 192.816 791.893 98.2439 1403.93 144.559 0.662446 0.337554 0
0.693 181.916 192.423 790.494 98.5306 1403.19 144.642 0.662986 0.337014 0
0.692 181.395 192.031 789.097 98.8179 1402.44 144.725 0.663527 0.336473 0
0.691 180.875 191.639 787.7 99.1059 1401.7 144.808 0.66407 0.33593 0
0.69 180.356 191.247 786.304 99.3945 1400.96 144.891 0.664615 0.335385 0
0.689 179.837 190.854 784.908 99.6838 1400.21 144.974 0.665162 0.334838 0
0.688 179.319 190.462 783.514 99.9738 1399.47 145.057 0.665711 0.334289 0
0.687 178.801 190.069 782.12 100.264 1398.72 145.14 0.666261 0.333739 0
0.686 178.285 189.677 780.726 100.556 1397.98 145.223 0.666812 0.333188 0
0.685 177.768 189.284 779.334 100.848 1397.23 145.306 0.667366 0.332634 0
0.684 177.253 188.892 777.942 101.14 1396.48 145.389 0.667921 0.332079 0
0.683 176.738 188.499 776.551 101.433 1395.74 145.472 0.668478 0.331522 0
0.682 176.223 188.106 775.161 101.727 1394.99 145.555 0.669037 0.330963 0
0.681 175.71 187.713 773.772 102.022 1394.25 145.638 0.669597 0.330403 0
0.68 175.196 187.321 772.383 102.317 1393.5 145.722 0.670159 0.329841 0
0.679 174.684 186.928 770.995 102.613 1392.75 145.805 0.670723 0.329277 0
0.678 174.172 186.535 769.608 102.91 1392.01 145.888 0.671289 0.328711 0
0.677 173.661 186.142 768.222 103.207 1391.26 145.971 0.671856 0.328144 0
0.676 173.15 185.748 766.836 103.505 1390.51 146.054 0.672425 0.327575 0
0.675 172.64 185.355 765.451 103.804 1389.76 146.138 0.672996 0.327004 0
0.674 172.131 184.962 764.067 104.103 1389.02 146.221 0.673569 0.326431 0
0.673 171.622 184.569 762.683 104.403 1388.27 146.304 0.674144 0.325856 0
0.672 171.114 184.175 761.301 104.704 1387.52 146.387 0.67472 0.32528 0
0.671 170.607 183.782 759.919 105.006 1386.77 146.471 0.675298 0.324702 0
0.67 170.1 183.389 758.538 105.308 1386.03 146.554 0.675878 0.324122 0
0.669 169.594 182.995 757.157 105.611 1385.28 146.637 0.67646 0.32354 0
0.668 169.088 182.601 755.777 105.914 1384.53 146.721 0.677044 0.322956 0
0.667 168.583 182.208 754.399 106.219 1383.78 146.804 0.677629 0.322371 0
0.666 168.079 181.814 753.02 106.524 1383.03 146.887 0.678217 0.321783 0
0.665 167.575 181.42 751.643 106.83 1382.28 146.971 0.678806 0.321194 0
0.664 167.072 181.027 750.266 107.136 1381.53 147.054 0.679397 0.320603 0
0.663 166.57 180.633 748.89 107.443 1380.79 147.138 0.67999 0.32001 0
0.662 166.068 180.239 747.515 107.751 1380.04 147.221 0.680585 0.319415 0
0.661 165.567 179.845 746.141 108.06 1379.29 147.304 0.681181 0.318819 0
0.66 165.067 179.451 744.767 108.369 1378.54 147.388 0.68178 0.31822 0
0.659 164.567 179.057 743.394 108.679 1377.79 147.471 0.68238 0.31762 0
0.658 164.068 178.662 742.022 108.99 1377.04 147.555 0.682983 0.317017 0
0.657 163.57 178.268 740.651 109.302 1376.29 147.638 0.683587 0.316413 0
0.656 163.072 177.874 739.28 109.614 1375.54 147.722 0.684193 0.315807 0
0.655 162.575 177.48 737.91 109.927 1374.79 147.805 0.684801 0.315199 0
0.654 162.078 177.085 736.541 110.241 1374.04 147.888 0.685411 0.314589 0
0.653 161.582 176.691 735.173 110.556 1373.29 147.972 0.686023 0.313977 0
0.652 161.087 176.296 733.805 110.871 1372.53 148.055 0.686637 0.313363 0
0.651 160.593 175.902 732.438 111.187 1371.78 148.139 0.687253 0.312747 0
0.65 160.099 175.507 731.072 111.504 1371.03 148.222 0.687871 0.312129 0
0.649 159.606 175.112 729.707 111.822 1370.28 148.306 0.68849 0.31151 0
0.648 159.113 174.718 728.342 112.14 1369.53 148.389 0.689112 0.310888 0
0.647 158.621 174.323 726.978 112.459 1368.78 148.473 0.689736 0.310264 0
0.646 158.13 173.928 725.615 112.779 1368.03 148.556 0.690362 0.309638 0
0.645 157.639 173.533 724.253 113.1 1367.27 148.64 0.690989 0.309011 0
0.644 157.149 173.138 722.891 113.421 1366.52 148.723 0.691619 0.308381 0
0.643 156.66 172.743 721.531 113.744 1365.77 148.807 0.692251 0.307749 0
0.642 156.171 172.348 720.171 114.067 1365.02 148.89 0.692885 0.307115 0
0.641 155.683 171.953 718.811 114.391 1364.27 148.973 0.693521 0.306479 0
0.64 155.196 171.558 717.453 114.715 1363.51 149.057 0.694158 0.305842 0
0.639 154.71 171.162 716.095 115.041 1362.76 149.14 0.694798 0.305202 0
0.638 154.224 170.767 714.738 115.367 1362.01 149.224 0.69544 0.30456 0
0.637 153.738 170.372 713.382 115.694 1361.26 149.307 0.696084 0.303916 0
0.636 153.254 169.976 712.026 116.022 1360.5 149.391 0.69673 0.30327 0
0.635 152.77 169.581 710.671 116.35 1359.75 149.474 0.697379 0.302621 0
0.634 152.287 169.185 709.317 116.68 1359 149.557 0.698029 0.301971 0
0.633 151.804 168.789 707.964 117.01 1358.24 149.641 0.698681 0.301319 0
0.632 151.322 168.394 706.611 117.341 1357.49 149.724 0.699336 0.300664 0
0.631 150.841 167.998 705.26 117.673 1356.74 149.808 0.699992 0.300008 0
0.63 150.36 167.602 703.909 118.006 1355.98 149.891 0.700651 0.299349 0
0.629 149.88 167.206 702.558 118.339 1355.23 149.974 0.701312 0.298688 0
0.628 149.401 166.81 701.209 118.674 1354.47 150.058 0.701975 0.298025 0
0.627 148.922 166.414 699.86 119.009 1353.72 150.141 0.70264 0.29736 0
0.626 148.445 166.018 698.512 119.345 1352.97 150.224 0.703307 0.296693 0
0.625 147.967 165.622 697.165 119.682 1352.21 150.308 0.703977 0.296023 0
0.624 147.491 165.226 695.819 120.019 1351.46 150.391 0.704648 0.295352 0
0.623 147.015 164.83 694.473 120.358 1350.7 150.474 0.705322 0.294678 0
0.622 146.54 164.434 693.128 120.697 1349.95 150.558 0.705998 0.294002 0
0.621 146.066 164.037 691.784 121.038 1349.19 150.641 0.706676 0.293324 0
0.62 145.592 163.641 690.44 121.379 1348.44 150.724 0.707357 0.292643 0
0.619 145.119 163.244 689.098 121.721 1347.68 150.807 0.708039 0.291961 0
0.618 144.646 162.848 687.756 122.064 1346.93 150.89 0.708724 0.291276 0
0.617 144.175 162.451 686.415 122.407 1346.17 150.974 0.709411 0.290589 0
0.616 143.704 162.054 685.074 122.752 1345.42 151.057 0.710101 0.289899 0
0.615 143.233 161.658 683.734 123.097 1344.66 151.14 0.710792 0.289208 0
0.614 142.764 161.261 682.396 123.444 1343.91 151.223 0.711486 0.288514 0
0.613 142.295 160.864 681.057 123.791 1343.15 151.306 0.712182 0.287818 0
0.612 141.826 160.467 679.72 124.139 1342.4 151.389 0.71288 0.28712 0
0.611 141.359 160.07 678.383 124.488 1341.64 151.472 0.713581 0.286419 0
0.61 140.892 159.673 677.048 124.838 1340.88 151.555 0.714284 0.285716 0
0.609 140.426 159.276 675.712 125.188 1340.13 151.638 0.714989 0.285011 0
0.608 139.96 158.879 674.378 125.54 1339.37 151.721 0.715697 0.284303 0
0.607 139.496 158.482 673.045 125.893 1338.62 151.804 0.716407 0.283593 0
0.606 139.031 158.084 671.712 126.246 1337.86 151.887 0.717119 0.282881 0
0.605 138.568 157.687 670.38 126.601 1337.1 151.97 0.717833 0.282167 0
0.604 138.105 157.29 669.048 126.956 1336.35 152.052 0.71855 0.28145 0
0.603 137.643 156.892 667.718 127.312 1335.59 152.135 0.71927 0.28073 0
0.602 137.182 156.495 666.388 127.669 1334.83 152.218 0.719991 0.280009 0
0.601 136.722 156.097 665.059 128.027 1334.08 152.301 0.720715 0.279285 0
0.6 136.262 155.699 663.731 128.386 1333.32 152.383 0.721442 0.278558 0
0.599 135.803 155.302 662.403 128.746 1332.56 152.466 0.722171 0.277829 0
0.598 135.344 154.904 661.076 129.107 1331.81 152.549 0.722902 0.277098 0
0.597 134.887 154.506 659.75 129.469 1331.05 152.631 0.723635 0.276365 0
0.596 134.43 154.108 658.425 129.831 1330.29 152.714 0.724372 0.275628 0
0.595 133.973 153.71 657.1 130.195 1329.54 152.796 0.72511 0.27489 0
0.594 133.518 153.312 655.777 130.56 1328.78 152.879 0.725851 0.274149 0
0.593 133.063 152.914 654.454 130.925 1328.02 152.961 0.726594 0.273406 0
0.592 132.609 152.516 653.132 131.292 1327.26 153.043 0.72734 0.27266 0
0.591 132.155 152.117 651.81 131.659 1326.51 153.126 0.728089 0.271911 0
0.59 131.702 151.719 650.489 132.028 1325.75 153.208 0.72884 0.27116 0
0.589 131.25 151.321 649.169 132.397 1324.99 153.29 0.729593 0.270407 0
0.588 130.799 150.922 647.85 132.768 1324.23 153.372 0.730349 0.269651 0
0.587 130.349 150.524 646.532 133.139 1323.48 153.454 0.731107 0.268893 0
0.586 129.899 150.125 645.214 133.511 1322.72 153.537 0.731868 0.268132 0
0.585 129.45 149.726 643.897 133.885 1321.96 153.619 0.732631 0.267369 0
0.584 129.001 149.328 642.581 134.259 1321.2 153.701 0.733397 0.266603 0
0.583 128.553 148.929 641.266 134.635 1320.44 153.782 0.734166 0.265834 0
0.582 128.107 148.53 639.951 135.011 1319.69 153.864 0.734937 0.265063 0
0.581 127.66 148.131 638.637 135.388 1318.93 153.946 0.735711 0.264289 0
0.58 127.215 147.732 637.324 135.767 1318.17 154.028 0.736487 0.263513 0
0.579 126.77 147.333 636.011 136.146 1317.41 154.11 0.737266 0.262734 0
0.578 126.326 146.934 634.7 136.526 1316.65 154.191 0.738047 0.261953 0
0.577 125.883 146.535 633.389 136.908 1315.9 154.273 0.738831 0.261169 0
0.576 125.44 146.135 632.079 137.29 1315.14 154.354 0.739618 0.260382 0
0.575 124.998 145.736 630.769 137.674 1314.38 154.436 0.740408 0.259592 0
0.574 124.557 145.337 629.461 138.058 1313.62 154.517 0.7412 0.2588 0
0.573 124.117 144.937 628.153 138.444 1312.86 154.598 0.741994 0.258006 0
0.572 123.677 144.538 626.846 138.83 1312.1 154.68 0.742792 0.257208 0
0.571 123.238 144.138 625.54 139.218 1311.34 154.761 0.743592 0.256408 0
0.57 122.8 143.738 624.234 139.606 1310.59 154.842 0.744394 0.255606 0
0.569 122.363 143.339 622.929 139.996 1309.83 154.923 0.7452 0.2548 0
0.568 121.926 142.939 621.625 140.387 1309.07 155.004 0.746008 0.253992 0
0.567 121.49 142.539 620.322 140.779 1308.31 155.085 0.746819 0.253181 0
0.566 121.055 142.139 619.019 141.172 1307.55 155.166 0.747632 0.252368 0
0.565 120.62 141.739 617.718 141.566 1306.79 155.246 0.748449 0.251551 0
0.564 120.187 141.339 616.417 141.961 1306.03 155.327 0.749268 0.250732 0
0.563 119.754 140.938 615.116 142.357 1305.28 155.408 0.75009 0.24991 0
0.562 119.321 140.538 613.817 142.754 1304.52 155.488 0.750914 0.249086 0
0.561 118.89 140.138 612.518 143.152 1303.76 155.569 0.751742 0.248258 0
0.56 118.459 139.737 611.22 143.552 1303 155.649 0.752572 0.247428 0
0.559 118.029 139.337 609.923 143.952 1302.24 155.729 0.753405 0.246595 0
0.558 117.6 138.936 608.626 144.354 1301.48 155.81 0.754241 0.245759 0
0.557 117.172 138.536 607.331 144.757 1300.72 155.89 0.75508 0.24492 0
0.556 116.744 138.135 606.036 145.16 1299.96 155.97 0.755921 0.244079 0
0.555 116.317 137.734 604.741 145.565 1299.2 156.05 0.756766 0.243234 0
0.554 115.891 137.333 603.448 145.971 1298.44 156.129 0.757613 0.242387 0
0.553 115.465 136.932 602.155 146.379 1297.69 156.209 0.758463 0.241537 0
0.552 115.041 136.531 600.863 146.787 1296.93 156.289 0.759316 0.240684 0
0.551 114.617 136.13 599.572 147.196 1296.17 156.368 0.760172 0.239828 0
0.55 114.193 135.729 598.282 147.607 1295.41 156.448 0.761031 0.238969 0
0.549 113.771 135.328 596.992 148.019 1294.65 156.527 0.761893 0.238107 0
0.548 113.349 134.926 595.703 148.432 1293.89 156.606 0.762758 0.237242 0
0.547 112.928 134.525 594.415 148.846 1293.13 156.685 0.763625 0.236375 0
0.546 112.508 134.123 593.127 149.261 1292.37 156.764 0.764496 0.235504 0
0.545 112.089 133.722 591.841 149.677 1291.61 156.843 0.76537 0.23463 0
0.544 111.67 133.32 590.555 150.095 1290.85 156.922 0.766246 0.233754 0
0.543 111.253 132.918 589.27 150.514 1290.1 157.001 0.767126 0.232874 0
0.542 110.835 132.516 587.985 150.933 1289.34 157.079 0.768008 0.231992 0
0.541 110.419 132.115 586.701 151.355 1288.58 157.158 0.768894 0.231106 0
0.54 110.004 131.713 585.419 151.777 1287.82 157.236 0.769783 0.230217 0
0.539 109.589 131.31 584.136 152.2 1287.06 157.314 0.770675 0.229325 0
0.538 109.175 130.908 582.855 152.625 1286.3 157.393 0.771569 0.228431 0
0.537 108.762 130.506 581.574 153.051 1285.54 157.471 0.772467 0.227533 0
0.536 108.349 130.104 580.294 153.478 1284.78 157.548 0.773368 0.226632 0
0.535 107.938 129.701 579.015 153.906 1284.02 157.626 0.774272 0.225728 0
0.534 107.527 129.299 577.737 154.336 1283.27 157.704 0.775179 0.224821 0
0.533 107.117 128.896 576.459 154.767 1282.51 157.781 0.776089 0.223911 0
0.532 106.707 128.493 575.182 155.199 1281.75 157.859 0.777003 0.222997 0
0.531 106.299 128.091 573.906 155.632 1280.99 157.936 0.777919 0.222081 0
0.53 105.891 127.688 572.631 156.066 1280.23 158.013 0.778839 0.221161 0
0.529 105.484 127.285 571.356 156.502 1279.47 158.09 0.779762 0.220238 0
0.528 105.078 126.882 570.082 156.939 1278.71 158.167 0.780688 0.219312 0
0.527 104.672 126.479 568.809 157.377 1277.95 158.243 0.781617 0.218383 0
0.526 104.268 126.075 567.537 157.817 1277.2 158.32 0.782549 0.217451 0
0.525 103.864 125.672 566.265 158.257 1276.44 158.396 0.783485 0.216515 0
0.524 103.461 125.269 564.994 158.7 1275.68 158.472 0.784424 0.215576 0
0.523 103.058 124.865 563.724 159.143 1274.92 158.548 0.785366 0.214634 0
0.522 102.657 124.462 562.455 159.587 1274.16 158.624 0.786311 0.213689 0
0.521 102.256 124.058 561.186 160.033 1273.4 158.7 0.78726 0.21274 0
0.52 101.856 123.654 559.919 160.48 1272.64 158.776 0.788211 0.211789 0
0.519 101.457 123.25 558.651 160.929 1271.89 158.851 0.789167 0.210833 0
0.518 101.059 122.846 557.385 161.379 1271.13 158.926 0.790125 0.209875 0
0.517 100.661 122.442 556.119 161.83 1270.37 159.001 0.791087 0.208913 0
0.516 100.264 122.038 554.855 162.282 1269.61 159.076 0.792052 0.207948 0
0.515 99.8685 121.634 553.59 162.736 1268.85 159.151 0.79302 0.20698 0
0.514 99.4733 121.229 552.327 163.191 1268.09 159.225 0.793992 0.206008 0
0.513 99.0789 120.825 551.064 163.648 1267.34 159.3 0.794967 0.205033 0
0.512 98.6853 120.42 549.803 164.105 1266.58 159.374 0.795945 0.204055 0
0.511 98.2925 120.016 548.541 164.564 1265.82 159.448 0.796927 0.203073 0
0.51 97.9005 119.611 547.281 165.025 1265.06 159.522 0.797912 0.202088 0
0.509 97.5093 119.206 546.021 165.487 1264.3 159.595 0.798901 0.201099 0
0.508 97.119 118.801 544.763 165.95 1263.55 159.668 0.799893 0.200107 0
0.507 96.7294 118.396 543.504 166.414 1262.79 159.742 0.800888 0.199112 0
0.506 96.3406 117.991 542.247 166.88 1262.03 159.815 0.801887 0.198113 0
0.505 95.9526 117.586 540.99 167.348 1261.27 159.887 0.80289 0.19711 0
0.504 95.5654 117.18 539.734 167.816 1260.52 159.96 0.803896 0.196104 0
0.503 95.179 116.775 538.479 168.286 1259.76 160.032 0.804905 0.195095 0
0.502 94.7934 116.369 537.225 168.758 1259 160.104 0.805918 0.194082 0
0.501 94.4086 115.964 535.971 169.231 1258.24 160.176 0.806934 0.193066 0
0.5 94.0246 115.558 534.718 169.705 1257.49 160.248 0.807954 0.192046 0
0.499 93.6414 115.152 533.466 170.181 1256.73 160.319 0.808977 0.191023 0
0.498 93.2591 114.746 532.215 170.658 1255.97 160.39 0.810004 0.189996 0
0.497 92.8775 114.34 530.964 171.136 1255.21 160.461 0.811034 0.188966 0
0.496 92.4968 113.933 529.714 171.616 1254.46 160.532 0.812068 0.187932 0
0.495 92.1168 113.527 528.465 172.098 1253.7 160.602 0.813106 0.186894 0
0.494 91.7377 113.121 527.216 172.58 1252.94 160.672 0.814147 0.185853 0
0.493 91.3593 112.714 525.969 173.065 1252.19 160.742 0.815191 0.184809 0
0.492 90.9818 112.307 524.722 173.551 1251.43 160.812 0.816239 0.183761 0
0.491 90.6051 111.901 523.475 174.038 1250.67 160.881 0.817291 0.182709 0
0.49 90.2291 111.494 522.23 174.527 1249.92 160.95 0.818347 0.181653 0
0.489 89.854 111.087 520.985 175.017 1249.16 161.019 0.819406 0.180594 0
0.488 89.4797 110.679 519.741 175.508 1248.4 161.087 0.820469 0.179531 0
0.487 89.1063 110.272 518.498 176.001 1247.65 161.155 0.821535 0.178465 0
0.486 88.7336 109.865 517.255 176.496 1246.89 161.223 0.822605 0.177395 0
0.485 88.3617 109.457 516.013 176.992 1246.13 161.291 0.823679 0.176321 0
0.484 87.9907 109.05 514.772 177.49 1245.38 161.358 0.824756 0.175244 0
0.483 87.6204 108.642 513.532 177.989 1244.62 161.425 0.825837 0.174163 0
0.482 87.251 108.234 512.292 178.49 1243.87 161.491 0.826922 0.173078 0
0.481 86.8823 107.826 511.053 178.992 1243.11 161.558 0.82801 0.17199 0
0.48 86.5145 107.418 509.815 179.496 1242.35 161.623 0.829102 0.170898 0
0.479 86.1475 107.01 508.578 180.001 1241.6 161.689 0.830198 0.169802 0
0.478 85.7813 106.601 507.341 180.508 1240.84 161.754 0.831297 0.168703 0
0.477 85.4159 106.193 506.105 181.016 1240.09 161.819 0.8324 0.1676 0
0.476 85.0513 105.784 504.87 181.526 1239.33 161.883 0.833507 0.166493 0
0.475 84.6875 105.375 503.635 182.037 1238.57 161.947 0.834618 0.165382 0
0.474 84.3245 104.966 502.402 182.55 1237.82 162.01 0.835732 0.164268 0
0.473 83.9623 104.557 501.169 183.065 1237.06 162.073 0.83685 0.16315 0
0.472 83.601 104.148 499.936 183.581 1236.31 162.136 0.837972 0.162028 0
0.471 83.2404 103.739 498.705 184.099 1235.55 162.198 0.839098 0.160902 0
0.47 82.8806 103.329 497.474 184.618 1234.8 162.26 0.840227 0.159773 0
0.469 82.5217 102.92 496.244 185.139 1234.04 162.321 0.84136 0.15864 0
0.468 82.1635 102.51 495.014 185.662 1233.29 162.382 0.842497 0.157503 0
0.467 81.8061 102.1 493.786 186.186 1232.53 162.442 0.843637 0.156363 0
0.466 81.4496 101.69 492.558 186.712 1231.77 162.501 0.844781 0.155219 0
0.465 81.0938 101.28 491.33 187.239 1231.02 162.56 0.845929 0.154071 0
0.464 80.7388 100.87 490.104 187.768 1230.26 162.619 0.84708 0.15292 0
0.463 80.3846 100.459 488.878 188.298 1229.51 162.677 0.848235 0.151765 0
0.462 80.0311 100.049 487.653 188.831 1228.75 162.734 0.849394 0.150606 0
0.461 79.6785 99.6382 486.428 189.364 1228 162.791 0.850556 0.149444 0
0.46 79.3266 99.2274 485.205 189.9 1227.24 162.847 0.851722 0.148278 0
0.459 78.9755 98.8164 483.982 190.437 1226.49 162.902 0.852892 0.147108 0
0.458 78.6252 98.4053 482.759 190.976 1225.73 162.956 0.854065 0.145935 0
0.457 78.2756 97.9941 481.538 191.516 1224.97 163.01 0.855242 0.144758 0
0.456 77.9268 97.5826 480.317 192.058 1224.22 163.063 0.856422 0.143578 0
0.455 77.5788 97.1711 479.097 192.602 1223.46 163.115 0.857605 0.142395 0
0.454 77.2314 96.7594 477.877 193.147 1222.71 163.166 0.858792 0.141208 0
0.453 76.8849 96.3475 476.658 193.694 1221.95 163.216 0.859982 0.140018 0
0.452 76.539 95.9355 475.44 194.243 1221.19 163.265 0.861175 0.138825 0
0.451 76.1938 95.5234 474.223 194.793 1220.44 163.313 0.862371 0.137629 0
0.45 75.8494 95.1111 473.006 195.345 1219.68 163.359 0.86357 0.13643 0
0.449 75.5056 94.6986 471.79 195.898 1218.92 163.405 0.864772 0.135228 0
0.448 75.1624 94.286 470.575 196.453 1218.16 163.449 0.865977 0.134023 0
0.447 74.8199 93.8733 469.36 197.009 1217.4 163.491 0.867183 0.132817 0
0.446 74.478 93.4604 468.146 197.567 1216.64 163.531 0.868392 0.131609 0
0.445 74.1366 93.0474 466.932 198.127 1215.88 163.569 0.869601 0.130399 0
0.444 73.7957 92.6342 465.719 198.687 1215.12 163.605 0.870811 0.129189 0
0.443 73.4551 92.2208 464.506 199.249 1214.36 163.636 0.87202 0.12798 0
0.442 73.1144 91.8074 463.294 199.811 1213.59 163.662 0.873222 0.126778 0
0.441 72.7737 91.3937 462.082 200.373 1212.83 163.682 0.874418 0.125582 0
0.44 72.4336 90.98 460.871 200.937 1212.06 163.7 0.875618 0.124382 0
0.439 72.0942 90.5661 459.661 201.503 1211.29 163.718 0.876824 0.123176 0
0.438 71.7555 90.1521 458.451 202.072 1210.52 163.734 0.878034 0.121966 0
0.437 71.4173 89.738 457.242 202.643 1209.75 163.749 0.879248 0.120752 0
0.436 71.0798 89.3237 456.034 203.216 1208.98 163.763 0.880468 0.119532 0
0.435 70.7428 88.9093 454.826 203.792 1208.2 163.775 0.881692 0.118308 0
0.434 70.4064 88.4948 453.619 204.37 1207.43 163.785 0.882922 0.117078 0
0.433 70.0705 88.0801 452.412 204.95 1206.66 163.794 0.884156 0.115844 0
0.432 69.7349 87.6653 451.207 205.534 1205.88 163.8 0.885395 0.114605 0
0.431 69.3998 87.2504 450.001 206.12 1205.11 163.804 0.88664 0.11336 0
0.43 69.0649 86.8353 448.797 206.708 1204.33 163.806 0.88789 0.11211 0
0.429 68.7301 86.4202 447.593 207.3 1203.55 163.804 0.889145 0.110855 0
0.428 68.3953 86.0049 446.389 207.895 1202.77 163.797 0.890407 0.109593 0
0.427 68.0601 85.5895 445.186 208.494 1201.98 163.786 0.891674 0.108326 0
0.426 67.7241 85.1741 443.983 209.097 1201.19 163.767 0.892949 0.107051 0
0.425 67.3863 84.7585 442.78 209.707 1200.39 163.736 0.894232 0.105768 0
0.424 67.0406 84.3429 441.575 210.33 1199.57 163.669 0.895533 0.104467 0
0.423 66.6872 83.9272 440.369 210.968 1198.71 163.567 0.89685 0.10315 0
0.422 66.3345 83.5117 439.163 211.607 1197.86 163.463 0.898171 0.101829 0
0.421 65.9826 83.0962 437.959 212.249 1197.01 163.36 0.899494 0.100506 0
0.42 65.6315 82.6807 436.755 212.893 1196.16 163.256 0.900821 0.0991791 0
0.419 65.281 82.2654 435.552 213.54 1195.3 163.151 0.902151 0.0978495 0
0.418 64.9313 81.85 434.349 214.189 1194.45 163.046 0.903483 0.0965168 0
0.417 64.5823 81.4347 433.148 214.84 1193.6 162.94 0.904819 0.0951813 0
0.416 64.2341 81.0195 431.947 215.493 1192.74 162.834 0.906157 0.0938428 0
0.415 63.8865 80.6043 430.748 216.148 1191.89 162.728 0.907499 0.0925014 0
0.414 63.5397 80.1892 429.549 216.806 1191.03 162.62 0.908843 0.0911572 0
0.413 63.1936 79.7741 428.35 217.466 1190.18 162.513 0.91019 0.0898103 0
0.412 62.8482 79.3592 427.153 218.129 1189.32 162.405 0.911539 0.0884606 0
0.411 62.5035 78.9442 425.957 218.794 1188.47 162.296 0.912892 0.0871082 0
0.41 62.1595 78.5294 424.761 219.461 1187.61 162.187 0.914247 0.0857531 0
0.409 61.8162 78.1146 423.566 220.13 1186.75 162.077 0.915605 0.0843955 0
0.408 61.4736 77.6998 422.372 220.802 1185.9 161.966 0.916965 0.0830353 0
0.407 61.1317 77.2852 421.179 221.477 1185.04 161.855 0.918327 0.0816726 0
0.406 60.7904 76.8706 419.987 222.153 1184.18 161.744 0.919693 0.0803074 0
0.405 60.4499 76.4561 418.795 222.833 1183.32 161.632 0.92106 0.0789399 0
0.404 60.11 76.0416 417.604 223.514 1182.46 161.519 0.92243 0.0775701 0
0.403 59.7708 75.6272 416.414 224.198 1181.6 161.406 0.923802 0.076198 0
0.402 59.4322 75.213 415.225 224.885 1180.74 161.292 0.925176 0.0748238 0
0.401 59.0944 74.7988 414.037 225.574 1179.88 161.178 0.926553 0.0734475 0
0.4 58.7571 74.3846 412.85 226.265 1179.02 161.062 0.927931 0.0720691 0
0.399 58.4205 73.9706 411.663 226.959 1178.15 160.947 0.929311 0.0706888 0
0.398 58.0846 73.5566 410.477 227.656 1177.29 160.83 0.930693 0.0693066 0
0.397 57.7493 73.1428 409.292 228.355 1176.43 160.713 0.932077 0.0679227 0
0.396 57.4146 72.729 408.108 229.056 1175.56 160.596 0.933463 0.0665371 0
0.395 57.0805 72.3153 406.925 229.761 1174.7 160.477 0.93485 0.0651499 0
0.394 56.7471 71.9018 405.742 230.467 1173.83 160.358 0.936239 0.0637613 0
0.393 56.4142 71.4883 404.561 231.177 1172.96 160.239 0.937629 0.0623713 0
0.392 56.0819 71.0749 403.38 231.889 1172.1 160.118 0.93902 0.0609801 0
0.391 55.7502 70.6617 402.2 232.603 1171.23 159.997 0.940412 0.0595877 0
0.39 55.4191 70.2485 401.021 233.321 1170.36 159.875 0.941806 0.0581944 0
0.389 55.0886 69.8355 399.842 234.041 1169.49 159.753 0.9432 0.0568001 0
0.388 54.7586 69.4225 398.665 234.763 1168.62 159.63 0.944595 0.0554052 0
0.387 54.4291 69.0097 397.488 235.488 1167.74 159.506 0.94599 0.0540098 0
0.386 54.1002 68.597 396.312 236.216 1166.87 159.381 0.947386 0.0526139 0
0.385 53.7717 68.1845 395.137 236.947 1166 159.255 0.948782 0.0512178 0
0.384 53.4438 67.772 393.963 237.681 1165.12 159.129 0.950178 0.0498216 0
0.383 53.1164 67.3597 392.79 238.417 1164.25 159.001 0.951574 0.0484256 0
0.382 52.7894 66.9476 391.617 239.156 1163.37 158.873 0.95297 0.0470299 0
0.381 52.4629 66.5355 390.445 239.898 1162.49 158.744 0.954365 0.0456347 0
0.38 52.1368 66.1237 389.274 240.642 1161.61 158.615 0.95576 0.0442403 0
0.379 51.8112 65.7119 388.104 241.39 1160.73 158.484 0.957153 0.042847 0
0.378 51.4859 65.3004 386.935 242.14 1159.84 158.352 0.958545 0.0414549 0
0.377 51.161 64.889 385.767 242.893 1158.96 158.22 0.959936 0.0400643 0
0.376 50.8365 64.4777 384.599 243.649 1158.07 158.086 0.961324 0.0386756 0
0.375 50.5123 64.0666 383.432 244.408 1157.19 157.952 0.962711 0.037289 0
0.374 50.1884 63.6557 382.266 245.17 1156.3 157.816 0.964095 0.0359048 0
0.373 49.8648 63.245 381.101 245.935 1155.4 157.679 0.965476 0.0345235 0
0.372 49.5414 62.8345 379.937 246.703 1154.51 157.542 0.966855 0.0331454 0
0.371 49.2183 62.4242 378.773 247.473 1153.62 157.403 0.968229 0.0317709 0
0.37 48.8953 62.0141 377.611 248.247 1152.72 157.263 0.9696 0.0304005 0
0.369 48.5725 61.6042 376.449 249.024 1151.82 157.122 0.970965 0.0290346 0
0.368 48.2498 61.1945 375.288 249.804 1150.92 156.98 0.972326 0.0276737 0
0.367 47.9271 60.785 374.128 250.587 1150.01 156.836 0.973682 0.0263184 0
0.366 47.6045 60.3758 372.969 251.373 1149.11 156.691 0.975031 0.0249693 0
0.365 47.2818 59.9668 371.81 252.162 1148.2 156.545 0.976373 0.0236271 0
0.364 46.959 59.5581 370.652 252.954 1147.28 156.398 0.977708 0.0222925 0
0.363 46.6361 59.1497 369.496 253.75 1146.37 156.249 0.979034 0.0209662 0
0.362 46.3129 58.7415 368.34 254.548 1145.45 156.098 0.980351 0.0196492 0
0.361 45.9894 58.3336 367.184 255.35 1144.53 155.946 0.981658 0.0183424 0
0.36 45.6655 57.926 366.03 256.155 1143.6 155.792 0.982953 0.017047 0
0.359 45.3412 57.5187 364.876 256.963 1142.67 155.636 0.984236 0.015764 0
0.358 45.0162 57.1118 363.724 257.775 1141.73 155.479 0.985505 0.0144949 0
0.357 44.6905 56.7052 362.572 258.59 1140.79 155.32 0.986759 0.0132412 0
0.356 44.3639 56.299 361.421 259.408 1139.84 155.158 0.987995 0.0120046 0
0.355 44.0363 55.8932 360.27 260.23 1138.89 154.994 0.989213 0.0107872 0
0.354 43.7075 55.4878 359.121 261.055 1137.93 154.828 0.990409 0.00959136 0
0.353 43.3771 55.0828 357.972 261.883 1136.97 154.659 0.99158 0.00841982 0
0.352 43.045 54.6782 356.824 262.715 1135.99 154.488 0.992724 0.00727592 0
0.351 42.7108 54.2742 355.677 263.55 1135.01 154.313 0.993836 0.0061637 0
0.35 42.3741 53.8706 354.531 264.388 1134.01 154.134 0.994912 0.00508822 0
0.349 42.0343 53.4677 353.385 265.231 1133.01 153.952 0.995944 0.00405596 0
0.348 41.6906 53.0653 352.241 266.076 1131.99 153.765 0.996924 0.00307556 0
0.347 41.342 52.6635 351.096 266.925 1130.95 153.573 0.997841 0.00215915 0
0.346 40.9868 52.2625 349.953 267.777 1129.88 153.374 0.998675 0.0013252 0
0.345 40.6221 51.8623 348.81 268.633 1128.79 153.165 0.999394 0.000605932 0
0.344 40.2409 51.463 347.667 269.49 1127.64 152.942 0.999921 7.85257e-05 0
0.343 39.8194 51.0649 346.523 270.348 1126.36 152.686 1 0 0
0.342 39.3926 50.6683 345.38 271.21 1125.07 152.424 1 0 0
0.341 38.9679 50.2731 344.239 272.078 1123.77 152.16 1 0 0
0.34 38.5453 49.8794 343.098 272.952 1122.48 151.896 1 0 0
0.339 38.1249 49.4872 341.959 273.832 1121.19 151.631 1 0 0
0.338 37.7066 49.0965 340.821 274.717 1119.9 151.365 1 0 0
0.337 37.2904 48.7073 339.685 275.608 1118.62 151.099 1 0 0
0.336 36.8764 48.3196 338.549 276.504 1117.34 150.831 1 0 0
0.335 36.4645 47.9334 337.415 277.407 1116.06 150.563 1 0 0
0.334 36.0548 47.5487 336.283 278.315 1114.78 150.294 1 0 0
0.333 35.6472 47.1655 335.151 279.229 1113.51 150.024 1 0 0
0.332 35.2419 46.7838 334.021 280.15 1112.24 149.753 1 0 0
0.331 34.8387 46.4037 332.892 281.076 1110.97 149.481 1 0 0
0.33 34.4378 46.0252 331.764 282.008 1109.7 149.209 1 0 0
0.329 34.039 45.6481 330.637 282.947 1108.44 148.936 1 0 0
0.328 33.6424 45.2726 329.512 283.891 1107.18 148.661 1 0 0
0.327 33.2481 44.8987 328.388 284.842 1105.92 148.386 1 0 0
0.326 32.856 44.5263 327.265 285.798 1104.67 148.11 1 0 0
0.325 32.4662 44.1555 326.144 286.761 1103.41 147.834 1 0 0
0.324 32.0786 43.7863 325.023 287.731 1102.17 147.556 1 0 0
0.323 31.6933 43.4186 323.904 288.706 1100.92 147.278 1 0 0
0.322 31.3102 43.0525 322.786 289.688 1099.68 146.999 1 0 0
0.321 30.9294 42.688 321.669 290.676 1098.44 146.718 1 0 0
0.32 30.5509 42.3251 320.554 291.671 1097.2 146.438 1 0 0
0.319 30.1747 41.9638 319.44 292.672 1095.97 146.156 1 0 0
0.318 29.8008 41.6041 318.327 293.68 1094.74 145.873 1 0 0
0.317 29.4292 41.2459 317.215 294.694 1093.51 145.59 1 0 0
0.316 29.0599 40.8894 316.104 295.714 1092.29 145.305 1 0 0
0.315 28.6929 40.5345 314.995 296.742 1091.07 145.02 1 0 0
0.314 28.3282 40.1813 313.887 297.776 1089.86 144.734 1 0 0
0.313 27.9659 39.8296 312.78 298.816 1088.64 144.447 1 0 0
0.312 27.6059 39.4796 311.674 299.863 1087.44 144.16 1 0 0
0.311 27.2483 39.1312 310.569 300.917 1086.23 143.871 1 0 0
0.31 26.893 38.7844 309.466 301.978 1085.03 143.582 1 0 0
0.309 26.5401 38.4393 308.364 303.045 1083.83 143.291 1 0 0
0.308 26.1896 38.0958 307.262 304.119 1082.64 143 1 0 0
0.307 25.8414 37.7539 306.163 305.2 1081.45 142.708 1 0 0
0.306 25.4956 37.4137 305.064 306.288 1080.26 142.416 1 0 0
0.305 25.1522 37.0752 303.966 307.383 1079.08 142.122 1 0 0
0.304 24.8112 36.7383 302.87 308.485 1077.9 141.828 1 0 0
0.303 24.4726 36.4031 301.775 309.594 1076.72 141.532 1 0 0
0.302 24.1363 36.0695 300.681 310.71 1075.55 141.236 1 0 0
0.301 23.8025 35.7377 299.588 311.832 1074.39 140.939 1 0 0
0.3 23.4711 35.4074 298.496 312.962 1073.22 140.642 1 0 0
0.299 23.1421 35.0789 297.405 314.099 1072.07 140.343 1 0 0
0.298 22.8156 34.752 296.316 315.243 1070.91 140.044 1 0 0
0.297 22.4914 34.4268 295.228 316.395 1069.76 139.744 1 0 0
0.296 22.1697 34.1033 294.141 317.553 1068.62 139.443 1 0 0
0.295 21.8504 33.7814 293.055 318.719 1067.47 139.141 1 0 0
0.294 21.5336 33.4613 291.97 319.891 1066.34 138.838 1 0 0
0.293 21.2192 33.1428 290.886 321.071 1065.21 138.535 1 0 0
0.292 20.9072 32.8261 289.803 322.259 1064.08 138.231 1 0 0
0.291 20.5977 32.511 288.722 323.454 1062.95 137.926 1 0 0
0.29 20.2906 32.1976 287.641 324.655 1061.83 137.62 1 0 0
0.289 19.986 31.8859 286.562 325.865 1060.72 137.313 1 0 0
0.288 19.6839 31.5759 285.484 327.082 1059.61 137.006 1 0 0
0.287 19.3842 31.2676 284.407 328.306 1058.51 136.698 1 0 0
0.286 19.0869 30.961 283.331 329.537 1057.41 136.389 1 0 0
0.285 18.7921 30.6561 282.256 330.776 1056.31 136.079 1 0 0
0.284 18.4998 30.3529 281.182 332.022 1055.22 135.769 1 0 0
0.283 18.2099 30.0514 280.11 333.276 1054.13 135.458 1 0 0
0.282 17.9225 29.7516 279.038 334.538 1053.05 135.146 1 0 0
0.281 17.6376 29.4535 277.968 335.806 1051.98 134.833 1 0 0
0.28 17.3551 29.1572 276.898 337.083 1050.9 134.52 1 0 0
0.279 17.0751 28.8625 275.83 338.367 1049.84 134.206 1 0 0
0.278 16.7975 28.5695 274.762 339.658 1048.78 133.891 1 0 0
0.277 16.5224 28.2783 273.696 340.957 1047.72 133.575 1 0 0
0.276 16.2498 27.9887 272.631 342.264 1046.67 133.259 1 0 0
0.275 15.9796 27.7009 271.567 343.578 1045.62 132.942 1 0 0
0.274 15.7119 27.4147 270.504 344.9 1044.58 132.624 1 0 0
0.273 15.4466 27.1303 269.442 346.229 1043.55 132.306 1 0 0
0.272 15.1838 26.8476 268.381 347.566 1042.52 131.987 1 0 0
0.271 14.9235 26.5665 267.321 348.91 1041.49 131.668 1 0 0
0.27 14.6655 26.2872 266.262 350.263 1040.47 131.347 1 0 0
0.269 14.4101 26.0096 265.204 351.623 1039.46 131.026 1 0 0
0.268 14.1571 25.7337 264.147 352.99 1038.45 130.705 1 0 0
0.267 13.9065 25.4595 263.091 354.365 1037.44 130.383 1 0 0
0.266 13.6584 25.187 262.036 355.748 1036.45 130.06 1 0 0
0.265 13.4127 24.9162 260.983 357.138 1035.45 129.736 1 0 0
0.264 13.1694 24.6471 259.93 358.536 1034.47 129.412 1 0 0
0.263 12.9285 24.3797 258.878 359.942 1033.48 129.088 1 0 0
0.262 12.6901 24.114 257.827 361.356 1032.51 128.762 1 0 0
0.261 12.4541 23.85 256.777 362.777 1031.54 128.437 1 0 0
0.26 12.2205 23.5876 255.728 364.205 1030.57 128.11 1 0 0
0.259 11.9893 23.327 254.681 365.642 1029.61 127.783 1 0 0
0.258 11.7605 23.068 253.634 367.086 1028.66 127.456 1 0 0
0.257 11.534 22.8108 252.588 368.537 1027.71 127.128 1 0 0
0.256 11.31 22.5552 251.543 369.997 1026.77 126.8 1 0 0
0.255 11.0883 22.3013 250.499 371.464 1025.83 126.471 1 0 0
0.254 10.8691 22.0491 249.456 372.938 1024.9 126.141 1 0 0
0.253 10.6521 21.7985 248.414 374.42 1023.98 125.811 1 0 0
0.252 10.4376 21.5497 247.372 375.91 1023.06 125.481 1 0 0
0.251 10.2253 21.3025 246.332 377.407 1022.14 125.15 1 0 0
0.25 10.0155 21.0569 245.293 378.912 1021.23 124.819 1 0 0
0.249 9.80791 20.813 244.255 380.425 1020.33 124.487 1 0 0
0.248 9.60268 20.5708 243.217 381.945 1019.43 124.155 1 0 0
0.247 9.39976 20.3303 242.181 383.472 1018.54 123.822 1 0 0
0.246 9.19914 20.0914 241.145 385.007 1017.66 123.489 1 0 0
0.245 9.00082 19.8541 240.11 386.55 1016.78 123.156 1 0 0
0.244 8.80479 19.6185 239.077 388.1 1015.91 122.822 1 0 0
0.243 8.61102 19.3845 238.044 389.658 1015.04 122.488 1 0 0
0.242 8.41952 19.1522 237.012 391.223 1014.18 122.154 1 0 0
0.241 8.23028 18.9215 235.981 392.795 1013.32 121.819 1 0 0
0.24 8.04327 18.6924 234.951 394.375 1012.47 121.484 1 0 0
0.239 7.8585 18.465 233.921 395.962 1011.63 121.148 1 0 0
0.238 7.67595 18.2391 232.893 397.557 1010.79 120.813 1 0 0
0.237 7.49561 18.0149 231.865 399.159 1009.96 120.477 1 0 0
0.236 7.31746 17.7923 230.839 400.768 1009.14 120.14 1 0 0
0.235 7.1415 17.5713 229.813 402.385 1008.32 119.804 1 0 0
0.234 6.96772 17.3519 228.788 404.009 1007.5 119.467 1 0 0
0.233 6.79609 17.1341 227.764 405.64 1006.69 119.13 1 0 0
0.232 6.62661 16.9179 226.74 407.278 1005.89 118.793 1 0 0
0.231 6.45927 16.7033 225.718 408.924 1005.1 118.456 1 0 0
0.23 6.29406 16.4903 224.696 410.576 1004.31 118.118 1 0 0
0.229 6.13095 16.2788 223.676 412.236 1003.52 117.78 1 0 0
0.228 5.96994 16.069 222.656 413.903 1002.74 117.442 1 0 0
0.227 5.81101 15.8606 221.637 415.577 1001.97 117.104 1 0 0
0.226 5.65416 15.6539 220.618 417.258 1001.21 116.766 1 0 0
0.225 5.49936 15.4487 219.601 418.946 1000.44 116.428 1 0 0
0.224 5.3466 15.245 218.584 420.642 999.69 116.089 1 0 0
0.223 5.19587 15.0429 217.568 422.344 998.942 115.751 1 0 0
0.222 5.04716 14.8423 216.553 424.053 998.199 115.412 1 0 0
0.221 4.90045 14.6433 215.539 425.768 997.462 115.074 1 0 0
0.22 4.75572 14.4458 214.525 427.491 996.731 114.735 1 0 0
0.219 4.61297 14.2498 213.512 429.221 996.006 114.396 1 0 0
0.218 4.47217 14.0553 212.5 430.957 995.287 114.057 1 0 0
0.217 4.33331 13.8624 211.489 432.7 994.574 113.719 1 0 0
0.216 4.19639 13.6709 210.479 434.45 993.866 113.38 1 0 0
0.215 4.06137 13.4809 209.469 436.206 993.164 113.041 1 0 0
0.214 3.92826 13.2924 208.46 437.969 992.469 112.702 1 0 0
0.213 3.79703 13.1054 207.452 439.739 991.779 112.364 1 0 0
0.212 3.66767 12.9199 206.444 441.515 991.094 112.025 1 0 0
0.211 3.54016 12.7359 205.438 443.297 990.416 111.686 1 0 0
0.21 3.41448 12.5533 204.432 445.087 989.743 111.348 1 0 0
0.209 3.29063 12.3721 203.426 446.882 989.076 111.009 1 0 0
0.208 3.16859 12.1925 202.422 448.684 988.415 110.671 1 0 0
0.207 3.04834 12.0142 201.418 450.493 987.76 110.333 1 0 0
0.206 2.92987 11.8374 200.415 452.307 987.11 109.994 1 0 0
0.205 2.81316 11.6621 199.412 454.128 986.466 109.656 1 0 0
0.204 2.6982 11.4881 198.411 455.956 985.828 109.318 1 0 0
0.203 2.58497 11.3156 197.41 457.789 985.195 108.981 1 0 0
0.202 2.47345 11.1445 196.409 459.629 984.568 108.643 1 0 0
0.201 2.36364 10.9748 195.41 461.475 983.946 108.306 1 0 0
0.2 2.2555 10.8065 194.411 463.326 983.33 107.968 1 0 0
0.199 2.14904 10.6395 193.412 465.184 982.72 107.631 1 0 0
0.198 2.04424 10.474 192.415 467.048 982.115 107.294 1 0 0
0.197 1.94107 10.3098 191.418 468.918 981.516 106.957 1 0 0
0.196 1.83953 10.147 190.421 470.794 980.923 106.621 1 0 0
0.195 1.73959 9.98557 189.426 472.676 980.334 106.285 1 0 0
0.194 1.64125 9.82548 188.431 474.563 979.752 105.948 1 0 0
0.193 1.54449 9.66674 187.436 476.457 979.174 105.613 1 0 0
0.192 1.44929 9.50934 186.442 478.356 978.603 105.277 1 0 0
0.191 1.35564 9.35327 185.449 480.261 978.036 104.942 1 0 0
0.19 1.26353 9.19852 184.457 482.171 977.475 104.606 1 0 0
0.189 1.17293 9.04509 183.465 484.088 976.92 104.271 1 0 0
0.188 1.08384 8.89297 182.474 486.01 976.369 103.937 1 0 0
0.187 0.99623 8.74215 181.483 487.937 975.824 103.602 1 0 0
0.186 0.9101 8.59262 180.493 489.87 975.285 103.268 1 0 0
0.185 0.82543 8.44438 179.503 491.808 974.75 102.934 1 0 0
0.184 0.742205 8.29742 178.515 493.752 974.221 102.601 1 0 0
0.183 0.660411 8.15173 177.526 495.702 973.698 102.267 1 0 0
0.182 0.580034 8.0073 176.539 497.657 973.179 101.934 1 0 0
0.181 0.501059 7.86412 175.551 499.617 972.666 101.601 1 0 0
0.18 0.423472 7.7222 174.565 501.582 972.157 101.269 1 0 0
0.179 0.34726 7.58151 173.579 503.553 971.654 100.936 1 0 0
0.178 0.272408 7.44205 172.593 505.529 971.156 100.604 1 0 0
0.177 0.198903 7.30382 171.609 507.51 970.664 100.272 1 0 0
0.176 0.12673 7.1668 170.624 509.496 970.176 99.9409 1 0 0
0.175 0.0558767 7.03098 169.64 511.488 969.693 99.6096 1 0 0
0.174 -0.013671 6.89637 168.657 513.485 969.216 99.2786 1 0 0
0.173 -0.0819262 6.76294 167.675 515.486 968.743 98.9479 1 0 0
0.172 -0.148902 6.63069 166.692 517.493 968.276 98.6174 1 0 0
0.171 -0.214613 6.49962 165.711 519.505 967.813 98.2871 1 0 0
0.17 -0.27907 6.36971 164.73 521.522 967.356 97.9571 1 0 0
0.169 -0.342287 6.24096 163.749 523.543 966.903 97.6273 1 0 0
0.168 -0.404277 6.11335 162.769 525.57 966.456 97.2978 1 0 0
0.167 -0.465053 5.98688 161.789 527.601 966.013 96.9685 1 0 0
0.166 -0.524626 5.86154 160.81 529.638 965.575 96.6394 1 0 0
0.165 -0.58301 5.73732 159.831 531.679 965.142 96.3104 1 0 0
0.164 -0.640216 5.61421 158.853 533.725 964.714 95.9817 1 0 0
0.163 -0.696257 5.4922 157.876 535.775 964.291 95.6532 1 0 0
0.162 -0.751146 5.37128 156.898 537.831 963.873 95.3248 1 0 0
0.161 -0.804893 5.25144 155.922 539.891 963.459 94.9966 1 0 0
0.16 -0.85751 5.13267 154.946 541.956 963.05 94.6685 1 0 0
0.159 -0.90901 5.01496 153.97 544.025 962.646 94.3406 1 0 0
0.158 -0.959404 4.89831 152.994 546.1 962.247 94.0127 1 0 0
0.157 -1.0087 4.7827 152.02 548.178 961.852 93.685 1 0 0
0.156 -1.05692 4.66812 151.045 550.262 961.463 93.3574 1 0 0
0.155 -1.10406 4.55456 150.071 552.35 961.078 93.0298 1 0 0
0.154 -1.15015 4.44201 149.098 554.442 960.697 92.7022 1 0 0
0.153 -1.19518 4.33047 148.124 556.539 960.321 92.3747 1 0 0
0.152 -1.23917 4.21991 147.152 558.64 959.95 92.0472 1 0 0
0.151 -1.28214 4.11032 146.179 560.746 959.584 91.7197 1 0 0
0.15 -1.32409 4.00171 145.207 562.857 959.222 91.3921 1 0 0
0.149 -1.36503 3.89405 144.236 564.972 958.865 91.0645 1 0 0
0.148 -1.40497 3.78733 143.265 567.091 958.513 90.7368 1 0 0
0.147 -1.44393 3.68154 142.294 569.215 958.165 90.4089 1 0 0
0.146 -1.48191 3.57667 141.324 571.343 957.821 90.081 1 0 0
0.145 -1.51892 3.4727 140.354 573.475 957.482 89.7528 1 0 0
0.144 -1.55498 3.36963 139.384 575.612 957.148 89.4245 1 0 0
0.143 -1.59009 3.26744 138.415 577.753 956.818 89.0959 1 0 0
0.142 -1.62427 3.16612 137.446 579.898 956.493 88.7671 1 0 0
0.141 -1.65752 3.06565 136.478 582.048 956.173 88.438 1 0 0
0.14 -1.68985 2.96602 135.51 584.202 955.856 88.1086 1 0 0
0.139 -1.72128 2.86721 134.542 586.361 955.545 87.7788 1 0 0
0.138 -1.7518 2.76921 133.575 588.523 955.237 87.4486 1 0 0
0.137 -1.78144 2.67201 132.607 590.69 954.935 87.118 1 0 0
0.136 -1.8102 2.57559 131.641 592.861 954.636 86.7869 1 0 0
0.135 -1.83809 2.47994 130.674 595.037 954.342 86.4554 1 0 0
0.134 -1.86512 2.38503 129.708 597.216 954.053 86.1232 1 0 0
0.133 -1.8913 2.29086 128.742 599.4 953.768 85.7905 1 0 0
0.132 -1.91664 2.1974 127.777 601.588 953.487 85.4571 1 0 0
0.131 -1.94114 2.10464 126.812 603.78 953.211 85.1231 1 0 0
0.13 -1.96482 2.01257 125.847 605.977 952.939 84.7883 1 0 0
0.129 -1.98769 1.92115 124.882 608.178 952.672 84.4527 1 0 0
0.128 -2.00975 1.83038 123.918 610.383 952.408 84.1164 1 0 0
0.127 -2.03101 1.74024 122.954 612.592 952.15 83.7791 1 0 0
0.126 -2.05148 1.6507 121.99 614.805 951.895 83.4409 1 0 0
0.125 -2.07117 1.56175 121.027 617.023 951.645 83.1018 1 0 0
0.124 -2.0901 1.47337 120.064 619.244 951.399 82.7616 1 0 0
0.123 -2.10826 1.38552 119.101 621.47 951.157 82.4203 1 0 0
0.122 -2.12566 1.29821 118.138 623.701 950.92 82.0778 1 0 0
0.121 -2.14233 1.21139 117.175 625.935 950.687 81.7341 1 0 0
0.12 -2.15825 1.12505 116.213 628.174 950.458 81.3892 1 0 0
0.119 -2.17345 1.03916 115.251 630.416 950.233 81.0429 1 0 0
0.118 -2.18793 0.953709 114.289 632.663 950.013 80.6953 1 0 0
0.117 -2.20171 0.868658 113.328 634.915 949.797 80.3461 1 0 0
0.116 -2.21478 0.783987 112.367 637.17 949.585 79.9955 1 0 0
0.115 -2.22715 0.699669 111.406 639.43 949.377 79.6432 1 0 0
0.114 -2.23885 0.615677 110.445 641.694 949.173 79.2892 1 0 0
0.113 -2.24987 0.531982 109.484 643.962 948.974 78.9336 1 0 0
0.112 -2.26022 0.448557 108.523 646.235 948.778 78.576 1 0 0
0.111 -2.26992 0.365371 107.563 648.512 948.587 78.2166 1 0 0
0.11 -2.27897 0.282394 106.603 650.793 948.4 77.8552 1 0 0
0.109 -2.28738 0.199594 105.643 653.078 948.216 77.4918 1 0 0
0.108 -2.29515 0.116939 104.683 655.368 948.037 77.1262 1 0 0
0.107 -2.30231 0.0343959 103.724 657.662 947.862 76.7584 1 0 0
0.106 -2.30885 -0.0480703 102.764 659.96 947.691 76.3883 1 0 0
0.105 -2.31479 -0.130495 101.805 662.263 947.523 76.0158 1 0 0
0.104 -2.32014 -0.212915 100.846 664.57 947.36 75.6408 1 0 0
0.103 -2.3249 -0.295368 99.8865 666.882 947.2 75.2633 1 0 0
0.102 -2.32908 -0.377892 98.9276 669.198 947.045 74.8831 1 0 0
0.101 -2.3327 -0.46053 97.9689 671.518 946.893 74.5001 1 0 0
0.1 -2.33576 -0.54332 97.0102 673.843 946.745 74.1143 1 0 0
0.099 -2.33827 -0.626308 96.0517 676.173 946.601 73.7256 1 0 0
0.098 -2.34024 -0.709537 95.0933 678.507 946.46 73.3338 1 0 0
0.097 -2.34168 -0.793053 94.1351 680.845 946.323 72.9388 1 0 0
0.096 -2.3426 -0.876903 93.1769 683.188 946.19 72.5406 1 0 0
0.095 -2.34301 -0.961136 92.2188 685.536 946.061 72.1391 1 0 0
0.094 -2.34292 -1.0458 91.2608 687.888 945.935 71.734 1 0 0
0.093 -2.34234 -1.13096 90.3029 690.245 945.813 71.3255 1 0 0
0.092 -2.34127 -1.21665 89.3451 692.607 945.694 70.9132 1 0 0
0.091 -2.33974 -1.30294 88.3874 694.973 945.578 70.4971 1 0 0
0.09 -2.33774 -1.38988 87.4297 697.344 945.466 70.0772 1 0 0
0.089 -2.33529 -1.47754 86.4721 699.72 945.358 69.6532 1 0 0
0.088 -2.3324 -1.56598 85.5146 702.1 945.252 69.2251 1 0 0
0.087 -2.32907 -1.65526 84.5572 704.486 945.15 68.7927 1 0 0
0.086 -2.32533 -1.74544 83.5998 706.876 945.051 68.356 1 0 0
0.085 -2.32117 -1.8366 82.6424 709.271 944.956 67.9147 1 0 0
0.084 -2.31661 -1.92882 81.6851 711.671 944.863 67.4689 1 0 0
0.083 -2.31166 -2.02215 80.7279 714.077 944.774 67.0183 1 0 0
0.082 -2.30633 -2.11669 79.7707 716.487 944.687 66.5628 1 0 0
0.081 -2.30063 -2.21251 78.8135 718.902 944.603 66.1023 1 0 0
0.08 -2.29457 -2.3097 77.8564 721.322 944.522 65.6366 1 0 0
0.079 -2.28816 -2.40834 76.8993 723.748 944.444 65.1657 1 0 0
0.078 -2.28141 -2.50853 75.9422 726.179 944.369 64.6894 1 0 0
0.077 -2.27434 -2.61035 74.9851 728.615 944.296 64.2076 1 0 0
0.076 -2.26695 -2.71392 74.0281 731.056 944.226 63.7201 1 0 0
0.075 -2.25925 -2.81932 73.0711 733.503 944.158 63.2267 1 0 0
0.074 -2.25125 -2.92668 72.1141 735.955 944.092 62.7274 1 0 0
0.073 -2.24298 -3.0361 71.1571 738.412 944.029 62.2221 1 0 0
0.072 -2.23442 -3.14769 70.2002 740.875 943.969 61.7104 1 0 0
0.071 -2.22561 -3.26159 69.2432 743.344 943.91 61.1924 1 0 0
0.07 -2.21654 -3.37792 68.2863 745.818 943.853 60.6679 1 0 0
0.069 -2.20723 -3.49681 67.3293 748.298 943.799 60.1367 1 0 0
0.068 -2.19769 -3.61842 66.3724 750.784 943.746 59.5986 1 0 0
0.067 -2.18793 -3.74287 65.4155 753.275 943.695 59.0536 1 0 0
0.066 -2.17796 -3.87034 64.4586 755.773 943.646 58.5015 1 0 0
0.065 -2.1678 -4.00099 63.5017 758.276 943.598 57.9421 1 0 0
0.064 -2.15744 -4.13498 62.5448 760.785 943.552 57.3753 1 0 0
0.063 -2.14691 -4.27251 61.5879 763.301 943.507 56.8009 1 0 0
0.062 -2.13622 -4.41377 60.631 765.822 943.464 56.2188 1 0 0
0.061 -2.12537 -4.55895 59.6741 768.35 943.421 55.6288 1 0 0
0.06 -2.11438 -4.70828 58.7172 770.884 943.38 55.0308 1 0 0
0.059 -2.10326 -4.86199 57.7603 773.424 943.34 54.4246 1 0 0
0.058 -2.09201 -5.02031 56.8035 775.971 943.301 53.8101 1 0 0
0.057 -2.08065 -5.18351 55.8466 778.524 943.263 53.1871 1 0 0
0.056 -2.0692 -5.35186 54.8898 781.084 943.225 52.5554 1 0 0
0.055 -2.05765 -5.52565 53.933 783.651 943.188 51.915 1 0 0
0.054 -2.04602 -5.7052 52.9762 786.224 943.152 51.2656 1 0 0
0.053 -2.03432 -5.89084 52.0195 788.805 943.116 50.6072 1 0 0
0.052 -2.02257 -6.08293 51.0627 791.392 943.08 49.9395 1 0 0
0.051 -2.01077 -6.28186 50.106 793.986 943.044 49.2624 1 0 0
0.05 -1.99892 -6.48803 49.1494 796.588 943.009 48.5758 1 0 0
0.049 -1.98706 -6.70189 48.1928 799.196 942.974 47.8796 1 0 0
0.048 -1.97517 -6.92393 47.2362 801.812 942.938 47.1736 1 0 0
0.047 -1.96327 -7.15466 46.2797 804.436 942.903 46.4576 1 0 0
0.046 -1.95138 -7.39464 45.3232 807.067 942.867 45.7315 1 0 0
0.045 -1.9395 -7.64449 44.3669 809.706 942.83 44.9953 1 0 0
0.044 -1.92764 -7.90487 43.4106 812.352 942.794 44.2487 1 0 0
0.043 -1.91581 -8.1765 42.4544 815.006 942.757 43.4917 1 0 0
0.042 -1.90403 -8.46018 41.4982 817.669 942.719 42.7242 1 0 0
0.041 -1.89229 -8.75677 40.5422 820.339 942.681 41.9459 1 0 0
0.04 -1.88061 -9.06722 39.5863 823.018 942.642 41.1569 1 0 0
0.039 -1.86901 -9.39258 38.6305 825.705 942.602 40.3571 1 0 0
0.038 -1.85748 -9.73401 37.6748 828.401 942.562 39.5462 1 0 0
0.037 -1.84604 -10.0928 36.7193 831.106 942.52 38.7243 1 0 0
0.036 -1.8347 -10.4704 35.7639 833.819 942.478 37.8913 1 0 0
0.035 -1.82346 -10.8683 34.8087 836.541 942.435 37.0471 1 0 0
0.034 -1.81234 -11.2883 33.8536 839.272 942.391 36.1917 1 0 0
0.033 -1.80134 -11.7325 32.8988 842.013 942.346 35.325 1 0 0
0.032 -1.79048 -12.203 31.9441 844.763 942.301 34.4469 1 0 0
0.031 -1.77977 -12.7023 30.9896 847.522 942.254 33.5574 1 0 0
0.03 -1.7692 -13.2334 30.0354 850.291 942.206 32.6566 1 0 0
0.029 -1.7588 -13.7995 29.0814 853.07 942.158 31.7443 1 0 0
0.028 -1.74857 -14.4042 28.1276 855.86 942.109 30.8206 1 0 0
0.027 -1.73852 -15.0519 27.1741 858.659 942.059 29.8856 1 0 0
0.026 -1.72866 -15.7475 26.2209 861.469 942.008 28.9391 1 0 0
0.025 -1.71901 -16.4968 25.2679 864.289 941.957 27.9814 1 0 0
0.024 -1.70957 -17.3063 24.3153 867.121 941.906 27.0123 1 0 0
0.023 -1.70035 -18.1839 23.363 869.963 941.853 26.032 1 0 0
0.022 -1.69136 -19.1389 22.411 872.817 941.801 25.0405 1 0 0
0.021 -1.68262 -20.1824 21.4593 875.682 941.748 24.0379 1 0 0
0.02 -1.67414 -21.3276 20.508 878.559 941.694 23.0243 1 0 0
0.019 -1.66593 -22.5905 19.5571 881.448 941.641 21.9997 1 0 0
0.018 -1.65799 -23.9908 18.6066 884.349 941.587 20.9642 1 0 0
0.017 -1.65036 -25.5526 17.6564 887.262 941.534 19.9179 1 0 0
0.016 -1.64303 -27.3063 16.7067 890.189 941.48 18.861 1 0 0
0.015 -1.63603 -29.2902 15.7574 893.128 941.425 17.7933 1 0 0
0.014 -1.62936 -31.5536 14.8086 896.08 941.371 16.715 1 0 0
0.013 -1.62305 -34.1611 13.8602 899.046 941.316 15.6261 1 0 0
0.012 -1.61711 -37.1985 12.9122 902.026 941.26 14.5266 1 0 0
0.011 -1.61156 -40.7829 11.9648 905.02 941.202 13.4163 1 0 0
0.01 -1.60641 -45.0784 11.0178 908.028 941.142 12.295 1 0 0
0.009 -1.6017 -50.3216 10.0714 911.052 941.079 11.1625 1 0 0
0.008 -1.59742 -56.8673 9.12551 914.09 941.012 10.0182 1 0 0
0.007 -1.59361 -65.273 8.18017 917.144 940.937 8.86133 1 0 0
0.006 -1.59029 -76.467 7.2354 920.215 940.852 7.69075 1 0 0
0.005 -1.58746 -92.1235 6.29122 923.301 940.752 6.50465 1 0 0
0.004 -1.58516 -115.578 5.34768 926.405 940.629 5.30012 1 0 0
0.003 -1.58341 -154.621 4.40483 929.526 940.471 4.07227 1 0 0
0.002 -1.58222 -232.617 3.46272 932.664 940.253 2.81181 1 0 0
0.001 -1.58158 -466.332 2.52149 935.822 939.914 1.49677 1 0 0
