1 0.0847045 0.0847045 0.0914188 0.0914188 0 0 0 0 0.0220951 0.0220951 0.0529194 0.0529194 0.0933926 0.0933926 0 0 0.00115203 0.00115203 0 0 0 0 0 0 0 0 0 0 0 0 0 0 0 0 0.154318 0.154318
0.998 0.0848836 0.0848836 0.0916728 0.0916728 0 0 0 0 0.0217033 0.0217033 0.0525565 0.0525565 0.093166 0.093166 0 0 0.0011044 0.0011044 0 0 0 0 0 0 0 0 0 0 0 0 0 0 0 0 0.153913 0.153913
0.996 0.0850619 0.0850619 0.0919266 0.0919266 0 0 0 0 0.0213129 0.0213129 0.0521937 0.0521937 0.0929394 0.0929394 0 0 0.00105726 0.00105726 0 0 0 0 0 0 0 0 0 0 0 0 0 0 0 0 0.153508 0.153508
0.994 0.0852393 0.0852393 0.0921803 0.0921803 0 0 0 0 0.0209239 0.0209239 0.0518308 0.0518308 0.0927126 0.0927126 0 0 0.00101063 0.00101063 0 0 0 0 0 0 0 0 0 0 0 0 0 0 0 0 0.153102 0.153102
0.992 0.0854159 0.0854159 0.0924338 0.0924338 0 0 0 0 0.0205364 0.0205364 0.0514679 0.0514679 0.0924857 0.0924857 0 0 0.000964525 0.000964525 0 0 0 0 0 0 0 0 0 0 0 0 0 0 0 0 0.152696 0.152696
0.99 0.0855916 0.0855916 0.0926871 0.0926871 0 0 0 0 0.0201502 0.0201502 0.0511051 0.0511051 0.0922587 0.0922587 0 0 0.000918954 0.000918954 0 0 0 0 0 0 0 0 0 0 0 0 0 0 0 0 0.152288 0.152288
0.988 0.0857663 0.0857663 0.0929403 0.0929403 0 0 0 0 0.0197656 0.0197656 0.0507422 0.0507422 0.0920315 0.0920315 0 0 0.000873937 0.000873937 0 0 0 0 0 0 0 0 0 0 0 0 0 0 0 0 0.15188 0.15188
0.986 0.0859402 0.0859402 0.0931933 0.0931933 0 0 0 0 0.0193824 0.0193824 0.0503794 0.0503794 0.0918042 0.0918042 0 0 0.000829493 0.000829493 0 0 0 0 0 0 0 0 0 0 0 0 0 0 0 0 0.151471 0.151471
0.984 0.0861131 0.0861131 0.0934462 0.0934462 0 0 0 0 0.0190007 0.0190007 0.0500165 0.0500165 0.0915768 0.0915768 0 0 0.000785642 0.000785642 0 0 0 0 0 0 0 0 0 0 0 0 0 0 0 0 0.151061 0.151061
0.982 0.0862851 0.0862851 0.0936989 0.0936989 0 0 0 0 0.0186205 0.0186205 0.0496536 0.0496536 0.0913492 0.0913492 0 0 0.000742402 0.000742402 0 0 0 0 0 0 0 0 0 0 0 0 0 0 0 0 0.15065 0.15065
0.98 0.0864562 0.0864562 0.0939514 0.0939514 0 0 0 0 0.0182419 0.0182419 0.0492907 0.0492907 0.0911214 0.0911214 0 0 0.000699797 0.000699797 0 0 0 0 0 0 0 0 0 0 0 0 0 0 0 0 0.150239 0.150239
0.978 0.0866263 0.0866263 0.0942037 0.0942037 0 0 0 0 0.0178649 0.0178649 0.0489277 0.0489277 0.0908935 0.0908935 0 0 0.00065785 0.00065785 0 0 0 0 0 0 0 0 0 0 0 0 0 0 0 0 0.149826 0.149826
0.976 0.0867954 0.0867954 0.0944559 0.0944559 0 0 0 0 0.0174894 0.0174894 0.0485648 0.0485648 0.0906654 0.0906654 0 0 0.000616585 0.000616585 0 0 0 0 0 0 0 0 0 0 0 0 0 0 0 0 0.149413 0.149413
0.974 0.0869636 0.0869636 0.0947079 0.0947079 0 0 0 0 0.0171156 0.0171156 0.0482017 0.0482017 0.0904371 0.0904371 0 0 0.00057603 0.00057603 0 0 0 0 0 0 0 0 0 0 0 0 0 0 0 0 0.148998 0.148998
0.972 0.0871307 0.0871307 0.0949598 0.0949598 0 0 0 0 0.0167434 0.0167434 0.0478387 0.0478387 0.0902086 0.0902086 0 0 0.000536213 0.000536213 0 0 0 0 0 0 0 0 0 0 0 0 0 0 0 0 0.148583 0.148583
0.97 0.0872969 0.0872969 0.0952114 0.0952114 0 0 0 0 0.0163729 0.0163729 0.0474755 0.0474755 0.0899798 0.0899798 0 0 0.000497165 0.000497165 0 0 0 0 0 0 0 0 0 0 0 0 0 0 0 0 0.148166 0.148166
0.968 0.087462 0.087462 0.0954629 0.0954629 0 0 0 0 0.0160041 0.0160041 0.0471123 0.0471123 0.0897509 0.0897509 0 0 0.00045892 0.00045892 0 0 0 0 0 0 0 0 0 0 0 0 0 0 0 0 0.147749 0.147749
0.966 0.0876261 0.0876261 0.0957142 0.0957142 0 0 0 0 0.0156371 0.0156371 0.046749 0.046749 0.0895217 0.0895217 0 0 0.000421516 0.000421516 0 0 0 0 0 0 0 0 0 0 0 0 0 0 0 0 0.14733 0.14733
0.964 0.0877892 0.0877892 0.0959653 0.0959653 0 0 0 0 0.0152718 0.0152718 0.0463857 0.0463857 0.0892922 0.0892922 0 0 0.000384992 0.000384992 0 0 0 0 0 0 0 0 0 0 0 0 0 0 0 0 0.146911 0.146911
0.962 0.0879512 0.0879512 0.0962163 0.0962163 0 0 0 0 0.0149083 0.0149083 0.0460222 0.0460222 0.0890624 0.0890624 0 0 0.000349393 0.000349393 0 0 0 0 0 0 0 0 0 0 0 0 0 0 0 0 0.14649 0.14649
0.96 0.0881121 0.0881121 0.096467 0.096467 0 0 0 0 0.0145466 0.0145466 0.0456586 0.0456586 0.0888323 0.0888323 0 0 0.000314768 0.000314768 0 0 0 0 0 0 0 0 0 0 0 0 0 0 0 0 0.146069 0.146069
0.958 0.088272 0.088272 0.0967176 0.0967176 0 0 0 0 0.0141868 0.0141868 0.0452949 0.0452949 0.0886019 0.0886019 0 0 0.000281173 0.000281173 0 0 0 0 0 0 0 0 0 0 0 0 0 0 0 0 0.145646 0.145646
0.956 0.0884307 0.0884307 0.0969679 0.0969679 0 0 0 0 0.0138289 0.0138289 0.044931 0.044931 0.0883711 0.0883711 0 0 0.000248668 0.000248668 0 0 0 0 0 0 0 0 0 0 0 0 0 0 0 0 0.145222 0.145222
0.954 0.0885884 0.0885884 0.0972181 0.0972181 0 0 0 0 0.0134729 0.0134729 0.044567 0.044567 0.0881399 0.0881399 0 0 0.000217325 0.000217325 0 0 0 0 0 0 0 0 0 0 0 0 0 0 0 0 0.144796 0.144796
0.952 0.0887449 0.0887449 0.097468 0.097468 0 0 0 0 0.0131189 0.0131189 0.0442029 0.0442029 0.0879082 0.0879082 0 0 0.000187224 0.000187224 0 0 0 0 0 0 0 0 0 0 0 0 0 0 0 0 0.14437 0.14437
0.95 0.0889003 0.0889003 0.0977178 0.0977178 0 0 0 0 0.0127669 0.0127669 0.0438385 0.0438385 0.0876761 0.0876761 0 0 0.000158459 0.000158459 0 0 0 0 0 0 0 0 0 0 0 0 0 0 0 0 0.143942 0.143942
0.948 0.0890545 0.0890545 0.0979674 0.0979674 0 0 0 0 0.012417 0.012417 0.0434739 0.0434739 0.0874433 0.0874433 0 0 0.000131141 0.000131141 0 0 0 0 0 0 0 0 0 0 0 0 0 0 0 0 0.143513 0.143513
0.946 0.0892076 0.0892076 0.0982167 0.0982167 0 0 0 0 0.0120692 0.0120692 0.043109 0.043109 0.0872099 0.0872099 0 0 0.000105404 0.000105404 0 0 0 0 0 0 0 0 0 0 0 0 0 0 0 0 0.143082 0.143082
0.944 0.0893596 0.0893596 0.0984658 0.0984658 0 0 0 0 0.0117235 0.0117235 0.0427438 0.0427438 0.0869758 0.0869758 0 0 8.14158e-05 8.14158e-05 0 0 0 0 0 0 0 0 0 0 0 0 0 0 0 0 0.14265 0.14265
0.942 0.0895103 0.0895103 0.0987147 0.0987147 0 0 0 0 0.0113801 0.0113801 0.0423784 0.0423784 0.0867408 0.0867408 0 0 5.93909e-05 5.93909e-05 0 0 0 0 0 0 0 0 0 0 0 0 0 0 0 0 0.142216 0.142216
0.94 0.08966 0.08966 0.0989634 0.0989634 0 0 0 0 0.0110389 0.0110389 0.0420125 0.0420125 0.0865047 0.0865047 0 0 3.9621e-05 3.9621e-05 0 0 0 0 0 0 0 0 0 0 0 0 0 0 0 0 0.141781 0.141781
0.938 0.0898085 0.0898085 0.0992118 0.0992118 0 0 0 0 0.0107001 0.0107001 0.0416461 0.0416461 0.0862673 0.0862673 0 0 2.25337e-05 2.25337e-05 0 0 0 0 0 0 0 0 0 0 0 0 0 0 0 0 0.141344 0.141344
0.936 0.089956 0.089956 0.09946 0.09946 0 0 0 0 0.0103637 0.0103637 0.0412791 0.0412791 0.086028 0.086028 0 0 8.85222e-06 8.85222e-06 0 0 0 0 0 0 0 0 0 0 0 0 0 0 0 0 0.140904 0.140904
0.934 0.0901027 0.0901027 0.0997079 0.0997079 0 0 0 0 0.0100298 0.0100298 0.0409111 0.0409111 0.0857858 0.0857858 0 0 3.53956e-07 3.53956e-07 0 0 0 0 0 0 0 0 0 0 0 0 0 0 0 0 0.140462 0.140462
0.932 0.0902488 0.0902488 0.0999555 0.0999555 0 0 0 0 0.00969885 0.00969885 0.0405415 0.0405415 0.0855386 0.0855386 0 0 0 0 0 0 0 0 0 0 0 0 0 0 0 0 0 0 0 0 0.140017 0.140017
0.93 0.0903935 0.0903935 0.100203 0.100203 0 0 0 0 0.00937023 0.00937023 0.0401719 0.0401719 0.0852917 0.0852917 0 0 0 0 0 0 0 0 0 0 0 0 0 0 0 0 0 0 0 0 0.13957 0.13957
0.928 0.0905365 0.0905365 0.10045 0.10045 0 0 0 0 0.00904403 0.00904403 0.0398023 0.0398023 0.0850453 0.0850453 0 0 0 0 0 0 0 0 0 0 0 0 0 0 0 0 0 0 0 0 0.139122 0.139122
0.926 0.0906778 0.0906778 0.100697 0.100697 0 0 0 0 0.0087203 0.0087203 0.0394327 0.0394327 0.0847995 0.0847995 0 0 0 0 0 0 0 0 0 0 0 0 0 0 0 0 0 0 0 0 0.138673 0.138673
0.924 0.0908174 0.0908174 0.100944 0.100944 0 0 0 0 0.00839912 0.00839912 0.0390632 0.0390632 0.0845543 0.0845543 0 0 0 0 0 0 0 0 0 0 0 0 0 0 0 0 0 0 0 0 0.138222 0.138222
0.922 0.0909553 0.0909553 0.10119 0.10119 0 0 0 0 0.00808055 0.00808055 0.0386936 0.0386936 0.0843097 0.0843097 0 0 0 0 0 0 0 0 0 0 0 0 0 0 0 0 0 0 0 0 0.137771 0.137771
0.92 0.0910913 0.0910913 0.101436 0.101436 0 0 0 0 0.00776466 0.00776466 0.0383241 0.0383241 0.0840658 0.0840658 0 0 0 0 0 0 0 0 0 0 0 0 0 0 0 0 0 0 0 0 0.137318 0.137318
0.918 0.0912256 0.0912256 0.101682 0.101682 0 0 0 0 0.00745152 0.00745152 0.0379545 0.0379545 0.0838225 0.0838225 0 0 0 0 0 0 0 0 0 0 0 0 0 0 0 0 0 0 0 0 0.136864 0.136864
0.916 0.0913579 0.0913579 0.101928 0.101928 0 0 0 0 0.00714123 0.00714123 0.0375849 0.0375849 0.0835799 0.0835799 0 0 0 0 0 0 0 0 0 0 0 0 0 0 0 0 0 0 0 0 0.136408 0.136408
0.914 0.0914883 0.0914883 0.102173 0.102173 0 0 0 0 0.00683385 0.00683385 0.0372153 0.0372153 0.0833381 0.0833381 0 0 0 0 0 0 0 0 0 0 0 0 0 0 0 0 0 0 0 0 0.135952 0.135952
0.912 0.0916166 0.0916166 0.102418 0.102418 0 0 0 0 0.00652949 0.00652949 0.0368456 0.0368456 0.0830969 0.0830969 0 0 0 0 0 0 0 0 0 0 0 0 0 0 0 0 0 0 0 0 0.135493 0.135493
0.91 0.0917429 0.0917429 0.102663 0.102663 0 0 0 0 0.00622823 0.00622823 0.0364758 0.0364758 0.0828565 0.0828565 0 0 0 0 0 0 0 0 0 0 0 0 0 0 0 0 0 0 0 0 0.135034 0.135034
0.908 0.0918671 0.0918671 0.102907 0.102907 0 0 0 0 0.00593018 0.00593018 0.0361059 0.0361059 0.082617 0.082617 0 0 0 0 0 0 0 0 0 0 0 0 0 0 0 0 0 0 0 0 0.134572 0.134572
0.906 0.0919891 0.0919891 0.103152 0.103152 0 0 0 0 0.00563545 0.00563545 0.035736 0.035736 0.0823783 0.0823783 0 0 0 0 0 0 0 0 0 0 0 0 0 0 0 0 0 0 0 0 0.13411 0.13411
0.904 0.0921088 0.0921088 0.103396 0.103396 0 0 0 0 0.00534415 0.00534415 0.0353659 0.0353659 0.0821404 0.0821404 0 0 0 0 0 0 0 0 0 0 0 0 0 0 0 0 0 0 0 0 0.133645 0.133645
0.902 0.0922262 0.0922262 0.103639 0.103639 0 0 0 0 0.00505641 0.00505641 0.0349956 0.0349956 0.0819035 0.0819035 0 0 0 0 0 0 0 0 0 0 0 0 0 0 0 0 0 0 0 0 0.133179 0.133179
0.9 0.0923412 0.0923412 0.103882 0.103882 0 0 0 0 0.00477235 0.00477235 0.0346252 0.0346252 0.0816675 0.0816675 0 0 0 0 0 0 0 0 0 0 0 0 0 0 0 0 0 0 0 0 0.132711 0.132711
0.898 0.0924537 0.0924537 0.104125 0.104125 0 0 0 0 0.00449212 0.00449212 0.0342546 0.0342546 0.0814326 0.0814326 0 0 0 0 0 0 0 0 0 0 0 0 0 0 0 0 0 0 0 0 0.132242 0.132242
0.896 0.0925635 0.0925635 0.104368 0.104368 0 0 0 0 0.00421588 0.00421588 0.0338837 0.0338837 0.0811987 0.0811987 0 0 0 0 0 0 0 0 0 0 0 0 0 0 0 0 0 0 0 0 0.13177 0.13177
0.894 0.0926707 0.0926707 0.10461 0.10461 0 0 0 0 0.00394379 0.00394379 0.0335126 0.0335126 0.0809659 0.0809659 0 0 0 0 0 0 0 0 0 0 0 0 0 0 0 0 0 0 0 0 0.131297 0.131297
0.892 0.092775 0.092775 0.104852 0.104852 0 0 0 0 0.00367603 0.00367603 0.0331412 0.0331412 0.0807343 0.0807343 0 0 0 0 0 0 0 0 0 0 0 0 0 0 0 0 0 0 0 0 0.130821 0.130821
0.89 0.0928764 0.0928764 0.105094 0.105094 0 0 0 0 0.00341281 0.00341281 0.0327695 0.0327695 0.0805039 0.0805039 0 0 0 0 0 0 0 0 0 0 0 0 0 0 0 0 0 0 0 0 0.130343 0.130343
0.888 0.0929747 0.0929747 0.105335 0.105335 0 0 0 0 0.00315433 0.00315433 0.0323973 0.0323973 0.0802749 0.0802749 0 0 0 0 0 0 0 0 0 0 0 0 0 0 0 0 0 0 0 0 0.129864 0.129864
0.886 0.0930698 0.0930698 0.105576 0.105576 0 0 0 0 0.00290085 0.00290085 0.0320248 0.0320248 0.0800472 0.0800472 0 0 0 0 0 0 0 0 0 0 0 0 0 0 0 0 0 0 0 0 0.129381 0.129381
0.884 0.0931616 0.0931616 0.105816 0.105816 0 0 0 0 0.00265262 0.00265262 0.0316518 0.0316518 0.0798211 0.0798211 0 0 0 0 0 0 0 0 0 0 0 0 0 0 0 0 0 0 0 0 0.128897 0.128897
0.882 0.0932498 0.0932498 0.106056 0.106056 0 0 0 0 0.00240994 0.00240994 0.0312782 0.0312782 0.0795965 0.0795965 0 0 0 0 0 0 0 0 0 0 0 0 0 0 0 0 0 0 0 0 0.128409 0.128409
0.88 0.0933343 0.0933343 0.106296 0.106296 0 0 0 0 0.00217314 0.00217314 0.0309041 0.0309041 0.0793736 0.0793736 0 0 0 0 0 0 0 0 0 0 0 0 0 0 0 0 0 0 0 0 0.127919 0.127919
0.878 0.0934148 0.0934148 0.106535 0.106535 0 0 0 0 0.0019426 0.0019426 0.0305292 0.0305292 0.0791526 0.0791526 0 0 0 0 0 0 0 0 0 0 0 0 0 0 0 0 0 0 0 0 0.127426 0.127426
0.876 0.0934911 0.0934911 0.106774 0.106774 0 0 0 0 0.00171874 0.00171874 0.0301535 0.0301535 0.0789335 0.0789335 0 0 0 0 0 0 0 0 0 0 0 0 0 0 0 0 0 0 0 0 0.12693 0.12693
0.874 0.0935628 0.0935628 0.107012 0.107012 0 0 0 0 0.00150207 0.00150207 0.029777 0.029777 0.0787166 0.0787166 0 0 0 0 0 0 0 0 0 0 0 0 0 0 0 0 0 0 0 0 0.12643 0.12643
0.872 0.0936298 0.0936298 0.107249 0.107249 0 0 0 0 0.00129315 0.00129315 0.0293994 0.0293994 0.0785021 0.0785021 0 0 0 0 0 0 0 0 0 0 0 0 0 0 0 0 0 0 0 0 0.125927 0.125927
0.87 0.0936914 0.0936914 0.107486 0.107486 0 0 0 0 0.00109268 0.00109268 0.0290207 0.0290207 0.0782901 0.0782901 0 0 0 0 0 0 0 0 0 0 0 0 0 0 0 0 0 0 0 0 0.125419 0.125419
0.868 0.0937474 0.0937474 0.107722 0.107722 0 0 0 0 0.000901472 0.000901472 0.0286405 0.0286405 0.0780811 0.0780811 0 0 0 0 0 0 0 0 0 0 0 0 0 0 0 0 0 0 0 0 0.124907 0.124907
0.866 0.093797 0.093797 0.107958 0.107958 0 0 0 0 0.00072056 0.00072056 0.0282588 0.0282588 0.0778753 0.0778753 0 0 0 0 0 0 0 0 0 0 0 0 0 0 0 0 0 0 0 0 0.124391 0.124391
0.864 0.0938395 0.0938395 0.108192 0.108192 0 0 0 0 0.000551248 0.000551248 0.0278751 0.0278751 0.0776732 0.0776732 0 0 0 0 0 0 0 0 0 0 0 0 0 0 0 0 0 0 0 0 0.123869 0.123869
0.862 0.0938739 0.0938739 0.108426 0.108426 0 0 0 0 0.000395272 0.000395272 0.027489 0.027489 0.0774755 0.0774755 0 0 0 0 0 0 0 0 0 0 0 0 0 0 0 0 0 0 0 0 0.12334 0.12334
0.86 0.0938989 0.0938989 0.108659 0.108659 0 0 0 0 0.000255086 0.000255086 0.0271 0.0271 0.0772831 0.0772831 0 0 0 0 0 0 0 0 0 0 0 0 0 0 0 0 0 0 0 0 0.122804 0.122804
0.858 0.0939121 0.0939121 0.10889 0.10889 0 0 0 0 0.00013451 0.00013451 0.0267071 0.0267071 0.0770973 0.0770973 0 0 0 0 0 0 0 0 0 0 0 0 0 0 0 0 0 0 0 0 0.122259 0.122259
0.856 0.0939095 0.0939095 0.10912 0.10912 0 0 0 0 4.07134e-05 4.07134e-05 0.0263084 0.0263084 0.0769208 0.0769208 0 0 0 0 0 0 0 0 0 0 0 0 0 0 0 0 0 0 0 0 0.121701 0.121701
0.854 0.0938761 0.0938761 0.109346 0.109346 0 0 0 0 0 0 0.025897 0.025897 0.0767633 0.0767633 0 0 0 0 0 0 0 0 0 0 0 0 0 0 0 0 0 0 0 0 0.121118 0.121118
0.852 0.0938189 0.0938189 0.10957 0.10957 0 0 0 0 0 0 0.0254765 0.0254765 0.0766201 0.0766201 0 0 0 0 0 0 0 0 0 0 0 0 0 0 0 0 0 0 0 0 0.120515 0.120515
0.85 0.093761 0.093761 0.109793 0.109793 0 0 0 0 0 0 0.0250576 0.0250576 0.0764761 0.0764761 0 0 0 0 0 0 0 0 0 0 0 0 0 0 0 0 0 0 0 0 0.119912 0.119912
0.848 0.0937024 0.0937024 0.110017 0.110017 0 0 0 0 0 0 0.0246402 0.0246402 0.0763313 0.0763313 0 0 0 0 0 0 0 0 0 0 0 0 0 0 0 0 0 0 0 0 0.119309 0.119309
0.846 0.0936431 0.0936431 0.11024 0.11024 0 0 0 0 0 0 0.0242245 0.0242245 0.0761856 0.0761856 0 0 0 0 0 0 0 0 0 0 0 0 0 0 0 0 0 0 0 0 0.118707 0.118707
0.844 0.0935831 0.0935831 0.110463 0.110463 0 0 0 0 0 0 0.0238104 0.0238104 0.076039 0.076039 0 0 0 0 0 0 0 0 0 0 0 0 0 0 0 0 0 0 0 0 0.118104 0.118104
0.842 0.0935224 0.0935224 0.110687 0.110687 0 0 0 0 0 0 0.023398 0.023398 0.0758915 0.0758915 0 0 0 0 0 0 0 0 0 0 0 0 0 0 0 0 0 0 0 0 0.117501 0.117501
0.84 0.0934609 0.0934609 0.11091 0.11091 0 0 0 0 0 0 0.0229873 0.0229873 0.0757431 0.0757431 0 0 0 0 0 0 0 0 0 0 0 0 0 0 0 0 0 0 0 0 0.116899 0.116899
0.838 0.0933988 0.0933988 0.111133 0.111133 0 0 0 0 0 0 0.0225783 0.0225783 0.0755939 0.0755939 0 0 0 0 0 0 0 0 0 0 0 0 0 0 0 0 0 0 0 0 0.116296 0.116296
0.836 0.0933359 0.0933359 0.111356 0.111356 0 0 0 0 0 0 0.022171 0.022171 0.0754438 0.0754438 0 0 0 0 0 0 0 0 0 0 0 0 0 0 0 0 0 0 0 0 0.115694 0.115694
0.834 0.0932722 0.0932722 0.111579 0.111579 0 0 0 0 0 0 0.0217655 0.0217655 0.0752927 0.0752927 0 0 0 0 0 0 0 0 0 0 0 0 0 0 0 0 0 0 0 0 0.115091 0.115091
0.832 0.0932078 0.0932078 0.111801 0.111801 0 0 0 0 0 0 0.0213618 0.0213618 0.0751408 0.0751408 0 0 0 0 0 0 0 0 0 0 0 0 0 0 0 0 0 0 0 0 0.114488 0.114488
0.83 0.0931426 0.0931426 0.112024 0.112024 0 0 0 0 0 0 0.0209598 0.0209598 0.0749879 0.0749879 0 0 0 0 0 0 0 0 0 0 0 0 0 0 0 0 0 0 0 0 0.113886 0.113886
0.828 0.0930767 0.0930767 0.112247 0.112247 0 0 0 0 0 0 0.0205596 0.0205596 0.0748341 0.0748341 0 0 0 0 0 0 0 0 0 0 0 0 0 0 0 0 0 0 0 0 0.113283 0.113283
0.826 0.09301 0.09301 0.112469 0.112469 0 0 0 0 0 0 0.0201613 0.0201613 0.0746794 0.0746794 0 0 0 0 0 0 0 0 0 0 0 0 0 0 0 0 0 0 0 0 0.11268 0.11268
0.824 0.0929425 0.0929425 0.112691 0.112691 0 0 0 0 0 0 0.0197649 0.0197649 0.0745238 0.0745238 0 0 0 0 0 0 0 0 0 0 0 0 0 0 0 0 0 0 0 0 0.112077 0.112077
0.822 0.0928742 0.0928742 0.112914 0.112914 0 0 0 0 0 0 0.0193703 0.0193703 0.0743672 0.0743672 0 0 0 0 0 0 0 0 0 0 0 0 0 0 0 0 0 0 0 0 0.111475 0.111475
0.82 0.0928052 0.0928052 0.113136 0.113136 0 0 0 0 0 0 0.0189777 0.0189777 0.0742097 0.0742097 0 0 0 0 0 0 0 0 0 0 0 0 0 0 0 0 0 0 0 0 0.110872 0.110872
0.818 0.0927353 0.0927353 0.113357 0.113357 0 0 0 0 0 0 0.018587 0.018587 0.0740512 0.0740512 0 0 0 0 0 0 0 0 0 0 0 0 0 0 0 0 0 0 0 0 0.110269 0.110269
0.816 0.0926646 0.0926646 0.113579 0.113579 0 0 0 0 0 0 0.0181983 0.0181983 0.0738918 0.0738918 0 0 0 0 0 0 0 0 0 0 0 0 0 0 0 0 0 0 0 0 0.109666 0.109666
0.814 0.092593 0.092593 0.113801 0.113801 0 0 0 0 0 0 0.0178115 0.0178115 0.0737314 0.0737314 0 0 0 0 0 0 0 0 0 0 0 0 0 0 0 0 0 0 0 0 0.109063 0.109063
0.812 0.0925207 0.0925207 0.114022 0.114022 0 0 0 0 0 0 0.0174268 0.0174268 0.07357 0.07357 0 0 0 0 0 0 0 0 0 0 0 0 0 0 0 0 0 0 0 0 0.10846 0.10846
0.81 0.0924475 0.0924475 0.114243 0.114243 0 0 0 0 0 0 0.0170441 0.0170441 0.0734077 0.0734077 0 0 0 0 0 0 0 0 0 0 0 0 0 0 0 0 0 0 0 0 0.107857 0.107857
0.808 0.0923734 0.0923734 0.114465 0.114465 0 0 0 0 0 0 0.0166635 0.0166635 0.0732444 0.0732444 0 0 0 0 0 0 0 0 0 0 0 0 0 0 0 0 0 0 0 0 0.107254 0.107254
0.806 0.0922985 0.0922985 0.114685 0.114685 0 0 0 0 0 0 0.0162851 0.0162851 0.07308 0.07308 0 0 0 0 0 0 0 0 0 0 0 0 0 0 0 0 0 0 0 0 0.106651 0.106651
0.804 0.0922227 0.0922227 0.114906 0.114906 0 0 0 0 0 0 0.0159087 0.0159087 0.0729147 0.0729147 0 0 0 0 0 0 0 0 0 0 0 0 0 0 0 0 0 0 0 0 0.106048 0.106048
0.802 0.092146 0.092146 0.115127 0.115127 0 0 0 0 0 0 0.0155346 0.0155346 0.0727484 0.0727484 0 0 0 0 0 0 0 0 0 0 0 0 0 0 0 0 0 0 0 0 0.105444 0.105444
0.8 0.0920684 0.0920684 0.115347 0.115347 0 0 0 0 0 0 0.0151626 0.0151626 0.072581 0.072581 0 0 0 0 0 0 0 0 0 0 0 0 0 0 0 0 0 0 0 0 0.104841 0.104841
0.798 0.0919899 0.0919899 0.115567 0.115567 0 0 0 0 0 0 0.0147929 0.0147929 0.0724126 0.0724126 0 0 0 0 0 0 0 0 0 0 0 0 0 0 0 0 0 0 0 0 0.104237 0.104237
0.796 0.0919105 0.0919105 0.115787 0.115787 0 0 0 0 0 0 0.0144255 0.0144255 0.0722432 0.0722432 0 0 0 0 0 0 0 0 0 0 0 0 0 0 0 0 0 0 0 0 0.103634 0.103634
0.794 0.0918302 0.0918302 0.116007 0.116007 0 0 0 0 0 0 0.0140604 0.0140604 0.0720728 0.0720728 0 0 0 0 0 0 0 0 0 0 0 0 0 0 0 0 0 0 0 0 0.10303 0.10303
0.792 0.0917489 0.0917489 0.116226 0.116226 0 0 0 0 0 0 0.0136976 0.0136976 0.0719012 0.0719012 0 0 0 0 0 0 0 0 0 0 0 0 0 0 0 0 0 0 0 0 0.102426 0.102426
0.79 0.0916667 0.0916667 0.116446 0.116446 0 0 0 0 0 0 0.0133372 0.0133372 0.0717286 0.0717286 0 0 0 0 0 0 0 0 0 0 0 0 0 0 0 0 0 0 0 0 0.101822 0.101822
0.788 0.0915835 0.0915835 0.116665 0.116665 0 0 0 0 0 0 0.0129792 0.0129792 0.071555 0.071555 0 0 0 0 0 0 0 0 0 0 0 0 0 0 0 0 0 0 0 0 0.101218 0.101218
0.786 0.0914993 0.0914993 0.116883 0.116883 0 0 0 0 0 0 0.0126238 0.0126238 0.0713802 0.0713802 0 0 0 0 0 0 0 0 0 0 0 0 0 0 0 0 0 0 0 0 0.100613 0.100613
0.784 0.0914142 0.0914142 0.117102 0.117102 0 0 0 0 0 0 0.0122708 0.0122708 0.0712044 0.0712044 0 0 0 0 0 0 0 0 0 0 0 0 0 0 0 0 0 0 0 0 0.100009 0.100009
0.782 0.091328 0.091328 0.11732 0.11732 0 0 0 0 0 0 0.0119204 0.0119204 0.0710274 0.0710274 0 0 0 0 0 0 0 0 0 0 0 0 0 0 0 0 0 0 0 0 0.0994041 0.0994041
0.78 0.0912408 0.0912408 0.117538 0.117538 0 0 0 0 0 0 0.0115725 0.0115725 0.0708494 0.0708494 0 0 0 0 0 0 0 0 0 0 0 0 0 0 0 0 0 0 0 0 0.0987993 0.0987993
0.778 0.0911526 0.0911526 0.117756 0.117756 0 0 0 0 0 0 0.0112273 0.0112273 0.0706702 0.0706702 0 0 0 0 0 0 0 0 0 0 0 0 0 0 0 0 0 0 0 0 0.0981942 0.0981942
0.776 0.0910633 0.0910633 0.117973 0.117973 0 0 0 0 0 0 0.0108849 0.0108849 0.0704898 0.0704898 0 0 0 0 0 0 0 0 0 0 0 0 0 0 0 0 0 0 0 0 0.0975889 0.0975889
0.774 0.090973 0.090973 0.11819 0.11819 0 0 0 0 0 0 0.0105451 0.0105451 0.0703083 0.0703083 0 0 0 0 0 0 0 0 0 0 0 0 0 0 0 0 0 0 0 0 0.0969834 0.0969834
0.772 0.0908816 0.0908816 0.118407 0.118407 0 0 0 0 0 0 0.0102082 0.0102082 0.0701257 0.0701257 0 0 0 0 0 0 0 0 0 0 0 0 0 0 0 0 0 0 0 0 0.0963776 0.0963776
0.77 0.0907891 0.0907891 0.118623 0.118623 0 0 0 0 0 0 0.00987405 0.00987405 0.0699418 0.0699418 0 0 0 0 0 0 0 0 0 0 0 0 0 0 0 0 0 0 0 0 0.0957716 0.0957716
0.768 0.0906955 0.0906955 0.118839 0.118839 0 0 0 0 0 0 0.00954286 0.00954286 0.0697568 0.0697568 0 0 0 0 0 0 0 0 0 0 0 0 0 0 0 0 0 0 0 0 0.0951654 0.0951654
0.766 0.0906007 0.0906007 0.119055 0.119055 0 0 0 0 0 0 0.00921462 0.00921462 0.0695706 0.0695706 0 0 0 0 0 0 0 0 0 0 0 0 0 0 0 0 0 0 0 0 0.0945588 0.0945588
0.764 0.0905048 0.0905048 0.119271 0.119271 0 0 0 0 0 0 0.00888941 0.00888941 0.0693831 0.0693831 0 0 0 0 0 0 0 0 0 0 0 0 0 0 0 0 0 0 0 0 0.093952 0.093952
0.762 0.0904078 0.0904078 0.119486 0.119486 0 0 0 0 0 0 0.00856729 0.00856729 0.0691944 0.0691944 0 0 0 0 0 0 0 0 0 0 0 0 0 0 0 0 0 0 0 0 0.0933449 0.0933449
0.76 0.0903095 0.0903095 0.1197 0.1197 0 0 0 0 0 0 0.00824832 0.00824832 0.0690044 0.0690044 0 0 0 0 0 0 0 0 0 0 0 0 0 0 0 0 0 0 0 0 0.0927374 0.0927374
0.758 0.0902101 0.0902101 0.119915 0.119915 0 0 0 0 0 0 0.00793257 0.00793257 0.0688132 0.0688132 0 0 0 0 0 0 0 0 0 0 0 0 0 0 0 0 0 0 0 0 0.0921296 0.0921296
0.756 0.0901094 0.0901094 0.120128 0.120128 0 0 0 0 0 0 0.00762012 0.00762012 0.0686207 0.0686207 0 0 0 0 0 0 0 0 0 0 0 0 0 0 0 0 0 0 0 0 0.0915214 0.0915214
0.754 0.0900075 0.0900075 0.120342 0.120342 0 0 0 0 0 0 0.00731103 0.00731103 0.0684268 0.0684268 0 0 0 0 0 0 0 0 0 0 0 0 0 0 0 0 0 0 0 0 0.0909128 0.0909128
0.752 0.0899043 0.0899043 0.120555 0.120555 0 0 0 0 0 0 0.00700539 0.00700539 0.0682317 0.0682317 0 0 0 0 0 0 0 0 0 0 0 0 0 0 0 0 0 0 0 0 0.0903038 0.0903038
0.75 0.0897998 0.0897998 0.120767 0.120767 0 0 0 0 0 0 0.00670328 0.00670328 0.0680352 0.0680352 0 0 0 0 0 0 0 0 0 0 0 0 0 0 0 0 0 0 0 0 0.0896944 0.0896944
0.748 0.089694 0.089694 0.120979 0.120979 0 0 0 0 0 0 0.00640478 0.00640478 0.0678373 0.0678373 0 0 0 0 0 0 0 0 0 0 0 0 0 0 0 0 0 0 0 0 0.0890845 0.0890845
0.746 0.0895868 0.0895868 0.121191 0.121191 0 0 0 0 0 0 0.00611 0.00611 0.067638 0.067638 0 0 0 0 0 0 0 0 0 0 0 0 0 0 0 0 0 0 0 0 0.0884742 0.0884742
0.744 0.0894783 0.0894783 0.121402 0.121402 0 0 0 0 0 0 0.00581901 0.00581901 0.0674373 0.0674373 0 0 0 0 0 0 0 0 0 0 0 0 0 0 0 0 0 0 0 0 0.0878633 0.0878633
0.742 0.0893684 0.0893684 0.121613 0.121613 0 0 0 0 0 0 0.00553193 0.00553193 0.0672352 0.0672352 0 0 0 0 0 0 0 0 0 0 0 0 0 0 0 0 0 0 0 0 0.0872519 0.0872519
0.74 0.089257 0.089257 0.121823 0.121823 0 0 0 0 0 0 0.00524886 0.00524886 0.0670316 0.0670316 0 0 0 0 0 0 0 0 0 0 0 0 0 0 0 0 0 0 0 0 0.08664 0.08664
0.738 0.0891442 0.0891442 0.122032 0.122032 0 0 0 0 0 0 0.00496991 0.00496991 0.0668265 0.0668265 0 0 0 0 0 0 0 0 0 0 0 0 0 0 0 0 0 0 0 0 0.0860274 0.0860274
0.736 0.0890298 0.0890298 0.122241 0.122241 0 0 0 0 0 0 0.00469521 0.00469521 0.0666199 0.0666199 0 0 0 0 0 0 0 0 0 0 0 0 0 0 0 0 0 0 0 0 0.0854142 0.0854142
0.734 0.088914 0.088914 0.122449 0.122449 0 0 0 0 0 0 0.00442488 0.00442488 0.0664118 0.0664118 0 0 0 0 0 0 0 0 0 0 0 0 0 0 0 0 0 0 0 0 0.0848003 0.0848003
0.732 0.0887965 0.0887965 0.122657 0.122657 0 0 0 0 0 0 0.00415907 0.00415907 0.066202 0.066202 0 0 0 0 0 0 0 0 0 0 0 0 0 0 0 0 0 0 0 0 0.0841856 0.0841856
0.73 0.0886775 0.0886775 0.122864 0.122864 0 0 0 0 0 0 0.00389791 0.00389791 0.0659907 0.0659907 0 0 0 0 0 0 0 0 0 0 0 0 0 0 0 0 0 0 0 0 0.0835703 0.0835703
0.728 0.0885568 0.0885568 0.12307 0.12307 0 0 0 0 0 0 0.00364156 0.00364156 0.0657777 0.0657777 0 0 0 0 0 0 0 0 0 0 0 0 0 0 0 0 0 0 0 0 0.0829541 0.0829541
0.726 0.0884344 0.0884344 0.123275 0.123275 0 0 0 0 0 0 0.00339019 0.00339019 0.0655629 0.0655629 0 0 0 0 0 0 0 0 0 0 0 0 0 0 0 0 0 0 0 0 0.082337 0.082337
0.724 0.0883102 0.0883102 0.12348 0.12348 0 0 0 0 0 0 0.00314398 0.00314398 0.0653465 0.0653465 0 0 0 0 0 0 0 0 0 0 0 0 0 0 0 0 0 0 0 0 0.081719 0.081719
0.722 0.0881843 0.0881843 0.123684 0.123684 0 0 0 0 0 0 0.00290314 0.00290314 0.0651282 0.0651282 0 0 0 0 0 0 0 0 0 0 0 0 0 0 0 0 0 0 0 0 0.0811 0.0811
0.72 0.0880565 0.0880565 0.123888 0.123888 0 0 0 0 0 0 0.00266787 0.00266787 0.0649081 0.0649081 0 0 0 0 0 0 0 0 0 0 0 0 0 0 0 0 0 0 0 0 0.08048 0.08048
0.718 0.0879267 0.0879267 0.12409 0.12409 0 0 0 0 0 0 0.0024384 0.0024384 0.0646862 0.0646862 0 0 0 0 0 0 0 0 0 0 0 0 0 0 0 0 0 0 0 0 0.0798588 0.0798588
0.716 0.087795 0.087795 0.124291 0.124291 0 0 0 0 0 0 0.00221501 0.00221501 0.0644622 0.0644622 0 0 0 0 0 0 0 0 0 0 0 0 0 0 0 0 0 0 0 0 0.0792364 0.0792364
0.714 0.0876612 0.0876612 0.124492 0.124492 0 0 0 0 0 0 0.00199796 0.00199796 0.0642363 0.0642363 0 0 0 0 0 0 0 0 0 0 0 0 0 0 0 0 0 0 0 0 0.0786127 0.0786127
0.712 0.0875252 0.0875252 0.124691 0.124691 0 0 0 0 0 0 0.00178759 0.00178759 0.0640082 0.0640082 0 0 0 0 0 0 0 0 0 0 0 0 0 0 0 0 0 0 0 0 0.0779876 0.0779876
0.71 0.087387 0.087387 0.12489 0.12489 0 0 0 0 0 0 0.00158423 0.00158423 0.0637779 0.0637779 0 0 0 0 0 0 0 0 0 0 0 0 0 0 0 0 0 0 0 0 0.077361 0.077361
0.708 0.0872465 0.0872465 0.125087 0.125087 0 0 0 0 0 0 0.0013883 0.0013883 0.0635454 0.0635454 0 0 0 0 0 0 0 0 0 0 0 0 0 0 0 0 0 0 0 0 0.0767326 0.0767326
0.706 0.0871035 0.0871035 0.125283 0.125283 0 0 0 0 0 0 0.00120026 0.00120026 0.0633105 0.0633105 0 0 0 0 0 0 0 0 0 0 0 0 0 0 0 0 0 0 0 0 0.0761025 0.0761025
0.704 0.0869579 0.0869579 0.125478 0.125478 0 0 0 0 0 0 0.00102063 0.00102063 0.0630731 0.0630731 0 0 0 0 0 0 0 0 0 0 0 0 0 0 0 0 0 0 0 0 0.0754703 0.0754703
0.702 0.0868095 0.0868095 0.125672 0.125672 0 0 0 0 0 0 0.000850054 0.000850054 0.062833 0.062833 0 0 0 0 0 0 0 0 0 0 0 0 0 0 0 0 0 0 0 0 0.0748359 0.0748359
0.7 0.0866581 0.0866581 0.125864 0.125864 0 0 0 0 0 0 0.000689271 0.000689271 0.0625901 0.0625901 0 0 0 0 0 0 0 0 0 0 0 0 0 0 0 0 0 0 0 0 0.074199 0.074199
0.698 0.0865036 0.0865036 0.126054 0.126054 0 0 0 0 0 0 0.00053921 0.00053921 0.0623441 0.0623441 0 0 0 0 0 0 0 0 0 0 0 0 0 0 0 0 0 0 0 0 0.0735592 0.0735592
0.696 0.0863455 0.0863455 0.126242 0.126242 0 0 0 0 0 0 0.000401045 0.000401045 0.0620948 0.0620948 0 0 0 0 0 0 0 0 0 0 0 0 0 0 0 0 0 0 0 0 0.0729163 0.0729163
0.694 0.0861836 0.0861836 0.126429 0.126429 0 0 0 0 0 0 0.000276335 0.000276335 0.0618419 0.0618419 0 0 0 0 0 0 0 0 0 0 0 0 0 0 0 0 0 0 0 0 0.0722695 0.0722695
0.692 0.0860173 0.0860173 0.126613 0.126613 0 0 0 0 0 0 0.000167296 0.000167296 0.0615847 0.0615847 0 0 0 0 0 0 0 0 0 0 0 0 0 0 0 0 0 0 0 0 0.071618 0.071618
0.69 0.0858456 0.0858456 0.126794 0.126794 0 0 0 0 0 0 7.74571e-05 7.74571e-05 0.0613225 0.0613225 0 0 0 0 0 0 0 0 0 0 0 0 0 0 0 0 0 0 0 0 0.0709607 0.0709607
0.688 0.0856668 0.0856668 0.126971 0.126971 0 0 0 0 0 0 1.4006e-05 1.4006e-05 0.0610537 0.0610537 0 0 0 0 0 0 0 0 0 0 0 0 0 0 0 0 0 0 0 0 0.0702947 0.0702947
0.686 0.0854753 0.0854753 0.12714 0.12714 0 0 0 0 0 0 0 0 0.0607729 0.0607729 0 0 0 0 0 0 0 0 0 0 0 0 0 0 0 0 0 0 0 0 0.0696115 0.0696115
0.684 0.0852796 0.0852796 0.127308 0.127308 0 0 0 0 0 0 0 0 0.0604882 0.0604882 0 0 0 0 0 0 0 0 0 0 0 0 0 0 0 0 0 0 0 0 0.0689246 0.0689246
0.682 0.0850833 0.0850833 0.127475 0.127475 0 0 0 0 0 0 0 0 0.0602029 0.0602029 0 0 0 0 0 0 0 0 0 0 0 0 0 0 0 0 0 0 0 0 0.0682391 0.0682391
0.68 0.0848863 0.0848863 0.127642 0.127642 0 0 0 0 0 0 0 0 0.0599169 0.0599169 0 0 0 0 0 0 0 0 0 0 0 0 0 0 0 0 0 0 0 0 0.0675552 0.0675552
0.678 0.0846887 0.0846887 0.127808 0.127808 0 0 0 0 0 0 0 0 0.0596303 0.0596303 0 0 0 0 0 0 0 0 0 0 0 0 0 0 0 0 0 0 0 0 0.0668728 0.0668728
0.676 0.0844904 0.0844904 0.127975 0.127975 0 0 0 0 0 0 0 0 0.059343 0.059343 0 0 0 0 0 0 0 0 0 0 0 0 0 0 0 0 0 0 0 0 0.0661919 0.0661919
0.674 0.0842914 0.0842914 0.128141 0.128141 0 0 0 0 0 0 0 0 0.0590551 0.0590551 0 0 0 0 0 0 0 0 0 0 0 0 0 0 0 0 0 0 0 0 0.0655126 0.0655126
0.672 0.0840917 0.0840917 0.128307 0.128307 0 0 0 0 0 0 0 0 0.0587665 0.0587665 0 0 0 0 0 0 0 0 0 0 0 0 0 0 0 0 0 0 0 0 0.0648349 0.0648349
0.67 0.0838913 0.0838913 0.128473 0.128473 0 0 0 0 0 0 0 0 0.0584772 0.0584772 0 0 0 0 0 0 0 0 0 0 0 0 0 0 0 0 0 0 0 0 0.0641588 0.0641588
0.668 0.0836903 0.0836903 0.128638 0.128638 0 0 0 0 0 0 0 0 0.0581873 0.0581873 0 0 0 0 0 0 0 0 0 0 0 0 0 0 0 0 0 0 0 0 0.0634843 0.0634843
0.666 0.0834885 0.0834885 0.128803 0.128803 0 0 0 0 0 0 0 0 0.0578967 0.0578967 0 0 0 0 0 0 0 0 0 0 0 0 0 0 0 0 0 0 0 0 0.0628114 0.0628114
0.664 0.0832861 0.0832861 0.128968 0.128968 0 0 0 0 0 0 0 0 0.0576054 0.0576054 0 0 0 0 0 0 0 0 0 0 0 0 0 0 0 0 0 0 0 0 0.0621401 0.0621401
0.662 0.0830829 0.0830829 0.129133 0.129133 0 0 0 0 0 0 0 0 0.0573135 0.0573135 0 0 0 0 0 0 0 0 0 0 0 0 0 0 0 0 0 0 0 0 0.0614704 0.0614704
0.66 0.082879 0.082879 0.129298 0.129298 0 0 0 0 0 0 0 0 0.0570209 0.0570209 0 0 0 0 0 0 0 0 0 0 0 0 0 0 0 0 0 0 0 0 0.0608024 0.0608024
0.658 0.0826744 0.0826744 0.129462 0.129462 0 0 0 0 0 0 0 0 0.0567276 0.0567276 0 0 0 0 0 0 0 0 0 0 0 0 0 0 0 0 0 0 0 0 0.060136 0.060136
0.656 0.0824691 0.0824691 0.129626 0.129626 0 0 0 0 0 0 0 0 0.0564337 0.0564337 0 0 0 0 0 0 0 0 0 0 0 0 0 0 0 0 0 0 0 0 0.0594713 0.0594713
0.654 0.0822631 0.0822631 0.12979 0.12979 0 0 0 0 0 0 0 0 0.0561391 0.0561391 0 0 0 0 0 0 0 0 0 0 0 0 0 0 0 0 0 0 0 0 0.0588083 0.0588083
0.652 0.0820563 0.0820563 0.129953 0.129953 0 0 0 0 0 0 0 0 0.0558438 0.0558438 0 0 0 0 0 0 0 0 0 0 0 0 0 0 0 0 0 0 0 0 0.058147 0.058147
0.65 0.0818488 0.0818488 0.130116 0.130116 0 0 0 0 0 0 0 0 0.0555478 0.0555478 0 0 0 0 0 0 0 0 0 0 0 0 0 0 0 0 0 0 0 0 0.0574873 0.0574873
0.648 0.0816406 0.0816406 0.130279 0.130279 0 0 0 0 0 0 0 0 0.0552512 0.0552512 0 0 0 0 0 0 0 0 0 0 0 0 0 0 0 0 0 0 0 0 0.0568294 0.0568294
0.646 0.0814316 0.0814316 0.130441 0.130441 0 0 0 0 0 0 0 0 0.0549539 0.0549539 0 0 0 0 0 0 0 0 0 0 0 0 0 0 0 0 0 0 0 0 0.0561732 0.0561732
0.644 0.0812218 0.0812218 0.130603 0.130603 0 0 0 0 0 0 0 0 0.0546559 0.0546559 0 0 0 0 0 0 0 0 0 0 0 0 0 0 0 0 0 0 0 0 0.0555188 0.0555188
0.642 0.0810113 0.0810113 0.130765 0.130765 0 0 0 0 0 0 0 0 0.0543572 0.0543572 0 0 0 0 0 0 0 0 0 0 0 0 0 0 0 0 0 0 0 0 0.0548661 0.0548661
0.64 0.0808001 0.0808001 0.130927 0.130927 0 0 0 0 0 0 0 0 0.0540579 0.0540579 0 0 0 0 0 0 0 0 0 0 0 0 0 0 0 0 0 0 0 0 0.0542151 0.0542151
0.638 0.080588 0.080588 0.131088 0.131088 0 0 0 0 0 0 0 0 0.0537578 0.0537578 0 0 0 0 0 0 0 0 0 0 0 0 0 0 0 0 0 0 0 0 0.053566 0.053566
0.636 0.0803752 0.0803752 0.131249 0.131249 0 0 0 0 0 0 0 0 0.0534571 0.0534571 0 0 0 0 0 0 0 0 0 0 0 0 0 0 0 0 0 0 0 0 0.0529186 0.0529186
0.634 0.0801616 0.0801616 0.13141 0.13141 0 0 0 0 0 0 0 0 0.0531557 0.0531557 0 0 0 0 0 0 0 0 0 0 0 0 0 0 0 0 0 0 0 0 0.0522731 0.0522731
0.632 0.0799472 0.0799472 0.13157 0.13157 0 0 0 0 0 0 0 0 0.0528536 0.0528536 0 0 0 0 0 0 0 0 0 0 0 0 0 0 0 0 0 0 0 0 0.0516294 0.0516294
0.63 0.0797321 0.0797321 0.13173 0.13173 0 0 0 0 0 0 0 0 0.0525508 0.0525508 0 0 0 0 0 0 0 0 0 0 0 0 0 0 0 0 0 0 0 0 0.0509875 0.0509875
0.628 0.0795161 0.0795161 0.131889 0.131889 0 0 0 0 0 0 0 0 0.0522473 0.0522473 0 0 0 0 0 0 0 0 0 0 0 0 0 0 0 0 0 0 0 0 0.0503474 0.0503474
0.626 0.0792993 0.0792993 0.132048 0.132048 0 0 0 0 0 0 0 0 0.0519431 0.0519431 0 0 0 0 0 0 0 0 0 0 0 0 0 0 0 0 0 0 0 0 0.0497093 0.0497093
0.624 0.0790817 0.0790817 0.132207 0.132207 0 0 0 0 0 0 0 0 0.0516383 0.0516383 0 0 0 0 0 0 0 0 0 0 0 0 0 0 0 0 0 0 0 0 0.049073 0.049073
0.622 0.0788633 0.0788633 0.132365 0.132365 0 0 0 0 0 0 0 0 0.0513327 0.0513327 0 0 0 0 0 0 0 0 0 0 0 0 0 0 0 0 0 0 0 0 0.0484386 0.0484386
0.62 0.0786441 0.0786441 0.132523 0.132523 0 0 0 0 0 0 0 0 0.0510264 0.0510264 0 0 0 0 0 0 0 0 0 0 0 0 0 0 0 0 0 0 0 0 0.0478061 0.0478061
0.618 0.0784241 0.0784241 0.132681 0.132681 0 0 0 0 0 0 0 0 0.0507194 0.0507194 0 0 0 0 0 0 0 0 0 0 0 0 0 0 0 0 0 0 0 0 0.0471756 0.0471756
0.616 0.0782032 0.0782032 0.132838 0.132838 0 0 0 0 0 0 0 0 0.0504118 0.0504118 0 0 0 0 0 0 0 0 0 0 0 0 0 0 0 0 0 0 0 0 0.046547 0.046547
0.614 0.0779814 0.0779814 0.132995 0.132995 0 0 0 0 0 0 0 0 0.0501034 0.0501034 0 0 0 0 0 0 0 0 0 0 0 0 0 0 0 0 0 0 0 0 0.0459203 0.0459203
0.612 0.0777589 0.0777589 0.133151 0.133151 0 0 0 0 0 0 0 0 0.0497943 0.0497943 0 0 0 0 0 0 0 0 0 0 0 0 0 0 0 0 0 0 0 0 0.0452957 0.0452957
0.61 0.0775354 0.0775354 0.133307 0.133307 0 0 0 0 0 0 0 0 0.0494845 0.0494845 0 0 0 0 0 0 0 0 0 0 0 0 0 0 0 0 0 0 0 0 0.044673 0.044673
0.608 0.0773111 0.0773111 0.133463 0.133463 0 0 0 0 0 0 0 0 0.049174 0.049174 0 0 0 0 0 0 0 0 0 0 0 0 0 0 0 0 0 0 0 0 0.0440523 0.0440523
0.606 0.077086 0.077086 0.133618 0.133618 0 0 0 0 0 0 0 0 0.0488628 0.0488628 0 0 0 0 0 0 0 0 0 0 0 0 0 0 0 0 0 0 0 0 0.0434337 0.0434337
0.604 0.0768599 0.0768599 0.133772 0.133772 0 0 0 0 0 0 0 0 0.0485508 0.0485508 0 0 0 0 0 0 0 0 0 0 0 0 0 0 0 0 0 0 0 0 0.0428171 0.0428171
0.602 0.076633 0.076633 0.133926 0.133926 0 0 0 0 0 0 0 0 0.0482382 0.0482382 0 0 0 0 0 0 0 0 0 0 0 0 0 0 0 0 0 0 0 0 0.0422026 0.0422026
0.6 0.0764052 0.0764052 0.13408 0.13408 0 0 0 0 0 0 0 0 0.0479248 0.0479248 0 0 0 0 0 0 0 0 0 0 0 0 0 0 0 0 0 0 0 0 0.0415901 0.0415901
0.598 0.0761765 0.0761765 0.134233 0.134233 0 0 0 0 0 0 0 0 0.0476107 0.0476107 0 0 0 0 0 0 0 0 0 0 0 0 0 0 0 0 0 0 0 0 0.0409798 0.0409798
0.596 0.0759469 0.0759469 0.134386 0.134386 0 0 0 0 0 0 0 0 0.0472959 0.0472959 0 0 0 0 0 0 0 0 0 0 0 0 0 0 0 0 0 0 0 0 0.0403716 0.0403716
0.594 0.0757163 0.0757163 0.134538 0.134538 0 0 0 0 0 0 0 0 0.0469803 0.0469803 0 0 0 0 0 0 0 0 0 0 0 0 0 0 0 0 0 0 0 0 0.0397655 0.0397655
0.592 0.0754849 0.0754849 0.134689 0.134689 0 0 0 0 0 0 0 0 0.0466641 0.0466641 0 0 0 0 0 0 0 0 0 0 0 0 0 0 0 0 0 0 0 0 0.0391615 0.0391615
0.59 0.0752525 0.0752525 0.134841 0.134841 0 0 0 0 0 0 0 0 0.0463471 0.0463471 0 0 0 0 0 0 0 0 0 0 0 0 0 0 0 0 0 0 0 0 0.0385598 0.0385598
0.588 0.0750192 0.0750192 0.134991 0.134991 0 0 0 0 0 0 0 0 0.0460293 0.0460293 0 0 0 0 0 0 0 0 0 0 0 0 0 0 0 0 0 0 0 0 0.0379602 0.0379602
0.586 0.074785 0.074785 0.135141 0.135141 0 0 0 0 0 0 0 0 0.0457109 0.0457109 0 0 0 0 0 0 0 0 0 0 0 0 0 0 0 0 0 0 0 0 0.0373629 0.0373629
0.584 0.0745498 0.0745498 0.135291 0.135291 0 0 0 0 0 0 0 0 0.0453916 0.0453916 0 0 0 0 0 0 0 0 0 0 0 0 0 0 0 0 0 0 0 0 0.0367678 0.0367678
0.582 0.0743136 0.0743136 0.13544 0.13544 0 0 0 0 0 0 0 0 0.0450717 0.0450717 0 0 0 0 0 0 0 0 0 0 0 0 0 0 0 0 0 0 0 0 0.036175 0.036175
0.58 0.0740765 0.0740765 0.135588 0.135588 0 0 0 0 0 0 0 0 0.044751 0.044751 0 0 0 0 0 0 0 0 0 0 0 0 0 0 0 0 0 0 0 0 0.0355844 0.0355844
0.578 0.0738384 0.0738384 0.135736 0.135736 0 0 0 0 0 0 0 0 0.0444296 0.0444296 0 0 0 0 0 0 0 0 0 0 0 0 0 0 0 0 0 0 0 0 0.0349962 0.0349962
0.576 0.0735993 0.0735993 0.135883 0.135883 0 0 0 0 0 0 0 0 0.0441074 0.0441074 0 0 0 0 0 0 0 0 0 0 0 0 0 0 0 0 0 0 0 0 0.0344102 0.0344102
0.574 0.0733592 0.0733592 0.13603 0.13603 0 0 0 0 0 0 0 0 0.0437844 0.0437844 0 0 0 0 0 0 0 0 0 0 0 0 0 0 0 0 0 0 0 0 0.0338267 0.0338267
0.572 0.0731182 0.0731182 0.136176 0.136176 0 0 0 0 0 0 0 0 0.0434607 0.0434607 0 0 0 0 0 0 0 0 0 0 0 0 0 0 0 0 0 0 0 0 0.0332455 0.0332455
0.57 0.0728761 0.0728761 0.136321 0.136321 0 0 0 0 0 0 0 0 0.0431363 0.0431363 0 0 0 0 0 0 0 0 0 0 0 0 0 0 0 0 0 0 0 0 0.0326667 0.0326667
0.568 0.072633 0.072633 0.136466 0.136466 0 0 0 0 0 0 0 0 0.0428111 0.0428111 0 0 0 0 0 0 0 0 0 0 0 0 0 0 0 0 0 0 0 0 0.0320903 0.0320903
0.566 0.0723888 0.0723888 0.13661 0.13661 0 0 0 0 0 0 0 0 0.0424851 0.0424851 0 0 0 0 0 0 0 0 0 0 0 0 0 0 0 0 0 0 0 0 0.0315164 0.0315164
0.564 0.0721437 0.0721437 0.136753 0.136753 0 0 0 0 0 0 0 0 0.0421583 0.0421583 0 0 0 0 0 0 0 0 0 0 0 0 0 0 0 0 0 0 0 0 0.0309449 0.0309449
0.562 0.0718975 0.0718975 0.136896 0.136896 0 0 0 0 0 0 0 0 0.0418308 0.0418308 0 0 0 0 0 0 0 0 0 0 0 0 0 0 0 0 0 0 0 0 0.030376 0.030376
0.56 0.0716502 0.0716502 0.137038 0.137038 0 0 0 0 0 0 0 0 0.0415025 0.0415025 0 0 0 0 0 0 0 0 0 0 0 0 0 0 0 0 0 0 0 0 0.0298096 0.0298096
0.558 0.0714018 0.0714018 0.137179 0.137179 0 0 0 0 0 0 0 0 0.0411734 0.0411734 0 0 0 0 0 0 0 0 0 0 0 0 0 0 0 0 0 0 0 0 0.0292457 0.0292457
0.556 0.0711524 0.0711524 0.13732 0.13732 0 0 0 0 0 0 0 0 0.0408436 0.0408436 0 0 0 0 0 0 0 0 0 0 0 0 0 0 0 0 0 0 0 0 0.0286844 0.0286844
0.554 0.0709019 0.0709019 0.137459 0.137459 0 0 0 0 0 0 0 0 0.0405129 0.0405129 0 0 0 0 0 0 0 0 0 0 0 0 0 0 0 0 0 0 0 0 0.0281258 0.0281258
0.552 0.0706503 0.0706503 0.137598 0.137598 0 0 0 0 0 0 0 0 0.0401815 0.0401815 0 0 0 0 0 0 0 0 0 0 0 0 0 0 0 0 0 0 0 0 0.0275697 0.0275697
0.55 0.0703975 0.0703975 0.137737 0.137737 0 0 0 0 0 0 0 0 0.0398493 0.0398493 0 0 0 0 0 0 0 0 0 0 0 0 0 0 0 0 0 0 0 0 0.0270164 0.0270164
0.548 0.0701437 0.0701437 0.137874 0.137874 0 0 0 0 0 0 0 0 0.0395162 0.0395162 0 0 0 0 0 0 0 0 0 0 0 0 0 0 0 0 0 0 0 0 0.0264658 0.0264658
0.546 0.0698887 0.0698887 0.138011 0.138011 0 0 0 0 0 0 0 0 0.0391824 0.0391824 0 0 0 0 0 0 0 0 0 0 0 0 0 0 0 0 0 0 0 0 0.0259179 0.0259179
0.544 0.0696326 0.0696326 0.138147 0.138147 0 0 0 0 0 0 0 0 0.0388478 0.0388478 0 0 0 0 0 0 0 0 0 0 0 0 0 0 0 0 0 0 0 0 0.0253727 0.0253727
0.542 0.0693753 0.0693753 0.138282 0.138282 0 0 0 0 0 0 0 0 0.0385123 0.0385123 0 0 0 0 0 0 0 0 0 0 0 0 0 0 0 0 0 0 0 0 0.0248304 0.0248304
0.54 0.0691168 0.0691168 0.138416 0.138416 0 0 0 0 0 0 0 0 0.038176 0.038176 0 0 0 0 0 0 0 0 0 0 0 0 0 0 0 0 0 0 0 0 0.0242909 0.0242909
0.538 0.0688572 0.0688572 0.13855 0.13855 0 0 0 0 0 0 0 0 0.0378389 0.0378389 0 0 0 0 0 0 0 0 0 0 0 0 0 0 0 0 0 0 0 0 0.0237543 0.0237543
0.536 0.0685963 0.0685963 0.138682 0.138682 0 0 0 0 0 0 0 0 0.037501 0.037501 0 0 0 0 0 0 0 0 0 0 0 0 0 0 0 0 0 0 0 0 0.0232206 0.0232206
0.534 0.0683343 0.0683343 0.138814 0.138814 0 0 0 0 0 0 0 0 0.0371623 0.0371623 0 0 0 0 0 0 0 0 0 0 0 0 0 0 0 0 0 0 0 0 0.0226899 0.0226899
0.532 0.068071 0.068071 0.138944 0.138944 0 0 0 0 0 0 0 0 0.0368227 0.0368227 0 0 0 0 0 0 0 0 0 0 0 0 0 0 0 0 0 0 0 0 0.0221621 0.0221621
0.53 0.0678065 0.0678065 0.139074 0.139074 0 0 0 0 0 0 0 0 0.0364822 0.0364822 0 0 0 0 0 0 0 0 0 0 0 0 0 0 0 0 0 0 0 0 0.0216374 0.0216374
0.528 0.0675407 0.0675407 0.139203 0.139203 0 0 0 0 0 0 0 0 0.0361409 0.0361409 0 0 0 0 0 0 0 0 0 0 0 0 0 0 0 0 0 0 0 0 0.0211157 0.0211157
0.526 0.0672737 0.0672737 0.13933 0.13933 0 0 0 0 0 0 0 0 0.0357987 0.0357987 0 0 0 0 0 0 0 0 0 0 0 0 0 0 0 0 0 0 0 0 0.0205971 0.0205971
0.524 0.0670054 0.0670054 0.139457 0.139457 0 0 0 0 0 0 0 0 0.0354557 0.0354557 0 0 0 0 0 0 0 0 0 0 0 0 0 0 0 0 0 0 0 0 0.0200817 0.0200817
0.522 0.0667358 0.0667358 0.139583 0.139583 0 0 0 0 0 0 0 0 0.0351118 0.0351118 0 0 0 0 0 0 0 0 0 0 0 0 0 0 0 0 0 0 0 0 0.0195695 0.0195695
0.52 0.0664649 0.0664649 0.139708 0.139708 0 0 0 0 0 0 0 0 0.034767 0.034767 0 0 0 0 0 0 0 0 0 0 0 0 0 0 0 0 0 0 0 0 0.0190606 0.0190606
0.518 0.0661926 0.0661926 0.139831 0.139831 0 0 0 0 0 0 0 0 0.0344213 0.0344213 0 0 0 0 0 0 0 0 0 0 0 0 0 0 0 0 0 0 0 0 0.0185549 0.0185549
0.516 0.065919 0.065919 0.139954 0.139954 0 0 0 0 0 0 0 0 0.0340748 0.0340748 0 0 0 0 0 0 0 0 0 0 0 0 0 0 0 0 0 0 0 0 0.0180526 0.0180526
0.514 0.065644 0.065644 0.140075 0.140075 0 0 0 0 0 0 0 0 0.0337273 0.0337273 0 0 0 0 0 0 0 0 0 0 0 0 0 0 0 0 0 0 0 0 0.0175537 0.0175537
0.512 0.0653677 0.0653677 0.140195 0.140195 0 0 0 0 0 0 0 0 0.0333789 0.0333789 0 0 0 0 0 0 0 0 0 0 0 0 0 0 0 0 0 0 0 0 0.0170582 0.0170582
0.51 0.0650899 0.0650899 0.140314 0.140314 0 0 0 0 0 0 0 0 0.0330295 0.0330295 0 0 0 0 0 0 0 0 0 0 0 0 0 0 0 0 0 0 0 0 0.0165663 0.0165663
0.508 0.0648107 0.0648107 0.140432 0.140432 0 0 0 0 0 0 0 0 0.0326793 0.0326793 0 0 0 0 0 0 0 0 0 0 0 0 0 0 0 0 0 0 0 0 0.0160779 0.0160779
0.506 0.0645301 0.0645301 0.140549 0.140549 0 0 0 0 0 0 0 0 0.0323281 0.0323281 0 0 0 0 0 0 0 0 0 0 0 0 0 0 0 0 0 0 0 0 0.0155931 0.0155931
0.504 0.064248 0.064248 0.140664 0.140664 0 0 0 0 0 0 0 0 0.0319759 0.0319759 0 0 0 0 0 0 0 0 0 0 0 0 0 0 0 0 0 0 0 0 0.015112 0.015112
0.502 0.0639644 0.0639644 0.140778 0.140778 0 0 0 0 0 0 0 0 0.0316228 0.0316228 0 0 0 0 0 0 0 0 0 0 0 0 0 0 0 0 0 0 0 0 0.0146347 0.0146347
0.5 0.0636793 0.0636793 0.140891 0.140891 0 0 0 0 0 0 0 0 0.0312687 0.0312687 0 0 0 0 0 0 0 0 0 0 0 0 0 0 0 0 0 0 0 0 0.0141612 0.0141612
0.498 0.0633927 0.0633927 0.141002 0.141002 0 0 0 0 0 0 0 0 0.0309135 0.0309135 0 0 0 0 0 0 0 0 0 0 0 0 0 0 0 0 0 0 0 0 0.0136916 0.0136916
0.496 0.0631045 0.0631045 0.141112 0.141112 0 0 0 0 0 0 0 0 0.0305574 0.0305574 0 0 0 0 0 0 0 0 0 0 0 0 0 0 0 0 0 0 0 0 0.0132259 0.0132259
0.494 0.0628147 0.0628147 0.141221 0.141221 0 0 0 0 0 0 0 0 0.0302003 0.0302003 0 0 0 0 0 0 0 0 0 0 0 0 0 0 0 0 0 0 0 0 0.0127643 0.0127643
0.492 0.0625233 0.0625233 0.141328 0.141328 0 0 0 0 0 0 0 0 0.0298421 0.0298421 0 0 0 0 0 0 0 0 0 0 0 0 0 0 0 0 0 0 0 0 0.0123068 0.0123068
0.49 0.0622302 0.0622302 0.141433 0.141433 0 0 0 0 0 0 0 0 0.0294829 0.0294829 0 0 0 0 0 0 0 0 0 0 0 0 0 0 0 0 0 0 0 0 0.0118534 0.0118534
0.488 0.0619355 0.0619355 0.141538 0.141538 0 0 0 0 0 0 0 0 0.0291226 0.0291226 0 0 0 0 0 0 0 0 0 0 0 0 0 0 0 0 0 0 0 0 0.0114044 0.0114044
0.486 0.061639 0.061639 0.14164 0.14164 0 0 0 0 0 0 0 0 0.0287612 0.0287612 0 0 0 0 0 0 0 0 0 0 0 0 0 0 0 0 0 0 0 0 0.0109598 0.0109598
0.484 0.0613409 0.0613409 0.141741 0.141741 0 0 0 0 0 0 0 0 0.0283986 0.0283986 0 0 0 0 0 0 0 0 0 0 0 0 0 0 0 0 0 0 0 0 0.0105196 0.0105196
0.482 0.0610409 0.0610409 0.14184 0.14184 0 0 0 0 0 0 0 0 0.028035 0.028035 0 0 0 0 0 0 0 0 0 0 0 0 0 0 0 0 0 0 0 0 0.010084 0.010084
0.48 0.0607391 0.0607391 0.141938 0.141938 0 0 0 0 0 0 0 0 0.0276702 0.0276702 0 0 0 0 0 0 0 0 0 0 0 0 0 0 0 0 0 0 0 0 0.00965311 0.00965311
0.478 0.0604355 0.0604355 0.142033 0.142033 0 0 0 0 0 0 0 0 0.0273042 0.0273042 0 0 0 0 0 0 0 0 0 0 0 0 0 0 0 0 0 0 0 0 0.009227 0.009227
0.476 0.06013 0.06013 0.142127 0.142127 0 0 0 0 0 0 0 0 0.0269371 0.0269371 0 0 0 0 0 0 0 0 0 0 0 0 0 0 0 0 0 0 0 0 0.00880582 0.00880582
0.474 0.0598226 0.0598226 0.142219 0.142219 0 0 0 0 0 0 0 0 0.0265687 0.0265687 0 0 0 0 0 0 0 0 0 0 0 0 0 0 0 0 0 0 0 0 0.00838967 0.00838967
0.472 0.0595132 0.0595132 0.142309 0.142309 0 0 0 0 0 0 0 0 0.026199 0.026199 0 0 0 0 0 0 0 0 0 0 0 0 0 0 0 0 0 0 0 0 0.00797871 0.00797871
0.47 0.0592017 0.0592017 0.142397 0.142397 0 0 0 0 0 0 0 0 0.0258281 0.0258281 0 0 0 0 0 0 0 0 0 0 0 0 0 0 0 0 0 0 0 0 0.00757307 0.00757307
0.468 0.0588882 0.0588882 0.142483 0.142483 0 0 0 0 0 0 0 0 0.0254558 0.0254558 0 0 0 0 0 0 0 0 0 0 0 0 0 0 0 0 0 0 0 0 0.00717291 0.00717291
0.466 0.0585725 0.0585725 0.142567 0.142567 0 0 0 0 0 0 0 0 0.0250821 0.0250821 0 0 0 0 0 0 0 0 0 0 0 0 0 0 0 0 0 0 0 0 0.00677838 0.00677838
0.464 0.0582546 0.0582546 0.142649 0.142649 0 0 0 0 0 0 0 0 0.0247071 0.0247071 0 0 0 0 0 0 0 0 0 0 0 0 0 0 0 0 0 0 0 0 0.00638967 0.00638967
0.462 0.0579344 0.0579344 0.142728 0.142728 0 0 0 0 0 0 0 0 0.0243306 0.0243306 0 0 0 0 0 0 0 0 0 0 0 0 0 0 0 0 0 0 0 0 0.00600697 0.00600697
0.46 0.0576119 0.0576119 0.142805 0.142805 0 0 0 0 0 0 0 0 0.0239526 0.0239526 0 0 0 0 0 0 0 0 0 0 0 0 0 0 0 0 0 0 0 0 0.00563046 0.00563046
0.458 0.057287 0.057287 0.142879 0.142879 0 0 0 0 0 0 0 0 0.0235731 0.0235731 0 0 0 0 0 0 0 0 0 0 0 0 0 0 0 0 0 0 0 0 0.00526038 0.00526038
0.456 0.0569596 0.0569596 0.142951 0.142951 0 0 0 0 0 0 0 0 0.023192 0.023192 0 0 0 0 0 0 0 0 0 0 0 0 0 0 0 0 0 0 0 0 0.00489697 0.00489697
0.454 0.0566296 0.0566296 0.143021 0.143021 0 0 0 0 0 0 0 0 0.0228091 0.0228091 0 0 0 0 0 0 0 0 0 0 0 0 0 0 0 0 0 0 0 0 0.00454047 0.00454047
0.452 0.056297 0.056297 0.143087 0.143087 0 0 0 0 0 0 0 0 0.0224246 0.0224246 0 0 0 0 0 0 0 0 0 0 0 0 0 0 0 0 0 0 0 0 0.00419118 0.00419118
0.45 0.0559615 0.0559615 0.143151 0.143151 0 0 0 0 0 0 0 0 0.0220382 0.0220382 0 0 0 0 0 0 0 0 0 0 0 0 0 0 0 0 0 0 0 0 0.00384941 0.00384941
0.448 0.0556231 0.0556231 0.143211 0.143211 0 0 0 0 0 0 0 0 0.02165 0.02165 0 0 0 0 0 0 0 0 0 0 0 0 0 0 0 0 0 0 0 0 0.00351549 0.00351549
0.446 0.0552816 0.0552816 0.143269 0.143269 0 0 0 0 0 0 0 0 0.0212597 0.0212597 0 0 0 0 0 0 0 0 0 0 0 0 0 0 0 0 0 0 0 0 0.00318982 0.00318982
0.444 0.054937 0.054937 0.143323 0.143323 0 0 0 0 0 0 0 0 0.0208673 0.0208673 0 0 0 0 0 0 0 0 0 0 0 0 0 0 0 0 0 0 0 0 0.00287282 0.00287282
0.442 0.054589 0.054589 0.143373 0.143373 0 0 0 0 0 0 0 0 0.0204727 0.0204727 0 0 0 0 0 0 0 0 0 0 0 0 0 0 0 0 0 0 0 0 0.00256498 0.00256498
0.44 0.0542374 0.0542374 0.14342 0.14342 0 0 0 0 0 0 0 0 0.0200756 0.0200756 0 0 0 0 0 0 0 0 0 0 0 0 0 0 0 0 0 0 0 0 0.00226685 0.00226685
0.438 0.053882 0.053882 0.143463 0.143463 0 0 0 0 0 0 0 0 0.019676 0.019676 0 0 0 0 0 0 0 0 0 0 0 0 0 0 0 0 0 0 0 0 0.00197906 0.00197906
0.436 0.0535225 0.0535225 0.143501 0.143501 0 0 0 0 0 0 0 0 0.0192737 0.0192737 0 0 0 0 0 0 0 0 0 0 0 0 0 0 0 0 0 0 0 0 0.00170234 0.00170234
0.434 0.0531587 0.0531587 0.143535 0.143535 0 0 0 0 0 0 0 0 0.0188683 0.0188683 0 0 0 0 0 0 0 0 0 0 0 0 0 0 0 0 0 0 0 0 0.00143757 0.00143757
0.432 0.0527901 0.0527901 0.143565 0.143565 0 0 0 0 0 0 0 0 0.0184596 0.0184596 0 0 0 0 0 0 0 0 0 0 0 0 0 0 0 0 0 0 0 0 0.00118579 0.00118579
0.43 0.0524163 0.0524163 0.143588 0.143588 0 0 0 0 0 0 0 0 0.0180472 0.0180472 0 0 0 0 0 0 0 0 0 0 0 0 0 0 0 0 0 0 0 0 0.000948296 0.000948296
0.428 0.0520366 0.0520366 0.143606 0.143606 0 0 0 0 0 0 0 0 0.0176306 0.0176306 0 0 0 0 0 0 0 0 0 0 0 0 0 0 0 0 0 0 0 0 0.000726714 0.000726714
0.426 0.0516504 0.0516504 0.143617 0.143617 0 0 0 0 0 0 0 0 0.0172092 0.0172092 0 0 0 0 0 0 0 0 0 0 0 0 0 0 0 0 0 0 0 0 0.000523194 0.000523194
0.424 0.0512565 0.0512565 0.143621 0.143621 0 0 0 0 0 0 0 0 0.0167821 0.0167821 0 0 0 0 0 0 0 0 0 0 0 0 0 0 0 0 0 0 0 0 0.000340737 0.000340737
0.422 0.0508532 0.0508532 0.143615 0.143615 0 0 0 0 0 0 0 0 0.0163478 0.0163478 0 0 0 0 0 0 0 0 0 0 0 0 0 0 0 0 0 0 0 0 0.000183926 0.000183926
0.42 0.0504374 0.0504374 0.143598 0.143598 0 0 0 0 0 0 0 0 0.0159038 0.0159038 0 0 0 0 0 0 0 0 0 0 0 0 0 0 0 0 0 0 0 0 6.10603e-05 6.10603e-05
0.418 0.0499987 0.0499987 0.14356 0.14356 0 0 0 0 0 0 0 0 0.0154411 0.0154411 0 0 0 0 0 0 0 0 0 0 0 0 0 0 0 0 0 0 0 0 0 0
0.416 0.0495375 0.0495375 0.143502 0.143502 0 0 0 0 0 0 0 0 0.0149603 0.0149603 0 0 0 0 0 0 0 0 0 0 0 0 0 0 0 0 0 0 0 0 0 0
0.414 0.0490768 0.0490768 0.143442 0.143442 0 0 0 0 0 0 0 0 0.0144812 0.0144812 0 0 0 0 0 0 0 0 0 0 0 0 0 0 0 0 0 0 0 0 0 0
0.412 0.0486167 0.0486167 0.143379 0.143379 0 0 0 0 0 0 0 0 0.0140039 0.0140039 0 0 0 0 0 0 0 0 0 0 0 0 0 0 0 0 0 0 0 0 0 0
0.41 0.0481571 0.0481571 0.143314 0.143314 0 0 0 0 0 0 0 0 0.0135286 0.0135286 0 0 0 0 0 0 0 0 0 0 0 0 0 0 0 0 0 0 0 0 0 0
0.408 0.047698 0.047698 0.143247 0.143247 0 0 0 0 0 0 0 0 0.0130552 0.0130552 0 0 0 0 0 0 0 0 0 0 0 0 0 0 0 0 0 0 0 0 0 0
0.406 0.0472395 0.0472395 0.143177 0.143177 0 0 0 0 0 0 0 0 0.0125837 0.0125837 0 0 0 0 0 0 0 0 0 0 0 0 0 0 0 0 0 0 0 0 0 0
0.404 0.0467817 0.0467817 0.143104 0.143104 0 0 0 0 0 0 0 0 0.0121144 0.0121144 0 0 0 0 0 0 0 0 0 0 0 0 0 0 0 0 0 0 0 0 0 0
0.402 0.0463244 0.0463244 0.143028 0.143028 0 0 0 0 0 0 0 0 0.0116472 0.0116472 0 0 0 0 0 0 0 0 0 0 0 0 0 0 0 0 0 0 0 0 0 0
0.4 0.0458679 0.0458679 0.14295 0.14295 0 0 0 0 0 0 0 0 0.0111822 0.0111822 0 0 0 0 0 0 0 0 0 0 0 0 0 0 0 0 0 0 0 0 0 0
0.398 0.045412 0.045412 0.142868 0.142868 0 0 0 0 0 0 0 0 0.0107196 0.0107196 0 0 0 0 0 0 0 0 0 0 0 0 0 0 0 0 0 0 0 0 0 0
0.396 0.0449569 0.0449569 0.142784 0.142784 0 0 0 0 0 0 0 0 0.0102593 0.0102593 0 0 0 0 0 0 0 0 0 0 0 0 0 0 0 0 0 0 0 0 0 0
0.394 0.0445025 0.0445025 0.142696 0.142696 0 0 0 0 0 0 0 0 0.0098015 0.0098015 0 0 0 0 0 0 0 0 0 0 0 0 0 0 0 0 0 0 0 0 0 0
0.392 0.0440489 0.0440489 0.142605 0.142605 0 0 0 0 0 0 0 0 0.0093463 0.0093463 0 0 0 0 0 0 0 0 0 0 0 0 0 0 0 0 0 0 0 0 0 0
0.39 0.0435962 0.0435962 0.14251 0.14251 0 0 0 0 0 0 0 0 0.00889378 0.00889378 0 0 0 0 0 0 0 0 0 0 0 0 0 0 0 0 0 0 0 0 0 0
0.388 0.0431443 0.0431443 0.142412 0.142412 0 0 0 0 0 0 0 0 0.00844409 0.00844409 0 0 0 0 0 0 0 0 0 0 0 0 0 0 0 0 0 0 0 0 0 0
0.386 0.0426934 0.0426934 0.142309 0.142309 0 0 0 0 0 0 0 0 0.00799734 0.00799734 0 0 0 0 0 0 0 0 0 0 0 0 0 0 0 0 0 0 0 0 0 0
0.384 0.0422435 0.0422435 0.142203 0.142203 0 0 0 0 0 0 0 0 0.00755368 0.00755368 0 0 0 0 0 0 0 0 0 0 0 0 0 0 0 0 0 0 0 0 0 0
0.382 0.0417946 0.0417946 0.142092 0.142092 0 0 0 0 0 0 0 0 0.00711327 0.00711327 0 0 0 0 0 0 0 0 0 0 0 0 0 0 0 0 0 0 0 0 0 0
0.38 0.0413469 0.0413469 0.141977 0.141977 0 0 0 0 0 0 0 0 0.00667628 0.00667628 0 0 0 0 0 0 0 0 0 0 0 0 0 0 0 0 0 0 0 0 0 0
0.378 0.0409003 0.0409003 0.141857 0.141857 0 0 0 0 0 0 0 0 0.0062429 0.0062429 0 0 0 0 0 0 0 0 0 0 0 0 0 0 0 0 0 0 0 0 0 0
0.376 0.040455 0.040455 0.141732 0.141732 0 0 0 0 0 0 0 0 0.00581336 0.00581336 0 0 0 0 0 0 0 0 0 0 0 0 0 0 0 0 0 0 0 0 0 0
0.374 0.0400111 0.0400111 0.141601 0.141601 0 0 0 0 0 0 0 0 0.0053879 0.0053879 0 0 0 0 0 0 0 0 0 0 0 0 0 0 0 0 0 0 0 0 0 0
0.372 0.0395686 0.0395686 0.141465 0.141465 0 0 0 0 0 0 0 0 0.00496679 0.00496679 0 0 0 0 0 0 0 0 0 0 0 0 0 0 0 0 0 0 0 0 0 0
0.37 0.0391277 0.0391277 0.141322 0.141322 0 0 0 0 0 0 0 0 0.00455035 0.00455035 0 0 0 0 0 0 0 0 0 0 0 0 0 0 0 0 0 0 0 0 0 0
0.368 0.0386886 0.0386886 0.141172 0.141172 0 0 0 0 0 0 0 0 0.00413896 0.00413896 0 0 0 0 0 0 0 0 0 0 0 0 0 0 0 0 0 0 0 0 0 0
0.366 0.0382513 0.0382513 0.141016 0.141016 0 0 0 0 0 0 0 0 0.00373305 0.00373305 0 0 0 0 0 0 0 0 0 0 0 0 0 0 0 0 0 0 0 0 0 0
0.364 0.0378161 0.0378161 0.140851 0.140851 0 0 0 0 0 0 0 0 0.00333313 0.00333313 0 0 0 0 0 0 0 0 0 0 0 0 0 0 0 0 0 0 0 0 0 0
0.362 0.0373832 0.0373832 0.140677 0.140677 0 0 0 0 0 0 0 0 0.00293982 0.00293982 0 0 0 0 0 0 0 0 0 0 0 0 0 0 0 0 0 0 0 0 0 0
0.36 0.0369529 0.0369529 0.140493 0.140493 0 0 0 0 0 0 0 0 0.00255387 0.00255387 0 0 0 0 0 0 0 0 0 0 0 0 0 0 0 0 0 0 0 0 0 0
0.358 0.0365255 0.0365255 0.140298 0.140298 0 0 0 0 0 0 0 0 0.00217624 0.00217624 0 0 0 0 0 0 0 0 0 0 0 0 0 0 0 0 0 0 0 0 0 0
0.356 0.0361015 0.0361015 0.14009 0.14009 0 0 0 0 0 0 0 0 0.00180815 0.00180815 0 0 0 0 0 0 0 0 0 0 0 0 0 0 0 0 0 0 0 0 0 0
0.354 0.0356815 0.0356815 0.139867 0.139867 0 0 0 0 0 0 0 0 0.00145124 0.00145124 0 0 0 0 0 0 0 0 0 0 0 0 0 0 0 0 0 0 0 0 0 0
0.352 0.0352663 0.0352663 0.139626 0.139626 0 0 0 0 0 0 0 0 0.00110781 0.00110781 0 0 0 0 0 0 0 0 0 0 0 0 0 0 0 0 0 0 0 0 0 0
0.35 0.0348572 0.0348572 0.139362 0.139362 0 0 0 0 0 0 0 0 0.000781286 0.000781286 0 0 0 0 0 0 0 0 0 0 0 0 0 0 0 0 0 0 0 0 0 0
0.348 0.0344563 0.0344563 0.139066 0.139066 0 0 0 0 0 0 0 0 0.000477373 0.000477373 0 0 0 0 0 0 0 0 0 0 0 0 0 0 0 0 0 0 0 0 0 0
0.346 0.0340677 0.0340677 0.138725 0.138725 0 0 0 0 0 0 0 0 0.00020741 0.00020741 0 0 0 0 0 0 0 0 0 0 0 0 0 0 0 0 0 0 0 0 0 0
0.344 0.0337049 0.0337049 0.138287 0.138287 0 0 0 0 0 0 0 0 8.4419e-06 8.4419e-06 0 0 0 0 0 0 0 0 0 0 0 0 0 0 0 0 0 0 0 0 0 0
0.342 0.0334117 0.0334117 0.137588 0.137588 0 0 0 0 0 0 0 0 0 0 0 0 0 0 0 0 0 0 0 0 0 0 0 0 0 0 0 0 0 0 0 0
0.34 0.0331223 0.0331223 0.136878 0.136878 0 0 0 0 0 0 0 0 0 0 0 0 0 0 0 0 0 0 0 0 0 0 0 0 0 0 0 0 0 0 0 0
0.338 0.0328335 0.0328335 0.136166 0.136166 0 0 0 0 0 0 0 0 0 0 0 0 0 0 0 0 0 0 0 0 0 0 0 0 0 0 0 0 0 0 0 0
0.336 0.0325455 0.0325455 0.135455 0.135455 0 0 0 0 0 0 0 0 0 0 0 0 0 0 0 0 0 0 0 0 0 0 0 0 0 0 0 0 0 0 0 0
0.334 0.0322581 0.0322581 0.134742 0.134742 0 0 0 0 0 0 0 0 0 0 0 0 0 0 0 0 0 0 0 0 0 0 0 0 0 0 0 0 0 0 0 0
0.332 0.0319714 0.0319714 0.134029 0.134029 0 0 0 0 0 0 0 0 0 0 0 0 0 0 0 0 0 0 0 0 0 0 0 0 0 0 0 0 0 0 0 0
0.33 0.0316855 0.0316855 0.133314 0.133314 0 0 0 0 0 0 0 0 0 0 0 0 0 0 0 0 0 0 0 0 0 0 0 0 0 0 0 0 0 0 0 0
0.328 0.0314004 0.0314004 0.1326 0.1326 0 0 0 0 0 0 0 0 0 0 0 0 0 0 0 0 0 0 0 0 0 0 0 0 0 0 0 0 0 0 0 0
0.326 0.0311159 0.0311159 0.131884 0.131884 0 0 0 0 0 0 0 0 0 0 0 0 0 0 0 0 0 0 0 0 0 0 0 0 0 0 0 0 0 0 0 0
0.324 0.0308323 0.0308323 0.131168 0.131168 0 0 0 0 0 0 0 0 0 0 0 0 0 0 0 0 0 0 0 0 0 0 0 0 0 0 0 0 0 0 0 0
0.322 0.0305494 0.0305494 0.130451 0.130451 0 0 0 0 0 0 0 0 0 0 0 0 0 0 0 0 0 0 0 0 0 0 0 0 0 0 0 0 0 0 0 0
0.32 0.0302673 0.0302673 0.129733 0.129733 0 0 0 0 0 0 0 0 0 0 0 0 0 0 0 0 0 0 0 0 0 0 0 0 0 0 0 0 0 0 0 0
0.318 0.029986 0.029986 0.129014 0.129014 0 0 0 0 0 0 0 0 0 0 0 0 0 0 0 0 0 0 0 0 0 0 0 0 0 0 0 0 0 0 0 0
0.316 0.0297054 0.0297054 0.128295 0.128295 0 0 0 0 0 0 0 0 0 0 0 0 0 0 0 0 0 0 0 0 0 0 0 0 0 0 0 0 0 0 0 0
0.314 0.0294257 0.0294257 0.127574 0.127574 0 0 0 0 0 0 0 0 0 0 0 0 0 0 0 0 0 0 0 0 0 0 0 0 0 0 0 0 0 0 0 0
0.312 0.0291469 0.0291469 0.126853 0.126853 0 0 0 0 0 0 0 0 0 0 0 0 0 0 0 0 0 0 0 0 0 0 0 0 0 0 0 0 0 0 0 0
0.31 0.0288688 0.0288688 0.126131 0.126131 0 0 0 0 0 0 0 0 0 0 0 0 0 0 0 0 0 0 0 0 0 0 0 0 0 0 0 0 0 0 0 0
0.308 0.0285916 0.0285916 0.125408 0.125408 0 0 0 0 0 0 0 0 0 0 0 0 0 0 0 0 0 0 0 0 0 0 0 0 0 0 0 0 0 0 0 0
0.306 0.0283153 0.0283153 0.124685 0.124685 0 0 0 0 0 0 0 0 0 0 0 0 0 0 0 0 0 0 0 0 0 0 0 0 0 0 0 0 0 0 0 0
0.304 0.0280398 0.0280398 0.12396 0.12396 0 0 0 0 0 0 0 0 0 0 0 0 0 0 0 0 0 0 0 0 0 0 0 0 0 0 0 0 0 0 0 0
0.302 0.0277653 0.0277653 0.123235 0.123235 0 0 0 0 0 0 0 0 0 0 0 0 0 0 0 0 0 0 0 0 0 0 0 0 0 0 0 0 0 0 0 0
0.3 0.0274916 0.0274916 0.122508 0.122508 0 0 0 0 0 0 0 0 0 0 0 0 0 0 0 0 0 0 0 0 0 0 0 0 0 0 0 0 0 0 0 0
0.298 0.0272188 0.0272188 0.121781 0.121781 0 0 0 0 0 0 0 0 0 0 0 0 0 0 0 0 0 0 0 0 0 0 0 0 0 0 0 0 0 0 0 0
0.296 0.0269469 0.0269469 0.121053 0.121053 0 0 0 0 0 0 0 0 0 0 0 0 0 0 0 0 0 0 0 0 0 0 0 0 0 0 0 0 0 0 0 0
0.294 0.026676 0.026676 0.120324 0.120324 0 0 0 0 0 0 0 0 0 0 0 0 0 0 0 0 0 0 0 0 0 0 0 0 0 0 0 0 0 0 0 0
0.292 0.026406 0.026406 0.119594 0.119594 0 0 0 0 0 0 0 0 0 0 0 0 0 0 0 0 0 0 0 0 0 0 0 0 0 0 0 0 0 0 0 0
0.29 0.0261369 0.0261369 0.118863 0.118863 0 0 0 0 0 0 0 0 0 0 0 0 0 0 0 0 0 0 0 0 0 0 0 0 0 0 0 0 0 0 0 0
0.288 0.0258688 0.0258688 0.118131 0.118131 0 0 0 0 0 0 0 0 0 0 0 0 0 0 0 0 0 0 0 0 0 0 0 0 0 0 0 0 0 0 0 0
0.286 0.0256017 0.0256017 0.117398 0.117398 0 0 0 0 0 0 0 0 0 0 0 0 0 0 0 0 0 0 0 0 0 0 0 0 0 0 0 0 0 0 0 0
0.284 0.0253355 0.0253355 0.116664 0.116664 0 0 0 0 0 0 0 0 0 0 0 0 0 0 0 0 0 0 0 0 0 0 0 0 0 0 0 0 0 0 0 0
0.282 0.0250704 0.0250704 0.11593 0.11593 0 0 0 0 0 0 0 0 0 0 0 0 0 0 0 0 0 0 0 0 0 0 0 0 0 0 0 0 0 0 0 0
0.28 0.0248062 0.0248062 0.115194 0.115194 0 0 0 0 0 0 0 0 0 0 0 0 0 0 0 0 0 0 0 0 0 0 0 0 0 0 0 0 0 0 0 0
0.278 0.0245431 0.0245431 0.114457 0.114457 0 0 0 0 0 0 0 0 0 0 0 0 0 0 0 0 0 0 0 0 0 0 0 0 0 0 0 0 0 0 0 0
0.276 0.024281 0.024281 0.113719 0.113719 0 0 0 0 0 0 0 0 0 0 0 0 0 0 0 0 0 0 0 0 0 0 0 0 0 0 0 0 0 0 0 0
0.274 0.0240199 0.0240199 0.11298 0.11298 0 0 0 0 0 0 0 0 0 0 0 0 0 0 0 0 0 0 0 0 0 0 0 0 0 0 0 0 0 0 0 0
0.272 0.0237599 0.0237599 0.11224 0.11224 0 0 0 0 0 0 0 0 0 0 0 0 0 0 0 0 0 0 0 0 0 0 0 0 0 0 0 0 0 0 0 0
0.27 0.0235009 0.0235009 0.111499 0.111499 0 0 0 0 0 0 0 0 0 0 0 0 0 0 0 0 0 0 0 0 0 0 0 0 0 0 0 0 0 0 0 0
0.268 0.023243 0.023243 0.110757 0.110757 0 0 0 0 0 0 0 0 0 0 0 0 0 0 0 0 0 0 0 0 0 0 0 0 0 0 0 0 0 0 0 0
0.266 0.0229862 0.0229862 0.110014 0.110014 0 0 0 0 0 0 0 0 0 0 0 0 0 0 0 0 0 0 0 0 0 0 0 0 0 0 0 0 0 0 0 0
0.264 0.0227305 0.0227305 0.109269 0.109269 0 0 0 0 0 0 0 0 0 0 0 0 0 0 0 0 0 0 0 0 0 0 0 0 0 0 0 0 0 0 0 0
0.262 0.0224759 0.0224759 0.108524 0.108524 0 0 0 0 0 0 0 0 0 0 0 0 0 0 0 0 0 0 0 0 0 0 0 0 0 0 0 0 0 0 0 0
0.26 0.0222224 0.0222224 0.107778 0.107778 0 0 0 0 0 0 0 0 0 0 0 0 0 0 0 0 0 0 0 0 0 0 0 0 0 0 0 0 0 0 0 0
0.258 0.0219701 0.0219701 0.10703 0.10703 0 0 0 0 0 0 0 0 0 0 0 0 0 0 0 0 0 0 0 0 0 0 0 0 0 0 0 0 0 0 0 0
0.256 0.0217189 0.0217189 0.106281 0.106281 0 0 0 0 0 0 0 0 0 0 0 0 0 0 0 0 0 0 0 0 0 0 0 0 0 0 0 0 0 0 0 0
0.254 0.0214688 0.0214688 0.105531 0.105531 0 0 0 0 0 0 0 0 0 0 0 0 0 0 0 0 0 0 0 0 0 0 0 0 0 0 0 0 0 0 0 0
0.252 0.0212199 0.0212199 0.10478 0.10478 0 0 0 0 0 0 0 0 0 0 0 0 0 0 0 0 0 0 0 0 0 0 0 0 0 0 0 0 0 0 0 0
0.25 0.0209721 0.0209721 0.104028 0.104028 0 0 0 0 0 0 0 0 0 0 0 0 0 0 0 0 0 0 0 0 0 0 0 0 0 0 0 0 0 0 0 0
0.248 0.0207256 0.0207256 0.103274 0.103274 0 0 0 0 0 0 0 0 0 0 0 0 0 0 0 0 0 0 0 0 0 0 0 0 0 0 0 0 0 0 0 0
0.246 0.0204802 0.0204802 0.10252 0.10252 0 0 0 0 0 0 0 0 0 0 0 0 0 0 0 0 0 0 0 0 0 0 0 0 0 0 0 0 0 0 0 0
0.244 0.020236 0.020236 0.101764 0.101764 0 0 0 0 0 0 0 0 0 0 0 0 0 0 0 0 0 0 0 0 0 0 0 0 0 0 0 0 0 0 0 0
0.242 0.019993 0.019993 0.101007 0.101007 0 0 0 0 0 0 0 0 0 0 0 0 0 0 0 0 0 0 0 0 0 0 0 0 0 0 0 0 0 0 0 0
0.24 0.0197513 0.0197513 0.100249 0.100249 0 0 0 0 0 0 0 0 0 0 0 0 0 0 0 0 0 0 0 0 0 0 0 0 0 0 0 0 0 0 0 0
0.238 0.0195108 0.0195108 0.0994892 0.0994892 0 0 0 0 0 0 0 0 0 0 0 0 0 0 0 0 0 0 0 0 0 0 0 0 0 0 0 0 0 0 0 0
0.236 0.0192715 0.0192715 0.0987285 0.0987285 0 0 0 0 0 0 0 0 0 0 0 0 0 0 0 0 0 0 0 0 0 0 0 0 0 0 0 0 0 0 0 0
0.234 0.0190335 0.0190335 0.0979665 0.0979665 0 0 0 0 0 0 0 0 0 0 0 0 0 0 0 0 0 0 0 0 0 0 0 0 0 0 0 0 0 0 0 0
0.232 0.0187968 0.0187968 0.0972032 0.0972032 0 0 0 0 0 0 0 0 0 0 0 0 0 0 0 0 0 0 0 0 0 0 0 0 0 0 0 0 0 0 0 0
0.23 0.0185613 0.0185613 0.0964387 0.0964387 0 0 0 0 0 0 0 0 0 0 0 0 0 0 0 0 0 0 0 0 0 0 0 0 0 0 0 0 0 0 0 0
0.228 0.0183271 0.0183271 0.0956729 0.0956729 0 0 0 0 0 0 0 0 0 0 0 0 0 0 0 0 0 0 0 0 0 0 0 0 0 0 0 0 0 0 0 0
0.226 0.0180942 0.0180942 0.0949058 0.0949058 0 0 0 0 0 0 0 0 0 0 0 0 0 0 0 0 0 0 0 0 0 0 0 0 0 0 0 0 0 0 0 0
0.224 0.0178626 0.0178626 0.0941374 0.0941374 0 0 0 0 0 0 0 0 0 0 0 0 0 0 0 0 0 0 0 0 0 0 0 0 0 0 0 0 0 0 0 0
0.222 0.0176323 0.0176323 0.0933677 0.0933677 0 0 0 0 0 0 0 0 0 0 0 0 0 0 0 0 0 0 0 0 0 0 0 0 0 0 0 0 0 0 0 0
0.22 0.0174033 0.0174033 0.0925967 0.0925967 0 0 0 0 0 0 0 0 0 0 0 0 0 0 0 0 0 0 0 0 0 0 0 0 0 0 0 0 0 0 0 0
0.218 0.0171756 0.0171756 0.0918244 0.0918244 0 0 0 0 0 0 0 0 0 0 0 0 0 0 0 0 0 0 0 0 0 0 0 0 0 0 0 0 0 0 0 0
0.216 0.0169493 0.0169493 0.0910507 0.0910507 0 0 0 0 0 0 0 0 0 0 0 0 0 0 0 0 0 0 0 0 0 0 0 0 0 0 0 0 0 0 0 0
0.214 0.0167243 0.0167243 0.0902757 0.0902757 0 0 0 0 0 0 0 0 0 0 0 0 0 0 0 0 0 0 0 0 0 0 0 0 0 0 0 0 0 0 0 0
0.212 0.0165007 0.0165007 0.0894993 0.0894993 0 0 0 0 0 0 0 0 0 0 0 0 0 0 0 0 0 0 0 0 0 0 0 0 0 0 0 0 0 0 0 0
0.21 0.0162784 0.0162784 0.0887216 0.0887216 0 0 0 0 0 0 0 0 0 0 0 0 0 0 0 0 0 0 0 0 0 0 0 0 0 0 0 0 0 0 0 0
0.208 0.0160575 0.0160575 0.0879425 0.0879425 0 0 0 0 0 0 0 0 0 0 0 0 0 0 0 0 0 0 0 0 0 0 0 0 0 0 0 0 0 0 0 0
0.206 0.015838 0.015838 0.087162 0.087162 0 0 0 0 0 0 0 0 0 0 0 0 0 0 0 0 0 0 0 0 0 0 0 0 0 0 0 0 0 0 0 0
0.204 0.0156198 0.0156198 0.0863802 0.0863802 0 0 0 0 0 0 0 0 0 0 0 0 0 0 0 0 0 0 0 0 0 0 0 0 0 0 0 0 0 0 0 0
0.202 0.0154031 0.0154031 0.0855969 0.0855969 0 0 0 0 0 0 0 0 0 0 0 0 0 0 0 0 0 0 0 0 0 0 0 0 0 0 0 0 0 0 0 0
0.2 0.0151877 0.0151877 0.0848123 0.0848123 0 0 0 0 0 0 0 0 0 0 0 0 0 0 0 0 0 0 0 0 0 0 0 0 0 0 0 0 0 0 0 0
0.198 0.0149737 0.0149737 0.0840263 0.0840263 0 0 0 0 0 0 0 0 0 0 0 0 0 0 0 0 0 0 0 0 0 0 0 0 0 0 0 0 0 0 0 0
0.196 0.0147612 0.0147612 0.0832388 0.0832388 0 0 0 0 0 0 0 0 0 0 0 0 0 0 0 0 0 0 0 0 0 0 0 0 0 0 0 0 0 0 0 0
0.194 0.01455 0.01455 0.08245 0.08245 0 0 0 0 0 0 0 0 0 0 0 0 0 0 0 0 0 0 0 0 0 0 0 0 0 0 0 0 0 0 0 0
0.192 0.0143403 0.0143403 0.0816597 0.0816597 0 0 0 0 0 0 0 0 0 0 0 0 0 0 0 0 0 0 0 0 0 0 0 0 0 0 0 0 0 0 0 0
0.19 0.014132 0.014132 0.080868 0.080868 0 0 0 0 0 0 0 0 0 0 0 0 0 0 0 0 0 0 0 0 0 0 0 0 0 0 0 0 0 0 0 0
0.188 0.0139252 0.0139252 0.0800748 0.0800748 0 0 0 0 0 0 0 0 0 0 0 0 0 0 0 0 0 0 0 0 0 0 0 0 0 0 0 0 0 0 0 0
0.186 0.0137197 0.0137197 0.0792803 0.0792803 0 0 0 0 0 0 0 0 0 0 0 0 0 0 0 0 0 0 0 0 0 0 0 0 0 0 0 0 0 0 0 0
0.184 0.0135158 0.0135158 0.0784842 0.0784842 0 0 0 0 0 0 0 0 0 0 0 0 0 0 0 0 0 0 0 0 0 0 0 0 0 0 0 0 0 0 0 0
0.182 0.0133132 0.0133132 0.0776868 0.0776868 0 0 0 0 0 0 0 0 0 0 0 0 0 0 0 0 0 0 0 0 0 0 0 0 0 0 0 0 0 0 0 0
0.18 0.0131121 0.0131121 0.0768879 0.0768879 0 0 0 0 0 0 0 0 0 0 0 0 0 0 0 0 0 0 0 0 0 0 0 0 0 0 0 0 0 0 0 0
0.178 0.0129125 0.0129125 0.0760875 0.0760875 0 0 0 0 0 0 0 0 0 0 0 0 0 0 0 0 0 0 0 0 0 0 0 0 0 0 0 0 0 0 0 0
0.176 0.0127143 0.0127143 0.0752857 0.0752857 0 0 0 0 0 0 0 0 0 0 0 0 0 0 0 0 0 0 0 0 0 0 0 0 0 0 0 0 0 0 0 0
0.174 0.0125176 0.0125176 0.0744824 0.0744824 0 0 0 0 0 0 0 0 0 0 0 0 0 0 0 0 0 0 0 0 0 0 0 0 0 0 0 0 0 0 0 0
0.172 0.0123224 0.0123224 0.0736776 0.0736776 0 0 0 0 0 0 0 0 0 0 0 0 0 0 0 0 0 0 0 0 0 0 0 0 0 0 0 0 0 0 0 0
0.17 0.0121286 0.0121286 0.0728714 0.0728714 0 0 0 0 0 0 0 0 0 0 0 0 0 0 0 0 0 0 0 0 0 0 0 0 0 0 0 0 0 0 0 0
0.168 0.0119364 0.0119364 0.0720636 0.0720636 0 0 0 0 0 0 0 0 0 0 0 0 0 0 0 0 0 0 0 0 0 0 0 0 0 0 0 0 0 0 0 0
0.166 0.0117455 0.0117455 0.0712545 0.0712545 0 0 0 0 0 0 0 0 0 0 0 0 0 0 0 0 0 0 0 0 0 0 0 0 0 0 0 0 0 0 0 0
0.164 0.0115562 0.0115562 0.0704438 0.0704438 0 0 0 0 0 0 0 0 0 0 0 0 0 0 0 0 0 0 0 0 0 0 0 0 0 0 0 0 0 0 0 0
0.162 0.0113683 0.0113683 0.0696317 0.0696317 0 0 0 0 0 0 0 0 0 0 0 0 0 0 0 0 0 0 0 0 0 0 0 0 0 0 0 0 0 0 0 0
0.16 0.0111819 0.0111819 0.0688181 0.0688181 0 0 0 0 0 0 0 0 0 0 0 0 0 0 0 0 0 0 0 0 0 0 0 0 0 0 0 0 0 0 0 0
0.158 0.010997 0.010997 0.068003 0.068003 0 0 0 0 0 0 0 0 0 0 0 0 0 0 0 0 0 0 0 0 0 0 0 0 0 0 0 0 0 0 0 0
0.156 0.0108136 0.0108136 0.0671864 0.0671864 0 0 0 0 0 0 0 0 0 0 0 0 0 0 0 0 0 0 0 0 0 0 0 0 0 0 0 0 0 0 0 0
0.154 0.0106316 0.0106316 0.0663684 0.0663684 0 0 0 0 0 0 0 0 0 0 0 0 0 0 0 0 0 0 0 0 0 0 0 0 0 0 0 0 0 0 0 0
0.152 0.0104512 0.0104512 0.0655488 0.0655488 0 0 0 0 0 0 0 0 0 0 0 0 0 0 0 0 0 0 0 0 0 0 0 0 0 0 0 0 0 0 0 0
0.15 0.0102722 0.0102722 0.0647278 0.0647278 0 0 0 0 0 0 0 0 0 0 0 0 0 0 0 0 0 0 0 0 0 0 0 0 0 0 0 0 0 0 0 0
0.148 0.0100946 0.0100946 0.0639054 0.0639054 0 0 0 0 0 0 0 0 0 0 0 0 0 0 0 0 0 0 0 0 0 0 0 0 0 0 0 0 0 0 0 0
0.146 0.0099186 0.0099186 0.0630814 0.0630814 0 0 0 0 0 0 0 0 0 0 0 0 0 0 0 0 0 0 0 0 0 0 0 0 0 0 0 0 0 0 0 0
0.144 0.00974403 0.00974403 0.062256 0.062256 0 0 0 0 0 0 0 0 0 0 0 0 0 0 0 0 0 0 0 0 0 0 0 0 0 0 0 0 0 0 0 0
0.142 0.00957094 0.00957094 0.0614291 0.0614291 0 0 0 0 0 0 0 0 0 0 0 0 0 0 0 0 0 0 0 0 0 0 0 0 0 0 0 0 0 0 0 0
0.14 0.0093993 0.0093993 0.0606007 0.0606007 0 0 0 0 0 0 0 0 0 0 0 0 0 0 0 0 0 0 0 0 0 0 0 0 0 0 0 0 0 0 0 0
0.138 0.00922914 0.00922914 0.0597709 0.0597709 0 0 0 0 0 0 0 0 0 0 0 0 0 0 0 0 0 0 0 0 0 0 0 0 0 0 0 0 0 0 0 0
0.136 0.00906043 0.00906043 0.0589396 0.0589396 0 0 0 0 0 0 0 0 0 0 0 0 0 0 0 0 0 0 0 0 0 0 0 0 0 0 0 0 0 0 0 0
0.134 0.00889318 0.00889318 0.0581068 0.0581068 0 0 0 0 0 0 0 0 0 0 0 0 0 0 0 0 0 0 0 0 0 0 0 0 0 0 0 0 0 0 0 0
0.132 0.00872738 0.00872738 0.0572726 0.0572726 0 0 0 0 0 0 0 0 0 0 0 0 0 0 0 0 0 0 0 0 0 0 0 0 0 0 0 0 0 0 0 0
0.13 0.00856303 0.00856303 0.056437 0.056437 0 0 0 0 0 0 0 0 0 0 0 0 0 0 0 0 0 0 0 0 0 0 0 0 0 0 0 0 0 0 0 0
0.128 0.00840012 0.00840012 0.0555999 0.0555999 0 0 0 0 0 0 0 0 0 0 0 0 0 0 0 0 0 0 0 0 0 0 0 0 0 0 0 0 0 0 0 0
0.126 0.00823864 0.00823864 0.0547614 0.0547614 0 0 0 0 0 0 0 0 0 0 0 0 0 0 0 0 0 0 0 0 0 0 0 0 0 0 0 0 0 0 0 0
0.124 0.00807859 0.00807859 0.0539214 0.0539214 0 0 0 0 0 0 0 0 0 0 0 0 0 0 0 0 0 0 0 0 0 0 0 0 0 0 0 0 0 0 0 0
0.122 0.00791996 0.00791996 0.05308 0.05308 0 0 0 0 0 0 0 0 0 0 0 0 0 0 0 0 0 0 0 0 0 0 0 0 0 0 0 0 0 0 0 0
0.12 0.00776274 0.00776274 0.0522373 0.0522373 0 0 0 0 0 0 0 0 0 0 0 0 0 0 0 0 0 0 0 0 0 0 0 0 0 0 0 0 0 0 0 0
0.118 0.00760693 0.00760693 0.0513931 0.0513931 0 0 0 0 0 0 0 0 0 0 0 0 0 0 0 0 0 0 0 0 0 0 0 0 0 0 0 0 0 0 0 0
0.116 0.00745251 0.00745251 0.0505475 0.0505475 0 0 0 0 0 0 0 0 0 0 0 0 0 0 0 0 0 0 0 0 0 0 0 0 0 0 0 0 0 0 0 0
0.114 0.00729948 0.00729948 0.0497005 0.0497005 0 0 0 0 0 0 0 0 0 0 0 0 0 0 0 0 0 0 0 0 0 0 0 0 0 0 0 0 0 0 0 0
0.112 0.00714782 0.00714782 0.0488522 0.0488522 0 0 0 0 0 0 0 0 0 0 0 0 0 0 0 0 0 0 0 0 0 0 0 0 0 0 0 0 0 0 0 0
0.11 0.00699752 0.00699752 0.0480025 0.0480025 0 0 0 0 0 0 0 0 0 0 0 0 0 0 0 0 0 0 0 0 0 0 0 0 0 0 0 0 0 0 0 0
0.108 0.00684858 0.00684858 0.0471514 0.0471514 0 0 0 0 0 0 0 0 0 0 0 0 0 0 0 0 0 0 0 0 0 0 0 0 0 0 0 0 0 0 0 0
0.106 0.00670098 0.00670098 0.046299 0.046299 0 0 0 0 0 0 0 0 0 0 0 0 0 0 0 0 0 0 0 0 0 0 0 0 0 0 0 0 0 0 0 0
0.104 0.00655471 0.00655471 0.0454453 0.0454453 0 0 0 0 0 0 0 0 0 0 0 0 0 0 0 0 0 0 0 0 0 0 0 0 0 0 0 0 0 0 0 0
0.102 0.00640976 0.00640976 0.0445902 0.0445902 0 0 0 0 0 0 0 0 0 0 0 0 0 0 0 0 0 0 0 0 0 0 0 0 0 0 0 0 0 0 0 0
0.1 0.00626611 0.00626611 0.0437339 0.0437339 0 0 0 0 0 0 0 0 0 0 0 0 0 0 0 0 0 0 0 0 0 0 0 0 0 0 0 0 0 0 0 0
0.098 0.00612374 0.00612374 0.0428763 0.0428763 0 0 0 0 0 0 0 0 0 0 0 0 0 0 0 0 0 0 0 0 0 0 0 0 0 0 0 0 0 0 0 0
0.096 0.00598265 0.00598265 0.0420173 0.0420173 0 0 0 0 0 0 0 0 0 0 0 0 0 0 0 0 0 0 0 0 0 0 0 0 0 0 0 0 0 0 0 0
0.094 0.00584282 0.00584282 0.0411572 0.0411572 0 0 0 0 0 0 0 0 0 0 0 0 0 0 0 0 0 0 0 0 0 0 0 0 0 0 0 0 0 0 0 0
0.092 0.00570422 0.00570422 0.0402958 0.0402958 0 0 0 0 0 0 0 0 0 0 0 0 0 0 0 0 0 0 0 0 0 0 0 0 0 0 0 0 0 0 0 0
0.09 0.00556685 0.00556685 0.0394331 0.0394331 0 0 0 0 0 0 0 0 0 0 0 0 0 0 0 0 0 0 0 0 0 0 0 0 0 0 0 0 0 0 0 0
0.088 0.00543068 0.00543068 0.0385693 0.0385693 0 0 0 0 0 0 0 0 0 0 0 0 0 0 0 0 0 0 0 0 0 0 0 0 0 0 0 0 0 0 0 0
0.086 0.00529571 0.00529571 0.0377043 0.0377043 0 0 0 0 0 0 0 0 0 0 0 0 0 0 0 0 0 0 0 0 0 0 0 0 0 0 0 0 0 0 0 0
0.084 0.00516189 0.00516189 0.0368381 0.0368381 0 0 0 0 0 0 0 0 0 0 0 0 0 0 0 0 0 0 0 0 0 0 0 0 0 0 0 0 0 0 0 0
0.082 0.00502923 0.00502923 0.0359708 0.0359708 0 0 0 0 0 0 0 0 0 0 0 0 0 0 0 0 0 0 0 0 0 0 0 0 0 0 0 0 0 0 0 0
0.08 0.00489769 0.00489769 0.0351023 0.0351023 0 0 0 0 0 0 0 0 0 0 0 0 0 0 0 0 0 0 0 0 0 0 0 0 0 0 0 0 0 0 0 0
0.078 0.00476725 0.00476725 0.0342327 0.0342327 0 0 0 0 0 0 0 0 0 0 0 0 0 0 0 0 0 0 0 0 0 0 0 0 0 0 0 0 0 0 0 0
0.076 0.0046379 0.0046379 0.0333621 0.0333621 0 0 0 0 0 0 0 0 0 0 0 0 0 0 0 0 0 0 0 0 0 0 0 0 0 0 0 0 0 0 0 0
0.074 0.0045096 0.0045096 0.0324904 0.0324904 0 0 0 0 0 0 0 0 0 0 0 0 0 0 0 0 0 0 0 0 0 0 0 0 0 0 0 0 0 0 0 0
0.072 0.00438233 0.00438233 0.0316177 0.0316177 0 0 0 0 0 0 0 0 0 0 0 0 0 0 0 0 0 0 0 0 0 0 0 0 0 0 0 0 0 0 0 0
0.07 0.00425607 0.00425607 0.0307439 0.0307439 0 0 0 0 0 0 0 0 0 0 0 0 0 0 0 0 0 0 0 0 0 0 0 0 0 0 0 0 0 0 0 0
0.068 0.00413078 0.00413078 0.0298692 0.0298692 0 0 0 0 0 0 0 0 0 0 0 0 0 0 0 0 0 0 0 0 0 0 0 0 0 0 0 0 0 0 0 0
0.066 0.00400645 0.00400645 0.0289935 0.0289935 0 0 0 0 0 0 0 0 0 0 0 0 0 0 0 0 0 0 0 0 0 0 0 0 0 0 0 0 0 0 0 0
0.064 0.00388304 0.00388304 0.028117 0.028117 0 0 0 0 0 0 0 0 0 0 0 0 0 0 0 0 0 0 0 0 0 0 0 0 0 0 0 0 0 0 0 0
0.062 0.00376052 0.00376052 0.0272395 0.0272395 0 0 0 0 0 0 0 0 0 0 0 0 0 0 0 0 0 0 0 0 0 0 0 0 0 0 0 0 0 0 0 0
0.06 0.00363886 0.00363886 0.0263611 0.0263611 0 0 0 0 0 0 0 0 0 0 0 0 0 0 0 0 0 0 0 0 0 0 0 0 0 0 0 0 0 0 0 0
0.058 0.00351803 0.00351803 0.025482 0.025482 0 0 0 0 0 0 0 0 0 0 0 0 0 0 0 0 0 0 0 0 0 0 0 0 0 0 0 0 0 0 0 0
0.056 0.00339798 0.00339798 0.024602 0.024602 0 0 0 0 0 0 0 0 0 0 0 0 0 0 0 0 0 0 0 0 0 0 0 0 0 0 0 0 0 0 0 0
0.054 0.00327869 0.00327869 0.0237213 0.0237213 0 0 0 0 0 0 0 0 0 0 0 0 0 0 0 0 0 0 0 0 0 0 0 0 0 0 0 0 0 0 0 0
0.052 0.00316011 0.00316011 0.0228399 0.0228399 0 0 0 0 0 0 0 0 0 0 0 0 0 0 0 0 0 0 0 0 0 0 0 0 0 0 0 0 0 0 0 0
0.05 0.00304221 0.00304221 0.0219578 0.0219578 0 0 0 0 0 0 0 0 0 0 0 0 0 0 0 0 0 0 0 0 0 0 0 0 0 0 0 0 0 0 0 0
0.048 0.00292494 0.00292494 0.0210751 0.0210751 0 0 0 0 0 0 0 0 0 0 0 0 0 0 0 0 0 0 0 0 0 0 0 0 0 0 0 0 0 0 0 0
0.046 0.00280826 0.00280826 0.0201917 0.0201917 0 0 0 0 0 0 0 0 0 0 0 0 0 0 0 0 0 0 0 0 0 0 0 0 0 0 0 0 0 0 0 0
0.044 0.00269211 0.00269211 0.0193079 0.0193079 0 0 0 0 0 0 0 0 0 0 0 0 0 0 0 0 0 0 0 0 0 0 0 0 0 0 0 0 0 0 0 0
0.042 0.00257645 0.00257645 0.0184236 0.0184236 0 0 0 0 0 0 0 0 0 0 0 0 0 0 0 0 0 0 0 0 0 0 0 0 0 0 0 0 0 0 0 0
0.04 0.00246122 0.00246122 0.0175388 0.0175388 0 0 0 0 0 0 0 0 0 0 0 0 0 0 0 0 0 0 0 0 0 0 0 0 0 0 0 0 0 0 0 0
0.038 0.00234636 0.00234636 0.0166536 0.0166536 0 0 0 0 0 0 0 0 0 0 0 0 0 0 0 0 0 0 0 0 0 0 0 0 0 0 0 0 0 0 0 0
0.036 0.00223181 0.00223181 0.0157682 0.0157682 0 0 0 0 0 0 0 0 0 0 0 0 0 0 0 0 0 0 0 0 0 0 0 0 0 0 0 0 0 0 0 0
0.034 0.00211749 0.00211749 0.0148825 0.0148825 0 0 0 0 0 0 0 0 0 0 0 0 0 0 0 0 0 0 0 0 0 0 0 0 0 0 0 0 0 0 0 0
0.032 0.00200334 0.00200334 0.0139967 0.0139967 0 0 0 0 0 0 0 0 0 0 0 0 0 0 0 0 0 0 0 0 0 0 0 0 0 0 0 0 0 0 0 0
0.03 0.00188927 0.00188927 0.0131107 0.0131107 0 0 0 0 0 0 0 0 0 0 0 0 0 0 0 0 0 0 0 0 0 0 0 0 0 0 0 0 0 0 0 0
0.028 0.00177518 0.00177518 0.0122248 0.0122248 0 0 0 0 0 0 0 0 0 0 0 0 0 0 0 0 0 0 0 0 0 0 0 0 0 0 0 0 0 0 0 0
0.026 0.00166096 0.00166096 0.011339 0.011339 0 0 0 0 0 0 0 0 0 0 0 0 0 0 0 0 0 0 0 0 0 0 0 0 0 0 0 0 0 0 0 0
0.024 0.00154651 0.00154651 0.0104535 0.0104535 0 0 0 0 0 0 0 0 0 0 0 0 0 0 0 0 0 0 0 0 0 0 0 0 0 0 0 0 0 0 0 0
0.022 0.00143167 0.00143167 0.00956833 0.00956833 0 0 0 0 0 0 0 0 0 0 0 0 0 0 0 0 0 0 0 0 0 0 0 0 0 0 0 0 0 0 0 0
0.02 0.0013163 0.0013163 0.0086837 0.0086837 0 0 0 0 0 0 0 0 0 0 0 0 0 0 0 0 0 0 0 0 0 0 0 0 0 0 0 0 0 0 0 0
0.018 0.00120018 0.00120018 0.00779982 0.00779982 0 0 0 0 0 0 0 0 0 0 0 0 0 0 0 0 0 0 0 0 0 0 0 0 0 0 0 0 0 0 0 0
0.016 0.00108309 0.00108309 0.00691691 0.00691691 0 0 0 0 0 0 0 0 0 0 0 0 0 0 0 0 0 0 0 0 0 0 0 0 0 0 0 0 0 0 0 0
0.014 0.000964714 0.000964714 0.00603529 0.00603529 0 0 0 0 0 0 0 0 0 0 0 0 0 0 0 0 0 0 0 0 0 0 0 0 0 0 0 0 0 0 0 0
0.012 0.000844675 0.000844675 0.00515532 0.00515532 0 0 0 0 0 0 0 0 0 0 0 0 0 0 0 0 0 0 0 0 0 0 0 0 0 0 0 0 0 0 0 0
0.01 0.000722437 0.000722437 0.00427756 0.00427756 0 0 0 0 0 0 0 0 0 0 0 0 0 0 0 0 0 0 0 0 0 0 0 0 0 0 0 0 0 0 0 0
0.008 0.000597232 0.000597232 0.00340277 0.00340277 0 0 0 0 0 0 0 0 0 0 0 0 0 0 0 0 0 0 0 0 0 0 0 0 0 0 0 0 0 0 0 0
0.006 0.000467859 0.000467859 0.00253214 0.00253214 0 0 0 0 0 0 0 0 0 0 0 0 0 0 0 0 0 0 0 0 0 0 0 0 0 0 0 0 0 0 0 0
0.004 0.000332171 0.000332171 0.00166783 0.00166783 0 0 0 0 0 0 0 0 0 0 0 0 0 0 0 0 0 0 0 0 0 0 0 0 0 0 0 0 0 0 0 0
0.002 0.000185309 0.000185309 0.000814691 0.000814691 0 0 0 0 0 0 0 0 0 0 0 0 0 0 0 0 0 0 0 0 0 0 0 0 0 0 0 0 0 0 0 0
