1 0.103289 0.0641656 0.0888557 0.0888557 0 0.0120205 0 5.30237e-185 0.0353866 0.0108077 0.051589 0.051589 0.0750685 0.115913 0 0 0 0.0106585 0 0 0 0 0 0 0 0 0 0 0 0 0 0 0 0 0.151911 0.151911
0.998 0.103516 0.0643661 0.0890906 0.0890906 0 0.012061 0 0 0.0348691 0.0104467 0.0512273 0.0512273 0.0748873 0.1157 0 0 0 0.0105619 0 0 0 0 0 0 0 0 0 0 0 0 0 0 0 0 0.151509 0.151509
0.996 0.103746 0.0645692 0.0893263 0.0893263 0 0.0121011 0 0 0.0343448 0.010078 0.050869 0.050869 0.0747029 0.115483 0 0 0 0.0104635 0 0 0 0 0 0 0 0 0 0 0 0 0 0 0 0 0.151111 0.151111
0.994 0.103979 0.0647751 0.0895627 0.0895627 0 0.0121411 0 0 0.0338135 0.00970082 0.0505143 0.0505143 0.0745154 0.115262 0 0 0 0.0103632 0 0 0 0 0 0 0 0 0 0 0 0 0 0 0 0 0.150718 0.150718
0.992 0.104217 0.0649841 0.0897999 0.0897999 0 0.0121807 0 0 0.0332746 0.00931468 0.0501633 0.0501633 0.0743243 0.115037 0 0 0 0.0102609 0 0 0 0 0 0 0 0 0 0 0 0 0 0 0 0 0.150331 0.150331
0.99 0.104459 0.0651966 0.090038 0.090038 0 0.0122201 0 0 0.0327276 0.00891881 0.0498163 0.0498163 0.0741296 0.114808 0 0 0 0.0101566 0 0 0 0 0 0 0 0 0 0 0 0 0 0 0 0 0.149948 0.149948
0.988 0.104705 0.0654129 0.090277 0.090277 0 0.0122591 0 0 0.032172 0.0085124 0.0494733 0.0494733 0.073931 0.114574 0 0 0 0.01005 0 0 0 0 0 0 0 0 0 0 0 0 0 0 0 0 0.149571 0.149571
0.986 0.104956 0.0656333 0.090517 0.090517 0 0.0122979 0 0 0.031607 0.00809451 0.0491348 0.0491348 0.0737282 0.114336 0 0 0 0.00994116 0 0 0 0 0 0 0 0 0 0 0 0 0 0 0 0 0.1492 0.1492
0.984 0.105213 0.0658584 0.0907581 0.0907581 0 0.0123363 0 0 0.0310318 0.00766405 0.048801 0.048801 0.0735209 0.114093 0 0 0 0.0098298 0 0 0 0 0 0 0 0 0 0 0 0 0 0 0 0 0.148836 0.148836
0.982 0.105476 0.0660887 0.0910003 0.0910003 0 0.0123744 0 0 0.0304456 0.00721977 0.0484722 0.0484722 0.0733087 0.113844 0 0 0 0.00971577 0 0 0 0 0 0 0 0 0 0 0 0 0 0 0 0 0.148479 0.148479
0.98 0.105807 0.0663786 0.0912961 0.0912961 0 0.0123947 0 0.000427351 0.0298823 0.0067872 0.0481363 0.0481363 0.0730344 0.113522 0 0 0 0.00949026 0 0 0 0 0 0 0 0 0 0 0 0 0 0 0 0 0.148117 0.148117
0.978 0.106142 0.0666707 0.0915911 0.0915911 0 0.0124155 0 0.000835756 0.0293059 0.00633862 0.047807 0.047807 0.0727577 0.113198 0 0 0 0.00926382 0 0 0 0 0 0 0 0 0 0 0 0 0 0 0 0 0.147764 0.147764
0.976 0.106468 0.0669558 0.0918755 0.0918755 0 0.01244 0 0.00114354 0.028708 0.00586652 0.0474872 0.0474872 0.0724887 0.112883 0 0 0 0.00905773 0 0 0 0 0 0 0 0 0 0 0 0 0 0 0 0 0.147423 0.147423
0.974 0.106796 0.0672416 0.0921553 0.0921553 0 0.0124661 0 0.0013998 0.0280906 0.00537133 0.0471759 0.0471759 0.0722201 0.112568 0 0 0 0.0088596 0 0 0 0 0 0 0 0 0 0 0 0 0 0 0 0 0.147095 0.147095
0.972 0.10713 0.0675317 0.0924331 0.0924331 0 0.0124932 0 0.00162287 0.0274531 0.00485114 0.0468734 0.0468734 0.0719486 0.112251 0 0 0 0.00866447 0 0 0 0 0 0 0 0 0 0 0 0 0 0 0 0 0.146779 0.146779
0.97 0.107472 0.0678288 0.0927102 0.0927102 0 0.0125206 0 0.0018219 0.0267934 0.00430275 0.0465805 0.0465805 0.0716716 0.111928 0 0 0 0.00846956 0 0 0 0 0 0 0 0 0 0 0 0 0 0 0 0 0.146477 0.146477
0.968 0.107825 0.0681358 0.0929877 0.0929877 0 0.0125481 0 0.00200212 0.0261084 0.00372168 0.0462984 0.0462984 0.0713872 0.111596 0 0 0 0.00827286 0 0 0 0 0 0 0 0 0 0 0 0 0 0 0 0 0.14619 0.14619
0.966 0.108194 0.0684557 0.0932663 0.0932663 0 0.0125754 0 0.00216671 0.0253938 0.00310174 0.0460286 0.0460286 0.071093 0.111253 0 0 0 0.00807264 0 0 0 0 0 0 0 0 0 0 0 0 0 0 0 0 0.145923 0.145923
0.964 0.108583 0.0687925 0.0935469 0.0935469 0 0.0126022 0 0.00231756 0.0246433 0.00243429 0.0457737 0.0457737 0.0707861 0.110895 0 0 0 0.00786713 0 0 0 0 0 0 0 0 0 0 0 0 0 0 0 0 0.145679 0.145679
0.962 0.108998 0.0691515 0.0938306 0.0938306 0 0.0126284 0 0.00245562 0.0238478 0.00170668 0.0455371 0.0455371 0.0704625 0.110519 0 0 0 0.0076542 0 0 0 0 0 0 0 0 0 0 0 0 0 0 0 0 0.145462 0.145462
0.96 0.10945 0.0695412 0.094119 0.094119 0 0.0126533 0 0.00258085 0.0229927 0.00089921 0.0453243 0.0453243 0.0701163 0.110117 0 0 0 0.00743098 0 0 0 0 0 0 0 0 0 0 0 0 0 0 0 0 0.145283 0.145283
0.958 0.109942 0.0699661 0.0944129 0.0944129 0 0.0126768 0 0.00269374 0.0220697 0 0.0451388 0.0451388 0.0697437 0.109684 0 0 0 0.00719523 0 0 0 0 0 0 0 0 0 0 0 0 0 0 0 0 0.145148 0.145148
0.956 0.109984 0.0700023 0.0946538 0.0946538 0 0.0127168 0 0.0028762 0.0218168 0 0.0447106 0.0447106 0.0696251 0.109547 0 0 0 0.00705432 0 0 0 0 0 0 0 0 0 0 0 0 0 0 0 0 0.144621 0.144621
0.954 0.110025 0.0700371 0.0948936 0.0948936 0 0.0127572 0 0.00304986 0.0215607 0 0.044284 0.044284 0.0695074 0.10941 0 0 0 0.00691387 0 0 0 0 0 0 0 0 0 0 0 0 0 0 0 0 0.144095 0.144095
0.952 0.110064 0.0700709 0.0951326 0.0951326 0 0.012798 0 0.00321596 0.0213016 0 0.043859 0.043859 0.0693905 0.109275 0 0 0 0.00677347 0 0 0 0 0 0 0 0 0 0 0 0 0 0 0 0 0.143571 0.143571
0.95 0.110102 0.0701037 0.0953708 0.0953708 0 0.012839 0 0.00337547 0.0210392 0 0.0434356 0.0434356 0.0692741 0.10914 0 0 0 0.0066328 0 0 0 0 0 0 0 0 0 0 0 0 0 0 0 0 0.143047 0.143047
0.948 0.110139 0.0701357 0.0956085 0.0956085 0 0.0128802 0 0.00352919 0.0207736 0 0.0430139 0.0430139 0.0691583 0.109006 0 0 0 0.00649157 0 0 0 0 0 0 0 0 0 0 0 0 0 0 0 0 0.142525 0.142525
0.946 0.110176 0.0701671 0.0958456 0.0958456 0 0.0129217 0 0.00367775 0.0205046 0 0.0425939 0.0425939 0.0690428 0.108872 0 0 0 0.00634951 0 0 0 0 0 0 0 0 0 0 0 0 0 0 0 0 0.142005 0.142005
0.944 0.110211 0.0701978 0.0960822 0.0960822 0 0.0129634 0 0.0038217 0.0202321 0 0.0421755 0.0421755 0.0689276 0.108739 0 0 0 0.0062064 0 0 0 0 0 0 0 0 0 0 0 0 0 0 0 0 0.141485 0.141485
0.942 0.110246 0.070228 0.0963185 0.0963185 0 0.0130053 0 0.00396149 0.0199561 0 0.0417589 0.0417589 0.0688126 0.108606 0 0 0 0.00606201 0 0 0 0 0 0 0 0 0 0 0 0 0 0 0 0 0.140967 0.140967
0.94 0.110281 0.0702578 0.0965544 0.0965544 0 0.0130474 0 0.00409749 0.0196764 0 0.0413441 0.0413441 0.0686979 0.108474 0 0 0 0.00591614 0 0 0 0 0 0 0 0 0 0 0 0 0 0 0 0 0.14045 0.14045
0.938 0.110315 0.0702872 0.09679 0.09679 0 0.0130896 0 0.00423006 0.0193928 0 0.040931 0.040931 0.0685833 0.108341 0 0 0 0.00576858 0 0 0 0 0 0 0 0 0 0 0 0 0 0 0 0 0.139935 0.139935
0.936 0.110349 0.0703164 0.0970254 0.0970254 0 0.013132 0 0.00435947 0.0191054 0 0.0405198 0.0405198 0.0684688 0.108209 0 0 0 0.00561913 0 0 0 0 0 0 0 0 0 0 0 0 0 0 0 0 0.139421 0.139421
0.934 0.110383 0.0703453 0.0972605 0.0972605 0 0.0131746 0 0.00448598 0.0188138 0 0.0401104 0.0401104 0.0683544 0.108077 0 0 0 0.00546757 0 0 0 0 0 0 0 0 0 0 0 0 0 0 0 0 0.138908 0.138908
0.932 0.110416 0.0703741 0.0974955 0.0974955 0 0.0132173 0 0.00460982 0.018518 0 0.0397029 0.0397029 0.0682401 0.107945 0 0 0 0.00531371 0 0 0 0 0 0 0 0 0 0 0 0 0 0 0 0 0.138398 0.138398
0.93 0.110449 0.0704027 0.0977303 0.0977303 0 0.0132601 0 0.00473118 0.0182177 0 0.0392974 0.0392974 0.0681259 0.107814 0 0 0 0.00515731 0 0 0 0 0 0 0 0 0 0 0 0 0 0 0 0 0.137889 0.137889
0.928 0.110483 0.0704314 0.097965 0.097965 0 0.013303 0 0.00485025 0.0179129 0 0.0388938 0.0388938 0.0680118 0.107682 0 0 0 0.00499815 0 0 0 0 0 0 0 0 0 0 0 0 0 0 0 0 0.137382 0.137382
0.926 0.110516 0.07046 0.0981996 0.0981996 0 0.0133461 0 0.00496718 0.0176032 0 0.0384922 0.0384922 0.0678978 0.107551 0 0 0 0.00483598 0 0 0 0 0 0 0 0 0 0 0 0 0 0 0 0 0.136876 0.136876
0.924 0.110549 0.0704888 0.0984341 0.0984341 0 0.0133893 0 0.00508213 0.0172885 0 0.0380928 0.0380928 0.0677838 0.10742 0 0 0 0.00467054 0 0 0 0 0 0 0 0 0 0 0 0 0 0 0 0 0.136373 0.136373
0.922 0.110583 0.0705177 0.0986685 0.0986685 0 0.0134326 0 0.00519522 0.0169685 0 0.0376954 0.0376954 0.06767 0.107289 0 0 0 0.00450152 0 0 0 0 0 0 0 0 0 0 0 0 0 0 0 0 0.135871 0.135871
0.92 0.110617 0.0705467 0.098903 0.098903 0 0.0134761 0 0.00530659 0.0166431 0 0.0373002 0.0373002 0.0675564 0.107158 0 0 0 0.00432863 0 0 0 0 0 0 0 0 0 0 0 0 0 0 0 0 0.135372 0.135372
0.918 0.110651 0.0705761 0.0991374 0.0991374 0 0.0135197 0 0.00541636 0.0163118 0 0.0369074 0.0369074 0.0674429 0.107028 0 0 0 0.00415149 0 0 0 0 0 0 0 0 0 0 0 0 0 0 0 0 0.134875 0.134875
0.916 0.110686 0.0706057 0.0993718 0.0993718 0 0.0135634 0 0.00552462 0.0159744 0 0.0365168 0.0365168 0.0673297 0.106898 0 0 0 0.00396973 0 0 0 0 0 0 0 0 0 0 0 0 0 0 0 0 0.13438 0.13438
0.914 0.11072 0.0706358 0.0996063 0.0996063 0 0.0136073 0 0.00563148 0.0156306 0 0.0361287 0.0361287 0.0672168 0.106768 0 0 0 0.0037829 0 0 0 0 0 0 0 0 0 0 0 0 0 0 0 0 0.133888 0.133888
0.912 0.110756 0.0706663 0.0998408 0.0998408 0 0.0136513 0 0.00573704 0.01528 0 0.035743 0.035743 0.0671044 0.106639 0 0 0 0.00359048 0 0 0 0 0 0 0 0 0 0 0 0 0 0 0 0 0.133398 0.133398
0.91 0.110792 0.0706974 0.100075 0.100075 0 0.0136955 0 0.00584141 0.0149222 0 0.03536 0.03536 0.0669924 0.10651 0 0 0 0.00339191 0 0 0 0 0 0 0 0 0 0 0 0 0 0 0 0 0.132911 0.132911
0.908 0.110829 0.070729 0.10031 0.10031 0 0.0137399 0 0.00594467 0.0145567 0 0.0349797 0.0349797 0.0668811 0.106383 0 0 0 0.0031865 0 0 0 0 0 0 0 0 0 0 0 0 0 0 0 0 0.132428 0.132428
0.906 0.110867 0.0707614 0.100545 0.100545 0 0.0137844 0 0.00604693 0.0141831 0 0.0346023 0.0346023 0.0667706 0.106256 0 0 0 0.00297345 0 0 0 0 0 0 0 0 0 0 0 0 0 0 0 0 0.131947 0.131947
0.904 0.110905 0.0707946 0.10078 0.10078 0 0.0138292 0 0.00614829 0.0138008 0 0.0342278 0.0342278 0.0666611 0.106131 0 0 0 0.00275181 0 0 0 0 0 0 0 0 0 0 0 0 0 0 0 0 0.13147 0.13147
0.902 0.110945 0.0708286 0.101015 0.101015 0 0.0138742 0 0.00624885 0.0134092 0 0.0338566 0.0338566 0.0665529 0.106007 0 0 0 0.00252044 0 0 0 0 0 0 0 0 0 0 0 0 0 0 0 0 0.130997 0.130997
0.9 0.110986 0.0708635 0.10125 0.10125 0 0.0139195 0 0.00634873 0.0130076 0 0.0334887 0.0334887 0.0664464 0.105885 0 0 0 0.00227791 0 0 0 0 0 0 0 0 0 0 0 0 0 0 0 0 0.130528 0.130528
0.898 0.111027 0.0708996 0.101486 0.101486 0 0.0139651 0 0.00644807 0.0125951 0 0.0331245 0.0331245 0.066342 0.105765 0 0 0 0.00202245 0 0 0 0 0 0 0 0 0 0 0 0 0 0 0 0 0.130064 0.130064
0.896 0.111071 0.0709367 0.101722 0.101722 0 0.014011 0 0.00654703 0.0121708 0 0.0327642 0.0327642 0.0662404 0.105649 0 0 0 0.00175178 0 0 0 0 0 0 0 0 0 0 0 0 0 0 0 0 0.129604 0.129604
0.894 0.111115 0.0709751 0.101958 0.101958 0 0.0140575 0 0.0066458 0.0117338 0 0.0324083 0.0324083 0.0661423 0.105537 0 0 0 0.00146286 0 0 0 0 0 0 0 0 0 0 0 0 0 0 0 0 0.129151 0.129151
0.892 0.111162 0.0710147 0.102194 0.102194 0 0.0141045 0 0.00674466 0.0112826 0 0.0320571 0.0320571 0.066049 0.10543 0 0 0 0.00115156 0 0 0 0 0 0 0 0 0 0 0 0 0 0 0 0 0.128704 0.128704
0.89 0.111209 0.0710555 0.10243 0.10243 0 0.0141522 0 0.00684397 0.0108157 0 0.0317114 0.0317114 0.0659623 0.105331 0 0 0 0.00081192 0 0 0 0 0 0 0 0 0 0 0 0 0 0 0 0 0.128265 0.128265
0.888 0.111258 0.0710975 0.102667 0.102667 0 0.014201 0 0.00694428 0.0103313 0 0.0313722 0.0313722 0.0658851 0.105243 0 0 0 0.000434815 0 0 0 0 0 0 0 0 0 0 0 0 0 0 0 0 0.127835 0.127835
0.886 0.111308 0.0711402 0.102904 0.102904 0 0.0142513 0 0.00704653 0.00982695 0 0.031041 0.031041 0.0658223 0.105172 0 0 0 4.95494e-06 0 0 0 0 0 0 0 0 0 0 0 0 0 0 0 0 0.127418 0.127418
0.884 0.111392 0.0712126 0.103145 0.103145 0 0.0142875 0 0.00711944 0.00931766 0 0.0306782 0.0306782 0.065609 0.104928 0 0 0 0 0 0 0 0 0 0 0 0 0 0 0 0 0 0 0 0 0.126947 0.126947
0.882 0.111482 0.0712898 0.103387 0.103387 0 0.0143233 0 0.007191 0.00878652 0 0.0303194 0.0303194 0.0653889 0.104677 0 0 0 0 0 0 0 0 0 0 0 0 0 0 0 0 0 0 0 0 0.126481 0.126481
0.88 0.111578 0.0713724 0.10363 0.10363 0 0.0143588 0 0.00726149 0.00823032 0 0.0299655 0.0299655 0.0651628 0.10442 0 0 0 0 0 0 0 0 0 0 0 0 0 0 0 0 0 0 0 0 0.126023 0.126023
0.878 0.111682 0.0714612 0.103874 0.103874 0 0.014394 0 0.00733084 0.00764522 0 0.0296171 0.0296171 0.0649301 0.104156 0 0 0 0 0 0 0 0 0 0 0 0 0 0 0 0 0 0 0 0 0.125572 0.125572
0.876 0.111794 0.0715573 0.10412 0.10412 0 0.0144288 0 0.00739897 0.0070263 0 0.0292749 0.0292749 0.0646897 0.103883 0 0 0 0 0 0 0 0 0 0 0 0 0 0 0 0 0 0 0 0 0.12513 0.12513
0.874 0.111917 0.0716625 0.104368 0.104368 0 0.0144632 0 0.00746575 0.00636706 0 0.0289397 0.0289397 0.0644402 0.1036 0 0 0 0 0 0 0 0 0 0 0 0 0 0 0 0 0 0 0 0 0.124699 0.124699
0.872 0.112053 0.0717787 0.104619 0.104619 0 0.0144969 0 0.007531 0.0056586 0 0.028613 0.028613 0.0641798 0.103305 0 0 0 0 0 0 0 0 0 0 0 0 0 0 0 0 0 0 0 0 0.124281 0.124281
0.87 0.112205 0.0719092 0.104872 0.104872 0 0.01453 0 0.00759446 0.00488814 0 0.0282965 0.0282965 0.0639057 0.102995 0 0 0 0 0 0 0 0 0 0 0 0 0 0 0 0 0 0 0 0 0.12388 0.12388
0.868 0.11238 0.0720586 0.10513 0.10513 0 0.0145621 0 0.00765572 0.00403618 0 0.0279931 0.0279931 0.0636139 0.102665 0 0 0 0 0 0 0 0 0 0 0 0 0 0 0 0 0 0 0 0 0.1235 0.1235
0.866 0.112585 0.0722347 0.105394 0.105394 0 0.0145929 0 0.00771405 0.00307011 0 0.0277076 0.0277076 0.0632976 0.102309 0 0 0 0 0 0 0 0 0 0 0 0 0 0 0 0 0 0 0 0 0.123151 0.123151
0.864 0.112841 0.0724528 0.105666 0.105666 0 0.0146215 0 0.00776807 0.00192716 0 0.0274492 0.0274492 0.0629435 0.10191 0 0 0 0 0 0 0 0 0 0 0 0 0 0 0 0 0 0 0 0 0.122848 0.122848
0.862 0.113189 0.0727507 0.105955 0.105955 0 0.0146461 0 0.00781418 0.000449371 0 0.027241 0.027241 0.0625187 0.101433 0 0 0 0 0 0 0 0 0 0 0 0 0 0 0 0 0 0 0 0 0.122633 0.122633
0.86 0.113242 0.0727955 0.106196 0.106196 0 0.0146837 0 0.00788453 0 0 0.026885 0.026885 0.0623018 0.10119 0 0 0 0 0 0 0 0 0 0 0 0 0 0 0 0 0 0 0 0 0.122155 0.122155
0.858 0.113165 0.0727298 0.106415 0.106415 0 0.014727 0 0.00796494 0 0 0.0264652 0.0264652 0.0621761 0.10105 0 0 0 0 0 0 0 0 0 0 0 0 0 0 0 0 0 0 0 0 0.12156 0.12156
0.856 0.113087 0.072663 0.106634 0.106634 0 0.0147704 0 0.00804482 0 0 0.0260471 0.0260471 0.0620495 0.100908 0 0 0 0 0 0 0 0 0 0 0 0 0 0 0 0 0 0 0 0 0.120965 0.120965
0.854 0.113007 0.0725952 0.106853 0.106853 0 0.0148138 0 0.00812417 0 0 0.0256307 0.0256307 0.0619221 0.100766 0 0 0 0 0 0 0 0 0 0 0 0 0 0 0 0 0 0 0 0 0.120371 0.120371
0.852 0.112927 0.0725264 0.107072 0.107072 0 0.0148571 0 0.00820302 0 0 0.025216 0.025216 0.0617938 0.100623 0 0 0 0 0 0 0 0 0 0 0 0 0 0 0 0 0 0 0 0 0.119777 0.119777
0.85 0.112845 0.0724565 0.107291 0.107291 0 0.0149006 0 0.00828137 0 0 0.024803 0.024803 0.0616646 0.100479 0 0 0 0 0 0 0 0 0 0 0 0 0 0 0 0 0 0 0 0 0.119184 0.119184
0.848 0.112762 0.0723856 0.10751 0.10751 0 0.014944 0 0.00835925 0 0 0.0243918 0.0243918 0.0615345 0.100334 0 0 0 0 0 0 0 0 0 0 0 0 0 0 0 0 0 0 0 0 0.11859 0.11859
0.846 0.112678 0.0723136 0.107729 0.107729 0 0.0149874 0 0.00843666 0 0 0.0239823 0.0239823 0.0614034 0.100188 0 0 0 0 0 0 0 0 0 0 0 0 0 0 0 0 0 0 0 0 0.117997 0.117997
0.844 0.112592 0.0722405 0.107948 0.107948 0 0.0150309 0 0.00851362 0 0 0.0235747 0.0235747 0.0612715 0.100041 0 0 0 0 0 0 0 0 0 0 0 0 0 0 0 0 0 0 0 0 0.117404 0.117404
0.842 0.112506 0.0721664 0.108167 0.108167 0 0.0150743 0 0.00859014 0 0 0.0231688 0.0231688 0.0611385 0.0998932 0 0 0 0 0 0 0 0 0 0 0 0 0 0 0 0 0 0 0 0 0.116812 0.116812
0.84 0.112418 0.0720912 0.108386 0.108386 0 0.0151178 0 0.00866623 0 0 0.0227648 0.0227648 0.0610046 0.0997445 0 0 0 0 0 0 0 0 0 0 0 0 0 0 0 0 0 0 0 0 0.11622 0.11622
0.838 0.112328 0.0720148 0.108605 0.108605 0 0.0151613 0 0.00874191 0 0 0.0223627 0.0223627 0.0608696 0.0995948 0 0 0 0 0 0 0 0 0 0 0 0 0 0 0 0 0 0 0 0 0.115628 0.115628
0.836 0.112238 0.0719373 0.108824 0.108824 0 0.0152049 0 0.00881718 0 0 0.0219624 0.0219624 0.0607336 0.0994441 0 0 0 0 0 0 0 0 0 0 0 0 0 0 0 0 0 0 0 0 0.115037 0.115037
0.834 0.112146 0.0718587 0.109043 0.109043 0 0.0152484 0 0.00889206 0 0 0.021564 0.021564 0.0605965 0.0992924 0 0 0 0 0 0 0 0 0 0 0 0 0 0 0 0 0 0 0 0 0.114446 0.114446
0.832 0.112053 0.0717789 0.109262 0.109262 0 0.015292 0 0.00896655 0 0 0.0211676 0.0211676 0.0604584 0.0991396 0 0 0 0 0 0 0 0 0 0 0 0 0 0 0 0 0 0 0 0 0.113855 0.113855
0.83 0.111958 0.071698 0.109481 0.109481 0 0.0153356 0 0.00904067 0 0 0.0207732 0.0207732 0.0603191 0.0989858 0 0 0 0 0 0 0 0 0 0 0 0 0 0 0 0 0 0 0 0 0.113265 0.113265
0.828 0.111862 0.0716158 0.1097 0.1097 0 0.0153792 0 0.00911444 0 0 0.0203807 0.0203807 0.0601787 0.0988309 0 0 0 0 0 0 0 0 0 0 0 0 0 0 0 0 0 0 0 0 0.112675 0.112675
0.826 0.111765 0.0715325 0.109919 0.109919 0 0.0154228 0 0.00918784 0 0 0.0199902 0.0199902 0.0600372 0.098675 0 0 0 0 0 0 0 0 0 0 0 0 0 0 0 0 0 0 0 0 0.112085 0.112085
0.824 0.111667 0.0714479 0.110139 0.110139 0 0.0154664 0 0.00926091 0 0 0.0196018 0.0196018 0.0598945 0.0985179 0 0 0 0 0 0 0 0 0 0 0 0 0 0 0 0 0 0 0 0 0.111496 0.111496
0.822 0.111566 0.0713621 0.110358 0.110358 0 0.0155101 0 0.00933364 0 0 0.0192155 0.0192155 0.0597505 0.0983596 0 0 0 0 0 0 0 0 0 0 0 0 0 0 0 0 0 0 0 0 0.110907 0.110907
0.82 0.111465 0.071275 0.110577 0.110577 0 0.0155538 0 0.00940605 0 0 0.0188312 0.0188312 0.0596053 0.0982002 0 0 0 0 0 0 0 0 0 0 0 0 0 0 0 0 0 0 0 0 0.110319 0.110319
0.818 0.111362 0.0711866 0.110796 0.110796 0 0.0155975 0 0.00947815 0 0 0.0184491 0.0184491 0.0594589 0.0980396 0 0 0 0 0 0 0 0 0 0 0 0 0 0 0 0 0 0 0 0 0.109731 0.109731
0.816 0.111257 0.0710969 0.111016 0.111016 0 0.0156412 0 0.00954994 0 0 0.0180691 0.0180691 0.0593111 0.0978777 0 0 0 0 0 0 0 0 0 0 0 0 0 0 0 0 0 0 0 0 0.109143 0.109143
0.814 0.111151 0.0710059 0.111235 0.111235 0 0.0156849 0 0.00962144 0 0 0.0176913 0.0176913 0.0591621 0.0977147 0 0 0 0 0 0 0 0 0 0 0 0 0 0 0 0 0 0 0 0 0.108556 0.108556
0.812 0.111044 0.0709136 0.111455 0.111455 0 0.0157287 0 0.00969265 0 0 0.0173157 0.0173157 0.0590116 0.0975503 0 0 0 0 0 0 0 0 0 0 0 0 0 0 0 0 0 0 0 0 0.10797 0.10797
0.81 0.110935 0.0708199 0.111675 0.111675 0 0.0157725 0 0.00976359 0 0 0.0169424 0.0169424 0.0588598 0.0973847 0 0 0 0 0 0 0 0 0 0 0 0 0 0 0 0 0 0 0 0 0.107383 0.107383
0.808 0.110824 0.0707247 0.111895 0.111895 0 0.0158164 0 0.00983425 0 0 0.0165713 0.0165713 0.0587065 0.0972177 0 0 0 0 0 0 0 0 0 0 0 0 0 0 0 0 0 0 0 0 0.106798 0.106798
0.806 0.110712 0.0706282 0.112114 0.112114 0 0.0158603 0 0.00990466 0 0 0.0162026 0.0162026 0.0585518 0.0970494 0 0 0 0 0 0 0 0 0 0 0 0 0 0 0 0 0 0 0 0 0.106212 0.106212
0.804 0.110598 0.0705302 0.112335 0.112335 0 0.0159042 0 0.00997482 0 0 0.0158362 0.0158362 0.0583955 0.0968797 0 0 0 0 0 0 0 0 0 0 0 0 0 0 0 0 0 0 0 0 0.105628 0.105628
0.802 0.110482 0.0704307 0.112555 0.112555 0 0.0159481 0 0.0100447 0 0 0.0154722 0.0154722 0.0582377 0.0967086 0 0 0 0 0 0 0 0 0 0 0 0 0 0 0 0 0 0 0 0 0.105044 0.105044
0.8 0.110365 0.0703296 0.112775 0.112775 0 0.0159921 0 0.0101144 0 0 0.0151106 0.0151106 0.0580783 0.096536 0 0 0 0 0 0 0 0 0 0 0 0 0 0 0 0 0 0 0 0 0.10446 0.10446
0.798 0.110245 0.0702271 0.112996 0.112996 0 0.0160361 0 0.0101839 0 0 0.0147515 0.0147515 0.0579172 0.096362 0 0 0 0 0 0 0 0 0 0 0 0 0 0 0 0 0 0 0 0 0.103877 0.103877
0.796 0.110124 0.0701229 0.113217 0.113217 0 0.0160802 0 0.0102531 0 0 0.014395 0.014395 0.0577545 0.0961864 0 0 0 0 0 0 0 0 0 0 0 0 0 0 0 0 0 0 0 0 0.103294 0.103294
0.794 0.110002 0.0700172 0.113438 0.113438 0 0.0161243 0 0.0103222 0 0 0.0140409 0.0140409 0.05759 0.0960093 0 0 0 0 0 0 0 0 0 0 0 0 0 0 0 0 0 0 0 0 0.102712 0.102712
0.792 0.109877 0.0699098 0.113659 0.113659 0 0.0161685 0 0.010391 0 0 0.0136895 0.0136895 0.0574238 0.0958306 0 0 0 0 0 0 0 0 0 0 0 0 0 0 0 0 0 0 0 0 0.102131 0.102131
0.79 0.10975 0.0698007 0.113881 0.113881 0 0.0162127 0 0.0104597 0 0 0.0133406 0.0133406 0.0572557 0.0956502 0 0 0 0 0 0 0 0 0 0 0 0 0 0 0 0 0 0 0 0 0.10155 0.10155
0.788 0.109622 0.0696898 0.114103 0.114103 0 0.016257 0 0.0105282 0 0 0.0129945 0.0129945 0.0570856 0.0954682 0 0 0 0 0 0 0 0 0 0 0 0 0 0 0 0 0 0 0 0 0.10097 0.10097
0.786 0.109491 0.0695772 0.114325 0.114325 0 0.0163013 0 0.0105966 0 0 0.0126511 0.0126511 0.0569136 0.0952844 0 0 0 0 0 0 0 0 0 0 0 0 0 0 0 0 0 0 0 0 0.100391 0.100391
0.784 0.109359 0.0694627 0.114547 0.114547 0 0.0163457 0 0.0106647 0 0 0.0123105 0.0123105 0.0567396 0.0950989 0 0 0 0 0 0 0 0 0 0 0 0 0 0 0 0 0 0 0 0 0.0998125 0.0998125
0.782 0.109224 0.0693464 0.11477 0.11477 0 0.0163902 0 0.0107328 0 0 0.0119726 0.0119726 0.0565635 0.0949115 0 0 0 0 0 0 0 0 0 0 0 0 0 0 0 0 0 0 0 0 0.0992347 0.0992347
0.78 0.109087 0.0692281 0.114993 0.114993 0 0.0164347 0 0.0108007 0 0 0.0116377 0.0116377 0.0563851 0.0947222 0 0 0 0 0 0 0 0 0 0 0 0 0 0 0 0 0 0 0 0 0.0986578 0.0986578
0.778 0.108948 0.0691078 0.115217 0.115217 0 0.0164794 0 0.0108685 0 0 0.0113057 0.0113057 0.0562045 0.094531 0 0 0 0 0 0 0 0 0 0 0 0 0 0 0 0 0 0 0 0 0.0980817 0.0980817
0.776 0.108806 0.0689855 0.115441 0.115441 0 0.0165241 0 0.0109362 0 0 0.0109767 0.0109767 0.0560215 0.0943378 0 0 0 0 0 0 0 0 0 0 0 0 0 0 0 0 0 0 0 0 0.0975065 0.0975065
0.774 0.108662 0.068861 0.115666 0.115666 0 0.016569 0 0.0110039 0 0 0.0106508 0.0106508 0.0558361 0.0941426 0 0 0 0 0 0 0 0 0 0 0 0 0 0 0 0 0 0 0 0 0.0969323 0.0969323
0.772 0.108516 0.0687344 0.115891 0.115891 0 0.0166139 0 0.0110714 0 0 0.010328 0.010328 0.0556481 0.0939451 0 0 0 0 0 0 0 0 0 0 0 0 0 0 0 0 0 0 0 0 0.0963591 0.0963591
0.77 0.108367 0.0686054 0.116117 0.116117 0 0.016659 0 0.011139 0 0 0.0100084 0.0100084 0.0554574 0.0937455 0 0 0 0 0 0 0 0 0 0 0 0 0 0 0 0 0 0 0 0 0.0957869 0.0957869
0.768 0.108215 0.0684741 0.116344 0.116344 0 0.0167042 0 0.0112064 0 0 0.009692 0.009692 0.0552639 0.0935436 0 0 0 0 0 0 0 0 0 0 0 0 0 0 0 0 0 0 0 0 0.0952159 0.0952159
0.766 0.108061 0.0683404 0.116571 0.116571 0 0.0167495 0 0.0112739 0 0 0.00937895 0.00937895 0.0550675 0.0933392 0 0 0 0 0 0 0 0 0 0 0 0 0 0 0 0 0 0 0 0 0.0946461 0.0946461
0.764 0.107904 0.0682041 0.116799 0.116799 0 0.016795 0 0.0113414 0 0 0.00906931 0.00906931 0.054868 0.0931323 0 0 0 0 0 0 0 0 0 0 0 0 0 0 0 0 0 0 0 0 0.0940776 0.0940776
0.762 0.107744 0.0680651 0.117028 0.117028 0 0.0168407 0 0.0114089 0 0 0.00876316 0.00876316 0.0546652 0.0929229 0 0 0 0 0 0 0 0 0 0 0 0 0 0 0 0 0 0 0 0 0.0935105 0.0935105
0.76 0.10758 0.0679233 0.117258 0.117258 0 0.0168865 0 0.0114765 0 0 0.00846059 0.00846059 0.054459 0.0927107 0 0 0 0 0 0 0 0 0 0 0 0 0 0 0 0 0 0 0 0 0.0929449 0.0929449
0.758 0.107414 0.0677786 0.117489 0.117489 0 0.0169326 0 0.0115442 0 0 0.00816169 0.00816169 0.0542491 0.0924956 0 0 0 0 0 0 0 0 0 0 0 0 0 0 0 0 0 0 0 0 0.0923809 0.0923809
0.756 0.107244 0.0676308 0.117721 0.117721 0 0.0169789 0 0.011612 0 0 0.00786656 0.00786656 0.0540353 0.0922775 0 0 0 0 0 0 0 0 0 0 0 0 0 0 0 0 0 0 0 0 0.0918187 0.0918187
0.754 0.10707 0.0674798 0.117955 0.117955 0 0.0170255 0 0.0116799 0 0 0.00757531 0.00757531 0.0538174 0.0920563 0 0 0 0 0 0 0 0 0 0 0 0 0 0 0 0 0 0 0 0 0.0912585 0.0912585
0.752 0.106892 0.0673252 0.118189 0.118189 0 0.0170723 0 0.0117481 0 0 0.00728805 0.00728805 0.053595 0.0918316 0 0 0 0 0 0 0 0 0 0 0 0 0 0 0 0 0 0 0 0 0.0907003 0.0907003
0.75 0.106711 0.067167 0.118426 0.118426 0 0.0171195 0 0.0118166 0 0 0.00700492 0.00700492 0.0533679 0.0916033 0 0 0 0 0 0 0 0 0 0 0 0 0 0 0 0 0 0 0 0 0.0901445 0.0901445
0.748 0.106701 0.0671582 0.118454 0.118454 0 0.0171224 0 0.0118208 0 0 0.00698148 0.00698148 0.0533258 0.0915613 0 0 0 0 0 0 0 0 0 0 0 0 0 0 0 0 0 0 0 0 0.0900972 0.0900972
0.746 0.106692 0.0671502 0.118461 0.118461 0 0.0171236 0 0.0118225 0 0 0.00697162 0.00697162 0.0533159 0.0915513 0 0 0 0 0 0 0 0 0 0 0 0 0 0 0 0 0 0 0 0 0.0900771 0.0900771
0.744 0.106341 0.066845 0.118998 0.118998 0 0.0172268 0 0.0119715 0 0 0.00610165 0.00610165 0.0529494 0.0910684 0 0 0 0 0 0 0 0 0 0 0 0 0 0 0 0 0 0 0 0 0.0882986 0.0882986
0.742 0.106222 0.0667411 0.119182 0.119182 0 0.017261 0 0.0120206 0 0 0.00580542 0.00580542 0.0528184 0.0908933 0 0 0 0 0 0 0 0 0 0 0 0 0 0 0 0 0 0 0 0 0.0876755 0.0876755
0.74 0.106101 0.0666356 0.119365 0.119365 0 0.017295 0 0.0120695 0 0 0.00551332 0.00551332 0.052686 0.0907164 0 0 0 0 0 0 0 0 0 0 0 0 0 0 0 0 0 0 0 0 0.087052 0.087052
0.738 0.105979 0.0665284 0.119548 0.119548 0 0.017329 0 0.0121181 0 0 0.00522547 0.00522547 0.0525522 0.0905378 0 0 0 0 0 0 0 0 0 0 0 0 0 0 0 0 0 0 0 0 0.0864282 0.0864282
0.736 0.105854 0.0664195 0.11973 0.11973 0 0.0173628 0 0.0121664 0 0 0.00494201 0.00494201 0.052417 0.0903574 0 0 0 0 0 0 0 0 0 0 0 0 0 0 0 0 0 0 0 0 0.085804 0.085804
0.734 0.105727 0.0663089 0.119912 0.119912 0 0.0173965 0 0.0122145 0 0 0.00466304 0.00466304 0.0522804 0.090175 0 0 0 0 0 0 0 0 0 0 0 0 0 0 0 0 0 0 0 0 0.0851793 0.0851793
0.732 0.105599 0.0661964 0.120093 0.120093 0 0.0174301 0 0.0122623 0 0 0.00438871 0.00438871 0.0521423 0.0899908 0 0 0 0 0 0 0 0 0 0 0 0 0 0 0 0 0 0 0 0 0.0845542 0.0845542
0.73 0.105468 0.0660821 0.120273 0.120273 0 0.0174636 0 0.0123099 0 0 0.00411916 0.00411916 0.0520026 0.0898046 0 0 0 0 0 0 0 0 0 0 0 0 0 0 0 0 0 0 0 0 0.0839287 0.0839287
0.728 0.105335 0.0659659 0.120453 0.120453 0 0.017497 0 0.0123571 0 0 0.00385455 0.00385455 0.0518613 0.0896164 0 0 0 0 0 0 0 0 0 0 0 0 0 0 0 0 0 0 0 0 0.0833026 0.0833026
0.726 0.105201 0.0658477 0.120633 0.120633 0 0.0175302 0 0.0124041 0 0 0.00359503 0.00359503 0.0517184 0.0894261 0 0 0 0 0 0 0 0 0 0 0 0 0 0 0 0 0 0 0 0 0.082676 0.082676
0.724 0.105063 0.0657275 0.120811 0.120811 0 0.0175633 0 0.0124508 0 0 0.0033408 0.0033408 0.0515739 0.0892336 0 0 0 0 0 0 0 0 0 0 0 0 0 0 0 0 0 0 0 0 0.0820488 0.0820488
0.722 0.104924 0.0656053 0.120989 0.120989 0 0.0175962 0 0.0124972 0 0 0.00309203 0.00309203 0.0514276 0.089039 0 0 0 0 0 0 0 0 0 0 0 0 0 0 0 0 0 0 0 0 0.0814209 0.0814209
0.72 0.104782 0.0654809 0.121166 0.121166 0 0.017629 0 0.0125434 0 0 0.00284893 0.00284893 0.0512795 0.088842 0 0 0 0 0 0 0 0 0 0 0 0 0 0 0 0 0 0 0 0 0.0807924 0.0807924
0.718 0.104638 0.0653543 0.121343 0.121343 0 0.0176617 0 0.0125892 0 0 0.00261174 0.00261174 0.0511295 0.0886427 0 0 0 0 0 0 0 0 0 0 0 0 0 0 0 0 0 0 0 0 0.0801631 0.0801631
0.716 0.104491 0.0652254 0.121519 0.121519 0 0.0176942 0 0.0126348 0 0 0.00238069 0.00238069 0.0509777 0.088441 0 0 0 0 0 0 0 0 0 0 0 0 0 0 0 0 0 0 0 0 0.079533 0.079533
0.714 0.104342 0.0650941 0.121694 0.121694 0 0.0177265 0 0.0126801 0 0 0.00215607 0.00215607 0.0508238 0.0882367 0 0 0 0 0 0 0 0 0 0 0 0 0 0 0 0 0 0 0 0 0.078902 0.078902
0.712 0.10419 0.0649604 0.121868 0.121868 0 0.0177587 0 0.012725 0 0 0.00193816 0.00193816 0.0506679 0.0880298 0 0 0 0 0 0 0 0 0 0 0 0 0 0 0 0 0 0 0 0 0.0782701 0.0782701
0.71 0.104035 0.0648241 0.122041 0.122041 0 0.0177907 0 0.0127697 0 0 0.0017273 0.0017273 0.0505098 0.0878201 0 0 0 0 0 0 0 0 0 0 0 0 0 0 0 0 0 0 0 0 0.0776371 0.0776371
0.708 0.103877 0.0646851 0.122214 0.122214 0 0.0178226 0 0.012814 0 0 0.00152386 0.00152386 0.0503495 0.0876075 0 0 0 0 0 0 0 0 0 0 0 0 0 0 0 0 0 0 0 0 0.0770029 0.0770029
0.706 0.103716 0.0645432 0.122385 0.122385 0 0.0178543 0 0.012858 0 0 0.00132828 0.00132828 0.0501868 0.0873919 0 0 0 0 0 0 0 0 0 0 0 0 0 0 0 0 0 0 0 0 0.0763675 0.0763675
0.704 0.103552 0.0643985 0.122555 0.122555 0 0.0178857 0 0.0129017 0 0 0.00114103 0.00114103 0.0500216 0.0871732 0 0 0 0 0 0 0 0 0 0 0 0 0 0 0 0 0 0 0 0 0.0757307 0.0757307
0.702 0.103385 0.0642506 0.122725 0.122725 0 0.017917 0 0.012945 0 0 0.000962692 0.000962692 0.0498538 0.0869511 0 0 0 0 0 0 0 0 0 0 0 0 0 0 0 0 0 0 0 0 0.0750923 0.0750923
0.7 0.103214 0.0640994 0.122893 0.122893 0 0.0179481 0 0.012988 0 0 0.000793924 0.000793924 0.0496832 0.0867254 0 0 0 0 0 0 0 0 0 0 0 0 0 0 0 0 0 0 0 0 0.074452 0.074452
0.698 0.103039 0.0639447 0.12306 0.12306 0 0.0179789 0 0.0130306 0 0 0.000635539 0.000635539 0.0495096 0.086496 0 0 0 0 0 0 0 0 0 0 0 0 0 0 0 0 0 0 0 0 0.0738098 0.0738098
0.696 0.10286 0.0637861 0.123226 0.123226 0 0.0180095 0 0.0130728 0 0 0.000488542 0.000488542 0.0493327 0.0862624 0 0 0 0 0 0 0 0 0 0 0 0 0 0 0 0 0 0 0 0 0.0731652 0.0731652
0.694 0.102676 0.0636234 0.12339 0.12339 0 0.0180399 0 0.0131146 0 0 0.000354225 0.000354225 0.0491524 0.0860243 0 0 0 0 0 0 0 0 0 0 0 0 0 0 0 0 0 0 0 0 0.0725178 0.0725178
0.692 0.102487 0.0634561 0.123552 0.123552 0 0.0180699 0 0.0131559 0 0 0.000234343 0.000234343 0.0489681 0.0857812 0 0 0 0 0 0 0 0 0 0 0 0 0 0 0 0 0 0 0 0 0.071867 0.071867
0.69 0.102293 0.0632834 0.123713 0.123713 0 0.0180997 0 0.0131967 0 0 0.000131478 0.000131478 0.0487794 0.0855323 0 0 0 0 0 0 0 0 0 0 0 0 0 0 0 0 0 0 0 0 0.071212 0.071212
0.688 0.102091 0.0631044 0.12387 0.12387 0 0.018129 0 0.0132369 0 0 5.0026e-05 5.0026e-05 0.0485852 0.0852765 0 0 0 0 0 0 0 0 0 0 0 0 0 0 0 0 0 0 0 0 0.0705512 0.0705512
0.686 0.10188 0.0629163 0.124023 0.124023 0 0.0181578 0 0.0132763 0 0 1.16457e-06 1.16457e-06 0.0483833 0.0850107 0 0 0 0 0 0 0 0 0 0 0 0 0 0 0 0 0 0 0 0 0.0698804 0.0698804
0.684 0.101654 0.0627155 0.12417 0.12417 0 0.0181858 0 0.0133146 0 0 0 0 0.0481705 0.0847308 0 0 0 0 0 0 0 0 0 0 0 0 0 0 0 0 0 0 0 0 0.0691943 0.0691943
0.682 0.101426 0.0625125 0.124318 0.124318 0 0.0182137 0 0.0133527 0 0 0 0 0.0479559 0.0844488 0 0 0 0 0 0 0 0 0 0 0 0 0 0 0 0 0 0 0 0 0.0685105 0.0685105
0.68 0.101197 0.0623077 0.124466 0.124466 0 0.0182415 0 0.0133906 0 0 0 0 0.0477399 0.0841651 0 0 0 0 0 0 0 0 0 0 0 0 0 0 0 0 0 0 0 0 0.0678296 0.0678296
0.678 0.100966 0.062101 0.124614 0.124614 0 0.0182692 0 0.0134282 0 0 0 0 0.0475223 0.0838796 0 0 0 0 0 0 0 0 0 0 0 0 0 0 0 0 0 0 0 0 0.0671515 0.0671515
0.676 0.100733 0.0618924 0.124763 0.124763 0 0.0182967 0 0.0134656 0 0 0 0 0.047303 0.0835922 0 0 0 0 0 0 0 0 0 0 0 0 0 0 0 0 0 0 0 0 0.0664764 0.0664764
0.674 0.100498 0.0616817 0.124914 0.124914 0 0.0183241 0 0.0135028 0 0 0 0 0.0470822 0.0833029 0 0 0 0 0 0 0 0 0 0 0 0 0 0 0 0 0 0 0 0 0.0658042 0.0658042
0.672 0.100261 0.0614691 0.125064 0.125064 0 0.0183513 0 0.0135398 0 0 0 0 0.0468596 0.0830116 0 0 0 0 0 0 0 0 0 0 0 0 0 0 0 0 0 0 0 0 0.0651351 0.0651351
0.67 0.100022 0.0612543 0.125216 0.125216 0 0.0183784 0 0.0135765 0 0 0 0 0.0466354 0.0827184 0 0 0 0 0 0 0 0 0 0 0 0 0 0 0 0 0 0 0 0 0.064469 0.064469
0.668 0.0997809 0.0610374 0.125368 0.125368 0 0.0184054 0 0.013613 0 0 0 0 0.0464094 0.0824232 0 0 0 0 0 0 0 0 0 0 0 0 0 0 0 0 0 0 0 0 0.0638061 0.0638061
0.666 0.0995379 0.0608182 0.125522 0.125522 0 0.0184322 0 0.0136492 0 0 0 0 0.0461815 0.0821259 0 0 0 0 0 0 0 0 0 0 0 0 0 0 0 0 0 0 0 0 0.0631464 0.0631464
0.664 0.0992927 0.0605968 0.125676 0.125676 0 0.0184589 0 0.0136852 0 0 0 0 0.0459519 0.0818264 0 0 0 0 0 0 0 0 0 0 0 0 0 0 0 0 0 0 0 0 0.0624899 0.0624899
0.662 0.0990454 0.0603731 0.125831 0.125831 0 0.0184854 0 0.0137209 0 0 0 0 0.0457203 0.0815248 0 0 0 0 0 0 0 0 0 0 0 0 0 0 0 0 0 0 0 0 0.0618367 0.0618367
0.66 0.0987959 0.0601469 0.125988 0.125988 0 0.0185117 0 0.0137564 0 0 0 0 0.0454868 0.0812209 0 0 0 0 0 0 0 0 0 0 0 0 0 0 0 0 0 0 0 0 0.0611869 0.0611869
0.658 0.0985441 0.0599183 0.126145 0.126145 0 0.0185378 0 0.0137915 0 0 0 0 0.0452512 0.0809147 0 0 0 0 0 0 0 0 0 0 0 0 0 0 0 0 0 0 0 0 0.0605406 0.0605406
0.656 0.0982899 0.0596871 0.126304 0.126304 0 0.0185638 0 0.0138264 0 0 0 0 0.0450136 0.0806062 0 0 0 0 0 0 0 0 0 0 0 0 0 0 0 0 0 0 0 0 0.0598978 0.0598978
0.654 0.0980333 0.0594532 0.126464 0.126464 0 0.0185896 0 0.013861 0 0 0 0 0.0447739 0.0802952 0 0 0 0 0 0 0 0 0 0 0 0 0 0 0 0 0 0 0 0 0.0592586 0.0592586
0.652 0.0977743 0.0592166 0.126625 0.126625 0 0.0186152 0 0.0138953 0 0 0 0 0.0445319 0.0799816 0 0 0 0 0 0 0 0 0 0 0 0 0 0 0 0 0 0 0 0 0.0586231 0.0586231
0.65 0.0975126 0.0589771 0.126787 0.126787 0 0.0186406 0 0.0139293 0 0 0 0 0.0442876 0.0796655 0 0 0 0 0 0 0 0 0 0 0 0 0 0 0 0 0 0 0 0 0.0579914 0.0579914
0.648 0.0972484 0.0587347 0.126951 0.126951 0 0.0186657 0 0.013963 0 0 0 0 0.044041 0.0793466 0 0 0 0 0 0 0 0 0 0 0 0 0 0 0 0 0 0 0 0 0.0573637 0.0573637
0.646 0.0969813 0.0584891 0.127116 0.127116 0 0.0186907 0 0.0139963 0 0 0 0 0.0437919 0.0790249 0 0 0 0 0 0 0 0 0 0 0 0 0 0 0 0 0 0 0 0 0.0567399 0.0567399
0.644 0.0967115 0.0582403 0.127284 0.127284 0 0.0187154 0 0.0140292 0 0 0 0 0.0435403 0.0787003 0 0 0 0 0 0 0 0 0 0 0 0 0 0 0 0 0 0 0 0 0.0561203 0.0561203
0.642 0.0964386 0.0579882 0.127452 0.127452 0 0.0187398 0 0.0140618 0 0 0 0 0.043286 0.0783727 0 0 0 0 0 0 0 0 0 0 0 0 0 0 0 0 0 0 0 0 0.0555049 0.0555049
0.64 0.0961627 0.0577326 0.127623 0.127623 0 0.018764 0 0.014094 0 0 0 0 0.0430289 0.0780419 0 0 0 0 0 0 0 0 0 0 0 0 0 0 0 0 0 0 0 0 0.054894 0.054894
0.638 0.0958837 0.0574732 0.127796 0.127796 0 0.0187879 0 0.0141258 0 0 0 0 0.0427689 0.0777078 0 0 0 0 0 0 0 0 0 0 0 0 0 0 0 0 0 0 0 0 0.0542876 0.0542876
0.636 0.0956012 0.0572099 0.12797 0.12797 0 0.0188115 0 0.0141572 0 0 0 0 0.0425059 0.0773702 0 0 0 0 0 0 0 0 0 0 0 0 0 0 0 0 0 0 0 0 0.053686 0.053686
0.634 0.0953152 0.0569425 0.128148 0.128148 0 0.0188348 0 0.0141881 0 0 0 0 0.0422397 0.077029 0 0 0 0 0 0 0 0 0 0 0 0 0 0 0 0 0 0 0 0 0.0530893 0.0530893
0.632 0.0950256 0.0566708 0.128327 0.128327 0 0.0188577 0 0.0142185 0 0 0 0 0.04197 0.0766839 0 0 0 0 0 0 0 0 0 0 0 0 0 0 0 0 0 0 0 0 0.0524978 0.0524978
0.63 0.094732 0.0563944 0.128509 0.128509 0 0.0188802 0 0.0142484 0 0 0 0 0.0416969 0.0763347 0 0 0 0 0 0 0 0 0 0 0 0 0 0 0 0 0 0 0 0 0.0519117 0.0519117
0.628 0.0944343 0.056113 0.128695 0.128695 0 0.0189024 0 0.0142778 0 0 0 0 0.0414199 0.0759812 0 0 0 0 0 0 0 0 0 0 0 0 0 0 0 0 0 0 0 0 0.0513313 0.0513313
0.626 0.0941322 0.0558263 0.128883 0.128883 0 0.0189241 0 0.0143065 0 0 0 0 0.0411389 0.075623 0 0 0 0 0 0 0 0 0 0 0 0 0 0 0 0 0 0 0 0 0.0507569 0.0507569
0.624 0.0938254 0.0555338 0.129075 0.129075 0 0.0189453 0 0.0143346 0 0 0 0 0.0408535 0.0752598 0 0 0 0 0 0 0 0 0 0 0 0 0 0 0 0 0 0 0 0 0.0501889 0.0501889
0.622 0.0935136 0.0552351 0.129271 0.129271 0 0.018966 0 0.0143619 0 0 0 0 0.0405634 0.0748913 0 0 0 0 0 0 0 0 0 0 0 0 0 0 0 0 0 0 0 0 0.0496277 0.0496277
0.62 0.0931962 0.0549296 0.129471 0.129471 0 0.0189862 0 0.0143885 0 0 0 0 0.0402683 0.0745169 0 0 0 0 0 0 0 0 0 0 0 0 0 0 0 0 0 0 0 0 0.0490738 0.0490738
0.618 0.0928728 0.0546166 0.129676 0.129676 0 0.0190056 0 0.0144142 0 0 0 0 0.0399676 0.0741361 0 0 0 0 0 0 0 0 0 0 0 0 0 0 0 0 0 0 0 0 0.0485279 0.0485279
0.616 0.0925428 0.0542952 0.129886 0.129886 0 0.0190244 0 0.0144389 0 0 0 0 0.0396607 0.0737482 0 0 0 0 0 0 0 0 0 0 0 0 0 0 0 0 0 0 0 0 0.0479906 0.0479906
0.614 0.0922054 0.0539644 0.130103 0.130103 0 0.0190422 0 0.0144624 0 0 0 0 0.039347 0.0733524 0 0 0 0 0 0 0 0 0 0 0 0 0 0 0 0 0 0 0 0 0.0474629 0.0474629
0.612 0.0918596 0.0536229 0.130326 0.130326 0 0.0190591 0 0.0144847 0 0 0 0 0.0390255 0.0729475 0 0 0 0 0 0 0 0 0 0 0 0 0 0 0 0 0 0 0 0 0.046946 0.046946
0.61 0.0915144 0.0532828 0.130549 0.130549 0 0.0190765 0 0.0145075 0 0 0 0 0.0387041 0.0725435 0 0 0 0 0 0 0 0 0 0 0 0 0 0 0 0 0 0 0 0 0.0464289 0.0464289
0.608 0.0912958 0.0531195 0.130648 0.130648 0 0.0191144 0 0.0145573 0 0 0 0 0.0384958 0.0722821 0 0 0 0 0 0 0 0 0 0 0 0 0 0 0 0 0 0 0 0 0.0457551 0.0457551
0.606 0.0910757 0.0529548 0.130748 0.130748 0 0.0191524 0 0.0146071 0 0 0 0 0.0382861 0.0720194 0 0 0 0 0 0 0 0 0 0 0 0 0 0 0 0 0 0 0 0 0.0450842 0.0450842
0.604 0.0908538 0.0527888 0.130847 0.130847 0 0.0191902 0 0.0146567 0 0 0 0 0.0380751 0.0717552 0 0 0 0 0 0 0 0 0 0 0 0 0 0 0 0 0 0 0 0 0.0444163 0.0444163
0.602 0.0906303 0.0526215 0.130947 0.130947 0 0.0192281 0 0.0147063 0 0 0 0 0.0378625 0.0714896 0 0 0 0 0 0 0 0 0 0 0 0 0 0 0 0 0 0 0 0 0.0437514 0.0437514
0.6 0.0904051 0.0524528 0.131046 0.131046 0 0.0192659 0 0.0147557 0 0 0 0 0.0376486 0.0712226 0 0 0 0 0 0 0 0 0 0 0 0 0 0 0 0 0 0 0 0 0.0430895 0.0430895
0.598 0.0901782 0.0522828 0.131145 0.131145 0 0.0193037 0 0.014805 0 0 0 0 0.0374331 0.070954 0 0 0 0 0 0 0 0 0 0 0 0 0 0 0 0 0 0 0 0 0.0424306 0.0424306
0.596 0.0899495 0.0521113 0.131245 0.131245 0 0.0193415 0 0.0148542 0 0 0 0 0.0372161 0.070684 0 0 0 0 0 0 0 0 0 0 0 0 0 0 0 0 0 0 0 0 0.0417748 0.0417748
0.594 0.0897191 0.0519384 0.131344 0.131344 0 0.0193792 0 0.0149033 0 0 0 0 0.0369976 0.0704124 0 0 0 0 0 0 0 0 0 0 0 0 0 0 0 0 0 0 0 0 0.0411221 0.0411221
0.592 0.0894869 0.0517641 0.131443 0.131443 0 0.0194169 0 0.0149522 0 0 0 0 0.0367775 0.0701394 0 0 0 0 0 0 0 0 0 0 0 0 0 0 0 0 0 0 0 0 0.0404726 0.0404726
0.59 0.0892528 0.0515883 0.131543 0.131543 0 0.0194545 0 0.0150011 0 0 0 0 0.0365558 0.0698647 0 0 0 0 0 0 0 0 0 0 0 0 0 0 0 0 0 0 0 0 0.0398263 0.0398263
0.588 0.0890169 0.051411 0.131642 0.131642 0 0.0194922 0 0.0150499 0 0 0 0 0.0363325 0.0695885 0 0 0 0 0 0 0 0 0 0 0 0 0 0 0 0 0 0 0 0 0.0391832 0.0391832
0.586 0.0887791 0.0512321 0.131742 0.131742 0 0.0195298 0 0.0150986 0 0 0 0 0.0361075 0.0693107 0 0 0 0 0 0 0 0 0 0 0 0 0 0 0 0 0 0 0 0 0.0385433 0.0385433
0.584 0.0885394 0.0510518 0.131842 0.131842 0 0.0195674 0 0.0151472 0 0 0 0 0.0358809 0.0690312 0 0 0 0 0 0 0 0 0 0 0 0 0 0 0 0 0 0 0 0 0.0379068 0.0379068
0.582 0.0882978 0.0508699 0.131941 0.131941 0 0.019605 0 0.0151957 0 0 0 0 0.0356525 0.0687501 0 0 0 0 0 0 0 0 0 0 0 0 0 0 0 0 0 0 0 0 0.0372736 0.0372736
0.58 0.0880543 0.0506864 0.132041 0.132041 0 0.0196425 0 0.0152441 0 0 0 0 0.0354223 0.0684674 0 0 0 0 0 0 0 0 0 0 0 0 0 0 0 0 0 0 0 0 0.0366438 0.0366438
0.578 0.0878087 0.0505013 0.132141 0.132141 0 0.01968 0 0.0152924 0 0 0 0 0.0351904 0.0681829 0 0 0 0 0 0 0 0 0 0 0 0 0 0 0 0 0 0 0 0 0.0360174 0.0360174
0.576 0.0875611 0.0503145 0.132241 0.132241 0 0.0197175 0 0.0153406 0 0 0 0 0.0349566 0.0678967 0 0 0 0 0 0 0 0 0 0 0 0 0 0 0 0 0 0 0 0 0.0353944 0.0353944
0.574 0.0873115 0.0501261 0.132341 0.132341 0 0.019755 0 0.0153887 0 0 0 0 0.034721 0.0676088 0 0 0 0 0 0 0 0 0 0 0 0 0 0 0 0 0 0 0 0 0.034775 0.034775
0.572 0.0870598 0.0499359 0.132442 0.132442 0 0.0197924 0 0.0154368 0 0 0 0 0.0344834 0.0673191 0 0 0 0 0 0 0 0 0 0 0 0 0 0 0 0 0 0 0 0 0.0341591 0.0341591
0.57 0.086806 0.0497441 0.132542 0.132542 0 0.0198299 0 0.0154848 0 0 0 0 0.034244 0.0670275 0 0 0 0 0 0 0 0 0 0 0 0 0 0 0 0 0 0 0 0 0.0335468 0.0335468
0.568 0.08655 0.0495505 0.132643 0.132643 0 0.0198673 0 0.0155327 0 0 0 0 0.0340025 0.0667342 0 0 0 0 0 0 0 0 0 0 0 0 0 0 0 0 0 0 0 0 0.0329381 0.0329381
0.566 0.0862918 0.0493551 0.132744 0.132744 0 0.0199047 0 0.0155805 0 0 0 0 0.033759 0.066439 0 0 0 0 0 0 0 0 0 0 0 0 0 0 0 0 0 0 0 0 0.0323331 0.0323331
0.564 0.0860314 0.0491578 0.132846 0.132846 0 0.0199421 0 0.0156282 0 0 0 0 0.0335134 0.0661419 0 0 0 0 0 0 0 0 0 0 0 0 0 0 0 0 0 0 0 0 0.0317319 0.0317319
0.562 0.0857688 0.0489587 0.132948 0.132948 0 0.0199795 0 0.0156759 0 0 0 0 0.0332657 0.0658429 0 0 0 0 0 0 0 0 0 0 0 0 0 0 0 0 0 0 0 0 0.0311344 0.0311344
0.56 0.0855038 0.0487577 0.13305 0.13305 0 0.0200168 0 0.0157235 0 0 0 0 0.0330158 0.0655419 0 0 0 0 0 0 0 0 0 0 0 0 0 0 0 0 0 0 0 0 0.0305408 0.0305408
0.558 0.0852365 0.0485548 0.133152 0.133152 0 0.0200542 0 0.015771 0 0 0 0 0.0327637 0.0652389 0 0 0 0 0 0 0 0 0 0 0 0 0 0 0 0 0 0 0 0 0.029951 0.029951
0.556 0.0849668 0.0483499 0.133255 0.133255 0 0.0200916 0 0.0158185 0 0 0 0 0.0325093 0.064934 0 0 0 0 0 0 0 0 0 0 0 0 0 0 0 0 0 0 0 0 0.0293652 0.0293652
0.554 0.0846946 0.048143 0.133358 0.133358 0 0.0201289 0 0.015866 0 0 0 0 0.0322525 0.0646269 0 0 0 0 0 0 0 0 0 0 0 0 0 0 0 0 0 0 0 0 0.0287834 0.0287834
0.552 0.08442 0.047934 0.133462 0.133462 0 0.0201663 0 0.0159133 0 0 0 0 0.0319934 0.0643178 0 0 0 0 0 0 0 0 0 0 0 0 0 0 0 0 0 0 0 0 0.0282056 0.0282056
0.55 0.0841429 0.0477229 0.133566 0.133566 0 0.0202037 0 0.0159607 0 0 0 0 0.0317318 0.0640065 0 0 0 0 0 0 0 0 0 0 0 0 0 0 0 0 0 0 0 0 0.027632 0.027632
0.548 0.0838631 0.0475097 0.133671 0.133671 0 0.0202411 0 0.016008 0 0 0 0 0.0314676 0.0636931 0 0 0 0 0 0 0 0 0 0 0 0 0 0 0 0 0 0 0 0 0.0270625 0.0270625
0.546 0.0835807 0.0472943 0.133776 0.133776 0 0.0202785 0 0.0160553 0 0 0 0 0.0312009 0.0633775 0 0 0 0 0 0 0 0 0 0 0 0 0 0 0 0 0 0 0 0 0.0264972 0.0264972
0.544 0.0832957 0.0470767 0.133882 0.133882 0 0.0203159 0 0.0161026 0 0 0 0 0.0309315 0.0630596 0 0 0 0 0 0 0 0 0 0 0 0 0 0 0 0 0 0 0 0 0.0259362 0.0259362
0.542 0.0830079 0.0468568 0.133989 0.133989 0 0.0203534 0 0.0161498 0 0 0 0 0.0306593 0.0627394 0 0 0 0 0 0 0 0 0 0 0 0 0 0 0 0 0 0 0 0 0.0253796 0.0253796
0.54 0.0827173 0.0466345 0.134096 0.134096 0 0.0203909 0 0.016197 0 0 0 0 0.0303843 0.0624168 0 0 0 0 0 0 0 0 0 0 0 0 0 0 0 0 0 0 0 0 0.0248274 0.0248274
0.538 0.0824238 0.0464098 0.134204 0.134204 0 0.0204284 0 0.0162443 0 0 0 0 0.0301064 0.0620919 0 0 0 0 0 0 0 0 0 0 0 0 0 0 0 0 0 0 0 0 0.0242797 0.0242797
0.536 0.0821273 0.0461827 0.134313 0.134313 0 0.020466 0 0.0162915 0 0 0 0 0.0298255 0.0617645 0 0 0 0 0 0 0 0 0 0 0 0 0 0 0 0 0 0 0 0 0.0237366 0.0237366
0.534 0.0818279 0.045953 0.134423 0.134423 0 0.0205037 0 0.0163388 0 0 0 0 0.0295414 0.0614347 0 0 0 0 0 0 0 0 0 0 0 0 0 0 0 0 0 0 0 0 0.0231982 0.0231982
0.532 0.0815254 0.0457208 0.134534 0.134534 0 0.0205414 0 0.0163861 0 0 0 0 0.0292542 0.0611022 0 0 0 0 0 0 0 0 0 0 0 0 0 0 0 0 0 0 0 0 0.0226644 0.0226644
0.53 0.0812197 0.0454858 0.134646 0.134646 0 0.0205792 0 0.0164334 0 0 0 0 0.0289636 0.0607672 0 0 0 0 0 0 0 0 0 0 0 0 0 0 0 0 0 0 0 0 0.0221355 0.0221355
0.528 0.0809108 0.0452482 0.134759 0.134759 0 0.020617 0 0.0164808 0 0 0 0 0.0286696 0.0604295 0 0 0 0 0 0 0 0 0 0 0 0 0 0 0 0 0 0 0 0 0.0216115 0.0216115
0.526 0.0805985 0.0450077 0.134874 0.134874 0 0.020655 0 0.0165282 0 0 0 0 0.028372 0.060089 0 0 0 0 0 0 0 0 0 0 0 0 0 0 0 0 0 0 0 0 0.0210925 0.0210925
0.524 0.0802828 0.0447644 0.13499 0.13499 0 0.020693 0 0.0165758 0 0 0 0 0.0280707 0.0597457 0 0 0 0 0 0 0 0 0 0 0 0 0 0 0 0 0 0 0 0 0.0205786 0.0205786
0.522 0.0799636 0.044518 0.135107 0.135107 0 0.0207312 0 0.0166234 0 0 0 0 0.0277655 0.0593996 0 0 0 0 0 0 0 0 0 0 0 0 0 0 0 0 0 0 0 0 0.0200699 0.0200699
0.52 0.0796408 0.0442686 0.135225 0.135225 0 0.0207695 0 0.0166712 0 0 0 0 0.0274563 0.0590505 0 0 0 0 0 0 0 0 0 0 0 0 0 0 0 0 0 0 0 0 0.0195664 0.0195664
0.518 0.0793142 0.0440159 0.135346 0.135346 0 0.020808 0 0.0167191 0 0 0 0 0.0271429 0.0586983 0 0 0 0 0 0 0 0 0 0 0 0 0 0 0 0 0 0 0 0 0.0190684 0.0190684
0.516 0.0789837 0.04376 0.135468 0.135468 0 0.0208467 0 0.0167672 0 0 0 0 0.0268252 0.058343 0 0 0 0 0 0 0 0 0 0 0 0 0 0 0 0 0 0 0 0 0.018576 0.018576
0.514 0.0786492 0.0435006 0.135592 0.135592 0 0.0208855 0 0.0168154 0 0 0 0 0.0265028 0.0579845 0 0 0 0 0 0 0 0 0 0 0 0 0 0 0 0 0 0 0 0 0.0180892 0.0180892
0.512 0.0783105 0.0432377 0.135719 0.135719 0 0.0209246 0 0.0168639 0 0 0 0 0.0261757 0.0576227 0 0 0 0 0 0 0 0 0 0 0 0 0 0 0 0 0 0 0 0 0.0176082 0.0176082
0.51 0.0779676 0.0429711 0.135847 0.135847 0 0.0209639 0 0.0169127 0 0 0 0 0.0258434 0.0572574 0 0 0 0 0 0 0 0 0 0 0 0 0 0 0 0 0 0 0 0 0.0171331 0.0171331
0.508 0.0776201 0.0427006 0.135978 0.135978 0 0.0210035 0 0.0169617 0 0 0 0 0.0255058 0.0568885 0 0 0 0 0 0 0 0 0 0 0 0 0 0 0 0 0 0 0 0 0.0166642 0.0166642
0.506 0.0772679 0.0424261 0.136112 0.136112 0 0.0210433 0 0.0170111 0 0 0 0 0.0251626 0.0565159 0 0 0 0 0 0 0 0 0 0 0 0 0 0 0 0 0 0 0 0 0.0162015 0.0162015
0.504 0.0769109 0.0421474 0.136249 0.136249 0 0.0210836 0 0.0170608 0 0 0 0 0.0248134 0.0561394 0 0 0 0 0 0 0 0 0 0 0 0 0 0 0 0 0 0 0 0 0.0157453 0.0157453
0.502 0.0765486 0.0418643 0.136389 0.136389 0 0.0211242 0 0.017111 0 0 0 0 0.0244577 0.055759 0 0 0 0 0 0 0 0 0 0 0 0 0 0 0 0 0 0 0 0 0.0152958 0.0152958
0.5 0.076181 0.0415765 0.136533 0.136533 0 0.0211653 0 0.0171617 0 0 0 0 0.0240953 0.0553743 0 0 0 0 0 0 0 0 0 0 0 0 0 0 0 0 0 0 0 0 0.0148532 0.0148532
0.498 0.0758076 0.0412838 0.136681 0.136681 0 0.0212069 0 0.017213 0 0 0 0 0.0237255 0.0549852 0 0 0 0 0 0 0 0 0 0 0 0 0 0 0 0 0 0 0 0 0.0144178 0.0144178
0.496 0.0754282 0.0409859 0.136833 0.136833 0 0.0212491 0 0.0172649 0 0 0 0 0.0233479 0.0545915 0 0 0 0 0 0 0 0 0 0 0 0 0 0 0 0 0 0 0 0 0.0139899 0.0139899
0.494 0.0750423 0.0406823 0.136991 0.136991 0 0.0212919 0 0.0173176 0 0 0 0 0.0229616 0.0541928 0 0 0 0 0 0 0 0 0 0 0 0 0 0 0 0 0 0 0 0 0.0135698 0.0135698
0.492 0.0746494 0.0403728 0.137154 0.137154 0 0.0213355 0 0.0173712 0 0 0 0 0.0225661 0.0537889 0 0 0 0 0 0 0 0 0 0 0 0 0 0 0 0 0 0 0 0 0.0131578 0.0131578
0.49 0.0742491 0.0400568 0.137323 0.137323 0 0.02138 0 0.0174258 0 0 0 0 0.0221602 0.0533794 0 0 0 0 0 0 0 0 0 0 0 0 0 0 0 0 0 0 0 0 0.0127545 0.0127545
0.488 0.0742274 0.0400397 0.137348 0.137348 0 0.0213817 0 0.0174279 0 0 0 0 0.0221009 0.05332 0 0 0 0 0 0 0 0 0 0 0 0 0 0 0 0 0 0 0 0 0.0127267 0.0127267
0.486 0.0736542 0.0395862 0.1374 0.1374 0 0.021411 0 0.0174638 0 0 0 0 0.0217187 0.0526867 0 0 0 0 0 0 0 0 0 0 0 0 0 0 0 0 0 0 0 0 0.0117773 0.0117773
0.484 0.0733645 0.0393566 0.137422 0.137422 0 0.0214227 0 0.0174782 0 0 0 0 0.0215166 0.0523433 0 0 0 0 0 0 0 0 0 0 0 0 0 0 0 0 0 0 0 0 0.011287 0.011287
0.482 0.0730715 0.0391241 0.137445 0.137445 0 0.0214343 0 0.0174924 0 0 0 0 0.0213121 0.0519964 0 0 0 0 0 0 0 0 0 0 0 0 0 0 0 0 0 0 0 0 0.0108031 0.0108031
0.48 0.0727751 0.0388884 0.137467 0.137467 0 0.0214457 0 0.0175064 0 0 0 0 0.0211052 0.051646 0 0 0 0 0 0 0 0 0 0 0 0 0 0 0 0 0 0 0 0 0.0103258 0.0103258
0.478 0.0724751 0.0386496 0.137489 0.137489 0 0.0214569 0 0.0175201 0 0 0 0 0.0208956 0.051292 0 0 0 0 0 0 0 0 0 0 0 0 0 0 0 0 0 0 0 0 0.00985512 0.00985512
0.476 0.0721715 0.0384076 0.13751 0.13751 0 0.0214679 0 0.0175335 0 0 0 0 0.0206833 0.0509342 0 0 0 0 0 0 0 0 0 0 0 0 0 0 0 0 0 0 0 0 0.00939132 0.00939132
0.474 0.0718642 0.0381622 0.137532 0.137532 0 0.0214787 0 0.0175467 0 0 0 0 0.0204683 0.0505726 0 0 0 0 0 0 0 0 0 0 0 0 0 0 0 0 0 0 0 0 0.00893451 0.00893451
0.472 0.0715531 0.0379134 0.137553 0.137553 0 0.0214892 0 0.0175596 0 0 0 0 0.0202505 0.0502071 0 0 0 0 0 0 0 0 0 0 0 0 0 0 0 0 0 0 0 0 0.00848485 0.00848485
0.47 0.0712381 0.0376611 0.137574 0.137574 0 0.0214995 0 0.0175723 0 0 0 0 0.0200297 0.0498375 0 0 0 0 0 0 0 0 0 0 0 0 0 0 0 0 0 0 0 0 0.00804252 0.00804252
0.468 0.0709191 0.0374051 0.137595 0.137595 0 0.0215096 0 0.0175846 0 0 0 0 0.019806 0.0494639 0 0 0 0 0 0 0 0 0 0 0 0 0 0 0 0 0 0 0 0 0.00760769 0.00760769
0.466 0.0705959 0.0371453 0.137616 0.137616 0 0.0215195 0 0.0175967 0 0 0 0 0.0195791 0.0490859 0 0 0 0 0 0 0 0 0 0 0 0 0 0 0 0 0 0 0 0 0.00718055 0.00718055
0.464 0.0702685 0.0368817 0.137637 0.137637 0 0.0215292 0 0.0176085 0 0 0 0 0.0193489 0.0487036 0 0 0 0 0 0 0 0 0 0 0 0 0 0 0 0 0 0 0 0 0.00676129 0.00676129
0.462 0.0699368 0.036614 0.137658 0.137658 0 0.0215386 0 0.01762 0 0 0 0 0.0191154 0.0483167 0 0 0 0 0 0 0 0 0 0 0 0 0 0 0 0 0 0 0 0 0.00635012 0.00635012
0.46 0.0696005 0.0363422 0.13768 0.13768 0 0.0215478 0 0.0176312 0 0 0 0 0.0188785 0.0479252 0 0 0 0 0 0 0 0 0 0 0 0 0 0 0 0 0 0 0 0 0.00594726 0.00594726
0.458 0.0692595 0.0360661 0.137701 0.137701 0 0.0215567 0 0.0176422 0 0 0 0 0.0186379 0.0475288 0 0 0 0 0 0 0 0 0 0 0 0 0 0 0 0 0 0 0 0 0.00555294 0.00555294
0.456 0.0689138 0.0357855 0.137722 0.137722 0 0.0215654 0 0.0176528 0 0 0 0 0.0183936 0.0471275 0 0 0 0 0 0 0 0 0 0 0 0 0 0 0 0 0 0 0 0 0.0051674 0.0051674
0.454 0.0685631 0.0355003 0.137744 0.137744 0 0.0215738 0 0.0176631 0 0 0 0 0.0181454 0.0467211 0 0 0 0 0 0 0 0 0 0 0 0 0 0 0 0 0 0 0 0 0.00479092 0.00479092
0.452 0.0682072 0.0352103 0.137766 0.137766 0 0.021582 0 0.0176731 0 0 0 0 0.0178931 0.0463093 0 0 0 0 0 0 0 0 0 0 0 0 0 0 0 0 0 0 0 0 0.00442377 0.00442377
0.45 0.0678461 0.0349152 0.137789 0.137789 0 0.0215899 0 0.0176828 0 0 0 0 0.0176366 0.045892 0 0 0 0 0 0 0 0 0 0 0 0 0 0 0 0 0 0 0 0 0.00406625 0.00406625
0.448 0.0674794 0.034615 0.137812 0.137812 0 0.0215976 0 0.0176921 0 0 0 0 0.0173757 0.045469 0 0 0 0 0 0 0 0 0 0 0 0 0 0 0 0 0 0 0 0 0.00371869 0.00371869
0.446 0.067107 0.0343093 0.137835 0.137835 0 0.021605 0 0.0177011 0 0 0 0 0.0171102 0.04504 0 0 0 0 0 0 0 0 0 0 0 0 0 0 0 0 0 0 0 0 0.00338144 0.00338144
0.444 0.0667286 0.0339979 0.13786 0.13786 0 0.0216121 0 0.0177098 0 0 0 0 0.0168399 0.0446049 0 0 0 0 0 0 0 0 0 0 0 0 0 0 0 0 0 0 0 0 0.00305487 0.00305487
0.442 0.066344 0.0336805 0.137885 0.137885 0 0.0216189 0 0.0177181 0 0 0 0 0.0165644 0.0441632 0 0 0 0 0 0 0 0 0 0 0 0 0 0 0 0 0 0 0 0 0.0027394 0.0027394
0.44 0.0659529 0.0333568 0.13791 0.13791 0 0.0216254 0 0.017726 0 0 0 0 0.0162836 0.0437148 0 0 0 0 0 0 0 0 0 0 0 0 0 0 0 0 0 0 0 0 0.00243548 0.00243548
0.438 0.0655549 0.0330266 0.137937 0.137937 0 0.0216316 0 0.0177336 0 0 0 0 0.0159972 0.0432594 0 0 0 0 0 0 0 0 0 0 0 0 0 0 0 0 0 0 0 0 0.00214363 0.00214363
0.436 0.0651499 0.0326894 0.137965 0.137965 0 0.0216374 0 0.0177407 0 0 0 0 0.0157048 0.0427965 0 0 0 0 0 0 0 0 0 0 0 0 0 0 0 0 0 0 0 0 0.0018644 0.0018644
0.434 0.0647373 0.0323448 0.137995 0.137995 0 0.021643 0 0.0177475 0 0 0 0 0.0154061 0.0423257 0 0 0 0 0 0 0 0 0 0 0 0 0 0 0 0 0 0 0 0 0.00159843 0.00159843
0.432 0.0643167 0.0319924 0.138025 0.138025 0 0.0216481 0 0.0177538 0 0 0 0 0.0151007 0.0418467 0 0 0 0 0 0 0 0 0 0 0 0 0 0 0 0 0 0 0 0 0.00134644 0.00134644
0.43 0.0638876 0.0316316 0.138058 0.138058 0 0.0216529 0 0.0177596 0 0 0 0 0.0147881 0.0413588 0 0 0 0 0 0 0 0 0 0 0 0 0 0 0 0 0 0 0 0 0.00110929 0.00110929
0.428 0.0634495 0.0312619 0.138092 0.138092 0 0.0216573 0 0.017765 0 0 0 0 0.0144678 0.0408615 0 0 0 0 0 0 0 0 0 0 0 0 0 0 0 0 0 0 0 0 0.000887974 0.000887974
0.426 0.0630017 0.0308823 0.138128 0.138128 0 0.0216613 0 0.0177699 0 0 0 0 0.014139 0.0403541 0 0 0 0 0 0 0 0 0 0 0 0 0 0 0 0 0 0 0 0 0.000683714 0.000683714
0.424 0.0625432 0.0304922 0.138166 0.138166 0 0.0216648 0 0.0177741 0 0 0 0 0.0138012 0.0398355 0 0 0 0 0 0 0 0 0 0 0 0 0 0 0 0 0 0 0 0 0.000498056 0.000498056
0.422 0.0620731 0.0300903 0.138206 0.138206 0 0.0216679 0 0.0177778 0 0 0 0 0.0134532 0.0393047 0 0 0 0 0 0 0 0 0 0 0 0 0 0 0 0 0 0 0 0 0.000333065 0.000333065
0.42 0.0615896 0.029675 0.138249 0.138249 0 0.0216703 0 0.0177808 0 0 0 0 0.0130937 0.0387601 0 0 0 0 0 0 0 0 0 0 0 0 0 0 0 0 0 0 0 0 0.000191717 0.000191717
0.418 0.0610904 0.029244 0.138294 0.138294 0 0.021672 0 0.0177829 0 0 0 0 0.0127208 0.0381989 0 0 0 0 0 0 0 0 0 0 0 0 0 0 0 0 0 0 0 0 7.89657e-05 7.89657e-05
0.416 0.0605701 0.0287921 0.13834 0.13834 0 0.0216728 0 0.0177839 0 0 0 0 0.0123302 0.0376156 0 0 0 0 0 0 0 0 0 0 0 0 0 0 0 0 0 0 0 0 6.38049e-06 6.38049e-06
0.414 0.0600166 0.0283085 0.138382 0.138382 0 0.021672 0 0.0177829 0 0 0 0 0.0119129 0.0369974 0 0 0 0 0 0 0 0 0 0 0 0 0 0 0 0 0 0 0 0 0 0
0.412 0.0594553 0.0278147 0.138436 0.138436 0 0.021671 0 0.0177817 0 0 0 0 0.0114864 0.0363712 0 0 0 0 0 0 0 0 0 0 0 0 0 0 0 0 0 0 0 0 0 0
0.41 0.0588887 0.0273126 0.138504 0.138504 0 0.0216699 0 0.0177803 0 0 0 0 0.011052 0.0357393 0 0 0 0 0 0 0 0 0 0 0 0 0 0 0 0 0 0 0 0 0 0
0.408 0.0583165 0.0268014 0.138586 0.138586 0 0.0216686 0 0.0177787 0 0 0 0 0.0106092 0.0351015 0 0 0 0 0 0 0 0 0 0 0 0 0 0 0 0 0 0 0 0 0 0
0.406 0.0577381 0.0262802 0.138684 0.138684 0 0.0216671 0 0.0177769 0 0 0 0 0.0101573 0.0344572 0 0 0 0 0 0 0 0 0 0 0 0 0 0 0 0 0 0 0 0 0 0
0.404 0.0571532 0.0257483 0.138799 0.138799 0 0.0216654 0 0.0177749 0 0 0 0 0.00969545 0.033806 0 0 0 0 0 0 0 0 0 0 0 0 0 0 0 0 0 0 0 0 0 0
0.402 0.0565611 0.0252043 0.138932 0.138932 0 0.0216634 0 0.0177724 0 0 0 0 0.00922274 0.0331471 0 0 0 0 0 0 0 0 0 0 0 0 0 0 0 0 0 0 0 0 0 0
0.4 0.0559611 0.024647 0.139087 0.139087 0 0.0216611 0 0.0177695 0 0 0 0 0.00873803 0.0324797 0 0 0 0 0 0 0 0 0 0 0 0 0 0 0 0 0 0 0 0 0 0
0.398 0.0553524 0.0240746 0.139265 0.139265 0 0.0216582 0 0.0177661 0 0 0 0 0.00823999 0.0318029 0 0 0 0 0 0 0 0 0 0 0 0 0 0 0 0 0 0 0 0 0 0
0.396 0.054734 0.023485 0.139469 0.139469 0 0.0216548 0 0.017762 0 0 0 0 0.00772696 0.0311154 0 0 0 0 0 0 0 0 0 0 0 0 0 0 0 0 0 0 0 0 0 0
0.394 0.0541044 0.0228755 0.139704 0.139704 0 0.0216507 0 0.0177569 0 0 0 0 0.00719688 0.0304156 0 0 0 0 0 0 0 0 0 0 0 0 0 0 0 0 0 0 0 0 0 0
0.392 0.053462 0.0222425 0.139973 0.139973 0 0.0216456 0 0.0177507 0 0 0 0 0.0066471 0.0297014 0 0 0 0 0 0 0 0 0 0 0 0 0 0 0 0 0 0 0 0 0 0
0.39 0.053329 0.0221099 0.140031 0.140031 0 0.0216446 0 0.0177494 0 0 0 0 0.00653399 0.0295559 0 0 0 0 0 0 0 0 0 0 0 0 0 0 0 0 0 0 0 0 0 0
0.388 0.0524214 0.0215626 0.139764 0.139764 0 0.0217088 0 0.0178276 0 0 0 0 0.00582819 0.0286598 0 0 0 0 0 0 0 0 0 0 0 0 0 0 0 0 0 0 0 0 0 0
0.386 0.0519148 0.021264 0.139611 0.139611 0 0.0217463 0 0.0178734 0 0 0 0 0.0054328 0.0281667 0 0 0 0 0 0 0 0 0 0 0 0 0 0 0 0 0 0 0 0 0 0
0.384 0.0514039 0.0209619 0.139466 0.139466 0 0.0217843 0 0.0179196 0 0 0 0 0.00503063 0.0276718 0 0 0 0 0 0 0 0 0 0 0 0 0 0 0 0 0 0 0 0 0 0
0.382 0.0508885 0.0206562 0.139329 0.139329 0 0.0218227 0 0.0179662 0 0 0 0 0.00462132 0.0271751 0 0 0 0 0 0 0 0 0 0 0 0 0 0 0 0 0 0 0 0 0 0
0.38 0.0503685 0.0203467 0.139202 0.139202 0 0.0218616 0 0.0180134 0 0 0 0 0.00420446 0.0266765 0 0 0 0 0 0 0 0 0 0 0 0 0 0 0 0 0 0 0 0 0 0
0.378 0.0498436 0.0200334 0.139084 0.139084 0 0.0219009 0 0.0180611 0 0 0 0 0.00377962 0.0261761 0 0 0 0 0 0 0 0 0 0 0 0 0 0 0 0 0 0 0 0 0 0
0.376 0.0493137 0.0197159 0.138975 0.138975 0 0.0219408 0 0.0181095 0 0 0 0 0.00334632 0.0256737 0 0 0 0 0 0 0 0 0 0 0 0 0 0 0 0 0 0 0 0 0 0
0.374 0.0487785 0.0193941 0.138877 0.138877 0 0.0219814 0 0.0181586 0 0 0 0 0.00290405 0.0251695 0 0 0 0 0 0 0 0 0 0 0 0 0 0 0 0 0 0 0 0 0 0
0.372 0.0482378 0.0190677 0.13879 0.13879 0 0.0220226 0 0.0182085 0 0 0 0 0.00245224 0.0246633 0 0 0 0 0 0 0 0 0 0 0 0 0 0 0 0 0 0 0 0 0 0
0.37 0.0476913 0.0187366 0.138713 0.138713 0 0.0220645 0 0.0182592 0 0 0 0 0.00199027 0.024155 0 0 0 0 0 0 0 0 0 0 0 0 0 0 0 0 0 0 0 0 0 0
0.368 0.0471675 0.018418 0.138708 0.138708 0.000115025 0.0222131 0 0.0182997 0 0 0 0 0.00143853 0.0235606 0 0 0 0 0 0 0 0 0 0 0 0 0 0 0 0 0 0 0 0 0 0
0.366 0.0467237 0.018147 0.138905 0.138905 0.000589915 0.0226956 0 0.0183089 0 0 0 0 0.00061744 0.0227013 0 0 0 0 0 0 0 0 0 0 0 0 0 0 0 0 0 0 0 0 0 0
0.364 0.0462596 0.0178626 0.138951 0.138951 0.000876849 0.022992 0 0.0183204 0 0 0 0 0 0.021976 0 0 0 0 0 0 0 0 0 0 0 0 0 0 0 0 0 0 0 0 0 0
0.362 0.0457979 0.0175786 0.138527 0.138527 0.000713545 0.0228228 0 0.0183133 0 0 0 0 0 0.0215696 0 0 0 0 0 0 0 0 0 0 0 0 0 0 0 0 0 0 0 0 0 0
0.36 0.0453301 0.0172898 0.138109 0.138109 0.000544001 0.0226485 0 0.0183074 0 0 0 0 0 0.0211624 0 0 0 0 0 0 0 0 0 0 0 0 0 0 0 0 0 0 0 0 0 0
0.358 0.0448557 0.0169958 0.137697 0.137697 0.00036739 0.0224682 0 0.018303 0 0 0 0 0 0.0207549 0 0 0 0 0 0 0 0 0 0 0 0 0 0 0 0 0 0 0 0 0 0
0.356 0.0443743 0.0166962 0.137291 0.137291 0.000182685 0.0222812 0 0.0183003 0 0 0 0 0 0.0203479 0 0 0 0 0 0 0 0 0 0 0 0 0 0 0 0 0 0 0 0 0 0
0.354 0.0438909 0.016394 0.136891 0.136891 3.88735e-115 0.0220957 0 0.0182968 0 0 0 0 0 0.0199336 0 0 0 0 0 0 0 0 0 0 0 0 0 0 0 0 0 0 0 0 0 0
0.352 0.0434964 0.0161464 0.136493 0.136493 1.03539e-258 0.0220596 0 0.0182533 0 0 0 0 0 0.0193711 0 0 0 0 0 0 0 0 0 0 0 0 0 0 0 0 0 0 0 0 0 0
0.35 0.0430979 0.0158953 0.136104 0.136104 0 0.0220242 0 0.0182104 0 0 0 0 0 0.0187996 0 0 0 0 0 0 0 0 0 0 0 0 0 0 0 0 0 0 0 0 0 0
0.348 0.0426951 0.0156406 0.135723 0.135723 0 0.0219895 0 0.0181685 0 0 0 0 0 0.0182187 0 0 0 0 0 0 0 0 0 0 0 0 0 0 0 0 0 0 0 0 0 0
0.346 0.0422879 0.0153821 0.135351 0.135351 0 0.0219556 0 0.0181274 0 0 0 0 0 0.0176279 0 0 0 0 0 0 0 0 0 0 0 0 0 0 0 0 0 0 0 0 0 0
0.344 0.041876 0.0151195 0.134989 0.134989 0 0.0219224 0 0.0180872 0 0 0 0 0 0.0170267 0 0 0 0 0 0 0 0 0 0 0 0 0 0 0 0 0 0 0 0 0 0
0.342 0.0414594 0.0148527 0.134637 0.134637 0 0.0218902 0 0.0180481 0 0 0 0 0 0.0164146 0 0 0 0 0 0 0 0 0 0 0 0 0 0 0 0 0 0 0 0 0 0
0.34 0.0410377 0.0145814 0.134295 0.134295 0 0.0218588 0 0.0180101 0 0 0 0 0 0.0157908 0 0 0 0 0 0 0 0 0 0 0 0 0 0 0 0 0 0 0 0 0 0
0.338 0.0406106 0.0143054 0.133965 0.133965 0 0.0218285 0 0.0179733 0 0 0 0 0 0.0151549 0 0 0 0 0 0 0 0 0 0 0 0 0 0 0 0 0 0 0 0 0 0
0.336 0.0401779 0.0140245 0.133646 0.133646 0 0.0217993 0 0.0179378 0 0 0 0 0 0.0145059 0 0 0 0 0 0 0 0 0 0 0 0 0 0 0 0 0 0 0 0 0 0
0.334 0.0397393 0.0137382 0.13334 0.13334 0 0.0217712 0 0.0179036 0 0 0 0 0 0.0138432 0 0 0 0 0 0 0 0 0 0 0 0 0 0 0 0 0 0 0 0 0 0
0.332 0.0392944 0.0134464 0.133047 0.133047 0 0.0217444 0 0.0178711 0 0 0 0 0 0.0131657 0 0 0 0 0 0 0 0 0 0 0 0 0 0 0 0 0 0 0 0 0 0
0.33 0.0388428 0.0131485 0.132768 0.132768 0 0.021719 0 0.0178401 0 0 0 0 0 0.0124726 0 0 0 0 0 0 0 0 0 0 0 0 0 0 0 0 0 0 0 0 0 0
0.328 0.0383842 0.0128442 0.132505 0.132505 0 0.0216951 0 0.017811 0 0 0 0 0 0.0117626 0 0 0 0 0 0 0 0 0 0 0 0 0 0 0 0 0 0 0 0 0 0
0.326 0.0379179 0.012533 0.132257 0.132257 0 0.0216728 0 0.0177839 0 0 0 0 0 0.0110345 0 0 0 0 0 0 0 0 0 0 0 0 0 0 0 0 0 0 0 0 0 0
0.324 0.0374435 0.0122144 0.132028 0.132028 0 0.0216523 0 0.0177589 0 0 0 0 0 0.0102869 0 0 0 0 0 0 0 0 0 0 0 0 0 0 0 0 0 0 0 0 0 0
0.322 0.0369603 0.0118877 0.131817 0.131817 0 0.0216338 0 0.0177363 0 0 0 0 0 0.00951814 0 0 0 0 0 0 0 0 0 0 0 0 0 0 0 0 0 0 0 0 0 0
0.32 0.0364676 0.0115523 0.131627 0.131627 0 0.0216174 0 0.0177163 0 0 0 0 0 0.00872631 0 0 0 0 0 0 0 0 0 0 0 0 0 0 0 0 0 0 0 0 0 0
0.318 0.0359646 0.0112073 0.131459 0.131459 0 0.0216035 0 0.0176993 0 0 0 0 0 0.00790925 0 0 0 0 0 0 0 0 0 0 0 0 0 0 0 0 0 0 0 0 0 0
0.316 0.0354502 0.0108519 0.131317 0.131317 0 0.0215922 0 0.0176855 0 0 0 0 0 0.00706442 0 0 0 0 0 0 0 0 0 0 0 0 0 0 0 0 0 0 0 0 0 0
0.314 0.0349233 0.0104847 0.131202 0.131202 0 0.0215839 0 0.0176754 0 0 0 0 0 0.00618882 0 0 0 0 0 0 0 0 0 0 0 0 0 0 0 0 0 0 0 0 0 0
0.312 0.0343826 0.0101047 0.131117 0.131117 0 0.021579 0 0.0176694 0 0 0 0 0 0.00527888 0 0 0 0 0 0 0 0 0 0 0 0 0 0 0 0 0 0 0 0 0 0
0.31 0.0338264 0.00971001 0.131067 0.131067 0 0.021578 0 0.0176682 0 0 0 0 0 0.00433026 0 0 0 0 0 0 0 0 0 0 0 0 0 0 0 0 0 0 0 0 0 0
0.308 0.0332526 0.00929878 0.131056 0.131056 0 0.0215814 0 0.0176724 0 0 0 0 0 0.00333764 0 0 0 0 0 0 0 0 0 0 0 0 0 0 0 0 0 0 0 0 0 0
0.306 0.0326585 0.0088685 0.131089 0.131089 0 0.02159 0 0.0176828 0 0 0 0 0 0.00229433 0 0 0 0 0 0 0 0 0 0 0 0 0 0 0 0 0 0 0 0 0 0
0.304 0.0320411 0.00841598 0.131176 0.131176 0 0.0216046 0 0.0177007 0 0 0 0 0 0.00119179 0 0 0 0 0 0 0 0 0 0 0 0 0 0 0 0 0 0 0 0 0 0
0.302 0.0313957 0.00793701 0.131324 0.131324 0 0.0216266 0 0.0177275 0 0 0 0 0 1.87612e-05 0 0 0 0 0 0 0 0 0 0 0 0 0 0 0 0 0 0 0 0 0 0
0.3 0.0312096 0.00779766 0.130496 0.130496 0 0.0214884 0 0.0175587 0 0 0 0 0 0 0 0 0 0 0 0 0 0 0 0 0 0 0 0 0 0 0 0 0 0 0 0
0.298 0.0310307 0.00766323 0.129653 0.129653 0 0.0213475 0 0.017386 0 0 0 0 0 0 0 0 0 0 0 0 0 0 0 0 0 0 0 0 0 0 0 0 0 0 0 0
0.296 0.0308517 0.00752813 0.12881 0.12881 0 0.0212065 0 0.0172125 0 0 0 0 0 0 0 0 0 0 0 0 0 0 0 0 0 0 0 0 0 0 0 0 0 0 0 0
0.294 0.0306724 0.00739235 0.127968 0.127968 0 0.0210654 0 0.0170383 0 0 0 0 0 0 0 0 0 0 0 0 0 0 0 0 0 0 0 0 0 0 0 0 0 0 0 0
0.292 0.030493 0.00725587 0.127126 0.127126 0 0.0209241 0 0.0168633 0 0 0 0 0 0 0 0 0 0 0 0 0 0 0 0 0 0 0 0 0 0 0 0 0 0 0 0
0.29 0.0303133 0.00711868 0.126284 0.126284 0 0.0207827 0 0.0166876 0 0 0 0 0 0 0 0 0 0 0 0 0 0 0 0 0 0 0 0 0 0 0 0 0 0 0 0
0.288 0.0301335 0.00698078 0.125443 0.125443 0 0.0206412 0 0.016511 0 0 0 0 0 0 0 0 0 0 0 0 0 0 0 0 0 0 0 0 0 0 0 0 0 0 0 0
0.286 0.0299534 0.00684215 0.124602 0.124602 0 0.0204996 0 0.0163336 0 0 0 0 0 0 0 0 0 0 0 0 0 0 0 0 0 0 0 0 0 0 0 0 0 0 0 0
0.284 0.0297732 0.00670277 0.123762 0.123762 0 0.0203578 0 0.0161554 0 0 0 0 0 0 0 0 0 0 0 0 0 0 0 0 0 0 0 0 0 0 0 0 0 0 0 0
0.282 0.0295927 0.00656263 0.122922 0.122922 0 0.020216 0 0.0159763 0 0 0 0 0 0 0 0 0 0 0 0 0 0 0 0 0 0 0 0 0 0 0 0 0 0 0 0
0.28 0.029412 0.00642171 0.122083 0.122083 0 0.0200741 0 0.0157963 0 0 0 0 0 0 0 0 0 0 0 0 0 0 0 0 0 0 0 0 0 0 0 0 0 0 0 0
0.278 0.0292311 0.00628001 0.121244 0.121244 0 0.019932 0 0.0156154 0 0 0 0 0 0 0 0 0 0 0 0 0 0 0 0 0 0 0 0 0 0 0 0 0 0 0 0
0.276 0.02905 0.00613751 0.120406 0.120406 0 0.0197899 0 0.0154336 0 0 0 0 0 0 0 0 0 0 0 0 0 0 0 0 0 0 0 0 0 0 0 0 0 0 0 0
0.274 0.0288687 0.00599418 0.119569 0.119569 0 0.0196477 0 0.0152508 0 0 0 0 0 0 0 0 0 0 0 0 0 0 0 0 0 0 0 0 0 0 0 0 0 0 0 0
0.272 0.0286872 0.00585001 0.118731 0.118731 0 0.0195054 0 0.0150671 0 0 0 0 0 0 0 0 0 0 0 0 0 0 0 0 0 0 0 0 0 0 0 0 0 0 0 0
0.27 0.0285055 0.00570498 0.117895 0.117895 0 0.0193631 0 0.0148823 0 0 0 0 0 0 0 0 0 0 0 0 0 0 0 0 0 0 0 0 0 0 0 0 0 0 0 0
0.268 0.0283235 0.00555907 0.117059 0.117059 0 0.0192206 0 0.0146965 0 0 0 0 0 0 0 0 0 0 0 0 0 0 0 0 0 0 0 0 0 0 0 0 0 0 0 0
0.266 0.0281413 0.00541226 0.116223 0.116223 0 0.0190782 0 0.0145097 0 0 0 0 0 0 0 0 0 0 0 0 0 0 0 0 0 0 0 0 0 0 0 0 0 0 0 0
0.264 0.0279588 0.00526453 0.115388 0.115388 0 0.0189356 0 0.0143217 0 0 0 0 0 0 0 0 0 0 0 0 0 0 0 0 0 0 0 0 0 0 0 0 0 0 0 0
0.262 0.0277761 0.00511586 0.114554 0.114554 0 0.018793 0 0.0141326 0 0 0 0 0 0 0 0 0 0 0 0 0 0 0 0 0 0 0 0 0 0 0 0 0 0 0 0
0.26 0.0275932 0.00496622 0.11372 0.11372 0 0.0186503 0 0.0139423 0 0 0 0 0 0 0 0 0 0 0 0 0 0 0 0 0 0 0 0 0 0 0 0 0 0 0 0
0.258 0.02741 0.00481559 0.112887 0.112887 0 0.0185076 0 0.0137509 0 0 0 0 0 0 0 0 0 0 0 0 0 0 0 0 0 0 0 0 0 0 0 0 0 0 0 0
0.256 0.0272265 0.00466393 0.112055 0.112055 0 0.0183649 0 0.0135581 0 0 0 0 0 0 0 0 0 0 0 0 0 0 0 0 0 0 0 0 0 0 0 0 0 0 0 0
0.254 0.0270427 0.00451122 0.111223 0.111223 0 0.0182221 0 0.0133641 0 0 0 0 0 0 0 0 0 0 0 0 0 0 0 0 0 0 0 0 0 0 0 0 0 0 0 0
0.252 0.0268586 0.00435744 0.110392 0.110392 0 0.0180793 0 0.0131687 0 0 0 0 0 0 0 0 0 0 0 0 0 0 0 0 0 0 0 0 0 0 0 0 0 0 0 0
0.25 0.0266742 0.00420254 0.109562 0.109562 0 0.0179364 0 0.0129719 0 0 0 0 0 0 0 0 0 0 0 0 0 0 0 0 0 0 0 0 0 0 0 0 0 0 0 0
0.248 0.0264895 0.0040465 0.108732 0.108732 0 0.0177936 0 0.0127736 0 0 0 0 0 0 0 0 0 0 0 0 0 0 0 0 0 0 0 0 0 0 0 0 0 0 0 0
0.246 0.0263045 0.00388927 0.107903 0.107903 0 0.0176507 0 0.0125739 0 0 0 0 0 0 0 0 0 0 0 0 0 0 0 0 0 0 0 0 0 0 0 0 0 0 0 0
0.244 0.0261191 0.00373082 0.107075 0.107075 0 0.0175079 0 0.0123725 0 0 0 0 0 0 0 0 0 0 0 0 0 0 0 0 0 0 0 0 0 0 0 0 0 0 0 0
0.242 0.0259333 0.00357111 0.106248 0.106248 0 0.017365 0 0.0121696 0 0 0 0 0 0 0 0 0 0 0 0 0 0 0 0 0 0 0 0 0 0 0 0 0 0 0 0
0.24 0.0257471 0.00341009 0.105421 0.105421 0 0.0172222 0 0.0119649 0 0 0 0 0 0 0 0 0 0 0 0 0 0 0 0 0 0 0 0 0 0 0 0 0 0 0 0
0.238 0.0255606 0.00324771 0.104596 0.104596 0 0.0170793 0 0.0117583 0 0 0 0 0 0 0 0 0 0 0 0 0 0 0 0 0 0 0 0 0 0 0 0 0 0 0 0
0.236 0.0253735 0.00308393 0.103771 0.103771 0 0.0169366 0 0.01155 0 0 0 0 0 0 0 0 0 0 0 0 0 0 0 0 0 0 0 0 0 0 0 0 0 0 0 0
0.234 0.025186 0.00291868 0.102948 0.102948 0 0.0167938 0 0.0113396 0 0 0 0 0 0 0 0 0 0 0 0 0 0 0 0 0 0 0 0 0 0 0 0 0 0 0 0
0.232 0.024998 0.00275192 0.102125 0.102125 0 0.0166511 0 0.0111272 0 0 0 0 0 0 0 0 0 0 0 0 0 0 0 0 0 0 0 0 0 0 0 0 0 0 0 0
0.23 0.0248095 0.00258357 0.101303 0.101303 0 0.0165085 0 0.0109126 0 0 0 0 0 0 0 0 0 0 0 0 0 0 0 0 0 0 0 0 0 0 0 0 0 0 0 0
0.228 0.0246203 0.00241356 0.100483 0.100483 0 0.0163659 0 0.0106956 0 0 0 0 0 0 0 0 0 0 0 0 0 0 0 0 0 0 0 0 0 0 0 0 0 0 0 0
0.226 0.0244306 0.00224183 0.0996638 0.0996638 0 0.0162234 0 0.0104763 0 0 0 0 0 0 0 0 0 0 0 0 0 0 0 0 0 0 0 0 0 0 0 0 0 0 0 0
0.224 0.0242402 0.00206829 0.0988458 0.0988458 0 0.016081 0 0.0102544 0 0 0 0 0 0 0 0 0 0 0 0 0 0 0 0 0 0 0 0 0 0 0 0 0 0 0 0
0.222 0.0240491 0.00189285 0.098029 0.098029 0 0.0159387 0 0.0100298 0 0 0 0 0 0 0 0 0 0 0 0 0 0 0 0 0 0 0 0 0 0 0 0 0 0 0 0
0.22 0.0238572 0.00171541 0.0972137 0.0972137 0 0.0157965 0 0.00980224 0 0 0 0 0 0 0 0 0 0 0 0 0 0 0 0 0 0 0 0 0 0 0 0 0 0 0 0
0.218 0.0236645 0.00153588 0.0963998 0.0963998 0 0.0156544 0 0.00957164 0 0 0 0 0 0 0 0 0 0 0 0 0 0 0 0 0 0 0 0 0 0 0 0 0 0 0 0
0.216 0.0234708 0.00135412 0.0955875 0.0955875 0 0.0155125 0 0.00933776 0 0 0 0 0 0 0 0 0 0 0 0 0 0 0 0 0 0 0 0 0 0 0 0 0 0 0 0
0.214 0.0232762 0.00117 0.0947769 0.0947769 0 0.0153708 0 0.00910037 0 0 0 0 0 0 0 0 0 0 0 0 0 0 0 0 0 0 0 0 0 0 0 0 0 0 0 0
0.212 0.0230805 0.000983399 0.093968 0.093968 0 0.0152293 0 0.00885922 0 0 0 0 0 0 0 0 0 0 0 0 0 0 0 0 0 0 0 0 0 0 0 0 0 0 0 0
0.21 0.0228836 0.000794135 0.0931611 0.0931611 0 0.015088 0 0.00861401 0 0 0 0 0 0 0 0 0 0 0 0 0 0 0 0 0 0 0 0 0 0 0 0 0 0 0 0
0.208 0.0226855 0.000602035 0.0923562 0.0923562 0 0.0149469 0 0.00836442 0 0 0 0 0 0 0 0 0 0 0 0 0 0 0 0 0 0 0 0 0 0 0 0 0 0 0 0
0.206 0.0224859 0.000406892 0.0915536 0.0915536 0 0.014806 0 0.0081101 0 0 0 0 0 0 0 0 0 0 0 0 0 0 0 0 0 0 0 0 0 0 0 0 0 0 0 0
0.204 0.0222847 0.000208478 0.0907534 0.0907534 0 0.0146655 0 0.00785062 0 0 0 0 0 0 0 0 0 0 0 0 0 0 0 0 0 0 0 0 0 0 0 0 0 0 0 0
0.202 0.0221028 2.75778e-05 0.0901659 0.0901659 0 0.0145636 0 0.0076585 0 0 0 0 0 0 0 0 0 0 0 0 0 0 0 0 0 0 0 0 0 0 0 0 0 0 0 0
0.2 0.0218342 0 0.0890829 0.0890829 0 0.0144385 0 0.00741794 0 0 0 0 0 0 0 0 0 0 0 0 0 0 0 0 0 0 0 0 0 0 0 0 0 0 0 0
0.198 0.0215824 0 0.0882088 0.0882088 0 0.0143535 0 0.00725099 0 0 0 0 0 0 0 0 0 0 0 0 0 0 0 0 0 0 0 0 0 0 0 0 0 0 0 0
0.196 0.0213278 0 0.0873361 0.0873361 0 0.0142684 0 0.00708116 0 0 0 0 0 0 0 0 0 0 0 0 0 0 0 0 0 0 0 0 0 0 0 0 0 0 0 0
0.194 0.0210702 0 0.0864649 0.0864649 0 0.0141834 0 0.00690828 0 0 0 0 0 0 0 0 0 0 0 0 0 0 0 0 0 0 0 0 0 0 0 0 0 0 0 0
0.192 0.0208094 0 0.0855953 0.0855953 0 0.0140985 0 0.00673217 0 0 0 0 0 0 0 0 0 0 0 0 0 0 0 0 0 0 0 0 0 0 0 0 0 0 0 0
0.19 0.0205453 0 0.0847273 0.0847273 0 0.0140137 0 0.00655265 0 0 0 0 0 0 0 0 0 0 0 0 0 0 0 0 0 0 0 0 0 0 0 0 0 0 0 0
0.188 0.0202777 0 0.0838611 0.0838611 0 0.013929 0 0.00636949 0 0 0 0 0 0 0 0 0 0 0 0 0 0 0 0 0 0 0 0 0 0 0 0 0 0 0 0
0.186 0.0200065 0 0.0829968 0.0829968 0 0.0138444 0 0.00618247 0 0 0 0 0 0 0 0 0 0 0 0 0 0 0 0 0 0 0 0 0 0 0 0 0 0 0 0
0.184 0.0197313 0 0.0821344 0.0821344 0 0.0137601 0 0.00599131 0 0 0 0 0 0 0 0 0 0 0 0 0 0 0 0 0 0 0 0 0 0 0 0 0 0 0 0
0.182 0.019452 0 0.081274 0.081274 0 0.0136761 0 0.00579572 0 0 0 0 0 0 0 0 0 0 0 0 0 0 0 0 0 0 0 0 0 0 0 0 0 0 0 0
0.18 0.0191682 0 0.0804159 0.0804159 0 0.0135924 0 0.00559537 0 0 0 0 0 0 0 0 0 0 0 0 0 0 0 0 0 0 0 0 0 0 0 0 0 0 0 0
0.178 0.0188797 0 0.0795601 0.0795601 0 0.0135091 0 0.00538988 0 0 0 0 0 0 0 0 0 0 0 0 0 0 0 0 0 0 0 0 0 0 0 0 0 0 0 0
0.176 0.0185861 0 0.0787069 0.0787069 0 0.0134263 0 0.00517882 0 0 0 0 0 0 0 0 0 0 0 0 0 0 0 0 0 0 0 0 0 0 0 0 0 0 0 0
0.174 0.0182871 0 0.0778565 0.0778565 0 0.0133441 0 0.00496169 0 0 0 0 0 0 0 0 0 0 0 0 0 0 0 0 0 0 0 0 0 0 0 0 0 0 0 0
0.172 0.017982 0 0.077009 0.077009 0 0.0132625 0 0.00473791 0 0 0 0 0 0 0 0 0 0 0 0 0 0 0 0 0 0 0 0 0 0 0 0 0 0 0 0
0.17 0.0176705 0 0.0761648 0.0761648 0 0.0131817 0 0.00450683 0 0 0 0 0 0 0 0 0 0 0 0 0 0 0 0 0 0 0 0 0 0 0 0 0 0 0 0
0.168 0.0173518 0 0.0753241 0.0753241 0 0.0131018 0 0.00426766 0 0 0 0 0 0 0 0 0 0 0 0 0 0 0 0 0 0 0 0 0 0 0 0 0 0 0 0
0.166 0.0170252 0 0.0744874 0.0744874 0 0.0130231 0 0.00401945 0 0 0 0 0 0 0 0 0 0 0 0 0 0 0 0 0 0 0 0 0 0 0 0 0 0 0 0
0.164 0.0166897 0 0.0736551 0.0736551 0 0.0129457 0 0.00376108 0 0 0 0 0 0 0 0 0 0 0 0 0 0 0 0 0 0 0 0 0 0 0 0 0 0 0 0
0.162 0.0163443 0 0.0728278 0.0728278 0 0.0128699 0 0.00349117 0 0 0 0 0 0 0 0 0 0 0 0 0 0 0 0 0 0 0 0 0 0 0 0 0 0 0 0
0.16 0.0159876 0 0.0720062 0.0720062 0 0.012796 0 0.00320798 0 0 0 0 0 0 0 0 0 0 0 0 0 0 0 0 0 0 0 0 0 0 0 0 0 0 0 0
0.158 0.0156177 0 0.0711911 0.0711911 0 0.0127244 0 0.00290933 0 0 0 0 0 0 0 0 0 0 0 0 0 0 0 0 0 0 0 0 0 0 0 0 0 0 0 0
0.156 0.0152324 0 0.0703838 0.0703838 0 0.0126557 0 0.00259235 0 0 0 0 0 0 0 0 0 0 0 0 0 0 0 0 0 0 0 0 0 0 0 0 0 0 0 0
0.154 0.0148286 0 0.0695857 0.0695857 0 0.0125906 0 0.0022532 0 0 0 0 0 0 0 0 0 0 0 0 0 0 0 0 0 0 0 0 0 0 0 0 0 0 0 0
0.152 0.0144019 0 0.0687991 0.0687991 0 0.0125301 0 0.00188648 0 0 0 0 0 0 0 0 0 0 0 0 0 0 0 0 0 0 0 0 0 0 0 0 0 0 0 0
0.15 0.0139459 0 0.068027 0.068027 0 0.0124759 0 0.00148425 0 0 0 0 0 0 0 0 0 0 0 0 0 0 0 0 0 0 0 0 0 0 0 0 0 0 0 0
0.148 0.0134505 0 0.0672747 0.0672747 0 0.0124304 0 0.00103389 0 0 0 0 0 0 0 0 0 0 0 0 0 0 0 0 0 0 0 0 0 0 0 0 0 0 0 0
0.146 0.0128978 0 0.0665511 0.0665511 0 0.0123979 0 0.000513088 0 0 0 0 0 0 0 0 0 0 0 0 0 0 0 0 0 0 0 0 0 0 0 0 0 0 0 0
0.144 0.0123478 0 0.0658261 0.0658261 0 0.0123605 0 1.0918e-114 0 0 0 0 0 0 0 0 0 0 0 0 0 0 0 0 0 0 0 0 0 0 0 0 0 0 0 0
0.142 0.0121962 0 0.0649019 0.0649019 0 0.0122086 0 2.90799e-258 0 0 0 0 0 0 0 0 0 0 0 0 0 0 0 0 0 0 0 0 0 0 0 0 0 0 0 0
0.14 0.0120442 0 0.0639779 0.0639779 0 0.0120566 0 0 0 0 0 0 0 0 0 0 0 0 0 0 0 0 0 0 0 0 0 0 0 0 0 0 0 0 0 0
0.138 0.0118921 0 0.0630539 0.0630539 0 0.0119043 0 0 0 0 0 0 0 0 0 0 0 0 0 0 0 0 0 0 0 0 0 0 0 0 0 0 0 0 0 0
0.136 0.0117398 0 0.0621301 0.0621301 0 0.0117518 0 0 0 0 0 0 0 0 0 0 0 0 0 0 0 0 0 0 0 0 0 0 0 0 0 0 0 0 0 0
0.134 0.0115872 0 0.0612064 0.0612064 0 0.011599 0 0 0 0 0 0 0 0 0 0 0 0 0 0 0 0 0 0 0 0 0 0 0 0 0 0 0 0 0 0
0.132 0.0114344 0 0.0602828 0.0602828 0 0.0114461 0 0 0 0 0 0 0 0 0 0 0 0 0 0 0 0 0 0 0 0 0 0 0 0 0 0 0 0 0 0
0.13 0.0112814 0 0.0593593 0.0593593 0 0.0112929 0 0 0 0 0 0 0 0 0 0 0 0 0 0 0 0 0 0 0 0 0 0 0 0 0 0 0 0 0 0
0.128 0.0111281 0 0.0584359 0.0584359 0 0.0111395 0 0 0 0 0 0 0 0 0 0 0 0 0 0 0 0 0 0 0 0 0 0 0 0 0 0 0 0 0 0
0.126 0.0109747 0 0.0575127 0.0575127 0 0.0109859 0 0 0 0 0 0 0 0 0 0 0 0 0 0 0 0 0 0 0 0 0 0 0 0 0 0 0 0 0 0
0.124 0.010821 0 0.0565895 0.0565895 0 0.010832 0 0 0 0 0 0 0 0 0 0 0 0 0 0 0 0 0 0 0 0 0 0 0 0 0 0 0 0 0 0
0.122 0.010667 0 0.0556665 0.0556665 0 0.0106779 0 0 0 0 0 0 0 0 0 0 0 0 0 0 0 0 0 0 0 0 0 0 0 0 0 0 0 0 0 0
0.12 0.0105129 0 0.0547436 0.0547436 0 0.0105236 0 0 0 0 0 0 0 0 0 0 0 0 0 0 0 0 0 0 0 0 0 0 0 0 0 0 0 0 0 0
0.118 0.0103585 0 0.0538208 0.0538208 0 0.0103691 0 0 0 0 0 0 0 0 0 0 0 0 0 0 0 0 0 0 0 0 0 0 0 0 0 0 0 0 0 0
0.116 0.0102039 0 0.0528981 0.0528981 0 0.0102143 0 0 0 0 0 0 0 0 0 0 0 0 0 0 0 0 0 0 0 0 0 0 0 0 0 0 0 0 0 0
0.114 0.010049 0 0.0519755 0.0519755 0 0.0100593 0 0 0 0 0 0 0 0 0 0 0 0 0 0 0 0 0 0 0 0 0 0 0 0 0 0 0 0 0 0
0.112 0.00989388 0 0.0510531 0.0510531 0 0.00990399 0 0 0 0 0 0 0 0 0 0 0 0 0 0 0 0 0 0 0 0 0 0 0 0 0 0 0 0 0 0
0.11 0.00973854 0 0.0501307 0.0501307 0 0.00974849 0 0 0 0 0 0 0 0 0 0 0 0 0 0 0 0 0 0 0 0 0 0 0 0 0 0 0 0 0 0
0.108 0.00958294 0 0.0492085 0.0492085 0 0.00959273 0 0 0 0 0 0 0 0 0 0 0 0 0 0 0 0 0 0 0 0 0 0 0 0 0 0 0 0 0 0
0.106 0.0094271 0 0.0482865 0.0482865 0 0.00943673 0 0 0 0 0 0 0 0 0 0 0 0 0 0 0 0 0 0 0 0 0 0 0 0 0 0 0 0 0 0
0.104 0.009271 0 0.0473645 0.0473645 0 0.00928047 0 0 0 0 0 0 0 0 0 0 0 0 0 0 0 0 0 0 0 0 0 0 0 0 0 0 0 0 0 0
0.102 0.00911464 0 0.0464427 0.0464427 0 0.00912396 0 0 0 0 0 0 0 0 0 0 0 0 0 0 0 0 0 0 0 0 0 0 0 0 0 0 0 0 0 0
0.1 0.00895802 0 0.045521 0.045521 0 0.00896718 0 0 0 0 0 0 0 0 0 0 0 0 0 0 0 0 0 0 0 0 0 0 0 0 0 0 0 0 0 0
0.098 0.00880114 0 0.0445994 0.0445994 0 0.00881013 0 0 0 0 0 0 0 0 0 0 0 0 0 0 0 0 0 0 0 0 0 0 0 0 0 0 0 0 0 0
0.096 0.00864398 0 0.043678 0.043678 0 0.00865281 0 0 0 0 0 0 0 0 0 0 0 0 0 0 0 0 0 0 0 0 0 0 0 0 0 0 0 0 0 0
0.094 0.00848654 0 0.0427567 0.0427567 0 0.00849521 0 0 0 0 0 0 0 0 0 0 0 0 0 0 0 0 0 0 0 0 0 0 0 0 0 0 0 0 0 0
0.092 0.00832881 0 0.0418356 0.0418356 0 0.00833732 0 0 0 0 0 0 0 0 0 0 0 0 0 0 0 0 0 0 0 0 0 0 0 0 0 0 0 0 0 0
0.09 0.00817079 0 0.0409146 0.0409146 0 0.00817914 0 0 0 0 0 0 0 0 0 0 0 0 0 0 0 0 0 0 0 0 0 0 0 0 0 0 0 0 0 0
0.088 0.00801247 0 0.0399938 0.0399938 0 0.00802066 0 0 0 0 0 0 0 0 0 0 0 0 0 0 0 0 0 0 0 0 0 0 0 0 0 0 0 0 0 0
0.086 0.00785384 0 0.0390731 0.0390731 0 0.00786186 0 0 0 0 0 0 0 0 0 0 0 0 0 0 0 0 0 0 0 0 0 0 0 0 0 0 0 0 0 0
0.084 0.00769489 0 0.0381526 0.0381526 0 0.00770275 0 0 0 0 0 0 0 0 0 0 0 0 0 0 0 0 0 0 0 0 0 0 0 0 0 0 0 0 0 0
0.082 0.00753562 0 0.0372322 0.0372322 0 0.00754332 0 0 0 0 0 0 0 0 0 0 0 0 0 0 0 0 0 0 0 0 0 0 0 0 0 0 0 0 0 0
0.08 0.00737601 0 0.036312 0.036312 0 0.00738354 0 0 0 0 0 0 0 0 0 0 0 0 0 0 0 0 0 0 0 0 0 0 0 0 0 0 0 0 0 0
0.078 0.00721605 0 0.035392 0.035392 0 0.00722342 0 0 0 0 0 0 0 0 0 0 0 0 0 0 0 0 0 0 0 0 0 0 0 0 0 0 0 0 0 0
0.076 0.00705572 0 0.0344721 0.0344721 0 0.00706293 0 0 0 0 0 0 0 0 0 0 0 0 0 0 0 0 0 0 0 0 0 0 0 0 0 0 0 0 0 0
0.074 0.00689503 0 0.0335525 0.0335525 0 0.00690207 0 0 0 0 0 0 0 0 0 0 0 0 0 0 0 0 0 0 0 0 0 0 0 0 0 0 0 0 0 0
0.072 0.00673394 0 0.032633 0.032633 0 0.00674082 0 0 0 0 0 0 0 0 0 0 0 0 0 0 0 0 0 0 0 0 0 0 0 0 0 0 0 0 0 0
0.07 0.00657246 0 0.0317138 0.0317138 0 0.00657917 0 0 0 0 0 0 0 0 0 0 0 0 0 0 0 0 0 0 0 0 0 0 0 0 0 0 0 0 0 0
0.068 0.00641055 0 0.0307947 0.0307947 0 0.0064171 0 0 0 0 0 0 0 0 0 0 0 0 0 0 0 0 0 0 0 0 0 0 0 0 0 0 0 0 0 0
0.066 0.0062482 0 0.0298759 0.0298759 0 0.00625458 0 0 0 0 0 0 0 0 0 0 0 0 0 0 0 0 0 0 0 0 0 0 0 0 0 0 0 0 0 0
0.064 0.00608539 0 0.0289573 0.0289573 0 0.00609161 0 0 0 0 0 0 0 0 0 0 0 0 0 0 0 0 0 0 0 0 0 0 0 0 0 0 0 0 0 0
0.062 0.00592211 0 0.0280389 0.0280389 0 0.00592816 0 0 0 0 0 0 0 0 0 0 0 0 0 0 0 0 0 0 0 0 0 0 0 0 0 0 0 0 0 0
0.06 0.00575832 0 0.0271208 0.0271208 0 0.00576421 0 0 0 0 0 0 0 0 0 0 0 0 0 0 0 0 0 0 0 0 0 0 0 0 0 0 0 0 0 0
0.058 0.00559401 0 0.026203 0.026203 0 0.00559972 0 0 0 0 0 0 0 0 0 0 0 0 0 0 0 0 0 0 0 0 0 0 0 0 0 0 0 0 0 0
0.056 0.00542914 0 0.0252854 0.0252854 0 0.00543468 0 0 0 0 0 0 0 0 0 0 0 0 0 0 0 0 0 0 0 0 0 0 0 0 0 0 0 0 0 0
0.054 0.00526368 0 0.0243682 0.0243682 0 0.00526906 0 0 0 0 0 0 0 0 0 0 0 0 0 0 0 0 0 0 0 0 0 0 0 0 0 0 0 0 0 0
0.052 0.0050976 0 0.0234512 0.0234512 0 0.00510281 0 0 0 0 0 0 0 0 0 0 0 0 0 0 0 0 0 0 0 0 0 0 0 0 0 0 0 0 0 0
0.05 0.00493086 0 0.0225346 0.0225346 0 0.0049359 0 0 0 0 0 0 0 0 0 0 0 0 0 0 0 0 0 0 0 0 0 0 0 0 0 0 0 0 0 0
0.048 0.00476343 0 0.0216183 0.0216183 0 0.0047683 0 0 0 0 0 0 0 0 0 0 0 0 0 0 0 0 0 0 0 0 0 0 0 0 0 0 0 0 0 0
0.046 0.00459525 0 0.0207024 0.0207024 0 0.00459995 0 0 0 0 0 0 0 0 0 0 0 0 0 0 0 0 0 0 0 0 0 0 0 0 0 0 0 0 0 0
0.044 0.00442628 0 0.0197869 0.0197869 0 0.0044308 0 0 0 0 0 0 0 0 0 0 0 0 0 0 0 0 0 0 0 0 0 0 0 0 0 0 0 0 0 0
0.042 0.00425646 0 0.0188718 0.0188718 0 0.00426081 0 0 0 0 0 0 0 0 0 0 0 0 0 0 0 0 0 0 0 0 0 0 0 0 0 0 0 0 0 0
0.04 0.00408572 0 0.0179571 0.0179571 0 0.0040899 0 0 0 0 0 0 0 0 0 0 0 0 0 0 0 0 0 0 0 0 0 0 0 0 0 0 0 0 0 0
0.038 0.00391401 0 0.017043 0.017043 0 0.003918 0 0 0 0 0 0 0 0 0 0 0 0 0 0 0 0 0 0 0 0 0 0 0 0 0 0 0 0 0 0
0.036 0.00374122 0 0.0161294 0.0161294 0 0.00374504 0 0 0 0 0 0 0 0 0 0 0 0 0 0 0 0 0 0 0 0 0 0 0 0 0 0 0 0 0 0
0.034 0.00356728 0 0.0152164 0.0152164 0 0.00357092 0 0 0 0 0 0 0 0 0 0 0 0 0 0 0 0 0 0 0 0 0 0 0 0 0 0 0 0 0 0
0.032 0.00339207 0 0.014304 0.014304 0 0.00339554 0 0 0 0 0 0 0 0 0 0 0 0 0 0 0 0 0 0 0 0 0 0 0 0 0 0 0 0 0 0
0.03 0.00321548 0 0.0133923 0.0133923 0 0.00321877 0 0 0 0 0 0 0 0 0 0 0 0 0 0 0 0 0 0 0 0 0 0 0 0 0 0 0 0 0 0
0.028 0.00303737 0 0.0124813 0.0124813 0 0.00304047 0 0 0 0 0 0 0 0 0 0 0 0 0 0 0 0 0 0 0 0 0 0 0 0 0 0 0 0 0 0
0.026 0.00285756 0 0.0115712 0.0115712 0 0.00286048 0 0 0 0 0 0 0 0 0 0 0 0 0 0 0 0 0 0 0 0 0 0 0 0 0 0 0 0 0 0
0.024 0.00267586 0 0.0106621 0.0106621 0 0.00267859 0 0 0 0 0 0 0 0 0 0 0 0 0 0 0 0 0 0 0 0 0 0 0 0 0 0 0 0 0 0
0.022 0.00249202 0 0.00975399 0.00975399 0 0.00249457 0 0 0 0 0 0 0 0 0 0 0 0 0 0 0 0 0 0 0 0 0 0 0 0 0 0 0 0 0 0
0.02 0.00230577 0 0.00884712 0.00884712 0 0.00230812 0 0 0 0 0 0 0 0 0 0 0 0 0 0 0 0 0 0 0 0 0 0 0 0 0 0 0 0 0 0
0.018 0.00211672 0 0.00794164 0.00794164 0 0.00211888 0 0 0 0 0 0 0 0 0 0 0 0 0 0 0 0 0 0 0 0 0 0 0 0 0 0 0 0 0 0
0.016 0.00192442 0 0.00703779 0.00703779 0 0.00192639 0 0 0 0 0 0 0 0 0 0 0 0 0 0 0 0 0 0 0 0 0 0 0 0 0 0 0 0 0 0
0.014 0.00172827 0 0.00613587 0.00613587 0 0.00173003 0 0 0 0 0 0 0 0 0 0 0 0 0 0 0 0 0 0 0 0 0 0 0 0 0 0 0 0 0 0
0.012 0.00152744 0 0.00523628 0.00523628 0 0.001529 0 0 0 0 0 0 0 0 0 0 0 0 0 0 0 0 0 0 0 0 0 0 0 0 0 0 0 0 0 0
0.01 0.00132079 0 0.0043396 0.0043396 0 0.00132214 0 0 0 0 0 0 0 0 0 0 0 0 0 0 0 0 0 0 0 0 0 0 0 0 0 0 0 0 0 0
0.008 0.00110659 0 0.0034467 0.0034467 0 0.00110772 0 0 0 0 0 0 0 0 0 0 0 0 0 0 0 0 0 0 0 0 0 0 0 0 0 0 0 0 0 0
0.006 0.00088204 0 0.00255898 0.00255898 0 0.000882942 0 0 0 0 0 0 0 0 0 0 0 0 0 0 0 0 0 0 0 0 0 0 0 0 0 0 0 0 0 0
0.004 0.000641872 0 0.00167906 0.00167906 0 0.000642527 0 0 0 0 0 0 0 0 0 0 0 0 0 0 0 0 0 0 0 0 0 0 0 0 0 0 0 0 0 0
0.002 0.000373239 0 0.000813381 0.000813381 0 0.00037362 0 0 0 0 0 0 0 0 0 0 0 0 0 0 0 0 0 0 0 0 0 0 0 0 0 0 0 0 0 0
