1 0.0886203 0.0886203 0.1757 0.1757 0 0 0 0 0 0 0 0 0.000240755 0.000240755 0 0 0.0859201 0.0859201 0 0 0 0 0 0 0 0 0 0 0 0 0 0 0 0 0.149519 0.149519
0.998 0.0883839 0.0883839 0.175746 0.175746 0 0 0 0 0 0 0 0 0.000252865 0.000252865 0 0 0.0856476 0.0856476 0 0 0 0 0 0 0 0 0 0 0 0 0 0 0 0 0.14897 0.14897
0.996 0.0881476 0.0881476 0.175791 0.175791 0 0 0 0 0 0 0 0 0.000265136 0.000265136 0 0 0.0853748 0.0853748 0 0 0 0 0 0 0 0 0 0 0 0 0 0 0 0 0.148421 0.148421
0.994 0.0879114 0.0879114 0.175837 0.175837 0 0 0 0 0 0 0 0 0.000277565 0.000277565 0 0 0.0851018 0.0851018 0 0 0 0 0 0 0 0 0 0 0 0 0 0 0 0 0.147873 0.147873
0.992 0.0876752 0.0876752 0.175882 0.175882 0 0 0 0 0 0 0 0 0.000290147 0.000290147 0 0 0.0848285 0.0848285 0 0 0 0 0 0 0 0 0 0 0 0 0 0 0 0 0.147324 0.147324
0.99 0.0874391 0.0874391 0.175927 0.175927 0 0 0 0 0 0 0 0 0.000302877 0.000302877 0 0 0.0845549 0.0845549 0 0 0 0 0 0 0 0 0 0 0 0 0 0 0 0 0.146776 0.146776
0.988 0.0872032 0.0872032 0.175973 0.175973 0 0 0 0 0 0 0 0 0.000315711 0.000315711 0 0 0.0842809 0.0842809 0 0 0 0 0 0 0 0 0 0 0 0 0 0 0 0 0.146227 0.146227
0.986 0.0869679 0.0869679 0.176018 0.176018 0 0 0 0 0 0 0 0 0.000328569 0.000328569 0 0 0.0840057 0.0840057 0 0 0 0 0 0 0 0 0 0 0 0 0 0 0 0 0.14568 0.14568
0.984 0.086733 0.086733 0.176063 0.176063 0 0 0 0 0 0 0 0 0.000341494 0.000341494 0 0 0.0837299 0.0837299 0 0 0 0 0 0 0 0 0 0 0 0 0 0 0 0 0.145132 0.145132
0.982 0.0864983 0.0864983 0.176109 0.176109 0 0 0 0 0 0 0 0 0.000354497 0.000354497 0 0 0.0834535 0.0834535 0 0 0 0 0 0 0 0 0 0 0 0 0 0 0 0 0.144585 0.144585
0.98 0.0862639 0.0862639 0.176154 0.176154 0 0 0 0 0 0 0 0 0.000367578 0.000367578 0 0 0.0831766 0.0831766 0 0 0 0 0 0 0 0 0 0 0 0 0 0 0 0 0.144038 0.144038
0.978 0.0860297 0.0860297 0.176199 0.176199 0 0 0 0 0 0 0 0 0.000380739 0.000380739 0 0 0.0828992 0.0828992 0 0 0 0 0 0 0 0 0 0 0 0 0 0 0 0 0.143491 0.143491
0.976 0.0857958 0.0857958 0.176244 0.176244 0 0 0 0 0 0 0 0 0.000393978 0.000393978 0 0 0.0826213 0.0826213 0 0 0 0 0 0 0 0 0 0 0 0 0 0 0 0 0.142945 0.142945
0.974 0.085562 0.085562 0.17629 0.17629 0 0 0 0 0 0 0 0 0.000407294 0.000407294 0 0 0.0823429 0.0823429 0 0 0 0 0 0 0 0 0 0 0 0 0 0 0 0 0.142398 0.142398
0.972 0.0853284 0.0853284 0.176335 0.176335 0 0 0 0 0 0 0 0 0.000420685 0.000420685 0 0 0.0820642 0.0820642 0 0 0 0 0 0 0 0 0 0 0 0 0 0 0 0 0.141852 0.141852
0.97 0.085095 0.085095 0.17638 0.17638 0 0 0 0 0 0 0 0 0.000434149 0.000434149 0 0 0.081785 0.081785 0 0 0 0 0 0 0 0 0 0 0 0 0 0 0 0 0.141306 0.141306
0.968 0.0848617 0.0848617 0.176425 0.176425 0 0 0 0 0 0 0 0 0.000447683 0.000447683 0 0 0.0815054 0.0815054 0 0 0 0 0 0 0 0 0 0 0 0 0 0 0 0 0.14076 0.14076
0.966 0.0846287 0.0846287 0.17647 0.17647 0 0 0 0 0 0 0 0 0.000461285 0.000461285 0 0 0.0812254 0.0812254 0 0 0 0 0 0 0 0 0 0 0 0 0 0 0 0 0.140215 0.140215
0.964 0.0843958 0.0843958 0.176515 0.176515 0 0 0 0 0 0 0 0 0.000474953 0.000474953 0 0 0.080945 0.080945 0 0 0 0 0 0 0 0 0 0 0 0 0 0 0 0 0.139669 0.139669
0.962 0.084163 0.084163 0.17656 0.17656 0 0 0 0 0 0 0 0 0.000488684 0.000488684 0 0 0.0806642 0.0806642 0 0 0 0 0 0 0 0 0 0 0 0 0 0 0 0 0.139124 0.139124
0.96 0.0839304 0.0839304 0.176605 0.176605 0 0 0 0 0 0 0 0 0.000502475 0.000502475 0 0 0.0803831 0.0803831 0 0 0 0 0 0 0 0 0 0 0 0 0 0 0 0 0.138579 0.138579
0.958 0.083698 0.083698 0.176649 0.176649 0 0 0 0 0 0 0 0 0.000516325 0.000516325 0 0 0.0801016 0.0801016 0 0 0 0 0 0 0 0 0 0 0 0 0 0 0 0 0.138035 0.138035
0.956 0.0834657 0.0834657 0.176694 0.176694 0 0 0 0 0 0 0 0 0.000530231 0.000530231 0 0 0.0798197 0.0798197 0 0 0 0 0 0 0 0 0 0 0 0 0 0 0 0 0.13749 0.13749
0.954 0.0832335 0.0832335 0.176739 0.176739 0 0 0 0 0 0 0 0 0.000544189 0.000544189 0 0 0.0795374 0.0795374 0 0 0 0 0 0 0 0 0 0 0 0 0 0 0 0 0.136946 0.136946
0.952 0.0830015 0.0830015 0.176784 0.176784 0 0 0 0 0 0 0 0 0.000558199 0.000558199 0 0 0.0792548 0.0792548 0 0 0 0 0 0 0 0 0 0 0 0 0 0 0 0 0.136402 0.136402
0.95 0.0827696 0.0827696 0.176828 0.176828 0 0 0 0 0 0 0 0 0.000572257 0.000572257 0 0 0.0789719 0.0789719 0 0 0 0 0 0 0 0 0 0 0 0 0 0 0 0 0.135858 0.135858
0.948 0.0825379 0.0825379 0.176873 0.176873 0 0 0 0 0 0 0 0 0.000586361 0.000586361 0 0 0.0786886 0.0786886 0 0 0 0 0 0 0 0 0 0 0 0 0 0 0 0 0.135314 0.135314
0.946 0.0823063 0.0823063 0.176917 0.176917 0 0 0 0 0 0 0 0 0.000600509 0.000600509 0 0 0.0784049 0.0784049 0 0 0 0 0 0 0 0 0 0 0 0 0 0 0 0 0.134771 0.134771
0.944 0.0820748 0.0820748 0.176962 0.176962 0 0 0 0 0 0 0 0 0.000614698 0.000614698 0 0 0.078121 0.078121 0 0 0 0 0 0 0 0 0 0 0 0 0 0 0 0 0.134228 0.134228
0.942 0.0818435 0.0818435 0.177006 0.177006 0 0 0 0 0 0 0 0 0.000628926 0.000628926 0 0 0.0778366 0.0778366 0 0 0 0 0 0 0 0 0 0 0 0 0 0 0 0 0.133685 0.133685
0.94 0.0816123 0.0816123 0.177051 0.177051 0 0 0 0 0 0 0 0 0.000643191 0.000643191 0 0 0.077552 0.077552 0 0 0 0 0 0 0 0 0 0 0 0 0 0 0 0 0.133142 0.133142
0.938 0.0813812 0.0813812 0.177095 0.177095 0 0 0 0 0 0 0 0 0.00065749 0.00065749 0 0 0.077267 0.077267 0 0 0 0 0 0 0 0 0 0 0 0 0 0 0 0 0.132599 0.132599
0.936 0.0811502 0.0811502 0.17714 0.17714 0 0 0 0 0 0 0 0 0.000671822 0.000671822 0 0 0.0769817 0.0769817 0 0 0 0 0 0 0 0 0 0 0 0 0 0 0 0 0.132057 0.132057
0.934 0.0809194 0.0809194 0.177184 0.177184 0 0 0 0 0 0 0 0 0.000686183 0.000686183 0 0 0.076696 0.076696 0 0 0 0 0 0 0 0 0 0 0 0 0 0 0 0 0.131515 0.131515
0.932 0.0806887 0.0806887 0.177228 0.177228 0 0 0 0 0 0 0 0 0.000700572 0.000700572 0 0 0.07641 0.07641 0 0 0 0 0 0 0 0 0 0 0 0 0 0 0 0 0.130973 0.130973
0.93 0.0804581 0.0804581 0.177272 0.177272 0 0 0 0 0 0 0 0 0.000714986 0.000714986 0 0 0.0761237 0.0761237 0 0 0 0 0 0 0 0 0 0 0 0 0 0 0 0 0.130431 0.130431
0.928 0.0802276 0.0802276 0.177316 0.177316 0 0 0 0 0 0 0 0 0.000729424 0.000729424 0 0 0.0758371 0.0758371 0 0 0 0 0 0 0 0 0 0 0 0 0 0 0 0 0.129889 0.129889
0.926 0.0799972 0.0799972 0.177361 0.177361 0 0 0 0 0 0 0 0 0.000743882 0.000743882 0 0 0.0755502 0.0755502 0 0 0 0 0 0 0 0 0 0 0 0 0 0 0 0 0.129348 0.129348
0.924 0.079767 0.079767 0.177405 0.177405 0 0 0 0 0 0 0 0 0.00075836 0.00075836 0 0 0.0752629 0.0752629 0 0 0 0 0 0 0 0 0 0 0 0 0 0 0 0 0.128807 0.128807
0.922 0.0795368 0.0795368 0.177449 0.177449 0 0 0 0 0 0 0 0 0.000772855 0.000772855 0 0 0.0749754 0.0749754 0 0 0 0 0 0 0 0 0 0 0 0 0 0 0 0 0.128266 0.128266
0.92 0.0793068 0.0793068 0.177493 0.177493 0 0 0 0 0 0 0 0 0.000787364 0.000787364 0 0 0.0746875 0.0746875 0 0 0 0 0 0 0 0 0 0 0 0 0 0 0 0 0.127726 0.127726
0.918 0.0790769 0.0790769 0.177537 0.177537 0 0 0 0 0 0 0 0 0.000801885 0.000801885 0 0 0.0743993 0.0743993 0 0 0 0 0 0 0 0 0 0 0 0 0 0 0 0 0.127185 0.127185
0.916 0.0788471 0.0788471 0.17758 0.17758 0 0 0 0 0 0 0 0 0.000816418 0.000816418 0 0 0.0741108 0.0741108 0 0 0 0 0 0 0 0 0 0 0 0 0 0 0 0 0.126645 0.126645
0.914 0.0786174 0.0786174 0.177624 0.177624 0 0 0 0 0 0 0 0 0.000830958 0.000830958 0 0 0.073822 0.073822 0 0 0 0 0 0 0 0 0 0 0 0 0 0 0 0 0.126105 0.126105
0.912 0.0783878 0.0783878 0.177668 0.177668 0 0 0 0 0 0 0 0 0.000845505 0.000845505 0 0 0.0735329 0.0735329 0 0 0 0 0 0 0 0 0 0 0 0 0 0 0 0 0.125566 0.125566
0.91 0.0781583 0.0781583 0.177712 0.177712 0 0 0 0 0 0 0 0 0.000860057 0.000860057 0 0 0.0732435 0.0732435 0 0 0 0 0 0 0 0 0 0 0 0 0 0 0 0 0.125026 0.125026
0.908 0.077929 0.077929 0.177755 0.177755 0 0 0 0 0 0 0 0 0.000874611 0.000874611 0 0 0.0729538 0.0729538 0 0 0 0 0 0 0 0 0 0 0 0 0 0 0 0 0.124487 0.124487
0.906 0.0776997 0.0776997 0.177799 0.177799 0 0 0 0 0 0 0 0 0.000889165 0.000889165 0 0 0.0726638 0.0726638 0 0 0 0 0 0 0 0 0 0 0 0 0 0 0 0 0.123948 0.123948
0.904 0.0774705 0.0774705 0.177843 0.177843 0 0 0 0 0 0 0 0 0.000903717 0.000903717 0 0 0.0723735 0.0723735 0 0 0 0 0 0 0 0 0 0 0 0 0 0 0 0 0.12341 0.12341
0.902 0.0772415 0.0772415 0.177886 0.177886 0 0 0 0 0 0 0 0 0.000918265 0.000918265 0 0 0.0720828 0.0720828 0 0 0 0 0 0 0 0 0 0 0 0 0 0 0 0 0.122871 0.122871
0.9 0.0770125 0.0770125 0.17793 0.17793 0 0 0 0 0 0 0 0 0.000932808 0.000932808 0 0 0.0717919 0.0717919 0 0 0 0 0 0 0 0 0 0 0 0 0 0 0 0 0.122333 0.122333
0.898 0.0767836 0.0767836 0.177973 0.177973 0 0 0 0 0 0 0 0 0.000947343 0.000947343 0 0 0.0715007 0.0715007 0 0 0 0 0 0 0 0 0 0 0 0 0 0 0 0 0.121795 0.121795
0.896 0.0765548 0.0765548 0.178016 0.178016 0 0 0 0 0 0 0 0 0.000961869 0.000961869 0 0 0.0712092 0.0712092 0 0 0 0 0 0 0 0 0 0 0 0 0 0 0 0 0.121258 0.121258
0.894 0.0763262 0.0763262 0.17806 0.17806 0 0 0 0 0 0 0 0 0.000976383 0.000976383 0 0 0.0709174 0.0709174 0 0 0 0 0 0 0 0 0 0 0 0 0 0 0 0 0.12072 0.12072
0.892 0.0760976 0.0760976 0.178103 0.178103 0 0 0 0 0 0 0 0 0.000990883 0.000990883 0 0 0.0706254 0.0706254 0 0 0 0 0 0 0 0 0 0 0 0 0 0 0 0 0.120183 0.120183
0.89 0.0758691 0.0758691 0.178146 0.178146 0 0 0 0 0 0 0 0 0.00100537 0.00100537 0 0 0.070333 0.070333 0 0 0 0 0 0 0 0 0 0 0 0 0 0 0 0 0.119646 0.119646
0.888 0.0756407 0.0756407 0.178189 0.178189 0 0 0 0 0 0 0 0 0.00101984 0.00101984 0 0 0.0700403 0.0700403 0 0 0 0 0 0 0 0 0 0 0 0 0 0 0 0 0.11911 0.11911
0.886 0.0754124 0.0754124 0.178233 0.178233 0 0 0 0 0 0 0 0 0.00103428 0.00103428 0 0 0.0697474 0.0697474 0 0 0 0 0 0 0 0 0 0 0 0 0 0 0 0 0.118573 0.118573
0.884 0.0751842 0.0751842 0.178276 0.178276 0 0 0 0 0 0 0 0 0.00104871 0.00104871 0 0 0.0694541 0.0694541 0 0 0 0 0 0 0 0 0 0 0 0 0 0 0 0 0.118037 0.118037
0.882 0.0749561 0.0749561 0.178319 0.178319 0 0 0 0 0 0 0 0 0.00106311 0.00106311 0 0 0.0691606 0.0691606 0 0 0 0 0 0 0 0 0 0 0 0 0 0 0 0 0.117502 0.117502
0.88 0.074728 0.074728 0.178362 0.178362 0 0 0 0 0 0 0 0 0.00107749 0.00107749 0 0 0.0688668 0.0688668 0 0 0 0 0 0 0 0 0 0 0 0 0 0 0 0 0.116966 0.116966
0.878 0.0745001 0.0745001 0.178404 0.178404 0 0 0 0 0 0 0 0 0.00109184 0.00109184 0 0 0.0685727 0.0685727 0 0 0 0 0 0 0 0 0 0 0 0 0 0 0 0 0.116431 0.116431
0.876 0.0742722 0.0742722 0.178447 0.178447 0 0 0 0 0 0 0 0 0.00110617 0.00110617 0 0 0.0682783 0.0682783 0 0 0 0 0 0 0 0 0 0 0 0 0 0 0 0 0.115896 0.115896
0.874 0.0740445 0.0740445 0.17849 0.17849 0 0 0 0 0 0 0 0 0.00112046 0.00112046 0 0 0.0679836 0.0679836 0 0 0 0 0 0 0 0 0 0 0 0 0 0 0 0 0.115361 0.115361
0.872 0.0738168 0.0738168 0.178533 0.178533 0 0 0 0 0 0 0 0 0.00113472 0.00113472 0 0 0.0676887 0.0676887 0 0 0 0 0 0 0 0 0 0 0 0 0 0 0 0 0.114827 0.114827
0.87 0.0735892 0.0735892 0.178576 0.178576 0 0 0 0 0 0 0 0 0.00114894 0.00114894 0 0 0.0673935 0.0673935 0 0 0 0 0 0 0 0 0 0 0 0 0 0 0 0 0.114293 0.114293
0.868 0.0733617 0.0733617 0.178618 0.178618 0 0 0 0 0 0 0 0 0.00116313 0.00116313 0 0 0.0670979 0.0670979 0 0 0 0 0 0 0 0 0 0 0 0 0 0 0 0 0.113759 0.113759
0.866 0.0731342 0.0731342 0.178661 0.178661 0 0 0 0 0 0 0 0 0.00117728 0.00117728 0 0 0.0668022 0.0668022 0 0 0 0 0 0 0 0 0 0 0 0 0 0 0 0 0.113226 0.113226
0.864 0.0729069 0.0729069 0.178703 0.178703 0 0 0 0 0 0 0 0 0.00119139 0.00119139 0 0 0.0665061 0.0665061 0 0 0 0 0 0 0 0 0 0 0 0 0 0 0 0 0.112692 0.112692
0.862 0.0726796 0.0726796 0.178746 0.178746 0 0 0 0 0 0 0 0 0.00120546 0.00120546 0 0 0.0662098 0.0662098 0 0 0 0 0 0 0 0 0 0 0 0 0 0 0 0 0.11216 0.11216
0.86 0.0724524 0.0724524 0.178788 0.178788 0 0 0 0 0 0 0 0 0.00121948 0.00121948 0 0 0.0659131 0.0659131 0 0 0 0 0 0 0 0 0 0 0 0 0 0 0 0 0.111627 0.111627
0.858 0.0722253 0.0722253 0.17883 0.17883 0 0 0 0 0 0 0 0 0.00123346 0.00123346 0 0 0.0656163 0.0656163 0 0 0 0 0 0 0 0 0 0 0 0 0 0 0 0 0.111095 0.111095
0.856 0.0719982 0.0719982 0.178873 0.178873 0 0 0 0 0 0 0 0 0.00124739 0.00124739 0 0 0.0653191 0.0653191 0 0 0 0 0 0 0 0 0 0 0 0 0 0 0 0 0.110563 0.110563
0.854 0.0717713 0.0717713 0.178915 0.178915 0 0 0 0 0 0 0 0 0.00126127 0.00126127 0 0 0.0650217 0.0650217 0 0 0 0 0 0 0 0 0 0 0 0 0 0 0 0 0.110031 0.110031
0.852 0.0715444 0.0715444 0.178957 0.178957 0 0 0 0 0 0 0 0 0.0012751 0.0012751 0 0 0.0647239 0.0647239 0 0 0 0 0 0 0 0 0 0 0 0 0 0 0 0 0.1095 0.1095
0.85 0.0713176 0.0713176 0.178999 0.178999 0 0 0 0 0 0 0 0 0.00128888 0.00128888 0 0 0.064426 0.064426 0 0 0 0 0 0 0 0 0 0 0 0 0 0 0 0 0.108969 0.108969
0.848 0.0710908 0.0710908 0.179041 0.179041 0 0 0 0 0 0 0 0 0.0013026 0.0013026 0 0 0.0641277 0.0641277 0 0 0 0 0 0 0 0 0 0 0 0 0 0 0 0 0.108438 0.108438
0.846 0.0708641 0.0708641 0.179083 0.179083 0 0 0 0 0 0 0 0 0.00131626 0.00131626 0 0 0.0638292 0.0638292 0 0 0 0 0 0 0 0 0 0 0 0 0 0 0 0 0.107907 0.107907
0.844 0.0706375 0.0706375 0.179125 0.179125 0 0 0 0 0 0 0 0 0.00132987 0.00132987 0 0 0.0635304 0.0635304 0 0 0 0 0 0 0 0 0 0 0 0 0 0 0 0 0.107377 0.107377
0.842 0.070411 0.070411 0.179167 0.179167 0 0 0 0 0 0 0 0 0.00134341 0.00134341 0 0 0.0632313 0.0632313 0 0 0 0 0 0 0 0 0 0 0 0 0 0 0 0 0.106848 0.106848
0.84 0.0701845 0.0701845 0.179208 0.179208 0 0 0 0 0 0 0 0 0.0013569 0.0013569 0 0 0.062932 0.062932 0 0 0 0 0 0 0 0 0 0 0 0 0 0 0 0 0.106318 0.106318
0.838 0.0699581 0.0699581 0.17925 0.17925 0 0 0 0 0 0 0 0 0.00137032 0.00137032 0 0 0.0626324 0.0626324 0 0 0 0 0 0 0 0 0 0 0 0 0 0 0 0 0.105789 0.105789
0.836 0.0697318 0.0697318 0.179292 0.179292 0 0 0 0 0 0 0 0 0.00138367 0.00138367 0 0 0.0623326 0.0623326 0 0 0 0 0 0 0 0 0 0 0 0 0 0 0 0 0.10526 0.10526
0.834 0.0695056 0.0695056 0.179333 0.179333 0 0 0 0 0 0 0 0 0.00139695 0.00139695 0 0 0.0620324 0.0620324 0 0 0 0 0 0 0 0 0 0 0 0 0 0 0 0 0.104732 0.104732
0.832 0.0692793 0.0692793 0.179375 0.179375 0 0 0 0 0 0 0 0 0.00141017 0.00141017 0 0 0.061732 0.061732 0 0 0 0 0 0 0 0 0 0 0 0 0 0 0 0 0.104204 0.104204
0.83 0.0690532 0.0690532 0.179416 0.179416 0 0 0 0 0 0 0 0 0.00142331 0.00142331 0 0 0.0614314 0.0614314 0 0 0 0 0 0 0 0 0 0 0 0 0 0 0 0 0.103676 0.103676
0.828 0.0688271 0.0688271 0.179457 0.179457 0 0 0 0 0 0 0 0 0.00143638 0.00143638 0 0 0.0611305 0.0611305 0 0 0 0 0 0 0 0 0 0 0 0 0 0 0 0 0.103149 0.103149
0.826 0.0686011 0.0686011 0.179499 0.179499 0 0 0 0 0 0 0 0 0.00144937 0.00144937 0 0 0.0608293 0.0608293 0 0 0 0 0 0 0 0 0 0 0 0 0 0 0 0 0.102622 0.102622
0.824 0.0683752 0.0683752 0.17954 0.17954 0 0 0 0 0 0 0 0 0.00146229 0.00146229 0 0 0.0605279 0.0605279 0 0 0 0 0 0 0 0 0 0 0 0 0 0 0 0 0.102095 0.102095
0.822 0.0681493 0.0681493 0.179581 0.179581 0 0 0 0 0 0 0 0 0.00147513 0.00147513 0 0 0.0602262 0.0602262 0 0 0 0 0 0 0 0 0 0 0 0 0 0 0 0 0.101568 0.101568
0.82 0.0679234 0.0679234 0.179622 0.179622 0 0 0 0 0 0 0 0 0.00148789 0.00148789 0 0 0.0599242 0.0599242 0 0 0 0 0 0 0 0 0 0 0 0 0 0 0 0 0.101042 0.101042
0.818 0.0676977 0.0676977 0.179663 0.179663 0 0 0 0 0 0 0 0 0.00150056 0.00150056 0 0 0.059622 0.059622 0 0 0 0 0 0 0 0 0 0 0 0 0 0 0 0 0.100517 0.100517
0.816 0.0674719 0.0674719 0.179704 0.179704 0 0 0 0 0 0 0 0 0.00151315 0.00151315 0 0 0.0593195 0.0593195 0 0 0 0 0 0 0 0 0 0 0 0 0 0 0 0 0.0999915 0.0999915
0.814 0.0672463 0.0672463 0.179745 0.179745 0 0 0 0 0 0 0 0 0.00152566 0.00152566 0 0 0.0590168 0.0590168 0 0 0 0 0 0 0 0 0 0 0 0 0 0 0 0 0.0994666 0.0994666
0.812 0.0670206 0.0670206 0.179785 0.179785 0 0 0 0 0 0 0 0 0.00153807 0.00153807 0 0 0.0587138 0.0587138 0 0 0 0 0 0 0 0 0 0 0 0 0 0 0 0 0.098942 0.098942
0.81 0.0667951 0.0667951 0.179826 0.179826 0 0 0 0 0 0 0 0 0.0015504 0.0015504 0 0 0.0584106 0.0584106 0 0 0 0 0 0 0 0 0 0 0 0 0 0 0 0 0.0984179 0.0984179
0.808 0.0665696 0.0665696 0.179867 0.179867 0 0 0 0 0 0 0 0 0.00156263 0.00156263 0 0 0.0581071 0.0581071 0 0 0 0 0 0 0 0 0 0 0 0 0 0 0 0 0.0978941 0.0978941
0.806 0.0663441 0.0663441 0.179907 0.179907 0 0 0 0 0 0 0 0 0.00157477 0.00157477 0 0 0.0578034 0.0578034 0 0 0 0 0 0 0 0 0 0 0 0 0 0 0 0 0.0973706 0.0973706
0.804 0.0661187 0.0661187 0.179948 0.179948 0 0 0 0 0 0 0 0 0.00158681 0.00158681 0 0 0.0574994 0.0574994 0 0 0 0 0 0 0 0 0 0 0 0 0 0 0 0 0.0968476 0.0968476
0.802 0.0658933 0.0658933 0.179988 0.179988 0 0 0 0 0 0 0 0 0.00159876 0.00159876 0 0 0.0571951 0.0571951 0 0 0 0 0 0 0 0 0 0 0 0 0 0 0 0 0.0963249 0.0963249
0.8 0.065668 0.065668 0.180028 0.180028 0 0 0 0 0 0 0 0 0.0016106 0.0016106 0 0 0.0568906 0.0568906 0 0 0 0 0 0 0 0 0 0 0 0 0 0 0 0 0.0958026 0.0958026
0.798 0.0654427 0.0654427 0.180068 0.180068 0 0 0 0 0 0 0 0 0.00162235 0.00162235 0 0 0.0565859 0.0565859 0 0 0 0 0 0 0 0 0 0 0 0 0 0 0 0 0.0952807 0.0952807
0.796 0.0652175 0.0652175 0.180108 0.180108 0 0 0 0 0 0 0 0 0.00163399 0.00163399 0 0 0.0562809 0.0562809 0 0 0 0 0 0 0 0 0 0 0 0 0 0 0 0 0.0947592 0.0947592
0.794 0.0649923 0.0649923 0.180148 0.180148 0 0 0 0 0 0 0 0 0.00164553 0.00164553 0 0 0.0559757 0.0559757 0 0 0 0 0 0 0 0 0 0 0 0 0 0 0 0 0.0942381 0.0942381
0.792 0.0647672 0.0647672 0.180188 0.180188 0 0 0 0 0 0 0 0 0.00165696 0.00165696 0 0 0.0556702 0.0556702 0 0 0 0 0 0 0 0 0 0 0 0 0 0 0 0 0.0937174 0.0937174
0.79 0.0645421 0.0645421 0.180228 0.180228 0 0 0 0 0 0 0 0 0.00166828 0.00166828 0 0 0.0553644 0.0553644 0 0 0 0 0 0 0 0 0 0 0 0 0 0 0 0 0.0931971 0.0931971
0.788 0.0643171 0.0643171 0.180268 0.180268 0 0 0 0 0 0 0 0 0.00167949 0.00167949 0 0 0.0550585 0.0550585 0 0 0 0 0 0 0 0 0 0 0 0 0 0 0 0 0.0926772 0.0926772
0.786 0.064092 0.064092 0.180307 0.180307 0 0 0 0 0 0 0 0 0.00169059 0.00169059 0 0 0.0547523 0.0547523 0 0 0 0 0 0 0 0 0 0 0 0 0 0 0 0 0.0921577 0.0921577
0.784 0.0638671 0.0638671 0.180347 0.180347 0 0 0 0 0 0 0 0 0.00170157 0.00170157 0 0 0.0544458 0.0544458 0 0 0 0 0 0 0 0 0 0 0 0 0 0 0 0 0.0916386 0.0916386
0.782 0.0636421 0.0636421 0.180386 0.180386 0 0 0 0 0 0 0 0 0.00171244 0.00171244 0 0 0.0541391 0.0541391 0 0 0 0 0 0 0 0 0 0 0 0 0 0 0 0 0.09112 0.09112
0.78 0.0634172 0.0634172 0.180426 0.180426 0 0 0 0 0 0 0 0 0.00172319 0.00172319 0 0 0.0538321 0.0538321 0 0 0 0 0 0 0 0 0 0 0 0 0 0 0 0 0.0906017 0.0906017
0.778 0.0631923 0.0631923 0.180465 0.180465 0 0 0 0 0 0 0 0 0.00173381 0.00173381 0 0 0.053525 0.053525 0 0 0 0 0 0 0 0 0 0 0 0 0 0 0 0 0.0900839 0.0900839
0.776 0.0629675 0.0629675 0.180504 0.180504 0 0 0 0 0 0 0 0 0.00174432 0.00174432 0 0 0.0532175 0.0532175 0 0 0 0 0 0 0 0 0 0 0 0 0 0 0 0 0.0895665 0.0895665
0.774 0.0627427 0.0627427 0.180543 0.180543 0 0 0 0 0 0 0 0 0.0017547 0.0017547 0 0 0.0529099 0.0529099 0 0 0 0 0 0 0 0 0 0 0 0 0 0 0 0 0.0890495 0.0890495
0.772 0.0625179 0.0625179 0.180582 0.180582 0 0 0 0 0 0 0 0 0.00176496 0.00176496 0 0 0.052602 0.052602 0 0 0 0 0 0 0 0 0 0 0 0 0 0 0 0 0.088533 0.088533
0.77 0.0622932 0.0622932 0.180621 0.180621 0 0 0 0 0 0 0 0 0.00177509 0.00177509 0 0 0.0522939 0.0522939 0 0 0 0 0 0 0 0 0 0 0 0 0 0 0 0 0.0880169 0.0880169
0.768 0.0620684 0.0620684 0.18066 0.18066 0 0 0 0 0 0 0 0 0.00178508 0.00178508 0 0 0.0519855 0.0519855 0 0 0 0 0 0 0 0 0 0 0 0 0 0 0 0 0.0875012 0.0875012
0.766 0.0618438 0.0618438 0.180698 0.180698 0 0 0 0 0 0 0 0 0.00179495 0.00179495 0 0 0.0516769 0.0516769 0 0 0 0 0 0 0 0 0 0 0 0 0 0 0 0 0.086986 0.086986
0.764 0.0616191 0.0616191 0.180737 0.180737 0 0 0 0 0 0 0 0 0.00180468 0.00180468 0 0 0.0513681 0.0513681 0 0 0 0 0 0 0 0 0 0 0 0 0 0 0 0 0.0864712 0.0864712
0.762 0.0613945 0.0613945 0.180775 0.180775 0 0 0 0 0 0 0 0 0.00181428 0.00181428 0 0 0.051059 0.051059 0 0 0 0 0 0 0 0 0 0 0 0 0 0 0 0 0.0859569 0.0859569
0.76 0.0611698 0.0611698 0.180814 0.180814 0 0 0 0 0 0 0 0 0.00182374 0.00182374 0 0 0.0507497 0.0507497 0 0 0 0 0 0 0 0 0 0 0 0 0 0 0 0 0.085443 0.085443
0.758 0.0609453 0.0609453 0.180852 0.180852 0 0 0 0 0 0 0 0 0.00183306 0.00183306 0 0 0.0504402 0.0504402 0 0 0 0 0 0 0 0 0 0 0 0 0 0 0 0 0.0849296 0.0849296
0.756 0.0607207 0.0607207 0.18089 0.18089 0 0 0 0 0 0 0 0 0.00184223 0.00184223 0 0 0.0501305 0.0501305 0 0 0 0 0 0 0 0 0 0 0 0 0 0 0 0 0.0844166 0.0844166
0.754 0.0604961 0.0604961 0.180928 0.180928 0 0 0 0 0 0 0 0 0.00185127 0.00185127 0 0 0.0498205 0.0498205 0 0 0 0 0 0 0 0 0 0 0 0 0 0 0 0 0.0839041 0.0839041
0.752 0.0602716 0.0602716 0.180966 0.180966 0 0 0 0 0 0 0 0 0.00186016 0.00186016 0 0 0.0495103 0.0495103 0 0 0 0 0 0 0 0 0 0 0 0 0 0 0 0 0.0833921 0.0833921
0.75 0.0600471 0.0600471 0.181004 0.181004 0 0 0 0 0 0 0 0 0.0018689 0.0018689 0 0 0.0491999 0.0491999 0 0 0 0 0 0 0 0 0 0 0 0 0 0 0 0 0.0828805 0.0828805
0.748 0.0598226 0.0598226 0.181041 0.181041 0 0 0 0 0 0 0 0 0.00187749 0.00187749 0 0 0.0488892 0.0488892 0 0 0 0 0 0 0 0 0 0 0 0 0 0 0 0 0.0823695 0.0823695
0.746 0.0595981 0.0595981 0.181079 0.181079 0 0 0 0 0 0 0 0 0.00188593 0.00188593 0 0 0.0485784 0.0485784 0 0 0 0 0 0 0 0 0 0 0 0 0 0 0 0 0.0818588 0.0818588
0.744 0.0593736 0.0593736 0.181116 0.181116 0 0 0 0 0 0 0 0 0.00189422 0.00189422 0 0 0.0482673 0.0482673 0 0 0 0 0 0 0 0 0 0 0 0 0 0 0 0 0.0813487 0.0813487
0.742 0.0591492 0.0591492 0.181153 0.181153 0 0 0 0 0 0 0 0 0.00190235 0.00190235 0 0 0.047956 0.047956 0 0 0 0 0 0 0 0 0 0 0 0 0 0 0 0 0.0808391 0.0808391
0.74 0.0589247 0.0589247 0.181191 0.181191 0 0 0 0 0 0 0 0 0.00191032 0.00191032 0 0 0.0476445 0.0476445 0 0 0 0 0 0 0 0 0 0 0 0 0 0 0 0 0.0803299 0.0803299
0.738 0.0587003 0.0587003 0.181228 0.181228 0 0 0 0 0 0 0 0 0.00191813 0.00191813 0 0 0.0473327 0.0473327 0 0 0 0 0 0 0 0 0 0 0 0 0 0 0 0 0.0798212 0.0798212
0.736 0.0584759 0.0584759 0.181264 0.181264 0 0 0 0 0 0 0 0 0.00192579 0.00192579 0 0 0.0470208 0.0470208 0 0 0 0 0 0 0 0 0 0 0 0 0 0 0 0 0.0793131 0.0793131
0.734 0.0582515 0.0582515 0.181301 0.181301 0 0 0 0 0 0 0 0 0.00193328 0.00193328 0 0 0.0467086 0.0467086 0 0 0 0 0 0 0 0 0 0 0 0 0 0 0 0 0.0788054 0.0788054
0.732 0.0580271 0.0580271 0.181338 0.181338 0 0 0 0 0 0 0 0 0.0019406 0.0019406 0 0 0.0463962 0.0463962 0 0 0 0 0 0 0 0 0 0 0 0 0 0 0 0 0.0782982 0.0782982
0.73 0.0578027 0.0578027 0.181374 0.181374 0 0 0 0 0 0 0 0 0.00194775 0.00194775 0 0 0.0460837 0.0460837 0 0 0 0 0 0 0 0 0 0 0 0 0 0 0 0 0.0777916 0.0777916
0.728 0.0575783 0.0575783 0.181411 0.181411 0 0 0 0 0 0 0 0 0.00195474 0.00195474 0 0 0.0457709 0.0457709 0 0 0 0 0 0 0 0 0 0 0 0 0 0 0 0 0.0772854 0.0772854
0.726 0.0573539 0.0573539 0.181447 0.181447 0 0 0 0 0 0 0 0 0.00196155 0.00196155 0 0 0.0454579 0.0454579 0 0 0 0 0 0 0 0 0 0 0 0 0 0 0 0 0.0767798 0.0767798
0.724 0.0571295 0.0571295 0.181483 0.181483 0 0 0 0 0 0 0 0 0.00196819 0.00196819 0 0 0.0451447 0.0451447 0 0 0 0 0 0 0 0 0 0 0 0 0 0 0 0 0.0762747 0.0762747
0.722 0.0569051 0.0569051 0.181519 0.181519 0 0 0 0 0 0 0 0 0.00197465 0.00197465 0 0 0.0448312 0.0448312 0 0 0 0 0 0 0 0 0 0 0 0 0 0 0 0 0.0757701 0.0757701
0.72 0.0566807 0.0566807 0.181555 0.181555 0 0 0 0 0 0 0 0 0.00198094 0.00198094 0 0 0.0445176 0.0445176 0 0 0 0 0 0 0 0 0 0 0 0 0 0 0 0 0.075266 0.075266
0.718 0.0564562 0.0564562 0.18159 0.18159 0 0 0 0 0 0 0 0 0.00198704 0.00198704 0 0 0.0442038 0.0442038 0 0 0 0 0 0 0 0 0 0 0 0 0 0 0 0 0.0747625 0.0747625
0.716 0.0562318 0.0562318 0.181626 0.181626 0 0 0 0 0 0 0 0 0.00199297 0.00199297 0 0 0.0438898 0.0438898 0 0 0 0 0 0 0 0 0 0 0 0 0 0 0 0 0.0742595 0.0742595
0.714 0.0560074 0.0560074 0.181661 0.181661 0 0 0 0 0 0 0 0 0.0019987 0.0019987 0 0 0.0435756 0.0435756 0 0 0 0 0 0 0 0 0 0 0 0 0 0 0 0 0.073757 0.073757
0.712 0.055783 0.055783 0.181696 0.181696 0 0 0 0 0 0 0 0 0.00200425 0.00200425 0 0 0.0432612 0.0432612 0 0 0 0 0 0 0 0 0 0 0 0 0 0 0 0 0.0732551 0.0732551
0.71 0.0555586 0.0555586 0.181731 0.181731 0 0 0 0 0 0 0 0 0.00200962 0.00200962 0 0 0.0429466 0.0429466 0 0 0 0 0 0 0 0 0 0 0 0 0 0 0 0 0.0727537 0.0727537
0.708 0.0553341 0.0553341 0.181766 0.181766 0 0 0 0 0 0 0 0 0.00201479 0.00201479 0 0 0.0426318 0.0426318 0 0 0 0 0 0 0 0 0 0 0 0 0 0 0 0 0.0722529 0.0722529
0.706 0.0551097 0.0551097 0.181801 0.181801 0 0 0 0 0 0 0 0 0.00201977 0.00201977 0 0 0.0423168 0.0423168 0 0 0 0 0 0 0 0 0 0 0 0 0 0 0 0 0.0717526 0.0717526
0.704 0.0548852 0.0548852 0.181836 0.181836 0 0 0 0 0 0 0 0 0.00202455 0.00202455 0 0 0.0420016 0.0420016 0 0 0 0 0 0 0 0 0 0 0 0 0 0 0 0 0.0712529 0.0712529
0.702 0.0546607 0.0546607 0.18187 0.18187 0 0 0 0 0 0 0 0 0.00202913 0.00202913 0 0 0.0416863 0.0416863 0 0 0 0 0 0 0 0 0 0 0 0 0 0 0 0 0.0707538 0.0707538
0.7 0.0544363 0.0544363 0.181904 0.181904 0 0 0 0 0 0 0 0 0.00203352 0.00203352 0 0 0.0413707 0.0413707 0 0 0 0 0 0 0 0 0 0 0 0 0 0 0 0 0.0702552 0.0702552
0.698 0.0542117 0.0542117 0.181938 0.181938 0 0 0 0 0 0 0 0 0.0020377 0.0020377 0 0 0.041055 0.041055 0 0 0 0 0 0 0 0 0 0 0 0 0 0 0 0 0.0697572 0.0697572
0.696 0.0539872 0.0539872 0.181972 0.181972 0 0 0 0 0 0 0 0 0.00204168 0.00204168 0 0 0.0407391 0.0407391 0 0 0 0 0 0 0 0 0 0 0 0 0 0 0 0 0.0692598 0.0692598
0.694 0.0537627 0.0537627 0.182006 0.182006 0 0 0 0 0 0 0 0 0.00204546 0.00204546 0 0 0.040423 0.040423 0 0 0 0 0 0 0 0 0 0 0 0 0 0 0 0 0.0687629 0.0687629
0.692 0.0535381 0.0535381 0.182039 0.182039 0 0 0 0 0 0 0 0 0.00204902 0.00204902 0 0 0.0401067 0.0401067 0 0 0 0 0 0 0 0 0 0 0 0 0 0 0 0 0.0682667 0.0682667
0.69 0.0533135 0.0533135 0.182073 0.182073 0 0 0 0 0 0 0 0 0.00205238 0.00205238 0 0 0.0397903 0.0397903 0 0 0 0 0 0 0 0 0 0 0 0 0 0 0 0 0.067771 0.067771
0.688 0.0530889 0.0530889 0.182106 0.182106 0 0 0 0 0 0 0 0 0.00205552 0.00205552 0 0 0.0394736 0.0394736 0 0 0 0 0 0 0 0 0 0 0 0 0 0 0 0 0.0672759 0.0672759
0.686 0.0528643 0.0528643 0.182139 0.182139 0 0 0 0 0 0 0 0 0.00205844 0.00205844 0 0 0.0391569 0.0391569 0 0 0 0 0 0 0 0 0 0 0 0 0 0 0 0 0.0667814 0.0667814
0.684 0.0526396 0.0526396 0.182172 0.182172 0 0 0 0 0 0 0 0 0.00206115 0.00206115 0 0 0.0388399 0.0388399 0 0 0 0 0 0 0 0 0 0 0 0 0 0 0 0 0.0662875 0.0662875
0.682 0.0524149 0.0524149 0.182204 0.182204 0 0 0 0 0 0 0 0 0.00206364 0.00206364 0 0 0.0385228 0.0385228 0 0 0 0 0 0 0 0 0 0 0 0 0 0 0 0 0.0657943 0.0657943
0.68 0.0521902 0.0521902 0.182237 0.182237 0 0 0 0 0 0 0 0 0.0020659 0.0020659 0 0 0.0382055 0.0382055 0 0 0 0 0 0 0 0 0 0 0 0 0 0 0 0 0.0653016 0.0653016
0.678 0.0519654 0.0519654 0.182269 0.182269 0 0 0 0 0 0 0 0 0.00206794 0.00206794 0 0 0.037888 0.037888 0 0 0 0 0 0 0 0 0 0 0 0 0 0 0 0 0.0648095 0.0648095
0.676 0.0517407 0.0517407 0.182301 0.182301 0 0 0 0 0 0 0 0 0.00206976 0.00206976 0 0 0.0375704 0.0375704 0 0 0 0 0 0 0 0 0 0 0 0 0 0 0 0 0.0643181 0.0643181
0.674 0.0515158 0.0515158 0.182333 0.182333 0 0 0 0 0 0 0 0 0.00207134 0.00207134 0 0 0.0372526 0.0372526 0 0 0 0 0 0 0 0 0 0 0 0 0 0 0 0 0.0638273 0.0638273
0.672 0.051291 0.051291 0.182364 0.182364 0 0 0 0 0 0 0 0 0.0020727 0.0020727 0 0 0.0369347 0.0369347 0 0 0 0 0 0 0 0 0 0 0 0 0 0 0 0 0.0633371 0.0633371
0.67 0.0510661 0.0510661 0.182396 0.182396 0 0 0 0 0 0 0 0 0.00207381 0.00207381 0 0 0.0366166 0.0366166 0 0 0 0 0 0 0 0 0 0 0 0 0 0 0 0 0.0628476 0.0628476
0.668 0.0508412 0.0508412 0.182427 0.182427 0 0 0 0 0 0 0 0 0.0020747 0.0020747 0 0 0.0362984 0.0362984 0 0 0 0 0 0 0 0 0 0 0 0 0 0 0 0 0.0623586 0.0623586
0.666 0.0506162 0.0506162 0.182458 0.182458 0 0 0 0 0 0 0 0 0.00207534 0.00207534 0 0 0.03598 0.03598 0 0 0 0 0 0 0 0 0 0 0 0 0 0 0 0 0.0618704 0.0618704
0.664 0.0503912 0.0503912 0.182489 0.182489 0 0 0 0 0 0 0 0 0.00207574 0.00207574 0 0 0.0356615 0.0356615 0 0 0 0 0 0 0 0 0 0 0 0 0 0 0 0 0.0613827 0.0613827
0.662 0.0501662 0.0501662 0.182519 0.182519 0 0 0 0 0 0 0 0 0.0020759 0.0020759 0 0 0.0353428 0.0353428 0 0 0 0 0 0 0 0 0 0 0 0 0 0 0 0 0.0608958 0.0608958
0.66 0.0499411 0.0499411 0.18255 0.18255 0 0 0 0 0 0 0 0 0.00207581 0.00207581 0 0 0.035024 0.035024 0 0 0 0 0 0 0 0 0 0 0 0 0 0 0 0 0.0604095 0.0604095
0.658 0.049716 0.049716 0.18258 0.18258 0 0 0 0 0 0 0 0 0.00207548 0.00207548 0 0 0.0347051 0.0347051 0 0 0 0 0 0 0 0 0 0 0 0 0 0 0 0 0.0599238 0.0599238
0.656 0.0494908 0.0494908 0.18261 0.18261 0 0 0 0 0 0 0 0 0.00207489 0.00207489 0 0 0.034386 0.034386 0 0 0 0 0 0 0 0 0 0 0 0 0 0 0 0 0.0594388 0.0594388
0.654 0.0492656 0.0492656 0.182639 0.182639 0 0 0 0 0 0 0 0 0.00207405 0.00207405 0 0 0.0340668 0.0340668 0 0 0 0 0 0 0 0 0 0 0 0 0 0 0 0 0.0589545 0.0589545
0.652 0.0490403 0.0490403 0.182668 0.182668 0 0 0 0 0 0 0 0 0.00207295 0.00207295 0 0 0.0337475 0.0337475 0 0 0 0 0 0 0 0 0 0 0 0 0 0 0 0 0.0584709 0.0584709
0.65 0.048815 0.048815 0.182698 0.182698 0 0 0 0 0 0 0 0 0.00207159 0.00207159 0 0 0.033428 0.033428 0 0 0 0 0 0 0 0 0 0 0 0 0 0 0 0 0.0579879 0.0579879
0.648 0.0485896 0.0485896 0.182726 0.182726 0 0 0 0 0 0 0 0 0.00206997 0.00206997 0 0 0.0331084 0.0331084 0 0 0 0 0 0 0 0 0 0 0 0 0 0 0 0 0.0575056 0.0575056
0.646 0.0483642 0.0483642 0.182755 0.182755 0 0 0 0 0 0 0 0 0.00206809 0.00206809 0 0 0.0327887 0.0327887 0 0 0 0 0 0 0 0 0 0 0 0 0 0 0 0 0.057024 0.057024
0.644 0.0481387 0.0481387 0.182783 0.182783 0 0 0 0 0 0 0 0 0.00206594 0.00206594 0 0 0.0324689 0.0324689 0 0 0 0 0 0 0 0 0 0 0 0 0 0 0 0 0.0565431 0.0565431
0.642 0.0479131 0.0479131 0.182811 0.182811 0 0 0 0 0 0 0 0 0.00206353 0.00206353 0 0 0.0321489 0.0321489 0 0 0 0 0 0 0 0 0 0 0 0 0 0 0 0 0.0560629 0.0560629
0.64 0.0476875 0.0476875 0.182839 0.182839 0 0 0 0 0 0 0 0 0.00206084 0.00206084 0 0 0.0318289 0.0318289 0 0 0 0 0 0 0 0 0 0 0 0 0 0 0 0 0.0555835 0.0555835
0.638 0.0474619 0.0474619 0.182867 0.182867 0 0 0 0 0 0 0 0 0.00205787 0.00205787 0 0 0.0315088 0.0315088 0 0 0 0 0 0 0 0 0 0 0 0 0 0 0 0 0.0551047 0.0551047
0.636 0.0472362 0.0472362 0.182894 0.182894 0 0 0 0 0 0 0 0 0.00205463 0.00205463 0 0 0.0311885 0.0311885 0 0 0 0 0 0 0 0 0 0 0 0 0 0 0 0 0.0546266 0.0546266
0.634 0.0470104 0.0470104 0.182921 0.182921 0 0 0 0 0 0 0 0 0.00205111 0.00205111 0 0 0.0308681 0.0308681 0 0 0 0 0 0 0 0 0 0 0 0 0 0 0 0 0.0541493 0.0541493
0.632 0.0467846 0.0467846 0.182948 0.182948 0 0 0 0 0 0 0 0 0.00204731 0.00204731 0 0 0.0305477 0.0305477 0 0 0 0 0 0 0 0 0 0 0 0 0 0 0 0 0.0536726 0.0536726
0.63 0.0465587 0.0465587 0.182974 0.182974 0 0 0 0 0 0 0 0 0.00204322 0.00204322 0 0 0.0302272 0.0302272 0 0 0 0 0 0 0 0 0 0 0 0 0 0 0 0 0.0531968 0.0531968
0.628 0.0463327 0.0463327 0.183 0.183 0 0 0 0 0 0 0 0 0.00203884 0.00203884 0 0 0.0299065 0.0299065 0 0 0 0 0 0 0 0 0 0 0 0 0 0 0 0 0.0527216 0.0527216
0.626 0.0461067 0.0461067 0.183026 0.183026 0 0 0 0 0 0 0 0 0.00203417 0.00203417 0 0 0.0295858 0.0295858 0 0 0 0 0 0 0 0 0 0 0 0 0 0 0 0 0.0522472 0.0522472
0.624 0.0458806 0.0458806 0.183052 0.183052 0 0 0 0 0 0 0 0 0.00202921 0.00202921 0 0 0.029265 0.029265 0 0 0 0 0 0 0 0 0 0 0 0 0 0 0 0 0.0517735 0.0517735
0.622 0.0456544 0.0456544 0.183077 0.183077 0 0 0 0 0 0 0 0 0.00202395 0.00202395 0 0 0.0289442 0.0289442 0 0 0 0 0 0 0 0 0 0 0 0 0 0 0 0 0.0513006 0.0513006
0.62 0.0454281 0.0454281 0.183102 0.183102 0 0 0 0 0 0 0 0 0.00201839 0.00201839 0 0 0.0286232 0.0286232 0 0 0 0 0 0 0 0 0 0 0 0 0 0 0 0 0.0508285 0.0508285
0.618 0.0452018 0.0452018 0.183126 0.183126 0 0 0 0 0 0 0 0 0.00201253 0.00201253 0 0 0.0283022 0.0283022 0 0 0 0 0 0 0 0 0 0 0 0 0 0 0 0 0.0503571 0.0503571
0.616 0.0449755 0.0449755 0.183151 0.183151 0 0 0 0 0 0 0 0 0.00200637 0.00200637 0 0 0.0279811 0.0279811 0 0 0 0 0 0 0 0 0 0 0 0 0 0 0 0 0.0498864 0.0498864
0.614 0.044749 0.044749 0.183175 0.183175 0 0 0 0 0 0 0 0 0.00199989 0.00199989 0 0 0.02766 0.02766 0 0 0 0 0 0 0 0 0 0 0 0 0 0 0 0 0.0494166 0.0494166
0.612 0.0445225 0.0445225 0.183198 0.183198 0 0 0 0 0 0 0 0 0.00199311 0.00199311 0 0 0.0273388 0.0273388 0 0 0 0 0 0 0 0 0 0 0 0 0 0 0 0 0.0489475 0.0489475
0.61 0.0442958 0.0442958 0.183221 0.183221 0 0 0 0 0 0 0 0 0.00198601 0.00198601 0 0 0.0270176 0.0270176 0 0 0 0 0 0 0 0 0 0 0 0 0 0 0 0 0.0484792 0.0484792
0.608 0.0440692 0.0440692 0.183244 0.183244 0 0 0 0 0 0 0 0 0.00197859 0.00197859 0 0 0.0266963 0.0266963 0 0 0 0 0 0 0 0 0 0 0 0 0 0 0 0 0.0480117 0.0480117
0.606 0.0438424 0.0438424 0.183267 0.183267 0 0 0 0 0 0 0 0 0.00197085 0.00197085 0 0 0.026375 0.026375 0 0 0 0 0 0 0 0 0 0 0 0 0 0 0 0 0.047545 0.047545
0.604 0.0436155 0.0436155 0.183289 0.183289 0 0 0 0 0 0 0 0 0.00196279 0.00196279 0 0 0.0260536 0.0260536 0 0 0 0 0 0 0 0 0 0 0 0 0 0 0 0 0.0470791 0.0470791
0.602 0.0433886 0.0433886 0.183311 0.183311 0 0 0 0 0 0 0 0 0.0019544 0.0019544 0 0 0.0257322 0.0257322 0 0 0 0 0 0 0 0 0 0 0 0 0 0 0 0 0.046614 0.046614
0.6 0.0431616 0.0431616 0.183332 0.183332 0 0 0 0 0 0 0 0 0.00194569 0.00194569 0 0 0.0254108 0.0254108 0 0 0 0 0 0 0 0 0 0 0 0 0 0 0 0 0.0461497 0.0461497
0.598 0.0429345 0.0429345 0.183353 0.183353 0 0 0 0 0 0 0 0 0.00193664 0.00193664 0 0 0.0250894 0.0250894 0 0 0 0 0 0 0 0 0 0 0 0 0 0 0 0 0.0456862 0.0456862
0.596 0.0427073 0.0427073 0.183374 0.183374 0 0 0 0 0 0 0 0 0.00192725 0.00192725 0 0 0.024768 0.024768 0 0 0 0 0 0 0 0 0 0 0 0 0 0 0 0 0.0452235 0.0452235
0.594 0.04248 0.04248 0.183394 0.183394 0 0 0 0 0 0 0 0 0.00191752 0.00191752 0 0 0.0244465 0.0244465 0 0 0 0 0 0 0 0 0 0 0 0 0 0 0 0 0.0447617 0.0447617
0.592 0.0422527 0.0422527 0.183414 0.183414 0 0 0 0 0 0 0 0 0.00190746 0.00190746 0 0 0.024125 0.024125 0 0 0 0 0 0 0 0 0 0 0 0 0 0 0 0 0.0443007 0.0443007
0.59 0.0420253 0.0420253 0.183434 0.183434 0 0 0 0 0 0 0 0 0.00189704 0.00189704 0 0 0.0238036 0.0238036 0 0 0 0 0 0 0 0 0 0 0 0 0 0 0 0 0.0438405 0.0438405
0.588 0.0417977 0.0417977 0.183453 0.183453 0 0 0 0 0 0 0 0 0.00188628 0.00188628 0 0 0.0234821 0.0234821 0 0 0 0 0 0 0 0 0 0 0 0 0 0 0 0 0.0433812 0.0433812
0.586 0.0415701 0.0415701 0.183471 0.183471 0 0 0 0 0 0 0 0 0.00187516 0.00187516 0 0 0.0231607 0.0231607 0 0 0 0 0 0 0 0 0 0 0 0 0 0 0 0 0.0429228 0.0429228
0.584 0.0413424 0.0413424 0.183489 0.183489 0 0 0 0 0 0 0 0 0.00186369 0.00186369 0 0 0.0228393 0.0228393 0 0 0 0 0 0 0 0 0 0 0 0 0 0 0 0 0.0424652 0.0424652
0.582 0.0411146 0.0411146 0.183507 0.183507 0 0 0 0 0 0 0 0 0.00185185 0.00185185 0 0 0.0225179 0.0225179 0 0 0 0 0 0 0 0 0 0 0 0 0 0 0 0 0.0420084 0.0420084
0.58 0.0408867 0.0408867 0.183525 0.183525 0 0 0 0 0 0 0 0 0.00183966 0.00183966 0 0 0.0221966 0.0221966 0 0 0 0 0 0 0 0 0 0 0 0 0 0 0 0 0.0415526 0.0415526
0.578 0.0406587 0.0406587 0.183541 0.183541 0 0 0 0 0 0 0 0 0.00182709 0.00182709 0 0 0.0218752 0.0218752 0 0 0 0 0 0 0 0 0 0 0 0 0 0 0 0 0.0410976 0.0410976
0.576 0.0404306 0.0404306 0.183558 0.183558 0 0 0 0 0 0 0 0 0.00181416 0.00181416 0 0 0.021554 0.021554 0 0 0 0 0 0 0 0 0 0 0 0 0 0 0 0 0.0406435 0.0406435
0.574 0.0402024 0.0402024 0.183574 0.183574 0 0 0 0 0 0 0 0 0.00180085 0.00180085 0 0 0.0212328 0.0212328 0 0 0 0 0 0 0 0 0 0 0 0 0 0 0 0 0.0401902 0.0401902
0.572 0.0399742 0.0399742 0.183589 0.183589 0 0 0 0 0 0 0 0 0.00178717 0.00178717 0 0 0.0209116 0.0209116 0 0 0 0 0 0 0 0 0 0 0 0 0 0 0 0 0.0397379 0.0397379
0.57 0.0397458 0.0397458 0.183604 0.183604 0 0 0 0 0 0 0 0 0.0017731 0.0017731 0 0 0.0205906 0.0205906 0 0 0 0 0 0 0 0 0 0 0 0 0 0 0 0 0.0392865 0.0392865
0.568 0.0395173 0.0395173 0.183619 0.183619 0 0 0 0 0 0 0 0 0.00175865 0.00175865 0 0 0.0202696 0.0202696 0 0 0 0 0 0 0 0 0 0 0 0 0 0 0 0 0.0388359 0.0388359
0.566 0.0392887 0.0392887 0.183632 0.183632 0 0 0 0 0 0 0 0 0.0017438 0.0017438 0 0 0.0199487 0.0199487 0 0 0 0 0 0 0 0 0 0 0 0 0 0 0 0 0.0383863 0.0383863
0.564 0.0390601 0.0390601 0.183646 0.183646 0 0 0 0 0 0 0 0 0.00172857 0.00172857 0 0 0.0196279 0.0196279 0 0 0 0 0 0 0 0 0 0 0 0 0 0 0 0 0.0379376 0.0379376
0.562 0.0388313 0.0388313 0.183659 0.183659 0 0 0 0 0 0 0 0 0.00171294 0.00171294 0 0 0.0193072 0.0193072 0 0 0 0 0 0 0 0 0 0 0 0 0 0 0 0 0.0374899 0.0374899
0.56 0.0386025 0.0386025 0.183671 0.183671 0 0 0 0 0 0 0 0 0.0016969 0.0016969 0 0 0.0189866 0.0189866 0 0 0 0 0 0 0 0 0 0 0 0 0 0 0 0 0.037043 0.037043
0.558 0.0383735 0.0383735 0.183683 0.183683 0 0 0 0 0 0 0 0 0.00168047 0.00168047 0 0 0.0186661 0.0186661 0 0 0 0 0 0 0 0 0 0 0 0 0 0 0 0 0.0365971 0.0365971
0.556 0.0381444 0.0381444 0.183694 0.183694 0 0 0 0 0 0 0 0 0.00166362 0.00166362 0 0 0.0183458 0.0183458 0 0 0 0 0 0 0 0 0 0 0 0 0 0 0 0 0.0361521 0.0361521
0.554 0.0379153 0.0379153 0.183705 0.183705 0 0 0 0 0 0 0 0 0.00164636 0.00164636 0 0 0.0180256 0.0180256 0 0 0 0 0 0 0 0 0 0 0 0 0 0 0 0 0.0357081 0.0357081
0.552 0.037686 0.037686 0.183715 0.183715 0 0 0 0 0 0 0 0 0.00162868 0.00162868 0 0 0.0177056 0.0177056 0 0 0 0 0 0 0 0 0 0 0 0 0 0 0 0 0.035265 0.035265
0.55 0.0374567 0.0374567 0.183724 0.183724 0 0 0 0 0 0 0 0 0.00161059 0.00161059 0 0 0.0173857 0.0173857 0 0 0 0 0 0 0 0 0 0 0 0 0 0 0 0 0.0348229 0.0348229
0.548 0.0372272 0.0372272 0.183733 0.183733 0 0 0 0 0 0 0 0 0.00159206 0.00159206 0 0 0.017066 0.017066 0 0 0 0 0 0 0 0 0 0 0 0 0 0 0 0 0.0343818 0.0343818
0.546 0.0369976 0.0369976 0.183741 0.183741 0 0 0 0 0 0 0 0 0.00157311 0.00157311 0 0 0.0167465 0.0167465 0 0 0 0 0 0 0 0 0 0 0 0 0 0 0 0 0.0339416 0.0339416
0.544 0.036768 0.036768 0.183749 0.183749 0 0 0 0 0 0 0 0 0.00155372 0.00155372 0 0 0.0164272 0.0164272 0 0 0 0 0 0 0 0 0 0 0 0 0 0 0 0 0.0335024 0.0335024
0.542 0.0365382 0.0365382 0.183756 0.183756 0 0 0 0 0 0 0 0 0.00153389 0.00153389 0 0 0.016108 0.016108 0 0 0 0 0 0 0 0 0 0 0 0 0 0 0 0 0.0330642 0.0330642
0.54 0.0363084 0.0363084 0.183762 0.183762 0 0 0 0 0 0 0 0 0.00151362 0.00151362 0 0 0.0157892 0.0157892 0 0 0 0 0 0 0 0 0 0 0 0 0 0 0 0 0.032627 0.032627
0.538 0.0360784 0.0360784 0.183767 0.183767 0 0 0 0 0 0 0 0 0.0014929 0.0014929 0 0 0.0154705 0.0154705 0 0 0 0 0 0 0 0 0 0 0 0 0 0 0 0 0.0321907 0.0321907
0.536 0.0358484 0.0358484 0.183772 0.183772 0 0 0 0 0 0 0 0 0.00147173 0.00147173 0 0 0.0151521 0.0151521 0 0 0 0 0 0 0 0 0 0 0 0 0 0 0 0 0.0317555 0.0317555
0.534 0.0356183 0.0356183 0.183776 0.183776 0 0 0 0 0 0 0 0 0.00145011 0.00145011 0 0 0.0148339 0.0148339 0 0 0 0 0 0 0 0 0 0 0 0 0 0 0 0 0.0313213 0.0313213
0.532 0.035388 0.035388 0.18378 0.18378 0 0 0 0 0 0 0 0 0.00142802 0.00142802 0 0 0.0145161 0.0145161 0 0 0 0 0 0 0 0 0 0 0 0 0 0 0 0 0.0308881 0.0308881
0.53 0.0351577 0.0351577 0.183782 0.183782 0 0 0 0 0 0 0 0 0.00140547 0.00140547 0 0 0.0141985 0.0141985 0 0 0 0 0 0 0 0 0 0 0 0 0 0 0 0 0.0304559 0.0304559
0.528 0.0349273 0.0349273 0.183784 0.183784 0 0 0 0 0 0 0 0 0.00138244 0.00138244 0 0 0.0138812 0.0138812 0 0 0 0 0 0 0 0 0 0 0 0 0 0 0 0 0.0300247 0.0300247
0.526 0.0346968 0.0346968 0.183785 0.183785 0 0 0 0 0 0 0 0 0.00135894 0.00135894 0 0 0.0135642 0.0135642 0 0 0 0 0 0 0 0 0 0 0 0 0 0 0 0 0.0295946 0.0295946
0.524 0.0344662 0.0344662 0.183786 0.183786 0 0 0 0 0 0 0 0 0.00133496 0.00133496 0 0 0.0132476 0.0132476 0 0 0 0 0 0 0 0 0 0 0 0 0 0 0 0 0.0291655 0.0291655
0.522 0.0342355 0.0342355 0.183785 0.183785 0 0 0 0 0 0 0 0 0.0013105 0.0013105 0 0 0.0129313 0.0129313 0 0 0 0 0 0 0 0 0 0 0 0 0 0 0 0 0.0287374 0.0287374
0.52 0.0340048 0.0340048 0.183784 0.183784 0 0 0 0 0 0 0 0 0.00128554 0.00128554 0 0 0.0126155 0.0126155 0 0 0 0 0 0 0 0 0 0 0 0 0 0 0 0 0.0283104 0.0283104
0.518 0.0337739 0.0337739 0.183782 0.183782 0 0 0 0 0 0 0 0 0.00126009 0.00126009 0 0 0.0123 0.0123 0 0 0 0 0 0 0 0 0 0 0 0 0 0 0 0 0.0278845 0.0278845
0.516 0.033543 0.033543 0.183778 0.183778 0 0 0 0 0 0 0 0 0.00123415 0.00123415 0 0 0.0119849 0.0119849 0 0 0 0 0 0 0 0 0 0 0 0 0 0 0 0 0.0274595 0.0274595
0.514 0.033312 0.033312 0.183774 0.183774 0 0 0 0 0 0 0 0 0.00120769 0.00120769 0 0 0.0116702 0.0116702 0 0 0 0 0 0 0 0 0 0 0 0 0 0 0 0 0.0270357 0.0270357
0.512 0.033081 0.033081 0.183769 0.183769 0 0 0 0 0 0 0 0 0.00118073 0.00118073 0 0 0.011356 0.011356 0 0 0 0 0 0 0 0 0 0 0 0 0 0 0 0 0.0266129 0.0266129
0.51 0.0328498 0.0328498 0.183763 0.183763 0 0 0 0 0 0 0 0 0.00115326 0.00115326 0 0 0.0110423 0.0110423 0 0 0 0 0 0 0 0 0 0 0 0 0 0 0 0 0.0261912 0.0261912
0.508 0.0326187 0.0326187 0.183756 0.183756 0 0 0 0 0 0 0 0 0.00112527 0.00112527 0 0 0.0107291 0.0107291 0 0 0 0 0 0 0 0 0 0 0 0 0 0 0 0 0.0257705 0.0257705
0.506 0.0323874 0.0323874 0.183748 0.183748 0 0 0 0 0 0 0 0 0.00109676 0.00109676 0 0 0.0104165 0.0104165 0 0 0 0 0 0 0 0 0 0 0 0 0 0 0 0 0.025351 0.025351
0.504 0.0321561 0.0321561 0.183739 0.183739 0 0 0 0 0 0 0 0 0.00106772 0.00106772 0 0 0.0101043 0.0101043 0 0 0 0 0 0 0 0 0 0 0 0 0 0 0 0 0.0249325 0.0249325
0.502 0.0319248 0.0319248 0.183729 0.183729 0 0 0 0 0 0 0 0 0.00103816 0.00103816 0 0 0.00979279 0.00979279 0 0 0 0 0 0 0 0 0 0 0 0 0 0 0 0 0.024515 0.024515
0.5 0.0316934 0.0316934 0.183718 0.183718 0 0 0 0 0 0 0 0 0.00100805 0.00100805 0 0 0.00948186 0.00948186 0 0 0 0 0 0 0 0 0 0 0 0 0 0 0 0 0.0240987 0.0240987
0.498 0.031462 0.031462 0.183706 0.183706 0 0 0 0 0 0 0 0 0.000977417 0.000977417 0 0 0.00917158 0.00917158 0 0 0 0 0 0 0 0 0 0 0 0 0 0 0 0 0.0236834 0.0236834
0.496 0.0312306 0.0312306 0.183692 0.183692 0 0 0 0 0 0 0 0 0.000946239 0.000946239 0 0 0.00886197 0.00886197 0 0 0 0 0 0 0 0 0 0 0 0 0 0 0 0 0.0232693 0.0232693
0.494 0.0309992 0.0309992 0.183677 0.183677 0 0 0 0 0 0 0 0 0.000914518 0.000914518 0 0 0.00855308 0.00855308 0 0 0 0 0 0 0 0 0 0 0 0 0 0 0 0 0.0228562 0.0228562
0.492 0.0307678 0.0307678 0.183661 0.183661 0 0 0 0 0 0 0 0 0.000882252 0.000882252 0 0 0.00824493 0.00824493 0 0 0 0 0 0 0 0 0 0 0 0 0 0 0 0 0.0224441 0.0224441
0.49 0.0305363 0.0305363 0.183643 0.183643 0 0 0 0 0 0 0 0 0.000849441 0.000849441 0 0 0.00793757 0.00793757 0 0 0 0 0 0 0 0 0 0 0 0 0 0 0 0 0.0220332 0.0220332
0.488 0.0303049 0.0303049 0.183625 0.183625 0 0 0 0 0 0 0 0 0.000816082 0.000816082 0 0 0.00763105 0.00763105 0 0 0 0 0 0 0 0 0 0 0 0 0 0 0 0 0.0216233 0.0216233
0.486 0.0300736 0.0300736 0.183604 0.183604 0 0 0 0 0 0 0 0 0.000782178 0.000782178 0 0 0.00732539 0.00732539 0 0 0 0 0 0 0 0 0 0 0 0 0 0 0 0 0.0212145 0.0212145
0.484 0.0298423 0.0298423 0.183583 0.183583 0 0 0 0 0 0 0 0 0.000747729 0.000747729 0 0 0.00702066 0.00702066 0 0 0 0 0 0 0 0 0 0 0 0 0 0 0 0 0.0208067 0.0208067
0.482 0.029611 0.029611 0.183559 0.183559 0 0 0 0 0 0 0 0 0.000712738 0.000712738 0 0 0.0067169 0.0067169 0 0 0 0 0 0 0 0 0 0 0 0 0 0 0 0 0.0204 0.0204
0.48 0.0293799 0.0293799 0.183534 0.183534 0 0 0 0 0 0 0 0 0.000677211 0.000677211 0 0 0.00641417 0.00641417 0 0 0 0 0 0 0 0 0 0 0 0 0 0 0 0 0.0199943 0.0199943
0.478 0.0291488 0.0291488 0.183508 0.183508 0 0 0 0 0 0 0 0 0.000641155 0.000641155 0 0 0.00611252 0.00611252 0 0 0 0 0 0 0 0 0 0 0 0 0 0 0 0 0.0195897 0.0195897
0.476 0.0289179 0.0289179 0.183479 0.183479 0 0 0 0 0 0 0 0 0.000604579 0.000604579 0 0 0.00581202 0.00581202 0 0 0 0 0 0 0 0 0 0 0 0 0 0 0 0 0.019186 0.019186
0.474 0.0286872 0.0286872 0.183449 0.183449 0 0 0 0 0 0 0 0 0.000567499 0.000567499 0 0 0.00551274 0.00551274 0 0 0 0 0 0 0 0 0 0 0 0 0 0 0 0 0.0187833 0.0187833
0.472 0.0284566 0.0284566 0.183417 0.183417 0 0 0 0 0 0 0 0 0.000529931 0.000529931 0 0 0.00521476 0.00521476 0 0 0 0 0 0 0 0 0 0 0 0 0 0 0 0 0.0183816 0.0183816
0.47 0.0282263 0.0282263 0.183383 0.183383 0 0 0 0 0 0 0 0 0.000491899 0.000491899 0 0 0.00491814 0.00491814 0 0 0 0 0 0 0 0 0 0 0 0 0 0 0 0 0.0179808 0.0179808
0.468 0.0279963 0.0279963 0.183346 0.183346 0 0 0 0 0 0 0 0 0.000453434 0.000453434 0 0 0.00462299 0.00462299 0 0 0 0 0 0 0 0 0 0 0 0 0 0 0 0 0.0175809 0.0175809
0.466 0.0277666 0.0277666 0.183308 0.183308 0 0 0 0 0 0 0 0 0.000414576 0.000414576 0 0 0.00432939 0.00432939 0 0 0 0 0 0 0 0 0 0 0 0 0 0 0 0 0.0171818 0.0171818
0.464 0.0275373 0.0275373 0.183266 0.183266 0 0 0 0 0 0 0 0 0.000375377 0.000375377 0 0 0.00403746 0.00403746 0 0 0 0 0 0 0 0 0 0 0 0 0 0 0 0 0.0167835 0.0167835
0.462 0.0273084 0.0273084 0.183223 0.183223 0 0 0 0 0 0 0 0 0.000335905 0.000335905 0 0 0.0037473 0.0037473 0 0 0 0 0 0 0 0 0 0 0 0 0 0 0 0 0.0163858 0.0163858
0.46 0.0270801 0.0270801 0.183176 0.183176 0 0 0 0 0 0 0 0 0.000296249 0.000296249 0 0 0.00345905 0.00345905 0 0 0 0 0 0 0 0 0 0 0 0 0 0 0 0 0.0159888 0.0159888
0.458 0.0268524 0.0268524 0.183126 0.183126 0 0 0 0 0 0 0 0 0.000256531 0.000256531 0 0 0.00317284 0.00317284 0 0 0 0 0 0 0 0 0 0 0 0 0 0 0 0 0.0155924 0.0155924
0.456 0.0266255 0.0266255 0.183073 0.183073 0 0 0 0 0 0 0 0 0.000216914 0.000216914 0 0 0.00288883 0.00288883 0 0 0 0 0 0 0 0 0 0 0 0 0 0 0 0 0.0151962 0.0151962
0.454 0.0263995 0.0263995 0.183015 0.183015 0 0 0 0 0 0 0 0 0.000177624 0.000177624 0 0 0.00260719 0.00260719 0 0 0 0 0 0 0 0 0 0 0 0 0 0 0 0 0.0148003 0.0148003
0.452 0.0261746 0.0261746 0.182954 0.182954 0 0 0 0 0 0 0 0 0.000138987 0.000138987 0 0 0.00232809 0.00232809 0 0 0 0 0 0 0 0 0 0 0 0 0 0 0 0 0.0144044 0.0144044
0.45 0.0259511 0.0259511 0.182888 0.182888 0 0 0 0 0 0 0 0 0.000101491 0.000101491 0 0 0.00205171 0.00205171 0 0 0 0 0 0 0 0 0 0 0 0 0 0 0 0 0.0140081 0.0140081
0.448 0.0257294 0.0257294 0.182815 0.182815 0 0 0 0 0 0 0 0 6.59152e-05 6.59152e-05 0 0 0.0017782 0.0017782 0 0 0 0 0 0 0 0 0 0 0 0 0 0 0 0 0.013611 0.013611
0.446 0.0255101 0.0255101 0.182736 0.182736 0 0 0 0 0 0 0 0 3.36433e-05 3.36433e-05 0 0 0.00150757 0.00150757 0 0 0 0 0 0 0 0 0 0 0 0 0 0 0 0 0.0132125 0.0132125
0.444 0.0252943 0.0252943 0.182647 0.182647 0 0 0 0 0 0 0 0 7.73471e-06 7.73471e-06 0 0 0.00123928 0.00123928 0 0 0 0 0 0 0 0 0 0 0 0 0 0 0 0 0.0128113 0.0128113
0.442 0.0250854 0.0250854 0.182542 0.182542 0 0 0 0 0 0 0 0 0 0 0 0 0.000968918 0.000968918 0 0 0 0 0 0 0 0 0 0 0 0 0 0 0 0 0.0124042 0.0124042
0.44 0.0248821 0.0248821 0.182422 0.182422 0 0 0 0 0 0 0 0 0 0 0 0 0.000704818 0.000704818 0 0 0 0 0 0 0 0 0 0 0 0 0 0 0 0 0.0119915 0.0119915
0.438 0.0246842 0.0246842 0.182288 0.182288 0 0 0 0 0 0 0 0 0 0 0 0 0.000454835 0.000454835 0 0 0 0 0 0 0 0 0 0 0 0 0 0 0 0 0.0115726 0.0115726
0.436 0.0244947 0.0244947 0.182136 0.182136 0 0 0 0 0 0 0 0 0 0 0 0 0.00022616 0.00022616 0 0 0 0 0 0 0 0 0 0 0 0 0 0 0 0 0.0111431 0.0111431
0.434 0.0243217 0.0243217 0.181949 0.181949 0 0 0 0 0 0 0 0 0 0 0 0 3.85456e-05 3.85456e-05 0 0 0 0 0 0 0 0 0 0 0 0 0 0 0 0 0.0106908 0.0106908
0.432 0.0242098 0.0242098 0.181642 0.181642 0 0 0 0 0 0 0 0 0 0 0 0 0 0 0 0 0 0 0 0 0 0 0 0 0 0 0 0 0 0 0.0101483 0.0101483
0.43 0.0241129 0.0241129 0.181299 0.181299 0 0 0 0 0 0 0 0 0 0 0 0 0 0 0 0 0 0 0 0 0 0 0 0 0 0 0 0 0 0 0.00958767 0.00958767
0.428 0.024015 0.024015 0.180951 0.180951 0 0 0 0 0 0 0 0 0 0 0 0 0 0 0 0 0 0 0 0 0 0 0 0 0 0 0 0 0 0 0.00903375 0.00903375
0.426 0.023916 0.023916 0.180597 0.180597 0 0 0 0 0 0 0 0 0 0 0 0 0 0 0 0 0 0 0 0 0 0 0 0 0 0 0 0 0 0 0.00848682 0.00848682
0.424 0.0238159 0.0238159 0.180237 0.180237 0 0 0 0 0 0 0 0 0 0 0 0 0 0 0 0 0 0 0 0 0 0 0 0 0 0 0 0 0 0 0.00794718 0.00794718
0.422 0.0237146 0.0237146 0.17987 0.17987 0 0 0 0 0 0 0 0 0 0 0 0 0 0 0 0 0 0 0 0 0 0 0 0 0 0 0 0 0 0 0.00741517 0.00741517
0.42 0.0236121 0.0236121 0.179497 0.179497 0 0 0 0 0 0 0 0 0 0 0 0 0 0 0 0 0 0 0 0 0 0 0 0 0 0 0 0 0 0 0.00689116 0.00689116
0.418 0.0235084 0.0235084 0.179116 0.179116 0 0 0 0 0 0 0 0 0 0 0 0 0 0 0 0 0 0 0 0 0 0 0 0 0 0 0 0 0 0 0.00637558 0.00637558
0.416 0.0234032 0.0234032 0.178728 0.178728 0 0 0 0 0 0 0 0 0 0 0 0 0 0 0 0 0 0 0 0 0 0 0 0 0 0 0 0 0 0 0.00586887 0.00586887
0.414 0.0232967 0.0232967 0.178332 0.178332 0 0 0 0 0 0 0 0 0 0 0 0 0 0 0 0 0 0 0 0 0 0 0 0 0 0 0 0 0 0 0.00537155 0.00537155
0.412 0.0231886 0.0231886 0.177927 0.177927 0 0 0 0 0 0 0 0 0 0 0 0 0 0 0 0 0 0 0 0 0 0 0 0 0 0 0 0 0 0 0.00488419 0.00488419
0.41 0.0230789 0.0230789 0.177514 0.177514 0 0 0 0 0 0 0 0 0 0 0 0 0 0 0 0 0 0 0 0 0 0 0 0 0 0 0 0 0 0 0.00440744 0.00440744
0.408 0.0229675 0.0229675 0.17709 0.17709 0 0 0 0 0 0 0 0 0 0 0 0 0 0 0 0 0 0 0 0 0 0 0 0 0 0 0 0 0 0 0.00394204 0.00394204
0.406 0.0228543 0.0228543 0.176657 0.176657 0 0 0 0 0 0 0 0 0 0 0 0 0 0 0 0 0 0 0 0 0 0 0 0 0 0 0 0 0 0 0.00348884 0.00348884
0.404 0.022739 0.022739 0.176212 0.176212 0 0 0 0 0 0 0 0 0 0 0 0 0 0 0 0 0 0 0 0 0 0 0 0 0 0 0 0 0 0 0.00304884 0.00304884
0.402 0.0226215 0.0226215 0.175755 0.175755 0 0 0 0 0 0 0 0 0 0 0 0 0 0 0 0 0 0 0 0 0 0 0 0 0 0 0 0 0 0 0.00262322 0.00262322
0.4 0.0225017 0.0225017 0.175285 0.175285 0 0 0 0 0 0 0 0 0 0 0 0 0 0 0 0 0 0 0 0 0 0 0 0 0 0 0 0 0 0 0.00221339 0.00221339
0.398 0.0223791 0.0223791 0.1748 0.1748 0 0 0 0 0 0 0 0 0 0 0 0 0 0 0 0 0 0 0 0 0 0 0 0 0 0 0 0 0 0 0.00182111 0.00182111
0.396 0.0222536 0.0222536 0.174298 0.174298 0 0 0 0 0 0 0 0 0 0 0 0 0 0 0 0 0 0 0 0 0 0 0 0 0 0 0 0 0 0 0.00144857 0.00144857
0.394 0.0221246 0.0221246 0.173777 0.173777 0 0 0 0 0 0 0 0 0 0 0 0 0 0 0 0 0 0 0 0 0 0 0 0 0 0 0 0 0 0 0.00109865 0.00109865
0.392 0.0219915 0.0219915 0.173233 0.173233 0 0 0 0 0 0 0 0 0 0 0 0 0 0 0 0 0 0 0 0 0 0 0 0 0 0 0 0 0 0 0.000775283 0.000775283
0.39 0.0218534 0.0218534 0.172662 0.172662 0 0 0 0 0 0 0 0 0 0 0 0 0 0 0 0 0 0 0 0 0 0 0 0 0 0 0 0 0 0 0.000484282 0.000484282
0.388 0.0217089 0.0217089 0.172056 0.172056 0 0 0 0 0 0 0 0 0 0 0 0 0 0 0 0 0 0 0 0 0 0 0 0 0 0 0 0 0 0 0.000235239 0.000235239
0.386 0.0215546 0.0215546 0.171397 0.171397 0 0 0 0 0 0 0 0 0 0 0 0 0 0 0 0 0 0 0 0 0 0 0 0 0 0 0 0 0 0 4.85046e-05 4.85046e-05
0.384 0.0213789 0.0213789 0.170621 0.170621 0 0 0 0 0 0 0 0 0 0 0 0 0 0 0 0 0 0 0 0 0 0 0 0 0 0 0 0 0 0 0 0
0.382 0.0211956 0.0211956 0.169804 0.169804 0 0 0 0 0 0 0 0 0 0 0 0 0 0 0 0 0 0 0 0 0 0 0 0 0 0 0 0 0 0 0 0
0.38 0.0210126 0.0210126 0.168987 0.168987 0 0 0 0 0 0 0 0 0 0 0 0 0 0 0 0 0 0 0 0 0 0 0 0 0 0 0 0 0 0 0 0
0.378 0.0208297 0.0208297 0.16817 0.16817 0 0 0 0 0 0 0 0 0 0 0 0 0 0 0 0 0 0 0 0 0 0 0 0 0 0 0 0 0 0 0 0
0.376 0.020647 0.020647 0.167353 0.167353 0 0 0 0 0 0 0 0 0 0 0 0 0 0 0 0 0 0 0 0 0 0 0 0 0 0 0 0 0 0 0 0
0.374 0.0204645 0.0204645 0.166535 0.166535 0 0 0 0 0 0 0 0 0 0 0 0 0 0 0 0 0 0 0 0 0 0 0 0 0 0 0 0 0 0 0 0
0.372 0.0202822 0.0202822 0.165718 0.165718 0 0 0 0 0 0 0 0 0 0 0 0 0 0 0 0 0 0 0 0 0 0 0 0 0 0 0 0 0 0 0 0
0.37 0.0201001 0.0201001 0.1649 0.1649 0 0 0 0 0 0 0 0 0 0 0 0 0 0 0 0 0 0 0 0 0 0 0 0 0 0 0 0 0 0 0 0
0.368 0.0199183 0.0199183 0.164082 0.164082 0 0 0 0 0 0 0 0 0 0 0 0 0 0 0 0 0 0 0 0 0 0 0 0 0 0 0 0 0 0 0 0
0.366 0.0197366 0.0197366 0.163263 0.163263 0 0 0 0 0 0 0 0 0 0 0 0 0 0 0 0 0 0 0 0 0 0 0 0 0 0 0 0 0 0 0 0
0.364 0.0195552 0.0195552 0.162445 0.162445 0 0 0 0 0 0 0 0 0 0 0 0 0 0 0 0 0 0 0 0 0 0 0 0 0 0 0 0 0 0 0 0
0.362 0.0193741 0.0193741 0.161626 0.161626 0 0 0 0 0 0 0 0 0 0 0 0 0 0 0 0 0 0 0 0 0 0 0 0 0 0 0 0 0 0 0 0
0.36 0.0191932 0.0191932 0.160807 0.160807 0 0 0 0 0 0 0 0 0 0 0 0 0 0 0 0 0 0 0 0 0 0 0 0 0 0 0 0 0 0 0 0
0.358 0.0190126 0.0190126 0.159987 0.159987 0 0 0 0 0 0 0 0 0 0 0 0 0 0 0 0 0 0 0 0 0 0 0 0 0 0 0 0 0 0 0 0
0.356 0.0188322 0.0188322 0.159168 0.159168 0 0 0 0 0 0 0 0 0 0 0 0 0 0 0 0 0 0 0 0 0 0 0 0 0 0 0 0 0 0 0 0
0.354 0.0186522 0.0186522 0.158348 0.158348 0 0 0 0 0 0 0 0 0 0 0 0 0 0 0 0 0 0 0 0 0 0 0 0 0 0 0 0 0 0 0 0
0.352 0.0184724 0.0184724 0.157528 0.157528 0 0 0 0 0 0 0 0 0 0 0 0 0 0 0 0 0 0 0 0 0 0 0 0 0 0 0 0 0 0 0 0
0.35 0.0182929 0.0182929 0.156707 0.156707 0 0 0 0 0 0 0 0 0 0 0 0 0 0 0 0 0 0 0 0 0 0 0 0 0 0 0 0 0 0 0 0
0.348 0.0181138 0.0181138 0.155886 0.155886 0 0 0 0 0 0 0 0 0 0 0 0 0 0 0 0 0 0 0 0 0 0 0 0 0 0 0 0 0 0 0 0
0.346 0.017935 0.017935 0.155065 0.155065 0 0 0 0 0 0 0 0 0 0 0 0 0 0 0 0 0 0 0 0 0 0 0 0 0 0 0 0 0 0 0 0
0.344 0.0177565 0.0177565 0.154243 0.154243 0 0 0 0 0 0 0 0 0 0 0 0 0 0 0 0 0 0 0 0 0 0 0 0 0 0 0 0 0 0 0 0
0.342 0.0175784 0.0175784 0.153422 0.153422 0 0 0 0 0 0 0 0 0 0 0 0 0 0 0 0 0 0 0 0 0 0 0 0 0 0 0 0 0 0 0 0
0.34 0.0174006 0.0174006 0.152599 0.152599 0 0 0 0 0 0 0 0 0 0 0 0 0 0 0 0 0 0 0 0 0 0 0 0 0 0 0 0 0 0 0 0
0.338 0.0172233 0.0172233 0.151777 0.151777 0 0 0 0 0 0 0 0 0 0 0 0 0 0 0 0 0 0 0 0 0 0 0 0 0 0 0 0 0 0 0 0
0.336 0.0170463 0.0170463 0.150954 0.150954 0 0 0 0 0 0 0 0 0 0 0 0 0 0 0 0 0 0 0 0 0 0 0 0 0 0 0 0 0 0 0 0
0.334 0.0168697 0.0168697 0.15013 0.15013 0 0 0 0 0 0 0 0 0 0 0 0 0 0 0 0 0 0 0 0 0 0 0 0 0 0 0 0 0 0 0 0
0.332 0.0166935 0.0166935 0.149307 0.149307 0 0 0 0 0 0 0 0 0 0 0 0 0 0 0 0 0 0 0 0 0 0 0 0 0 0 0 0 0 0 0 0
0.33 0.0165177 0.0165177 0.148482 0.148482 0 0 0 0 0 0 0 0 0 0 0 0 0 0 0 0 0 0 0 0 0 0 0 0 0 0 0 0 0 0 0 0
0.328 0.0163424 0.0163424 0.147658 0.147658 0 0 0 0 0 0 0 0 0 0 0 0 0 0 0 0 0 0 0 0 0 0 0 0 0 0 0 0 0 0 0 0
0.326 0.0161675 0.0161675 0.146833 0.146833 0 0 0 0 0 0 0 0 0 0 0 0 0 0 0 0 0 0 0 0 0 0 0 0 0 0 0 0 0 0 0 0
0.324 0.015993 0.015993 0.146007 0.146007 0 0 0 0 0 0 0 0 0 0 0 0 0 0 0 0 0 0 0 0 0 0 0 0 0 0 0 0 0 0 0 0
0.322 0.0158191 0.0158191 0.145181 0.145181 0 0 0 0 0 0 0 0 0 0 0 0 0 0 0 0 0 0 0 0 0 0 0 0 0 0 0 0 0 0 0 0
0.32 0.0156456 0.0156456 0.144354 0.144354 0 0 0 0 0 0 0 0 0 0 0 0 0 0 0 0 0 0 0 0 0 0 0 0 0 0 0 0 0 0 0 0
0.318 0.0154726 0.0154726 0.143527 0.143527 0 0 0 0 0 0 0 0 0 0 0 0 0 0 0 0 0 0 0 0 0 0 0 0 0 0 0 0 0 0 0 0
0.316 0.0153002 0.0153002 0.1427 0.1427 0 0 0 0 0 0 0 0 0 0 0 0 0 0 0 0 0 0 0 0 0 0 0 0 0 0 0 0 0 0 0 0
0.314 0.0151282 0.0151282 0.141872 0.141872 0 0 0 0 0 0 0 0 0 0 0 0 0 0 0 0 0 0 0 0 0 0 0 0 0 0 0 0 0 0 0 0
0.312 0.0149568 0.0149568 0.141043 0.141043 0 0 0 0 0 0 0 0 0 0 0 0 0 0 0 0 0 0 0 0 0 0 0 0 0 0 0 0 0 0 0 0
0.31 0.014786 0.014786 0.140214 0.140214 0 0 0 0 0 0 0 0 0 0 0 0 0 0 0 0 0 0 0 0 0 0 0 0 0 0 0 0 0 0 0 0
0.308 0.0146157 0.0146157 0.139384 0.139384 0 0 0 0 0 0 0 0 0 0 0 0 0 0 0 0 0 0 0 0 0 0 0 0 0 0 0 0 0 0 0 0
0.306 0.014446 0.014446 0.138554 0.138554 0 0 0 0 0 0 0 0 0 0 0 0 0 0 0 0 0 0 0 0 0 0 0 0 0 0 0 0 0 0 0 0
0.304 0.0142769 0.0142769 0.137723 0.137723 0 0 0 0 0 0 0 0 0 0 0 0 0 0 0 0 0 0 0 0 0 0 0 0 0 0 0 0 0 0 0 0
0.302 0.0141084 0.0141084 0.136892 0.136892 0 0 0 0 0 0 0 0 0 0 0 0 0 0 0 0 0 0 0 0 0 0 0 0 0 0 0 0 0 0 0 0
0.3 0.0139405 0.0139405 0.13606 0.13606 0 0 0 0 0 0 0 0 0 0 0 0 0 0 0 0 0 0 0 0 0 0 0 0 0 0 0 0 0 0 0 0
0.298 0.0137732 0.0137732 0.135227 0.135227 0 0 0 0 0 0 0 0 0 0 0 0 0 0 0 0 0 0 0 0 0 0 0 0 0 0 0 0 0 0 0 0
0.296 0.0136066 0.0136066 0.134393 0.134393 0 0 0 0 0 0 0 0 0 0 0 0 0 0 0 0 0 0 0 0 0 0 0 0 0 0 0 0 0 0 0 0
0.294 0.0134407 0.0134407 0.133559 0.133559 0 0 0 0 0 0 0 0 0 0 0 0 0 0 0 0 0 0 0 0 0 0 0 0 0 0 0 0 0 0 0 0
0.292 0.0132755 0.0132755 0.132725 0.132725 0 0 0 0 0 0 0 0 0 0 0 0 0 0 0 0 0 0 0 0 0 0 0 0 0 0 0 0 0 0 0 0
0.29 0.0131109 0.0131109 0.131889 0.131889 0 0 0 0 0 0 0 0 0 0 0 0 0 0 0 0 0 0 0 0 0 0 0 0 0 0 0 0 0 0 0 0
0.288 0.0129471 0.0129471 0.131053 0.131053 0 0 0 0 0 0 0 0 0 0 0 0 0 0 0 0 0 0 0 0 0 0 0 0 0 0 0 0 0 0 0 0
0.286 0.012784 0.012784 0.130216 0.130216 0 0 0 0 0 0 0 0 0 0 0 0 0 0 0 0 0 0 0 0 0 0 0 0 0 0 0 0 0 0 0 0
0.284 0.0126216 0.0126216 0.129378 0.129378 0 0 0 0 0 0 0 0 0 0 0 0 0 0 0 0 0 0 0 0 0 0 0 0 0 0 0 0 0 0 0 0
0.282 0.01246 0.01246 0.12854 0.12854 0 0 0 0 0 0 0 0 0 0 0 0 0 0 0 0 0 0 0 0 0 0 0 0 0 0 0 0 0 0 0 0
0.28 0.0122992 0.0122992 0.127701 0.127701 0 0 0 0 0 0 0 0 0 0 0 0 0 0 0 0 0 0 0 0 0 0 0 0 0 0 0 0 0 0 0 0
0.278 0.0121391 0.0121391 0.126861 0.126861 0 0 0 0 0 0 0 0 0 0 0 0 0 0 0 0 0 0 0 0 0 0 0 0 0 0 0 0 0 0 0 0
0.276 0.0119798 0.0119798 0.12602 0.12602 0 0 0 0 0 0 0 0 0 0 0 0 0 0 0 0 0 0 0 0 0 0 0 0 0 0 0 0 0 0 0 0
0.274 0.0118214 0.0118214 0.125179 0.125179 0 0 0 0 0 0 0 0 0 0 0 0 0 0 0 0 0 0 0 0 0 0 0 0 0 0 0 0 0 0 0 0
0.272 0.0116638 0.0116638 0.124336 0.124336 0 0 0 0 0 0 0 0 0 0 0 0 0 0 0 0 0 0 0 0 0 0 0 0 0 0 0 0 0 0 0 0
0.27 0.011507 0.011507 0.123493 0.123493 0 0 0 0 0 0 0 0 0 0 0 0 0 0 0 0 0 0 0 0 0 0 0 0 0 0 0 0 0 0 0 0
0.268 0.0113511 0.0113511 0.122649 0.122649 0 0 0 0 0 0 0 0 0 0 0 0 0 0 0 0 0 0 0 0 0 0 0 0 0 0 0 0 0 0 0 0
0.266 0.0111961 0.0111961 0.121804 0.121804 0 0 0 0 0 0 0 0 0 0 0 0 0 0 0 0 0 0 0 0 0 0 0 0 0 0 0 0 0 0 0 0
0.264 0.011042 0.011042 0.120958 0.120958 0 0 0 0 0 0 0 0 0 0 0 0 0 0 0 0 0 0 0 0 0 0 0 0 0 0 0 0 0 0 0 0
0.262 0.0108888 0.0108888 0.120111 0.120111 0 0 0 0 0 0 0 0 0 0 0 0 0 0 0 0 0 0 0 0 0 0 0 0 0 0 0 0 0 0 0 0
0.26 0.0107365 0.0107365 0.119264 0.119264 0 0 0 0 0 0 0 0 0 0 0 0 0 0 0 0 0 0 0 0 0 0 0 0 0 0 0 0 0 0 0 0
0.258 0.0105851 0.0105851 0.118415 0.118415 0 0 0 0 0 0 0 0 0 0 0 0 0 0 0 0 0 0 0 0 0 0 0 0 0 0 0 0 0 0 0 0
0.256 0.0104347 0.0104347 0.117565 0.117565 0 0 0 0 0 0 0 0 0 0 0 0 0 0 0 0 0 0 0 0 0 0 0 0 0 0 0 0 0 0 0 0
0.254 0.0102852 0.0102852 0.116715 0.116715 0 0 0 0 0 0 0 0 0 0 0 0 0 0 0 0 0 0 0 0 0 0 0 0 0 0 0 0 0 0 0 0
0.252 0.0101368 0.0101368 0.115863 0.115863 0 0 0 0 0 0 0 0 0 0 0 0 0 0 0 0 0 0 0 0 0 0 0 0 0 0 0 0 0 0 0 0
0.25 0.0099893 0.0099893 0.115011 0.115011 0 0 0 0 0 0 0 0 0 0 0 0 0 0 0 0 0 0 0 0 0 0 0 0 0 0 0 0 0 0 0 0
0.248 0.00984283 0.00984283 0.114157 0.114157 0 0 0 0 0 0 0 0 0 0 0 0 0 0 0 0 0 0 0 0 0 0 0 0 0 0 0 0 0 0 0 0
0.246 0.00969738 0.00969738 0.113303 0.113303 0 0 0 0 0 0 0 0 0 0 0 0 0 0 0 0 0 0 0 0 0 0 0 0 0 0 0 0 0 0 0 0
0.244 0.00955297 0.00955297 0.112447 0.112447 0 0 0 0 0 0 0 0 0 0 0 0 0 0 0 0 0 0 0 0 0 0 0 0 0 0 0 0 0 0 0 0
0.242 0.00940961 0.00940961 0.11159 0.11159 0 0 0 0 0 0 0 0 0 0 0 0 0 0 0 0 0 0 0 0 0 0 0 0 0 0 0 0 0 0 0 0
0.24 0.00926731 0.00926731 0.110733 0.110733 0 0 0 0 0 0 0 0 0 0 0 0 0 0 0 0 0 0 0 0 0 0 0 0 0 0 0 0 0 0 0 0
0.238 0.00912609 0.00912609 0.109874 0.109874 0 0 0 0 0 0 0 0 0 0 0 0 0 0 0 0 0 0 0 0 0 0 0 0 0 0 0 0 0 0 0 0
0.236 0.00898595 0.00898595 0.109014 0.109014 0 0 0 0 0 0 0 0 0 0 0 0 0 0 0 0 0 0 0 0 0 0 0 0 0 0 0 0 0 0 0 0
0.234 0.00884692 0.00884692 0.108153 0.108153 0 0 0 0 0 0 0 0 0 0 0 0 0 0 0 0 0 0 0 0 0 0 0 0 0 0 0 0 0 0 0 0
0.232 0.00870899 0.00870899 0.107291 0.107291 0 0 0 0 0 0 0 0 0 0 0 0 0 0 0 0 0 0 0 0 0 0 0 0 0 0 0 0 0 0 0 0
0.23 0.00857219 0.00857219 0.106428 0.106428 0 0 0 0 0 0 0 0 0 0 0 0 0 0 0 0 0 0 0 0 0 0 0 0 0 0 0 0 0 0 0 0
0.228 0.00843653 0.00843653 0.105563 0.105563 0 0 0 0 0 0 0 0 0 0 0 0 0 0 0 0 0 0 0 0 0 0 0 0 0 0 0 0 0 0 0 0
0.226 0.00830202 0.00830202 0.104698 0.104698 0 0 0 0 0 0 0 0 0 0 0 0 0 0 0 0 0 0 0 0 0 0 0 0 0 0 0 0 0 0 0 0
0.224 0.00816866 0.00816866 0.103831 0.103831 0 0 0 0 0 0 0 0 0 0 0 0 0 0 0 0 0 0 0 0 0 0 0 0 0 0 0 0 0 0 0 0
0.222 0.00803647 0.00803647 0.102964 0.102964 0 0 0 0 0 0 0 0 0 0 0 0 0 0 0 0 0 0 0 0 0 0 0 0 0 0 0 0 0 0 0 0
0.22 0.00790546 0.00790546 0.102095 0.102095 0 0 0 0 0 0 0 0 0 0 0 0 0 0 0 0 0 0 0 0 0 0 0 0 0 0 0 0 0 0 0 0
0.218 0.00777564 0.00777564 0.101224 0.101224 0 0 0 0 0 0 0 0 0 0 0 0 0 0 0 0 0 0 0 0 0 0 0 0 0 0 0 0 0 0 0 0
0.216 0.00764701 0.00764701 0.100353 0.100353 0 0 0 0 0 0 0 0 0 0 0 0 0 0 0 0 0 0 0 0 0 0 0 0 0 0 0 0 0 0 0 0
0.214 0.00751959 0.00751959 0.0994804 0.0994804 0 0 0 0 0 0 0 0 0 0 0 0 0 0 0 0 0 0 0 0 0 0 0 0 0 0 0 0 0 0 0 0
0.212 0.00739339 0.00739339 0.0986066 0.0986066 0 0 0 0 0 0 0 0 0 0 0 0 0 0 0 0 0 0 0 0 0 0 0 0 0 0 0 0 0 0 0 0
0.21 0.00726841 0.00726841 0.0977316 0.0977316 0 0 0 0 0 0 0 0 0 0 0 0 0 0 0 0 0 0 0 0 0 0 0 0 0 0 0 0 0 0 0 0
0.208 0.00714466 0.00714466 0.0968553 0.0968553 0 0 0 0 0 0 0 0 0 0 0 0 0 0 0 0 0 0 0 0 0 0 0 0 0 0 0 0 0 0 0 0
0.206 0.00702215 0.00702215 0.0959779 0.0959779 0 0 0 0 0 0 0 0 0 0 0 0 0 0 0 0 0 0 0 0 0 0 0 0 0 0 0 0 0 0 0 0
0.204 0.00690087 0.00690087 0.0950991 0.0950991 0 0 0 0 0 0 0 0 0 0 0 0 0 0 0 0 0 0 0 0 0 0 0 0 0 0 0 0 0 0 0 0
0.202 0.00678085 0.00678085 0.0942191 0.0942191 0 0 0 0 0 0 0 0 0 0 0 0 0 0 0 0 0 0 0 0 0 0 0 0 0 0 0 0 0 0 0 0
0.2 0.00666208 0.00666208 0.0933379 0.0933379 0 0 0 0 0 0 0 0 0 0 0 0 0 0 0 0 0 0 0 0 0 0 0 0 0 0 0 0 0 0 0 0
0.198 0.00654457 0.00654457 0.0924554 0.0924554 0 0 0 0 0 0 0 0 0 0 0 0 0 0 0 0 0 0 0 0 0 0 0 0 0 0 0 0 0 0 0 0
0.196 0.00642832 0.00642832 0.0915717 0.0915717 0 0 0 0 0 0 0 0 0 0 0 0 0 0 0 0 0 0 0 0 0 0 0 0 0 0 0 0 0 0 0 0
0.194 0.00631334 0.00631334 0.0906867 0.0906867 0 0 0 0 0 0 0 0 0 0 0 0 0 0 0 0 0 0 0 0 0 0 0 0 0 0 0 0 0 0 0 0
0.192 0.00619962 0.00619962 0.0898004 0.0898004 0 0 0 0 0 0 0 0 0 0 0 0 0 0 0 0 0 0 0 0 0 0 0 0 0 0 0 0 0 0 0 0
0.19 0.00608718 0.00608718 0.0889128 0.0889128 0 0 0 0 0 0 0 0 0 0 0 0 0 0 0 0 0 0 0 0 0 0 0 0 0 0 0 0 0 0 0 0
0.188 0.00597601 0.00597601 0.088024 0.088024 0 0 0 0 0 0 0 0 0 0 0 0 0 0 0 0 0 0 0 0 0 0 0 0 0 0 0 0 0 0 0 0
0.186 0.0058661 0.0058661 0.0871339 0.0871339 0 0 0 0 0 0 0 0 0 0 0 0 0 0 0 0 0 0 0 0 0 0 0 0 0 0 0 0 0 0 0 0
0.184 0.00575747 0.00575747 0.0862425 0.0862425 0 0 0 0 0 0 0 0 0 0 0 0 0 0 0 0 0 0 0 0 0 0 0 0 0 0 0 0 0 0 0 0
0.182 0.00565011 0.00565011 0.0853499 0.0853499 0 0 0 0 0 0 0 0 0 0 0 0 0 0 0 0 0 0 0 0 0 0 0 0 0 0 0 0 0 0 0 0
0.18 0.00554402 0.00554402 0.084456 0.084456 0 0 0 0 0 0 0 0 0 0 0 0 0 0 0 0 0 0 0 0 0 0 0 0 0 0 0 0 0 0 0 0
0.178 0.0054392 0.0054392 0.0835608 0.0835608 0 0 0 0 0 0 0 0 0 0 0 0 0 0 0 0 0 0 0 0 0 0 0 0 0 0 0 0 0 0 0 0
0.176 0.00533564 0.00533564 0.0826644 0.0826644 0 0 0 0 0 0 0 0 0 0 0 0 0 0 0 0 0 0 0 0 0 0 0 0 0 0 0 0 0 0 0 0
0.174 0.00523334 0.00523334 0.0817667 0.0817667 0 0 0 0 0 0 0 0 0 0 0 0 0 0 0 0 0 0 0 0 0 0 0 0 0 0 0 0 0 0 0 0
0.172 0.0051323 0.0051323 0.0808677 0.0808677 0 0 0 0 0 0 0 0 0 0 0 0 0 0 0 0 0 0 0 0 0 0 0 0 0 0 0 0 0 0 0 0
0.17 0.00503251 0.00503251 0.0799675 0.0799675 0 0 0 0 0 0 0 0 0 0 0 0 0 0 0 0 0 0 0 0 0 0 0 0 0 0 0 0 0 0 0 0
0.168 0.00493396 0.00493396 0.079066 0.079066 0 0 0 0 0 0 0 0 0 0 0 0 0 0 0 0 0 0 0 0 0 0 0 0 0 0 0 0 0 0 0 0
0.166 0.00483664 0.00483664 0.0781634 0.0781634 0 0 0 0 0 0 0 0 0 0 0 0 0 0 0 0 0 0 0 0 0 0 0 0 0 0 0 0 0 0 0 0
0.164 0.00474056 0.00474056 0.0772594 0.0772594 0 0 0 0 0 0 0 0 0 0 0 0 0 0 0 0 0 0 0 0 0 0 0 0 0 0 0 0 0 0 0 0
0.162 0.0046457 0.0046457 0.0763543 0.0763543 0 0 0 0 0 0 0 0 0 0 0 0 0 0 0 0 0 0 0 0 0 0 0 0 0 0 0 0 0 0 0 0
0.16 0.00455205 0.00455205 0.075448 0.075448 0 0 0 0 0 0 0 0 0 0 0 0 0 0 0 0 0 0 0 0 0 0 0 0 0 0 0 0 0 0 0 0
0.158 0.0044596 0.0044596 0.0745404 0.0745404 0 0 0 0 0 0 0 0 0 0 0 0 0 0 0 0 0 0 0 0 0 0 0 0 0 0 0 0 0 0 0 0
0.156 0.00436834 0.00436834 0.0736317 0.0736317 0 0 0 0 0 0 0 0 0 0 0 0 0 0 0 0 0 0 0 0 0 0 0 0 0 0 0 0 0 0 0 0
0.154 0.00427826 0.00427826 0.0727217 0.0727217 0 0 0 0 0 0 0 0 0 0 0 0 0 0 0 0 0 0 0 0 0 0 0 0 0 0 0 0 0 0 0 0
0.152 0.00418935 0.00418935 0.0718106 0.0718106 0 0 0 0 0 0 0 0 0 0 0 0 0 0 0 0 0 0 0 0 0 0 0 0 0 0 0 0 0 0 0 0
0.15 0.0041016 0.0041016 0.0708984 0.0708984 0 0 0 0 0 0 0 0 0 0 0 0 0 0 0 0 0 0 0 0 0 0 0 0 0 0 0 0 0 0 0 0
0.148 0.00401499 0.00401499 0.069985 0.069985 0 0 0 0 0 0 0 0 0 0 0 0 0 0 0 0 0 0 0 0 0 0 0 0 0 0 0 0 0 0 0 0
0.146 0.00392952 0.00392952 0.0690705 0.0690705 0 0 0 0 0 0 0 0 0 0 0 0 0 0 0 0 0 0 0 0 0 0 0 0 0 0 0 0 0 0 0 0
0.144 0.00384516 0.00384516 0.0681548 0.0681548 0 0 0 0 0 0 0 0 0 0 0 0 0 0 0 0 0 0 0 0 0 0 0 0 0 0 0 0 0 0 0 0
0.142 0.00376191 0.00376191 0.0672381 0.0672381 0 0 0 0 0 0 0 0 0 0 0 0 0 0 0 0 0 0 0 0 0 0 0 0 0 0 0 0 0 0 0 0
0.14 0.00367976 0.00367976 0.0663202 0.0663202 0 0 0 0 0 0 0 0 0 0 0 0 0 0 0 0 0 0 0 0 0 0 0 0 0 0 0 0 0 0 0 0
0.138 0.0035987 0.0035987 0.0654013 0.0654013 0 0 0 0 0 0 0 0 0 0 0 0 0 0 0 0 0 0 0 0 0 0 0 0 0 0 0 0 0 0 0 0
0.136 0.00351871 0.00351871 0.0644813 0.0644813 0 0 0 0 0 0 0 0 0 0 0 0 0 0 0 0 0 0 0 0 0 0 0 0 0 0 0 0 0 0 0 0
0.134 0.00343978 0.00343978 0.0635602 0.0635602 0 0 0 0 0 0 0 0 0 0 0 0 0 0 0 0 0 0 0 0 0 0 0 0 0 0 0 0 0 0 0 0
0.132 0.00336192 0.00336192 0.0626381 0.0626381 0 0 0 0 0 0 0 0 0 0 0 0 0 0 0 0 0 0 0 0 0 0 0 0 0 0 0 0 0 0 0 0
0.13 0.00328511 0.00328511 0.0617149 0.0617149 0 0 0 0 0 0 0 0 0 0 0 0 0 0 0 0 0 0 0 0 0 0 0 0 0 0 0 0 0 0 0 0
0.128 0.00320937 0.00320937 0.0607906 0.0607906 0 0 0 0 0 0 0 0 0 0 0 0 0 0 0 0 0 0 0 0 0 0 0 0 0 0 0 0 0 0 0 0
0.126 0.0031347 0.0031347 0.0598653 0.0598653 0 0 0 0 0 0 0 0 0 0 0 0 0 0 0 0 0 0 0 0 0 0 0 0 0 0 0 0 0 0 0 0
0.124 0.00306111 0.00306111 0.0589389 0.0589389 0 0 0 0 0 0 0 0 0 0 0 0 0 0 0 0 0 0 0 0 0 0 0 0 0 0 0 0 0 0 0 0
0.122 0.00298863 0.00298863 0.0580114 0.0580114 0 0 0 0 0 0 0 0 0 0 0 0 0 0 0 0 0 0 0 0 0 0 0 0 0 0 0 0 0 0 0 0
0.12 0.00291731 0.00291731 0.0570827 0.0570827 0 0 0 0 0 0 0 0 0 0 0 0 0 0 0 0 0 0 0 0 0 0 0 0 0 0 0 0 0 0 0 0
0.118 0.00284721 0.00284721 0.0561528 0.0561528 0 0 0 0 0 0 0 0 0 0 0 0 0 0 0 0 0 0 0 0 0 0 0 0 0 0 0 0 0 0 0 0
0.116 0.00277845 0.00277845 0.0552215 0.0552215 0 0 0 0 0 0 0 0 0 0 0 0 0 0 0 0 0 0 0 0 0 0 0 0 0 0 0 0 0 0 0 0
0.114 0.00271122 0.00271122 0.0542888 0.0542888 0 0 0 0 0 0 0 0 0 0 0 0 0 0 0 0 0 0 0 0 0 0 0 0 0 0 0 0 0 0 0 0
0.112 0.00264589 0.00264589 0.0533541 0.0533541 0 0 0 0 0 0 0 0 0 0 0 0 0 0 0 0 0 0 0 0 0 0 0 0 0 0 0 0 0 0 0 0
0.11 0.00258378 0.00258378 0.0524162 0.0524162 0 0 0 0 0 0 0 0 0 0 0 0 0 0 0 0 0 0 0 0 0 0 0 0 0 0 0 0 0 0 0 0
0.108 0.0025245 0.0025245 0.0514755 0.0514755 0 0 0 0 0 0 0 0 0 0 0 0 0 0 0 0 0 0 0 0 0 0 0 0 0 0 0 0 0 0 0 0
0.106 0.00246534 0.00246534 0.0505347 0.0505347 0 0 0 0 0 0 0 0 0 0 0 0 0 0 0 0 0 0 0 0 0 0 0 0 0 0 0 0 0 0 0 0
0.104 0.00240628 0.00240628 0.0495937 0.0495937 0 0 0 0 0 0 0 0 0 0 0 0 0 0 0 0 0 0 0 0 0 0 0 0 0 0 0 0 0 0 0 0
0.102 0.00234728 0.00234728 0.0486527 0.0486527 0 0 0 0 0 0 0 0 0 0 0 0 0 0 0 0 0 0 0 0 0 0 0 0 0 0 0 0 0 0 0 0
0.1 0.00228832 0.00228832 0.0477117 0.0477117 0 0 0 0 0 0 0 0 0 0 0 0 0 0 0 0 0 0 0 0 0 0 0 0 0 0 0 0 0 0 0 0
0.098 0.00222936 0.00222936 0.0467706 0.0467706 0 0 0 0 0 0 0 0 0 0 0 0 0 0 0 0 0 0 0 0 0 0 0 0 0 0 0 0 0 0 0 0
0.096 0.00217039 0.00217039 0.0458296 0.0458296 0 0 0 0 0 0 0 0 0 0 0 0 0 0 0 0 0 0 0 0 0 0 0 0 0 0 0 0 0 0 0 0
0.094 0.00211138 0.00211138 0.0448886 0.0448886 0 0 0 0 0 0 0 0 0 0 0 0 0 0 0 0 0 0 0 0 0 0 0 0 0 0 0 0 0 0 0 0
0.092 0.00205231 0.00205231 0.0439477 0.0439477 0 0 0 0 0 0 0 0 0 0 0 0 0 0 0 0 0 0 0 0 0 0 0 0 0 0 0 0 0 0 0 0
0.09 0.00199315 0.00199315 0.0430069 0.0430069 0 0 0 0 0 0 0 0 0 0 0 0 0 0 0 0 0 0 0 0 0 0 0 0 0 0 0 0 0 0 0 0
0.088 0.00193389 0.00193389 0.0420661 0.0420661 0 0 0 0 0 0 0 0 0 0 0 0 0 0 0 0 0 0 0 0 0 0 0 0 0 0 0 0 0 0 0 0
0.086 0.00187451 0.00187451 0.0411255 0.0411255 0 0 0 0 0 0 0 0 0 0 0 0 0 0 0 0 0 0 0 0 0 0 0 0 0 0 0 0 0 0 0 0
0.084 0.00181501 0.00181501 0.040185 0.040185 0 0 0 0 0 0 0 0 0 0 0 0 0 0 0 0 0 0 0 0 0 0 0 0 0 0 0 0 0 0 0 0
0.082 0.00175538 0.00175538 0.0392446 0.0392446 0 0 0 0 0 0 0 0 0 0 0 0 0 0 0 0 0 0 0 0 0 0 0 0 0 0 0 0 0 0 0 0
0.08 0.00169561 0.00169561 0.0383044 0.0383044 0 0 0 0 0 0 0 0 0 0 0 0 0 0 0 0 0 0 0 0 0 0 0 0 0 0 0 0 0 0 0 0
0.078 0.00163571 0.00163571 0.0373643 0.0373643 0 0 0 0 0 0 0 0 0 0 0 0 0 0 0 0 0 0 0 0 0 0 0 0 0 0 0 0 0 0 0 0
0.076 0.00157568 0.00157568 0.0364243 0.0364243 0 0 0 0 0 0 0 0 0 0 0 0 0 0 0 0 0 0 0 0 0 0 0 0 0 0 0 0 0 0 0 0
0.074 0.00151553 0.00151553 0.0354845 0.0354845 0 0 0 0 0 0 0 0 0 0 0 0 0 0 0 0 0 0 0 0 0 0 0 0 0 0 0 0 0 0 0 0
0.072 0.00145528 0.00145528 0.0345447 0.0345447 0 0 0 0 0 0 0 0 0 0 0 0 0 0 0 0 0 0 0 0 0 0 0 0 0 0 0 0 0 0 0 0
0.07 0.00139496 0.00139496 0.033605 0.033605 0 0 0 0 0 0 0 0 0 0 0 0 0 0 0 0 0 0 0 0 0 0 0 0 0 0 0 0 0 0 0 0
0.068 0.0013346 0.0013346 0.0326654 0.0326654 0 0 0 0 0 0 0 0 0 0 0 0 0 0 0 0 0 0 0 0 0 0 0 0 0 0 0 0 0 0 0 0
0.066 0.00127423 0.00127423 0.0317258 0.0317258 0 0 0 0 0 0 0 0 0 0 0 0 0 0 0 0 0 0 0 0 0 0 0 0 0 0 0 0 0 0 0 0
0.064 0.0012139 0.0012139 0.0307861 0.0307861 0 0 0 0 0 0 0 0 0 0 0 0 0 0 0 0 0 0 0 0 0 0 0 0 0 0 0 0 0 0 0 0
0.062 0.00115368 0.00115368 0.0298463 0.0298463 0 0 0 0 0 0 0 0 0 0 0 0 0 0 0 0 0 0 0 0 0 0 0 0 0 0 0 0 0 0 0 0
0.06 0.00109361 0.00109361 0.0289064 0.0289064 0 0 0 0 0 0 0 0 0 0 0 0 0 0 0 0 0 0 0 0 0 0 0 0 0 0 0 0 0 0 0 0
0.058 0.00103378 0.00103378 0.0279662 0.0279662 0 0 0 0 0 0 0 0 0 0 0 0 0 0 0 0 0 0 0 0 0 0 0 0 0 0 0 0 0 0 0 0
0.056 0.000974267 0.000974267 0.0270257 0.0270257 0 0 0 0 0 0 0 0 0 0 0 0 0 0 0 0 0 0 0 0 0 0 0 0 0 0 0 0 0 0 0 0
0.054 0.000915167 0.000915167 0.0260848 0.0260848 0 0 0 0 0 0 0 0 0 0 0 0 0 0 0 0 0 0 0 0 0 0 0 0 0 0 0 0 0 0 0 0
0.052 0.000856583 0.000856583 0.0251434 0.0251434 0 0 0 0 0 0 0 0 0 0 0 0 0 0 0 0 0 0 0 0 0 0 0 0 0 0 0 0 0 0 0 0
0.05 0.00079863 0.00079863 0.0242014 0.0242014 0 0 0 0 0 0 0 0 0 0 0 0 0 0 0 0 0 0 0 0 0 0 0 0 0 0 0 0 0 0 0 0
0.048 0.000741435 0.000741435 0.0232586 0.0232586 0 0 0 0 0 0 0 0 0 0 0 0 0 0 0 0 0 0 0 0 0 0 0 0 0 0 0 0 0 0 0 0
0.046 0.000685134 0.000685134 0.0223149 0.0223149 0 0 0 0 0 0 0 0 0 0 0 0 0 0 0 0 0 0 0 0 0 0 0 0 0 0 0 0 0 0 0 0
0.044 0.000629877 0.000629877 0.0213701 0.0213701 0 0 0 0 0 0 0 0 0 0 0 0 0 0 0 0 0 0 0 0 0 0 0 0 0 0 0 0 0 0 0 0
0.042 0.000575822 0.000575822 0.0204242 0.0204242 0 0 0 0 0 0 0 0 0 0 0 0 0 0 0 0 0 0 0 0 0 0 0 0 0 0 0 0 0 0 0 0
0.04 0.00052314 0.00052314 0.0194769 0.0194769 0 0 0 0 0 0 0 0 0 0 0 0 0 0 0 0 0 0 0 0 0 0 0 0 0 0 0 0 0 0 0 0
0.038 0.000472009 0.000472009 0.018528 0.018528 0 0 0 0 0 0 0 0 0 0 0 0 0 0 0 0 0 0 0 0 0 0 0 0 0 0 0 0 0 0 0 0
0.036 0.000422618 0.000422618 0.0175774 0.0175774 0 0 0 0 0 0 0 0 0 0 0 0 0 0 0 0 0 0 0 0 0 0 0 0 0 0 0 0 0 0 0 0
0.034 0.00037516 0.00037516 0.0166248 0.0166248 0 0 0 0 0 0 0 0 0 0 0 0 0 0 0 0 0 0 0 0 0 0 0 0 0 0 0 0 0 0 0 0
0.032 0.000329833 0.000329833 0.0156702 0.0156702 0 0 0 0 0 0 0 0 0 0 0 0 0 0 0 0 0 0 0 0 0 0 0 0 0 0 0 0 0 0 0 0
0.03 0.000286838 0.000286838 0.0147132 0.0147132 0 0 0 0 0 0 0 0 0 0 0 0 0 0 0 0 0 0 0 0 0 0 0 0 0 0 0 0 0 0 0 0
0.028 0.000246374 0.000246374 0.0137536 0.0137536 0 0 0 0 0 0 0 0 0 0 0 0 0 0 0 0 0 0 0 0 0 0 0 0 0 0 0 0 0 0 0 0
0.026 0.000208631 0.000208631 0.0127914 0.0127914 0 0 0 0 0 0 0 0 0 0 0 0 0 0 0 0 0 0 0 0 0 0 0 0 0 0 0 0 0 0 0 0
0.024 0.00017379 0.00017379 0.0118262 0.0118262 0 0 0 0 0 0 0 0 0 0 0 0 0 0 0 0 0 0 0 0 0 0 0 0 0 0 0 0 0 0 0 0
0.022 0.000142014 0.000142014 0.010858 0.010858 0 0 0 0 0 0 0 0 0 0 0 0 0 0 0 0 0 0 0 0 0 0 0 0 0 0 0 0 0 0 0 0
0.02 0.000113442 0.000113442 0.00988656 0.00988656 0 0 0 0 0 0 0 0 0 0 0 0 0 0 0 0 0 0 0 0 0 0 0 0 0 0 0 0 0 0 0 0
0.018 8.81791e-05 8.81791e-05 0.00891182 0.00891182 0 0 0 0 0 0 0 0 0 0 0 0 0 0 0 0 0 0 0 0 0 0 0 0 0 0 0 0 0 0 0 0
0.016 6.62902e-05 6.62902e-05 0.00793371 0.00793371 0 0 0 0 0 0 0 0 0 0 0 0 0 0 0 0 0 0 0 0 0 0 0 0 0 0 0 0 0 0 0 0
0.014 4.77907e-05 4.77907e-05 0.00695221 0.00695221 0 0 0 0 0 0 0 0 0 0 0 0 0 0 0 0 0 0 0 0 0 0 0 0 0 0 0 0 0 0 0 0
0.012 3.26375e-05 3.26375e-05 0.00596736 0.00596736 0 0 0 0 0 0 0 0 0 0 0 0 0 0 0 0 0 0 0 0 0 0 0 0 0 0 0 0 0 0 0 0
0.01 2.07197e-05 2.07197e-05 0.00497928 0.00497928 0 0 0 0 0 0 0 0 0 0 0 0 0 0 0 0 0 0 0 0 0 0 0 0 0 0 0 0 0 0 0 0
0.008 1.18513e-05 1.18513e-05 0.00398815 0.00398815 0 0 0 0 0 0 0 0 0 0 0 0 0 0 0 0 0 0 0 0 0 0 0 0 0 0 0 0 0 0 0 0
0.006 5.76291e-06 5.76291e-06 0.00299424 0.00299424 0 0 0 0 0 0 0 0 0 0 0 0 0 0 0 0 0 0 0 0 0 0 0 0 0 0 0 0 0 0 0 0
0.004 2.09365e-06 2.09365e-06 0.00199791 0.00199791 0 0 0 0 0 0 0 0 0 0 0 0 0 0 0 0 0 0 0 0 0 0 0 0 0 0 0 0 0 0 0 0
0.002 3.7764e-07 3.7764e-07 0.000999622 0.000999622 0 0 0 0 0 0 0 0 0 0 0 0 0 0 0 0 0 0 0 0 0 0 0 0 0 0 0 0 0 0 0 0
