0.13 2.02184 35.3572 -1800.46 -11.4735 0 1.13018 2.26036 0.926021 7.49535 17.8549 5 241.768 74.2864
0.1287 1.99495 35.2312 -1800.59 -11.4737 0 1.12171 2.24343 0.916533 7.6282 17.4549 5 254.878 78.3262
0.1274 1.96815 35.1039 -1800.72 -11.474 0 1.11424 2.22848 0.907044 7.75773 17.1255 5 268.11 82.4051
0.1261 1.94144 34.9754 -1800.86 -11.4743 0 1.1076 2.21519 0.897557 7.88472 16.851 5 281.522 86.541
0.1248 1.91483 34.8457 -1800.99 -11.4745 0 1.10166 2.20332 0.88807 8.00979 16.6203 5 295.163 90.7485
0.1235 1.88831 34.7147 -1801.13 -11.4748 0 1.09634 2.19267 0.878584 8.1334 16.4253 5 309.073 95.0407
0.1222 1.8619 34.5834 -1801.27 -11.4751 0 1.09128 2.18256 0.86879 8.25803 16.2513 5 323.607 99.5394
0.1209 1.83557 34.45 -1801.41 -11.4754 0 1.08699 2.17398 0.859316 8.37973 16.112 5 338.162 104.034
0.1196 1.80932 34.3153 -1801.55 -11.4757 0 1.08313 2.16627 0.849842 8.501 15.9939 5 353.095 108.646
0.1183 1.78317 34.1794 -1801.69 -11.476 0 1.07966 2.15932 0.840369 8.62207 15.8942 5 368.438 113.386
0.117 1.75712 34.0422 -1801.83 -11.4763 0 1.07654 2.15307 0.830898 8.74316 15.8107 5 384.223 118.264
0.1157 1.73116 33.9038 -1801.98 -11.4766 0 1.07374 2.14747 0.821427 8.86445 15.7415 5 400.482 123.291
0.1144 1.70533 33.7651 -1802.14 -11.4769 0 1.07101 2.14203 0.81163 8.98797 15.6792 5 417.611 128.607
0.1131 1.67956 33.6241 -1802.28 -11.4772 0 1.0688 2.13761 0.802171 9.11008 15.6348 5 434.913 133.959
0.1118 1.6539 33.4819 -1802.43 -11.4776 0 1.06685 2.13371 0.792714 9.23286 15.6008 5 452.789 139.49
0.1105 1.62833 33.3381 -1802.58 -11.4779 0 1.06484 2.12968 0.783257 6.23943 13.4021 4 471.275 145.212
0.1092 1.60287 33.192 -1802.73 -11.4782 0 1.06148 2.12296 0.773802 6.33369 13.3172 4 490.408 151.136
0.1079 1.57752 33.0453 -1802.89 -11.4786 0 1.05821 2.11642 0.764055 6.42983 13.2371 4 510.587 157.409
0.1066 1.55226 32.8964 -1803.05 -11.4789 0 1.05546 2.11091 0.754612 6.52521 13.1725 4 531.126 163.772
0.1053 1.5271 32.7461 -1803.2 -11.4793 0 1.05297 2.10595 0.745169 6.62134 13.1166 4 552.433 170.376
0.104 1.50204 32.5943 -1803.36 -11.4797 0 1.05075 2.10149 0.735728 6.71832 13.0688 4 574.551 177.233
0.1027 1.47708 32.4412 -1803.52 -11.48 0 1.04876 2.09752 0.726288 6.81623 13.0286 4 597.528 184.359
0.1014 1.45225 32.2873 -1803.69 -11.4804 0 1.04681 2.09363 0.716543 6.91647 12.991 4 621.849 191.934
0.1001 1.42751 32.1312 -1803.86 -11.4808 0 1.0453 2.09059 0.707116 7.01647 12.9649 4 646.694 199.644
0.0988 1.40287 31.9736 -1804.02 -11.4812 0 1.04399 2.08798 0.69769 7.11767 12.9453 4 672.556 207.673
0.0975 1.37834 31.8144 -1804.19 -11.4816 0 1.04289 2.08578 0.688266 7.22017 12.9317 4 699.496 216.039
0.0962 1.35391 31.6537 -1804.35 -11.482 0 1.04199 2.08399 0.678843 7.32406 12.9239 4 727.577 224.762
0.0949 1.32963 31.4922 -1804.54 -11.4824 0 1.0411 2.08221 0.669098 7.43073 12.9176 4 757.402 234.072
0.0936 1.30542 31.3282 -1804.71 -11.4828 0 1.0406 2.08119 0.65969 7.53761 12.921 4 787.973 243.576
0.0923 1.28133 31.1627 -1804.88 -11.4833 0 1.04027 2.08054 0.650283 7.64616 12.9296 4 819.903 253.505
0.091 1.25735 30.9935 -1805.05 -11.4837 0 0.581838 1.16368 0.640877 6.93295 10.8179 3 3557.82 1100.3
0.0897 1.23348 30.82 -1805.23 -11.4841 0 0.603655 1.20731 0.631474 6.77924 10.7356 3 3351.57 1036.77
0.0884 1.20976 30.6455 -1805.43 -11.4846 0 0.626915 1.25383 0.621732 6.6237 10.6536 3 3152.19 975.543
0.0871 1.18612 30.4684 -1805.62 -11.4851 0 0.650218 1.30044 0.612344 6.48163 10.585 3 2976.86 921.514
0.0858 1.1626 30.2894 -1805.8 -11.4856 0 0.674328 1.34866 0.602958 6.34458 10.5224 3 2814.33 871.424
0.0845 1.1392 30.1086 -1805.99 -11.486 0 0.69929 1.39858 0.593573 6.21223 10.4658 3 2663.4 824.907
0.0832 1.11591 29.9257 -1806.18 -11.4865 0 0.725151 1.4503 0.584191 6.08429 10.4149 3 2523.02 781.637
0.0819 1.09278 29.7416 -1806.39 -11.4871 0 0.752855 1.50571 0.574453 5.95342 10.3636 3 2385.42 739.388
0.0806 1.06974 29.5547 -1806.59 -11.4876 0 0.780672 1.56134 0.565088 5.83389 10.3239 3 2264 701.948
0.0793 1.04682 29.3657 -1806.78 -11.4881 0 0.809553 1.61911 0.555726 5.71799 10.2892 3 2150.54 666.957
0.078 1.02403 29.1745 -1806.98 -11.4887 0 0.83956 1.67912 0.546365 5.60551 10.2596 3 2044.36 634.21
0.0767 1.00138 28.9818 -1807.2 -11.4893 0 0.871641 1.74328 0.536702 5.49071 10.2305 3 1940.24 602.22
0.0754 0.978841 28.7862 -1807.4 -11.4898 0 0.904111 1.80822 0.527358 5.38479 10.2109 3 1847.28 573.538
0.0741 0.956428 28.5882 -1807.61 -11.4904 0 0.937926 1.87585 0.518016 5.28172 10.196 3 1759.94 546.59
0.0728 0.934146 28.388 -1807.82 -11.491 0 0.973169 1.94634 0.508677 5.18134 10.1859 3 1677.8 521.24
0.0715 0.912021 28.1859 -1808.05 -11.4916 0 1.011 2.02201 0.499023 5.07812 10.1761 3 1596.51 496.271
0.0702 0.890003 27.9807 -1808.26 -11.4923 0 1.04939 2.09877 0.489701 4.98298 10.1756 3 1523.91 473.856
0.0689 0.868119 27.7729 -1808.48 -11.4929 0 1.08949 2.17899 0.480382 4.8901 10.1796 3 1455.38 452.699
0.0676 0.846372 27.5625 -1808.7 -11.4936 0 1.13144 2.26288 0.471067 4.79936 10.1883 3 1390.65 432.71
0.0663 0.824791 27.35 -1808.94 -11.4943 0 1.17668 2.35335 0.461424 4.70534 10.1975 3 1326.02 412.864
0.065 0.803322 27.1341 -1809.17 -11.495 0 1.22269 2.44538 0.452127 4.61882 10.2158 3 1268.34 395.043
0.0637 0.781995 26.9152 -1809.4 -11.4957 0 1.27096 2.54191 0.442834 4.5341 10.2388 3 1213.68 378.156
0.0624 0.760812 26.6935 -1809.63 -11.4964 0 1.32163 2.64326 0.433545 4.4511 10.2667 3 1161.84 362.139
0.0611 0.739803 26.4693 -1809.89 -11.4972 0 1.37656 2.75311 0.423915 4.36442 10.2955 3 1109.63 346.111
0.0598 0.718913 26.2413 -1810.13 -11.498 0 1.43261 2.86522 0.414647 4.28481 10.3336 3 1063.11 331.729
0.0585 0.698174 26.01 -1810.37 -11.4988 0 1.49166 2.98332 0.405383 4.20665 10.377 3 1018.87 318.052
0.0572 0.677608 25.7759 -1810.63 -11.4996 0 1.55547 3.11094 0.395851 4.12575 10.4225 3 974.644 304.457
0.0559 0.657183 25.538 -1810.89 -11.5005 0 1.62182 3.24364 0.38651 4.04899 10.4758 3 933.982 291.907
0.0546 0.636914 25.2964 -1811.15 -11.5014 0 1.69199 3.38398 0.377176 3.97348 10.5348 3 895.257 279.953
0.0533 0.616804 25.0511 -1811.41 -11.5023 0 1.76629 3.53259 0.36785 3.89917 10.5999 3 858.348 268.559
0.052 0.596857 24.8019 -1811.68 -11.5032 0 1.84509 3.69018 0.358532 3.82597 10.6712 3 823.148 257.692
0.0507 0.577074 24.5436 -1811.96 -11.5042 0 1.92403 3.84806 0.349222 7.52614 12.7357 2 789.551 247.318
0.0494 0.557459 24.2778 -1812.25 -11.5052 0 2.00463 4.00927 0.339921 7.41361 12.7157 2 757.462 237.409
0.0481 0.538014 24.007 -1812.54 -11.5062 0 2.09002 4.18005 0.330628 7.3029 12.7006 2 726.791 227.936
0.0468 0.518742 23.731 -1812.84 -11.5073 0 2.18063 4.36126 0.321344 7.19389 12.6905 2 697.455 218.876
0.0455 0.499647 23.4497 -1813.14 -11.5084 0 2.27692 4.55385 0.31207 7.0865 12.6854 2 669.377 210.203
0.0442 0.480724 23.1627 -1813.44 -11.5095 0 2.37852 4.75705 0.302908 6.98332 12.6884 2 643.073 202.052
0.0429 0.462 22.8699 -1813.77 -11.5107 0 2.48879 4.97757 0.293551 6.87617 12.6913 2 616.711 193.932
0.0416 0.443447 22.5708 -1814.08 -11.5119 0 2.60457 5.20914 0.284413 6.77583 12.7054 2 592.565 186.446
0.0403 0.425102 22.2653 -1814.43 -11.5132 0 2.73076 5.46152 0.275076 6.67118 12.7197 2 568.272 178.964
0.039 0.406935 21.9528 -1814.75 -11.5145 0 2.8638 5.72759 0.265961 6.57332 12.7461 2 546.048 172.07
0.0377 0.388984 21.6331 -1815.11 -11.5159 0 3.00948 6.01897 0.256646 6.4708 12.7729 2 523.6 165.157
0.0364 0.371221 21.3057 -1815.45 -11.5173 0 3.16377 6.32753 0.247558 6.37508 12.8129 2 503.093 158.793
0.0351 0.353683 20.9702 -1815.83 -11.5189 0 3.33364 6.66727 0.238266 6.27432 12.8539 2 482.293 152.388
0.0338 0.33635 20.6261 -1816.21 -11.5204 0 3.51622 7.03244 0.229097 6.1773 12.9059 2 462.787 146.357
0.0325 0.319237 20.2728 -1816.59 -11.5221 0 3.7148 7.42959 0.219942 6.08098 12.9664 2 443.991 140.545
0.0312 0.302349 19.9075 -1816.99 -11.5238 0 3.92806 7.85612 0.210802 8.98566 15.0982 1 425.866 134.94
0.0299 0.285693 19.5292 -1817.4 -11.5256 0 4.15747 8.31493 0.201678 8.85896 15.1065 1 408.376 129.531
0.0286 0.269275 19.1394 -1817.83 -11.5274 0 4.40909 8.81818 0.19257 8.73309 15.123 1 391.485 124.306
0.0273 0.253102 18.7371 -1818.27 -11.5294 0 4.68622 9.37243 0.18348 8.60791 15.1485 1 375.159 119.255
0.026 0.237182 18.3213 -1818.72 -11.5315 0 4.99281 9.98563 0.174408 8.48329 15.1836 1 359.367 114.369
0.0247 0.221516 17.8911 -1819.18 -11.5335 0 5.33037 10.6607 0.165468 8.36429 15.2355 1 344.585 109.768
0.0234 0.206135 17.4444 -1819.69 -11.536 0 5.71478 11.4296 0.156325 8.23507 15.2871 1 329.256 105.051
0.0221 0.191028 16.9806 -1820.19 -11.5384 0 6.14339 12.2868 0.147315 8.11115 15.358 1 314.88 100.601
0.0208 0.176212 16.4976 -1820.72 -11.541 0 6.62874 13.2575 0.138328 7.98709 15.4437 1 300.917 96.2783
0.0195 0.1617 15.9934 -1821.28 -11.5438 0 7.18254 14.3651 0.129366 7.86268 15.5464 1 287.338 92.074
0.0182 0.147504 15.4655 -1821.86 -11.5467 0 7.8199 15.6398 0.12043 7.73767 15.6687 1 274.115 87.979
0.0169 0.133641 14.911 -1822.47 -11.5499 0 8.5607 17.1214 0.111522 7.61179 15.8137 1 261.219 83.9843
0.0156 0.120127 14.3266 -1823.11 -11.5533 0 9.43157 18.8631 0.102643 7.4847 15.9857 1 248.619 80.0803
0.0143 0.106981 13.7078 -1823.8 -11.557 0 10.469 20.938 0.0937978 7.356 16.1899 1 236.281 76.2569
0.013 0.0942248 13.0492 -1824.52 -11.5609 0 11.7243 23.4487 0.084987 7.22522 16.4336 1 224.171 72.5026
0.0117 0.0818854 12.3441 -1825.3 -11.5653 0 13.2722 26.5444 0.0762141 7.09176 16.7266 1 212.249 68.8053
0.0104 0.0699929 11.5834 -1826.14 -11.57 0 15.2251 30.4503 0.0674828 6.95486 17.0827 1 200.468 65.1501
0.0091 0.0585841 10.755 -1827.05 -11.5753 0 17.7611 35.5222 0.058797 6.81351 17.5221 1 188.771 61.519
0.0078 0.0477049 9.84184 -1828.06 -11.5813 0 21.1788 42.3575 0.0501619 6.66634 18.0758 1 177.085 57.8887
0.0065 0.0374132 8.81876 -1829.19 -11.588 0 26.0194 52.0389 0.0415836 6.51136 18.7945 1 165.309 54.2271
0.0052 0.0277866 7.64608 -1830.49 -11.5958 0 33.3745 66.749 0.03307 6.34548 19.7691 1 153.292 50.4861
0.0039 0.0189342 6.25457 -1832.02 -11.6051 0 45.8135 91.6271 0.0246319 6.16346 21.1832 1 140.785 46.5854
0.0026 0.0110254 4.5028 -1833.94 -11.6167 0 71.1273 142.255 0.0162845 5.95488 23.4936 1 127.298 42.3671
0.0013 0.0043731 1.99963 -1836.66 -11.6324 0 148.825 297.65 0.00805307 5.69199 28.3973 1 111.53 37.4097
