0.1078 0.560303 12.3904 -1801.49 2.38127 0.117589 0.168858 0.337717 0.982601 8.20875 31.6788 5 147.918 25.4191
0.1067 0.554137 12.3462 -1801.64 2.36292 0.117997 0.161835 0.32367 0.963084 8.65329 25.9882 5 174.516 30.07
0.1056 0.547976 12.301 -1801.79 2.34432 0.118418 0.157371 0.314743 0.943824 8.99144 23.4772 5 197.182 34.0682
0.1045 0.541821 12.255 -1801.94 2.32545 0.118852 0.154079 0.308159 0.924817 9.2802 21.9879 5 218.34 37.8287
0.1034 0.535674 12.2081 -1802.1 2.30631 0.1193 0.151484 0.302967 0.906053 9.53965 20.9848 5 238.853 41.5005
0.1023 0.529529 12.153 -1802.26 2.28689 0.127208 0.149358 0.298716 0.88754 9.77944 20.2604 5 259.145 45.1563
0.1012 0.523655 12.1049 -1802.42 2.26718 0.127681 0.147478 0.294955 0.868462 10.0118 19.6862 5 279.988 48.984
0.1001 0.517253 12.0554 -1802.58 2.24722 0.128226 0.146051 0.292101 0.851228 10.2207 19.2889 5 300.027 52.592
0.099 0.511351 12.0057 -1802.75 2.22692 0.128733 0.144664 0.289328 0.832714 10.4333 18.9352 5 321.369 56.5581
0.0979 0.504994 11.9548 -1802.91 2.20636 0.129305 0.143589 0.287177 0.815851 10.6296 18.6836 5 342.266 60.3682
0.0968 0.499062 11.9036 -1803.08 2.18545 0.129847 0.142532 0.285063 0.797895 10.8301 18.4547 5 364.542 64.5527
0.0957 0.492747 11.8512 -1803.25 2.16426 0.130448 0.141609 0.283218 0.781385 7.35062 15.7211 4 386.645 68.6347
0.0946 0.486784 11.7982 -1803.43 2.14272 0.131026 0.140346 0.280692 0.763979 7.50302 15.444 4 410.173 73.0992
0.0935 0.480509 11.7441 -1803.6 2.12087 0.131659 0.139318 0.278635 0.747808 7.64732 15.228 4 433.774 77.5147
0.0924 0.474515 11.6895 -1803.78 2.09866 0.132275 0.138319 0.276637 0.730946 7.79426 15.0264 4 458.827 82.3148
0.0913 0.4685 11.6342 -1803.96 2.07611 0.132913 0.137431 0.274862 0.714366 7.93911 14.8548 4 484.74 87.3047
0.0902 0.462465 11.5781 -1804.15 2.0532 0.133572 0.136642 0.273285 0.698064 8.08231 14.7088 4 511.581 92.4984
0.0891 0.45641 11.5211 -1804.34 2.02993 0.134253 0.135942 0.271884 0.682039 8.22424 14.5851 4 539.417 97.9099
0.088 0.450336 11.4634 -1804.53 2.00629 0.134956 0.135321 0.270642 0.666287 8.36525 14.4808 4 568.315 103.554
0.0869 0.443829 11.4043 -1804.7 1.98231 0.135736 0.134871 0.269742 0.652193 8.49941 14.4119 4 597.148 109.027
0.0858 0.437736 11.3445 -1804.9 1.95791 0.136484 0.0763484 0.152697 0.636915 7.60344 11.9379 3 2511.92 460.419
0.0847 0.431626 11.2833 -1805.1 1.9331 0.137257 0.0806801 0.16136 0.621897 7.28866 11.72 3 2255.2 414.976
0.0836 0.425499 11.2213 -1805.3 1.90789 0.138055 0.0851498 0.1703 0.607133 6.99692 11.5245 3 2033.74 375.686
0.0825 0.419355 11.1585 -1805.5 1.88226 0.138879 0.0897663 0.179533 0.592618 6.72558 11.3489 3 1841.47 341.494
0.0814 0.413196 11.0947 -1805.7 1.8562 0.139729 0.0945387 0.189077 0.578349 6.47237 11.1911 3 1673.52 311.561
0.0803 0.407133 11.0301 -1805.92 1.82968 0.140592 0.0996019 0.199204 0.563938 6.22751 11.0429 3 1521.03 284.429
0.0792 0.400939 10.9646 -1806.13 1.80275 0.141498 0.104715 0.20943 0.550163 6.00569 10.9162 3 1391.52 261.227
0.0781 0.394884 10.8982 -1806.35 1.77532 0.142413 0.110204 0.220408 0.536096 5.78694 10.7946 3 1271.01 239.716
0.077 0.388755 10.8309 -1806.57 1.74743 0.143365 0.11583 0.23166 0.522465 5.5845 10.6888 3 1166.08 220.891
0.0759 0.382622 10.7626 -1806.79 1.71906 0.144348 0.12169 0.243381 0.509027 5.39261 10.594 3 1072.15 204.006
0.0748 0.376485 10.6933 -1807.02 1.6902 0.145361 0.127801 0.255602 0.495777 5.21029 10.5093 3 987.758 188.802
0.0737 0.370343 10.623 -1807.25 1.66082 0.146406 0.134175 0.268351 0.482719 5.03682 10.4343 3 911.721 175.074
0.0726 0.364198 10.5517 -1807.48 1.63093 0.147484 0.140832 0.281664 0.469849 4.87146 10.3681 3 842.991 162.638
0.0715 0.358046 10.4794 -1807.72 1.6005 0.148597 0.147788 0.295576 0.457168 4.7136 10.3104 3 780.709 151.342
0.0704 0.35189 10.4059 -1807.97 1.56953 0.149746 0.155062 0.310124 0.444674 4.56268 10.2607 3 724.118 141.055
0.0693 0.345728 10.3315 -1808.21 1.53799 0.150932 0.162675 0.32535 0.432367 4.41818 10.2186 3 672.573 131.662
0.0682 0.33956 10.2559 -1808.46 1.50588 0.152157 0.170649 0.341297 0.420246 4.27967 10.1837 3 625.519 123.067
0.0671 0.333387 10.1791 -1808.72 1.47318 0.153424 0.179007 0.358015 0.40831 4.14671 10.1558 3 582.47 115.183
0.066 0.327207 10.1012 -1808.98 1.43988 0.154733 0.187776 0.375552 0.396559 4.01896 10.1346 3 543.007 107.938
0.0649 0.32102 10.0221 -1809.24 1.40596 0.156087 0.196981 0.393962 0.384993 3.89608 10.1199 3 506.767 101.266
0.0638 0.314827 9.94173 -1809.51 1.3714 0.157487 0.206655 0.41331 0.373609 3.77773 10.1115 3 473.416 95.1104
0.0627 0.308628 9.86014 -1809.78 1.33619 0.158936 0.216827 0.433653 0.362409 3.66368 10.1092 3 442.683 89.4215
0.0616 0.302421 9.77688 -1810.06 1.30032 0.160436 0.227185 0.454369 0.351391 7.11816 12.008 2 414.31 84.1546
0.0605 0.296208 9.69151 -1810.35 1.26376 0.161989 0.23732 0.474641 0.340556 6.93804 11.8889 2 388.08 79.2712
0.0594 0.289988 9.60472 -1810.64 1.22651 0.163599 0.247934 0.495869 0.329902 6.76401 11.7764 2 363.796 74.7363
0.0583 0.283761 9.51647 -1810.93 1.18853 0.165268 0.259059 0.518117 0.319428 6.5957 11.6701 2 341.28 70.5186
0.0572 0.277528 9.42673 -1811.23 1.14982 0.166998 0.270725 0.541451 0.309136 6.43283 11.5698 2 320.379 66.5912
0.0561 0.271288 9.33544 -1811.53 1.11036 0.168794 0.282972 0.565944 0.299025 6.27511 11.4754 2 300.954 62.9291
0.055 0.265042 9.24257 -1811.84 1.07012 0.170658 0.295838 0.591675 0.289093 6.12225 11.3866 2 282.88 59.5101
0.0539 0.258791 9.14808 -1812.16 1.02909 0.172595 0.309365 0.61873 0.27934 5.97403 11.3032 2 266.043 56.3143
0.0528 0.252534 9.0519 -1812.48 0.98724 0.174607 0.323602 0.647205 0.269766 5.83018 11.2251 2 250.341 53.3234
0.0517 0.246273 8.954 -1812.81 0.944561 0.176701 0.338598 0.677196 0.26037 5.69053 11.1521 2 235.687 50.5219
0.0506 0.240007 8.85432 -1813.14 0.901026 0.178879 0.354408 0.708817 0.251153 5.55486 11.0842 2 221.995 47.8947
0.0495 0.233738 8.75281 -1813.48 0.856616 0.181147 0.371093 0.742187 0.242112 5.42299 11.0212 2 209.193 45.4286
0.0484 0.227467 8.64941 -1813.82 0.811307 0.18351 0.388719 0.777438 0.233249 5.29476 10.9632 2 197.212 43.1117
0.0473 0.221194 8.54406 -1814.18 0.765078 0.185974 0.407358 0.814716 0.224562 5.16999 10.9099 2 185.989 40.9328
0.0462 0.214921 8.43669 -1814.53 0.717904 0.188546 0.427089 0.854177 0.216051 5.04856 10.8615 2 175.472 38.8821
0.0451 0.208649 8.32684 -1814.9 0.669761 0.191232 0.447338 0.894677 0.207715 7.40638 12.506 1 165.605 36.9501
0.044 0.202379 8.21477 -1815.27 0.620626 0.194039 0.468712 0.937423 0.199553 7.24536 12.3987 1 156.344 35.1289
0.0429 0.196114 8.10047 -1815.65 0.570473 0.196976 0.491371 0.982743 0.191565 7.08845 12.2965 1 147.646 33.4107
0.0418 0.189854 7.98384 -1816.03 0.519277 0.200051 0.515425 1.03085 0.183749 6.93549 12.1993 1 139.473 31.7885
0.0407 0.183602 7.86482 -1816.42 0.467009 0.203275 0.540993 1.08199 0.176106 6.7863 12.1071 1 131.786 30.2557
0.0396 0.17736 7.7433 -1816.82 0.413643 0.206657 0.568205 1.13641 0.168634 6.64076 12.02 1 124.554 28.8067
0.0385 0.171131 7.6192 -1817.22 0.35915 0.21021 0.597212 1.19442 0.161332 6.49875 11.9378 1 117.747 27.4358
0.0374 0.164916 7.4924 -1817.63 0.303501 0.213947 0.628177 1.25635 0.1542 6.36012 11.8605 1 111.335 26.138
0.0363 0.15872 7.36282 -1818.05 0.246665 0.217881 0.661288 1.32258 0.147235 6.22474 11.7883 1 105.294 24.9086
0.0352 0.152545 7.23032 -1818.48 0.18861 0.222029 0.696751 1.3935 0.140437 6.09254 11.7212 1 99.5987 23.7435
0.0341 0.146395 7.09479 -1818.91 0.129303 0.226409 0.734806 1.46961 0.133805 5.96337 11.6592 1 94.227 22.6384
0.033 0.140273 6.95608 -1819.36 0.0687089 0.23104 0.775719 1.55144 0.127337 5.83714 11.6024 1 89.1589 21.5899
0.0319 0.134182 6.81406 -1819.8 0.00679093 0.235945 0.819796 1.63959 0.121031 5.71376 11.5511 1 84.375 20.5944
0.0308 0.128128 6.66856 -1820.26 -0.0564894 0.241149 0.867387 1.73477 0.114887 5.59313 11.5053 1 79.8574 19.6486
0.0297 0.122115 6.5194 -1820.73 -0.121173 0.24668 0.918895 1.83779 0.108903 5.47515 11.4652 1 75.5896 18.7497
0.0286 0.116147 6.3664 -1821.2 -0.187304 0.252571 0.974788 1.94958 0.103076 5.35973 11.4312 1 71.5556 17.8947
0.0275 0.11023 6.20935 -1821.68 -0.254929 0.258858 1.0356 2.0712 0.0974053 5.24678 11.4033 1 67.7417 17.0812
0.0264 0.104369 6.048 -1822.17 -0.324099 0.265585 1.10197 2.20395 0.0918888 5.13622 11.3821 1 64.1339 16.3065
0.0253 0.0985688 5.88209 -1822.67 -0.394868 0.272799 1.17465 2.34929 0.0865242 5.02795 11.3679 1 60.7193 15.5684
0.0242 0.092836 5.71134 -1823.18 -0.467297 0.280558 1.2545 2.50901 0.0813095 4.92188 11.361 1 57.4861 14.8647
0.0231 0.0871766 5.53541 -1823.69 -0.541451 0.288927 1.3426 2.6852 0.0762425 4.81793 11.3622 1 54.4229 14.1933
0.022 0.081597 5.35393 -1824.22 -0.617403 0.297986 1.4402 2.8804 0.0713209 4.71599 11.3719 1 51.5192 13.5523
0.0209 0.0761037 5.16647 -1824.75 -0.695235 0.307825 1.54885 3.0977 0.0665423 4.61597 11.3911 1 48.7648 12.9398
0.0198 0.0707038 4.97253 -1825.3 -0.775037 0.318557 1.67043 3.34087 0.0619041 4.51777 11.4205 1 46.15 12.354
0.0187 0.0654043 4.77154 -1825.86 -0.856913 0.330313 1.8073 3.6146 0.057404 4.42127 11.4613 1 43.6656 11.7931
0.0176 0.0602125 4.56284 -1826.43 -0.940979 0.343256 1.96239 3.92478 0.0530393 4.32634 11.5148 1 41.3028 11.2555
0.0165 0.055136 4.34564 -1827.01 -1.02737 0.357586 2.13944 4.27888 0.0488074 4.23286 11.5826 1 39.0531 10.7396
0.0154 0.0501827 4.11898 -1827.61 -1.11624 0.373551 2.34329 4.68659 0.0447055 4.14067 11.6668 1 36.9082 10.2438
0.0143 0.0453606 3.88174 -1828.23 -1.20776 0.391466 2.5803 5.1606 0.0407312 4.04961 11.7698 1 34.8598 9.76642
0.0132 0.0406781 3.63251 -1828.86 -1.30215 0.411736 2.85897 5.71794 0.0368818 3.95945 11.895 1 32.9 9.30586
0.0121 0.0361438 3.36957 -1829.51 -1.39964 0.434888 3.19098 6.38196 0.0331547 3.86998 12.0465 1 31.0205 8.86045
0.011 0.0317669 3.09073 -1830.19 -1.50053 0.461627 3.59277 7.18555 0.0295476 3.78091 12.2299 1 29.213 8.42844
0.0099 0.0275573 2.79313 -1830.9 -1.60515 0.492916 4.08825 8.17651 0.0260582 3.69186 12.4527 1 27.4683 8.00786
0.0088 0.0235253 2.47301 -1831.64 -1.71391 0.530111 4.71351 9.42701 0.0226845 3.6024 12.7257 1 25.777 7.59658
0.0077 0.0196829 2.12519 -1832.43 -1.82729 0.575185 5.52565 11.0513 0.019425 3.51192 13.0644 1 24.1278 7.19202
0.0066 0.0160434 1.74227 -1833.27 -1.94587 0.631145 6.62067 13.2413 0.0162787 3.41958 13.4927 1 22.5073 6.79098
0.0055 0.0126228 1.31309 -1834.19 -2.07036 0.70283 8.17281 16.3456 0.0132453 3.32418 14.0496 1 20.8978 6.38914
0.0044 0.00944132 0.819538 -1835.21 -2.20157 0.79865 10.5342 21.0683 0.0103259 3.22378 14.8044 1 19.274 5.98015
0.0033 0.00652552 0.228871 -1836.39 -2.34044 0.934928 14.5359 29.0717 0.0075237 3.11504 15.8972 1 17.5945 5.55344
0.0022 0.00391443 -0.529183 -1837.85 -2.48781 1.14952 22.7087 45.4175 0.00484608 2.99091 17.6742 1 15.7768 5.08779
0.0011 0.00167488 -1.66552 -1839.94 -2.64288 1.56696 47.9827 95.9654 0.0023108 2.83101 21.4135 1 13.591 4.52421
