0.147 4.71218 78.1017 -1764.8 -15.1692 2.87224 2.18995 4.3799 0.998587 4.45111 39.6625 5 54.2527 27.1263
0.1455 4.64828 77.8359 -1765.07 -15.1687 2.87455 2.05403 4.10807 0.988373 4.79457 21.164 5 67.8054 33.9027
0.144 4.58459 77.5645 -1765.34 -15.1681 2.87689 1.99512 3.99024 0.97816 4.98757 17.8432 5 76.3278 38.1639
0.1425 4.52113 77.2889 -1765.61 -15.1676 2.87926 1.95512 3.91024 0.967947 5.14318 16.191 5 83.6973 41.8487
0.141 4.45789 77.0098 -1765.89 -15.167 2.88168 1.92466 3.84931 0.957734 5.28017 15.1583 5 90.5649 45.2824
0.1395 4.39488 76.7274 -1766.18 -15.1664 2.88413 1.90011 3.80023 0.94752 5.40588 14.439 5 97.1884 48.5942
0.138 4.33209 76.4418 -1766.46 -15.1658 2.88663 1.87968 3.75935 0.937307 5.52405 13.9055 5 103.703 51.8513
0.1365 4.26952 76.1531 -1766.75 -15.1652 2.88917 1.86228 3.72456 0.927094 5.63693 13.4934 5 110.19 55.0951
0.135 4.20719 75.8614 -1767.04 -15.1646 2.89175 1.84725 3.6945 0.916881 5.74594 13.1662 5 116.708 58.3538
0.1335 4.14508 75.5668 -1767.34 -15.1639 2.89437 1.83412 3.66824 0.906667 5.85209 12.9013 5 123.296 61.648
0.132 4.0832 75.2692 -1767.63 -15.1633 2.89704 1.82256 3.64513 0.896454 5.95612 12.6839 5 129.989 64.9945
0.1305 4.02156 74.9687 -1767.94 -15.1626 2.89976 1.81233 3.62467 0.886241 6.05859 12.5038 5 136.814 68.4069
0.129 3.96016 74.6653 -1768.24 -15.1619 2.90253 1.80324 3.60649 0.876028 6.15993 12.3538 5 143.795 71.8973
0.1275 3.89899 74.3589 -1768.54 -15.1612 2.90534 1.79515 3.5903 0.865814 6.2605 12.2285 5 150.953 75.4766
0.126 3.83805 74.0496 -1768.85 -15.1605 2.90821 1.78793 3.57587 0.855601 6.36059 12.1239 5 158.31 79.1551
0.1245 3.77736 73.7373 -1769.17 -15.1598 2.91113 1.7815 3.56301 0.845388 6.46047 12.0369 5 165.885 82.9426
0.123 3.71692 73.422 -1769.48 -15.159 2.9141 1.77578 3.55156 0.835175 6.56033 11.9651 5 173.698 86.8488
0.1215 3.65671 73.1037 -1769.8 -15.1583 2.91713 1.7707 3.54139 0.824961 6.66039 11.9066 5 181.767 90.8833
0.12 3.59676 72.7824 -1770.12 -15.1575 2.92022 1.7662 3.53241 0.814748 6.76079 11.8598 5 190.112 95.0559
0.1185 3.53705 72.4579 -1770.45 -15.1567 2.92337 1.76226 3.52451 0.804535 6.86171 11.8234 5 198.753 99.3765
0.117 3.47759 72.1304 -1770.77 -15.1558 2.92658 1.75881 3.51763 0.794322 6.96329 11.7965 5 207.711 103.855
0.1155 3.41839 71.7995 -1771.1 -15.155 2.92985 1.75563 3.51125 0.784108 4.71101 10.139 4 217.007 108.503
0.114 3.35944 71.4632 -1771.44 -15.1541 2.93319 1.74975 3.4995 0.773895 4.78904 10.0715 4 226.663 113.331
0.1125 3.30074 71.1236 -1771.78 -15.1532 2.9366 1.74446 3.48891 0.763682 4.86761 10.0131 4 236.702 118.351
0.111 3.24231 70.7806 -1772.12 -15.1523 2.94008 1.73972 3.47943 0.753469 4.94683 9.96302 4 247.151 123.575
0.1095 3.18414 70.4341 -1772.47 -15.1513 2.94363 1.73549 3.47099 0.743255 5.0268 9.92067 4 258.034 129.017
0.108 3.12623 70.0841 -1772.82 -15.1503 2.94726 1.73176 3.46352 0.733042 5.1076 9.88544 4 269.379 134.69
0.1065 3.06859 69.7306 -1773.17 -15.1493 2.95097 1.72849 3.45698 0.722829 5.18934 9.85685 4 281.217 140.608
0.105 3.01122 69.3733 -1773.53 -15.1483 2.95477 1.72566 3.45133 0.712616 5.27209 9.83448 4 293.578 146.789
0.1035 2.95412 69.0124 -1773.89 -15.1473 2.95864 1.72326 3.44652 0.702402 5.35596 9.81799 4 306.497 153.248
0.102 2.8973 68.6477 -1774.26 -15.1462 2.96261 1.72127 3.44253 0.692189 5.44102 9.80706 4 320.009 160.004
0.1005 2.84075 68.2791 -1774.62 -15.145 2.96666 1.71966 3.43933 0.681976 5.52738 9.80143 4 334.153 167.076
0.099 2.78448 67.9066 -1775 -15.1439 2.97081 1.71844 3.43688 0.671763 5.61512 9.80088 4 348.971 174.486
0.0975 2.7285 67.53 -1775.37 -15.1427 2.97506 1.71759 3.43518 0.661549 5.70433 9.80522 4 364.508 182.254
0.096 2.6728 67.1494 -1775.75 -15.1415 2.97942 1.7171 3.43419 0.651336 5.79512 9.8143 4 380.812 190.406
0.0945 2.61738 66.7615 -1776.14 -15.1402 2.98388 0.959525 1.91905 0.641123 5.26757 8.21616 3 1663.59 831.796
0.093 2.56226 66.3643 -1776.54 -15.1389 2.98845 0.998745 1.99749 0.63091 5.14234 8.15068 3 1560.23 780.114
0.0915 2.50744 65.9626 -1776.94 -15.1375 2.99314 1.0394 2.0788 0.620696 5.02222 8.09126 3 1465.39 732.694
0.09 2.45291 65.5563 -1777.35 -15.1361 2.99796 1.08157 2.16314 0.610483 4.90683 8.03761 3 1378.17 689.085
0.0885 2.39868 65.1452 -1777.76 -15.1347 3.0029 1.12536 2.25072 0.60027 4.79584 7.98947 3 1297.79 648.896
0.087 2.34476 64.7293 -1778.17 -15.1332 3.00797 1.17086 2.34171 0.590057 4.68895 7.94661 3 1223.57 611.784
0.0855 2.29114 64.3083 -1778.6 -15.1316 3.01318 1.21817 2.43635 0.579844 4.58589 7.90884 3 1154.9 577.448
0.084 2.23784 63.8822 -1779.02 -15.13 3.01854 1.26743 2.53485 0.56963 4.48639 7.87597 3 1091.24 545.621
0.0825 2.18485 63.4509 -1779.45 -15.1284 3.02405 1.31873 2.63747 0.559417 4.39023 7.84787 3 1032.14 516.07
0.081 2.13218 63.0142 -1779.89 -15.1266 3.02973 1.37224 2.74447 0.549204 4.29719 7.8244 3 977.17 488.585
0.0795 2.07984 62.5719 -1780.33 -15.1248 3.03557 1.42807 2.85615 0.538991 4.20708 7.80548 3 925.964 462.982
0.078 2.02782 62.1239 -1780.78 -15.123 3.04158 1.4864 2.97281 0.528777 4.11972 7.79102 3 878.19 439.095
0.0765 1.97613 61.67 -1781.23 -15.121 3.04779 1.5474 3.09479 0.518564 4.03493 7.78096 3 833.554 416.777
0.075 1.92478 61.2101 -1781.69 -15.119 3.05419 1.61124 3.22247 0.508351 3.95256 7.77525 3 791.79 395.895
0.0735 1.87377 60.7439 -1782.16 -15.1169 3.06079 1.67812 3.35625 0.498138 3.87246 7.77388 3 752.662 376.331
0.072 1.8231 60.2713 -1782.63 -15.1148 3.06762 1.74828 3.49656 0.487924 3.79451 7.77683 3 715.956 357.978
0.0705 1.77278 59.7921 -1783.11 -15.1125 3.07467 1.82194 3.64388 0.477711 3.71856 7.78412 3 681.479 340.74
0.069 1.72281 59.306 -1783.6 -15.1101 3.08197 1.89937 3.79875 0.467498 3.64451 7.79578 3 649.057 324.529
0.0675 1.67321 58.8128 -1784.09 -15.1076 3.08952 1.98086 3.96172 0.457285 3.57224 7.81186 3 618.532 309.266
0.066 1.62397 58.3122 -1784.59 -15.1051 3.09735 2.06672 4.13344 0.447071 3.50165 7.83243 3 589.76 294.88
0.0645 1.5751 57.8041 -1785.1 -15.1024 3.10547 2.1573 4.3146 0.436858 3.43264 7.85757 3 562.612 281.306
0.063 1.5266 57.2881 -1785.62 -15.0995 3.11389 2.25298 4.50597 0.426645 3.36512 7.8874 3 536.969 268.485
0.0615 1.47849 56.7639 -1786.14 -15.0965 3.12265 2.3542 4.7084 0.416432 3.29899 7.92204 3 512.723 256.362
0.06 1.43076 56.2312 -1786.67 -15.0934 3.13175 2.46142 4.92283 0.406218 3.23417 7.96165 3 489.776 244.888
0.0585 1.38343 55.6897 -1787.21 -15.0901 3.14123 2.57516 5.15032 0.396005 3.17058 8.00641 3 468.035 234.018
0.057 1.3365 55.139 -1787.76 -15.0867 3.15111 2.69602 5.39204 0.385792 3.10814 8.05653 3 447.42 223.71
0.0555 1.28998 54.5787 -1788.32 -15.083 3.16142 2.82464 5.64928 0.375579 3.04679 8.11225 3 427.854 213.927
0.054 1.24387 54.0085 -1788.9 -15.0792 3.17219 2.96177 5.92354 0.365365 2.98644 8.17384 3 409.266 204.633
0.0525 1.19819 53.4279 -1789.48 -15.0751 3.18346 3.10822 6.21645 0.355152 2.92703 8.24162 3 391.593 195.796
0.051 1.15294 52.8218 -1790.08 -15.0708 3.19526 3.25086 6.50172 0.344939 5.76182 9.81045 2 374.774 187.387
0.0495 1.10812 52.203 -1790.7 -15.0662 3.20764 3.40264 6.80529 0.334726 5.67162 9.80308 2 358.755 179.378
0.048 1.06376 51.5712 -1791.33 -15.0614 3.22065 3.5647 7.12941 0.324512 5.58295 9.8005 2 343.486 171.743
0.0465 1.01985 50.9255 -1791.98 -15.0562 3.23435 3.7381 7.47619 0.314299 5.49573 9.80288 2 328.918 164.459
0.045 0.976409 50.2652 -1792.64 -15.0507 3.24878 3.92401 7.84803 0.304086 5.40985 9.81042 2 315.009 157.505
0.0435 0.933445 49.5896 -1793.31 -15.0448 3.26403 4.12383 8.24765 0.293873 5.32524 9.82334 2 301.718 150.859
0.042 0.89097 48.8978 -1794.01 -15.0385 3.28017 4.3391 8.67821 0.283659 5.24179 9.84194 2 289.007 144.503
0.0405 0.848995 48.1887 -1794.72 -15.0317 3.29729 4.57165 9.1433 0.273446 5.15942 9.86653 2 276.841 138.42
0.039 0.807531 47.4613 -1795.44 -15.0244 3.31549 4.82357 9.64714 0.263233 5.07803 9.89749 2 265.186 132.593
0.0375 0.766593 46.7143 -1796.19 -15.0166 3.33489 5.09731 10.1946 0.25302 4.99754 9.93526 2 254.013 127.006
0.036 0.726194 45.9465 -1796.96 -15.008 3.35563 5.39573 10.7915 0.242806 4.91786 9.98035 2 243.291 121.646
0.0345 0.686349 45.1564 -1797.75 -14.9987 3.37786 5.72222 11.4444 0.232593 4.83888 10.0334 2 232.995 116.497
0.033 0.647073 44.3424 -1798.56 -14.9886 3.40177 6.08079 12.1616 0.22238 4.76052 10.095 2 223.098 111.549
0.0315 0.608384 43.5 -1799.4 -14.9775 3.42757 6.47238 12.9448 0.212167 7.02822 11.7838 1 213.576 106.788
0.03 0.5703 42.6235 -1800.28 -14.9653 3.45552 6.89614 13.7923 0.201953 6.92616 11.8053 1 204.406 102.203
0.0285 0.532842 41.716 -1801.19 -14.9518 3.48594 7.36687 14.7337 0.19174 6.82484 11.8355 1 195.566 97.7829
0.027 0.49603 40.7745 -1802.13 -14.9369 3.5192 7.89261 15.7852 0.181527 6.72412 11.8756 1 187.035 93.5175
0.0255 0.459889 39.7959 -1803.11 -14.9201 3.55575 8.48337 16.9667 0.171314 6.62386 11.9265 1 178.793 89.3964
0.024 0.424445 38.7763 -1804.13 -14.9013 3.59616 9.15169 18.3034 0.1611 6.5239 11.9897 1 170.82 85.4098
0.0225 0.389725 37.7111 -1805.19 -14.8799 3.64114 9.91353 19.8271 0.150887 6.42405 12.0668 1 163.096 81.548
0.021 0.355763 36.5952 -1806.31 -14.8555 3.6916 10.7895 21.5789 0.140674 6.32413 12.1599 1 155.603 77.8014
0.0195 0.322592 35.422 -1807.48 -14.8274 3.74868 11.8066 23.6131 0.130461 6.22389 12.2716 1 148.32 74.1602
0.018 0.290255 34.1838 -1808.72 -14.7945 3.81393 13.001 26.0021 0.120247 6.12307 12.4054 1 141.229 70.6146
0.0165 0.258795 32.8709 -1810.03 -14.7557 3.88941 14.4225 28.845 0.110034 6.02137 12.5657 1 134.308 67.1539
0.015 0.228265 31.471 -1811.43 -14.7091 3.97796 16.1408 32.2816 0.099821 5.91839 12.7584 1 127.534 63.767
0.0135 0.198726 29.9684 -1812.94 -14.6522 4.08363 18.2573 36.5146 0.0896077 5.81366 12.9917 1 120.883 60.4413
0.012 0.17025 28.3422 -1814.56 -14.581 4.21241 20.925 41.8499 0.0793945 5.70656 13.2773 1 114.324 57.1621
0.0105 0.142924 26.5636 -1816.34 -14.4896 4.37355 24.3855 48.771 0.0691812 5.59627 13.6323 1 107.823 53.9116
0.009 0.116854 24.5913 -1818.31 -14.3676 4.58222 29.0446 58.0892 0.058968 5.48166 14.0834 1 101.334 50.6668
0.0075 0.0921755 22.3625 -1820.54 -14.1968 4.86524 35.6376 71.2752 0.0487547 5.36105 14.675 1 94.7909 47.3955
0.006 0.0690693 19.7738 -1823.13 -13.9406 5.27515 45.6476 91.2953 0.0385415 5.23179 15.4884 1 88.0982 44.0491
0.0045 0.0477885 16.6329 -1826.27 -13.5136 5.93198 62.5691 125.138 0.0283282 5.08917 16.6945 1 81.0883 40.5441
0.003 0.0287241 12.5022 -1830.4 -12.6597 7.18682 97.0159 194.032 0.018115 4.9233 18.7461 1 73.4149 36.7074
0.0015 0.0125926 5.86271 -1837.04 -10.0978 10.741 203.075 406.149 0.00790174 4.70406 23.6174 1 64.0376 32.0188
