0.089 0.418365 8.74652 -1797.55 8.21046 3.14431 0.0217694 0.0435388 0.978991 7.23612 26.2245 5 50.1576 6.56933
0.088 0.415823 8.69635 -1797.78 8.16566 3.16049 0.0211791 0.0423582 0.930264 8.0957 19.6684 5 72.8586 9.64132
0.087 0.413189 8.64514 -1798.01 8.12118 3.17717 0.021306 0.042612 0.885558 8.69622 17.9116 5 93.5244 12.4979
0.086 0.410465 8.59297 -1798.25 8.07697 3.19436 0.0216417 0.0432833 0.844435 9.19688 17.1003 5 114.4 15.4307
0.085 0.407651 8.53982 -1798.49 8.03294 3.21208 0.0220737 0.0441474 0.80651 9.63901 16.6653 5 136.008 18.5087
0.084 0.404751 8.48566 -1798.74 7.98903 3.23034 0.0225033 0.0450067 0.771448 6.71083 14.0373 4 158.569 21.7619
0.083 0.401137 8.43005 -1798.98 7.94831 3.25045 0.0229403 0.0458806 0.744897 6.95369 13.7676 4 179.256 24.6368
0.082 0.398054 8.37381 -1799.23 7.90427 3.26988 0.0233777 0.0467554 0.714725 7.22433 13.5259 4 203.9 28.2374
0.081 0.39489 8.31656 -1799.48 7.86016 3.28988 0.0238447 0.0476894 0.686573 7.47978 13.3604 4 229.809 32.0585
0.08 0.391649 8.25826 -1799.74 7.81594 3.31046 0.0243339 0.0486678 0.660232 7.72321 13.2497 4 257.063 36.1138
0.079 0.388331 8.19879 -1800 7.77154 3.33165 0.0141907 0.0283815 0.635513 6.96428 10.9585 3 1125.34 159.178
0.078 0.38494 8.13807 -1800.26 7.72695 3.35343 0.015853 0.031706 0.612246 6.54554 10.691 3 974.975 138.829
0.077 0.381988 8.07645 -1800.54 7.68054 3.37466 0.0178456 0.0356913 0.58601 6.1005 10.4102 3 826.83 119.108
0.076 0.378454 8.01349 -1800.81 7.63561 3.39768 0.019688 0.039376 0.565357 5.78791 10.2376 3 735.42 106.611
0.075 0.374848 7.94936 -1801.08 7.59038 3.42135 0.0216201 0.0432402 0.545791 5.51062 10.0966 3 660.371 96.3274
0.074 0.371173 7.88407 -1801.35 7.54485 3.44569 0.0236468 0.0472937 0.527207 5.2623 9.98147 3 597.763 87.73
0.073 0.367431 7.81757 -1801.62 7.499 3.4707 0.0257736 0.0515472 0.509513 5.03804 9.88796 3 544.797 80.4426
0.072 0.364901 7.75013 -1801.97 7.45125 3.49323 0.0288277 0.0576554 0.48304 4.68454 9.69804 3 461.504 69.4228
0.071 0.361025 7.68108 -1802.25 7.40498 3.5196 0.0312133 0.0624265 0.467168 4.50554 9.64437 3 425.998 64.4586
0.07 0.357084 7.61074 -1802.53 7.35834 3.54671 0.0337182 0.0674364 0.451973 4.3406 9.60367 3 394.923 60.1078
0.069 0.354027 7.5392 -1802.88 7.31169 3.57212 0.037065 0.0741299 0.430699 4.09135 9.49934 3 347.011 53.6282
0.068 0.349952 7.46612 -1803.17 7.26446 3.60072 0.0398618 0.0797236 0.416916 3.95385 9.48356 3 324.411 50.4245
0.067 0.346505 7.3917 -1803.52 7.21793 3.6283 0.0433794 0.0867587 0.398968 3.76039 9.4253 3 291.764 45.929
0.066 0.342299 7.31577 -1803.81 7.17002 3.6585 0.0464949 0.0929898 0.386351 3.64266 9.42835 3 274.482 43.4564
0.065 0.338756 7.23835 -1804.17 7.12368 3.68761 0.0504432 0.100886 0.369462 3.46835 9.38756 3 247.788 39.7455
0.064 0.334794 7.15938 -1804.51 7.07639 3.7185 0.0542844 0.108569 0.355473 3.33448 9.3804 3 229.059 37.0924
0.063 0.330773 7.07847 -1804.85 7.02899 3.75025 0.058021 0.116042 0.341959 6.45157 11.0326 2 212.117 34.6805
0.062 0.326693 6.9959 -1805.2 6.98151 3.78291 0.0619301 0.12386 0.328899 6.24629 10.8916 2 196.739 32.4793
0.061 0.322552 6.91161 -1805.56 6.93395 3.8165 0.0660323 0.132065 0.316273 6.05085 10.7593 2 182.735 30.4637
0.06 0.31835 6.82557 -1805.92 6.88631 3.85107 0.0703377 0.140675 0.304062 5.86436 10.6351 2 169.942 28.6116
0.059 0.314086 6.73771 -1806.29 6.83861 3.88664 0.0748565 0.149713 0.292251 5.68617 10.5182 2 158.228 26.9056
0.058 0.309761 6.64799 -1806.66 6.79087 3.92326 0.0796011 0.159202 0.280819 5.51551 10.4081 2 147.467 25.3286
0.057 0.305373 6.55635 -1807.04 6.74308 3.96098 0.0845836 0.169167 0.269752 5.35183 10.3043 2 137.56 23.8675
0.056 0.300514 6.46305 -1807.37 6.69134 4.00097 0.0893777 0.178755 0.261267 5.24615 10.2636 2 131.776 22.9989
0.055 0.296407 6.36707 -1807.83 6.64742 4.03988 0.0953137 0.190627 0.248667 5.0436 10.1142 2 119.986 21.2493
0.054 0.291829 6.26931 -1808.23 6.59958 4.08116 0.101091 0.202182 0.238621 4.89812 10.0271 2 112.171 20.0726
0.053 0.287186 6.16937 -1808.64 6.55174 4.12373 0.107164 0.214328 0.228892 4.75789 9.94487 2 104.925 18.9734
0.052 0.28248 6.0672 -1809.05 6.50391 4.16766 0.11355 0.2271 0.219468 4.62258 9.86731 2 98.1964 17.945
0.051 0.27771 5.96265 -1809.48 6.45611 4.21299 0.120152 0.240304 0.21034 6.74431 11.3404 1 91.9399 16.9813
0.05 0.272876 5.85564 -1809.91 6.40834 4.25981 0.126988 0.253975 0.201499 6.56634 11.2004 1 86.1152 16.0769
0.049 0.267979 5.74616 -1810.35 6.36063 4.30817 0.134167 0.268334 0.192934 6.39399 11.0654 1 80.6843 15.2267
0.048 0.263018 5.63412 -1810.79 6.31297 4.35815 0.141711 0.283421 0.184639 6.22701 10.9355 1 75.6179 14.4269
0.047 0.257994 5.51944 -1811.25 6.26539 4.40984 0.149641 0.299281 0.176606 6.06509 10.8102 1 70.8859 13.6734
0.046 0.252908 5.40202 -1811.71 6.21789 4.4633 0.157982 0.315963 0.168825 5.9079 10.6894 1 66.4611 12.9625
0.045 0.24776 5.28177 -1812.18 6.17048 4.51864 0.166759 0.333518 0.161292 5.75529 10.573 1 62.3223 12.2916
0.044 0.242552 5.15858 -1812.66 6.12318 4.57595 0.176002 0.352003 0.153999 5.60699 10.4606 1 58.4475 11.6577
0.043 0.237284 5.03235 -1813.15 6.07599 4.63533 0.185741 0.371481 0.14694 5.46281 10.3523 1 54.8176 11.0582
0.042 0.231957 4.90296 -1813.64 6.02893 4.69689 0.19601 0.392019 0.140108 5.32255 10.2478 1 51.415 10.4908
0.041 0.226573 4.77028 -1814.15 5.982 4.76075 0.206846 0.413693 0.133499 5.18603 10.1471 1 48.2241 9.95345
0.04 0.221134 4.63419 -1814.66 5.93522 4.82704 0.218291 0.436583 0.127106 5.05311 10.0501 1 45.2302 9.44425
0.039 0.215641 4.49455 -1815.19 5.88858 4.8959 0.23039 0.46078 0.120925 4.92363 9.95665 1 42.4202 8.96145
0.038 0.210097 4.35121 -1815.72 5.8421 4.96747 0.243193 0.486386 0.11495 4.79746 9.86678 1 39.7822 8.50351
0.037 0.204503 4.20402 -1816.26 5.79579 5.04192 0.256755 0.513511 0.109176 4.67449 9.78042 1 37.3049 8.06895
0.036 0.198862 4.0528 -1816.82 5.74965 5.11941 0.27114 0.54228 0.103599 4.55456 9.69753 1 34.9776 7.65633
0.035 0.193177 3.89737 -1817.38 5.70368 5.20014 0.286417 0.572833 0.0982143 4.43762 9.61815 1 32.7917 7.26461
0.034 0.187451 3.73753 -1817.95 5.65789 5.2843 0.302665 0.605329 0.0930172 4.32355 9.54228 1 30.7382 6.89259
0.033 0.181687 3.57307 -1818.53 5.61227 5.37213 0.319973 0.639946 0.088004 4.21228 9.46999 1 28.8092 6.53929
0.032 0.175888 3.40376 -1819.13 5.56684 5.46386 0.338444 0.676887 0.0831699 4.10371 9.40131 1 26.997 6.20369
0.031 0.170059 3.22934 -1819.73 5.52158 5.55975 0.358193 0.716387 0.0785113 3.99781 9.33636 1 25.2952 5.885
0.03 0.164204 3.04954 -1820.35 5.47649 5.66011 0.379356 0.758713 0.0740242 3.89449 9.27526 1 23.6972 5.58242
0.029 0.158326 2.86405 -1820.98 5.43157 5.76525 0.402088 0.804176 0.0697043 3.79371 9.21815 1 22.1971 5.29516
0.028 0.152431 2.67254 -1821.61 5.38681 5.87552 0.426569 0.853138 0.0655482 3.69543 9.16527 1 20.7896 5.02264
0.027 0.146523 2.47463 -1822.27 5.3422 5.99131 0.453011 0.906023 0.0615518 3.59962 9.1168 1 19.4694 4.76418
0.026 0.140607 2.26992 -1822.93 5.29774 6.11307 0.481665 0.96333 0.0577113 3.50623 9.07306 1 18.2319 4.51922
0.025 0.134689 2.05793 -1823.61 5.25341 6.24128 0.512827 1.02565 0.0540231 3.41528 9.0344 1 17.0727 4.28727
0.024 0.128775 1.83815 -1824.3 5.20919 6.37647 0.546851 1.0937 0.0504832 3.32673 9.00122 1 15.9877 4.06784
0.023 0.122869 1.60999 -1825.01 5.16509 6.51928 0.584162 1.16832 0.0470877 3.24057 8.97398 1 14.9727 3.86046
0.022 0.116979 1.37278 -1825.73 5.12106 6.67038 0.625277 1.25055 0.0438331 3.15682 8.95329 1 14.0244 3.66476
0.021 0.111109 1.12575 -1826.47 5.07712 6.83058 0.670823 1.34165 0.0407151 3.07547 8.93976 1 13.139 3.48031
0.02 0.105267 0.868012 -1827.23 5.03324 7.00078 0.721574 1.44315 0.03773 2.99653 8.9342 1 12.3134 3.30675
0.019 0.0994571 0.598548 -1828 4.98942 7.18203 0.778489 1.55698 0.0348738 2.92001 8.93753 1 11.5443 3.14377
0.018 0.0936862 0.316155 -1828.8 4.94565 7.37554 0.842758 1.68552 0.0321422 2.84589 8.95076 1 10.8286 2.99094
0.017 0.0879598 0.0194173 -1829.62 4.90195 7.58274 0.915893 1.83179 0.0295312 2.77419 8.97516 1 10.1632 2.84795
0.016 0.0822833 -0.293351 -1830.46 4.85833 7.80533 0.999812 1.99962 0.0270366 2.70487 9.01217 1 9.54505 2.7144
0.015 0.0766619 -0.624174 -1831.33 4.81485 8.04532 1.09699 2.19397 0.0246538 2.63789 9.06347 1 8.97092 2.58985
0.014 0.0711002 -0.975517 -1832.23 4.77159 8.30516 1.21064 2.42128 0.0223786 2.57315 9.13106 1 8.43753 2.47384
0.013 0.0656021 -1.35041 -1833.17 4.7287 8.58787 1.34504 2.69009 0.0202062 2.51053 9.2173 1 7.94129 2.36577
0.012 0.0601711 -1.75265 -1834.15 4.68638 8.89721 1.50593 3.01186 0.0181321 2.44981 9.32504 1 7.47833 2.26496
0.011 0.0548096 -2.18704 -1835.18 4.64502 9.23796 1.70116 3.40233 0.0161513 2.39069 9.45774 1 7.04416 2.17049
0.01 0.0495192 -2.65981 -1836.27 4.60516 9.61633 1.94179 3.88358 0.0142591 2.33271 9.61974 1 6.63363 2.08123
0.009 0.0443006 -3.1792 -1837.42 4.5677 10.0406 2.24373 4.48746 0.0124504 2.27523 9.81667 1 6.24066 1.99569
0.008 0.0391532 -3.75646 -1838.66 4.53414 10.5223 2.6307 5.2614 0.0107202 2.21731 10.056 1 5.85755 1.9118
0.007 0.0340756 -4.40741 -1840.01 4.50697 11.0777 3.13948 6.27896 0.0090636 2.15758 10.3482 1 5.47442 1.82668
0.006 0.0290654 -5.15536 -1841.5 4.49064 11.7315 3.82991 7.65982 0.00747552 2.0939 10.7088 1 5.0778 1.73602
0.005 0.0241197 -6.0367 -1843.18 4.49365 12.5236 4.80543 9.61087 0.0059511 2.02279 11.1622 1 4.64779 1.63299
0.004 0.019236 -7.11285 -1845.13 4.53395 13.5246 6.25836 12.5167 0.00448562 1.93785 11.7502 1 4.15198 1.50558
0.003 0.0144146 -8.50044 -1847.5 4.65609 14.8789 8.57572 17.1514 0.00307393 1.82522 12.5531 1 3.52834 1.32911
0.002 0.00966688 -10.4678 -1850.6 5.00683 16.9651 12.5232 25.0463 0.00170647 1.64352 13.7533 1 2.62383 1.03831
0.001 0.00506079 -13.9273 -1855.44 6.48401 21.4953 15.2215 30.443 0.000331548 1.11635 16.1294 1 0.839563 0.357542
