0.15 4.82749 80.2921 -1764.93 -16.3431 0.110873 2.19697 4.39395 0.970337 5.26127 16.9961 5 94.3035 47.1518
0.1485 4.76323 80.029 -1765.2 -16.3431 0.110937 2.16252 4.32505 0.960633 5.39907 15.8711 5 101.909 50.9546
0.147 4.69919 79.7628 -1765.46 -16.3431 0.111003 2.13481 4.26963 0.95093 5.52496 15.0912 5 109.205 54.6027
0.1455 4.63537 79.4936 -1765.73 -16.3431 0.111069 2.11174 4.22348 0.941226 5.64291 14.5136 5 116.35 58.1751
0.144 4.57176 79.2214 -1766 -16.3431 0.111136 2.09208 4.18417 0.931523 5.75526 14.0675 5 123.439 61.7195
0.1425 4.50838 78.9465 -1766.28 -16.3431 0.111204 2.07508 4.15015 0.92182 5.8635 13.7128 5 130.536 65.2678
0.141 4.44522 78.6688 -1766.56 -16.3431 0.111273 2.0602 4.12039 0.912116 5.96868 13.4248 5 137.687 68.8435
0.1395 4.38228 78.3883 -1766.84 -16.3431 0.111342 2.04707 4.09414 0.902413 6.07155 13.1877 5 144.929 72.4646
0.138 4.31957 78.1051 -1767.12 -16.3431 0.111413 2.03542 4.07084 0.89271 6.17267 12.9903 5 152.292 76.1461
0.1365 4.25708 77.8193 -1767.41 -16.3431 0.111485 2.02503 4.05007 0.883006 6.27251 12.8249 5 159.801 79.9007
0.135 4.19483 77.5307 -1767.69 -16.3431 0.111558 2.01575 4.0315 0.873303 6.37141 12.6857 5 167.48 83.7401
0.1335 4.1328 77.2395 -1767.99 -16.3431 0.111632 2.00744 4.01488 0.863599 6.46967 12.5683 5 175.349 87.6746
0.132 4.07101 76.9455 -1768.28 -16.3431 0.111708 2 3.99999 0.853896 6.56754 12.4695 5 183.428 91.7142
0.1305 4.00944 76.6488 -1768.58 -16.3431 0.111784 1.99333 3.98666 0.844193 6.66525 12.3866 5 191.737 95.8687
0.129 3.94812 76.3493 -1768.88 -16.3431 0.111861 1.98737 3.97474 0.834489 6.76297 12.3177 5 200.295 100.147
0.1275 3.88703 76.0471 -1769.18 -16.3431 0.11194 1.98206 3.96412 0.824786 6.86087 12.2609 5 209.12 104.56
0.126 3.82618 75.7421 -1769.48 -16.3431 0.11202 1.97734 3.95469 0.815083 6.95911 12.215 5 218.232 109.116
0.1245 3.76557 75.4343 -1769.79 -16.3431 0.112101 1.97318 3.94636 0.805379 7.05782 12.1789 5 227.651 113.825
0.123 3.7052 75.1236 -1770.1 -16.3431 0.112184 1.96953 3.93906 0.795676 7.15713 12.1516 5 237.396 118.698
0.1215 3.64508 74.8101 -1770.42 -16.3431 0.112268 1.96636 3.93273 0.785973 7.25715 12.1323 5 247.489 123.745
0.12 3.58521 74.4915 -1770.73 -16.3431 0.112353 1.96051 3.92102 0.776269 4.9132 10.3873 4 257.952 128.976
0.1185 3.52558 74.1695 -1771.06 -16.3431 0.11244 1.9548 3.9096 0.766566 4.98993 10.3279 4 268.807 134.403
0.117 3.46621 73.8445 -1771.38 -16.3431 0.112528 1.94966 3.89931 0.756862 5.06723 10.2765 4 280.078 140.039
0.1155 3.40709 73.5163 -1771.71 -16.3431 0.112618 1.94505 3.8901 0.747159 5.1452 10.2324 4 291.791 145.896
0.114 3.34822 73.1849 -1772.04 -16.3431 0.112709 1.94095 3.88189 0.737456 5.22392 10.1952 4 303.973 151.987
0.1125 3.28961 72.8503 -1772.38 -16.3431 0.112802 1.93733 3.87465 0.727752 5.30346 10.1643 4 316.653 158.326
0.111 3.23127 72.5124 -1772.71 -16.3431 0.112897 1.93417 3.86833 0.718049 5.38391 10.1394 4 329.859 164.929
0.1095 3.17318 72.1711 -1773.05 -16.3431 0.112993 1.93145 3.86289 0.708346 5.46535 10.1201 4 343.625 171.812
0.108 3.11536 71.8265 -1773.4 -16.3431 0.113091 1.92915 3.8583 0.698642 5.54786 10.1061 4 357.984 178.992
0.1065 3.0578 71.4784 -1773.75 -16.3431 0.113191 1.92726 3.85452 0.688939 5.63151 10.0972 4 372.974 186.487
0.105 3.00052 71.1267 -1774.1 -16.3431 0.113293 1.92577 3.85153 0.679236 5.71639 10.0932 4 388.633 194.317
0.1035 2.94351 70.7715 -1774.45 -16.3431 0.113397 1.92466 3.84932 0.669532 5.80258 10.0938 4 405.004 202.502
0.102 2.88677 70.4126 -1774.81 -16.3431 0.113503 1.92392 3.84785 0.659829 5.89016 10.099 4 422.131 211.066
0.1005 2.83031 70.05 -1775.18 -16.3431 0.11361 1.92355 3.84711 0.650125 5.97922 10.1085 4 440.063 220.032
0.099 2.77413 69.6795 -1775.55 -16.3431 0.113721 1.07794 2.15588 0.640422 5.41571 8.45646 3 1903.97 951.983
0.0975 2.71823 69.3006 -1775.93 -16.3431 0.113833 1.11981 2.23962 0.630719 5.29341 8.39266 3 1791.51 895.753
0.096 2.66262 68.9176 -1776.31 -16.3431 0.113947 1.16314 2.32628 0.621015 5.17585 8.33449 3 1687.87 843.934
0.0945 2.60729 68.5304 -1776.7 -16.3431 0.114065 1.20801 2.41602 0.611312 5.0627 8.28169 3 1592.17 796.084
0.093 2.55226 68.1389 -1777.09 -16.3431 0.114184 1.25451 2.50903 0.601609 4.95366 8.23403 3 1503.63 751.813
0.0915 2.49753 67.743 -1777.48 -16.3431 0.114306 1.30274 2.60549 0.591905 4.84847 8.1913 3 1421.56 710.779
0.09 2.44309 67.3426 -1777.88 -16.3431 0.114431 1.3528 2.7056 0.582202 4.74688 8.15333 3 1345.36 672.679
0.0885 2.38895 66.9375 -1778.29 -16.3431 0.114559 1.4048 2.80959 0.572499 4.64866 8.11995 3 1274.49 637.243
0.087 2.33512 66.5278 -1778.7 -16.3431 0.114689 1.45885 2.9177 0.562795 4.5536 8.09105 3 1208.47 604.234
0.0855 2.2816 66.1131 -1779.11 -16.3431 0.114823 1.51509 3.03017 0.553092 4.46151 8.06649 3 1146.87 573.437
0.084 2.22839 65.6936 -1779.53 -16.3431 0.11496 1.57364 3.14728 0.543388 4.3722 8.04619 3 1089.33 544.663
0.0825 2.1755 65.2689 -1779.96 -16.3431 0.1151 1.63466 3.26932 0.533685 4.28552 8.03006 3 1035.48 517.742
0.081 2.12292 64.839 -1780.39 -16.3431 0.115243 1.6983 3.39661 0.523982 4.20131 8.01804 3 985.039 492.519
0.0795 2.07067 64.4036 -1780.82 -16.3431 0.11539 1.76474 3.52949 0.514278 4.11942 8.0101 3 937.717 468.858
0.078 2.01875 63.9628 -1781.26 -16.3431 0.115541 1.83417 3.66833 0.504575 4.03972 8.00619 3 893.269 446.635
0.0765 1.96715 63.5402 -1781.69 -16.3431 0.0917051 1.90677 3.81355 0.494872 3.96209 8.0063 3 851.472 425.736
0.075 1.9159 63.088 -1782.14 -16.3431 0.0917051 1.98278 3.96556 0.485168 3.88641 8.01044 3 812.121 406.06
0.0735 1.86498 62.6297 -1782.6 -16.3431 0.0917051 2.06243 4.12486 0.475465 3.81257 8.01862 3 775.032 387.516
0.072 1.81441 62.1652 -1783.06 -16.3431 0.0917051 2.14598 4.29197 0.465762 3.74047 8.03087 3 740.038 370.019
0.0705 1.76419 61.6942 -1783.53 -16.3431 0.0917051 2.23372 4.46744 0.456058 3.67001 8.04723 3 706.986 353.493
0.069 1.71432 61.2166 -1784.01 -16.3431 0.0917051 2.32596 4.65192 0.446355 3.60109 8.06777 3 675.737 337.868
0.0675 1.66482 60.7322 -1784.49 -16.3431 0.0917051 2.42303 4.84607 0.436651 3.53364 8.09258 3 646.163 323.082
0.066 1.61568 60.2407 -1784.98 -16.3431 0.0917051 2.52532 5.05065 0.426948 3.46756 8.12174 3 618.149 309.074
0.0645 1.56691 59.7418 -1785.48 -16.3431 0.0917051 2.63324 5.26648 0.417245 3.40278 8.15537 3 591.587 295.794
0.063 1.51852 59.2353 -1785.99 -16.3431 0.0917051 2.74725 5.49449 0.407541 3.33923 8.19361 3 566.38 283.19
0.0615 1.47051 58.721 -1786.5 -16.3431 0.0917051 2.86784 5.73568 0.397838 3.27684 8.23661 3 542.438 271.219
0.06 1.42288 58.1985 -1787.03 -16.3431 0.0917051 2.99559 5.99117 0.388135 3.21552 8.28456 3 519.679 259.839
0.0585 1.37566 57.6412 -1787.58 -16.3431 0.11794 3.13111 6.26221 0.378431 3.15523 8.33766 3 498.025 249.012
0.057 1.32883 57.1012 -1788.12 -16.3431 0.118168 3.2751 6.5502 0.368728 3.09589 8.39614 3 477.406 238.703
0.0555 1.28242 56.5519 -1788.67 -16.3431 0.118404 3.42834 6.85667 0.359025 3.03745 8.46028 3 457.757 228.879
0.054 1.23642 55.984 -1789.24 -16.3431 0.118649 3.58302 7.16603 0.349321 5.9741 10.1079 2 439.018 219.509
0.0525 1.19084 55.3988 -1789.83 -16.3431 0.118904 3.7411 7.48221 0.339618 5.88513 10.0986 2 421.133 210.567
0.051 1.1457 54.802 -1790.42 -16.3431 0.119168 3.90926 7.81852 0.329914 5.79763 10.0937 2 404.05 202.025
0.0495 1.10099 54.193 -1791.03 -16.3431 0.119442 4.08845 8.17689 0.320211 5.71152 10.0933 2 387.721 193.861
0.048 1.05674 53.5713 -1791.65 -16.3431 0.119728 4.27976 8.55952 0.310508 5.62671 10.0976 2 372.101 186.051
0.0465 1.01294 52.9361 -1792.29 -16.3431 0.120026 4.48443 8.96886 0.300804 5.54312 10.1068 2 357.149 178.574
0.045 0.969617 52.2868 -1792.94 -16.3431 0.120337 4.70387 9.40775 0.291101 5.46068 10.121 2 342.824 171.412
0.0435 0.926769 51.6226 -1793.6 -16.3431 0.120663 4.93969 9.87939 0.281398 5.3793 10.1406 2 329.091 164.545
0.042 0.88441 50.9426 -1794.28 -16.3431 0.121003 5.19373 10.3875 0.271694 5.2989 10.1659 2 315.916 157.958
0.0405 0.842553 50.2459 -1794.98 -16.3431 0.121361 5.46813 10.9363 0.261991 5.21941 10.1971 2 303.266 151.633
0.039 0.801209 49.5314 -1795.69 -16.3431 0.121736 5.76534 11.5307 0.252287 5.14074 10.2348 2 291.111 145.556
0.0375 0.760392 48.7981 -1796.43 -16.3431 0.122131 6.08825 12.1765 0.242584 5.06281 10.2792 2 279.424 139.712
0.036 0.720115 48.0446 -1797.18 -16.3431 0.122548 6.44022 12.8804 0.232881 4.98554 10.3311 2 268.177 134.088
0.0345 0.680394 47.2696 -1797.96 -16.3431 0.122989 6.82523 13.6505 0.223177 4.90884 10.3909 2 257.345 128.672
0.033 0.641244 46.4699 -1798.76 -16.3431 0.123456 7.24551 14.491 0.213474 7.25142 12.1332 1 246.904 123.452
0.0315 0.602683 45.6377 -1799.59 -16.3431 0.123952 7.69665 15.3933 0.203771 7.15144 12.1529 1 236.831 118.416
0.03 0.56473 44.778 -1800.45 -16.3431 0.12448 8.19524 16.3905 0.194067 7.05217 12.1807 1 227.105 113.552
0.0285 0.527404 43.8884 -1801.34 -16.3431 0.125045 8.74899 17.498 0.184364 6.9535 12.2174 1 217.704 108.852
0.027 0.490727 42.9661 -1802.26 -16.3431 0.125652 9.36736 18.7347 0.174661 6.85528 12.2639 1 208.609 104.305
0.0255 0.454723 42.0082 -1803.22 -16.3431 0.126305 10.0621 20.1241 0.164957 6.75739 12.3213 1 199.8 99.8999
0.024 0.419418 41.011 -1804.21 -16.3431 0.127011 10.8478 21.6956 0.155254 6.65968 12.391 1 191.257 95.6285
0.0225 0.384841 40.0065 -1805.22 -16.3431 0.0917051 11.7433 23.4866 0.14555 6.56197 12.4747 1 182.962 91.4808
0.021 0.351024 38.9184 -1806.31 -16.3431 0.0917051 12.7726 25.5453 0.135847 6.46408 12.5745 1 174.895 87.4474
0.0195 0.318004 37.7383 -1807.49 -16.3431 0.12954 13.9675 27.9351 0.126144 6.36579 12.693 1 167.037 83.5186
0.018 0.285819 36.5337 -1808.69 -16.3431 0.130563 15.3704 30.7408 0.11644 6.26684 12.8336 1 159.369 79.6844
0.0165 0.254517 35.2588 -1809.97 -16.3431 0.131706 17.0393 34.0786 0.106737 6.16694 13.0006 1 151.868 75.9342
0.015 0.22415 33.9028 -1811.32 -16.3431 0.132997 19.056 38.112 0.0970337 6.06573 13.2001 1 144.513 72.2566
0.0135 0.194779 32.4514 -1812.77 -16.3431 0.134473 21.539 43.078 0.0873303 5.96275 13.4398 1 137.277 68.6385
0.012 0.166478 30.8864 -1814.34 -16.3431 0.136185 24.6671 49.3342 0.0776269 5.85742 13.731 1 130.13 65.0649
0.0105 0.139333 29.1829 -1816.04 -16.3431 0.138209 28.7228 57.4456 0.0679236 5.74897 14.0902 1 123.035 61.5175
0.009 0.113454 27.3059 -1817.92 -16.3431 0.14066 34.1795 68.359 0.0582202 5.63635 14.5425 1 115.945 57.9725
0.0075 0.0889771 25.2039 -1820.02 -16.3431 0.143726 41.895 83.7899 0.0485168 5.51802 15.1293 1 108.794 54.3972
0.006 0.0660867 22.7956 -1822.43 -16.3431 0.147741 53.5968 107.194 0.0388135 5.39158 15.9241 1 101.486 50.7429
0.0045 0.0450406 19.9386 -1825.29 -16.3431 0.153378 73.3488 146.698 0.0291101 5.25292 17.076 1 93.8553 46.9277
0.003 0.0262391 16.3422 -1828.88 -16.3431 0.162297 113.461 226.922 0.0194067 5.09377 18.9549 1 85.5805 42.7902
0.0015 0.0104209 11.2002 -1834.03 -16.3431 0.180626 236.294 472.587 0.00970336 4.89173 22.9345 1 75.796 37.898
