0.13 2.0647 33.7418 -1800.37 -10.1646 2.94574 1.05759 2.11517 0.970451 6.53375 21.134 5 147.38 46.9463
0.1287 2.03765 33.613 -1800.51 -10.1621 2.95243 1.03982 2.07965 0.960141 6.71249 19.6506 5 159.842 50.9375
0.1274 2.01068 33.4825 -1800.65 -10.1595 2.95922 1.02566 2.05132 0.949834 6.87463 18.64 5 171.743 54.7536
0.1261 1.98381 33.3505 -1800.79 -10.1569 2.96612 1.01393 2.02785 0.939528 7.02587 17.8998 5 183.368 58.4854
0.1248 1.95714 33.2187 -1800.96 -10.1555 2.97199 1.00318 2.00637 0.928586 7.17508 17.2942 5 195.443 62.3753
0.1235 1.93045 33.0836 -1801.1 -10.1528 2.97914 0.99468 1.98936 0.9183 7.3126 16.8525 5 206.942 66.0751
0.1222 1.90385 32.9471 -1801.25 -10.1501 2.9864 0.987244 1.97449 0.908016 7.44605 16.4951 5 218.529 69.8065
0.1209 1.87734 32.8092 -1801.4 -10.1473 2.99379 0.980687 1.96137 0.897734 7.57644 16.2015 5 230.263 73.589
0.1196 1.85104 32.6716 -1801.57 -10.1457 3.00011 0.974291 1.94858 0.886797 7.70907 15.9361 5 242.757 77.6337
0.1183 1.82471 32.5308 -1801.72 -10.1428 3.00778 0.969153 1.93831 0.876536 7.8351 15.7349 5 254.917 81.5616
0.117 1.79848 32.3887 -1801.88 -10.1399 3.01557 0.964557 1.92911 0.866277 7.9599 15.5659 5 267.356 85.5832
0.1157 1.77234 32.2451 -1802.03 -10.137 3.0235 0.960439 1.92088 0.856021 8.08386 15.4236 5 280.107 89.7098
0.1144 1.74642 32.1018 -1802.21 -10.1352 3.03034 0.956275 1.91255 0.845089 8.21132 15.2892 5 293.812 94.1666
0.1131 1.72047 31.9554 -1802.37 -10.1321 3.03858 0.952998 1.906 0.834855 8.33427 15.1908 5 307.283 98.5342
0.1118 1.69462 31.8076 -1802.53 -10.1289 3.04696 0.950064 1.90013 0.824625 8.45721 15.1091 5 321.162 103.039
0.1105 1.66896 31.6596 -1802.71 -10.1267 3.05454 0.947123 1.89425 0.813866 8.58328 15.033 5 335.984 107.87
0.1092 1.6433 31.5089 -1802.88 -10.1235 3.06325 0.944813 1.88963 0.803654 8.70669 14.98 5 350.774 112.679
0.1079 1.61774 31.3566 -1803.04 -10.1201 3.07212 0.94277 1.88554 0.793446 8.83069 14.9388 5 366.069 117.657
0.1066 1.59238 31.204 -1803.23 -10.1177 3.08018 0.940312 1.88062 0.782697 5.97449 12.8165 4 382.453 123.015
0.1053 1.56702 31.0476 -1803.4 -10.1143 3.08941 0.936989 1.87398 0.772509 6.0697 12.7258 4 398.859 128.364
0.104 1.54176 30.8895 -1803.57 -10.1107 3.09882 0.933975 1.86795 0.762324 6.16541 12.6465 4 415.872 133.918
0.1027 1.5167 30.7312 -1803.76 -10.1082 3.10741 0.930892 1.86178 0.751586 6.26413 12.5682 4 434.145 139.912
0.1014 1.49164 30.5699 -1803.94 -10.1045 3.11721 0.928457 1.85691 0.741423 6.36108 12.5094 4 452.492 145.913
0.1001 1.46669 30.407 -1804.12 -10.1007 3.12721 0.926277 1.85255 0.731263 6.45886 12.4593 4 471.568 152.157
0.0988 1.44194 30.2437 -1804.32 -10.098 3.13639 0.924006 1.84801 0.720537 6.55992 12.409 4 492.103 158.916
0.0975 1.41719 30.0775 -1804.5 -10.094 3.14681 0.922313 1.84463 0.7104 6.65959 12.3751 4 512.773 165.697
0.0962 1.39255 29.9095 -1804.68 -10.0901 3.15746 0.920838 1.84168 0.700268 6.7604 12.3483 4 534.313 172.769
0.0949 1.36813 29.741 -1804.89 -10.087 3.16728 0.919261 1.83852 0.689554 6.86477 12.3206 4 557.553 180.445
0.0936 1.3437 29.5695 -1805.08 -10.0829 3.17841 0.91821 1.83642 0.679446 6.96807 12.3073 4 581 188.16
0.0923 1.31938 29.3961 -1805.27 -10.0786 3.18976 0.917353 1.83471 0.669343 7.07282 12.2999 4 605.487 196.225
0.091 1.29528 29.2222 -1805.49 -10.0753 3.20032 0.916389 1.83278 0.658644 7.1814 12.2915 4 631.967 205.002
0.0897 1.27118 29.045 -1805.68 -10.0709 3.2122 0.915915 1.83183 0.648566 7.28925 12.2959 4 658.742 213.84
0.0884 1.2472 28.8633 -1805.88 -10.0663 3.22435 0.517003 1.03401 0.638494 6.55172 10.2612 3 2791.73 906.909
0.0871 1.22344 28.6791 -1806.11 -10.0628 3.23571 0.538761 1.07752 0.627811 6.38096 10.1638 3 2603.66 846.678
0.0858 1.19967 28.4917 -1806.31 -10.058 3.24846 0.560128 1.12026 0.617766 6.23054 10.0856 3 2444.39 795.488
0.0845 1.17603 28.3022 -1806.52 -10.0531 3.26149 0.582262 1.16452 0.607726 6.0859 10.0142 3 2297.77 748.356
0.0832 1.15261 28.1117 -1806.76 -10.0492 3.27376 0.60648 1.21296 0.597062 5.93418 9.93896 3 2151.74 701.562
0.0819 1.1292 27.9178 -1806.97 -10.0441 3.28746 0.630293 1.26059 0.587053 5.80062 9.88092 3 2027.77 661.679
0.0806 1.1059 27.7216 -1807.19 -10.0388 3.30149 0.655016 1.31003 0.577049 5.6717 9.82881 3 1912.96 624.734
0.0793 1.08284 27.5242 -1807.44 -10.0346 3.31478 0.68216 1.36432 0.566405 5.5353 9.77269 3 1797.44 587.694
0.078 1.05978 27.3232 -1807.66 -10.0291 3.32955 0.708883 1.41777 0.556433 5.41541 9.73236 3 1699.25 556.074
0.0767 1.03693 27.1206 -1807.91 -10.0242 3.34396 0.73778 1.47556 0.546022 5.29149 9.69099 3 1602.37 524.957
0.0754 1.01412 26.9147 -1808.13 -10.0183 3.35952 0.766756 1.53351 0.536077 5.17931 9.66151 3 1517.61 497.64
0.0741 0.991513 26.707 -1808.39 -10.0131 3.37476 0.798157 1.59631 0.525685 5.06284 9.63093 3 1433.51 470.618
0.0728 0.968947 26.4958 -1808.62 -10.007 3.39118 0.82968 1.65936 0.515769 4.95745 9.61177 3 1359.89 446.874
0.0715 0.946599 26.2827 -1808.88 -10.0014 3.40732 0.86392 1.72784 0.505399 4.84754 9.59151 3 1286.46 423.269
0.0702 0.924288 26.066 -1809.12 -9.99495 3.42467 0.898334 1.79667 0.495512 4.74816 9.58233 3 1222.16 402.516
0.0689 0.902199 25.8472 -1809.39 -9.98905 3.4418 0.935806 1.87161 0.485165 4.64404 9.57208 3 1157.7 381.783
0.0676 0.880149 25.6246 -1809.63 -9.98218 3.46018 0.973515 1.94703 0.475311 4.55 9.57268 3 1101.25 363.55
0.0663 0.858234 25.399 -1809.88 -9.97512 3.4791 1.01303 2.02607 0.465466 4.45823 9.57801 3 1048.12 346.384
0.065 0.836593 25.1713 -1810.18 -9.96897 3.49754 1.05706 2.11411 0.45492 4.35802 9.57976 3 992.735 328.594
0.0637 0.814947 24.9392 -1810.44 -9.96146 3.51765 1.10063 2.20126 0.445117 4.2709 9.595 3 945.9 313.448
0.0624 0.79344 24.7037 -1810.7 -9.95374 3.53838 1.14644 2.29288 0.435325 4.18567 9.61506 3 901.668 299.14
0.0611 0.772218 24.4659 -1811.01 -9.94686 3.55877 1.1977 2.39541 0.424815 4.09176 9.63187 3 855.114 284.18
0.0598 0.750991 24.2233 -1811.28 -9.93862 3.58089 1.24855 2.4971 0.415067 4.01045 9.66217 3 815.882 271.477
0.0585 0.729909 23.9769 -1811.56 -9.93013 3.60373 1.30218 2.60437 0.405332 3.93073 9.69754 3 778.717 259.441
0.0572 0.709122 23.7279 -1811.89 -9.9224 3.62639 1.36251 2.72503 0.394863 3.84205 9.7301 3 739.212 246.74
0.0559 0.688383 23.4741 -1812.19 -9.91365 3.65054 1.42386 2.84772 0.384915 3.76202 9.77363 3 704.637 235.563
0.0546 0.667795 23.216 -1812.5 -9.90457 3.67557 1.48886 2.97773 0.374988 3.68344 9.82281 3 671.861 224.966
0.0533 0.647359 22.9536 -1812.81 -9.89515 3.70153 1.55784 3.11567 0.365081 3.60621 9.87785 3 640.765 214.907
0.052 0.627078 22.6866 -1813.13 -9.88536 3.72847 1.63114 3.26227 0.355194 3.53026 9.93897 3 611.235 205.353
0.0507 0.606954 22.4077 -1813.46 -9.87519 3.75647 1.70207 3.40414 0.34533 6.93978 11.8094 2 583.173 196.27
0.0494 0.586989 22.1231 -1813.8 -9.86461 3.78558 1.77709 3.55418 0.335488 6.82172 11.7776 2 556.481 187.627
0.0481 0.567187 21.8329 -1814.15 -9.85358 3.81588 1.85671 3.71343 0.325669 6.70564 11.7504 2 531.074 179.398
0.0468 0.54755 21.5367 -1814.51 -9.84209 3.84744 1.94136 3.88272 0.315875 6.59141 11.7279 2 506.87 171.556
0.0455 0.528081 21.2343 -1814.87 -9.8301 3.88036 2.0315 4.063 0.306107 6.47892 11.7103 2 483.795 164.077
0.0442 0.508726 20.9252 -1815.22 -9.81736 3.91487 2.12544 4.25087 0.296639 6.3747 11.7043 2 462.875 157.267
0.0429 0.489657 20.6096 -1815.62 -9.80447 3.95064 2.23043 4.46086 0.28665 6.25871 11.6899 2 440.758 150.121
0.0416 0.470652 20.2864 -1815.99 -9.79059 3.98832 2.33791 4.67582 0.277242 6.15757 11.6944 2 421.722 143.918
0.0403 0.451941 19.9558 -1816.42 -9.77638 4.0276 2.45862 4.91723 0.267307 6.04414 11.6904 2 401.468 137.371
0.039 0.433358 19.617 -1816.83 -9.76129 4.06891 2.58567 5.17134 0.257682 5.93872 11.699 2 383.091 131.404
0.0377 0.414962 19.2696 -1817.25 -9.74543 4.11231 2.72266 5.44533 0.24809 5.83439 11.7136 2 365.493 125.688
0.0364 0.396758 18.9132 -1817.69 -9.72873 4.15799 2.87075 5.74149 0.238531 5.73105 11.7344 2 348.629 120.209
0.0351 0.378749 18.547 -1818.13 -9.71112 4.20612 3.03126 6.06252 0.229008 5.6286 11.7618 2 332.456 114.951
0.0338 0.360942 18.1705 -1818.6 -9.69253 4.25695 3.20575 6.41151 0.219523 5.52693 11.7962 2 316.935 109.904
0.0325 0.343339 17.7809 -1819.07 -9.67285 4.31071 3.39262 6.78523 0.210076 8.14711 13.705 1 302.029 105.055
0.0312 0.325946 17.3774 -1819.57 -9.65198 4.36769 3.59379 7.18758 0.200671 8.01152 13.6842 1 287.701 100.391
0.0299 0.308769 16.9609 -1820.08 -9.62981 4.42822 3.81422 7.62843 0.191308 7.87672 13.67 1 273.918 95.9038
0.0286 0.291812 16.5304 -1820.61 -9.6062 4.49267 4.05669 8.11338 0.181991 7.74255 13.6626 1 260.65 91.5817
0.0273 0.275083 16.0847 -1821.17 -9.58099 4.56147 4.32455 8.6491 0.172722 7.60883 13.6627 1 247.865 87.4153
0.026 0.258588 15.6225 -1821.74 -9.55399 4.63513 4.62183 9.24366 0.163503 7.4754 13.6708 1 235.535 83.3955
0.0247 0.242334 15.1423 -1822.34 -9.525 4.71423 4.95344 9.90688 0.154338 7.34206 13.6876 1 223.634 79.5132
0.0234 0.226328 14.6423 -1822.96 -9.49375 4.79946 5.32544 10.6509 0.145229 7.20859 13.714 1 212.134 75.76
0.0221 0.210579 14.1206 -1823.61 -9.45994 4.89165 5.74537 11.4907 0.13618 7.07476 13.7512 1 201.01 72.1276
0.0208 0.195096 13.5747 -1824.3 -9.42321 4.99178 6.2227 12.4454 0.127195 6.94032 13.8003 1 190.237 68.6079
0.0195 0.179889 13.0019 -1825.01 -9.38312 5.10107 6.76955 13.5391 0.118278 6.80498 13.8631 1 179.79 65.1929
0.0182 0.16497 12.3989 -1825.77 -9.33911 5.22099 7.40164 14.8033 0.109433 6.66841 13.9414 1 169.646 61.8744
0.0169 0.15035 11.7617 -1826.58 -9.29049 5.3534 8.13969 16.2794 0.100666 6.53021 14.0378 1 159.778 58.6444
0.0156 0.136044 11.0852 -1827.43 -9.2364 5.50065 9.01158 18.0232 0.0919832 6.38993 14.1556 1 150.163 55.4945
0.0143 0.122067 10.3634 -1828.34 -9.17568 5.66575 10.0557 20.1114 0.0833908 6.24703 14.2988 1 140.773 52.4159
0.013 0.108438 9.58842 -1829.32 -9.10682 5.85274 11.3263 22.6527 0.0748966 6.10083 14.4733 1 131.578 49.3986
0.0117 0.0951765 8.7501 -1830.39 -9.0277 6.06708 12.9028 25.8056 0.0665096 5.95047 14.6867 1 122.548 46.4321
0.0104 0.0823082 7.83487 -1831.55 -8.93533 6.31641 14.9054 29.8109 0.0582402 5.79487 14.9498 1 113.643 43.5037
0.0091 0.0698625 6.82391 -1832.83 -8.8252 6.61198 17.5257 35.0513 0.050101 5.63257 15.2789 1 104.821 40.5978
0.0078 0.057876 5.69008 -1834.27 -8.69015 6.97115 21.087 42.174 0.042107 5.46151 15.6986 1 96.0203 37.6943
0.0065 0.0463954 4.39175 -1835.9 -8.51773 7.42276 26.1805 52.3611 0.0342766 5.27874 16.2504 1 87.1638 34.7659
0.0052 0.0354829 2.85982 -1837.83 -8.28364 8.01991 34.0087 68.0175 0.026633 5.07958 17.0094 1 78.1325 31.7706
0.0039 0.0252286 0.96467 -1840.18 -7.93099 8.87685 47.4328 94.8657 0.0192044 4.85599 18.1333 1 68.7299 28.6381
0.0026 0.0157794 -1.59214 -1843.28 -7.27998 10.3145 75.244 150.488 0.0120213 4.59173 20.0444 1 58.5711 25.2264
0.0013 0.00744807 -5.88526 -1848.24 -5.28495 13.9179 162.875 325.75 0.00507433 4.24251 24.6886 1 46.6275 21.1286
