0.15 4.82701 80.3482 -1764.87 -16.3889 0 2.20839 4.41679 0.970384 5.27411 17.0467 5 94.9911 47.4956
0.1485 4.76275 80.0855 -1765.14 -16.3889 0 2.17373 4.34745 0.96068 5.41234 15.9165 5 102.658 51.3289
0.147 4.69872 79.8196 -1765.4 -16.3889 0 2.14585 4.29169 0.950976 5.53861 15.1332 5 110.012 55.0058
0.1455 4.6349 79.5507 -1765.67 -16.3889 0 2.12263 4.24526 0.941272 5.6569 14.5534 5 117.212 58.6061
0.144 4.5713 79.2789 -1765.94 -16.3889 0 2.10286 4.20572 0.931569 5.76957 14.1056 5 124.356 62.178
0.1425 4.50792 79.0043 -1766.22 -16.3889 0 2.08576 4.17151 0.921865 5.87812 13.7496 5 131.508 65.7538
0.141 4.44476 78.7269 -1766.5 -16.3889 0 2.07079 4.14158 0.912161 5.98358 13.4606 5 138.714 69.357
0.1395 4.38183 78.4468 -1766.78 -16.3889 0 2.05759 4.11518 0.902457 6.08673 13.2227 5 146.012 73.0059
0.138 4.31912 78.1639 -1767.06 -16.3889 0 2.04587 4.09174 0.892753 6.18813 13.0246 5 153.431 76.7156
0.1365 4.25663 77.8784 -1767.34 -16.3889 0 2.03543 4.07086 0.883049 6.28823 12.8586 5 160.998 80.499
0.135 4.19438 77.5902 -1767.63 -16.3889 0 2.02609 4.05219 0.873346 6.38739 12.7189 5 168.735 84.3677
0.1335 4.13236 77.2992 -1767.92 -16.3889 0 2.01774 4.03547 0.863642 6.48591 12.6012 5 176.664 88.3322
0.132 4.07057 77.0056 -1768.22 -16.3889 0 2.01025 4.0205 0.853938 6.58405 12.502 5 184.805 92.4027
0.1305 4.00901 76.7092 -1768.51 -16.3889 0 2.00354 4.00709 0.844234 6.68201 12.4189 5 193.178 96.5889
0.129 3.94768 76.4101 -1768.81 -16.3889 0 1.99755 3.9951 0.83453 6.77998 12.3497 5 201.8 100.9
0.1275 3.8866 76.1082 -1769.11 -16.3889 0 1.99221 3.98442 0.824826 6.87814 12.2927 5 210.693 105.346
0.126 3.82575 75.8035 -1769.42 -16.3889 0 1.98747 3.97493 0.815123 6.97664 12.2467 5 219.874 109.937
0.1245 3.76515 75.496 -1769.73 -16.3889 0 1.98328 3.96656 0.805419 7.0756 12.2104 5 229.365 114.682
0.123 3.70478 75.1857 -1770.04 -16.3889 0 1.97961 3.95922 0.795715 7.17517 12.183 5 239.184 119.592
0.1215 3.64467 74.8724 -1770.35 -16.3889 0 1.97642 3.95285 0.786011 7.27545 12.1636 5 249.354 124.677
0.12 3.5848 74.5542 -1770.67 -16.3889 0 1.97056 3.94111 0.776307 4.92556 10.4143 4 259.896 129.948
0.1185 3.52517 74.2325 -1770.99 -16.3889 0 1.96481 3.92962 0.766603 5.00249 10.3547 4 270.834 135.417
0.117 3.4658 73.9078 -1771.31 -16.3889 0 1.95964 3.91928 0.756899 5.07999 10.3032 4 282.191 141.095
0.1155 3.40668 73.5799 -1771.64 -16.3889 0 1.95501 3.91001 0.747196 5.15816 10.2589 4 293.993 146.997
0.114 3.34782 73.2489 -1771.97 -16.3889 0 1.95088 3.90176 0.737492 5.23708 10.2216 4 306.268 153.134
0.1125 3.28922 72.9146 -1772.31 -16.3889 0 1.94724 3.89448 0.727788 5.31683 10.1906 4 319.043 159.522
0.111 3.23087 72.577 -1772.65 -16.3889 0 1.94406 3.88812 0.718084 5.39749 10.1656 4 332.35 166.175
0.1095 3.17279 72.2361 -1772.99 -16.3889 0 1.94133 3.88265 0.70838 5.47914 10.1462 4 346.22 173.11
0.108 3.11497 71.8918 -1773.33 -16.3889 0 1.93902 3.87803 0.698676 5.56186 10.1322 4 360.689 180.344
0.1065 3.05742 71.544 -1773.68 -16.3889 0 1.93712 3.87423 0.688973 5.64573 10.1233 4 375.792 187.896
0.105 3.00014 71.1927 -1774.03 -16.3889 0 1.93561 3.87123 0.679269 5.73083 10.1192 4 391.571 195.785
0.1035 2.94313 70.8378 -1774.38 -16.3889 0 1.9345 3.86899 0.669565 5.81724 10.1198 4 408.066 204.033
0.102 2.8864 70.4792 -1774.74 -16.3889 0 1.93376 3.86751 0.659861 5.90504 10.125 4 425.323 212.662
0.1005 2.82994 70.1169 -1775.11 -16.3889 0 1.93339 3.86677 0.650157 5.99433 10.1345 4 443.392 221.696
0.099 2.77376 69.7468 -1775.48 -16.3889 0 1.08332 2.16663 0.640453 5.43006 8.47847 3 1919.01 959.504
0.0975 2.71787 69.3682 -1775.85 -16.3889 0 1.1254 2.2508 0.63075 5.30743 8.41448 3 1805.65 902.823
0.096 2.66226 68.9855 -1776.24 -16.3889 0 1.16895 2.33789 0.621046 5.18954 8.35614 3 1701.18 850.59
0.0945 2.60694 68.5986 -1776.62 -16.3889 0 1.21404 2.42809 0.611342 5.07608 8.30318 3 1604.71 802.357
0.093 2.55192 68.2074 -1777.01 -16.3889 0 1.26078 2.52156 0.601638 4.96675 8.25538 3 1515.47 757.733
0.0915 2.49718 67.8118 -1777.41 -16.3889 0 1.30925 2.61851 0.591934 4.86128 8.21253 3 1432.74 716.372
0.09 2.44275 67.4117 -1777.81 -16.3889 0 1.35956 2.71913 0.58223 4.75941 8.17444 3 1355.94 677.968
0.0885 2.38862 67.007 -1778.22 -16.3889 0 1.41182 2.82365 0.572527 4.66092 8.14097 3 1284.5 642.25
0.087 2.33479 66.5975 -1778.62 -16.3889 0 1.46615 2.9323 0.562823 4.5656 8.11197 3 1217.96 608.978
0.0855 2.28127 66.1833 -1779.04 -16.3889 0 1.52267 3.04534 0.553119 4.47326 8.08734 3 1155.87 577.937
0.084 2.22807 65.764 -1779.46 -16.3889 0 1.58152 3.16304 0.543415 4.38371 8.06697 3 1097.87 548.934
0.0825 2.17517 65.3397 -1779.88 -16.3889 0 1.64285 3.28569 0.533711 4.29679 8.05079 3 1043.6 521.799
0.081 2.1226 64.9101 -1780.31 -16.3889 0 1.70681 3.41362 0.524007 4.21235 8.03873 3 992.754 496.377
0.0795 2.07036 64.4751 -1780.75 -16.3889 0 1.77359 3.54717 0.514303 4.13024 8.03075 3 945.058 472.529
0.078 2.01844 64.0346 -1781.19 -16.3889 0 1.84336 3.68672 0.5046 4.05033 8.02682 3 900.258 450.129
0.0765 1.96685 63.5884 -1781.63 -16.3889 0 1.91633 3.83266 0.494896 3.97249 8.02693 3 858.131 429.065
0.075 1.91559 63.1364 -1782.09 -16.3889 0 1.99272 3.98545 0.485192 3.89661 8.03107 3 818.469 409.234
0.0735 1.86468 62.6783 -1782.54 -16.3889 0 2.07278 4.14555 0.475488 3.82257 8.03926 3 781.087 390.544
0.072 1.81412 62.214 -1783.01 -16.3889 0 2.15675 4.3135 0.465784 3.75027 8.05153 3 745.817 372.909
0.0705 1.7639 61.7432 -1783.48 -16.3889 0 2.24493 4.48986 0.45608 3.67962 8.06792 3 712.505 356.252
0.069 1.71404 61.2659 -1783.96 -16.3889 0 2.33763 4.67526 0.446377 3.61052 8.08851 3 681.009 340.505
0.0675 1.66454 60.7816 -1784.44 -16.3889 0 2.4352 4.87039 0.436673 3.54289 8.11337 3 651.203 325.601
0.066 1.6154 60.2903 -1784.93 -16.3889 0 2.538 5.07601 0.426969 3.47664 8.1426 3 622.968 311.484
0.0645 1.56664 59.7917 -1785.43 -16.3889 0 2.64647 5.29293 0.417265 3.41169 8.17631 3 596.198 298.099
0.063 1.51825 59.2854 -1785.94 -16.3889 0 2.76105 5.52209 0.407561 3.34797 8.21464 3 570.793 285.396
0.0615 1.47024 58.7713 -1786.45 -16.3889 0 2.88225 5.7645 0.397857 3.2854 8.25774 3 546.663 273.331
0.06 1.42262 58.249 -1786.97 -16.3889 0 3.01064 6.02128 0.388154 3.22393 8.30581 3 523.724 261.862
0.0585 1.3754 57.7183 -1787.5 -16.3889 0 3.14684 6.29368 0.37845 3.16348 8.35904 3 501.9 250.95
0.057 1.32858 57.1787 -1788.04 -16.3889 0 3.29156 6.58312 0.368746 3.10398 8.41766 3 481.12 240.56
0.0555 1.28217 56.6299 -1788.59 -16.3889 0 3.44557 6.89114 0.359042 3.04538 8.48195 3 461.317 230.658
0.054 1.23617 56.0624 -1789.16 -16.3889 0 3.60106 7.20211 0.349338 5.98965 10.1339 2 442.431 221.216
0.0525 1.1906 55.4776 -1789.74 -16.3889 0 3.75994 7.51989 0.339634 5.90044 10.1246 2 424.406 212.203
0.051 1.14546 54.8812 -1790.34 -16.3889 0 3.92895 7.8579 0.329931 5.81271 10.1197 2 407.19 203.595
0.0495 1.10077 54.2727 -1790.95 -16.3889 0 4.10904 8.21809 0.320227 5.72637 10.1193 2 390.733 195.367
0.048 1.05652 53.6514 -1791.57 -16.3889 0 4.30132 8.60264 0.310523 5.64134 10.1236 2 374.991 187.495
0.0465 1.01272 53.0167 -1792.21 -16.3889 0 4.50703 9.01406 0.300819 5.55753 10.1328 2 359.921 179.961
0.045 0.969403 52.3679 -1792.85 -16.3889 0 4.72758 9.45516 0.291115 5.47487 10.1471 2 345.485 172.742
0.0435 0.926559 51.7041 -1793.52 -16.3889 0 4.96459 9.92918 0.281411 5.39328 10.1667 2 331.644 165.822
0.042 0.884205 51.0246 -1794.2 -16.3889 0 5.21992 10.4398 0.271708 5.31267 10.1921 2 318.366 159.183
0.0405 0.842353 50.3284 -1794.89 -16.3889 0 5.4957 10.9914 0.262004 5.23296 10.2234 2 305.617 152.809
0.039 0.801014 49.6145 -1795.61 -16.3889 0 5.79441 11.5888 0.2523 5.15408 10.2611 2 293.368 146.684
0.0375 0.760201 48.8817 -1796.34 -16.3889 0 6.11895 12.2379 0.242596 5.07595 10.3056 2 281.59 140.795
0.036 0.71993 48.1288 -1797.09 -16.3889 0 6.4727 12.9454 0.232892 4.99847 10.3576 2 270.255 135.127
0.0345 0.680214 47.3543 -1797.87 -16.3889 0 6.85966 13.7193 0.223188 4.92157 10.4176 2 259.338 129.669
0.033 0.64107 46.5552 -1798.67 -16.3889 0 7.28208 14.5642 0.213484 7.27022 12.1644 1 248.816 124.408
0.0315 0.602514 45.7237 -1799.5 -16.3889 0 7.7355 15.471 0.203781 7.16997 12.1842 1 238.665 119.333
0.03 0.564566 44.8646 -1800.36 -16.3889 0 8.23661 16.4732 0.194077 7.07044 12.2121 1 228.863 114.432
0.0285 0.527245 43.9756 -1801.25 -16.3889 0 8.79316 17.5863 0.184373 6.9715 12.2488 1 219.39 109.695
0.027 0.490574 43.054 -1802.17 -16.3889 0 9.41465 18.8293 0.174669 6.87303 12.2954 1 210.224 105.112
0.0255 0.454575 42.0967 -1803.13 -16.3889 0 10.1129 20.2257 0.164965 6.77489 12.353 1 201.346 100.673
0.024 0.419276 41.1003 -1804.12 -16.3889 0 10.9026 21.8052 0.155261 6.67691 12.4229 1 192.736 96.3682
0.0225 0.384706 40.0605 -1805.16 -16.3889 0 11.8026 23.6052 0.145558 6.57895 12.5068 1 184.377 92.1883
0.021 0.350895 38.9723 -1806.25 -16.3889 0 12.8371 25.6743 0.135854 6.4808 12.6068 1 176.247 88.1236
0.0195 0.317881 37.83 -1807.39 -16.3889 0 14.0381 28.0762 0.12615 6.38225 12.7256 1 168.329 84.1643
0.018 0.285703 36.6263 -1808.6 -16.3889 0 15.4481 30.8961 0.116446 6.28305 12.8665 1 160.601 80.3003
0.0165 0.254407 35.3525 -1809.87 -16.3889 0 17.1254 34.2508 0.106742 6.18289 13.034 1 153.042 76.521
0.015 0.224047 33.9976 -1811.22 -16.3889 0 19.1523 38.3046 0.0970384 6.08141 13.234 1 145.63 72.8148
0.0135 0.194683 32.5475 -1812.67 -16.3889 0 21.6479 43.2957 0.0873346 5.97816 13.4743 1 138.337 69.1686
0.012 0.166389 30.9838 -1814.24 -16.3889 0 24.7918 49.5836 0.0776307 5.87256 13.7663 1 131.135 65.5673
0.0105 0.139252 29.2818 -1815.94 -16.3889 0 28.868 57.736 0.0679269 5.76382 14.1264 1 123.985 61.9924
0.009 0.11338 27.4067 -1817.82 -16.3889 0 34.3523 68.7046 0.058223 5.65091 14.5799 1 116.84 58.4199
0.0075 0.088912 25.3069 -1819.92 -16.3889 0 42.1068 84.2136 0.0485192 5.53227 15.1681 1 109.634 54.817
0.006 0.0660306 22.9013 -1822.32 -16.3889 0 53.8679 107.736 0.0388154 5.4055 15.965 1 102.269 51.1344
0.0045 0.0449942 20.048 -1825.17 -16.3889 0 73.7198 147.44 0.0291115 5.26647 17.1198 1 94.5792 47.2896
0.003 0.0262037 16.4571 -1828.77 -16.3889 0 114.035 228.069 0.0194077 5.10691 19.0035 1 86.2404 43.1202
0.0015 0.0103986 11.3255 -1833.9 -16.3889 0 237.489 474.978 0.00970384 4.90435 22.9933 1 76.3802 38.1901
