0.1067 0.573327 11.8219 -1801.6 2.82826 1.11985 0.183484 0.366968 0.998479 7.56398 65.7718 5 114.777 19.3658
0.1056 0.566707 11.7754 -1801.75 2.81193 1.12451 0.167828 0.335656 0.980278 8.35573 30.9268 5 155.788 26.3171
0.1045 0.560823 11.7285 -1801.9 2.7948 1.12868 0.161097 0.322194 0.960176 8.79649 25.7589 5 182.936 31.0217
0.1034 0.554924 11.6806 -1802.05 2.77745 1.13296 0.156737 0.313474 0.940341 9.13737 23.3845 5 206.371 35.1296
0.1023 0.549008 11.6316 -1802.21 2.75987 1.13737 0.153501 0.307003 0.920775 9.4303 21.9569 5 228.346 39.019
0.1012 0.543075 11.5818 -1802.37 2.74208 1.14191 0.150944 0.301888 0.901481 9.69429 20.9898 5 249.698 42.8305
0.1001 0.537126 11.5311 -1802.53 2.72405 1.14658 0.148849 0.297697 0.882458 9.9388 20.2894 5 270.854 46.6365
0.099 0.531161 11.4795 -1802.69 2.70579 1.15138 0.147091 0.294181 0.863708 10.1693 19.7607 5 292.073 50.4815
0.0979 0.52445 11.4262 -1802.85 2.68794 1.15699 0.145842 0.291684 0.847573 10.3716 19.416 5 311.911 53.9686
0.0968 0.518472 11.373 -1803.02 2.66919 1.16206 0.144526 0.289052 0.829321 10.585 19.0823 5 333.768 57.9729
0.0957 0.512477 11.3189 -1803.19 2.65019 1.16729 0.143384 0.286767 0.811336 10.792 18.8165 5 356.094 62.089
0.0946 0.506465 11.2641 -1803.36 2.63093 1.17266 0.142387 0.284774 0.793618 10.9939 18.6035 5 378.983 66.3344
0.0935 0.500438 11.2082 -1803.54 2.61141 1.17819 0.141285 0.282569 0.776165 7.47334 15.7961 4 402.515 70.7247
0.0924 0.494394 11.1513 -1803.71 2.59163 1.18388 0.140091 0.280182 0.758975 7.62675 15.5349 4 426.767 75.275
0.0913 0.488334 11.0935 -1803.9 2.57157 1.18974 0.139033 0.278065 0.742046 7.77739 15.3131 4 451.81 79.9996
0.0902 0.482258 11.0349 -1804.08 2.55124 1.19577 0.138093 0.276185 0.725375 7.92583 15.1243 4 477.715 84.9133
0.0891 0.476168 10.9754 -1804.27 2.53062 1.20197 0.137257 0.274513 0.70896 8.07255 14.9635 4 504.551 90.0305
0.088 0.470062 10.915 -1804.45 2.50971 1.20836 0.136513 0.273027 0.692798 8.21795 14.8269 4 532.39 95.3666
0.0869 0.463941 10.8537 -1804.64 2.4885 1.21493 0.135853 0.271707 0.676884 8.3624 14.7113 4 561.304 100.937
0.0858 0.45797 10.7917 -1804.84 2.46681 1.22152 0.135228 0.270456 0.660657 8.50878 14.6066 4 591.882 106.924
0.0847 0.451814 10.7285 -1805.04 2.445 1.22848 0.134715 0.26943 0.645254 8.65211 14.5266 4 623.174 113.017
0.0836 0.445844 10.6637 -1805.25 2.42264 1.23544 0.0785226 0.157045 0.629407 7.51953 11.947 3 2423.74 441.657
0.0825 0.439653 10.5977 -1805.45 2.40018 1.24282 0.082934 0.165868 0.614505 7.21448 11.7403 3 2181.33 399.042
0.0814 0.433698 10.5309 -1805.67 2.37711 1.25015 0.0877452 0.17549 0.598979 6.91105 11.538 3 1956.47 359.706
0.0803 0.427617 10.4631 -1805.88 2.35382 1.25782 0.0926203 0.185241 0.584073 6.63697 11.3633 3 1767.59 326.466
0.0792 0.42153 10.3942 -1806.1 2.33017 1.26572 0.0976867 0.195373 0.569369 6.38015 11.2056 3 1602.17 297.288
0.0781 0.415437 10.3243 -1806.32 2.30616 1.27384 0.102957 0.205913 0.554869 6.13884 11.0636 3 1456.59 271.551
0.077 0.409337 10.2534 -1806.54 2.28176 1.2822 0.108443 0.216886 0.54057 5.91152 10.9357 3 1327.88 248.744
0.0759 0.403229 10.1813 -1806.77 2.25699 1.29081 0.11416 0.228319 0.526473 5.69689 10.8209 3 1213.62 228.447
0.0748 0.397115 10.1082 -1807.01 2.23182 1.29967 0.120121 0.240242 0.512576 5.49378 10.718 3 1111.79 210.313
0.0737 0.390992 10.034 -1807.24 2.20625 1.3088 0.126343 0.252685 0.49888 5.3012 10.6262 3 1020.7 194.053
0.0726 0.384861 9.95856 -1807.49 2.18027 1.31821 0.132841 0.265683 0.485384 5.11825 10.5448 3 938.955 179.423
0.0715 0.378722 9.88198 -1807.73 2.15388 1.32791 0.139635 0.27927 0.472087 4.94415 10.473 3 865.363 166.218
0.0704 0.372573 9.80419 -1807.98 2.12706 1.33791 0.146742 0.293485 0.458988 4.77819 10.4103 3 798.917 154.263
0.0693 0.366416 9.72517 -1808.24 2.0998 1.34821 0.154184 0.308369 0.446088 4.61975 10.3561 3 738.76 143.41
0.0682 0.360248 9.64487 -1808.49 2.07211 1.35885 0.161982 0.323965 0.433386 4.46827 10.3101 3 684.156 133.532
0.0671 0.354071 9.56327 -1808.76 2.04396 1.36982 0.17016 0.340321 0.420881 4.32325 10.2719 3 634.474 124.518
0.066 0.347883 9.48034 -1809.03 2.01535 1.38115 0.178744 0.357487 0.408573 4.18425 10.2411 3 589.169 116.274
0.0649 0.341685 9.39603 -1809.3 1.98627 1.39285 0.18776 0.375519 0.396462 4.05084 10.2175 3 547.766 108.719
0.0638 0.335476 9.31031 -1809.58 1.95672 1.40493 0.197238 0.394476 0.384546 3.92266 10.2007 3 509.854 101.779
0.0627 0.329256 9.22314 -1809.86 1.92667 1.41742 0.207211 0.414421 0.372827 3.79937 10.1907 3 475.073 95.3922
0.0616 0.323024 9.13447 -1810.15 1.89613 1.43033 0.217713 0.435425 0.361302 3.68067 10.1872 3 443.107 89.504
0.0605 0.316782 9.04377 -1810.44 1.86509 1.44368 0.228292 0.456585 0.349973 7.14784 12.0825 2 413.68 84.0656
0.0594 0.310528 8.95079 -1810.74 1.83352 1.4575 0.238775 0.477549 0.338838 6.96061 11.9578 2 386.547 79.0344
0.0583 0.304263 8.85613 -1811.05 1.80144 1.47179 0.249765 0.49953 0.327897 6.77987 11.84 2 361.491 74.3724
0.0572 0.297986 8.75973 -1811.36 1.76882 1.4866 0.261298 0.522596 0.317149 6.60525 11.7289 2 338.32 70.0462
0.0561 0.291697 8.66153 -1811.68 1.73565 1.50193 0.27341 0.54682 0.306595 6.43642 11.6242 2 316.865 66.0257
0.055 0.285398 8.56149 -1812 1.70194 1.51783 0.28614 0.572281 0.296233 6.27306 11.5256 2 296.971 62.2843
0.0539 0.279087 8.45953 -1812.33 1.66767 1.53431 0.299533 0.599066 0.286064 6.11488 11.4329 2 278.504 58.798
0.0528 0.272765 8.3556 -1812.67 1.63283 1.55141 0.313634 0.627269 0.276086 5.96161 11.346 2 261.342 55.5455
0.0517 0.266433 8.24963 -1813.01 1.59741 1.56917 0.328496 0.656992 0.2663 5.81301 11.2646 2 245.374 52.5075
0.0506 0.260091 8.14156 -1813.36 1.56141 1.5876 0.344173 0.688347 0.256705 5.66884 11.1886 2 230.503 49.6666
0.0495 0.253739 8.03131 -1813.71 1.52481 1.60676 0.360727 0.721455 0.247299 5.52888 11.118 2 216.64 47.0072
0.0484 0.247379 7.91881 -1814.07 1.48761 1.62668 0.378225 0.756449 0.238083 5.39295 11.0525 2 203.705 44.5151
0.0473 0.24101 7.80396 -1814.44 1.44981 1.64741 0.396739 0.793477 0.229056 5.26085 10.9922 2 191.624 42.1776
0.0462 0.234635 7.6867 -1814.82 1.4114 1.66899 0.416349 0.832699 0.220216 5.13241 10.937 2 180.332 39.9828
0.0451 0.228253 7.56672 -1815.2 1.37236 1.69148 0.436833 0.873665 0.211565 7.5166 12.6146 1 169.769 37.9204
0.044 0.221867 7.44385 -1815.59 1.3327 1.71492 0.458118 0.916237 0.203099 7.34653 12.4982 1 159.881 35.9805
0.0429 0.215477 7.31825 -1815.99 1.29242 1.73937 0.4807 0.961399 0.194819 7.18095 12.3871 1 150.617 34.1544
0.0418 0.209085 7.18982 -1816.4 1.2515 1.7649 0.504685 1.00937 0.186724 7.01967 12.2814 1 141.933 32.434
0.0407 0.202693 7.05842 -1816.81 1.20994 1.79158 0.530195 1.06039 0.178813 6.8625 12.181 1 133.786 30.812
0.0396 0.196302 6.92393 -1817.24 1.16775 1.81949 0.557366 1.11473 0.171084 6.7093 12.0858 1 126.14 29.2816
0.0385 0.189915 6.78623 -1817.67 1.12492 1.8487 0.586347 1.17269 0.163537 6.5599 11.9957 1 118.958 27.8365
0.0374 0.183534 6.64515 -1818.11 1.08146 1.8793 0.617307 1.23461 0.15617 6.41416 11.9108 1 112.209 26.4711
0.0363 0.177162 6.50054 -1818.55 1.03736 1.9114 0.650436 1.30087 0.148982 6.27194 11.8311 1 105.863 25.1801
0.0352 0.170801 6.35224 -1819.01 0.992626 1.94509 0.685947 1.37189 0.141971 6.1331 11.7565 1 99.8924 23.9585
0.0341 0.164454 6.20005 -1819.48 0.947269 1.98051 0.724082 1.44816 0.135137 5.99751 11.6873 1 94.2729 22.802
0.033 0.158124 6.04377 -1819.95 0.901294 2.01778 0.765115 1.53023 0.128477 5.86506 11.6233 1 88.9808 21.7063
0.0319 0.151815 5.88318 -1820.43 0.854709 2.05705 0.80936 1.61872 0.12199 5.73562 11.5648 1 83.9944 20.6676
0.0308 0.145531 5.71803 -1820.93 0.807525 2.09847 0.857176 1.71435 0.115673 5.60908 11.5119 1 79.2938 19.6822
0.0297 0.139275 5.54805 -1821.43 0.759758 2.14223 0.908977 1.81795 0.109526 5.48534 11.4647 1 74.8603 18.7469
0.0286 0.133051 5.37295 -1821.95 0.711422 2.18854 0.965242 1.93048 0.103546 5.36427 11.4235 1 70.6765 17.8585
0.0275 0.126865 5.19238 -1822.47 0.662539 2.23761 1.02653 2.05306 0.0977317 5.24577 11.3884 1 66.7263 17.014
0.0264 0.120719 5.00598 -1823.01 0.613129 2.28971 1.09349 2.18698 0.09208 5.12973 11.3599 1 62.9946 16.2108
0.0253 0.114621 4.81332 -1823.55 0.563221 2.34513 1.16689 2.33379 0.0865891 5.01604 11.3381 1 59.4671 15.4462
0.0242 0.108573 4.61393 -1824.11 0.512845 2.40419 1.24766 2.49531 0.0812566 4.90459 11.3236 1 56.1306 14.7179
0.0231 0.102582 4.40727 -1824.69 0.462036 2.46729 1.33687 2.67374 0.0760802 4.79526 11.3167 1 52.9725 14.0236
0.022 0.0966523 4.19272 -1825.28 0.410834 2.53485 1.43585 2.87171 0.0710573 4.68792 11.3182 1 49.981 13.361
0.0209 0.0907942 3.97014 -1825.88 0.359285 2.6074 1.54621 3.09242 0.0661854 4.58246 11.3286 1 47.1449 12.7281
0.0198 0.085005 3.73758 -1826.49 0.307444 2.68551 1.66991 3.33982 0.061462 4.47873 11.3489 1 44.4536 12.1229
0.0187 0.0792944 3.49463 -1827.13 0.25537 2.76991 1.8094 3.6188 0.0568844 4.37659 11.3799 1 41.8968 11.5436
0.0176 0.0736681 3.24012 -1827.79 0.203136 2.86141 1.96778 3.93556 0.0524498 4.27587 11.4229 1 39.4647 10.9882
0.0165 0.0681318 2.9727 -1828.46 0.150822 2.96104 2.14896 4.29793 0.0481558 4.17638 11.4793 1 37.148 10.4549
0.0154 0.0626912 2.69072 -1829.16 0.0985265 3.07 2.35805 4.7161 0.0439998 4.07792 11.5511 1 34.9373 9.94194
0.0143 0.057352 2.39215 -1829.89 0.0463638 3.1898 2.60175 5.2035 0.0399792 3.98026 11.6404 1 32.8236 9.44754
0.0132 0.0521198 2.0745 -1830.65 -0.00552709 3.32232 2.88909 5.77819 0.0360916 3.88309 11.7501 1 30.7978 8.96982
0.0121 0.0470001 1.73462 -1831.44 -0.0569754 3.46994 3.23248 6.46496 0.0323349 3.78609 11.8841 1 28.8506 8.5069
0.011 0.0419982 1.36846 -1832.28 -0.107766 3.63575 3.64946 7.29892 0.0287072 3.68885 12.0474 1 26.9725 8.05674
0.0099 0.0371194 0.970726 -1833.17 -0.157621 3.82385 4.16563 8.33125 0.025207 3.59085 12.2468 1 25.1534 7.61711
0.0088 0.032369 0.534246 -1834.12 -0.206166 4.03982 4.81978 9.63956 0.0218333 3.49143 12.4919 1 23.382 7.18548
0.0077 0.0277523 0.0490203 -1835.16 -0.252882 4.29157 5.67365 11.3473 0.0185858 3.38969 12.7967 1 21.6453 6.7588
0.0066 0.023275 -0.499512 -1836.3 -0.297 4.59079 6.83143 13.6629 0.0154656 3.28441 13.1826 1 19.9278 6.33331
0.0055 0.0189434 -1.13378 -1837.58 -0.337317 4.95573 8.48339 16.9668 0.0124752 3.17381 13.6846 1 18.2092 5.90387
0.0044 0.0147653 -1.89104 -1839.07 -0.371778 5.41733 11.0164 22.0329 0.00961971 3.05506 14.3648 1 16.4601 5.46292
0.0033 0.0107514 -2.84044 -1840.87 -0.396419 6.03421 15.3509 30.7018 0.00690845 2.92324 15.3487 1 14.6337 4.99802
0.0022 0.00691875 -4.13518 -1843.23 -0.401999 6.9399 24.3152 48.6304 0.00435899 2.76829 16.9466 1 12.6396 4.48457
0.0011 0.00330084 -6.25503 -1846.85 -0.357167 8.56921 52.5491 105.098 0.00200842 2.56186 20.305 1 10.2356 3.85579
