0.093 0.392849 9.94607 -1797.3 7.59564 1.13174 0.00669037 0.0133807 0.964458 4.1565 12.642 5 9.17422 1.30993
0.092 0.388577 9.90138 -1797.52 7.55596 1.1369 0.00753354 0.0150671 0.927474 4.78166 11.466 5 14.6063 2.06782
0.091 0.385769 9.85662 -1797.74 7.5085 1.141 0.00878761 0.0175752 0.882144 5.53316 11.2856 5 23.4871 3.35123
0.09 0.38289 9.8114 -1797.96 7.46114 1.14536 0.00991299 0.019826 0.840593 6.17089 11.3809 5 33.7569 4.85177
0.089 0.379943 9.76563 -1798.19 7.41378 1.14999 0.0109475 0.0218951 0.802386 6.73502 11.5629 5 45.4041 6.57016
0.088 0.375913 9.71886 -1798.4 7.3698 1.15599 0.011811 0.023622 0.775989 4.78246 10.1045 4 56.4478 8.12674
0.087 0.372851 9.67181 -1798.63 7.32173 1.16121 0.0126962 0.0253924 0.743311 5.13577 10.1368 4 70.8864 10.2661
0.086 0.369736 9.6241 -1798.86 7.27342 1.1667 0.0135454 0.0270908 0.712934 5.46571 10.2013 4 86.8059 12.6425
0.085 0.366569 9.5757 -1799.1 7.22482 1.17246 0.0143673 0.0287346 0.684614 5.77717 10.2871 4 104.254 15.2648
0.084 0.363352 9.52659 -1799.33 7.17588 1.1785 0.0151686 0.0303371 0.658139 6.07374 10.388 4 123.288 18.144
0.083 0.360088 9.47666 -1799.57 7.12655 1.18482 0.00919255 0.0183851 0.633318 5.51739 8.71188 3 553.98 81.9283
0.082 0.356778 9.42587 -1799.81 7.07679 1.19143 0.0105471 0.0210942 0.609987 5.25947 8.62227 3 501.572 74.5297
0.081 0.353424 9.37429 -1800.05 7.02656 1.19831 0.0119905 0.0239811 0.587997 5.0317 8.55736 3 458.53 68.4486
0.08 0.350026 9.32189 -1800.29 6.97584 1.20548 0.0135261 0.0270521 0.567218 4.82828 8.5122 3 422.527 63.3593
0.079 0.346585 9.26867 -1800.54 6.92461 1.21293 0.0151574 0.0303147 0.547537 4.6448 8.48308 3 391.93 59.0329
0.078 0.3431 9.21461 -1800.78 6.87284 1.22067 0.0168875 0.033775 0.528862 4.47803 8.4673 3 365.594 55.3082
0.077 0.339572 9.15966 -1801.03 6.82051 1.22871 0.0187213 0.0374425 0.511106 4.32539 8.46282 3 342.667 52.066
0.076 0.336001 9.10381 -1801.28 6.7676 1.23704 0.0206628 0.0413256 0.494189 4.18472 8.46787 3 322.487 49.2127
0.075 0.332386 9.04705 -1801.53 6.7141 1.24566 0.0227169 0.0454339 0.47804 4.0543 8.4811 3 304.552 46.678
0.074 0.32947 8.98937 -1801.84 6.66145 1.25341 0.0252232 0.0504464 0.457259 3.85552 8.43181 3 274.191 42.5632
0.073 0.325755 8.93068 -1802.09 6.60696 1.26264 0.0275327 0.0550653 0.442659 3.7454 8.46113 3 260.73 40.6449
0.072 0.321995 8.87099 -1802.35 6.55183 1.27219 0.0299724 0.0599448 0.428655 3.64179 8.49586 3 248.474 38.9003
0.071 0.318801 8.81024 -1802.66 6.49823 1.28103 0.03287 0.06574 0.411017 3.48564 8.48052 3 227.535 36.026
0.07 0.31494 8.74848 -1802.92 6.44196 1.29122 0.0356028 0.0712056 0.398235 3.39559 8.5266 3 217.855 34.6401
0.069 0.3115 8.68558 -1803.23 6.38723 1.30094 0.0387583 0.0775166 0.38283 3.26766 8.53554 3 202.29 32.4775
0.068 0.307539 8.62163 -1803.5 6.32972 1.31179 0.0418136 0.0836272 0.371074 3.18779 8.59072 3 194.354 31.3375
0.067 0.304034 8.55644 -1803.82 6.27451 1.32212 0.0453609 0.0907218 0.3565 3.06797 8.60581 3 180.552 29.4096
0.066 0.300237 8.48988 -1804.12 6.21751 1.33321 0.0487243 0.0974486 0.343969 5.97627 10.1899 2 170.762 28.0228
0.065 0.296395 8.42206 -1804.43 6.16008 1.34464 0.0522267 0.104453 0.331837 5.82623 10.1141 2 161.61 26.7224
0.064 0.292507 8.35297 -1804.74 6.10223 1.35644 0.0559057 0.111811 0.320081 5.68135 10.042 2 153.023 25.4986
0.063 0.288573 8.28258 -1805.05 6.04396 1.36861 0.0597697 0.119539 0.308689 5.54137 9.97371 2 144.962 24.3457
0.062 0.284591 8.21085 -1805.38 5.98527 1.38117 0.0638282 0.127656 0.297643 5.40592 9.90881 2 137.38 23.257
0.061 0.28056 8.13776 -1805.7 5.92616 1.39413 0.0680913 0.136183 0.286929 5.27469 9.84714 2 130.237 22.2273
0.06 0.27648 8.06325 -1806.04 5.86664 1.4075 0.0725699 0.14514 0.276534 5.14743 9.7885 2 123.499 21.2517
0.059 0.27235 7.9873 -1806.38 5.80669 1.42131 0.0772753 0.154551 0.266447 5.02392 9.73278 2 117.139 20.3264
0.058 0.268169 7.90987 -1806.72 5.74633 1.43556 0.0822203 0.164441 0.256654 4.9039 9.67982 2 111.125 19.4473
0.057 0.263938 7.8309 -1807.07 5.68555 1.45029 0.0874178 0.174836 0.247148 4.78723 9.62955 2 105.437 18.6115
0.056 0.259655 7.75037 -1807.43 5.62435 1.4655 0.0928825 0.185765 0.237916 4.6737 9.58186 2 100.052 17.8158
0.055 0.255319 7.66822 -1807.79 5.56273 1.48122 0.0986296 0.197259 0.228951 4.5632 9.53671 2 94.9523 17.0579
0.054 0.250932 7.58441 -1808.16 5.50069 1.49747 0.104676 0.209352 0.220244 4.45557 9.49404 2 90.1185 16.3354
0.053 0.246493 7.49885 -1808.53 5.43822 1.51428 0.110965 0.221929 0.211787 6.5304 10.9557 1 85.5345 15.6459
0.052 0.242001 7.41147 -1808.92 5.37532 1.53168 0.117467 0.234935 0.203573 6.38736 10.858 1 81.1858 14.9876
0.051 0.237457 7.32228 -1809.31 5.31198 1.54968 0.124302 0.248605 0.195594 6.24775 10.7631 1 77.0591 14.3588
0.05 0.232862 7.23122 -1809.7 5.2482 1.56832 0.13149 0.26298 0.187844 6.11143 10.6711 1 73.1417 13.7578
0.049 0.228215 7.13825 -1810.1 5.18397 1.58764 0.139053 0.278107 0.180319 5.97833 10.582 1 69.4237 13.1834
0.048 0.223517 7.04331 -1810.51 5.11928 1.60766 0.147017 0.294033 0.17301 5.84826 10.4955 1 65.892 12.6338
0.047 0.21877 6.94634 -1810.93 5.05413 1.62842 0.155406 0.310812 0.165913 5.7212 10.4118 1 62.5392 12.1082
0.046 0.213973 6.84727 -1811.35 4.98849 1.64997 0.164251 0.328503 0.159024 5.59702 10.3309 1 59.355 11.6052
0.045 0.209128 6.74605 -1811.78 4.92236 1.67233 0.173585 0.347169 0.152336 5.47566 10.2526 1 56.3314 11.124
0.044 0.204236 6.64261 -1812.22 4.85573 1.69557 0.183441 0.366883 0.145846 5.35703 10.1771 1 53.4603 10.6634
0.043 0.199299 6.53687 -1812.66 4.78856 1.71973 0.193861 0.387721 0.139549 5.24109 10.1044 1 50.7344 10.2226
0.042 0.194318 6.42876 -1813.11 4.72085 1.74486 0.204886 0.409771 0.133441 5.12776 10.0346 1 48.1471 9.80087
0.041 0.189296 6.31822 -1813.57 4.65257 1.77101 0.216565 0.43313 0.127518 5.01702 9.96754 1 45.6916 9.39737
0.04 0.184233 6.20514 -1814.04 4.5837 1.79825 0.228953 0.457906 0.121776 4.90878 9.90344 1 43.3615 9.01132
0.039 0.179134 6.08945 -1814.52 4.5142 1.82665 0.242109 0.484219 0.116212 4.80305 9.84239 1 41.1519 8.64222
0.038 0.174 5.97106 -1815 4.44405 1.85628 0.256102 0.512205 0.110821 4.69978 9.78446 1 39.0571 8.2894
0.037 0.168834 5.84987 -1815.49 4.3732 1.88721 0.271009 0.542018 0.105601 4.59896 9.7298 1 37.0723 7.95237
0.036 0.163639 5.72577 -1815.99 4.30162 1.91954 0.286916 0.573831 0.100548 4.50056 9.67851 1 35.1923 7.63051
0.035 0.158419 5.59866 -1816.5 4.22927 1.95334 0.303922 0.607844 0.0956589 4.40458 9.63081 1 33.4133 7.32348
0.034 0.153177 5.46842 -1817.02 4.15608 1.98874 0.322141 0.644283 0.0909309 4.31102 9.58686 1 31.7309 7.03081
0.033 0.147918 5.33492 -1817.54 4.082 2.02583 0.341704 0.683407 0.0863608 4.21989 9.54689 1 30.1411 6.75211
0.032 0.142646 5.19801 -1818.07 4.00698 2.06473 0.362758 0.725517 0.0819451 4.13117 9.51113 1 28.64 6.48698
0.031 0.137366 5.05756 -1818.61 3.93092 2.10559 0.38548 0.77096 0.0776816 4.04492 9.47991 1 27.2248 6.23524
0.03 0.132082 4.91339 -1819.16 3.85377 2.14855 0.41007 0.820141 0.0735667 3.96114 9.45351 1 25.8914 5.99647
0.029 0.126799 4.76534 -1819.72 3.77541 2.19377 0.436766 0.873532 0.0695979 3.87987 9.43231 1 24.6373 5.7705
0.028 0.121524 4.61319 -1820.29 3.69576 2.24143 0.465844 0.931689 0.0657721 3.80114 9.41674 1 23.4594 5.5571
0.027 0.116262 4.45674 -1820.87 3.6147 2.29173 0.497634 0.995267 0.0620864 3.72501 9.40724 1 22.3551 5.35608
0.026 0.111019 4.29574 -1821.45 3.5321 2.34489 0.532522 1.06504 0.0585378 3.65152 9.40434 1 21.3217 5.16726
0.025 0.105802 4.12991 -1822.05 3.44781 2.40118 0.570974 1.14195 0.0551236 3.58074 9.40863 1 20.3568 4.99054
0.024 0.100616 3.95896 -1822.66 3.36167 2.46085 0.613543 1.22709 0.0518401 3.51269 9.42072 1 19.4578 4.82573
0.023 0.0954702 3.78253 -1823.27 3.2735 2.52424 0.6609 1.3218 0.0486846 3.44745 9.44135 1 18.6226 4.67278
0.022 0.0903697 3.60022 -1823.9 3.18307 2.5917 0.713855 1.42771 0.0456539 3.38508 9.47131 1 17.8492 4.5316
0.021 0.085322 3.41157 -1824.54 3.09016 2.66362 0.773397 1.54679 0.0427445 3.32564 9.51148 1 17.1352 4.40211
0.02 0.0803343 3.21607 -1825.19 2.99446 2.74049 0.840739 1.68148 0.0399531 3.26916 9.56282 1 16.4786 4.28422
0.019 0.0754134 3.01308 -1825.85 2.89567 2.82283 0.917384 1.83477 0.0372761 3.2157 9.62642 1 15.8773 4.17789
0.018 0.0705663 2.80189 -1826.53 2.79339 2.91126 1.0052 2.01041 0.0347097 3.16525 9.70341 1 15.329 4.08297
0.017 0.0657997 2.58163 -1827.22 2.6872 3.0065 1.10655 2.21311 0.0322497 3.11782 9.79512 1 14.8313 3.99936
0.016 0.0611198 2.35127 -1827.93 2.57655 3.1094 1.22444 2.44889 0.0298923 3.07341 9.90302 1 14.3821 3.92696
0.015 0.0565324 2.10956 -1828.65 2.46081 3.22094 1.36274 2.72549 0.0276329 3.03195 10.0288 1 13.9787 3.86558
0.014 0.052043 1.85499 -1829.4 2.33923 3.34234 1.52653 3.05306 0.0254667 2.99336 10.1742 1 13.6184 3.815
0.013 0.047656 1.58568 -1830.17 2.21085 3.47503 1.72256 3.44512 0.0233887 2.95753 10.3417 1 13.2982 3.77504
0.012 0.0433751 1.29926 -1830.97 2.07452 3.6208 1.96005 3.92009 0.0213933 2.92429 10.534 1 13.0151 3.74544
0.011 0.0392028 0.992762 -1831.81 1.92875 3.78183 2.25187 4.50374 0.0194743 2.8935 10.7548 1 12.7662 3.72608
0.01 0.0351406 0.6623 -1832.68 1.77167 3.96094 2.61658 5.23317 0.0176252 2.86498 11.0089 1 12.5488 3.71702
0.009 0.0311885 0.302764 -1833.6 1.60077 4.16175 3.08196 6.16392 0.0158383 2.83864 11.3033 1 12.3615 3.71878
0.008 0.027345 -0.0927756 -1834.58 1.41271 4.38906 3.6915 7.383 0.0141053 2.8145 11.6486 1 12.2046 3.73276
0.007 0.0236069 -0.534011 -1835.64 1.20281 4.6495 4.51726 9.03453 0.0124163 2.79289 12.0612 1 12.0829 3.76211
0.006 0.0199692 -1.03505 -1836.81 0.964331 4.95253 5.68728 11.3746 0.0107594 2.7747 12.5686 1 12.0086 3.81321
0.005 0.0164255 -1.61752 -1838.11 0.687075 5.31251 7.45029 14.9006 0.00912031 2.76183 13.2188 1 12.0084 3.89863
0.004 0.0129674 -2.31717 -1839.61 0.354601 5.75291 10.3503 20.7006 0.0074801 2.758 14.1024 1 12.1352 4.04282
0.003 0.0095859 -3.19977 -1841.42 -0.0618754 6.31675 15.7941 31.5881 0.00581251 2.76994 15.4058 1 12.4895 4.29411
0.002 0.00627353 -4.40999 -1843.77 -0.619025 7.09933 28.5209 57.0419 0.00407645 2.80867 17.5822 1 13.2543 4.7505
0.001 0.00303443 -6.40106 -1847.33 -1.44461 8.41226 75.5367 151.073 0.00219353 2.88372 22.1942 1 14.6633 5.60404
