0.15 4.83138 79.8435 -1765.41 -15.9777 0.99583 2.10692 4.21384 0.969956 5.15939 16.5964 5 88.9533 44.4767
0.1485 4.7671 79.5777 -1765.67 -15.9777 0.996441 2.07417 4.14835 0.960255 5.29378 15.5122 5 96.087 48.0435
0.147 4.70304 79.3088 -1765.94 -15.9776 0.997061 2.04779 4.09557 0.950554 5.41671 14.758 5 102.937 51.4687
0.1455 4.63919 79.0369 -1766.21 -15.9776 0.99769 2.02579 4.05158 0.940853 5.53198 14.1983 5 109.65 54.8249
0.144 4.57556 78.7622 -1766.49 -15.9776 0.998328 2.00704 4.01407 0.931152 5.64183 13.7655 5 116.312 58.1562
0.1425 4.51215 78.4846 -1766.77 -15.9775 0.998974 1.9908 3.98161 0.921451 5.74771 13.4209 5 122.984 61.4922
0.141 4.44896 78.2043 -1767.05 -15.9775 0.999631 1.97659 3.95319 0.911751 5.85061 13.1411 5 129.709 64.8545
0.1395 4.386 77.9213 -1767.33 -15.9775 1.0003 1.96405 3.92811 0.90205 5.95128 12.9105 5 136.52 68.2601
0.138 4.32326 77.6356 -1767.62 -15.9774 1.00097 1.95292 3.90584 0.892349 6.05026 12.7185 5 143.446 71.723
0.1365 4.26075 77.3471 -1767.9 -15.9774 1.00166 1.943 3.88599 0.882648 6.14799 12.5575 5 150.51 75.255
0.135 4.19846 77.056 -1768.19 -15.9774 1.00235 1.93412 3.86825 0.872947 6.24482 12.422 5 157.734 78.867
0.1335 4.13641 76.7622 -1768.49 -15.9773 1.00306 1.92618 3.85236 0.863246 6.34103 12.3078 5 165.138 82.5688
0.132 4.07459 76.4657 -1768.79 -15.9773 1.00378 1.91906 3.83812 0.853545 6.43688 12.2116 5 172.739 86.3697
0.1305 4.013 76.1664 -1769.08 -15.9773 1.00451 1.91269 3.82537 0.843844 6.53256 12.131 5 180.558 90.2788
0.129 3.95165 75.8645 -1769.39 -15.9772 1.00525 1.90699 3.81398 0.834143 6.62826 12.0639 5 188.61 94.3051
0.1275 3.89053 75.5597 -1769.69 -15.9772 1.006 1.90191 3.80382 0.824442 6.72415 12.0087 5 196.915 98.4575
0.126 3.82965 75.2521 -1770 -15.9771 1.00677 1.8974 3.7948 0.814741 6.82037 11.9641 5 205.49 102.745
0.1245 3.76902 74.9417 -1770.31 -15.9771 1.00755 1.89342 3.78684 0.80504 6.91706 11.9291 5 214.353 107.177
0.123 3.70862 74.6285 -1770.62 -15.9771 1.00834 1.88993 3.77986 0.795339 7.01434 11.9026 5 223.525 111.762
0.1215 3.64848 74.3123 -1770.94 -15.977 1.00914 1.88691 3.77381 0.785638 7.11232 11.884 5 233.024 116.512
0.12 3.58857 73.9912 -1771.26 -15.977 1.00996 1.88119 3.76237 0.775937 4.81541 10.173 4 242.87 121.435
0.1185 3.52892 73.6667 -1771.58 -15.9769 1.01079 1.87572 3.75144 0.766236 4.89057 10.1151 4 253.087 126.543
0.117 3.46952 73.3391 -1771.91 -15.9769 1.01164 1.8708 3.7416 0.756536 4.9663 10.065 4 263.695 131.848
0.1155 3.41037 73.0084 -1772.24 -15.9768 1.0125 1.86639 3.73278 0.746835 5.04268 10.0221 4 274.72 137.36
0.114 3.35148 72.6745 -1772.58 -15.9768 1.01338 1.86247 3.72494 0.737134 5.1198 9.98586 4 286.186 143.093
0.1125 3.29284 72.3373 -1772.91 -15.9767 1.01427 1.85901 3.71801 0.727433 5.19773 9.95581 4 298.12 149.06
0.111 3.23446 71.9968 -1773.25 -15.9767 1.01518 1.85598 3.71196 0.717732 5.27655 9.93159 4 310.55 155.275
0.1095 3.17635 71.653 -1773.6 -15.9766 1.0161 1.85338 3.70676 0.708031 5.35633 9.91286 4 323.507 161.754
0.108 3.1185 71.3058 -1773.94 -15.9766 1.01705 1.85119 3.70237 0.69833 5.43717 9.89935 4 337.023 168.512
0.1065 3.06092 70.9551 -1774.3 -15.9765 1.01801 1.84938 3.69876 0.688629 5.51913 9.8908 4 351.133 175.566
0.105 3.0036 70.6008 -1774.65 -15.9765 1.01899 1.84795 3.69591 0.678928 5.6023 9.88701 4 365.873 182.936
0.1035 2.94656 70.2429 -1775.01 -15.9764 1.01999 1.8469 3.69379 0.669227 5.68674 9.88778 4 381.282 190.641
0.102 2.88979 69.8813 -1775.37 -15.9763 1.02102 1.8462 3.69239 0.659526 5.77256 9.89297 4 397.405 198.702
0.1005 2.8333 69.516 -1775.73 -15.9763 1.02206 1.84585 3.6917 0.649825 5.85982 9.90244 4 414.285 207.142
0.099 2.77709 69.1427 -1776.11 -15.9762 1.02312 1.03561 2.07122 0.640124 5.30135 8.28174 3 1786.74 893.371
0.0975 2.72117 68.7615 -1776.49 -15.9761 1.02421 1.07582 2.15163 0.630423 5.18172 8.21943 3 1681.3 840.65
0.096 2.66553 68.376 -1776.87 -15.9761 1.02532 1.11742 2.23485 0.620722 5.06673 8.16263 3 1584.12 792.061
0.0945 2.61017 67.9864 -1777.26 -15.976 1.02645 1.16051 2.32103 0.611021 4.95604 8.11107 3 1494.38 747.189
0.093 2.55511 67.5924 -1777.66 -15.9759 1.02761 1.20517 2.41034 0.60132 4.84938 8.06454 3 1411.34 705.671
0.0915 2.50035 67.194 -1778.06 -15.9758 1.02879 1.25148 2.50297 0.59162 4.74647 8.02284 3 1334.37 667.186
0.09 2.44588 66.791 -1778.46 -15.9758 1.03001 1.29955 2.59911 0.581919 4.64708 7.98579 3 1262.9 631.45
0.0885 2.39171 66.3834 -1778.87 -15.9757 1.03125 1.34949 2.69897 0.572218 4.55098 7.95323 3 1196.42 598.211
0.087 2.33785 65.9711 -1779.28 -15.9756 1.03252 1.40139 2.80279 0.562517 4.45797 7.92505 3 1134.49 567.245
0.0855 2.2843 65.5539 -1779.7 -15.9755 1.03382 1.4554 2.91079 0.552816 4.36786 7.90112 3 1076.71 538.354
0.084 2.23106 65.1317 -1780.12 -15.9754 1.03515 1.51163 3.02326 0.543115 4.28048 7.88135 3 1022.72 511.359
0.0825 2.17813 64.7043 -1780.55 -15.9753 1.03652 1.57023 3.14046 0.533414 4.19566 7.86567 3 972.2 486.1
0.081 2.12553 64.2717 -1780.98 -15.9752 1.03792 1.63135 3.2627 0.523713 4.11325 7.85401 3 924.869 462.434
0.0795 2.07324 63.8336 -1781.42 -15.9751 1.03935 1.69515 3.39031 0.514012 4.03311 7.84634 3 880.465 440.233
0.078 2.02129 63.3899 -1781.86 -15.975 1.04083 1.76182 3.52365 0.504311 3.95512 7.84262 3 838.756 419.378
0.0765 1.96966 62.9406 -1782.31 -15.9749 1.04234 1.83155 3.6631 0.49461 3.87915 7.84284 3 799.533 399.766
0.075 1.91837 62.4853 -1782.77 -15.9748 1.0439 1.90455 3.80909 0.484909 3.80508 7.847 3 762.603 381.302
0.0735 1.86743 62.0239 -1783.23 -15.9747 1.0455 1.98104 3.96208 0.475208 3.73281 7.85511 3 727.795 363.898
0.072 1.81682 61.5562 -1783.69 -15.9745 1.04715 2.06128 4.12256 0.465507 3.66225 7.86721 3 694.952 347.476
0.0705 1.76657 61.082 -1784.17 -15.9744 1.04884 2.14554 4.29108 0.455806 3.59328 7.88335 3 663.929 331.965
0.069 1.71667 60.6012 -1784.65 -15.9743 1.05059 2.23412 4.46824 0.446105 3.52583 7.90357 3 634.598 317.299
0.0675 1.66713 60.1134 -1785.14 -15.9741 1.05239 2.32735 4.6547 0.436405 3.4598 7.92797 3 606.838 303.419
0.066 1.61796 59.6184 -1785.63 -15.974 1.05424 2.42559 4.85117 0.426704 3.39512 7.95663 3 580.542 290.271
0.0645 1.56915 59.1161 -1786.13 -15.9738 1.05616 2.52923 5.05846 0.417003 3.33172 7.98968 3 555.607 277.804
0.063 1.52073 58.606 -1786.64 -15.9737 1.05814 2.63872 5.27744 0.407302 3.26951 8.02724 3 531.944 265.972
0.0615 1.47268 58.088 -1787.16 -15.9735 1.06018 2.75454 5.50908 0.397601 3.20843 8.06948 3 509.468 254.734
0.06 1.42503 57.5618 -1787.69 -15.9733 1.0623 2.87723 5.75445 0.3879 3.14841 8.11655 3 488.1 244.05
0.0585 1.37777 57.0269 -1788.22 -15.9731 1.06449 3.00738 6.01476 0.378199 3.08939 8.16868 3 467.77 233.885
0.057 1.33091 56.4831 -1788.77 -15.973 1.06676 3.14567 6.29134 0.368498 3.0313 8.22609 3 448.412 224.206
0.0555 1.28445 55.9301 -1789.32 -15.9727 1.06912 3.29284 6.58569 0.358797 2.97408 8.28903 3 429.963 214.982
0.054 1.23842 55.3583 -1789.89 -15.9725 1.07156 3.44107 6.88214 0.349096 5.85005 9.90118 2 412.369 206.184
0.0525 1.19281 54.7696 -1790.48 -15.9723 1.07411 3.59288 7.18576 0.339395 5.76295 9.89218 2 395.575 197.788
0.051 1.14763 54.1694 -1791.08 -15.9721 1.07676 3.75436 7.50871 0.329694 5.67729 9.88747 2 379.534 189.767
0.0495 1.10289 53.5568 -1791.69 -15.9718 1.07952 3.92643 7.85286 0.319993 5.59299 9.8872 2 364.201 182.101
0.048 1.0586 52.9315 -1792.32 -15.9715 1.0824 4.11014 8.22029 0.310292 5.50996 9.89152 2 349.533 174.767
0.0465 1.01476 52.2926 -1792.96 -15.9712 1.0854 4.30669 8.61338 0.300591 5.42813 9.90061 2 335.491 167.746
0.045 0.971397 51.6395 -1793.61 -15.9709 1.08855 4.51742 9.03484 0.29089 5.34741 9.91468 2 322.039 161.02
0.0435 0.928511 50.9713 -1794.28 -15.9706 1.09185 4.74388 9.48775 0.281189 5.26773 9.934 2 309.142 154.571
0.042 0.886113 50.2873 -1794.96 -15.9702 1.09532 4.98783 9.97567 0.271489 5.18902 9.95886 2 296.769 148.384
0.0405 0.844216 49.5864 -1795.66 -15.9698 1.09896 5.25134 10.5027 0.261788 5.11118 9.98958 2 284.888 142.444
0.039 0.802833 48.8677 -1796.38 -15.9694 1.1028 5.53676 11.0735 0.252087 5.03416 10.0266 2 273.473 136.736
0.0375 0.761975 48.1299 -1797.12 -15.969 1.10685 5.84685 11.6937 0.242386 4.95785 10.0702 2 262.496 131.248
0.036 0.721658 47.3718 -1797.88 -15.9685 1.11114 6.18485 12.3697 0.232685 4.88219 10.1212 2 251.932 125.966
0.0345 0.681895 46.592 -1798.66 -15.968 1.11569 6.55459 13.1092 0.222984 4.80709 10.1799 2 241.758 120.879
0.033 0.642703 45.7872 -1799.46 -15.9674 1.12054 6.95794 13.9159 0.213283 7.10139 11.8857 1 231.951 115.975
0.0315 0.6041 44.9502 -1800.3 -15.9668 1.1257 7.39117 14.7823 0.203582 7.00349 11.9051 1 222.489 111.245
0.03 0.566103 44.0854 -1801.17 -15.9661 1.13123 7.86996 15.7399 0.193881 6.90628 11.9325 1 213.353 106.676
0.0285 0.528733 43.1905 -1802.06 -15.9653 1.13717 8.40172 16.8034 0.18418 6.80965 11.9686 1 204.522 102.261
0.027 0.492011 42.2627 -1802.99 -15.9644 1.14357 8.99553 17.9911 0.174479 6.71347 12.0143 1 195.978 97.9892
0.0255 0.455961 41.2989 -1803.95 -15.9635 1.1505 9.66265 19.3253 0.164778 6.61761 12.0708 1 187.703 93.8513
0.024 0.42061 40.2956 -1804.96 -15.9624 1.15804 10.4172 20.8344 0.155077 6.52192 12.1393 1 179.677 89.8385
0.0225 0.385985 39.2484 -1806 -15.9612 1.1663 11.2771 22.5543 0.145376 6.42623 12.2215 1 171.884 85.9418
0.021 0.35212 38.1524 -1807.1 -15.9598 1.17539 12.2656 24.5313 0.135675 6.33036 12.3195 1 164.305 82.1524
0.0195 0.31905 37.0017 -1808.25 -15.9582 1.18548 13.4131 26.8263 0.125974 6.23409 12.4359 1 156.922 78.4611
0.018 0.286814 35.7889 -1809.46 -15.9564 1.19675 14.7604 29.5207 0.116273 6.13717 12.574 1 149.717 74.8585
0.0165 0.255459 34.5051 -1810.75 -15.9542 1.20949 16.3631 32.7262 0.106573 6.03932 12.7382 1 142.669 71.3347
0.015 0.225038 33.1391 -1812.11 -15.9515 1.22405 18.2998 36.5997 0.0968716 5.94018 12.934 1 135.758 67.8788
0.0135 0.195611 31.6767 -1813.57 -15.9483 1.24092 20.6844 41.3689 0.0871707 5.83929 13.1695 1 128.957 64.4787
0.012 0.167251 30.0991 -1815.15 -15.9442 1.26082 23.6886 47.3773 0.0774697 5.7361 13.4557 1 122.24 61.1202
0.0105 0.140046 28.3809 -1816.87 -15.939 1.28481 27.5837 55.1675 0.0677688 5.62983 13.8087 1 115.572 57.786
0.009 0.114103 26.4865 -1818.76 -15.9321 1.31457 32.8245 65.649 0.0580679 5.51946 14.2534 1 108.907 54.4536
0.0075 0.0895594 24.3631 -1820.89 -15.9224 1.35295 40.235 80.4699 0.0483669 5.40347 14.8305 1 102.184 51.0922
0.006 0.0665971 21.9267 -1823.32 -15.9079 1.40526 51.4747 102.949 0.038666 5.2795 15.6129 1 95.3112 47.6556
0.0045 0.0454727 19.0301 -1826.22 -15.8836 1.48294 70.448 140.896 0.028965 5.14348 16.7481 1 88.1326 44.0663
0.003 0.0265876 15.3727 -1829.88 -15.8351 1.61716 108.983 217.966 0.0192641 4.98722 18.6041 1 80.3416 40.1708
0.0015 0.010665 10.0855 -1835.17 -15.6896 1.94395 227.017 454.033 0.00956316 4.78838 22.5591 1 71.1104 35.5552
