0.093 0.380343 -nan -nan 7.16985 0.127048 -nan -nan 0.817984 -nan -nan 3 -nan -nan
0.09207 0.376646 -nan -nan 7.13062 0.127272 -nan -nan 0.783744 -nan -nan 3 -nan -nan
0.09114 0.372991 10.371 -1798.1 7.09077 0.127542 0.00170007 0.00340014 0.751848 1.84964 3.71303 4 3.02706 0.49085
0.09021 0.369375 10.3305 -1798.32 7.05028 0.127858 0.00312621 0.00625242 0.72206 2.58986 4.91248 4 8.4546 1.37277
0.08928 0.364361 10.2893 -1798.5 7.00962 0.128527 0.00427917 0.00855833 0.706053 3.08337 5.6871 4 14.5853 2.33436
0.08835 0.36089 10.248 -1798.72 6.96711 0.128922 0.00535968 0.0107194 0.67935 3.5409 6.25314 4 22.4992 3.60722
0.08742 0.357446 10.2062 -1798.94 6.92395 0.129356 0.00634407 0.0126881 0.654239 3.94211 6.7041 4 31.6391 5.08142
0.08649 0.354025 10.1639 -1799.17 6.88015 0.12983 0.00423092 0.00846185 0.630581 3.69791 5.86429 3 157.245 25.2985
0.08556 0.350627 10.1211 -1799.39 6.83567 0.130341 0.00516747 0.0103349 0.608257 3.66026 6.01762 3 159.431 25.6953
0.08463 0.347244 10.0778 -1799.61 6.79058 0.130887 0.00617916 0.0123583 0.587098 3.61012 6.1491 3 159.777 25.7991
0.0837 0.343181 10.034 -1799.8 6.74316 0.131643 0.00720981 0.0144196 0.572888 3.64156 6.35649 3 170.014 27.2685
0.08277 0.339849 9.98973 -1800.02 6.69636 0.132257 0.0083801 0.0167602 0.553678 3.57838 6.46293 3 168.164 27.0281
0.08184 0.336519 9.94487 -1800.25 6.64888 0.132905 0.00963312 0.0192662 0.535436 3.51389 6.56267 3 165.85 26.7123
0.08091 0.333188 9.89945 -1800.47 6.60071 0.133587 0.0109716 0.0219432 0.518091 3.44931 6.65773 3 163.254 26.3503
0.07998 0.329854 9.85345 -1800.7 6.55185 0.134302 0.0123984 0.0247968 0.501575 3.38539 6.74951 3 160.495 25.9613
0.07905 0.326227 9.80688 -1800.9 6.50092 0.135127 0.0138803 0.0277606 0.488158 3.3563 6.87545 3 161.97 26.16
0.07812 0.322889 9.75967 -1801.13 6.45056 0.135905 0.0154919 0.0309838 0.472992 3.29264 6.9613 3 158.795 25.7088
0.07719 0.319539 9.71181 -1801.36 6.39949 0.136716 0.0172015 0.034403 0.458489 3.23054 7.04607 3 155.63 25.2583
0.07626 0.316173 9.6633 -1801.59 6.34771 0.137559 0.0190124 0.0380247 0.444602 3.17004 7.13006 3 152.493 24.8114
0.07533 0.312788 9.61411 -1801.82 6.29521 0.138435 0.0209282 0.0418565 0.431287 3.11112 7.21357 3 149.396 24.3701
0.0744 0.309382 9.56423 -1802.06 6.24198 0.139343 0.0229531 0.0459062 0.418507 3.05376 7.2968 3 146.346 23.9357
0.07347 0.305953 9.51364 -1802.29 6.18803 0.140284 0.0250913 0.0501826 0.406224 2.99791 7.37993 3 143.346 23.5088
0.07254 0.302499 9.46232 -1802.53 6.13334 0.141257 0.0273474 0.0546948 0.394405 2.94348 7.4631 3 140.397 23.0895
0.07161 0.299017 9.41026 -1802.77 6.07792 0.142264 0.0297263 0.0594526 0.383018 2.89041 7.54641 3 137.496 22.6777
0.07068 0.295749 9.35731 -1803.03 6.02402 0.143236 0.0322965 0.0645931 0.370272 2.81475 7.60184 3 131.759 21.8668
0.06975 0.292201 9.30368 -1803.27 5.96716 0.144312 0.0349409 0.0698819 0.359743 2.76529 7.68685 3 129.107 21.4906
0.06882 0.28881 9.24903 -1803.54 5.91153 0.14537 0.0376722 0.0753444 0.348237 5.41384 9.17418 2 124.397 20.8226
0.06789 0.285192 9.19359 -1803.78 5.85319 0.146516 0.0404239 0.0808478 0.338446 5.34346 9.18497 2 121.925 20.4724
0.06696 0.281771 9.14253 -1804.05 5.79679 0.142217 0.0433473 0.0866947 0.32738 5.23562 9.15044 2 117.069 19.7815
0.06603 0.278077 9.08537 -1804.3 5.73694 0.143398 0.0463614 0.0927228 0.318251 5.16924 9.16309 2 114.772 19.4565
0.0651 0.274618 9.02708 -1804.59 5.67984 0.144541 0.0495691 0.0991382 0.307598 5.06004 9.12352 2 109.852 18.7532
0.06417 0.270995 8.96795 -1804.86 5.62054 0.145757 0.0529003 0.105801 0.298081 4.9733 9.10913 2 106.301 18.2456
0.06324 0.26734 8.90785 -1805.14 5.56068 0.14701 0.0563873 0.112775 0.288805 4.88738 9.0944 2 102.803 17.7444
0.06231 0.26365 8.84677 -1805.43 5.50027 0.148301 0.0600375 0.120075 0.279758 4.80228 9.07939 2 99.3597 17.2497
0.06138 0.259926 8.78467 -1805.71 5.43931 0.149632 0.0638586 0.127717 0.270933 4.71802 9.06419 2 95.976 16.762
0.06045 0.256166 8.72154 -1806.01 5.3778 0.151004 0.0678591 0.135718 0.26232 4.63457 9.04885 2 92.6524 16.2814
0.05952 0.252368 8.65734 -1806.3 5.31572 0.15242 0.0720479 0.144096 0.253918 4.55204 9.03358 2 89.3981 15.8091
0.05859 0.248533 8.59205 -1806.6 5.25308 0.153879 0.0764345 0.152869 0.245717 4.47042 9.01844 2 86.2137 15.3452
0.05766 0.24466 8.52565 -1806.91 5.18987 0.155385 0.0810293 0.162059 0.237713 4.38973 9.00351 2 83.1017 14.8899
0.05673 0.240748 8.45812 -1807.22 5.12609 0.156939 0.0858431 0.171686 0.2299 4.30998 8.98889 2 80.0644 14.4436
0.0558 0.236796 8.38942 -1807.54 5.06172 0.158543 0.0908878 0.181776 0.222274 4.23121 8.9747 2 77.1039 14.0066
0.05487 0.232805 8.31952 -1807.86 4.99676 0.1602 0.0961683 0.192337 0.214829 6.23057 10.4031 1 74.2188 13.5787
0.05394 0.228773 8.24831 -1808.19 4.9312 0.161911 0.101568 0.203136 0.207563 6.12405 10.3432 1 71.4132 13.1604
0.05301 0.224702 8.17586 -1808.52 4.86502 0.16368 0.107222 0.214444 0.200471 6.01882 10.284 1 68.6863 12.7517
0.05208 0.22059 8.10212 -1808.85 4.79822 0.165508 0.113144 0.226288 0.193548 5.91486 10.2254 1 66.0377 12.3526
0.05115 0.216438 8.02707 -1809.2 4.73077 0.167398 0.119349 0.238698 0.186793 5.81227 10.1678 1 63.4698 11.9635
0.05022 0.212247 7.95068 -1809.55 4.66267 0.169354 0.125855 0.25171 0.1802 5.71099 10.111 1 60.9801 11.5841
0.04929 0.208016 7.87291 -1809.9 4.5939 0.171379 0.132679 0.265358 0.173768 5.61104 10.0551 1 58.5687 11.2143
0.04836 0.203746 7.79375 -1810.26 4.52443 0.173475 0.139842 0.279683 0.167493 5.51249 10.0004 1 56.2361 10.8545
0.04743 0.199437 7.71314 -1810.62 4.45424 0.175648 0.147364 0.294728 0.161374 5.41533 9.94674 1 53.9813 10.5045
0.0465 0.195091 7.63107 -1810.99 4.38331 0.1779 0.15527 0.310539 0.155407 5.31958 9.89436 1 51.8037 10.1644
0.04557 0.190708 7.54749 -1811.37 4.31162 0.180235 0.163584 0.327169 0.149588 5.22523 9.84328 1 49.7013 9.83383
0.04464 0.186289 7.46237 -1811.75 4.23913 0.18266 0.172336 0.344673 0.143918 5.13234 9.79364 1 47.6744 9.51308
0.04371 0.181835 7.37567 -1812.14 4.16582 0.185177 0.181556 0.363113 0.138392 5.0409 9.7455 1 45.7215 9.20199
0.04278 0.177349 7.28737 -1812.53 4.09164 0.187793 0.191279 0.382558 0.133009 4.95093 9.69899 1 43.8412 8.90048
0.04185 0.17283 7.19071 -1812.94 4.01657 0.197211 0.201542 0.403085 0.127767 4.86246 9.65421 1 42.0327 8.60852
0.04092 0.168282 7.099 -1813.35 3.94056 0.200102 0.212388 0.424775 0.122663 4.7755 9.61128 1 40.2945 8.32606
0.03999 0.163706 7.00556 -1813.76 3.86356 0.203112 0.223862 0.447724 0.117696 4.69009 9.57034 1 38.6257 8.05303
0.03906 0.159104 6.91034 -1814.18 3.78553 0.206248 0.236018 0.472036 0.112863 4.60624 9.53152 1 37.0248 7.78939
0.03813 0.154478 6.8133 -1814.6 3.7064 0.209518 0.248914 0.497827 0.108164 4.52398 9.49497 1 35.4906 7.53506
0.0372 0.149831 6.7144 -1815.03 3.62612 0.212929 0.262615 0.525229 0.103596 4.44336 9.46086 1 34.0219 7.29003
0.03627 0.145166 6.61358 -1815.47 3.54462 0.216493 0.277195 0.55439 0.0991567 4.3644 9.42939 1 32.6175 7.05428
0.03534 0.140486 6.51081 -1815.91 3.46185 0.220218 0.292738 0.585476 0.0948448 4.2871 9.40068 1 31.2756 6.82761
0.03441 0.135794 6.40602 -1816.36 3.37769 0.224116 0.30934 0.618679 0.090659 4.21156 9.37503 1 29.9957 6.61019
0.03348 0.131093 6.29916 -1816.82 3.29208 0.2282 0.327107 0.654214 0.0865974 4.1378 9.35264 1 28.7763 6.40193
0.03255 0.126387 6.19017 -1817.28 3.20491 0.232483 0.346165 0.69233 0.0826583 4.06586 9.33376 1 27.6163 6.20281
0.03162 0.121681 6.07899 -1817.75 3.11608 0.23698 0.366654 0.733307 0.0788396 3.99578 9.31866 1 26.5142 6.01277
0.03069 0.116979 5.96557 -1818.22 3.02548 0.241708 0.388738 0.777476 0.0751401 3.92764 9.30767 1 25.4695 5.83194
0.02976 0.112284 5.84982 -1818.7 2.93296 0.246685 0.412606 0.825212 0.071558 3.86149 9.30113 1 24.4809 5.66029
0.02883 0.107602 5.73167 -1819.19 2.83838 0.251932 0.438476 0.876953 0.0680916 3.7974 9.29941 1 23.5474 5.49787
0.0279 0.102938 5.61104 -1819.68 2.74159 0.257471 0.466604 0.933208 0.0647391 3.73543 9.3029 1 22.668 5.34472
0.02697 0.0982978 5.48784 -1820.18 2.64241 0.263327 0.497287 0.994573 0.0614988 3.67565 9.31204 1 21.8418 5.20091
0.02604 0.0936861 5.36197 -1820.68 2.54063 0.269531 0.530873 1.06175 0.0583687 3.61813 9.32732 1 21.068 5.06651
0.02511 0.0891091 5.23334 -1821.19 2.43602 0.276114 0.567774 1.13555 0.0553474 3.56296 9.34929 1 20.3458 4.94165
0.02418 0.0845728 5.10181 -1821.71 2.32834 0.283113 0.608477 1.21695 0.0524328 3.51021 9.37848 1 19.6745 4.82642
0.02325 0.0800837 4.96725 -1822.24 2.21732 0.29057 0.653558 1.30712 0.0496225 3.45995 9.41549 1 19.0528 4.72088
0.02232 0.0756481 4.82952 -1822.77 2.10261 0.298533 0.703707 1.40741 0.0469152 3.41227 9.46103 1 18.4807 4.62525
0.02139 0.0712727 4.68844 -1823.3 1.98386 0.307056 0.759752 1.5195 0.0443086 3.36725 9.51583 1 17.9574 4.5397
0.02046 0.0669644 4.54382 -1823.85 1.86064 0.316204 0.822691 1.64538 0.0418003 3.32496 9.5806 1 17.482 4.46431
0.01953 0.0627299 4.39542 -1824.4 1.73248 0.32605 0.893738 1.78748 0.0393884 3.28547 9.65623 1 17.0542 4.39934
0.0186 0.0585764 4.243 -1824.95 1.5988 0.336681 0.974376 1.94875 0.0370704 3.24885 9.74362 1 16.6734 4.34499
0.01767 0.0545108 4.08624 -1825.52 1.45897 0.348199 1.06644 2.13287 0.0348436 3.21514 9.84372 1 16.3389 4.30144
0.01674 0.05054 3.92477 -1826.09 1.3122 0.360723 1.1722 2.3444 0.0327057 3.18442 9.95764 1 16.0507 4.26902
0.01581 0.046671 3.75817 -1826.67 1.15758 0.3744 1.29455 2.5891 0.0306537 3.15674 10.0866 1 15.8085 4.24807
0.01488 0.0429106 3.58591 -1827.26 0.994008 0.389401 1.43717 2.87434 0.0286848 3.13217 10.232 1 15.6126 4.23905
0.01395 0.0392651 3.40738 -1827.86 0.820137 0.405941 1.60484 3.20969 0.0267958 3.11079 10.3956 1 15.4637 4.24265
0.01302 0.035741 3.22181 -1828.47 0.634314 0.424278 1.80393 3.60787 0.0249833 3.09277 10.5795 1 15.3638 4.25988
0.01209 0.0323441 3.02826 -1829.09 0.434468 0.444736 2.04309 4.08618 0.0232435 3.07834 10.7866 1 15.3165 4.29231
0.01116 0.0290798 2.82556 -1829.73 0.21795 0.467724 2.33444 4.66887 0.0215723 3.06794 11.0209 1 15.3289 4.34256
0.01023 0.0259534 2.61225 -1830.39 -0.0186997 0.493758 2.69559 5.39118 0.0199654 3.06234 11.2883 1 15.4132 4.415
0.0093 0.0229691 2.38649 -1831.06 -0.280089 0.523509 3.15322 6.30644 0.0184176 3.06284 11.5979 1 15.5913 4.51694
0.00837 0.0201308 2.14591 -1831.76 -0.572552 0.55785 3.74977 7.49953 0.0169229 3.07165 11.9641 1 15.901 4.66099
0.00744 0.0174418 1.88749 -1832.49 -0.905123 0.597942 4.55672 9.11345 0.0154743 3.09255 12.4102 1 16.4094 4.8692
0.00651 0.014904 1.60733 -1833.26 -1.29123 0.645333 5.70263 11.4053 0.0140629 3.13182 12.9749 1 17.2352 5.18071
0.00558 0.0125186 1.31922 -1834.07 -1.75191 0.683287 7.43641 14.8728 0.0126771 3.19968 13.7225 1 18.5911 5.66635
0.00465 0.0102846 0.981707 -1834.95 -2.32249 0.749622 10.2834 20.5667 0.0113002 3.31218 14.76 1 20.8643 6.457
0.00372 0.00819735 0.579688 -1835.96 -3.06785 0.85479 15.4758 30.9515 0.00990577 3.49283 16.2635 1 24.7663 7.79903
0.00279 0.00624336 0.150012 -1837.08 -4.12305 0.954826 26.3629 52.7258 0.00844544 3.77273 18.526 1 31.6148 10.1668
0.00186 0.00438355 -0.328681 -1838.42 -5.82567 1.05552 54.7509 109.502 0.00680819 4.1933 22.1247 1 44.0416 14.5681
0.00093 0.00247082 -0.71327 -1840.17 -9.27526 1.01039 178.226 356.453 0.00461844 4.88407 29.3281 1 70.9261 24.6475
