0.1089 0.564245 12.4906 -1801.35 2.34078 0 0.181176 0.362353 0.997489 7.57284 55.7184 5 115.437 19.8603
0.1078 0.55805 12.4478 -1801.5 2.32249 0 0.166569 0.333138 0.977776 8.321 29.5963 5 154.262 26.6069
0.1067 0.551862 12.4037 -1801.65 2.30393 0 0.160442 0.320883 0.95833 8.72785 25.1748 5 179.31 31.007
0.1056 0.545681 12.3586 -1801.8 2.28512 0 0.156341 0.312682 0.939145 9.05006 23.0084 5 201.361 34.9119
0.1045 0.539507 12.3126 -1801.95 2.26603 0 0.153255 0.306509 0.920217 9.32951 21.6715 5 222.19 38.627
0.1034 0.533338 12.2659 -1802.11 2.24667 0 0.150794 0.301588 0.90154 9.58261 20.7522 5 242.502 42.2742
0.1023 0.527175 12.2184 -1802.26 2.22702 0 0.148765 0.297529 0.883111 9.81778 20.0796 5 262.67 45.9186
0.1012 0.521018 12.1701 -1802.42 2.20709 0 0.147053 0.294106 0.864925 10.04 19.5678 5 282.925 49.6013
0.1001 0.514865 12.1211 -1802.59 2.18686 0 0.145587 0.291175 0.846978 10.2525 19.1681 5 303.426 53.3512
0.099 0.508717 12.0714 -1802.75 2.16633 0 0.144318 0.288636 0.829266 10.4576 18.8506 5 324.296 57.1909
0.0979 0.502574 12.021 -1802.92 2.14549 0 0.143211 0.286421 0.811786 10.6569 18.5957 5 345.632 61.1393
0.0968 0.496647 11.9701 -1803.09 2.12434 0 0.142182 0.284364 0.793858 10.856 18.3773 5 367.951 65.3475
0.0957 0.490297 11.9178 -1803.25 2.10285 0 0.14119 0.282379 0.777509 7.37195 15.6288 4 390.034 69.4273
0.0946 0.48434 11.8651 -1803.43 2.08105 0 0.139957 0.279915 0.760136 7.52334 15.3613 4 413.626 73.9193
0.0935 0.478033 11.8112 -1803.6 2.05889 0 0.138965 0.277931 0.744121 7.66618 15.1552 4 437.224 78.3358
0.0924 0.472044 11.7569 -1803.79 2.0364 0 0.137989 0.275978 0.727296 7.81233 14.9601 4 462.357 83.1665
0.0913 0.465778 11.7016 -1803.96 2.01353 0 0.137192 0.274385 0.7116 7.95237 14.8081 4 487.741 87.9799
0.0902 0.459757 11.6458 -1804.15 1.99032 0 0.136416 0.272832 0.695314 8.09515 14.6656 4 514.675 93.2042
0.0891 0.453716 11.5892 -1804.34 1.96673 0 0.135727 0.271454 0.679307 8.2367 14.5448 4 542.61 98.6479
0.088 0.447654 11.5318 -1804.53 1.94276 0 0.135117 0.270233 0.663576 8.37734 14.4432 4 571.614 104.326
0.0869 0.441573 11.4736 -1804.72 1.9184 0 0.134578 0.269155 0.648116 8.51736 14.3584 4 601.757 110.254
0.0858 0.435472 11.4138 -1804.92 1.89363 0 0.0773887 0.154777 0.632923 7.50071 11.8509 3 2425.94 446.199
0.0847 0.429354 11.353 -1805.12 1.86846 0 0.081744 0.163488 0.617992 7.1933 11.6398 3 2181.01 402.696
0.0836 0.422917 11.2911 -1805.3 1.84285 0 0.0859451 0.17189 0.604337 6.9317 11.4699 3 1987.27 367.826
0.0825 0.416779 11.2286 -1805.5 1.81683 0 0.0905864 0.181173 0.589867 6.66423 11.2979 3 1800.6 334.576
0.0814 0.410625 11.1653 -1805.71 1.79037 0 0.0953842 0.190768 0.575644 6.41455 11.1433 3 1637.43 305.443
0.0803 0.404456 11.101 -1805.92 1.76345 0 0.100348 0.200696 0.561663 6.18077 11.0044 3 1494.02 279.781
0.0792 0.39841 11.036 -1806.13 1.73606 0 0.105653 0.211305 0.547448 5.95199 10.8722 3 1361.85 256.199
0.0781 0.392204 10.97 -1806.34 1.70821 0 0.110979 0.221958 0.533961 5.74614 10.7613 3 1250.19 236.111
0.077 0.386143 10.9031 -1806.57 1.67986 0 0.11671 0.23342 0.520165 5.54202 10.6543 3 1145.45 217.345
0.0759 0.380005 10.8353 -1806.79 1.65102 0 0.122585 0.245169 0.50681 5.3529 10.562 3 1053.96 200.867
0.0748 0.373863 10.7665 -1807.02 1.62167 0 0.128709 0.257418 0.493644 5.17318 10.4796 3 971.695 186.02
0.0737 0.367718 10.6967 -1807.25 1.5918 0 0.135098 0.270196 0.480667 5.00208 10.4065 3 897.494 172.6
0.0726 0.361568 10.6259 -1807.48 1.56138 0 0.141769 0.283539 0.467877 4.83892 10.3423 3 830.373 160.434
0.0715 0.355414 10.5541 -1807.72 1.53042 0 0.14874 0.297481 0.455274 4.68309 10.2863 3 769.491 149.374
0.0704 0.349254 10.4813 -1807.96 1.4989 0 0.15603 0.31206 0.442857 4.53405 10.2382 3 714.128 139.294
0.0693 0.34309 10.4074 -1808.21 1.46679 0 0.163659 0.327318 0.430625 4.39131 10.1975 3 663.664 130.084
0.0682 0.336921 10.3324 -1808.46 1.43409 0 0.17165 0.343299 0.418578 4.25442 10.164 3 617.562 121.65
0.0671 0.330746 10.2562 -1808.71 1.40078 0 0.180025 0.360049 0.406714 4.12299 10.1373 3 575.356 113.91
0.066 0.324565 10.1789 -1808.97 1.36685 0 0.18881 0.37762 0.395033 3.99667 10.1173 3 536.64 106.791
0.0649 0.318378 10.1005 -1809.24 1.33228 0 0.198033 0.396067 0.383535 3.87511 10.1037 3 501.059 100.232
0.0638 0.312186 10.0208 -1809.5 1.29705 0 0.207724 0.415448 0.372218 3.75803 10.0963 3 468.302 94.1777
0.0627 0.305987 9.93995 -1809.78 1.26114 0 0.217914 0.435828 0.361083 3.64514 10.095 3 438.093 88.5789
0.0616 0.299782 9.8573 -1810.05 1.22455 0 0.228165 0.45633 0.350129 7.08708 11.9771 2 410.191 83.393
0.0605 0.29357 9.77269 -1810.34 1.18725 0 0.23831 0.47662 0.339355 6.90875 11.8597 2 384.38 78.582
0.0594 0.287353 9.6867 -1810.62 1.14921 0 0.248933 0.497867 0.328762 6.7364 11.7486 2 360.471 74.1122
0.0583 0.281129 9.59927 -1810.92 1.11043 0 0.260066 0.520132 0.318347 6.5697 11.6438 2 338.294 69.9535
0.0572 0.274899 9.51038 -1811.21 1.07089 0 0.271742 0.543483 0.308112 6.40833 11.5449 2 317.696 66.079
0.0561 0.268664 9.41998 -1811.52 1.03056 0 0.283997 0.567994 0.298055 6.25203 11.4518 2 298.544 62.4646
0.055 0.262423 9.32803 -1811.83 0.98942 0 0.296871 0.593742 0.288176 6.10052 11.3642 2 280.714 59.0888
0.0539 0.256176 9.23449 -1812.14 0.947453 0 0.310407 0.620813 0.278475 5.95357 11.2819 2 264.098 55.9321
0.0528 0.249926 9.13932 -1812.46 0.904636 0 0.324651 0.649302 0.268952 5.81095 11.2049 2 248.597 52.977
0.0517 0.243671 9.04245 -1812.78 0.860946 0 0.339654 0.679307 0.259605 5.67245 11.1331 2 234.123 50.2077
0.0506 0.237413 8.94386 -1813.11 0.81636 0 0.355471 0.710941 0.250434 5.53788 11.0662 2 220.595 47.6098
0.0495 0.231152 8.84347 -1813.45 0.770854 0 0.372162 0.744323 0.241439 5.40705 11.0042 2 207.94 45.1704
0.0484 0.224889 8.74125 -1813.79 0.724403 0 0.389793 0.779585 0.232619 5.27981 10.947 2 196.092 42.8777
0.0473 0.218626 8.63713 -1814.14 0.676982 0 0.408436 0.816872 0.223974 5.15599 10.8946 2 184.991 40.7209
0.0462 0.212363 8.53104 -1814.5 0.628565 0 0.428171 0.856341 0.215504 5.03545 10.847 2 174.582 38.6903
0.0451 0.206101 8.4225 -1814.86 0.579124 0 0.448375 0.896749 0.207206 7.38875 12.4864 1 164.815 36.7769
0.044 0.199843 8.31184 -1815.23 0.528631 0 0.469746 0.939493 0.199082 7.2289 12.3802 1 155.645 34.9725
0.0429 0.19359 8.199 -1815.6 0.477057 0 0.492403 0.984807 0.19113 7.07311 12.2791 1 147.029 33.2696
0.0418 0.187343 8.08392 -1815.98 0.424372 0 0.516453 1.03291 0.183349 6.92121 12.183 1 138.929 31.6615
0.0407 0.181106 7.9665 -1816.37 0.370544 0 0.542013 1.08403 0.175739 6.77305 12.0919 1 131.31 30.1417
0.0396 0.174879 7.84668 -1816.77 0.315541 0 0.569218 1.13844 0.168298 6.6285 12.0057 1 124.14 28.7044
0.0385 0.168665 7.72436 -1817.17 0.259328 0 0.598213 1.19643 0.161027 6.48742 11.9245 1 117.388 27.3443
0.0374 0.162468 7.59944 -1817.58 0.201869 0 0.629164 1.25833 0.153923 6.3497 11.8482 1 111.027 26.0565
0.0363 0.156289 7.47183 -1817.99 0.143128 0 0.662257 1.32451 0.146986 6.21521 11.7769 1 105.032 24.8363
0.0352 0.150133 7.34142 -1818.42 0.0830634 0 0.697699 1.3954 0.140214 6.08384 11.7106 1 99.3789 23.6796
0.0341 0.144002 7.20809 -1818.85 0.0216344 0 0.735727 1.47145 0.133607 5.95549 11.6495 1 94.0458 22.5823
0.033 0.137901 7.07171 -1819.28 -0.0412036 0 0.776608 1.55322 0.127162 5.83006 11.5936 1 89.0126 21.5409
0.0319 0.131833 6.93216 -1819.73 -0.105498 0 0.820648 1.6413 0.120879 5.70744 11.5431 1 84.2605 20.5519
0.0308 0.125802 6.78927 -1820.18 -0.1713 0 0.868194 1.73639 0.114756 5.58754 11.4982 1 79.7718 19.6122
0.0297 0.119813 6.6429 -1820.64 -0.238664 0 0.919649 1.8393 0.108792 5.47028 11.4589 1 75.5304 18.7189
0.0286 0.11387 6.49287 -1821.11 -0.307649 0 0.975477 1.95095 0.102984 5.35557 11.4257 1 71.5208 17.8691
0.0275 0.10798 6.33899 -1821.58 -0.378321 0 1.03622 2.07243 0.0973308 5.24331 11.3987 1 67.729 17.0603
0.0264 0.102146 6.18103 -1822.07 -0.450749 0 1.1025 2.205 0.0918308 5.13341 11.3783 1 64.1414 16.2901
0.0253 0.0963754 6.01877 -1822.56 -0.525013 0 1.17507 2.35013 0.0864818 5.0258 11.3649 1 60.7455 15.5561
0.0242 0.0906734 5.85194 -1823.06 -0.6012 0 1.2548 2.5096 0.0812816 4.92039 11.3589 1 57.5295 14.8563
0.0231 0.0850463 5.68024 -1823.57 -0.679406 0 1.34274 2.68548 0.0762283 4.81709 11.3609 1 54.4824 14.1886
0.022 0.0795005 5.50334 -1824.09 -0.759742 0 1.44016 2.88032 0.0713192 4.71579 11.3715 1 51.5935 13.5509
0.0209 0.0740428 5.32086 -1824.62 -0.842335 0 1.54859 3.09719 0.0665522 4.61642 11.3916 1 48.8527 12.9416
0.0198 0.0686803 5.13236 -1825.16 -0.927325 0 1.66992 3.33983 0.0619248 4.51886 11.422 1 46.2509 12.3588
0.0187 0.06342 4.93734 -1825.71 -1.01488 0 1.80646 3.61292 0.0574346 4.42302 11.4638 1 43.7789 11.8009
0.0176 0.0582697 4.73521 -1826.27 -1.10519 0 1.96116 3.92231 0.0530788 4.32876 11.5184 1 41.4277 11.2661
0.0165 0.0532369 4.5253 -1826.84 -1.19849 0 2.13772 4.27544 0.048855 4.23598 11.5873 1 39.1893 10.7529
0.0154 0.0483298 4.30678 -1827.42 -1.29505 0 2.34096 4.68193 0.0447605 4.14451 11.6728 1 37.0555 10.2597
0.0143 0.0435568 4.07869 -1828.02 -1.39518 0 2.57719 5.15439 0.0407927 4.0542 11.7773 1 35.0183 9.78493
0.0132 0.0389264 3.83985 -1828.64 -1.49929 0 2.85487 5.70975 0.036949 3.96486 11.904 1 33.0697 9.32703
0.0121 0.034448 3.58881 -1829.28 -1.60785 0 3.18559 6.37117 0.0332269 3.87627 12.0573 1 31.2019 8.88435
0.011 0.0301313 3.32375 -1829.93 -1.72147 0 3.58564 7.17129 0.029624 3.78816 12.2428 1 29.4068 8.4552
0.0099 0.0259869 3.04238 -1830.62 -1.84092 0 4.07874 8.15747 0.0261381 3.70022 12.4682 1 27.6759 8.03772
0.0088 0.0220263 2.74168 -1831.33 -1.96718 0 4.70061 9.40122 0.0227671 3.61203 12.7443 1 26 7.62988
0.0077 0.0182631 2.41759 -1832.08 -2.10158 0 5.50777 11.0155 0.0195096 3.52307 13.087 1 24.3692 7.2293
0.0066 0.0147128 2.06449 -1832.87 -2.24593 0 6.59505 13.1901 0.0163644 3.43262 13.5205 1 22.7711 6.83302
0.0055 0.011395 1.67413 -1833.72 -2.40281 0 8.1343 16.2686 0.0133311 3.33969 14.0848 1 21.1908 6.43725
0.0044 0.00833524 1.23365 -1834.66 -2.57616 0 10.4719 20.9438 0.0104108 3.24272 14.8507 1 19.6074 6.0365
0.0033 0.00556939 0.721015 -1835.71 -2.77247 0 14.4231 28.8462 0.00760608 3.13918 15.9623 1 17.9886 5.622
0.0022 0.00315348 0.0921976 -1836.94 -3.00394 0 22.4579 44.9157 0.0049229 3.02411 17.7769 1 16.2747 5.17706
0.0011 0.00119088 -0.7705 -1838.54 -3.30029 0 47.0868 94.1737 0.00237428 2.88467 21.6232 1 14.3147 4.65842
