0.1023 0.587991 10.597 -1801.97 3.67536 3.11597 0.163278 0.326556 0.988237 8.0914 35.5781 5 136.524 22.8486
0.1012 0.581989 10.5441 -1802.13 3.66177 3.1291 0.154928 0.309856 0.96775 8.6202 27.0817 5 166.142 27.9104
0.1001 0.575973 10.4899 -1802.29 3.64803 3.14255 0.150125 0.300251 0.947537 8.99371 24.0245 5 189.909 32.0239
0.099 0.569942 10.4346 -1802.46 3.63414 3.15631 0.146709 0.293417 0.927596 9.30542 22.3262 5 211.714 35.8367
0.0979 0.563897 10.3782 -1802.62 3.6201 3.1704 0.144069 0.288137 0.907927 9.58241 21.2209 5 232.697 39.5388
0.0968 0.557837 10.3207 -1802.8 3.60591 3.18484 0.141936 0.283872 0.88853 9.83692 20.4396 5 253.383 43.2189
0.0957 0.551763 10.2623 -1802.97 3.59155 3.19962 0.140165 0.28033 0.869402 10.0757 19.8593 5 274.074 46.9285
0.0946 0.545674 10.2029 -1803.15 3.57703 3.21476 0.138667 0.277335 0.850542 10.303 19.4143 5 294.97 50.7023
0.0935 0.539571 10.1424 -1803.32 3.56234 3.23028 0.137384 0.274769 0.831949 10.5215 19.0662 5 316.216 54.5661
0.0924 0.533862 10.0816 -1803.52 3.54649 3.24519 0.136138 0.272276 0.812109 10.7443 18.7589 5 339.073 58.8239
0.0913 0.527719 10.0191 -1803.7 3.53148 3.26149 0.135187 0.270373 0.794076 10.9502 18.5433 5 361.339 62.9325
0.0902 0.521561 9.95553 -1803.89 3.51628 3.2782 0.134142 0.268285 0.776305 7.44669 15.7447 4 384.254 67.1876
0.0891 0.515795 9.89123 -1804.09 3.49991 3.29433 0.132855 0.26571 0.757278 7.61167 15.4499 4 409.127 71.9264
0.088 0.509596 9.82539 -1804.28 3.48436 3.3119 0.13186 0.26372 0.740061 7.76497 15.2302 4 433.573 76.527
0.0869 0.503716 9.75887 -1804.49 3.46781 3.32909 0.130871 0.261741 0.721853 7.92272 15.0223 4 459.976 81.6125
0.0858 0.497478 9.69087 -1804.69 3.45189 3.34756 0.130098 0.260195 0.705175 8.07197 14.8661 4 486.252 86.6207
0.0847 0.491606 9.62222 -1804.9 3.43483 3.36557 0.129301 0.258602 0.687327 8.22716 14.7131 4 514.879 92.2234
0.0836 0.485327 9.552 -1805.11 3.41854 3.38501 0.128704 0.257407 0.671186 8.37412 14.6037 4 543.287 97.7058
0.0825 0.479459 9.48113 -1805.33 3.40096 3.4039 0.128063 0.256125 0.6537 8.52824 14.4922 4 574.488 103.91
0.0814 0.473372 9.40842 -1805.55 3.38369 3.42379 0.0723798 0.14476 0.637222 7.64653 11.9998 3 2431.42 441.982
0.0803 0.467274 9.33402 -1805.78 3.36617 3.4442 0.0768264 0.153653 0.620968 7.30264 11.7601 3 2161.06 394.833
0.0792 0.461164 9.25842 -1806.01 3.34842 3.46514 0.0814462 0.162892 0.604938 6.98409 11.5451 3 1929.49 354.343
0.0781 0.455044 9.18159 -1806.24 3.33043 3.48663 0.0862512 0.172502 0.589131 6.6879 11.3521 3 1729.8 319.338
0.077 0.448911 9.10349 -1806.48 3.31219 3.50869 0.0912538 0.182508 0.573548 6.41157 11.1788 3 1556.57 288.886
0.0759 0.442765 9.02411 -1806.72 3.2937 3.53135 0.0964675 0.192935 0.558187 6.15295 11.0231 3 1405.43 262.247
0.0748 0.436606 8.9434 -1806.97 3.27496 3.55461 0.101906 0.203812 0.543049 5.91022 10.8834 3 1272.91 238.823
0.0737 0.430433 8.86133 -1807.22 3.25597 3.57851 0.107585 0.21517 0.528134 5.68182 10.7583 3 1156.16 218.128
0.0726 0.424246 8.77788 -1807.48 3.23672 3.60308 0.11352 0.227039 0.513441 5.46636 10.6465 3 1052.86 199.764
0.0715 0.418044 8.69301 -1807.74 3.21721 3.62833 0.119727 0.239455 0.498971 5.26268 10.5471 3 961.09 183.402
0.0704 0.411826 8.60666 -1808.01 3.19743 3.65429 0.126226 0.252453 0.484723 5.06971 10.459 3 879.267 168.768
0.0693 0.405592 8.51882 -1808.28 3.17739 3.681 0.133036 0.266072 0.470696 4.88656 10.3816 3 806.06 155.635
0.0682 0.399342 8.42943 -1808.55 3.15707 3.70848 0.140178 0.280356 0.456891 4.7124 10.3141 3 740.351 143.81
0.0671 0.393074 8.33846 -1808.84 3.13649 3.73677 0.147674 0.295348 0.443308 4.54653 10.2559 3 681.195 133.129
0.066 0.386788 8.24584 -1809.12 3.11562 3.76589 0.155549 0.311098 0.429946 4.38829 10.2066 3 627.791 123.456
0.0649 0.380484 8.15155 -1809.42 3.09449 3.79588 0.163829 0.327658 0.416804 4.23712 10.1657 3 579.453 114.67
0.0638 0.374161 8.05552 -1809.72 3.07307 3.82679 0.172542 0.345085 0.403884 4.09251 10.1329 3 535.594 106.671
0.0627 0.367818 7.95771 -1810.02 3.05137 3.85864 0.18172 0.36344 0.391184 3.95399 10.1078 3 495.706 99.3706
0.0616 0.361456 7.85805 -1810.33 3.02939 3.89148 0.191395 0.38279 0.378704 3.82115 10.0901 3 459.353 92.693
0.0605 0.355073 7.7565 -1810.65 3.00713 3.92535 0.201604 0.403208 0.366445 3.69361 10.0796 3 426.154 86.5723
0.0594 0.348669 7.65292 -1810.97 2.98458 3.9603 0.212333 0.424666 0.354404 7.14385 12 2 395.777 80.9506
0.0583 0.342244 7.54621 -1811.3 2.96174 3.99637 0.222588 0.445176 0.342583 6.9433 11.8627 2 367.932 75.7777
0.0572 0.335797 7.43733 -1811.64 2.93863 4.03363 0.233359 0.466719 0.330981 6.75017 11.7331 2 342.365 71.0091
0.0561 0.329329 7.32622 -1811.99 2.91523 4.07211 0.244683 0.489366 0.319597 6.56401 11.611 2 318.852 66.6059
0.055 0.322838 7.21281 -1812.34 2.89154 4.11189 0.256598 0.513195 0.308431 6.38441 11.4959 2 297.195 62.5334
0.0539 0.316324 7.097 -1812.7 2.86758 4.15302 0.269145 0.53829 0.297483 6.21099 11.3875 2 277.219 58.761
0.0528 0.309789 6.97872 -1813.06 2.84334 4.19557 0.282372 0.564743 0.286751 6.0434 11.2857 2 258.769 55.2616
0.0517 0.30323 6.85787 -1813.44 2.81882 4.2396 0.296326 0.592653 0.276236 5.88133 11.1901 2 241.706 52.011
0.0506 0.296649 6.73436 -1813.82 2.79403 4.2852 0.311064 0.622128 0.265936 5.72448 11.1006 2 225.908 48.9873
0.0495 0.290045 6.60809 -1814.21 2.76898 4.33244 0.326644 0.653288 0.255851 5.57258 11.017 2 211.263 46.1714
0.0484 0.283419 6.47895 -1814.6 2.74366 4.38141 0.343131 0.686263 0.24598 5.42538 10.9391 2 197.672 43.5457
0.0473 0.276771 6.34682 -1815.01 2.71809 4.43219 0.360598 0.721195 0.236323 5.28265 10.8667 2 185.048 41.0946
0.0462 0.270101 6.21158 -1815.43 2.69228 4.48489 0.379122 0.758244 0.226879 5.14417 10.7999 2 173.309 38.804
0.0451 0.26341 6.07311 -1815.85 2.66623 4.53961 0.398791 0.797582 0.217645 5.00973 10.7384 2 162.383 36.661
0.044 0.256698 5.93092 -1816.28 2.63995 4.59646 0.419156 0.838312 0.208623 7.32823 12.356 1 152.205 34.6543
0.0429 0.249966 5.78507 -1816.72 2.61347 4.65556 0.440592 0.881184 0.19981 7.15045 12.231 1 142.716 32.7733
0.0418 0.243216 5.63553 -1817.17 2.58678 4.71704 0.463389 0.926779 0.191205 6.97758 12.1117 1 133.863 31.0084
0.0407 0.236448 5.48211 -1817.64 2.55991 4.78106 0.487668 0.975336 0.182806 6.8094 11.9981 1 125.596 29.3511
0.0396 0.229664 5.32465 -1818.11 2.53288 4.84774 0.513559 1.02712 0.174614 6.64571 11.89 1 117.871 27.7935
0.0385 0.222865 5.16294 -1818.59 2.50571 4.91728 0.541213 1.08243 0.166626 6.48632 11.7874 1 110.648 26.3283
0.0374 0.216053 4.99677 -1819.08 2.47842 4.98984 0.570795 1.14159 0.15884 6.33104 11.6902 1 103.889 24.949
0.0363 0.209229 4.8259 -1819.58 2.45103 5.06562 0.602494 1.20499 0.151256 6.17971 11.5984 1 97.5601 23.6494
0.0352 0.202395 4.65009 -1820.09 2.42358 5.14484 0.636519 1.27304 0.143871 6.03216 11.512 1 91.6312 22.4241
0.0341 0.195555 4.46905 -1820.62 2.3961 5.22773 0.673112 1.34622 0.136683 5.88824 11.4309 1 86.0732 21.268
0.033 0.18871 4.2825 -1821.16 2.36862 5.31455 0.712545 1.42509 0.129691 5.74779 11.3553 1 80.8598 20.1763
0.0319 0.181864 4.09009 -1821.7 2.34118 5.4056 0.755129 1.51026 0.122892 5.61068 11.2852 1 75.9668 19.1446
0.0308 0.175018 3.89147 -1822.27 2.31384 5.50118 0.801222 1.60244 0.116285 5.47676 11.2206 1 71.372 18.169
0.0297 0.168177 3.68624 -1822.84 2.28663 5.60165 0.851237 1.70247 0.109867 5.3459 11.1617 1 67.0545 17.2457
0.0286 0.161343 3.47393 -1823.43 2.25961 5.7074 0.90565 1.8113 0.103636 5.21796 11.1087 1 62.9955 16.3714
0.0275 0.154521 3.25407 -1824.03 2.23286 5.81887 0.96502 1.93004 0.0975891 5.09282 11.0618 1 59.177 15.5427
0.0264 0.147713 3.02608 -1824.65 2.20643 5.93656 1.03 2.06 0.0917244 4.97034 11.0211 1 55.5828 14.7567
0.0253 0.140925 2.78933 -1825.29 2.1804 6.06103 1.10136 2.20272 0.0860392 4.8504 10.987 1 52.1975 14.0106
0.0242 0.13416 2.54312 -1825.94 2.15487 6.19291 1.18002 2.36004 0.0805306 4.73285 10.9598 1 49.0064 13.3018
0.0231 0.127423 2.28661 -1826.61 2.12993 6.33292 1.26707 2.53415 0.075196 4.61757 10.9399 1 45.9966 12.6277
0.022 0.120718 2.01889 -1827.29 2.1057 6.48191 1.36385 2.7277 0.0700328 4.50441 10.9279 1 43.1555 11.9862
0.0209 0.114051 1.73887 -1828 2.08231 6.64084 1.47197 2.94393 0.0650378 4.39322 10.9243 1 40.4712 11.3749
0.0198 0.107424 1.44529 -1828.74 2.05989 6.81084 1.59341 3.18681 0.0602085 4.28386 10.9299 1 37.9326 10.7919
0.0187 0.100844 1.13668 -1829.49 2.03864 6.99324 1.73065 3.46131 0.0555419 4.17614 10.9455 1 35.5291 10.235
0.0176 0.0943148 0.811295 -1830.28 2.01874 7.18962 1.88683 3.77365 0.0510352 4.06989 10.9722 1 33.2509 9.70243
0.0165 0.0878413 0.467046 -1831.09 2.00043 7.40187 2.0659 4.13181 0.0466857 3.96491 11.0113 1 31.0884 9.1923
0.0154 0.0814281 0.101411 -1831.94 1.98399 7.6323 2.27306 4.54612 0.0424907 3.86097 11.0645 1 29.0325 8.7028
0.0143 0.0750797 -0.288699 -1832.82 1.96979 7.88374 2.51512 5.03023 0.0384476 3.7578 11.1338 1 27.0742 8.2321
0.0132 0.0688003 -0.707123 -1833.75 1.95824 8.15973 2.80125 5.60251 0.0345541 3.65511 11.2219 1 25.2048 7.77845
0.0121 0.0625939 -1.15871 -1834.74 1.9499 8.46478 3.14414 6.28827 0.0308081 3.55255 11.3323 1 23.4158 7.33998
0.011 0.0564643 -1.6497 -1835.78 1.94549 8.80475 3.56167 7.12335 0.0272077 3.44969 11.4696 1 21.6984 6.91478
0.0099 0.0504149 -2.18835 -1836.89 1.946 9.18744 4.08005 8.1601 0.0237518 3.34601 11.6402 1 20.0435 6.50078
0.0088 0.0444489 -2.7858 -1838.09 1.95282 9.62356 4.73904 9.47807 0.0204394 3.24082 11.8531 1 18.4416 6.09567
0.0077 0.0385692 -3.45775 -1839.41 1.96805 10.1284 5.60199 11.204 0.0172705 3.13324 12.1216 1 16.8821 5.69676
0.0066 0.0327786 -4.22718 -1840.87 1.99507 10.7249 6.77608 13.5522 0.0142459 3.02207 12.4664 1 15.3522 5.30071
0.0055 0.0270804 -5.12982 -1842.52 2.03992 11.4496 8.45741 16.9148 0.0113676 2.90554 12.9222 1 13.8363 4.90308
0.0044 0.021479 -6.22575 -1844.44 2.11488 12.3669 11.0456 22.0911 0.00863869 2.78091 13.5531 1 12.3123 4.49736
0.0033 0.0159829 -7.62859 -1846.77 2.25074 13.6069 15.4935 30.987 0.00606226 2.64341 14.4972 1 10.745 4.07264
0.0022 0.0106138 -9.59882 -1849.84 2.55566 15.5076 24.7397 49.4794 0.00363517 2.48319 16.1499 1 9.06581 3.60652
0.0011 0.00546025 -13.0326 -1854.62 3.78243 19.6127 54.1099 108.22 0.00129324 2.27069 20.8416 1 7.07303 3.02668
