0.13 2.03788 34.7817 -1800.45 -11.0128 1.04688 1.09694 2.19389 0.940098 7.18785 18.3704 5 206.502 64.5322
0.1287 2.01093 34.6544 -1800.59 -11.012 1.04934 1.08666 2.17332 0.930304 7.32917 17.8095 5 218.954 68.4427
0.1274 1.98408 34.5259 -1800.72 -11.0113 1.05184 1.07774 2.15548 0.920511 7.46524 17.3623 5 231.41 72.357
0.1261 1.95731 34.396 -1800.86 -11.0105 1.05437 1.06991 2.13983 0.910719 7.59736 16.9985 5 243.952 76.3007
0.1248 1.93069 34.2659 -1801.01 -11.01 1.0567 1.06257 2.12515 0.900524 7.72953 16.682 5 257.026 80.4244
0.1235 1.90411 34.1334 -1801.15 -11.0092 1.05933 1.05645 2.11291 0.890745 7.85614 16.4335 5 269.905 84.4793
0.1222 1.87761 33.9995 -1801.29 -11.0084 1.062 1.05098 2.10197 0.880967 7.98105 16.2245 5 283.028 88.6138
0.1209 1.85121 33.8644 -1801.44 -11.0076 1.06472 1.04608 2.09215 0.871191 8.10471 16.048 5 296.434 92.84
0.1196 1.82497 33.7292 -1801.6 -11.007 1.06723 1.04133 2.08266 0.860997 8.23016 15.8879 5 310.568 97.3114
0.1183 1.79875 33.5914 -1801.74 -11.0062 1.07005 1.03739 2.07478 0.851235 8.3522 15.7628 5 324.64 101.753
0.117 1.77263 33.4524 -1801.89 -11.0053 1.07292 1.03385 2.06769 0.841473 8.47394 15.6573 5 339.098 106.319
0.1157 1.74661 33.3121 -1802.04 -11.0045 1.07584 1.03066 2.06133 0.831713 8.59561 15.569 5 353.974 111.02
0.1144 1.72074 33.1716 -1802.2 -11.0038 1.07855 1.02752 2.05504 0.821521 8.71989 15.4875 5 369.749 116.025
0.1131 1.69491 33.0287 -1802.35 -11.0029 1.08158 1.02499 2.04998 0.811776 8.8419 15.4284 5 385.55 121.024
0.1118 1.66918 32.8844 -1802.51 -11.002 1.08467 1.02274 2.04548 0.802032 8.96439 15.3812 5 401.865 126.189
0.1105 1.64359 32.7396 -1802.67 -11.0013 1.08761 1.02054 2.04109 0.791951 9.08936 15.3395 5 419.104 131.666
0.1092 1.61806 32.5923 -1802.83 -11.0003 1.09082 1.01832 2.03664 0.78222 6.14511 13.168 4 436.545 137.194
0.1079 1.59262 32.4426 -1802.99 -10.9993 1.09409 1.01498 2.02995 0.77249 6.23963 13.0815 4 454.604 142.922
0.1066 1.56733 32.2924 -1803.16 -10.9985 1.09723 1.01169 2.02338 0.762413 6.33624 12.9993 4 473.735 149.013
0.1053 1.5421 32.1398 -1803.33 -10.9975 1.10063 1.00895 2.01791 0.752697 6.43185 12.9337 4 493.141 155.175
0.104 1.51696 31.9857 -1803.49 -10.9964 1.1041 1.00649 2.01298 0.742983 6.52821 12.877 4 513.282 161.575
0.1027 1.49198 31.8311 -1803.67 -10.9956 1.10744 1.00404 2.00809 0.732912 6.62694 12.8229 4 534.667 168.398
0.1014 1.46706 31.674 -1803.84 -10.9945 1.11105 1.00209 2.00417 0.723212 6.725 12.7826 4 556.411 175.316
0.1001 1.44224 31.5153 -1804 -10.9934 1.11474 1.00036 2.00072 0.713514 6.8241 12.7495 4 579.027 182.516
0.0988 1.41757 31.3561 -1804.19 -10.9925 1.11831 0.998634 1.99727 0.703449 6.92584 12.7181 4 603.092 190.211
0.0975 1.39296 31.1943 -1804.36 -10.9913 1.12216 0.997351 1.9947 0.693767 7.02722 12.6986 4 627.612 198.028
0.0962 1.36846 31.0308 -1804.54 -10.9901 1.12609 0.99627 1.99254 0.684086 7.1299 12.6853 4 653.171 206.181
0.0949 1.34412 30.8667 -1804.73 -10.9891 1.12991 0.995177 1.99035 0.674028 7.23551 12.673 4 680.424 214.916
0.0936 1.31983 30.6999 -1804.91 -10.9879 1.13402 0.994494 1.98899 0.664364 7.34104 12.6714 4 708.251 223.805
0.0923 1.29566 30.5315 -1805.08 -10.9866 1.13821 0.993996 1.98799 0.654702 7.44816 12.6751 4 737.316 233.095
0.091 1.27165 30.362 -1805.28 -10.9855 1.14232 0.547547 1.09509 0.644652 6.85713 10.637 3 3335.79 1055.27
0.0897 1.2477 30.1857 -1805.47 -10.9842 1.14671 0.568597 1.13719 0.635008 6.69898 10.5495 3 3134.44 992.041
0.0884 1.22386 30.0075 -1805.66 -10.9828 1.1512 0.590353 1.18071 0.625366 6.54699 10.4691 3 2949.07 933.824
0.0871 1.2002 29.8281 -1805.87 -10.9816 1.15562 0.613684 1.22737 0.615325 6.39209 10.3882 3 2768.98 877.413
0.0858 1.17659 29.646 -1806.07 -10.9802 1.16033 0.636973 1.27395 0.605701 6.25169 10.3214 3 2611.8 828.021
0.0845 1.15309 29.4619 -1806.26 -10.9787 1.16516 0.661096 1.32219 0.596081 6.11624 10.2608 3 2466.21 782.266
0.0832 1.12978 29.2766 -1806.48 -10.9774 1.16993 0.687041 1.37408 0.586049 5.97723 10.1992 3 2323.49 737.552
0.0819 1.10653 29.0883 -1806.68 -10.9759 1.175 0.712974 1.42595 0.576449 5.85124 10.1505 3 2198.64 698.295
0.0806 1.08339 28.898 -1806.89 -10.9743 1.1802 0.739893 1.47979 0.566851 5.7293 10.1072 3 2082.4 661.738
0.0793 1.06044 28.7062 -1807.12 -10.9729 1.18537 0.768936 1.53787 0.556831 5.60328 10.0628 3 1967.49 625.728
0.078 1.03755 28.5114 -1807.32 -10.9712 1.19084 0.798007 1.59601 0.547255 5.48914 10.0303 3 1866.84 594.058
0.0767 1.01483 28.3149 -1807.55 -10.9696 1.19636 0.963061 1.92612 0.537386 4.62548 9.99857 3 1221.63 389.039
0.0754 0.992185 28.1154 -1807.77 -10.9679 1.20213 0.860552 1.7211 0.527827 5.26572 9.97621 3 1680.84 535.6
0.0741 0.969716 27.9141 -1808 -10.9662 1.20797 0.894259 1.78852 0.51797 5.15613 9.95449 3 1594.79 508.589
0.0728 0.94733 27.7097 -1808.22 -10.9643 1.21406 0.928483 1.85697 0.50843 5.05476 9.9419 3 1517.75 484.323
0.0715 0.925119 27.5034 -1808.46 -10.9625 1.22025 0.965194 1.93039 0.498586 4.95091 9.92991 3 1441.93 460.519
0.0702 0.902994 27.2939 -1808.68 -10.9605 1.22669 1.00251 2.00503 0.489065 4.85488 9.92686 3 1374.01 439.117
0.0689 0.881003 27.0817 -1808.91 -10.9585 1.23332 1.04153 2.08306 0.479548 4.76117 9.92845 3 1310 418.945
0.0676 0.859215 26.8676 -1809.17 -10.9566 1.24007 1.08408 2.16815 0.469571 4.66229 9.92883 3 1245.2 398.628
0.0663 0.837494 26.6497 -1809.41 -10.9544 1.2471 1.12686 2.25373 0.460082 4.57321 9.94 3 1188.52 380.753
0.065 0.815911 26.4289 -1809.64 -10.9522 1.25435 1.17172 2.34344 0.450598 4.48609 9.95586 3 1134.93 363.851
0.0637 0.794541 26.206 -1809.92 -10.95 1.26179 1.22084 2.44168 0.440638 4.39346 9.97069 3 1080.23 346.7
0.0624 0.773238 25.9791 -1810.16 -10.9477 1.26951 1.27033 2.54067 0.431182 4.31026 9.99638 3 1032.49 331.632
0.0611 0.752081 25.7489 -1810.41 -10.9452 1.27747 1.32238 2.64476 0.421734 4.22871 10.027 3 987.221 317.344
0.0598 0.731143 25.5163 -1810.7 -10.9428 1.28572 1.37964 2.75927 0.411794 4.14133 10.0568 3 940.629 302.736
0.0585 0.710278 25.2794 -1810.95 -10.9402 1.29423 1.43745 2.8749 0.402376 4.0631 10.0978 3 900.081 289.928
0.0572 0.689562 25.0389 -1811.21 -10.9375 1.30304 1.49846 2.99692 0.392966 3.98624 10.144 3 861.535 277.751
0.0559 0.669077 24.7956 -1811.51 -10.9347 1.31224 1.56591 3.13182 0.38305 3.90326 10.19 3 821.522 265.207
0.0546 0.648694 24.5478 -1811.8 -10.9318 1.32173 1.6353 3.2706 0.373492 3.82662 10.2455 3 785.694 253.914
0.0533 0.628468 24.2961 -1812.08 -10.9288 1.33158 1.70886 3.41772 0.363947 3.75121 10.307 3 751.598 243.165
0.052 0.608401 24.0398 -1812.38 -10.9257 1.34181 1.78652 3.57304 0.354415 7.3557 12.3557 2 719.123 232.926
0.0507 0.588496 23.7717 -1812.68 -10.9224 1.35244 1.86189 3.72379 0.344897 7.2389 12.3262 2 688.171 223.165
0.0494 0.568756 23.4986 -1813 -10.919 1.36351 1.9417 3.88341 0.335393 7.12404 12.3012 2 658.647 213.854
0.0481 0.549183 23.2203 -1813.31 -10.9155 1.37503 2.02634 4.05267 0.325904 7.01099 12.281 2 630.465 204.964
0.0468 0.529752 22.9365 -1813.62 -10.9118 1.38694 2.11477 4.22953 0.316619 6.90442 12.2704 2 604.514 196.746
0.0455 0.510551 22.6471 -1813.97 -10.9079 1.39959 2.21187 4.42374 0.306973 6.78992 12.255 2 577.808 188.349
0.0442 0.491469 22.3516 -1814.29 -10.9039 1.41254 2.31211 4.62422 0.297724 6.68659 12.2546 2 554.122 180.845
0.0429 0.472625 22.0499 -1814.66 -10.8995 1.42638 2.42265 4.8453 0.288108 6.57488 12.2493 2 529.618 173.141
0.0416 0.453905 21.7415 -1815 -10.8952 1.44054 2.53713 5.07425 0.278899 6.47441 12.2596 2 507.945 166.269
0.0403 0.435433 21.4262 -1815.38 -10.8904 1.45577 2.66397 5.32793 0.269315 6.36505 12.2651 2 485.392 159.179
0.039 0.417121 21.1035 -1815.76 -10.8854 1.47157 2.79813 5.59626 0.259948 6.26185 12.2817 2 464.626 152.622
0.0377 0.399005 20.7729 -1816.14 -10.8802 1.48818 2.94264 5.88528 0.250602 6.15967 12.3045 2 444.69 146.326
0.0364 0.381087 20.4342 -1816.54 -10.8747 1.50567 3.09868 6.19737 0.241277 6.05839 12.3339 2 425.538 140.277
0.0351 0.363374 20.0867 -1816.94 -10.8689 1.52413 3.26764 6.53527 0.231975 5.95792 12.3701 2 407.124 134.461
0.0338 0.34587 19.7299 -1817.36 -10.8627 1.54363 3.4511 6.90219 0.222697 5.85817 12.4138 2 389.408 128.865
0.0325 0.328579 19.3623 -1817.79 -10.8562 1.56428 3.64966 7.29932 0.213444 8.64155 14.4598 1 372.35 123.476
0.0312 0.311508 18.9805 -1818.24 -10.8492 1.5862 3.8609 7.7218 0.204218 8.5091 14.4495 1 355.913 118.283
0.0299 0.294662 18.5871 -1818.7 -10.8418 1.6095 4.0921 8.18421 0.195019 8.3774 14.4461 1 340.062 113.274
0.0286 0.278048 18.181 -1819.18 -10.8339 1.63434 4.34613 8.69226 0.185849 8.24628 14.4501 1 324.763 108.44
0.0273 0.261672 17.7614 -1819.68 -10.8254 1.66089 4.62641 9.25281 0.17671 8.1156 14.4622 1 309.984 103.77
0.026 0.245541 17.327 -1820.19 -10.8163 1.68935 4.93707 9.87415 0.167604 7.98517 14.4829 1 295.694 99.2544
0.0247 0.229664 16.8766 -1820.73 -10.8065 1.71995 5.28317 10.5663 0.158533 7.8548 14.5132 1 281.864 94.8838
0.0234 0.214049 16.4087 -1821.29 -10.7958 1.75296 5.6709 11.3418 0.149499 7.7243 14.5539 1 268.465 90.6493
0.0221 0.198705 15.9215 -1821.87 -10.7843 1.78871 6.10796 12.2159 0.140504 7.59343 14.6064 1 255.467 86.5419
0.0208 0.183643 15.4131 -1822.48 -10.7717 1.8276 6.60407 13.2081 0.131552 7.46195 14.6719 1 242.844 82.553
0.0195 0.168873 14.8811 -1823.12 -10.758 1.8701 7.17158 14.3432 0.122644 7.32956 14.7524 1 230.567 78.6737
0.0182 0.154408 14.3227 -1823.8 -10.7428 1.91679 7.82652 15.653 0.113785 7.19593 14.85 1 218.608 74.8954
0.0169 0.140262 13.7345 -1824.51 -10.726 1.96841 8.59001 17.18 0.104979 7.06069 14.9674 1 206.938 71.209
0.0156 0.126451 13.1124 -1825.27 -10.7072 2.02587 9.49041 18.9808 0.096229 6.92337 15.1083 1 195.528 67.605
0.0143 0.112992 12.4514 -1826.08 -10.6861 2.09036 10.5668 21.1335 0.0875412 6.78342 15.2772 1 184.345 64.0735
0.013 0.0999047 11.745 -1826.95 -10.6622 2.16343 11.8742 23.7484 0.0789211 6.64016 15.4804 1 173.352 60.603
0.0117 0.0872137 10.9849 -1827.88 -10.6347 2.24719 13.4932 26.9863 0.0703759 6.49273 15.726 1 162.51 57.181
0.0104 0.0749464 10.1603 -1828.9 -10.6027 2.34453 15.5455 31.091 0.0619138 6.34 16.0261 1 151.769 53.7925
0.0091 0.0631361 9.25618 -1830.03 -10.5648 2.45963 18.2248 36.4497 0.0535453 6.18048 16.3976 1 141.07 50.4188
0.0078 0.0518237 8.25139 -1831.29 -10.519 2.59879 21.858 43.7161 0.0452832 6.01203 16.8672 1 130.335 47.0355
0.0065 0.0410653 7.11591 -1832.72 -10.4619 2.77207 27.0415 54.0829 0.0371445 5.83154 17.4778 1 119.454 43.6087
0.0052 0.0309214 5.79524 -1834.39 -10.388 2.9969 34.9866 69.9732 0.029152 5.63407 18.3062 1 108.26 40.0867
0.0039 0.021492 4.19911 -1836.43 -10.2863 3.30732 48.5728 97.1457 0.0213392 5.41089 19.5079 1 96.4735 36.382
0.0026 0.0129244 2.13301 -1839.07 -10.1314 3.78371 76.6393 153.279 0.0137594 5.14402 21.4669 1 83.5269 32.3187
0.0013 0.00548663 -0.975235 -1843.07 -9.83726 4.70196 164.867 329.734 0.00651583 4.78245 25.6051 1 67.8682 27.4144
