0.13 2.02375 35.2935 -1800.46 -11.4227 0.115743 1.12575 2.2515 0.927445 7.46151 17.8898 5 237.634 73.172
0.1287 1.99686 35.1674 -1800.59 -11.4229 0.116039 1.11713 2.23425 0.917923 7.59504 17.4765 5 250.648 77.1921
0.1274 1.97006 35.0544 -1800.71 -11.423 0.101941 1.10953 2.21905 0.908401 7.72511 17.1372 5 263.774 81.2486
0.1261 1.94334 34.9257 -1800.84 -11.4232 0.102198 1.10278 2.20555 0.898879 7.85252 16.855 5 277.072 85.3594
0.1248 1.91672 34.7958 -1800.98 -11.4233 0.102458 1.09675 2.1935 0.889359 7.97792 16.6182 5 290.59 89.5398
0.1235 1.89022 34.6656 -1801.13 -11.4235 0.102706 1.09107 2.18215 0.879547 8.10382 16.4091 5 304.665 93.9048
0.1222 1.86378 34.5332 -1801.26 -11.4236 0.102977 1.08625 2.17249 0.870037 8.22645 16.2407 5 318.74 98.2608
0.1209 1.83744 34.3996 -1801.4 -11.4238 0.103253 1.0819 2.1638 0.860527 8.34831 16.0979 5 333.153 102.723
0.1196 1.81119 34.2647 -1801.54 -11.4239 0.103534 1.07798 2.15597 0.851019 8.46969 15.9768 5 347.936 107.301
0.1183 1.78503 34.1286 -1801.68 -11.4241 0.103821 1.07446 2.14892 0.841511 8.59084 15.8746 5 363.123 112.006
0.117 1.759 33.9922 -1801.84 -11.4243 0.104095 1.07107 2.14214 0.831698 8.7138 15.7826 5 379.073 116.964
0.1157 1.73304 33.8536 -1801.98 -11.4245 0.104393 1.06825 2.13649 0.822202 8.83501 15.712 5 395.159 121.951
0.1144 1.70717 33.7137 -1802.13 -11.4246 0.104697 1.06572 2.13144 0.812706 8.95658 15.6543 5 411.745 127.095
0.1131 1.6814 33.5726 -1802.27 -11.4248 0.105007 1.06347 2.12695 0.803212 9.07866 15.6083 5 428.864 132.406
0.1118 1.65573 33.4301 -1802.42 -11.4249 0.105323 1.06149 2.12298 0.793718 9.20141 15.5728 5 446.55 137.895
0.1105 1.63018 33.2872 -1802.58 -11.4251 0.105629 1.05938 2.11876 0.783904 6.21879 13.3778 4 465.219 143.711
0.1092 1.60471 33.1408 -1802.74 -11.4253 0.105958 1.056 2.112 0.774423 6.31296 13.2919 4 484.143 149.588
0.1079 1.57934 32.9931 -1802.89 -11.4255 0.106295 1.05293 2.10586 0.764943 6.40766 13.2164 4 503.743 155.678
0.1066 1.55406 32.844 -1803.04 -11.4257 0.106638 1.05014 2.10029 0.755464 6.503 13.1505 4 524.061 161.993
0.1053 1.52889 32.6935 -1803.2 -11.4259 0.106988 1.04763 2.09526 0.745987 6.59908 13.0935 4 545.137 168.545
0.104 1.50386 32.5424 -1803.37 -11.4261 0.107332 1.04514 2.09029 0.736172 6.69747 13.0392 4 567.468 175.519
0.1027 1.47889 32.389 -1803.53 -11.4263 0.107698 1.04315 2.08629 0.726708 6.79523 12.9984 4 590.193 182.589
0.1014 1.45403 32.2342 -1803.69 -11.4265 0.108072 1.04138 2.08276 0.717245 6.89402 12.9648 4 613.816 189.942
0.1001 1.42928 32.0778 -1803.86 -11.4267 0.108455 1.03984 2.07968 0.707783 6.99391 12.938 4 638.391 197.594
0.0988 1.40466 31.905 -1804.05 -11.4269 0.124507 1.03833 2.07667 0.698036 7.0962 12.9136 4 664.403 205.726
0.0975 1.38012 31.7455 -1804.22 -11.4271 0.124977 1.03722 2.07444 0.688587 7.19853 12.8996 4 691.048 214.029
0.0962 1.35569 31.5844 -1804.38 -11.4273 0.125457 1.03631 2.07262 0.679139 7.30224 12.8913 4 718.822 222.687
0.0949 1.33136 31.4218 -1804.55 -11.4275 0.125948 1.03559 2.07118 0.669693 7.40742 12.8887 4 747.792 231.721
0.0936 1.30718 31.2583 -1804.74 -11.4277 0.126442 1.03489 2.06978 0.659949 7.51536 12.8878 4 778.541 241.353
0.0923 1.28308 31.0923 -1804.91 -11.4279 0.126956 1.03455 2.0691 0.650516 7.62371 12.8959 4 810.124 251.21
0.091 1.25909 30.9229 -1805.09 -11.4282 0.127482 0.57816 1.15632 0.641084 6.91832 10.7916 3 3523.29 1092.83
0.0897 1.23521 30.7491 -1805.27 -11.4284 0.128021 0.599894 1.19979 0.631654 6.7643 10.7089 3 3318.19 1029.49
0.0884 1.21148 30.5741 -1805.47 -11.4286 0.128567 0.623008 1.24602 0.621914 6.60913 10.6271 3 3120.76 968.69
0.0871 1.18784 30.3966 -1805.65 -11.4289 0.129133 0.646227 1.29245 0.612499 6.46676 10.558 3 2946.42 914.835
0.0858 1.16431 30.2173 -1805.84 -11.4291 0.129712 0.670252 1.3405 0.603086 6.32943 10.4951 3 2784.85 864.92
0.0845 1.14089 30.036 -1806.03 -11.4293 0.130306 0.695127 1.39025 0.593674 6.19683 10.4381 3 2634.85 818.576
0.0832 1.11763 29.8534 -1806.24 -11.4296 0.130914 0.721678 1.44336 0.58394 6.06211 10.3814 3 2488.88 773.623
0.0819 1.09446 29.6681 -1806.43 -11.4298 0.13154 0.748399 1.4968 0.574544 5.93845 10.3359 3 2359.55 733.648
0.0806 1.07141 29.4808 -1806.62 -11.4301 0.132181 0.776125 1.55225 0.56515 5.81866 10.2958 3 2238.88 696.351
0.0793 1.04848 29.2914 -1806.82 -11.4304 0.13284 0.804914 1.60983 0.555759 5.70253 10.2608 3 2126.15 661.501
0.078 1.02571 29.1004 -1807.04 -11.4306 0.133521 0.835763 1.67153 0.546031 5.58357 10.2257 3 2015.34 627.377
0.0767 1.00303 28.9066 -1807.24 -11.4309 0.134217 0.866872 1.73374 0.536657 5.47444 10.201 3 1916.98 596.96
0.0754 0.980477 28.7105 -1807.45 -11.4312 0.134932 0.899246 1.79849 0.527285 5.36834 10.1811 3 1824.71 568.42
0.0741 0.958054 28.5122 -1807.66 -11.4315 0.135667 0.932963 1.86593 0.517916 5.26511 10.166 3 1738.04 541.61
0.0728 0.935794 28.3121 -1807.89 -11.4318 0.136435 0.969246 1.93849 0.508197 5.15852 10.1506 3 1652.02 515.126
0.0715 0.913632 28.1088 -1808.1 -11.432 0.137215 1.00591 2.01183 0.498846 5.06085 10.1451 3 1575.65 491.491
0.0702 0.891602 27.9031 -1808.32 -11.4323 0.138017 1.0442 2.0884 0.489498 4.96558 10.1442 3 1503.65 469.209
0.0689 0.869734 27.6953 -1808.55 -11.4327 0.138858 1.08523 2.17046 0.479874 4.86799 10.1443 3 1432.62 447.316
0.0676 0.847975 27.4843 -1808.77 -11.433 0.139711 1.12708 2.25416 0.470542 4.77737 10.1529 3 1368.69 427.521
0.0663 0.826355 27.2706 -1809 -11.4333 0.140591 1.17089 2.34179 0.461215 4.68877 10.1661 3 1308.23 408.801
0.065 0.804901 27.0546 -1809.24 -11.4336 0.141519 1.21801 2.43603 0.451602 4.59753 10.1805 3 1248.22 390.305
0.0637 0.783562 26.8352 -1809.47 -11.4339 0.142458 1.26619 2.53237 0.442292 4.51287 10.2034 3 1194.22 373.576
0.0624 0.762366 26.6128 -1809.7 -11.4343 0.143427 1.31677 2.63354 0.432985 4.42993 10.2311 3 1143.01 357.71
0.0611 0.741344 26.3879 -1809.96 -11.4346 0.144457 1.37137 2.74275 0.423386 4.34404 10.2602 3 1091.86 341.947
0.0598 0.720441 26.1592 -1810.2 -11.435 0.145495 1.42734 2.85467 0.414099 4.26445 10.2981 3 1045.87 327.693
0.0585 0.699689 25.9272 -1810.45 -11.4353 0.14657 1.48629 2.97259 0.404817 4.1863 10.3412 3 1002.15 314.14
0.0572 0.679116 25.6924 -1810.72 -11.4357 0.14772 1.55022 3.10043 0.395231 4.10489 10.3861 3 958.192 300.595
0.0559 0.658679 25.4537 -1810.98 -11.436 0.148889 1.61656 3.23312 0.38586 4.02797 10.4389 3 917.936 288.139
0.0546 0.638399 25.2114 -1811.24 -11.4364 0.150104 1.68673 3.37347 0.376498 3.95231 10.4976 3 879.604 276.278
0.0533 0.618277 24.9653 -1811.51 -11.4368 0.151367 1.76106 3.52212 0.367144 3.87784 10.5622 3 843.077 264.973
0.052 0.598318 24.7152 -1811.78 -11.4372 0.152681 1.83989 3.67977 0.357798 3.80448 10.6331 3 808.243 254.192
0.0507 0.578522 24.4555 -1812.06 -11.4376 0.154049 1.91826 3.83653 0.34846 7.48521 12.6802 2 774.999 243.901
0.0494 0.558884 24.1886 -1812.34 -11.438 0.155452 1.9981 3.9962 0.339244 7.37524 12.6625 2 743.952 234.264
0.0481 0.539436 23.917 -1812.65 -11.4384 0.156962 2.08432 4.16865 0.329812 7.26123 12.6438 2 712.905 224.679
0.0468 0.52014 23.64 -1812.94 -11.4388 0.15849 2.17408 4.34815 0.320618 7.15484 12.6359 2 684.564 215.877
0.0455 0.501041 23.3577 -1813.26 -11.4393 0.160141 2.27136 4.54272 0.311204 7.04406 12.627 2 656.112 207.094
0.0442 0.482101 23.0696 -1813.56 -11.4397 0.16181 2.37293 4.74586 0.302033 6.94085 12.6295 2 630.171 199.034
0.0429 0.463365 22.7757 -1813.9 -11.4402 0.163625 2.48346 4.96693 0.292637 6.8329 12.6311 2 604.022 190.962
0.0416 0.444795 22.4754 -1814.21 -11.4406 0.165457 2.59926 5.19851 0.28349 6.73252 12.6447 2 580.215 183.562
0.0403 0.426436 22.1686 -1814.56 -11.4411 0.167462 2.72582 5.45164 0.274115 6.62702 12.6576 2 556.115 176.124
0.039 0.408251 21.8548 -1814.89 -11.4415 0.169485 2.85892 5.71784 0.264995 6.5291 12.6834 2 534.209 169.312
0.0377 0.390286 21.5553 -1815.24 -11.442 0.150107 3.00511 6.01022 0.255643 6.42567 12.7087 2 511.936 162.438
0.0364 0.372503 21.2267 -1815.58 -11.4425 0.152101 3.15954 6.31908 0.246552 6.32987 12.748 2 491.73 156.151
0.0351 0.35495 20.8899 -1815.97 -11.443 0.154325 3.3301 6.6602 0.237224 6.2281 12.7872 2 471.083 149.782
0.0338 0.337599 20.522 -1816.37 -11.4435 0.179033 3.51324 7.02647 0.228036 6.1305 12.8379 2 451.791 143.804
0.0325 0.320456 20.1669 -1816.75 -11.444 0.181703 3.71025 7.4205 0.218992 6.03717 12.9009 2 433.79 138.2
0.0312 0.303559 19.7992 -1817.17 -11.4445 0.184691 3.92568 7.85136 0.209708 8.91542 15.0062 1 415.268 132.487
0.0299 0.286872 19.4191 -1817.57 -11.445 0.187716 4.15334 8.30669 0.200699 8.79311 15.0185 1 398.552 127.28
0.0286 0.270443 19.0269 -1818.03 -11.4456 0.191131 4.40858 8.81716 0.191448 8.66057 15.0267 1 381.248 121.945
0.0273 0.254248 18.6222 -1818.48 -11.4461 0.194699 4.68694 9.37388 0.182346 8.53413 15.0497 1 365.088 116.938
0.026 0.238305 18.2039 -1818.94 -11.4466 0.198538 4.99503 9.99006 0.173264 8.40814 15.0822 1 349.452 112.092
0.0247 0.222611 17.771 -1819.4 -11.447 0.202549 5.33377 10.6675 0.164334 8.28858 15.1323 1 334.89 107.551
0.0234 0.207209 17.3213 -1819.93 -11.4476 0.207166 5.72101 11.442 0.155163 8.15685 15.1796 1 319.627 102.85
0.0221 0.192075 16.8543 -1820.45 -11.4481 0.212045 6.15233 12.3047 0.146148 8.03118 15.2469 1 305.377 98.4346
0.0208 0.177231 16.3677 -1820.99 -11.4485 0.217374 6.64102 13.282 0.137158 7.90521 15.3287 1 291.529 94.1441
0.0195 0.16269 15.8595 -1821.56 -11.4489 0.223224 7.19896 14.3979 0.128195 7.7787 15.4271 1 278.054 89.9695
0.0182 0.148464 15.3273 -1822.16 -11.4493 0.229682 7.84155 15.6831 0.11926 7.65135 15.5444 1 264.922 85.9016
0.0169 0.134567 14.768 -1822.79 -11.4496 0.236858 8.58898 17.178 0.110356 7.52286 15.6838 1 252.102 81.9309
0.0156 0.121018 14.1781 -1823.46 -11.4498 0.244889 9.46838 18.9368 0.101486 7.39284 15.8493 1 239.562 78.0478
0.0143 0.107835 13.5531 -1824.16 -11.4499 0.253955 10.517 21.0339 0.092652 7.26081 16.046 1 227.267 74.2415
0.013 0.0950392 12.8875 -1824.92 -11.4499 0.264291 11.7871 23.5743 0.0838572 7.12622 16.2809 1 215.179 70.5003
0.0117 0.0826568 12.1741 -1825.73 -11.4496 0.276216 13.3552 26.7104 0.0751056 6.98835 16.5634 1 203.253 66.811
0.0104 0.0707176 11.4036 -1826.61 -11.4491 0.290176 15.3364 30.6729 0.0664015 6.84627 16.9068 1 191.438 63.1577
0.0091 0.059258 10.5635 -1827.57 -11.4481 0.306815 17.9134 35.8268 0.0577506 6.69872 17.3303 1 179.668 59.5209
0.0078 0.0483226 9.6358 -1828.64 -11.4464 0.327106 21.3932 42.7865 0.0491597 6.54396 17.8637 1 167.858 55.8748
0.0065 0.0379685 8.5943 -1829.84 -11.4438 0.35262 26.334 52.6681 0.0406379 6.37941 18.5554 1 155.887 52.1836
0.0052 0.0282713 7.39712 -1831.23 -11.4396 0.386098 33.8647 67.7294 0.0321971 6.20099 19.4919 1 143.572 48.3926
0.0039 0.0193375 5.97078 -1832.9 -11.4324 0.432935 46.6538 93.3077 0.0238551 6.00149 20.8481 1 130.6 44.409
0.0026 0.0113321 4.1637 -1835.04 -11.4191 0.506 72.8387 145.677 0.0156406 5.76602 23.0564 1 116.334 40.046
0.0013 0.0045585 1.54945 -1838.19 -11.388 0.649944 154.066 308.132 0.00761029 5.45207 27.7179 1 99.0067 34.7885
