0.13 34.7817 34.9303 34.9107 34.8715 34.7926 34.7817
0.1287 34.6544 34.8105 34.7888 34.7457 34.6655 34.6544
0.1274 34.5259 34.688 34.6645 34.6177 34.5369 34.5259
0.1261 34.396 34.563 34.5378 34.4876 34.4068 34.396
0.1248 34.2659 34.4372 34.4102 34.3567 34.2764 34.2659
0.1235 34.1334 34.3079 34.2794 34.2228 34.1434 34.1334
0.1222 33.9995 34.1767 34.1466 34.0872 34.009 33.9995
0.1209 33.8644 34.0436 34.012 33.9499 33.8732 33.8644
0.1196 33.7292 33.9098 33.8768 33.812 33.7372 33.7292
0.1183 33.5914 33.773 33.7387 33.6714 33.5986 33.5914
0.117 33.4524 33.6345 33.5989 33.5293 33.4587 33.4524
0.1157 33.3121 33.4942 33.4574 33.3856 33.3175 33.3121
0.1144 33.1716 33.3534 33.3153 33.2414 33.176 33.1716
0.1131 33.0287 33.2097 33.1705 33.0947 33.0319 33.0287
0.1118 32.8844 33.0643 33.024 32.9464 32.8865 32.8844
0.1105 32.7396 32.9181 32.8767 32.7973 32.7405 32.7396
0.1092 32.5923 32.7693 32.7269 32.646 32.5923 32.5926
0.1079 32.4426 32.6188 32.5755 32.4931 32.4426 32.4442
0.1066 32.2924 32.4675 32.4233 32.3394 32.2924 32.2953
0.1053 32.1398 32.3136 32.2685 32.1834 32.1398 32.1441
0.104 31.9857 32.1579 32.1121 32.0258 31.9857 31.9914
0.1027 31.8311 32.0014 31.9547 31.8674 31.8311 31.8383
0.1014 31.674 31.8423 31.7948 31.7066 31.674 31.6826
0.1001 31.5153 31.6814 31.6332 31.5442 31.5153 31.5255
0.0988 31.3561 31.5194 31.4707 31.3809 31.3561 31.3679
0.0975 31.1943 31.3549 31.3055 31.2151 31.1943 31.2076
0.0962 31.0308 31.1885 31.1385 31.0477 31.0308 31.0458
0.0949 30.8667 31.021 30.9705 30.8793 30.8667 30.8834
0.0936 30.6999 30.8508 30.7998 30.7084 30.6999 30.7184
0.0923 30.5315 30.6787 30.6272 30.5358 30.5315 30.5516
0.091 30.362 30.5053 30.4534 30.362 30.3622 30.3842
0.0897 30.1857 30.3292 30.2769 30.1857 30.1902 30.214
0.0884 30.0075 30.151 30.0984 30.0075 30.0164 30.042
0.0871 29.8281 29.9715 29.9186 29.8281 29.8417 29.8693
0.0858 29.646 29.789 29.7359 29.646 29.6641 29.6936
0.0845 29.4619 29.6044 29.551 29.4619 29.4847 29.516
0.0832 29.2766 29.4182 29.3647 29.2766 29.3042 29.3376
0.0819 29.0883 29.229 29.1755 29.0883 29.1207 29.1561
0.0806 28.898 29.0375 28.9839 28.898 28.9351 28.9726
0.0793 28.7062 28.8443 28.7907 28.7062 28.7484 28.788
0.078 28.5114 28.6479 28.5943 28.5114 28.5585 28.6003
0.0767 28.3149 28.4495 28.396 28.3149 28.3672 28.4111
0.0754 28.1154 28.248 28.1946 28.1154 28.1728 28.2188
0.0741 27.9141 28.0443 27.9911 27.9141 27.9767 28.0251
0.0728 27.7097 27.8374 27.7845 27.7097 27.7776 27.8282
0.0715 27.5034 27.6281 27.5755 27.5034 27.5767 27.6297
0.0702 27.2939 27.4155 27.3633 27.2939 27.3726 27.4278
0.0689 27.0817 27.1999 27.1481 27.0817 27.1658 27.2234
0.0676 26.8676 26.9819 26.9306 26.8676 26.9574 27.0176
0.0663 26.6497 26.76 26.7093 26.6497 26.7452 26.8078
0.065 26.4289 26.5349 26.4849 26.4289 26.5301 26.5952
0.0637 26.206 26.307 26.2577 26.206 26.3132 26.381
0.0624 25.9791 26.0751 26.0265 25.9791 26.0921 26.1625
0.0611 25.7489 25.8395 25.7918 25.7489 25.8679 25.9409
0.0598 25.5163 25.6007 25.554 25.5163 25.6416 25.7174
0.0585 25.2794 25.3575 25.3118 25.2794 25.4108 25.4893
0.0572 25.0389 25.1103 25.0656 25.0389 25.1765 25.2578
0.0559 24.7956 24.8594 24.816 24.7956 24.9399 25.0241
0.0546 24.5478 24.6039 24.5617 24.5478 24.6987 24.7859
0.0533 24.2961 24.3438 24.3031 24.2961 24.4536 24.5438
0.052 24.0398 24.079 24.0398 24.0402 24.2046 24.2979
0.0507 23.7717 23.8093 23.7717 23.7801 23.9514 24.0478
0.0494 23.4986 23.5345 23.4986 23.5155 23.6938 23.7934
0.0481 23.2203 23.2544 23.2203 23.2462 23.4317 23.5346
0.0468 22.9365 22.9686 22.9365 22.9717 23.1645 23.2707
0.0455 22.6471 22.6771 22.6471 22.6928 22.8933 23.003
0.0442 22.3516 22.3793 22.3516 22.4079 22.616 22.7292
0.0429 22.0499 22.0752 22.0499 22.1182 22.3343 22.4511
0.0416 21.7415 21.7642 21.7415 21.822 22.046 22.1665
0.0403 21.4262 21.4462 21.4262 21.5203 21.7527 21.8771
0.039 21.1035 21.1205 21.1035 21.2119 21.4528 21.5811
0.0377 20.7729 20.7869 20.7729 20.8967 21.1464 21.2787
0.0364 20.4342 20.4448 20.4342 20.5743 20.833 20.9696
0.0351 20.0867 20.0937 20.0867 20.2444 20.5124 20.6533
0.0338 19.7299 19.7331 19.7299 19.9066 20.1841 20.3294
0.0325 19.3623 19.3623 19.3631 19.5602 19.8477 19.9976
0.0312 18.9805 18.9805 18.9857 19.2049 19.5026 19.6573
0.0299 18.5871 18.5871 18.5969 18.8399 19.1482 19.308
0.0286 18.181 18.181 18.1959 18.4647 18.784 18.949
0.0273 17.7614 17.7614 17.7816 18.0785 18.4093 18.5797
0.026 17.327 17.327 17.353 17.6804 18.0233 18.1994
0.0247 16.8766 16.8766 16.9089 17.2696 17.625 17.8071
0.0234 16.4087 16.4087 16.4477 16.8449 17.2136 17.402
0.0221 15.9215 15.9215 15.9678 16.4052 16.7879 16.9829
0.0208 15.4131 15.4131 15.4673 15.9491 16.3466 16.5487
0.0195 14.8811 14.8811 14.944 15.475 15.8883 16.0978
0.0182 14.3227 14.3227 14.395 14.9811 15.4111 15.6288
0.0169 13.7345 13.7345 13.8172 14.4651 14.9132 15.1396
0.0156 13.1124 13.1124 13.2066 13.9244 14.3922 14.628
0.0143 12.4514 12.4514 12.5583 13.356 13.8452 14.0913
0.013 11.745 11.745 11.8661 12.7559 13.2687 13.5263
0.0117 10.9849 10.9849 11.1222 12.1195 12.6587 12.9291
0.0104 10.1603 10.1603 10.3159 11.4408 12.0099 12.2948
0.0091 9.25618 9.25618 9.43311 10.7122 11.3157 11.6174
0.0078 8.25139 8.25139 8.45333 9.92353 10.5677 10.8893
0.0065 7.11591 7.11591 7.34798 9.06294 9.75679 10.1026
0.0052 5.79524 5.79524 6.06483 8.10832 8.86557 9.24252
0.0039 4.19911 4.19911 4.5178 7.03482 7.87883 8.29846
0.0026 2.13301 2.13301 2.5217 5.80995 6.78779 7.27341
0.0013 -0.975235 -0.975235 -0.466721 4.46106 5.70694 6.32502
