0.13 35.3572 35.5229 35.4995 35.4528 35.3687 35.3572
0.1287 35.2312 35.4027 35.3774 35.3271 35.2426 35.2312
0.1274 35.1039 35.2801 35.253 35.1994 35.1151 35.1039
0.1261 34.9754 35.1554 35.1267 35.0699 34.9862 34.9754
0.1248 34.8457 35.0288 34.9985 34.9386 34.856 34.8457
0.1235 34.7147 34.9003 34.8685 34.8057 34.7244 34.7147
0.1222 34.5834 34.771 34.7377 34.6721 34.5924 34.5834
0.1209 34.45 34.6389 34.6042 34.536 34.4582 34.45
0.1196 34.3153 34.5051 34.469 34.3984 34.3227 34.3153
0.1183 34.1794 34.3696 34.3322 34.2593 34.1858 34.1794
0.117 34.0422 34.2325 34.1939 34.1187 34.0477 34.0422
0.1157 33.9038 34.0937 34.0539 33.9767 33.9083 33.9038
0.1144 33.7651 33.9542 33.9132 33.834 33.7684 33.7651
0.1131 33.6241 33.8121 33.7701 33.689 33.6263 33.6241
0.1118 33.4819 33.6685 33.6253 33.5425 33.4829 33.4819
0.1105 33.3381 33.5232 33.4791 33.3946 33.3381 33.3383
0.1092 33.192 33.3763 33.3312 33.2452 33.192 33.1935
0.1079 33.0453 33.2285 33.1825 33.095 33.0453 33.0481
0.1066 32.8964 33.0783 33.0314 32.9426 32.8964 32.9006
0.1053 32.7461 32.9265 32.8787 32.7888 32.7461 32.7517
0.104 32.5943 32.773 32.7244 32.6334 32.5943 32.6014
0.1027 32.4412 32.6179 32.5685 32.4765 32.4412 32.4497
0.1014 32.2873 32.4617 32.4116 32.3187 32.2873 32.2975
0.1001 32.1312 32.3031 32.2524 32.1587 32.1312 32.1429
0.0988 31.9736 32.1428 32.0914 31.9971 31.9736 31.9869
0.0975 31.8144 31.9808 31.9287 31.8339 31.8144 31.8294
0.0962 31.6537 31.8169 31.7643 31.669 31.6537 31.6703
0.0949 31.4922 31.6519 31.5987 31.5032 31.4922 31.5106
0.0936 31.3282 31.4843 31.4307 31.335 31.3282 31.3484
0.0923 31.1627 31.3149 31.2608 31.1651 31.1627 31.1846
0.091 30.9935 31.1436 31.0891 30.9935 30.9954 31.0191
0.0897 30.82 30.9703 30.9155 30.82 30.8264 30.852
0.0884 30.6455 30.7957 30.7405 30.6455 30.6566 30.6841
0.0871 30.4684 30.6184 30.5629 30.4684 30.4841 30.5136
0.0858 30.2894 30.4391 30.3833 30.2894 30.3098 30.3412
0.0845 30.1086 30.2576 30.2017 30.1086 30.1336 30.167
0.0832 29.9257 30.074 30.0179 29.9257 29.9556 29.991
0.0819 29.7416 29.8888 29.8326 29.7416 29.7765 29.814
0.0806 29.5547 29.7007 29.6445 29.5547 29.5945 29.6342
0.0793 29.3657 29.5103 29.454 29.3657 29.4105 29.4523
0.078 29.1745 29.3175 29.2613 29.1745 29.2244 29.2684
0.0767 28.9818 29.1228 29.0667 28.9818 29.037 29.0832
0.0754 28.7862 28.9251 28.8691 28.7862 28.8466 28.895
0.0741 28.5882 28.7248 28.6691 28.5882 28.654 28.7047
0.0728 28.388 28.522 28.4665 28.388 28.459 28.5121
0.0715 28.1859 28.3169 28.2617 28.1859 28.2626 28.318
0.0702 27.9807 28.1085 28.0537 27.9807 28.0628 28.1207
0.0689 27.7729 27.8973 27.8429 27.7729 27.8607 27.921
0.0676 27.5625 27.6831 27.6292 27.5625 27.6559 27.7187
0.0663 27.35 27.4664 27.4131 27.35 27.4494 27.5148
0.065 27.1341 27.2461 27.1934 27.1341 27.2393 27.3072
0.0637 26.9152 27.0226 26.9706 26.9152 27.0264 27.097
0.0624 26.6935 26.7957 26.7444 26.6935 26.8107 26.8839
0.0611 26.4693 26.5658 26.5154 26.4693 26.5929 26.6689
0.0598 26.2413 26.3319 26.2825 26.2413 26.3711 26.4499
0.0585 26.01 26.0943 26.0459 26.01 26.1462 26.2278
0.0572 25.7759 25.8532 25.8059 25.7759 25.9186 26.0032
0.0559 25.538 25.608 25.5618 25.538 25.6873 25.7748
0.0546 25.2964 25.3586 25.3137 25.2964 25.4524 25.543
0.0533 25.0511 25.1049 25.0614 25.0511 25.214 25.3076
0.052 24.8019 24.8468 24.8048 24.8019 24.9718 25.0686
0.0507 24.5436 24.584 24.5436 24.5486 24.7256 24.8257
0.0494 24.2778 24.3164 24.2778 24.2912 24.4755 24.5788
0.0481 24.007 24.0438 24.007 24.0294 24.2211 24.3278
0.0468 23.731 23.7659 23.731 23.763 23.9623 24.0725
0.0455 23.4497 23.4825 23.4497 23.4919 23.699 23.8127
0.0442 23.1627 23.1933 23.1627 23.2157 23.4307 23.548
0.0429 22.8699 22.8981 22.8699 22.9347 23.1579 23.2789
0.0416 22.5708 22.5965 22.5708 22.6479 22.8793 23.0042
0.0403 22.2653 22.2882 22.2653 22.3559 22.5959 22.7247
0.039 21.9528 21.9728 21.9528 22.0575 22.3062 22.4391
0.0377 21.6331 21.65 21.6331 21.7532 22.0111 22.1482
0.0364 21.3057 21.3193 21.3057 21.4421 21.7091 21.8505
0.0351 20.9702 20.9803 20.9702 21.1243 21.4011 21.547
0.0338 20.6261 20.6323 20.6261 20.7991 21.0858 21.2363
0.0325 20.2728 20.275 20.2728 20.4661 20.7631 20.9184
0.0312 19.9075 19.9075 19.9097 20.125 20.4325 20.5928
0.0299 19.5292 19.5292 19.5361 19.7751 20.0937 20.2592
0.0286 19.1394 19.1394 19.1512 19.416 19.7461 19.9169
0.0273 18.7371 18.7371 18.7543 19.047 19.389 19.5655
0.026 18.3213 18.3213 18.3442 18.6674 19.0219 19.2043
0.0247 17.8911 17.8911 17.9202 18.2762 18.6438 18.8324
0.0234 17.4444 17.4444 17.4804 17.8732 18.2546 18.4498
0.0221 16.9806 16.9806 17.0239 17.4567 17.8527 18.0548
0.0208 16.4976 16.4976 16.5489 17.0259 17.4373 17.6468
0.0195 15.9934 15.9934 16.0534 16.5795 17.0073 17.2247
0.0182 15.4655 15.4655 15.535 16.1159 16.5614 16.7872
0.0169 14.911 14.911 14.9911 15.6336 16.098 16.3328
0.0156 14.3266 14.3266 14.4182 15.1304 15.6153 15.8601
0.0143 13.7078 13.7078 13.8123 14.6041 15.1115 15.3671
0.013 13.0492 13.0492 13.1683 14.052 14.5841 14.8517
0.0117 12.3441 12.3441 12.4796 13.4706 14.0304 14.3115
0.0104 11.5834 11.5834 11.7378 12.856 13.4472 13.7435
0.0091 10.755 10.755 10.9312 12.2035 12.8309 13.1448
0.0078 9.84184 9.84184 10.0438 11.5071 12.1773 12.5122
0.0065 8.81876 8.81876 9.05206 10.7602 11.4827 11.8432
0.0052 7.64608 7.64608 7.91867 9.95598 10.7453 11.1385
0.0039 6.25457 6.25457 6.5791 9.09179 9.9725 10.4106
0.0026 4.5028 4.5028 4.90249 8.19172 9.21342 9.72102
0.0013 1.99963 1.99963 2.53132 7.48015 8.78423 9.43133
