0.15 80.2921 80.5103 80.4864 80.4382 80.3091 80.2921
0.1485 80.029 80.2743 80.2455 80.1877 80.048 80.029
0.147 79.7628 80.0295 79.9963 79.9297 79.783 79.7628
0.1455 79.4936 79.7777 79.7404 79.6658 79.5145 79.4936
0.144 79.2214 79.5199 79.4787 79.3967 79.2427 79.2214
0.1425 78.9465 79.2568 79.2121 79.123 78.9677 78.9465
0.141 78.6688 78.9889 78.9408 78.8451 78.6896 78.6688
0.1395 78.3883 78.7165 78.6652 78.5633 78.4085 78.3883
0.138 78.1051 78.44 78.3855 78.2778 78.1245 78.1051
0.1365 77.8193 78.1594 78.102 77.9888 77.8377 77.8193
0.135 77.5307 77.8749 77.8148 77.6962 77.5479 77.5307
0.1335 77.2395 77.5867 77.5239 77.4003 77.2553 77.2395
0.132 76.9455 77.2948 77.2294 77.1011 76.9598 76.9455
0.1305 76.6488 76.9994 76.9314 76.7986 76.6614 76.6488
0.129 76.3493 76.7003 76.63 76.4929 76.3602 76.3493
0.1275 76.0471 76.3977 76.3251 76.184 76.0561 76.0471
0.126 75.7421 76.0916 76.0168 75.8719 75.7491 75.7421
0.1245 75.4343 75.782 75.705 75.5565 75.4391 75.4343
0.123 75.1236 75.4689 75.3899 75.238 75.1263 75.1236
0.1215 74.8101 75.1522 75.0713 74.9162 74.8104 74.8101
0.12 74.4915 74.832 74.7493 74.5912 74.4915 74.4936
0.1185 74.1695 74.5083 74.4237 74.263 74.1695 74.1741
0.117 73.8445 74.181 74.0947 73.9314 73.8445 73.8517
0.1155 73.5163 73.8501 73.7622 73.5965 73.5163 73.5261
0.114 73.1849 73.5155 73.426 73.2583 73.1849 73.1975
0.1125 72.8503 73.1772 73.0863 72.9166 72.8503 72.8657
0.111 72.5124 72.8352 72.7429 72.5715 72.5124 72.5307
0.1095 72.1711 72.4894 72.3957 72.2229 72.1711 72.1924
0.108 71.8265 72.1398 72.0448 71.8707 71.8265 71.8508
0.1065 71.4784 71.7862 71.6901 71.5149 71.4784 71.5058
0.105 71.1267 71.4286 71.3314 71.1555 71.1267 71.1574
0.1035 70.7715 71.067 70.9688 70.7923 70.7715 70.8054
0.102 70.4126 70.7013 70.6021 70.4253 70.4126 70.4498
0.1005 70.05 70.3314 70.2313 70.0544 70.05 70.0906
0.099 69.6795 69.9572 69.8564 69.6795 69.6835 69.7276
0.0975 69.3006 69.5786 69.4771 69.3006 69.3131 69.3608
0.096 68.9176 69.1956 69.0934 68.9176 68.9388 68.99
0.0945 68.5304 68.808 68.7052 68.5304 68.5604 68.6153
0.093 68.1389 68.4157 68.3125 68.1389 68.1778 68.2365
0.0915 67.743 68.0186 67.9151 67.743 67.791 67.8535
0.09 67.3426 67.6167 67.5128 67.3426 67.3998 67.4661
0.0885 66.9375 67.2097 67.1057 66.9375 67.0041 67.0744
0.087 66.5278 66.7976 66.6935 66.5278 66.6038 66.6782
0.0855 66.1131 66.3802 66.2761 66.1131 66.1989 66.2773
0.084 65.6936 65.9574 65.8534 65.6936 65.7891 65.8717
0.0825 65.2689 65.5291 65.4252 65.2689 65.3743 65.4613
0.081 64.839 65.095 64.9914 64.839 64.9545 65.0458
0.0795 64.4036 64.655 64.5518 64.4036 64.5294 64.6252
0.078 63.9628 64.209 64.1063 63.9628 64.099 64.1992
0.0765 63.5402 63.7807 63.6787 63.5402 63.687 63.7919
0.075 63.088 63.3222 63.2208 63.088 63.2455 63.355
0.0735 62.6297 62.857 62.7565 62.6297 62.7981 62.9124
0.072 62.1652 62.3849 62.2855 62.1652 62.3447 62.4639
0.0705 61.6942 61.9058 61.8075 61.6942 61.885 62.0092
0.069 61.2166 61.4193 61.3223 61.2166 61.4189 61.5481
0.0675 60.7322 60.9253 60.8296 60.7322 60.9462 61.0805
0.066 60.2407 60.4234 60.3293 60.2407 60.4665 60.6062
0.0645 59.7418 59.9134 59.821 59.7418 59.9798 60.1248
0.063 59.2353 59.3949 59.3044 59.2353 59.4856 59.6362
0.0615 58.721 58.8676 58.7791 58.721 58.9839 59.14
0.06 58.1985 58.3312 58.2449 58.1985 58.4742 58.6361
0.0585 57.6412 57.759 57.6752 57.6412 57.93 58.0978
0.057 57.1012 57.2029 57.1218 57.1012 57.4033 57.5771
0.0555 56.5519 56.6365 56.5582 56.5519 56.8677 57.0476
0.054 55.984 56.0593 55.984 55.9931 56.3228 56.5091
0.0525 55.3988 55.4708 55.3988 55.4243 55.7682 55.961
0.051 54.802 54.8704 54.802 54.8451 55.2036 55.403
0.0495 54.193 54.2576 54.193 54.2549 54.6284 54.8347
0.048 53.5713 53.6318 53.5713 53.6534 54.0422 54.2555
0.0465 52.9361 52.9922 52.9361 53.0399 53.4445 53.665
0.045 52.2868 52.3382 52.2868 52.4139 52.8346 53.0626
0.0435 51.6226 51.6689 51.6226 51.7746 52.212 52.4477
0.042 50.9426 50.9834 50.9426 51.1215 51.5761 51.8196
0.0405 50.2459 50.2809 50.2459 50.4537 50.926 51.1777
0.039 49.5314 49.5601 49.5314 49.7704 50.261 50.5212
0.0375 48.7981 48.82 48.7981 49.0707 49.5802 49.8493
0.036 48.0446 48.0593 48.0446 48.3537 48.8827 49.161
0.0345 47.2696 47.2764 47.2696 47.6181 48.1675 48.4553
0.033 46.4699 46.4699 46.4714 46.8628 47.4334 47.7312
0.0315 45.6377 45.6377 45.6485 46.0864 46.6792 46.9873
0.03 44.778 44.778 44.7986 45.2874 45.9033 46.2223
0.0285 43.8884 43.8884 43.9196 44.4642 45.1043 45.4348
0.027 42.9661 42.9661 43.009 43.6147 44.2804 44.6229
0.0255 42.0082 42.0082 42.0637 42.7369 43.4295 43.7848
0.024 41.011 41.011 41.0804 41.8282 42.5493 42.9183
0.0225 40.0065 40.0065 40.091 40.9219 41.6735 42.0569
0.021 38.9184 38.9184 39.0195 39.9435 40.7276 41.1266
0.0195 37.7383 37.7383 37.8578 38.8865 39.7056 40.1214
0.018 36.5337 36.5337 36.6736 37.8212 38.6783 39.1124
0.0165 35.2588 35.2588 35.4217 36.7054 37.604 38.058
0.015 33.9028 33.9028 34.0914 35.5327 36.4771 36.9532
0.0135 32.4514 32.4514 32.6695 34.2952 35.2908 35.7917
0.012 30.8864 30.8864 31.1383 32.9836 34.0371 34.5661
0.0105 29.1829 29.1829 29.4742 31.586 32.7063 33.2678
0.009 27.3059 27.3059 27.6442 30.0876 31.2869 31.8868
0.0075 25.2039 25.2039 25.5996 28.4698 29.7653 30.4122
0.006 22.7956 22.7956 23.2637 26.7099 28.1281 28.8352
0.0045 19.9386 19.9386 20.5034 24.7853 26.3713 27.1608
0.003 16.3422 16.3422 17.0483 22.7029 24.5469 25.4634
0.0015 11.2002 11.2002 12.1575 20.7659 23.1252 24.2961
