0.097 -nan -nan -nan -nan -nan -nan
0.096 -nan -nan -nan -nan -nan -nan
0.095 -nan -nan -nan -nan -nan -nan
0.094 -nan -nan -nan -nan -nan -nan
0.093 -nan -nan -nan -nan -nan -nan
0.092 -nan -nan -nan -nan -nan -nan
0.091 -nan -nan -nan -nan -nan -nan
0.09 10.3842 10.3846 10.3845 10.3843 10.3842 10.3842
0.089 10.3404 10.341 10.3408 10.3405 10.3404 10.3405
0.088 10.2961 10.2968 10.2965 10.2961 10.2961 10.2961
0.087 10.2512 10.252 10.2517 10.2512 10.2512 10.2513
0.086 10.2057 10.2067 10.2063 10.2057 10.2058 10.206
0.085 10.1597 10.1608 10.1604 10.1597 10.1599 10.1602
0.084 10.1131 10.1143 10.1139 10.1131 10.1134 10.1138
0.083 10.066 10.0673 10.0667 10.066 10.0664 10.0668
0.082 10.0182 10.0196 10.0191 10.0182 10.0188 10.0193
0.081 9.96984 9.9713 9.9707 9.96984 9.9706 9.97117
0.08 9.92078 9.92229 9.92165 9.92078 9.92171 9.92238
0.079 9.87106 9.87258 9.87191 9.87106 9.87217 9.87292
0.078 9.8207 9.82224 9.82154 9.8207 9.82199 9.82285
0.077 9.76955 9.77108 9.77035 9.76955 9.77105 9.772
0.076 9.71766 9.71915 9.7184 9.71766 9.71936 9.72043
0.075 9.665 9.66643 9.66567 9.665 9.66692 9.66809
0.074 9.61155 9.6129 9.61213 9.61155 9.6137 9.61499
0.073 9.55729 9.55854 9.55776 9.55729 9.55966 9.56107
0.072 9.50218 9.50331 9.50253 9.50218 9.5048 9.50633
0.071 9.44622 9.4472 9.44643 9.44622 9.44908 9.45073
0.07 9.38937 9.39019 9.38942 9.38937 9.39248 9.39426
0.069 9.33132 9.33207 9.33132 9.33147 9.33485 9.33675
0.068 9.27244 9.27318 9.27244 9.27278 9.27643 9.27846
0.067 9.21241 9.21311 9.21241 9.21299 9.2169 9.21907
0.066 9.15155 9.15223 9.15155 9.15236 9.15655 9.15885
0.065 9.08942 9.09006 9.08942 9.09052 9.09498 9.09742
0.064 9.02633 9.02693 9.02633 9.02772 9.03247 9.03505
0.063 8.96214 8.96269 8.96214 8.96384 8.96888 8.9716
0.062 8.89681 8.89731 8.89681 8.89885 8.90419 8.90705
0.061 8.83034 8.83078 8.83034 8.83274 8.83837 8.84137
0.06 8.76267 8.76305 8.76267 8.76546 8.77138 8.77454
0.059 8.69379 8.6941 8.69379 8.69698 8.70322 8.70651
0.058 8.62366 8.6239 8.62366 8.62729 8.63383 8.63727
0.057 8.55225 8.55241 8.55225 8.55634 8.56319 8.56679
0.056 8.47953 8.47961 8.47953 8.48412 8.49127 8.49502
0.055 8.40546 8.40546 8.40548 8.41057 8.41804 8.42194
0.054 8.32994 8.32994 8.33004 8.33568 8.34347 8.34752
0.053 8.253 8.253 8.2532 8.25941 8.26752 8.27172
0.052 8.17461 8.17461 8.17492 8.18173 8.19016 8.19452
0.051 8.09474 8.09474 8.09516 8.1026 8.11135 8.11587
0.05 8.01335 8.01335 8.01389 8.02199 8.03106 8.03574
0.049 7.9304 7.9304 7.93107 7.93986 7.94926 7.95409
0.048 7.84586 7.84586 7.84666 7.85617 7.8659 7.87089
0.047 7.7597 7.7597 7.76062 7.77089 7.78095 7.7861
0.046 7.67186 7.67186 7.67292 7.68398 7.69438 7.69969
0.045 7.58231 7.58231 7.58352 7.5954 7.60614 7.61161
0.044 7.49101 7.49101 7.49237 7.50511 7.51618 7.52182
0.043 7.39791 7.39791 7.39943 7.41307 7.42449 7.43029
0.042 7.30297 7.30297 7.30465 7.31924 7.331 7.33697
0.041 7.20615 7.20615 7.208 7.22357 7.23568 7.24182
0.04 7.10741 7.10741 7.10942 7.12602 7.13848 7.14479
0.039 7.00668 7.00668 7.00888 7.02655 7.03936 7.04585
0.038 6.90393 6.90393 6.90631 6.9251 6.93828 6.94494
0.037 6.79909 6.79909 6.80167 6.82163 6.83518 6.84202
0.036 6.69213 6.69213 6.6949 6.71609 6.73002 6.73705
0.035 6.58297 6.58297 6.58595 6.60843 6.62275 6.62997
0.034 6.47157 6.47157 6.47476 6.4986 6.51332 6.52073
0.033 6.35787 6.35787 6.36128 6.38653 6.40167 6.40928
0.032 6.24179 6.24179 6.24542 6.27218 6.28774 6.29556
0.031 6.12326 6.12326 6.12714 6.15549 6.17149 6.17953
0.03 6.00223 6.00223 6.00635 6.03638 6.05285 6.06111
0.029 5.8786 5.8786 5.88299 5.9148 5.93176 5.94026
0.028 5.75229 5.75229 5.75695 5.79067 5.80814 5.8169
0.027 5.62321 5.62321 5.62816 5.66391 5.68194 5.69096
0.026 5.49126 5.49126 5.49651 5.53446 5.55307 5.56238
0.025 5.35632 5.35632 5.3619 5.40221 5.42145 5.43108
0.024 5.21827 5.21827 5.2242 5.26707 5.287 5.29696
0.023 5.07697 5.07697 5.08327 5.12893 5.1496 5.15993
0.022 4.93226 4.93226 4.93896 4.98767 5.00916 5.01989
0.021 4.78395 4.78395 4.79109 4.84317 4.86556 4.87673
0.02 4.63183 4.63183 4.63944 4.69525 4.71864 4.7303
0.019 4.47566 4.47566 4.48379 4.54375 4.56826 4.58047
0.018 4.31513 4.31513 4.32384 4.38847 4.41422 4.42706
0.017 4.14991 4.14991 4.15927 4.22916 4.25633 4.26987
0.016 3.97957 3.97957 3.98966 4.06555 4.09434 4.10867
0.015 3.80362 3.80362 3.81453 3.89731 3.92795 3.9432
0.014 3.62144 3.62144 3.63331 3.72406 3.75684 3.77316
0.013 3.43229 3.43229 3.44525 3.54536 3.58065 3.59821
0.012 3.23523 3.23523 3.24948 3.36069 3.39897 3.418
0.011 3.02911 3.02911 3.0449 3.16952 3.21138 3.23219
0.01 2.81248 2.81248 2.83015 2.9713 3.01758 3.04058
0.009 2.5835 2.5835 2.60354 2.76565 2.81752 2.84329
0.008 2.33991 2.33991 2.36302 2.55273 2.61193 2.64135
0.007 2.0789 2.0789 2.10624 2.33409 2.40342 2.43786
0.006 1.79726 1.79726 1.83078 2.11491 2.19915 2.24099
0.005 1.49183 1.49183 1.53518 1.90967 2.01772 2.07137
0.004 1.1615 1.1615 1.22217 1.75799 1.90819 1.98275
0.003 0.81431 0.81431 0.909874 1.77602 2.01121 2.12793
0.002 0.507048 0.507048 0.68873 2.39089 2.83628 3.05728
0.001 0.895663 0.895663 1.43722 6.77948 8.10749 8.76626
