0.13 33.7418 33.8466 33.8351 33.812 33.75 33.7418
0.1287 33.613 33.7316 33.7176 33.6896 33.6222 33.613
0.1274 33.4825 33.6118 33.5956 33.5632 33.4923 33.4825
0.1261 33.3505 33.4884 33.4701 33.4336 33.3606 33.3505
0.1248 33.2187 33.364 33.3437 33.3032 33.2289 33.2187
0.1235 33.0836 33.2346 33.2125 33.1685 33.0937 33.0836
0.1222 32.9471 33.1027 33.0789 33.0317 32.957 32.9471
0.1209 32.8092 32.9685 32.9431 32.8928 32.8187 32.8092
0.1196 32.6716 32.834 32.807 32.7536 32.6806 32.6716
0.1183 32.5308 32.6955 32.667 32.6109 32.5393 32.5308
0.117 32.3887 32.555 32.5251 32.4665 32.3964 32.3887
0.1157 32.2451 32.4126 32.3814 32.3203 32.2521 32.2451
0.1144 32.1018 32.2699 32.2375 32.174 32.108 32.1018
0.1131 31.9554 32.1237 32.09 32.0244 31.9607 31.9554
0.1118 31.8076 31.9756 31.9408 31.8731 31.8119 31.8076
0.1105 31.6596 31.827 31.791 31.7213 31.6628 31.6596
0.1092 31.5089 31.6752 31.6382 31.5667 31.511 31.5089
0.1079 31.3566 31.5216 31.4836 31.4105 31.3576 31.3566
0.1066 31.204 31.3675 31.3284 31.2537 31.204 31.2043
0.1053 31.0476 31.2102 31.1703 31.0941 31.0476 31.049
0.104 30.8895 31.0511 31.0103 30.9329 30.8895 30.8923
0.1027 30.7312 30.8914 30.8497 30.771 30.7312 30.7353
0.1014 30.5699 30.7286 30.6861 30.6063 30.5699 30.5754
0.1001 30.407 30.5639 30.5207 30.4399 30.407 30.4139
0.0988 30.2437 30.3984 30.3545 30.2729 30.2437 30.2521
0.0975 30.0775 30.2299 30.1853 30.1029 30.0775 30.0873
0.0962 29.9095 30.0594 30.0142 29.9312 29.9095 29.9208
0.0949 29.741 29.888 29.8422 29.7587 29.741 29.754
0.0936 29.5695 29.7135 29.6671 29.5832 29.5695 29.584
0.0923 29.3961 29.5369 29.4901 29.4059 29.3961 29.4123
0.091 29.2222 29.3593 29.312 29.2277 29.2222 29.2401
0.0897 29.045 29.1785 29.1308 29.0465 29.045 29.0646
0.0884 28.8633 28.9955 28.9474 28.8633 28.866 28.8873
0.0871 28.6791 28.8113 28.7629 28.6791 28.6863 28.7094
0.0858 28.4917 28.6238 28.5752 28.4917 28.5032 28.5281
0.0845 28.3022 28.434 28.3851 28.3022 28.318 28.3448
0.0832 28.1117 28.2429 28.1938 28.1117 28.1322 28.1609
0.0819 27.9178 28.0483 27.999 27.9178 27.9427 27.9733
0.0806 27.7216 27.8512 27.8019 27.7216 27.7511 27.7836
0.0793 27.5242 27.6526 27.6032 27.5242 27.5586 27.5931
0.078 27.3232 27.4503 27.4009 27.3232 27.3623 27.3988
0.0767 27.1206 27.2461 27.1967 27.1206 27.1646 27.2032
0.0754 26.9147 27.0384 26.9892 26.9147 26.9635 27.0041
0.0741 26.707 26.8285 26.7795 26.707 26.7608 26.8037
0.0728 26.4958 26.6151 26.5662 26.4958 26.5546 26.5995
0.0715 26.2827 26.3993 26.3507 26.2827 26.3467 26.3939
0.0702 26.066 26.1798 26.1316 26.066 26.135 26.1844
0.0689 25.8472 25.9577 25.9099 25.8472 25.9216 25.9733
0.0676 25.6246 25.7318 25.6844 25.6246 25.7042 25.7581
0.0663 25.399 25.5025 25.4556 25.399 25.4838 25.54
0.065 25.1713 25.2705 25.2243 25.1713 25.2618 25.3206
0.0637 24.9392 25.0341 24.9885 24.9392 25.0351 25.0963
0.0624 24.7037 24.7939 24.749 24.7037 24.8051 24.8687
0.0611 24.4659 24.5507 24.5066 24.4659 24.5733 24.6395
0.0598 24.2233 24.3027 24.2594 24.2233 24.3364 24.4051
0.0585 23.9769 24.0505 24.0082 23.9769 24.0958 24.167
0.0572 23.7279 23.7947 23.7535 23.7279 23.853 23.927
0.0559 23.4741 23.5339 23.4939 23.4741 23.6052 23.682
0.0546 23.216 23.2685 23.2297 23.216 23.3533 23.4329
0.0533 22.9536 22.9982 22.9607 22.9536 23.0972 23.1796
0.052 22.6866 22.7228 22.6868 22.6866 22.8367 22.9219
0.0507 22.4077 22.4422 22.4077 22.415 22.5716 22.6597
0.0494 22.1231 22.156 22.1231 22.1384 22.3017 22.3928
0.0481 21.8329 21.864 21.8329 21.8567 22.0267 22.121
0.0468 21.5367 21.566 21.5367 21.5697 21.7466 21.844
0.0455 21.2343 21.2616 21.2343 21.277 21.461 21.5616
0.0442 20.9252 20.9504 20.9252 20.978 21.1691 21.2729
0.0429 20.6096 20.6324 20.6096 20.6737 20.8723 20.9797
0.0416 20.2864 20.3068 20.2864 20.3621 20.5681 20.6788
0.0403 19.9558 19.9735 19.9558 20.0445 20.2584 20.3728
0.039 19.617 19.6319 19.617 19.7193 19.9412 20.0592
0.0377 19.2696 19.2816 19.2696 19.3865 19.6165 19.7383
0.0364 18.9132 18.9219 18.9132 19.0456 19.284 19.4097
0.0351 18.547 18.5524 18.547 18.6962 18.9433 19.073
0.0338 18.1705 18.1723 18.1705 18.3378 18.5938 18.7277
0.0325 17.7809 17.7809 17.783 17.9698 18.2349 18.3731
0.0312 17.3774 17.3774 17.3837 17.5914 17.8661 18.0087
0.0299 16.9609 16.9609 16.9717 17.2021 17.4866 17.6338
0.0286 16.5304 16.5304 16.5459 16.8009 17.0956 17.2477
0.0273 16.0847 16.0847 16.1053 16.387 16.6924 16.8495
0.026 15.6225 15.6225 15.6486 15.9593 16.2758 16.4382
0.0247 15.1423 15.1423 15.1743 15.5167 15.8449 16.0127
0.0234 14.6423 14.6423 14.6807 15.0579 15.3982 15.5719
0.0221 14.1206 14.1206 14.1659 14.5812 14.9345 15.1142
0.0208 13.5747 13.5747 13.6275 14.0851 14.4519 14.6381
0.0195 13.0019 13.0019 13.0629 13.5672 13.9485 14.1417
0.0182 12.3989 12.3989 12.4688 13.0253 13.422 13.6226
0.0169 11.7617 11.7617 11.8413 12.4564 12.8697 13.0782
0.0156 11.0852 11.0852 11.1756 11.857 12.2881 12.5053
0.0143 10.3634 10.3634 10.4657 11.2227 11.6733 11.8999
0.013 9.58842 9.58842 9.70403 10.548 11.0202 11.2571
0.0117 8.7501 8.7501 8.88066 9.82615 10.3222 10.5708
0.0104 7.83487 7.83487 7.98241 9.04804 9.57115 9.83286
0.0091 6.82391 6.82391 6.991 8.2015 8.75568 9.03252
0.0078 5.69008 5.69008 5.88002 7.26944 7.86014 8.15483
0.0065 4.39175 4.39175 4.60897 6.2265 6.86144 7.17778
0.0052 2.85982 2.85982 3.11052 5.03199 5.72272 6.06643
0.0039 0.96467 0.96467 1.25809 3.6117 4.37693 4.75728
0.0026 -1.59214 -1.59214 -1.24165 1.79263 2.66575 3.09926
0.0013 -5.88526 -5.88526 -5.46502 -1.18776 -0.153805 0.359035
