0.093 9.94607 9.94679 9.94671 9.94654 9.94612 9.94607
0.092 9.90138 9.90247 9.90232 9.90201 9.90145 9.90138
0.091 9.85662 9.8581 9.85785 9.85736 9.8567 9.85662
0.09 9.8114 9.81314 9.8128 9.81213 9.81146 9.8114
0.089 9.76563 9.76756 9.76713 9.7663 9.76565 9.76563
0.088 9.71886 9.72091 9.72042 9.71946 9.71886 9.71888
0.087 9.67181 9.67399 9.67341 9.67232 9.67181 9.67188
0.086 9.6241 9.62635 9.6257 9.62449 9.6241 9.62424
0.085 9.5757 9.57798 9.57726 9.57595 9.5757 9.57592
0.084 9.52659 9.52886 9.52807 9.52668 9.52659 9.52689
0.083 9.47666 9.47896 9.47812 9.47666 9.47674 9.47713
0.082 9.42587 9.42828 9.42738 9.42587 9.42614 9.42662
0.081 9.37429 9.37678 9.37584 9.37429 9.37475 9.37534
0.08 9.32189 9.32445 9.32347 9.32189 9.32257 9.32325
0.079 9.26867 9.27127 9.27025 9.26867 9.26956 9.27036
0.078 9.21461 9.21722 9.21617 9.21461 9.21572 9.21663
0.077 9.15966 9.16227 9.16119 9.15966 9.16101 9.16203
0.076 9.10381 9.10641 9.1053 9.10381 9.10541 9.10654
0.075 9.04705 9.0496 9.04848 9.04705 9.04889 9.05015
0.074 8.98937 8.99178 8.99066 8.98937 8.99152 8.99292
0.073 8.93068 8.933 8.93187 8.93068 8.93309 8.93461
0.072 8.87099 8.8732 8.87207 8.87099 8.87367 8.87532
0.071 8.81024 8.81224 8.81113 8.81024 8.81323 8.81503
0.07 8.74848 8.75031 8.74921 8.74848 8.75174 8.75368
0.069 8.68558 8.68715 8.68608 8.68558 8.68915 8.69123
0.068 8.62163 8.623 8.62194 8.62163 8.62549 8.62771
0.067 8.55644 8.55748 8.55647 8.55644 8.56061 8.56299
0.066 8.48988 8.49086 8.48988 8.49012 8.4946 8.49712
0.065 8.42206 8.42299 8.42206 8.42259 8.42738 8.43005
0.064 8.35297 8.35385 8.35297 8.35382 8.35893 8.36175
0.063 8.28258 8.28341 8.28258 8.28377 8.2892 8.29217
0.062 8.21085 8.21162 8.21085 8.21241 8.21816 8.22128
0.061 8.13776 8.13846 8.13776 8.13971 8.14578 8.14905
0.06 8.06325 8.06388 8.06325 8.06562 8.07201 8.07545
0.059 7.9873 7.98785 7.9873 7.99012 7.99683 8.00042
0.058 7.90987 7.91033 7.90987 7.91315 7.92019 7.92394
0.057 7.8309 7.83127 7.8309 7.83468 7.84205 7.84596
0.056 7.75037 7.75064 7.75037 7.75467 7.76238 7.76644
0.055 7.66822 7.66839 7.66822 7.67308 7.68111 7.68533
0.054 7.58441 7.58448 7.58441 7.58985 7.59822 7.6026
0.053 7.49885 7.49885 7.4989 7.50495 7.51366 7.5182
0.052 7.41147 7.41147 7.41164 7.41833 7.42737 7.43207
0.051 7.32228 7.32228 7.32257 7.32993 7.33931 7.34417
0.05 7.23122 7.23122 7.23164 7.23971 7.24943 7.25445
0.049 7.13825 7.13825 7.13881 7.14761 7.15766 7.16285
0.048 7.04331 7.04331 7.04401 7.05357 7.06397 7.06931
0.047 6.94634 6.94634 6.94718 6.95755 6.96828 6.97379
0.046 6.84727 6.84727 6.84827 6.85947 6.87054 6.87621
0.045 6.74605 6.74605 6.7472 6.75927 6.77068 6.77652
0.044 6.64261 6.64261 6.64392 6.65689 6.66865 6.67464
0.043 6.53687 6.53687 6.53835 6.55226 6.56436 6.57052
0.042 6.42876 6.42876 6.43042 6.44531 6.45775 6.46408
0.041 6.31822 6.31822 6.32005 6.33596 6.34875 6.35524
0.04 6.20514 6.20514 6.20716 6.22413 6.23727 6.24393
0.039 6.08945 6.08945 6.09166 6.10974 6.12323 6.13005
0.038 5.97106 5.97106 5.97346 5.9927 6.00653 6.01353
0.037 5.84987 5.84987 5.85247 5.87291 5.8871 5.89427
0.036 5.72577 5.72577 5.72858 5.75027 5.76482 5.77216
0.035 5.59866 5.59866 5.60169 5.62467 5.63959 5.64712
0.034 5.46842 5.46842 5.47166 5.49601 5.51131 5.51901
0.033 5.33492 5.33492 5.33838 5.36416 5.37983 5.38772
0.032 5.19801 5.19801 5.20171 5.22898 5.24505 5.25312
0.031 5.05756 5.05756 5.0615 5.09034 5.10681 5.11508
0.03 4.91339 4.91339 4.91758 4.94807 4.96496 4.97343
0.029 4.76534 4.76534 4.76978 4.80201 4.81933 4.82802
0.028 4.61319 4.61319 4.6179 4.65197 4.66975 4.67865
0.027 4.45674 4.45674 4.46173 4.49776 4.51601 4.52514
0.026 4.29574 4.29574 4.30102 4.33913 4.35788 4.36727
0.025 4.12991 4.12991 4.1355 4.17584 4.19513 4.20477
0.024 3.95896 3.95896 3.96487 4.0076 4.02746 4.03739
0.023 3.78253 3.78253 3.78877 3.83409 3.85458 3.86481
0.022 3.60022 3.60022 3.60683 3.65495 3.67611 3.68667
0.021 3.41157 3.41157 3.41858 3.46976 3.49165 3.50258
0.02 3.21607 3.21607 3.22349 3.27803 3.30073 3.31206
0.019 3.01308 3.01308 3.02097 3.07921 3.10281 3.11457
0.018 2.80189 2.80189 2.81027 2.87264 2.89723 2.90949
0.017 2.58163 2.58163 2.59056 2.65754 2.68325 2.69605
0.016 2.35127 2.35127 2.36081 2.43298 2.45995 2.47338
0.015 2.10956 2.10956 2.11979 2.19785 2.22625 2.24039
0.014 1.85499 1.85499 1.86599 1.95079 1.98084 1.99578
0.013 1.58568 1.58568 1.59755 1.69014 1.72207 1.73795
0.012 1.29926 1.29926 1.31214 1.41381 1.44793 1.4649
0.011 0.992762 0.992762 1.0068 1.11919 1.15588 1.17412
0.01 0.6623 0.6623 0.677706 0.802914 0.842653 0.862399
0.009 0.302764 0.302764 0.319797 0.460598 0.504012 0.525579
0.008 -0.0927756 -0.0927756 -0.0737634 0.0864094 0.134339 0.158143
0.007 -0.534011 -0.534011 -0.512532 -0.327618 -0.273996 -0.247371
0.006 -1.03505 -1.03505 -1.01038 -0.792687 -0.731635 -0.701329
0.005 -1.61752 -1.61752 -1.58856 -1.32518 -1.25395 -1.2186
0.004 -2.31717 -2.31717 -2.28202 -1.95028 -1.86415 -1.82142
0.003 -3.19977 -3.19977 -3.15484 -2.70967 -2.59945 -2.54478
0.002 -4.40999 -4.40999 -4.3473 -3.68045 -3.52496 -3.44785
0.001 -6.40106 -6.40106 -6.29734 -5.04125 -4.77305 -4.64008
