0.147 78.1017 78.1408 78.138 78.1322 78.1039 78.1017
0.1455 77.8359 77.9616 77.9501 77.9268 77.8452 77.8359
0.144 77.5645 77.7348 77.7173 77.6821 77.5777 77.5645
0.1425 77.2889 77.4905 77.468 77.4228 77.3047 77.2889
0.141 77.0098 77.2352 77.2082 77.1541 77.0272 77.0098
0.1395 76.7274 76.9715 76.9405 76.8785 76.7457 76.7274
0.138 76.4418 76.7011 76.6664 76.597 76.4606 76.4418
0.1365 76.1531 76.4249 76.3866 76.3104 76.1721 76.1531
0.135 75.8614 76.1434 76.1019 76.0192 75.8802 75.8614
0.1335 75.5668 75.8571 75.8124 75.7238 75.5851 75.5668
0.132 75.2692 75.5662 75.5187 75.4244 75.2869 75.2692
0.1305 74.9687 75.2711 75.2207 75.1212 74.9854 74.9687
0.129 74.6653 74.9719 74.9188 74.8142 74.6809 74.6653
0.1275 74.3589 74.6686 74.613 74.5036 74.3733 74.3589
0.126 74.0496 74.3614 74.3033 74.1895 74.0626 74.0496
0.1245 73.7373 74.0504 73.99 73.8718 73.7488 73.7373
0.123 73.422 73.7355 73.6729 73.5507 73.4318 73.422
0.1215 73.1037 73.4169 73.3521 73.2261 73.1118 73.1037
0.12 72.7824 73.0945 73.0276 72.898 72.7885 72.7824
0.1185 72.4579 72.7683 72.6994 72.5665 72.4621 72.4579
0.117 72.1304 72.4384 72.3676 72.2315 72.1324 72.1304
0.1155 71.7995 72.1046 72.032 71.893 71.7995 71.7996
0.114 71.4632 71.7671 71.6927 71.551 71.4632 71.4656
0.1125 71.1236 71.4257 71.3497 71.2054 71.1236 71.1284
0.111 70.7806 71.0804 71.0028 70.8562 70.7806 70.7878
0.1095 70.4341 70.7311 70.6521 70.5034 70.4341 70.4439
0.108 70.0841 70.3779 70.2974 70.1468 70.0841 70.0965
0.1065 69.7306 70.0207 69.9389 69.7865 69.7306 69.7456
0.105 69.3733 69.6594 69.5763 69.4225 69.3733 69.3912
0.1035 69.0124 69.2939 69.2096 69.0545 69.0124 69.0331
0.102 68.6477 68.9242 68.8387 68.6826 68.6477 68.6712
0.1005 68.2791 68.5502 68.4637 68.3067 68.2791 68.3056
0.099 67.9066 68.1718 68.0843 67.9268 67.9066 67.9362
0.0975 67.53 67.7889 67.7005 67.5426 67.53 67.5627
0.096 67.1494 67.4014 67.3122 67.1542 67.1494 67.1852
0.0945 66.7615 67.0093 66.9194 66.7615 66.7645 66.8036
0.093 66.3643 66.6124 66.5218 66.3643 66.3754 66.4178
0.0915 65.9626 66.2107 66.1195 65.9626 65.9818 66.0276
0.09 65.5563 65.8039 65.7122 65.5563 65.5837 65.633
0.0885 65.1452 65.3921 65.3 65.1452 65.181 65.2339
0.087 64.7293 64.975 64.8825 64.7293 64.7736 64.83
0.0855 64.3083 64.5525 64.4598 64.3083 64.3614 64.4214
0.084 63.8822 64.1245 64.0316 63.8822 63.9441 64.0079
0.0825 63.4509 63.6908 63.5979 63.4509 63.5217 63.5894
0.081 63.0142 63.2513 63.1584 63.0142 63.0941 63.1656
0.0795 62.5719 62.8058 62.7131 62.5719 62.6611 62.7365
0.078 62.1239 62.3541 62.2616 62.1239 62.2225 62.302
0.0765 61.67 61.8961 61.8039 61.67 61.7782 61.8618
0.075 61.2101 61.4315 61.3397 61.2101 61.3279 61.4157
0.0735 60.7439 60.9601 60.8689 60.7439 60.8716 60.9637
0.072 60.2713 60.4818 60.3912 60.2713 60.409 60.5055
0.0705 59.7921 59.9962 59.9064 59.7921 59.94 60.0409
0.069 59.306 59.5031 59.4143 59.306 59.4642 59.5697
0.0675 58.8128 59.0023 58.9145 58.8128 58.9816 59.0917
0.066 58.3122 58.4935 58.4069 58.3122 58.4918 58.6066
0.0645 57.8041 57.9763 57.8911 57.8041 57.9945 58.1142
0.063 57.2881 57.4506 57.3668 57.2881 57.4896 57.6142
0.0615 56.7639 56.9158 56.8336 56.7639 56.9768 57.1064
0.06 56.2312 56.3717 56.2914 56.2312 56.4556 56.5904
0.0585 55.6897 55.8179 55.7395 55.6897 55.9259 56.0659
0.057 55.139 55.254 55.1777 55.139 55.3872 55.5327
0.0555 54.5787 54.6795 54.6055 54.5787 54.8393 54.9902
0.054 54.0085 54.0939 54.0225 54.0085 54.2816 54.4382
0.0525 53.4279 53.4968 53.4281 53.4279 53.7138 53.8762
0.051 52.8218 52.8875 52.8218 52.8364 53.1354 53.3038
0.0495 52.203 52.2655 52.203 52.2335 52.546 52.7204
0.048 51.5712 51.6302 51.5712 51.6187 51.945 52.1257
0.0465 50.9255 50.9807 50.9255 50.9914 51.3318 51.5189
0.045 50.2652 50.3165 50.2652 50.3509 50.7058 50.8996
0.0435 49.5896 49.6365 49.5896 49.6965 50.0664 50.267
0.042 48.8978 48.94 48.8978 49.0276 49.4127 49.6205
0.0405 48.1887 48.2259 48.1887 48.3432 48.7442 48.9592
0.039 47.4613 47.493 47.4613 47.6424 48.0598 48.2824
0.0375 46.7143 46.7403 46.7143 46.9243 47.3585 47.589
0.036 45.9465 45.9662 45.9465 46.1878 46.6395 46.8781
0.0345 45.1564 45.1693 45.1564 45.4316 45.9014 46.1485
0.033 44.3424 44.3479 44.3424 44.6544 45.143 45.3989
0.0315 43.5 43.5 43.5025 43.8546 44.3629 44.628
0.03 42.6235 42.6235 42.6346 43.0306 43.5594 43.8341
0.0285 41.716 41.716 41.7364 42.1805 42.7307 43.0155
0.027 40.7745 40.7745 40.8051 41.3021 41.8748 42.1702
0.0255 39.7959 39.7959 39.8376 40.3928 40.9893 41.2959
0.024 38.7763 38.7763 38.83 39.4499 40.0714 40.3899
0.0225 37.7111 37.7111 37.7781 38.47 39.1181 39.4493
0.021 36.5952 36.5952 36.6768 37.4492 38.1257 38.4704
0.0195 35.422 35.422 35.5198 36.3829 37.0899 37.4491
0.018 34.1838 34.1838 34.2995 35.2656 36.0055 36.3805
0.0165 32.8709 32.8709 33.0067 34.0905 34.8662 35.2584
0.015 31.471 31.471 31.6294 32.8495 33.6644 34.0755
0.0135 29.9684 29.9684 30.1525 31.532 32.3905 32.8226
0.012 28.3422 28.3422 28.5558 30.1246 31.0319 31.4877
0.0105 26.5636 26.5636 26.8114 28.6093 29.5725 30.0553
0.009 24.5913 24.5913 24.8795 26.9613 27.9894 28.5038
0.0075 22.3625 22.3625 22.6996 25.1441 26.2499 26.8021
0.006 19.7738 19.7738 20.1714 23.1001 24.3021 24.9013
0.0045 16.6329 16.6329 17.1084 20.7251 22.0523 22.7129
0.003 12.5022 12.5022 13.0825 17.7795 19.2816 20.028
0.0015 5.86271 5.86271 6.57886 13.2683 15.0243 15.8956
