0.15 80.3482 80.5675 80.5434 80.4951 80.3653 80.3482
0.1485 80.0855 80.3319 80.303 80.2449 80.1046 80.0855
0.147 79.8196 80.0876 80.0542 79.9874 79.84 79.8196
0.1455 79.5507 79.8362 79.7987 79.7238 79.5718 79.5507
0.144 79.2789 79.5788 79.5375 79.4551 79.3003 79.2789
0.1425 79.0043 79.3161 79.2712 79.1817 79.0256 79.0043
0.141 78.7269 79.0486 79.0003 78.9042 78.7479 78.7269
0.1395 78.4468 78.7767 78.7251 78.6227 78.4671 78.4468
0.138 78.1639 78.5005 78.4458 78.3375 78.1835 78.1639
0.1365 77.8784 78.2202 78.1626 78.0488 77.8969 77.8784
0.135 77.5902 77.9361 77.8757 77.7565 77.6074 77.5902
0.1335 77.2992 77.6483 77.5851 77.4609 77.3151 77.2992
0.132 77.0056 77.3567 77.2909 77.162 77.02 77.0056
0.1305 76.7092 77.0616 76.9933 76.8598 76.7219 76.7092
0.129 76.4101 76.7628 76.6922 76.5544 76.421 76.4101
0.1275 76.1082 76.4606 76.3876 76.2458 76.1172 76.1082
0.126 75.8035 76.1548 76.0796 75.934 75.8105 75.8035
0.1245 75.496 75.8455 75.7682 75.6189 75.5009 75.496
0.123 75.1857 75.5327 75.4533 75.3007 75.1883 75.1857
0.1215 74.8724 75.2163 75.135 74.9792 74.8728 74.8724
0.12 74.5542 74.8965 74.8133 74.6545 74.5542 74.5563
0.1185 74.2325 74.5731 74.4881 74.3265 74.2325 74.2371
0.117 73.9078 74.2461 74.1594 73.9952 73.9078 73.915
0.1155 73.5799 73.9155 73.8271 73.6606 73.5799 73.5898
0.114 73.2489 73.5812 73.4913 73.3226 73.2489 73.2615
0.1125 72.9146 73.2432 73.1518 72.9813 72.9146 72.9301
0.111 72.577 72.9015 72.8087 72.6364 72.577 72.5954
0.1095 72.2361 72.556 72.4619 72.2881 72.2361 72.2574
0.108 71.8918 72.2066 72.1112 71.9362 71.8918 71.9162
0.1065 71.544 71.8534 71.7568 71.5807 71.544 71.5715
0.105 71.1927 71.4961 71.3984 71.2216 71.1927 71.2234
0.1035 70.8378 71.1348 71.0361 70.8587 70.8378 70.8718
0.102 70.4792 70.7694 70.6697 70.4919 70.4792 70.5166
0.1005 70.1169 70.3998 70.2992 70.1214 70.1169 70.1577
0.099 69.7468 70.0259 69.9245 69.7468 69.7508 69.7951
0.0975 69.3682 69.6476 69.5456 69.3682 69.3808 69.4286
0.096 68.9855 69.2649 69.1622 68.9855 69.0068 69.0583
0.0945 68.5986 68.8776 68.7743 68.5986 68.6287 68.6839
0.093 68.2074 68.4856 68.3819 68.2074 68.2465 68.3055
0.0915 67.8118 68.0889 67.9848 67.8118 67.86 67.9228
0.09 67.4117 67.6872 67.5828 67.4117 67.4692 67.5359
0.0885 67.007 67.2806 67.176 67.007 67.0739 67.1446
0.087 66.5975 66.8688 66.7641 66.5975 66.674 66.7487
0.0855 66.1833 66.4517 66.347 66.1833 66.2694 66.3483
0.084 65.764 66.0292 65.9246 65.764 65.86 65.9431
0.0825 65.3397 65.6012 65.4968 65.3397 65.4456 65.533
0.081 64.9101 65.1674 65.0633 64.9101 65.0262 65.1179
0.0795 64.4751 64.7278 64.6241 64.4751 64.6015 64.6977
0.078 64.0346 64.2821 64.1789 64.0346 64.1715 64.2722
0.0765 63.5884 63.8301 63.7276 63.5884 63.7359 63.8413
0.075 63.1364 63.3718 63.2699 63.1364 63.2947 63.4048
0.0735 62.6783 62.9067 62.8058 62.6783 62.8476 62.9624
0.072 62.214 62.4349 62.3349 62.214 62.3944 62.5142
0.0705 61.7432 61.9559 61.8571 61.7432 61.935 62.0598
0.069 61.2659 61.4696 61.3721 61.2659 61.4692 61.599
0.0675 60.7816 60.9757 60.8796 60.7816 60.9967 61.1317
0.066 60.2903 60.474 60.3794 60.2903 60.5173 60.6577
0.0645 59.7917 59.9641 59.8713 59.7917 60.0308 60.1766
0.063 59.2854 59.4458 59.3548 59.2854 59.537 59.6883
0.0615 58.7713 58.9187 58.8298 58.7713 59.0355 59.1924
0.06 58.249 58.3824 58.2957 58.249 58.5261 58.6888
0.0585 57.7183 57.8367 57.7524 57.7183 58.0085 58.1771
0.057 57.1787 57.281 57.1994 57.1787 57.4823 57.6569
0.0555 56.6299 56.715 56.6362 56.6299 56.9472 57.1281
0.054 56.0624 56.1381 56.0624 56.0716 56.4029 56.5901
0.0525 55.4776 55.55 55.4776 55.5032 55.8489 56.0426
0.051 54.8812 54.95 54.8812 54.9245 55.2849 55.4853
0.0495 54.2727 54.3377 54.2727 54.3349 54.7103 54.9176
0.048 53.6514 53.7122 53.6514 53.7339 54.1247 54.3391
0.0465 53.0167 53.0731 53.0167 53.121 53.5276 53.7492
0.045 52.3679 52.4195 52.3679 52.4955 52.9184 53.1475
0.0435 51.7041 51.7507 51.7041 51.8569 52.2965 52.5334
0.042 51.0246 51.0657 51.0246 51.2044 51.6613 51.9061
0.0405 50.3284 50.3636 50.3284 50.5373 51.0119 51.265
0.039 49.6145 49.6434 49.6145 49.8547 50.3477 50.6093
0.0375 48.8817 48.9038 48.8817 49.1557 49.6678 49.9382
0.036 48.1288 48.1436 48.1288 48.4394 48.9711 49.2508
0.0345 47.3543 47.3612 47.3543 47.7046 48.2568 48.5461
0.033 46.5552 46.5552 46.5568 46.9501 47.5236 47.8229
0.0315 45.7237 45.7237 45.7345 46.1746 46.7704 47.08
0.03 44.8646 44.8646 44.8853 45.3765 45.9955 46.3162
0.0285 43.9756 43.9756 44.007 44.5542 45.1976 45.5298
0.027 43.054 43.054 43.0971 43.7058 44.3748 44.7191
0.0255 42.0967 42.0967 42.1525 42.8291 43.5252 43.8823
0.024 41.1003 41.1003 41.17 41.9216 42.6464 43.0172
0.0225 40.0605 40.0605 40.1454 40.9805 41.7359 42.1212
0.021 38.9723 38.9723 39.074 40.0026 40.7906 41.1917
0.0195 37.83 37.83 37.9501 38.984 39.8073 40.2252
0.018 36.6263 36.6263 36.767 37.9204 38.7819 39.2181
0.0165 35.3525 35.3525 35.5162 36.8064 37.7096 38.1659
0.015 33.9976 33.9976 34.1872 35.6357 36.5849 37.0635
0.0135 32.5475 32.5475 32.7666 34.4006 35.4012 35.9046
0.012 30.9838 30.9838 31.2369 33.0916 34.1505 34.6822
0.0105 29.2818 29.2818 29.5746 31.6971 32.8232 33.3875
0.009 27.4067 27.4067 27.7467 30.2025 31.4079 32.0109
0.0075 25.3069 25.3069 25.7046 28.5893 29.8914 30.5417
0.006 22.9013 22.9013 23.3718 26.8355 28.2609 28.9716
0.0045 20.048 20.048 20.6156 24.9193 26.5133 27.3068
0.003 16.4571 16.4571 17.1667 22.85 24.7034 25.6246
0.0015 11.3255 11.3255 12.2876 20.9398 23.3111 24.488
