0.1089 12.4906 12.4952 12.4949 12.4942 12.4909 12.4906
0.1078 12.4478 12.4621 12.4607 12.4577 12.4489 12.4478
0.1067 12.4037 12.4223 12.4201 12.4157 12.4051 12.4037
0.1056 12.3586 12.3799 12.3771 12.3714 12.3601 12.3586
0.1045 12.3126 12.3357 12.3324 12.3257 12.3142 12.3126
0.1034 12.2659 12.2901 12.2863 12.2788 12.2674 12.2659
0.1023 12.2184 12.2434 12.2391 12.2308 12.2197 12.2184
0.1012 12.1701 12.1955 12.1909 12.1819 12.1713 12.1701
0.1001 12.1211 12.1467 12.1418 12.1322 12.1221 12.1211
0.099 12.0714 12.0969 12.0917 12.0816 12.0721 12.0714
0.0979 12.021 12.0462 12.0408 12.0302 12.0214 12.021
0.0968 11.9701 11.9949 11.9892 11.9782 11.9702 11.9701
0.0957 11.9178 11.9423 11.9364 11.925 11.9178 11.9179
0.0946 11.8651 11.8892 11.8831 11.8714 11.8651 11.8655
0.0935 11.8112 11.835 11.8287 11.8168 11.8112 11.8119
0.0924 11.7569 11.7802 11.7737 11.7616 11.7569 11.758
0.0913 11.7016 11.7243 11.7177 11.7055 11.7016 11.703
0.0902 11.6458 11.6678 11.6611 11.6487 11.6458 11.6476
0.0891 11.5892 11.6105 11.6036 11.5912 11.5892 11.5913
0.088 11.5318 11.5523 11.5453 11.5329 11.5318 11.5343
0.0869 11.4736 11.4932 11.4861 11.4738 11.4736 11.4765
0.0858 11.4138 11.4332 11.4261 11.4138 11.4145 11.4178
0.0847 11.353 11.3723 11.3652 11.353 11.3547 11.3583
0.0836 11.2911 11.3103 11.3031 11.2911 11.2936 11.2976
0.0825 11.2286 11.2476 11.2405 11.2286 11.2321 11.2364
0.0814 11.1653 11.184 11.1769 11.1653 11.1696 11.1744
0.0803 11.101 11.1195 11.1124 11.101 11.1063 11.1115
0.0792 11.036 11.0541 11.047 11.036 11.0423 11.0478
0.0781 10.97 10.9877 10.9806 10.97 10.9771 10.983
0.077 10.9031 10.9204 10.9134 10.9031 10.9112 10.9175
0.0759 10.8353 10.852 10.8451 10.8353 10.8443 10.851
0.0748 10.7665 10.7826 10.7758 10.7665 10.7764 10.7835
0.0737 10.6967 10.7122 10.7054 10.6967 10.7076 10.7151
0.0726 10.6259 10.6407 10.6341 10.6259 10.6377 10.6456
0.0715 10.5541 10.5681 10.5616 10.5541 10.5669 10.5751
0.0704 10.4813 10.4945 10.4881 10.4813 10.4949 10.5036
0.0693 10.4074 10.4197 10.4134 10.4074 10.4219 10.431
0.0682 10.3324 10.3437 10.3376 10.3324 10.3478 10.3573
0.0671 10.2562 10.2666 10.2607 10.2562 10.2726 10.2825
0.066 10.1789 10.1882 10.1825 10.1789 10.1963 10.2065
0.0649 10.1005 10.1086 10.1031 10.1005 10.1187 10.1294
0.0638 10.0208 10.0278 10.0225 10.0208 10.04 10.0511
0.0627 9.93995 9.94562 9.94055 9.93995 9.96003 9.9715
0.0616 9.8573 9.86213 9.8573 9.8578 9.87879 9.89066
0.0605 9.77269 9.77727 9.77269 9.77435 9.79625 9.80853
0.0594 9.6867 9.691 9.6867 9.68956 9.71238 9.72507
0.0583 9.59927 9.6033 9.59927 9.60341 9.62715 9.64024
0.0572 9.51038 9.51411 9.51038 9.51586 9.54051 9.55401
0.0561 9.41998 9.4234 9.41998 9.42687 9.45243 9.46634
0.055 9.32803 9.33114 9.32803 9.33639 9.36287 9.37719
0.0539 9.23449 9.23726 9.23449 9.24439 9.27179 9.28652
0.0528 9.13932 9.14173 9.13932 9.15083 9.17914 9.19429
0.0517 9.04245 9.04451 9.04245 9.05565 9.08489 9.10045
0.0506 8.94386 8.94553 8.94386 8.95882 8.98898 9.00496
0.0495 8.84347 8.84476 8.84347 8.86028 8.89136 8.90777
0.0484 8.74125 8.74212 8.74125 8.75999 8.79199 8.80882
0.0473 8.63713 8.63758 8.63713 8.65788 8.69082 8.70807
0.0462 8.53104 8.53106 8.53104 8.5539 8.58778 8.60546
0.0451 8.4225 8.4225 8.42294 8.448 8.48282 8.50094
0.044 8.31184 8.31184 8.31275 8.34011 8.37587 8.39443
0.0429 8.199 8.199 8.2004 8.23016 8.26688 8.28588
0.0418 8.08392 8.08392 8.08582 8.1181 8.15577 8.17522
0.0407 7.9665 7.9665 7.96893 8.00383 8.04248 8.06237
0.0396 7.84668 7.84668 7.84964 7.8873 7.92692 7.94727
0.0385 7.72436 7.72436 7.72788 7.76841 7.80902 7.82983
0.0374 7.59944 7.59944 7.60354 7.64708 7.68869 7.70998
0.0363 7.47183 7.47183 7.47652 7.52321 7.56584 7.5876
0.0352 7.34142 7.34142 7.34672 7.39672 7.44038 7.46262
0.0341 7.20809 7.20809 7.21403 7.26749 7.3122 7.33493
0.033 7.07171 7.07171 7.07831 7.13541 7.18118 7.20442
0.0319 6.93216 6.93216 6.93943 7.00036 7.04721 7.07097
0.0308 6.78927 6.78927 6.79725 6.8622 6.91017 6.93445
0.0297 6.6429 6.6429 6.65161 6.7208 6.7699 6.79472
0.0286 6.49287 6.49287 6.50234 6.57599 6.62625 6.65162
0.0275 6.33899 6.33899 6.34924 6.4276 6.47906 6.50501
0.0264 6.18103 6.18103 6.19209 6.27545 6.32814 6.35468
0.0253 6.01877 6.01877 6.03068 6.11933 6.17329 6.20043
0.0242 5.85194 5.85194 5.86473 5.959 6.01428 6.04205
0.0231 5.68024 5.68024 5.69395 5.79421 5.85085 5.87929
0.022 5.50334 5.50334 5.51801 5.62466 5.68273 5.71185
0.0209 5.32086 5.32086 5.33653 5.45002 5.50959 5.53943
0.0198 5.13236 5.13236 5.14908 5.26993 5.33106 5.36167
0.0187 4.93734 4.93734 4.95517 5.08394 5.14673 5.17814
0.0176 4.73521 4.73521 4.75421 4.89157 4.95612 4.98839
0.0165 4.5253 4.5253 4.54553 4.69224 4.75867 4.79184
0.0154 4.30678 4.30678 4.32833 4.48528 4.55371 4.58787
0.0143 4.07869 4.07869 4.10164 4.26987 4.34048 4.3757
0.0132 3.83985 3.83985 3.8643 4.04505 4.11803 4.15441
0.0121 3.58881 3.58881 3.61488 3.80965 3.88524 3.9229
0.011 3.32375 3.32375 3.35159 3.56224 3.64072 3.6798
0.0099 3.04238 3.04238 3.07216 3.30099 3.38275 3.42342
0.0088 2.74168 2.74168 2.77362 3.02361 3.1091 3.15161
0.0077 2.41759 2.41759 2.45197 2.72707 2.81691 2.86157
0.0066 2.06449 2.06449 2.10166 2.40729 2.50235 2.54958
0.0055 1.67413 1.67413 1.71458 2.05861 2.16011 2.21052
0.0044 1.23365 1.23365 1.27809 1.6727 1.78255 1.83707
0.0033 0.721015 0.721015 0.770562 1.23671 1.35815 1.4184
0.0022 0.0921976 0.0921976 0.148884 0.729331 0.868923 0.938158
0.0011 -0.7705 -0.7705 -0.701757 0.116812 0.293384 0.38093
