0.15 79.8435 80.0541 80.0309 79.9844 79.86 79.8435
0.1485 79.5777 79.814 79.7862 79.7304 79.596 79.5777
0.147 79.3088 79.5655 79.5334 79.4693 79.3283 79.3088
0.1455 79.0369 79.3102 79.2742 79.2023 79.0571 79.0369
0.144 78.7622 79.0491 79.0095 78.9304 78.7826 78.7622
0.1425 78.4846 78.7828 78.7398 78.6541 78.505 78.4846
0.141 78.2043 78.5119 78.4656 78.3736 78.2243 78.2043
0.1395 77.9213 78.2365 78.1871 78.0892 77.9407 77.9213
0.138 77.6356 77.9571 77.9048 77.8012 77.6542 77.6356
0.1365 77.3471 77.6737 77.6185 77.5097 77.3647 77.3471
0.135 77.056 77.3865 77.3286 77.2147 77.0725 77.056
0.1335 76.7622 77.0956 77.0351 76.9164 76.7773 76.7622
0.132 76.4657 76.801 76.7381 76.6148 76.4794 76.4657
0.1305 76.1664 76.5029 76.4376 76.31 76.1785 76.1664
0.129 75.8645 76.2013 76.1337 76.002 75.8748 75.8645
0.1275 75.5597 75.8961 75.8263 75.6908 75.5682 75.5597
0.126 75.2521 75.5874 75.5156 75.3764 75.2587 75.2521
0.1245 74.9417 75.2753 75.2014 75.0588 74.9463 74.9417
0.123 74.6285 74.9597 74.8838 74.738 74.6309 74.6285
0.1215 74.3123 74.6406 74.5629 74.4139 74.3126 74.3123
0.12 73.9912 74.3179 74.2384 74.0867 73.9912 73.9933
0.1185 73.6667 73.9917 73.9105 73.7562 73.6667 73.6712
0.117 73.3391 73.662 73.5791 73.4223 73.3391 73.3461
0.1155 73.0084 73.3286 73.2442 73.0852 73.0084 73.0179
0.114 72.6745 72.9916 72.9057 72.7447 72.6745 72.6867
0.1125 72.3373 72.651 72.5636 72.4007 72.3373 72.3522
0.111 71.9968 72.3065 72.2179 72.0534 71.9968 72.0145
0.1095 71.653 71.9583 71.8684 71.7025 71.653 71.6735
0.108 71.3058 71.6062 71.5151 71.348 71.3058 71.3292
0.1065 70.9551 71.2503 71.158 70.9899 70.9551 70.9815
0.105 70.6008 70.8903 70.797 70.6281 70.6008 70.6303
0.1035 70.2429 70.5263 70.432 70.2626 70.2429 70.2755
0.102 69.8813 70.1582 70.063 69.8932 69.8813 69.9171
0.1005 69.516 69.7858 69.6898 69.52 69.516 69.5551
0.099 69.1427 69.4092 69.3124 69.1427 69.1468 69.1892
0.0975 68.7615 69.0282 68.9307 68.7615 68.7737 68.8195
0.096 68.376 68.6427 68.5447 68.376 68.3966 68.4459
0.0945 67.9864 68.2527 68.1541 67.9864 68.0154 68.0682
0.093 67.5924 67.858 67.7589 67.5924 67.63 67.6864
0.0915 67.194 67.4584 67.3591 67.194 67.2403 67.3004
0.09 66.791 67.054 66.9544 66.791 66.8462 66.91
0.0885 66.3834 66.6446 66.5447 66.3834 66.4476 66.5152
0.087 65.9711 66.23 66.13 65.9711 66.0444 66.1158
0.0855 65.5539 65.8101 65.7101 65.5539 65.6364 65.7118
0.084 65.1317 65.3848 65.2849 65.1317 65.2236 65.303
0.0825 64.7043 64.9539 64.8542 64.7043 64.8057 64.8893
0.081 64.2717 64.5172 64.4178 64.2717 64.3828 64.4705
0.0795 63.8336 64.0747 63.9757 63.8336 63.9546 64.0465
0.078 63.3899 63.626 63.5275 63.3899 63.5209 63.6172
0.0765 62.9406 63.1711 63.0732 62.9406 63.0817 63.1824
0.075 62.4853 62.7098 62.6126 62.4853 62.6367 62.7419
0.0735 62.0239 62.2418 62.1454 62.0239 62.1858 62.2956
0.072 61.5562 61.7668 61.6714 61.5562 61.7287 61.8432
0.0705 61.082 61.2848 61.1905 61.082 61.2654 61.3846
0.069 60.6012 60.7954 60.7023 60.6012 60.7955 60.9196
0.0675 60.1134 60.2984 60.2066 60.1134 60.319 60.448
0.066 59.6184 59.7935 59.7032 59.6184 59.8354 59.9695
0.0645 59.1161 59.2804 59.1918 59.1161 59.3447 59.484
0.063 58.606 58.7588 58.672 58.606 58.8465 58.991
0.0615 58.088 58.2284 58.1435 58.088 58.3405 58.4905
0.06 57.5618 57.6887 57.6061 57.5618 57.8266 57.982
0.0585 57.0269 57.1396 57.0592 57.0269 57.3043 57.4654
0.057 56.4831 56.5804 56.5026 56.4831 56.7733 56.9402
0.0555 55.9301 56.0109 55.9357 55.9301 56.2333 56.4061
0.054 55.3583 55.4304 55.3583 55.3673 55.684 55.8628
0.0525 54.7696 54.8386 54.7696 54.7945 55.1248 55.3099
0.051 54.1694 54.2349 54.1694 54.2111 54.5554 54.7469
0.0495 53.5568 53.6188 53.5568 53.6167 53.9753 54.1734
0.048 52.9315 52.9895 52.9315 53.0107 53.3841 53.5889
0.0465 52.2926 52.3463 52.2926 52.3927 52.7811 52.9928
0.045 51.6395 51.6887 51.6395 51.7619 52.1659 52.3847
0.0435 50.9713 51.0157 50.9713 51.1177 51.5377 51.7639
0.042 50.2873 50.3264 50.2873 50.4595 50.8959 51.1297
0.0405 49.5864 49.6199 49.5864 49.7864 50.2398 50.4815
0.039 48.8677 48.8951 48.8677 49.0976 49.5685 49.8184
0.0375 48.1299 48.1508 48.1299 48.3921 48.8812 49.1395
0.036 47.3718 47.3857 47.3718 47.669 48.1769 48.444
0.0345 46.592 46.5984 46.592 46.927 47.4545 47.7307
0.033 45.7872 45.7872 45.7889 46.1651 46.7128 46.9986
0.0315 44.9502 44.9502 44.9607 45.3816 45.9506 46.2463
0.03 44.0854 44.0854 44.1054 44.5752 45.1663 45.4725
0.0285 43.1905 43.1905 43.2207 43.744 44.3584 44.6756
0.027 42.2627 42.2627 42.3041 42.8861 43.525 43.8537
0.0255 41.2989 41.2989 41.3524 41.9992 42.6639 43.0049
0.024 40.2956 40.2956 40.3623 41.0808 41.7729 42.1269
0.0225 39.2484 39.2484 39.3297 40.128 40.8492 41.2171
0.021 38.1524 38.1524 38.2497 39.1373 39.8897 40.2725
0.0195 37.0017 37.0017 37.1166 38.1048 38.8907 39.2896
0.018 35.7889 35.7889 35.9234 37.0257 37.848 38.2644
0.0165 34.5051 34.5051 34.6616 35.8945 36.7566 37.1921
0.015 33.1391 33.1391 33.3204 34.7044 35.6104 36.0671
0.0135 31.6767 31.6767 31.8861 33.4472 34.4021 34.8825
0.012 30.0991 30.0991 30.341 32.1127 33.123 33.6303
0.0105 28.3809 28.3809 28.6606 30.688 31.7622 32.3006
0.009 26.4865 26.4865 26.8113 29.1565 30.3062 30.8813
0.0075 24.3631 24.3631 24.7427 27.497 28.7384 29.3584
0.006 21.9267 21.9267 22.3756 25.6815 27.04 27.7172
0.0045 19.0301 19.0301 19.5713 23.6765 25.1943 25.9499
0.003 15.3727 15.3727 16.0481 21.4628 23.2249 24.1007
0.0015 10.0855 10.0855 10.9963 19.2087 21.4524 22.5659
