0.13 35.2935 35.4575 35.4345 35.3886 35.305 35.2935
0.1287 35.1674 35.3372 35.3123 35.2628 35.1788 35.1674
0.1274 35.0544 35.229 35.2023 35.1494 35.0655 35.0544
0.1261 34.9257 35.1043 35.076 35.0198 34.9365 34.9257
0.1248 34.7958 34.9776 34.9477 34.8885 34.8061 34.7958
0.1235 34.6656 34.85 34.8185 34.7563 34.6753 34.6656
0.1222 34.5332 34.7196 34.6866 34.6217 34.5422 34.5332
0.1209 34.3996 34.5874 34.553 34.4855 34.4078 34.3996
0.1196 34.2647 34.4535 34.4177 34.3478 34.2722 34.2647
0.1183 34.1286 34.3179 34.2809 34.2086 34.1352 34.1286
0.117 33.9922 34.1815 34.1432 34.0686 33.9977 33.9922
0.1157 33.8536 34.0425 34.003 33.9264 33.8581 33.8536
0.1144 33.7137 33.902 33.8613 33.7827 33.7172 33.7137
0.1131 33.5726 33.7598 33.718 33.6375 33.5749 33.5726
0.1118 33.4301 33.616 33.5732 33.4909 33.4313 33.4301
0.1105 33.2872 33.4713 33.4275 33.3436 33.2872 33.2873
0.1092 33.1408 33.3242 33.2794 33.194 33.1408 33.1422
0.1079 32.9931 33.1755 33.1298 33.0429 32.9931 32.9958
0.1066 32.844 33.0252 32.9786 32.8904 32.844 32.8481
0.1053 32.6935 32.8732 32.8257 32.7363 32.6935 32.699
0.104 32.5424 32.7203 32.672 32.5815 32.5424 32.5494
0.1027 32.389 32.5649 32.5158 32.4244 32.389 32.3975
0.1014 32.2342 32.4078 32.358 32.2657 32.2342 32.2442
0.1001 32.0778 32.249 32.1986 32.1054 32.0778 32.0894
0.0988 31.905 32.0734 32.0223 31.9285 31.905 31.9182
0.0975 31.7455 31.911 31.8593 31.765 31.7455 31.7603
0.0962 31.5844 31.7469 31.6945 31.5998 31.5844 31.6009
0.0949 31.4218 31.5809 31.528 31.433 31.4218 31.44
0.0936 31.2583 31.4136 31.3603 31.2651 31.2583 31.2782
0.0923 31.0923 31.2438 31.1901 31.0949 31.0923 31.1141
0.091 30.9229 31.0722 31.018 30.9229 30.9247 30.9483
0.0897 30.7491 30.8985 30.844 30.7491 30.7554 30.7808
0.0884 30.5741 30.7235 30.6686 30.5741 30.5851 30.6124
0.0871 30.3966 30.5458 30.4907 30.3966 30.4122 30.4414
0.0858 30.2173 30.3661 30.3107 30.2173 30.2375 30.2687
0.0845 30.036 30.1842 30.1286 30.036 30.0609 30.0941
0.0832 29.8534 30.0008 29.945 29.8534 29.8832 29.9185
0.0819 29.6681 29.8145 29.7587 29.6681 29.7028 29.7401
0.0806 29.4808 29.626 29.5701 29.4808 29.5204 29.5598
0.0793 29.2914 29.4352 29.3793 29.2914 29.3359 29.3775
0.078 29.1004 29.2425 29.1867 29.1004 29.1502 29.194
0.0767 28.9066 29.0469 28.9911 28.9066 28.9616 29.0075
0.0754 28.7105 28.8487 28.7931 28.7105 28.7707 28.8189
0.0741 28.5122 28.6479 28.5925 28.5122 28.5775 28.628
0.0728 28.3121 28.4451 28.39 28.3121 28.383 28.4358
0.0715 28.1088 28.239 28.1842 28.1088 28.1852 28.2403
0.0702 27.9031 28.0301 27.9756 27.9031 27.9849 28.0425
0.0689 27.6953 27.8188 27.7647 27.6953 27.7829 27.8429
0.0676 27.4843 27.604 27.5505 27.4843 27.5775 27.6401
0.0663 27.2706 27.3863 27.3333 27.2706 27.3696 27.4346
0.065 27.0546 27.1657 27.1134 27.0546 27.1596 27.2273
0.0637 26.8352 26.9416 26.8899 26.8352 26.9461 27.0164
0.0624 26.6128 26.7141 26.6632 26.6128 26.7297 26.8026
0.0611 26.3879 26.4835 26.4334 26.3879 26.511 26.5868
0.0598 26.1592 26.2489 26.1998 26.1592 26.2885 26.367
0.0585 25.9272 26.0106 25.9625 25.9272 26.0629 26.1442
0.0572 25.6924 25.7688 25.7218 25.6924 25.8347 25.9189
0.0559 25.4537 25.5228 25.477 25.4537 25.6026 25.6898
0.0546 25.2114 25.2726 25.2281 25.2114 25.367 25.4572
0.0533 24.9653 25.0181 24.9751 24.9653 25.1277 25.221
0.052 24.7152 24.7592 24.7176 24.7152 24.8846 24.9811
0.0507 24.4555 24.4955 24.4555 24.4611 24.6376 24.7373
0.0494 24.1886 24.227 24.1886 24.2026 24.3863 24.4892
0.0481 23.917 23.9535 23.917 23.9401 24.1312 24.2375
0.0468 23.64 23.6745 23.64 23.6725 23.8712 23.9809
0.0455 23.3577 23.3901 23.3577 23.4007 23.6071 23.7204
0.0442 23.0696 23.0998 23.0696 23.1234 23.3376 23.4545
0.0429 22.7757 22.8034 22.7757 22.8413 23.0637 23.1844
0.0416 22.4754 22.5006 22.4754 22.5533 22.784 22.9084
0.0403 22.1686 22.1911 22.1686 22.26 22.4993 22.6277
0.039 21.8548 21.8744 21.8548 21.9603 22.2083 22.3407
0.0377 21.5553 21.5717 21.5553 21.6763 21.9334 22.07
0.0364 21.2267 21.2399 21.2267 21.3639 21.6302 21.7711
0.0351 20.8899 20.8994 20.8899 21.045 21.3209 21.4663
0.0338 20.522 20.5277 20.522 20.696 20.9818 21.1318
0.0325 20.1669 20.1687 20.1669 20.3611 20.657 20.8118
0.0312 19.7992 19.7992 19.8019 20.0184 20.3249 20.4847
0.0299 19.4191 19.4191 19.4264 19.6664 19.9838 20.1487
0.0286 19.0269 19.0269 19.0392 19.3053 19.6344 19.8046
0.0273 18.6222 18.6222 18.64 18.9341 19.275 19.4509
0.026 18.2039 18.2039 18.2274 18.5521 18.9055 19.0872
0.0247 17.771 17.771 17.8008 18.1583 18.5247 18.7126
0.0234 17.3213 17.3213 17.3579 17.7524 18.1326 18.3271
0.0221 16.8543 16.8543 16.8982 17.3329 17.7276 17.929
0.0208 16.3677 16.3677 16.4197 16.8987 17.3088 17.5176
0.0195 15.8595 15.8595 15.9202 16.4486 16.875 17.0916
0.0182 15.3273 15.3273 15.3975 15.981 16.4249 16.6499
0.0169 14.768 14.768 14.8488 15.4941 15.9569 16.1909
0.0156 14.1781 14.1781 14.2705 14.9858 15.4691 15.7129
0.0143 13.5531 13.5531 13.6585 14.4538 14.9593 15.214
0.013 12.8875 12.8875 13.0074 13.895 14.4252 14.6918
0.0117 12.1741 12.1741 12.3104 13.3059 13.8637 14.1436
0.0104 11.4036 11.4036 11.5588 12.6823 13.2713 13.5664
0.0091 10.5635 10.5635 10.7405 12.0189 12.6439 12.9566
0.0078 9.6358 9.6358 9.83864 11.3092 11.9768 12.3103
0.0065 8.5943 8.5943 8.82841 10.5455 11.2651 11.6239
0.0052 7.39712 7.39712 7.67042 9.71885 10.5048 10.8963
0.0039 5.97078 5.97078 6.29578 8.82293 9.69979 10.1359
0.0026 4.1637 4.1637 4.56324 7.87257 8.88957 9.39478
0.0013 1.54945 1.54945 2.07891 7.05967 8.35733 9.00119
