0.1078 12.3904 12.4032 12.4019 12.3994 12.3913 12.3904
0.1067 12.3462 12.364 12.362 12.3578 12.3476 12.3462
0.1056 12.301 12.3218 12.3191 12.3137 12.3026 12.301
0.1045 12.255 12.2777 12.2745 12.268 12.2565 12.255
0.1034 12.2081 12.2321 12.2284 12.2211 12.2096 12.2081
0.1023 12.153 12.1778 12.1737 12.1656 12.1544 12.153
0.1012 12.1049 12.1302 12.1257 12.1168 12.1061 12.1049
0.1001 12.0554 12.0809 12.0761 12.0666 12.0564 12.0554
0.099 12.0057 12.0313 12.0261 12.0161 12.0065 12.0057
0.0979 11.9548 11.9801 11.9747 11.9642 11.9553 11.9548
0.0968 11.9036 11.9286 11.9229 11.912 11.9038 11.9036
0.0957 11.8512 11.8758 11.8699 11.8586 11.8512 11.8512
0.0946 11.7982 11.8225 11.8164 11.8048 11.7982 11.7986
0.0935 11.7441 11.768 11.7617 11.7499 11.7441 11.7448
0.0924 11.6895 11.7129 11.7065 11.6944 11.6895 11.6906
0.0913 11.6342 11.657 11.6504 11.6382 11.6342 11.6356
0.0902 11.5781 11.6002 11.5935 11.5812 11.5781 11.5798
0.0891 11.5211 11.5426 11.5357 11.5233 11.5211 11.5232
0.088 11.4634 11.484 11.4771 11.4647 11.4634 11.4658
0.0869 11.4043 11.4242 11.4172 11.4048 11.4043 11.4071
0.0858 11.3445 11.3639 11.3568 11.3445 11.345 11.3481
0.0847 11.2833 11.3027 11.2956 11.2833 11.2847 11.2883
0.0836 11.2213 11.2406 11.2334 11.2213 11.2237 11.2276
0.0825 11.1585 11.1775 11.1704 11.1585 11.1617 11.166
0.0814 11.0947 11.1135 11.1064 11.0947 11.0989 11.1036
0.0803 11.0301 11.0487 11.0415 11.0301 11.0353 11.0404
0.0792 10.9646 10.9828 10.9757 10.9646 10.9706 10.9761
0.0781 10.8982 10.916 10.9089 10.8982 10.9052 10.9111
0.077 10.8309 10.8482 10.8412 10.8309 10.8388 10.845
0.0759 10.7626 10.7794 10.7724 10.7626 10.7714 10.7781
0.0748 10.6933 10.7095 10.7026 10.6933 10.7031 10.7101
0.0737 10.623 10.6386 10.6318 10.623 10.6337 10.6411
0.0726 10.5517 10.5666 10.5599 10.5517 10.5634 10.5712
0.0715 10.4794 10.4935 10.4869 10.4794 10.492 10.5002
0.0704 10.4059 10.4193 10.4129 10.4059 10.4195 10.4281
0.0693 10.3315 10.3439 10.3376 10.3315 10.3459 10.3549
0.0682 10.2559 10.2673 10.2612 10.2559 10.2712 10.2806
0.0671 10.1791 10.1896 10.1837 10.1791 10.1954 10.2052
0.066 10.1012 10.1106 10.1049 10.1012 10.1184 10.1286
0.0649 10.0221 10.0304 10.0248 10.0221 10.0402 10.0508
0.0638 9.94173 9.94883 9.9435 9.94173 9.9608 9.97182
0.0627 9.86014 9.86597 9.86086 9.86014 9.88012 9.89155
0.0616 9.77688 9.78174 9.77688 9.77725 9.79815 9.80998
0.0605 9.69151 9.69612 9.69151 9.69303 9.71485 9.72709
0.0594 9.60472 9.60906 9.60472 9.60745 9.63019 9.64284
0.0583 9.51647 9.52053 9.51647 9.52048 9.54414 9.55719
0.0572 9.42673 9.43049 9.42673 9.43208 9.45665 9.47012
0.0561 9.33544 9.3389 9.33544 9.34219 9.36769 9.38156
0.055 9.24257 9.24571 9.24257 9.2508 9.27721 9.2915
0.0539 9.14808 9.15088 9.14808 9.15784 9.18517 9.19988
0.0528 9.0519 9.05435 9.0519 9.06328 9.09153 9.10665
0.0517 8.954 8.95609 8.954 8.96707 8.99624 9.01178
0.0506 8.85432 8.85603 8.85432 8.86915 8.89925 8.91521
0.0495 8.75281 8.75413 8.75281 8.76949 8.80052 8.8169
0.0484 8.64941 8.65032 8.64941 8.66802 8.69998 8.71678
0.0473 8.54406 8.54454 8.54406 8.56468 8.59758 8.61481
0.0462 8.43669 8.43674 8.43669 8.45943 8.49326 8.51093
0.0451 8.32684 8.32684 8.32725 8.35219 8.38696 8.40507
0.044 8.21477 8.21477 8.21566 8.2429 8.27862 8.29716
0.0429 8.10047 8.10047 8.10184 8.13148 8.16817 8.18715
0.0418 7.98384 7.98384 7.98572 8.01788 8.05553 8.07496
0.0407 7.86482 7.86482 7.86722 7.90201 7.94062 7.96051
0.0396 7.7433 7.7433 7.74624 7.78378 7.82338 7.84372
0.0385 7.6192 7.6192 7.62269 7.66311 7.7037 7.72451
0.0374 7.4924 7.4924 7.49648 7.53991 7.58151 7.60278
0.0363 7.36282 7.36282 7.36749 7.41408 7.45669 7.47844
0.0352 7.23032 7.23032 7.23561 7.28551 7.32915 7.35139
0.0341 7.09479 7.09479 7.10071 7.15409 7.19878 7.22151
0.033 6.95608 6.95608 6.96266 7.01968 7.06544 7.08868
0.0319 6.81406 6.81406 6.82132 6.88217 6.92902 6.95277
0.0308 6.66856 6.66856 6.67653 6.7414 6.78936 6.81364
0.0297 6.5194 6.5194 6.5281 6.59722 6.64631 6.67113
0.0286 6.3664 6.3664 6.37586 6.44945 6.49971 6.52508
0.0275 6.20935 6.20935 6.21959 6.29791 6.34936 6.3753
0.0264 6.048 6.048 6.05905 6.14237 6.19506 6.22159
0.0253 5.88209 5.88209 5.894 5.98262 6.03658 6.06372
0.0242 5.71134 5.71134 5.72413 5.81838 5.87366 5.90144
0.0231 5.53541 5.53541 5.54912 5.64937 5.70602 5.73445
0.022 5.35393 5.35393 5.3686 5.47525 5.53333 5.56245
0.0209 5.16647 5.16647 5.18214 5.29565 5.35522 5.38506
0.0198 4.97253 4.97253 4.98926 5.11013 5.17127 5.20188
0.0187 4.77154 4.77154 4.78938 4.9182 4.981 5.01241
0.0176 4.56284 4.56284 4.58185 4.71927 4.78383 4.81609
0.0165 4.34564 4.34564 4.36588 4.51267 4.5791 4.61228
0.0154 4.11898 4.11898 4.14053 4.29759 4.36603 4.40019
0.0143 3.88174 3.88174 3.9047 4.07305 4.14367 4.1789
0.0132 3.63251 3.63251 3.65698 3.83788 3.91088 3.94726
0.0121 3.36957 3.36957 3.39567 3.59062 3.66623 3.70389
0.011 3.09073 3.09073 3.11859 3.32945 3.40796 3.44704
0.0099 2.79313 2.79313 2.82293 3.05203 3.1338 3.17448
0.0088 2.47301 2.47301 2.50498 2.75529 2.8408 2.88332
0.0077 2.12519 2.12519 2.15959 2.43508 2.52495 2.56961
0.0066 1.74227 1.74227 1.77946 2.08558 2.18066 2.2279
0.0055 1.31309 1.31309 1.35357 1.69821 1.79973 1.85014
0.0044 0.819538 0.819538 0.864002 1.25941 1.36927 1.42381
0.0033 0.228871 0.228871 0.278432 0.745675 0.867131 0.927394
0.0022 -0.529183 -0.529183 -0.472515 0.109573 0.249188 0.318434
0.0011 -1.66552 -1.66552 -1.59692 -0.77534 -0.598742 -0.511185
