0.1067 11.8219 11.8254 11.8251 11.8246 11.8221 11.8219
0.1056 11.7754 11.789 11.7876 11.7849 11.7764 11.7754
0.1045 11.7285 11.7469 11.7447 11.7404 11.7299 11.7285
0.1034 11.6806 11.7018 11.699 11.6934 11.6821 11.6806
0.1023 11.6316 11.6547 11.6514 11.6447 11.6332 11.6316
0.1012 11.5818 11.6061 11.6023 11.5947 11.5833 11.5818
0.1001 11.5311 11.5561 11.5519 11.5435 11.5324 11.5311
0.099 11.4795 11.505 11.5004 11.4913 11.4807 11.4795
0.0979 11.4262 11.4518 11.4469 11.4373 11.4272 11.4262
0.0968 11.373 11.3985 11.3933 11.3832 11.3737 11.373
0.0957 11.3189 11.3443 11.3388 11.3282 11.3194 11.3189
0.0946 11.2641 11.289 11.2832 11.2722 11.2642 11.2641
0.0935 11.2082 11.2327 11.2268 11.2154 11.2082 11.2083
0.0924 11.1513 11.1755 11.1693 11.1576 11.1513 11.1518
0.0913 11.0935 11.1173 11.111 11.099 11.0935 11.0943
0.0902 11.0349 11.0582 11.0516 11.0395 11.0349 11.0361
0.0891 10.9754 10.998 10.9914 10.9791 10.9754 10.9769
0.088 10.915 10.937 10.9302 10.9178 10.915 10.9169
0.0869 10.8537 10.8749 10.868 10.8556 10.8537 10.8559
0.0858 10.7917 10.812 10.805 10.7926 10.7917 10.7943
0.0847 10.7285 10.748 10.7409 10.7285 10.7285 10.7315
0.0836 10.6637 10.6831 10.676 10.6637 10.6646 10.668
0.0825 10.5977 10.617 10.6099 10.5977 10.5996 10.6033
0.0814 10.5309 10.5501 10.5429 10.5309 10.5338 10.5379
0.0803 10.4631 10.482 10.4748 10.4631 10.4669 10.4714
0.0792 10.3942 10.4129 10.4057 10.3942 10.399 10.4039
0.0781 10.3243 10.3426 10.3355 10.3243 10.33 10.3354
0.077 10.2534 10.2713 10.2642 10.2534 10.2601 10.2658
0.0759 10.1813 10.1988 10.1918 10.1813 10.189 10.1951
0.0748 10.1082 10.1251 10.1182 10.1082 10.1168 10.1234
0.0737 10.034 10.0503 10.0434 10.034 10.0435 10.0505
0.0726 9.95856 9.97427 9.96748 9.95856 9.96911 9.97644
0.0715 9.88198 9.89699 9.8903 9.88198 9.89348 9.90123
0.0704 9.80419 9.81843 9.81187 9.80419 9.81665 9.82481
0.0693 9.72517 9.73857 9.73215 9.72517 9.73858 9.74715
0.0682 9.64487 9.65738 9.6511 9.64487 9.65924 9.66821
0.0671 9.56327 9.57481 9.56871 9.56327 9.57859 9.58798
0.066 9.48034 9.49085 9.48492 9.48034 9.49661 9.50641
0.0649 9.39603 9.40544 9.3997 9.39603 9.41325 9.42346
0.0638 9.31031 9.31855 9.31302 9.31031 9.32848 9.3391
0.0627 9.22314 9.23014 9.22483 9.22314 9.24225 9.25329
0.0616 9.13447 9.14017 9.1351 9.13447 9.15454 9.16599
0.0605 9.04377 9.04859 9.04377 9.04428 9.06528 9.07716
0.0594 8.95079 8.95535 8.95079 8.9525 8.97445 8.98674
0.0583 8.85613 8.86042 8.85613 8.8591 8.88199 8.8947
0.0572 8.75973 8.76372 8.75973 8.76402 8.78786 8.80099
0.0561 8.66153 8.66522 8.66153 8.66722 8.69199 8.70555
0.055 8.56149 8.56485 8.56149 8.56863 8.59435 8.60832
0.0539 8.45953 8.46256 8.45953 8.46821 8.49487 8.50927
0.0528 8.3556 8.35828 8.3556 8.36589 8.39349 8.40831
0.0517 8.24963 8.25195 8.24963 8.2616 8.29015 8.3054
0.0506 8.14156 8.1435 8.14156 8.15529 8.18479 8.20047
0.0495 8.03131 8.03285 8.03131 8.04689 8.07733 8.09344
0.0484 7.91881 7.91993 7.91881 7.93631 7.9677 7.98424
0.0473 7.80396 7.80467 7.80396 7.82349 7.85583 7.87281
0.0462 7.6867 7.68696 7.6867 7.70833 7.74163 7.75905
0.0451 7.56672 7.56672 7.56692 7.59076 7.62502 7.64288
0.044 7.44385 7.44385 7.44453 7.47068 7.50591 7.52421
0.0429 7.31825 7.31825 7.31942 7.34799 7.38419 7.40295
0.0418 7.18982 7.18982 7.19149 7.22259 7.25977 7.27898
0.0407 7.05842 7.05842 7.06062 7.09437 7.13253 7.15219
0.0396 6.92393 6.92393 6.92668 6.96319 7.00235 7.02248
0.0385 6.78623 6.78623 6.78954 6.82895 6.86911 6.88971
0.0374 6.64515 6.64515 6.64905 6.69149 6.73267 6.75374
0.0363 6.50054 6.50054 6.50504 6.55067 6.59287 6.61443
0.0352 6.35224 6.35224 6.35736 6.40632 6.44957 6.47162
0.0341 6.20005 6.20005 6.20582 6.25828 6.30258 6.32513
0.033 6.04377 6.04377 6.05021 6.10634 6.15172 6.17477
0.0319 5.88318 5.88318 5.89031 5.9503 5.99678 6.02035
0.0308 5.71803 5.71803 5.72587 5.78993 5.83753 5.86163
0.0297 5.54805 5.54805 5.55663 5.62497 5.67371 5.69836
0.0286 5.37295 5.37295 5.38229 5.45515 5.50506 5.53026
0.0275 5.19238 5.19238 5.20252 5.28015 5.33127 5.35704
0.0264 5.00598 5.00598 5.01695 5.09963 5.15198 5.17835
0.0253 4.81332 4.81332 4.82515 4.91318 4.96681 4.99379
0.0242 4.61393 4.61393 4.62665 4.72038 4.77533 4.80295
0.0231 4.40727 4.40727 4.42092 4.52072 4.57704 4.60531
0.022 4.19272 4.19272 4.20734 4.31362 4.37137 4.40033
0.0209 3.97014 3.97014 3.98577 4.09898 4.15823 4.18792
0.0198 3.73758 3.73758 3.75428 3.87495 3.93577 3.96622
0.0187 3.49463 3.49463 3.51245 3.64116 3.70364 3.73489
0.0176 3.24012 3.24012 3.25912 3.39656 3.4608 3.4929
0.0165 2.9727 2.9727 2.99295 3.13989 3.206 3.23901
0.0154 2.69072 2.69072 2.71229 2.86964 2.93775 2.97174
0.0143 2.39215 2.39215 2.41514 2.58395 2.65423 2.68929
0.0132 2.0745 2.0745 2.099 2.28055 2.3532 2.38941
0.0121 1.73462 1.73462 1.76076 1.95657 2.03182 2.0693
0.011 1.36846 1.36846 1.39638 1.60835 1.68649 1.72539
0.0099 0.970726 0.970726 1.00059 1.23109 1.31248 1.35297
0.0088 0.534246 0.534246 0.566267 0.818343 0.903453 0.945773
0.0077 0.0490203 0.0490203 0.0834672 0.36115 0.450598 0.495051
0.0066 -0.499512 -0.499512 -0.462293 -0.153452 -0.0588208 -0.0118127
0.0055 -1.13378 -1.13378 -1.09332 -0.74529 -0.644252 -0.594084
0.0044 -1.89104 -1.89104 -1.84667 -1.447 -1.33768 -1.28341
0.0033 -2.84044 -2.84044 -2.79111 -2.31843 -2.19758 -2.13763
0.0022 -4.13518 -4.13518 -4.07902 -3.48978 -3.35091 -3.28203
0.0011 -6.25503 -6.25503 -6.18767 -5.35624 -5.18066 -5.09362
