0.1023 10.597 10.6071 10.6062 10.6043 10.5978 10.597
0.1012 10.5441 10.5601 10.5584 10.5548 10.5454 10.5441
0.1001 10.4899 10.5092 10.5068 10.5019 10.4914 10.4899
0.099 10.4346 10.4559 10.4529 10.4469 10.4361 10.4346
0.0979 10.3782 10.4009 10.3974 10.3905 10.3796 10.3782
0.0968 10.3207 10.3443 10.3404 10.3327 10.3221 10.3207
0.0957 10.2623 10.2864 10.2821 10.2737 10.2635 10.2623
0.0946 10.2029 10.2272 10.2225 10.2135 10.2038 10.2029
0.0935 10.1424 10.1667 10.1618 10.1523 10.1432 10.1424
0.0924 10.0816 10.1056 10.1004 10.0903 10.082 10.0816
0.0913 10.0191 10.0428 10.0373 10.0269 10.0193 10.0191
0.0902 9.95553 9.97883 9.97317 9.96236 9.95553 9.95567
0.0891 9.89123 9.91417 9.9083 9.89718 9.89123 9.89171
0.088 9.82539 9.8479 9.84185 9.8305 9.82539 9.82619
0.0869 9.75887 9.78081 9.77461 9.76306 9.75887 9.76003
0.0858 9.69087 9.71221 9.70587 9.6942 9.69087 9.69237
0.0847 9.62222 9.64281 9.63635 9.62459 9.62222 9.6241
0.0836 9.552 9.57184 9.56528 9.55348 9.552 9.55423
0.0825 9.48113 9.50005 9.49341 9.48163 9.48113 9.48375
0.0814 9.40842 9.42684 9.42013 9.40842 9.40887 9.41187
0.0803 9.33402 9.35238 9.34563 9.33402 9.33542 9.33881
0.0792 9.25842 9.27665 9.26987 9.25842 9.26078 9.26455
0.0781 9.18159 9.19962 9.19283 9.18159 9.1849 9.18907
0.077 9.10349 9.12126 9.11448 9.10349 9.10777 9.11233
0.0759 9.02411 9.04155 9.03479 9.02411 9.02934 9.0343
0.0748 8.9434 8.96045 8.95372 8.9434 8.9496 8.95495
0.0737 8.86133 8.87794 8.87126 8.86133 8.86849 8.87425
0.0726 8.77788 8.79397 8.78736 8.77788 8.786 8.79217
0.0715 8.69301 8.70851 8.70198 8.69301 8.70209 8.70865
0.0704 8.60666 8.62153 8.61509 8.60666 8.61671 8.62368
0.0693 8.51882 8.53297 8.52665 8.51882 8.52982 8.5372
0.0682 8.42943 8.4428 8.4366 8.42943 8.44139 8.44918
0.0671 8.33846 8.35098 8.34492 8.33846 8.35137 8.35956
0.066 8.24584 8.25745 8.25155 8.24584 8.25971 8.26832
0.0649 8.15155 8.16217 8.15644 8.15155 8.16636 8.17538
0.0638 8.05552 8.06509 8.05954 8.05552 8.07128 8.08071
0.0627 7.95771 7.96614 7.9608 7.95771 7.97441 7.98426
0.0616 7.85805 7.86529 7.86015 7.85805 7.8757 7.88596
0.0605 7.7565 7.76245 7.75755 7.7565 7.77509 7.78576
0.0594 7.65292 7.65758 7.65292 7.65298 7.67251 7.6836
0.0583 7.54621 7.55061 7.54621 7.54743 7.56791 7.57941
0.0572 7.43733 7.44146 7.43733 7.4398 7.46121 7.47312
0.0561 7.32622 7.33007 7.32622 7.32999 7.35234 7.36467
0.055 7.21281 7.21635 7.21281 7.21795 7.24123 7.25398
0.0539 7.097 7.10022 7.097 7.10359 7.12781 7.14098
0.0528 6.97872 6.98161 6.97872 6.98683 7.01198 7.02557
0.0517 6.85787 6.86041 6.85787 6.86758 6.89366 6.90767
0.0506 6.73436 6.73654 6.73436 6.74574 6.77276 6.78719
0.0495 6.60809 6.60989 6.60809 6.62122 6.64917 6.66403
0.0484 6.47895 6.48035 6.47895 6.49392 6.52281 6.53809
0.0473 6.34682 6.34781 6.34682 6.36372 6.39354 6.40925
0.0462 6.21158 6.21214 6.21158 6.2305 6.26126 6.2774
0.0451 6.07311 6.07323 6.07311 6.09414 6.12585 6.14242
0.044 5.93092 5.93092 5.93126 5.95451 5.98716 6.00417
0.0429 5.78507 5.78507 5.78589 5.81146 5.84507 5.86251
0.0418 5.63553 5.63553 5.63684 5.66484 5.6994 5.71728
0.0407 5.48211 5.48211 5.48394 5.51449 5.55001 5.56833
0.0396 5.32465 5.32465 5.32701 5.36022 5.39671 5.41548
0.0385 5.16294 5.16294 5.16584 5.20185 5.23931 5.25854
0.0374 4.99677 4.99677 5.00024 5.03917 5.07762 5.09731
0.0363 4.8259 4.8259 4.82995 4.87196 4.9114 4.93156
0.0352 4.65009 4.65009 4.65475 4.69997 4.74043 4.76106
0.0341 4.46905 4.46905 4.47434 4.52295 4.56443 4.58554
0.033 4.2825 4.2825 4.28844 4.3406 4.38311 4.40471
0.0319 4.09009 4.09009 4.0967 4.1526 4.19617 4.21827
0.0308 3.89147 3.89147 3.89878 3.95861 4.00325 4.02586
0.0297 3.68624 3.68624 3.69426 3.75824 3.80397 3.8271
0.0286 3.47393 3.47393 3.4827 3.55106 3.59791 3.62157
0.0275 3.25407 3.25407 3.26361 3.33659 3.38459 3.4088
0.0264 3.02608 3.02608 3.03642 3.11429 3.16348 3.18825
0.0253 2.78933 2.78933 2.8005 2.88357 2.93397 2.95932
0.0242 2.54312 2.54312 2.55515 2.64373 2.69539 2.72135
0.0231 2.28661 2.28661 2.29955 2.39401 2.44697 2.47355
0.022 2.01889 2.01889 2.03277 2.1335 2.18782 2.21505
0.0209 1.73887 1.73887 1.75372 1.86118 1.91692 1.94483
0.0198 1.44529 1.44529 1.46117 1.57585 1.63307 1.66171
0.0187 1.13668 1.13668 1.15363 1.27611 1.33489 1.36428
0.0176 0.811295 0.811295 0.829379 0.960299 1.02073 1.05093
0.0165 0.467046 0.467046 0.486323 0.626432 0.688627 0.719678
0.0154 0.101411 0.101411 0.121953 0.272119 0.336199 0.368168
0.0143 -0.288699 -0.288699 -0.266813 -0.105569 -0.0394558 -0.00649478
0.0132 -0.707123 -0.707123 -0.6838 -0.510265 -0.441942 -0.407901
0.0121 -1.15871 -1.15871 -1.13384 -0.946552 -0.875805 -0.840577
0.011 -1.6497 -1.6497 -1.62317 -1.42033 -1.34689 -1.31035
0.0099 -2.18835 -2.18835 -2.15999 -1.93935 -1.8629 -1.82488
0.0088 -2.7858 -2.7858 -2.75544 -2.51414 -2.43425 -2.39454
0.0077 -3.45775 -3.45775 -3.42515 -3.15941 -3.07554 -3.03387
0.0066 -4.22718 -4.22718 -4.19206 -3.89674 -3.80814 -3.76414
0.0055 -5.12982 -5.12982 -5.09181 -4.75956 -4.6652 -4.61835
0.0044 -6.22575 -6.22575 -6.18436 -5.80411 -5.70245 -5.652
0.0033 -7.62859 -7.62859 -7.58318 -7.1369 -7.02556 -6.97033
0.0022 -9.59882 -9.59882 -9.54889 -9.00508 -8.88051 -8.81874
0.0011 -13.0326 -13.0326 -12.9837 -12.3185 -12.1849 -12.1187
