0.089 8.74652 8.74834 8.74816 8.74778 8.74666 8.74652
0.088 8.69635 8.69939 8.69897 8.69813 8.69656 8.69635
0.087 8.64514 8.6487 8.64811 8.64693 8.64534 8.64514
0.086 8.59297 8.59677 8.59603 8.59459 8.5931 8.59297
0.085 8.53982 8.54371 8.54285 8.5412 8.53988 8.53982
0.084 8.48566 8.48957 8.4886 8.48677 8.48566 8.4857
0.083 8.43005 8.43398 8.43294 8.43098 8.43005 8.43017
0.082 8.37381 8.3777 8.37658 8.3745 8.37381 8.37405
0.081 8.31656 8.32035 8.31915 8.31698 8.31656 8.3169
0.08 8.25826 8.26191 8.26066 8.25842 8.25826 8.25872
0.079 8.19879 8.20238 8.20107 8.19879 8.19889 8.19949
0.078 8.13807 8.14173 8.14037 8.13807 8.13845 8.13917
0.077 8.07645 8.08013 8.07874 8.07645 8.07717 8.07803
0.076 8.01349 8.01717 8.01575 8.01349 8.01449 8.01549
0.075 7.94936 7.95304 7.95159 7.94936 7.95066 7.95179
0.074 7.88407 7.8877 7.88624 7.88407 7.88565 7.88692
0.073 7.81757 7.82114 7.81966 7.81757 7.81945 7.82085
0.072 7.75013 7.75348 7.75202 7.75013 7.75243 7.75403
0.071 7.68108 7.68431 7.68285 7.68108 7.68368 7.68541
0.07 7.61074 7.61382 7.61237 7.61074 7.61364 7.61551
0.069 7.5392 7.54198 7.54057 7.5392 7.5425 7.54455
0.068 7.46612 7.46871 7.46731 7.46612 7.46973 7.47192
0.067 7.3917 7.39395 7.39261 7.3917 7.39568 7.39804
0.066 7.31577 7.31777 7.31645 7.31577 7.32005 7.32256
0.065 7.23835 7.23994 7.23869 7.23835 7.243 7.24568
0.064 7.15938 7.16059 7.15939 7.15938 7.16437 7.16721
0.063 7.07847 7.07962 7.07847 7.07881 7.08415 7.08714
0.062 6.9959 6.99697 6.9959 6.99661 7.00229 7.00544
0.061 6.91161 6.91261 6.91161 6.91272 6.91874 6.92206
0.06 6.82557 6.82649 6.82557 6.8271 6.83347 6.83694
0.059 6.73771 6.73854 6.73771 6.7397 6.7464 6.75004
0.058 6.64799 6.64873 6.64799 6.65046 6.6575 6.6613
0.057 6.55635 6.55699 6.55635 6.55932 6.56671 6.57066
0.056 6.46305 6.46361 6.46305 6.46647 6.47418 6.47829
0.055 6.36707 6.3675 6.36707 6.37114 6.3792 6.38347
0.054 6.26931 6.26962 6.26931 6.27397 6.28237 6.28679
0.053 6.16937 6.16956 6.16937 6.17465 6.18339 6.18797
0.052 6.0672 6.06726 6.0672 6.07313 6.08219 6.08694
0.051 5.96265 5.96265 5.96272 5.96932 5.97872 5.98362
0.05 5.85564 5.85564 5.85585 5.86316 5.87288 5.87793
0.049 5.74616 5.74616 5.74651 5.75455 5.76461 5.76981
0.048 5.63412 5.63412 5.63462 5.64343 5.65381 5.65916
0.047 5.51944 5.51944 5.52009 5.5297 5.5404 5.54591
0.046 5.40202 5.40202 5.40283 5.41326 5.42428 5.42994
0.045 5.28177 5.28177 5.28274 5.29403 5.30537 5.31117
0.044 5.15858 5.15858 5.15972 5.1719 5.18355 5.1895
0.043 5.03235 5.03235 5.03366 5.04676 5.05872 5.06482
0.042 4.90296 4.90296 4.90445 4.9185 4.93076 4.937
0.041 4.77028 4.77028 4.77195 4.78699 4.79955 4.80594
0.04 4.63419 4.63419 4.63605 4.6521 4.66496 4.67149
0.039 4.49455 4.49455 4.4966 4.5137 4.52686 4.53353
0.038 4.35121 4.35121 4.35345 4.37164 4.38509 4.3919
0.037 4.20402 4.20402 4.20645 4.22576 4.2395 4.24644
0.036 4.0528 4.0528 4.05542 4.07589 4.08991 4.09699
0.035 3.89737 3.89737 3.90019 3.92185 3.93616 3.94337
0.034 3.73753 3.73753 3.74056 3.76345 3.77803 3.78538
0.033 3.57307 3.57307 3.5763 3.60046 3.61533 3.62281
0.032 3.40376 3.40376 3.4072 3.43267 3.44781 3.45542
0.031 3.22934 3.22934 3.23299 3.25982 3.27524 3.28298
0.03 3.04954 3.04954 3.05341 3.08163 3.09732 3.1052
0.029 2.86405 2.86405 2.86813 2.89781 2.91378 2.92178
0.028 2.67254 2.67254 2.67684 2.70803 2.72426 2.7324
0.027 2.47463 2.47463 2.47916 2.51191 2.52842 2.53669
0.026 2.26992 2.26992 2.27467 2.30904 2.32584 2.33425
0.025 2.05793 2.05793 2.06292 2.09899 2.11607 2.12461
0.024 1.83815 1.83815 1.84338 1.88122 1.8986 1.90729
0.023 1.60999 1.60999 1.61546 1.65516 1.67286 1.68169
0.022 1.37278 1.37278 1.37849 1.42017 1.43818 1.44717
0.021 1.12575 1.12575 1.13171 1.17548 1.19383 1.20299
0.02 0.868012 0.868012 0.874244 0.920232 0.938951 0.948282
0.019 0.598548 0.598548 0.605056 0.653429 0.67254 0.682062
0.018 0.316155 0.316155 0.322951 0.373898 0.393435 0.403165
0.017 0.0194173 0.0194173 0.0265183 0.0802628 0.100267 0.110226
0.016 -0.293351 -0.293351 -0.285925 -0.229118 -0.208595 -0.198382
0.015 -0.624174 -0.624174 -0.6164 -0.556214 -0.535112 -0.524615
0.014 -0.975517 -0.975517 -0.967366 -0.90342 -0.881667 -0.87085
0.013 -1.35041 -1.35041 -1.34185 -1.27369 -1.2512 -1.24002
0.012 -1.75265 -1.75265 -1.74364 -1.6707 -1.64737 -1.63577
0.011 -2.18704 -2.18704 -2.17752 -2.09914 -2.07484 -2.06277
0.01 -2.65981 -2.65981 -2.64974 -2.56507 -2.53967 -2.52705
0.009 -3.1792 -3.1792 -3.16851 -3.07655 -3.04986 -3.03661
0.008 -3.75646 -3.75646 -3.74508 -3.64455 -3.61639 -3.6024
0.007 -4.40741 -4.40741 -4.39525 -4.2846 -4.25472 -4.23989
0.006 -5.15536 -5.15536 -5.14236 -5.01965 -4.98779 -4.97199
0.005 -6.0367 -6.0367 -6.0228 -5.8857 -5.85161 -5.8347
0.004 -7.11285 -7.11285 -7.09809 -6.9441 -6.90764 -6.88956
0.003 -8.50044 -8.50044 -8.48518 -8.31315 -8.27471 -8.25564
0.002 -10.4678 -10.4678 -10.4537 -10.2731 -10.2357 -10.2171
0.001 -13.9273 -13.9273 -13.9228 -13.8398 -13.825 -13.8176
