0.1089 0.100105 0.720887 0.767336 0.706313 0.844002 0.892858 0.862118 0.917623 1.01405 0.917623 1.01405 0.0109174 0.0981419 0 0.0456023 
0.1078 0.100943 0.720625 0.767022 0.705949 0.844635 0.893525 0.862947 0.917763 1.01402 0.917763 1.01402 0.011025 0.0981955 0 0.0452995 
0.1067 0.101789 0.720362 0.766706 0.705582 0.84527 0.894193 0.863778 0.917904 1.01399 0.917904 1.01399 0.011134 0.098249 0 0.0449965 
0.1056 0.102644 0.720096 0.766388 0.705213 0.845906 0.894862 0.86461 0.918047 1.01396 0.918047 1.01396 0.0112443 0.0983024 0 0.0446932 
0.1045 0.103508 0.71983 0.766067 0.704841 0.846545 0.895534 0.865444 0.918192 1.01393 0.918192 1.01393 0.011356 0.0983556 0 0.0443896 
0.1034 0.104382 0.719561 0.765743 0.704466 0.847186 0.896207 0.866281 0.918339 1.0139 0.918339 1.0139 0.0114693 0.0984086 0 0.0440856 
0.1023 0.105266 0.719291 0.765416 0.704089 0.847829 0.896883 0.86712 0.918487 1.01387 0.918487 1.01387 0.011584 0.0984616 0 0.043781 
0.1012 0.10616 0.719018 0.765087 0.703707 0.848475 0.897561 0.867962 0.918637 1.01384 0.918637 1.01384 0.0117004 0.0985144 0 0.0434757 
0.1001 0.107066 0.718744 0.764755 0.703323 0.849125 0.898241 0.868807 0.91879 1.01381 0.91879 1.01381 0.0118185 0.098567 0 0.0431698 
0.099 0.107982 0.718467 0.764419 0.702935 0.849777 0.898924 0.869655 0.918944 1.01377 0.918944 1.01377 0.0119383 0.0986195 0 0.042863 
0.0979 0.10891 0.718189 0.76408 0.702544 0.850433 0.89961 0.870507 0.919101 1.01374 0.919101 1.01374 0.0120598 0.0986719 0 0.0425553 
0.0968 0.109898 0.717818 0.76366 0.702049 0.851015 0.900192 0.871228 0.919261 1.01371 0.919261 1.01371 0.0121936 0.0987598 0 0.042295 
0.0957 0.110803 0.717624 0.763392 0.70175 0.851755 0.900993 0.872222 0.91942 1.01367 0.91942 1.01367 0.0123085 0.0987762 0 0.0419369 
0.0946 0.111812 0.717262 0.762975 0.701261 0.852361 0.901601 0.872976 0.919585 1.01364 0.919585 1.01364 0.0124451 0.0988586 0 0.0416653 
0.0935 0.112748 0.71705 0.762689 0.700941 0.853094 0.902389 0.873954 0.919749 1.0136 0.919749 1.0136 0.0125652 0.09888 0 0.0413138 
0.0924 0.113778 0.716696 0.762276 0.700458 0.853723 0.903025 0.874742 0.919919 1.01357 0.919919 1.01357 0.0127046 0.0989565 0 0.041031 
0.0913 0.114747 0.716466 0.761971 0.700114 0.854451 0.903802 0.875706 0.920088 1.01352 0.920088 1.01352 0.0128302 0.0989831 0 0.0406854 
0.0902 0.115799 0.71612 0.761562 0.699638 0.855102 0.904464 0.876527 0.920264 1.01349 0.920264 1.01349 0.0129725 0.0990535 0 0.0403914 
0.0891 0.116863 0.715781 0.761156 0.699168 0.855767 0.905143 0.877368 0.920442 1.01345 0.920442 1.01345 0.0131163 0.0991203 0 0.0400908 
0.088 0.117937 0.715447 0.760753 0.698702 0.856444 0.905836 0.878227 0.920622 1.01341 0.920622 1.01341 0.0132615 0.0991835 0 0.0397838 
0.0869 0.119023 0.715118 0.760354 0.698241 0.857134 0.906545 0.879106 0.920806 1.01337 0.920806 1.01337 0.0134081 0.099243 0 0.0394706 
0.0858 0.12012 0.714796 0.759957 0.697785 0.857837 0.907268 0.880002 0.920992 1.01333 0.920992 1.01333 0.0135561 0.0992988 0 0.0391513 
0.0847 0.121228 0.714479 0.759564 0.697333 0.858551 0.908005 0.880915 0.921181 1.01329 0.921181 1.01329 0.0137057 0.0993509 0 0.0388263 
0.0836 0.122234 0.714328 0.759318 0.697072 0.859369 0.908899 0.882022 0.921363 1.01324 0.921363 1.01324 0.0138333 0.0993377 0 0.0384331 
0.0825 0.123367 0.714017 0.758927 0.696625 0.8601 0.909656 0.882959 0.921557 1.01319 0.921557 1.01319 0.0139862 0.0993845 0 0.0381007 
0.0814 0.124512 0.713712 0.758538 0.696182 0.860842 0.910426 0.883913 0.921754 1.01315 0.921754 1.01315 0.0141407 0.0994279 0 0.0377629 
0.0803 0.12567 0.713411 0.758151 0.695743 0.861595 0.911208 0.884882 0.921954 1.0131 0.921954 1.0131 0.0142968 0.0994677 0 0.0374202 
0.0792 0.126903 0.713034 0.757693 0.695215 0.862319 0.911939 0.885786 0.922162 1.01306 0.922162 1.01306 0.0144671 0.0995347 0 0.0371006 
0.0781 0.128086 0.712745 0.757312 0.694786 0.863096 0.91275 0.88679 0.922367 1.01301 0.922367 1.01301 0.0146265 0.0995665 0 0.0367466 
0.077 0.129358 0.712365 0.756846 0.694249 0.863839 0.9135 0.887718 0.922583 1.01296 0.922583 1.01296 0.014803 0.0996311 0 0.0364195 
0.0759 0.130618 0.712024 0.756414 0.693757 0.864611 0.914291 0.888698 0.922799 1.01291 0.922799 1.01291 0.014976 0.0996788 0 0.0360749 
0.0748 0.131901 0.711679 0.755975 0.693258 0.865392 0.915091 0.889687 0.92302 1.01285 0.92302 1.01285 0.0151526 0.099726 0 0.0357275 
0.0737 0.133207 0.711331 0.75553 0.692752 0.866181 0.915898 0.890686 0.923244 1.0128 0.923244 1.0128 0.0153329 0.0997727 0 0.0353772 
0.0726 0.134537 0.710978 0.755078 0.692239 0.866979 0.916714 0.891695 0.923473 1.01275 0.923473 1.01275 0.0155169 0.099819 0 0.0350238 
0.0715 0.135891 0.71062 0.75462 0.691719 0.867787 0.917538 0.892714 0.923706 1.01269 0.923706 1.01269 0.0157048 0.0998647 0 0.0346673 
0.0704 0.13727 0.710259 0.754155 0.691192 0.868604 0.91837 0.893745 0.923943 1.01263 0.923943 1.01263 0.0158968 0.0999098 0 0.0343076 
0.0693 0.138675 0.709892 0.753682 0.690657 0.869431 0.919212 0.894786 0.924185 1.01257 0.924185 1.01257 0.0160929 0.0999543 0 0.0339445 
0.0682 0.140107 0.709521 0.753202 0.690114 0.870268 0.920064 0.895839 0.924432 1.01251 0.924432 1.01251 0.0162933 0.0999982 0 0.033578 
0.0671 0.141566 0.709146 0.752715 0.689563 0.871115 0.920925 0.896903 0.924684 1.01245 0.924684 1.01245 0.0164981 0.100041 0 0.0332079 
0.066 0.143054 0.708765 0.75222 0.689004 0.871974 0.921795 0.89798 0.92494 1.01239 0.92494 1.01239 0.0167075 0.100084 0 0.0328341 
0.0649 0.14457 0.70838 0.751717 0.688436 0.872843 0.922676 0.89907 0.925202 1.01232 0.925202 1.01232 0.0169215 0.100126 0 0.0324566 
0.0638 0.146117 0.707989 0.751206 0.68786 0.873724 0.923568 0.900172 0.925469 1.01226 0.925469 1.01226 0.0171405 0.100166 0 0.0320752 
0.0627 0.147693 0.707594 0.750687 0.687275 0.874616 0.92447 0.901288 0.925741 1.01219 0.925741 1.01219 0.0173644 0.100206 0 0.0316899 
0.0616 0.149302 0.707193 0.750159 0.686682 0.875521 0.925384 0.902418 0.926019 1.01212 0.926019 1.01212 0.0175935 0.100245 0 0.0313004 
0.0605 0.150942 0.706787 0.749622 0.686079 0.876438 0.926309 0.903561 0.926303 1.01204 0.926303 1.01204 0.0178279 0.100283 0 0.0309067 
0.0594 0.152615 0.706375 0.749077 0.685466 0.877367 0.927245 0.904719 0.926592 1.01197 0.926592 1.01197 0.0180678 0.10032 0 0.0305087 
0.0583 0.154323 0.705958 0.748523 0.684845 0.87831 0.928194 0.905893 0.926887 1.01189 0.926887 1.01189 0.0183133 0.100356 0 0.0301062 
0.0572 0.156065 0.705536 0.747959 0.684213 0.879266 0.929155 0.907081 0.927189 1.01181 0.927189 1.01181 0.0185647 0.10039 0 0.0296992 
0.0561 0.157842 0.705107 0.747385 0.683572 0.880236 0.930129 0.908285 0.927496 1.01173 0.927496 1.01173 0.018822 0.100424 0 0.0292875 
0.055 0.159657 0.704673 0.746802 0.68292 0.881219 0.931116 0.909505 0.92781 1.01165 0.92781 1.01165 0.0190855 0.100455 0 0.0288711 
0.0539 0.161509 0.704233 0.74621 0.682258 0.882217 0.932116 0.910742 0.928131 1.01156 0.928131 1.01156 0.0193554 0.100486 0 0.0284497 
0.0528 0.163399 0.703787 0.745606 0.681586 0.88323 0.93313 0.911996 0.928458 1.01148 0.928458 1.01148 0.0196318 0.100515 0 0.0280233 
0.0517 0.165328 0.703336 0.744993 0.680902 0.884258 0.934157 0.913267 0.928792 1.01139 0.928792 1.01139 0.0199149 0.100542 0 0.0275918 
0.0506 0.167298 0.702878 0.744369 0.680208 0.885301 0.9352 0.914557 0.929133 1.01129 0.929133 1.01129 0.0202049 0.100567 0 0.027155 
0.0495 0.169308 0.702413 0.743734 0.679503 0.886359 0.936256 0.915864 0.929481 1.0112 0.929481 1.0112 0.0205021 0.100591 0 0.0267129 
0.0484 0.171361 0.701943 0.743089 0.678786 0.887434 0.937328 0.91719 0.929836 1.0111 0.929836 1.0111 0.0208065 0.100613 0 0.0262653 
0.0473 0.173456 0.701466 0.742432 0.678058 0.888525 0.938415 0.918536 0.930199 1.01099 0.930199 1.01099 0.0211185 0.100633 0 0.0258121 
0.0462 0.175595 0.700983 0.741764 0.677319 0.889633 0.939518 0.919901 0.930569 1.01089 0.930569 1.01089 0.0214381 0.10065 0 0.0253532 
0.0451 0.177779 0.700494 0.741084 0.676568 0.890758 0.940637 0.921286 0.930946 1.01078 0.930946 1.01078 0.0217657 0.100666 0 0.0248885 
0.044 0.180008 0.699998 0.740392 0.675804 0.891901 0.941772 0.922692 0.931332 1.01067 0.931332 1.01067 0.0221014 0.100679 0 0.0244178 
0.0429 0.182284 0.699496 0.739689 0.675029 0.893061 0.942923 0.924119 0.931725 1.01056 0.931725 1.01056 0.0224455 0.100689 0 0.0239412 
0.0418 0.184607 0.698987 0.738974 0.674241 0.894239 0.944092 0.925567 0.932127 1.01044 0.932127 1.01044 0.022798 0.100697 0 0.0234584 
0.0407 0.186978 0.698472 0.738246 0.673441 0.895435 0.945278 0.927037 0.932537 1.01032 0.932537 1.01032 0.0231594 0.100702 0 0.0229693 
0.0396 0.189398 0.69795 0.737506 0.672629 0.89665 0.946481 0.928529 0.932955 1.01019 0.932955 1.01019 0.0235296 0.100704 0 0.0224739 
0.0385 0.191867 0.697422 0.736753 0.671804 0.897883 0.947702 0.930044 0.933381 1.01006 0.933381 1.01006 0.0239091 0.100704 0 0.0219721 
0.0374 0.194387 0.696887 0.735987 0.670966 0.899136 0.948941 0.931583 0.933816 1.00993 0.933816 1.00993 0.0242979 0.1007 0 0.0214638 
0.0363 0.196958 0.696346 0.735209 0.670115 0.900408 0.950198 0.933144 0.934259 1.00979 0.934259 1.00979 0.0246963 0.100693 0 0.0209488 
0.0352 0.19958 0.695798 0.734418 0.669252 0.9017 0.951474 0.93473 0.934711 1.00965 0.934711 1.00965 0.0251045 0.100682 0 0.0204272 
0.0341 0.202256 0.695244 0.733613 0.668375 0.903011 0.952769 0.93634 0.935172 1.00951 0.935172 1.00951 0.0255227 0.100668 0 0.0198988 
0.033 0.204984 0.694683 0.732796 0.667486 0.904343 0.954083 0.937975 0.935642 1.00936 0.935642 1.00936 0.0259511 0.100649 0 0.0193635 
0.0319 0.207767 0.694116 0.731964 0.666583 0.905694 0.955416 0.939635 0.936121 1.0092 0.936121 1.0092 0.02639 0.100627 0 0.0188214 
0.0308 0.210604 0.693543 0.73112 0.665668 0.907067 0.956768 0.94132 0.936609 1.00905 0.936609 1.00905 0.0268395 0.100601 0 0.0182722 
0.0297 0.213496 0.692963 0.730262 0.664739 0.90846 0.95814 0.943032 0.937106 1.00888 0.937106 1.00888 0.0272999 0.100571 0 0.0177161 
0.0286 0.216444 0.692377 0.72939 0.663797 0.909873 0.959531 0.944769 0.937612 1.00872 0.937612 1.00872 0.0277714 0.100536 0 0.0171529 
0.0275 0.219448 0.691785 0.728504 0.662842 0.911308 0.960942 0.946533 0.938127 1.00854 0.938127 1.00854 0.0282542 0.100497 0 0.0165826 
0.0264 0.22251 0.691187 0.727605 0.661873 0.912764 0.962372 0.948324 0.938652 1.00837 0.938652 1.00837 0.0287485 0.100453 0 0.0160051 
0.0253 0.22563 0.690583 0.726691 0.660891 0.914241 0.963822 0.950141 0.939187 1.00818 0.939187 1.00818 0.0292547 0.100403 0 0.0154205 
0.0242 0.228809 0.689973 0.725763 0.659895 0.915739 0.965292 0.951986 0.939731 1.00799 0.939731 1.00799 0.029773 0.100349 0 0.0148288 
0.0231 0.232048 0.689357 0.72482 0.658886 0.917259 0.966781 0.953859 0.940284 1.0078 0.940284 1.0078 0.0303037 0.100289 0 0.0142299 
0.022 0.235348 0.688735 0.723863 0.657863 0.918801 0.96829 0.955759 0.940848 1.0076 0.940848 1.0076 0.0308472 0.100223 0 0.0136238 
0.0209 0.238711 0.688106 0.72289 0.656826 0.920365 0.969817 0.957688 0.941422 1.0074 0.941422 1.0074 0.0314039 0.100152 0 0.0130105 
0.0198 0.24214 0.687472 0.721902 0.655774 0.921951 0.971364 0.959644 0.942006 1.00718 0.942006 1.00718 0.0319743 0.100075 0 0.0123902 
0.0187 0.245635 0.686831 0.720898 0.654708 0.92356 0.972929 0.961629 0.942601 1.00697 0.942601 1.00697 0.0325588 0.0999906 0 0.0117627 
0.0176 0.249201 0.686184 0.719877 0.653625 0.925192 0.974511 0.963642 0.943208 1.00674 0.943208 1.00674 0.0331583 0.0998999 0 0.0111281 
0.0165 0.252842 0.68553 0.718838 0.652526 0.926848 0.976111 0.965683 0.943827 1.00651 0.943827 1.00651 0.0337734 0.099802 0 0.0104865 
0.0154 0.256561 0.684868 0.71778 0.65141 0.928527 0.977728 0.967754 0.944458 1.00627 0.944458 1.00627 0.0344053 0.0996965 0 0.00983789 
0.0143 0.260367 0.684199 0.716702 0.650274 0.930233 0.979361 0.969853 0.945103 1.00602 0.945103 1.00602 0.0350553 0.0995828 0 0.00918232 
0.0132 0.264266 0.68352 0.7156 0.649118 0.931965 0.981009 0.971981 0.945763 1.00576 0.945763 1.00576 0.0357249 0.0994604 0 0.00851984 
0.0121 0.26827 0.682831 0.714474 0.647938 0.933725 0.98267 0.974138 0.946441 1.00549 0.946441 1.00549 0.0364162 0.0993283 0 0.00785047 
0.011 0.272393 0.68213 0.713318 0.64673 0.935515 0.984344 0.976325 0.947137 1.00521 0.947137 1.00521 0.037132 0.0991856 0 0.00717425 
0.0099 0.276654 0.681416 0.71213 0.645492 0.93734 0.986028 0.978541 0.947856 1.00492 0.947856 1.00492 0.0378758 0.099031 0 0.00649119 
0.0088 0.281077 0.680684 0.710901 0.644216 0.939202 0.98772 0.980788 0.948601 1.00461 0.948601 1.00461 0.0386522 0.0988626 0 0.00580126 
0.0077 0.285696 0.679932 0.709625 0.642894 0.941107 0.989417 0.983064 0.949378 1.00429 0.949378 1.00429 0.0394677 0.0986781 0 0.00510441 
0.0066 0.290561 0.679153 0.708288 0.641515 0.943064 0.991115 0.985372 0.950195 1.00394 0.950195 1.00394 0.0403316 0.0984742 0 0.00440055 
0.0055 0.295742 0.678339 0.706873 0.640062 0.945085 0.992808 0.987712 0.951063 1.00357 0.951063 1.00357 0.0412568 0.0982458 0 0.00368945 
0.0044 0.301348 0.677478 0.705355 0.638509 0.947187 0.994488 0.990086 0.952001 1.00315 0.952001 1.00315 0.0422637 0.0979854 0 0.00297082 
0.0033 0.30756 0.676548 0.703687 0.636814 0.949402 0.996139 0.992496 0.953039 1.00269 0.953039 1.00269 0.0433863 0.0976799 0 0.00224411 
0.0022 0.314726 0.675512 0.701787 0.634894 0.951788 0.997735 0.994946 0.954232 1.00214 0.954232 1.00214 0.0446891 0.0973045 0 0.00150841 
0.0011 0.323696 0.674274 0.699449 0.632555 0.954486 0.999207 0.997441 0.955721 1.00143 0.955721 1.00143 0.0463298 0.0967979 0 0.000761984 
