0.15 0.5 0.669208 0.669208 0.609393 0.982513 0.982513 0.999929 0.982562 0.982562 0.982562 0.982562 0.0773227 0.0773227 1.06524e-05 1.06524e-05 
0.1485 0.5 0.669208 0.669208 0.609393 0.982513 0.982513 0.999929 0.982562 0.982562 0.982562 0.982562 0.0773227 0.0773227 1.06524e-05 1.06524e-05 
0.147 0.5 0.669208 0.669208 0.609393 0.982513 0.982513 0.999929 0.982562 0.982562 0.982562 0.982562 0.0773227 0.0773227 1.06524e-05 1.06524e-05 
0.1455 0.5 0.669208 0.669208 0.609393 0.982513 0.982513 0.999929 0.982562 0.982562 0.982562 0.982562 0.0773227 0.0773227 1.06524e-05 1.06524e-05 
0.144 0.5 0.669208 0.669208 0.609393 0.982513 0.982513 0.999929 0.982562 0.982562 0.982562 0.982562 0.0773227 0.0773227 1.06524e-05 1.06524e-05 
0.1425 0.5 0.669208 0.669208 0.609393 0.982513 0.982513 0.999929 0.982562 0.982562 0.982562 0.982562 0.0773227 0.0773227 1.06524e-05 1.06524e-05 
0.141 0.5 0.669208 0.669208 0.609393 0.982513 0.982513 0.999929 0.982562 0.982562 0.982562 0.982562 0.0773227 0.0773227 1.06524e-05 1.06524e-05 
0.1395 0.5 0.669208 0.669208 0.609393 0.982513 0.982513 0.999929 0.982562 0.982562 0.982562 0.982562 0.0773227 0.0773227 1.06524e-05 1.06524e-05 
0.138 0.5 0.669208 0.669208 0.609393 0.982513 0.982513 0.999929 0.982562 0.982562 0.982562 0.982562 0.0773227 0.0773227 1.06524e-05 1.06524e-05 
0.1365 0.5 0.669208 0.669208 0.609393 0.982513 0.982513 0.999929 0.982562 0.982562 0.982562 0.982562 0.0773227 0.0773227 1.06524e-05 1.06524e-05 
0.135 0.5 0.669208 0.669208 0.609393 0.982513 0.982513 0.999929 0.982562 0.982562 0.982562 0.982562 0.0773227 0.0773227 1.06524e-05 1.06524e-05 
0.1335 0.5 0.669208 0.669208 0.609393 0.982513 0.982513 0.999929 0.982562 0.982562 0.982562 0.982562 0.0773227 0.0773227 1.06524e-05 1.06524e-05 
0.132 0.5 0.669208 0.669208 0.609393 0.982513 0.982513 0.999929 0.982562 0.982562 0.982562 0.982562 0.0773227 0.0773227 1.06524e-05 1.06524e-05 
0.1305 0.5 0.669208 0.669208 0.609393 0.982513 0.982513 0.999929 0.982562 0.982562 0.982562 0.982562 0.0773227 0.0773227 1.06524e-05 1.06524e-05 
0.129 0.5 0.669208 0.669208 0.609393 0.982513 0.982513 0.999929 0.982562 0.982562 0.982562 0.982562 0.0773227 0.0773227 1.06524e-05 1.06524e-05 
0.1275 0.5 0.669208 0.669208 0.609393 0.982513 0.982513 0.999929 0.982562 0.982562 0.982562 0.982562 0.0773227 0.0773227 1.06524e-05 1.06524e-05 
0.126 0.5 0.669208 0.669208 0.609393 0.982513 0.982513 0.999929 0.982562 0.982562 0.982562 0.982562 0.0773227 0.0773227 1.06524e-05 1.06524e-05 
0.1245 0.5 0.669208 0.669208 0.609393 0.982513 0.982513 0.999929 0.982562 0.982562 0.982562 0.982562 0.0773227 0.0773227 1.06524e-05 1.06524e-05 
0.123 0.5 0.669208 0.669208 0.609393 0.982513 0.982513 0.999929 0.982562 0.982562 0.982562 0.982562 0.0773227 0.0773227 1.06524e-05 1.06524e-05 
0.1215 0.5 0.669208 0.669208 0.609393 0.982513 0.982513 0.999929 0.982562 0.982562 0.982562 0.982562 0.0773227 0.0773227 1.06524e-05 1.06524e-05 
0.12 0.5 0.669208 0.669208 0.609393 0.982513 0.982513 0.999929 0.982562 0.982562 0.982562 0.982562 0.0773227 0.0773227 1.06524e-05 1.06524e-05 
0.1185 0.5 0.669208 0.669208 0.609393 0.982513 0.982513 0.999929 0.982562 0.982562 0.982562 0.982562 0.0773227 0.0773227 1.06524e-05 1.06524e-05 
0.117 0.5 0.669208 0.669208 0.609393 0.982513 0.982513 0.999929 0.982562 0.982562 0.982562 0.982562 0.0773227 0.0773227 1.06524e-05 1.06524e-05 
0.1155 0.5 0.669208 0.669208 0.609393 0.982513 0.982513 0.999929 0.982562 0.982562 0.982562 0.982562 0.0773227 0.0773227 1.06524e-05 1.06524e-05 
0.114 0.5 0.669208 0.669208 0.609393 0.982513 0.982513 0.999929 0.982562 0.982562 0.982562 0.982562 0.0773227 0.0773227 1.06524e-05 1.06524e-05 
0.1125 0.5 0.669208 0.669208 0.609393 0.982513 0.982513 0.999929 0.982562 0.982562 0.982562 0.982562 0.0773227 0.0773227 1.06524e-05 1.06524e-05 
0.111 0.5 0.669208 0.669208 0.609393 0.982513 0.982513 0.999929 0.982562 0.982562 0.982562 0.982562 0.0773227 0.0773227 1.06524e-05 1.06524e-05 
0.1095 0.5 0.669208 0.669208 0.609393 0.982513 0.982513 0.999929 0.982562 0.982562 0.982562 0.982562 0.0773227 0.0773227 1.06524e-05 1.06524e-05 
0.108 0.5 0.669208 0.669208 0.609393 0.982513 0.982513 0.999929 0.982562 0.982562 0.982562 0.982562 0.0773227 0.0773227 1.06524e-05 1.06524e-05 
0.1065 0.5 0.669208 0.669208 0.609393 0.982513 0.982513 0.999929 0.982562 0.982562 0.982562 0.982562 0.0773227 0.0773227 1.06524e-05 1.06524e-05 
0.105 0.5 0.669208 0.669208 0.609393 0.982513 0.982513 0.999929 0.982562 0.982562 0.982562 0.982562 0.0773227 0.0773227 1.06524e-05 1.06524e-05 
0.1035 0.5 0.669208 0.669208 0.609393 0.982513 0.982513 0.999929 0.982562 0.982562 0.982562 0.982562 0.0773227 0.0773227 1.06524e-05 1.06524e-05 
0.102 0.5 0.669208 0.669208 0.609393 0.982513 0.982513 0.999929 0.982562 0.982562 0.982562 0.982562 0.0773227 0.0773227 1.06524e-05 1.06524e-05 
0.1005 0.5 0.669208 0.669208 0.609393 0.982513 0.982513 0.999929 0.982562 0.982562 0.982562 0.982562 0.0773227 0.0773227 1.06524e-05 1.06524e-05 
0.099 0.5 0.669208 0.669208 0.609393 0.982513 0.982513 0.999929 0.982562 0.982562 0.982562 0.982562 0.0773227 0.0773227 1.06524e-05 1.06524e-05 
0.0975 0.5 0.669208 0.669208 0.609393 0.982513 0.982513 0.999929 0.982562 0.982562 0.982562 0.982562 0.0773227 0.0773227 1.06524e-05 1.06524e-05 
0.096 0.5 0.669208 0.669208 0.609393 0.982513 0.982513 0.999929 0.982562 0.982562 0.982562 0.982562 0.0773227 0.0773227 1.06524e-05 1.06524e-05 
0.0945 0.5 0.669208 0.669208 0.609393 0.982513 0.982513 0.999929 0.982562 0.982562 0.982562 0.982562 0.0773227 0.0773227 1.06524e-05 1.06524e-05 
0.093 0.5 0.669208 0.669208 0.609393 0.982513 0.982513 0.999929 0.982562 0.982562 0.982562 0.982562 0.0773227 0.0773227 1.06524e-05 1.06524e-05 
0.0915 0.5 0.669208 0.669208 0.609393 0.982513 0.982513 0.999929 0.982562 0.982562 0.982562 0.982562 0.0773227 0.0773227 1.06524e-05 1.06524e-05 
0.09 0.5 0.669208 0.669208 0.609393 0.982513 0.982513 0.999929 0.982562 0.982562 0.982562 0.982562 0.0773227 0.0773227 1.06524e-05 1.06524e-05 
0.0885 0.5 0.669208 0.669208 0.609393 0.982513 0.982513 0.999929 0.982562 0.982562 0.982562 0.982562 0.0773227 0.0773227 1.06524e-05 1.06524e-05 
0.087 0.5 0.669208 0.669208 0.609393 0.982513 0.982513 0.999929 0.982562 0.982562 0.982562 0.982562 0.0773227 0.0773227 1.06524e-05 1.06524e-05 
0.0855 0.5 0.669208 0.669208 0.609393 0.982513 0.982513 0.999929 0.982562 0.982562 0.982562 0.982562 0.0773227 0.0773227 1.06524e-05 1.06524e-05 
0.084 0.5 0.669208 0.669208 0.609393 0.982513 0.982513 0.999929 0.982562 0.982562 0.982562 0.982562 0.0773227 0.0773227 1.06524e-05 1.06524e-05 
0.0825 0.5 0.669208 0.669208 0.609393 0.982513 0.982513 0.999929 0.982562 0.982562 0.982562 0.982562 0.0773227 0.0773227 1.06524e-05 1.06524e-05 
0.081 0.5 0.669208 0.669208 0.609393 0.982513 0.982513 0.999929 0.982562 0.982562 0.982562 0.982562 0.0773227 0.0773227 1.06524e-05 1.06524e-05 
0.0795 0.5 0.669208 0.669208 0.609393 0.982513 0.982513 0.999929 0.982562 0.982562 0.982562 0.982562 0.0773227 0.0773227 1.06524e-05 1.06524e-05 
0.078 0.5 0.669208 0.669208 0.609393 0.982513 0.982513 0.999929 0.982562 0.982562 0.982562 0.982562 0.0773227 0.0773227 1.06524e-05 1.06524e-05 
0.0765 0.5 0.669208 0.669208 0.609393 0.982513 0.982513 0.999929 0.982562 0.982562 0.982562 0.982562 0.0773227 0.0773227 1.06524e-05 1.06524e-05 
0.075 0.5 0.669208 0.669208 0.609393 0.982513 0.982513 0.999929 0.982562 0.982562 0.982562 0.982562 0.0773227 0.0773227 1.06524e-05 1.06524e-05 
0.0735 0.5 0.669208 0.669208 0.609393 0.982513 0.982513 0.999929 0.982562 0.982562 0.982562 0.982562 0.0773227 0.0773227 1.06524e-05 1.06524e-05 
0.072 0.5 0.669208 0.669208 0.609393 0.982513 0.982513 0.999929 0.982562 0.982562 0.982562 0.982562 0.0773227 0.0773227 1.06524e-05 1.06524e-05 
0.0705 0.5 0.669208 0.669208 0.609393 0.982513 0.982513 0.999929 0.982562 0.982562 0.982562 0.982562 0.0773227 0.0773227 1.06524e-05 1.06524e-05 
0.069 0.5 0.669208 0.669208 0.609393 0.982513 0.982513 0.999929 0.982562 0.982562 0.982562 0.982562 0.0773227 0.0773227 1.06524e-05 1.06524e-05 
0.0675 0.5 0.669208 0.669208 0.609393 0.982513 0.982513 0.999929 0.982562 0.982562 0.982562 0.982562 0.0773227 0.0773227 1.06524e-05 1.06524e-05 
0.066 0.5 0.669208 0.669208 0.609393 0.982513 0.982513 0.999929 0.982562 0.982562 0.982562 0.982562 0.0773227 0.0773227 1.06524e-05 1.06524e-05 
0.0645 0.5 0.669208 0.669208 0.609393 0.982513 0.982513 0.999929 0.982562 0.982562 0.982562 0.982562 0.0773227 0.0773227 1.06524e-05 1.06524e-05 
0.063 0.5 0.669208 0.669208 0.609393 0.982513 0.982513 0.999929 0.982562 0.982562 0.982562 0.982562 0.0773227 0.0773227 1.06524e-05 1.06524e-05 
0.0615 0.5 0.669208 0.669208 0.609393 0.982513 0.982513 0.999929 0.982562 0.982562 0.982562 0.982562 0.0773227 0.0773227 1.06524e-05 1.06524e-05 
0.06 0.5 0.669208 0.669208 0.609393 0.982513 0.982513 0.999929 0.982562 0.982562 0.982562 0.982562 0.0773227 0.0773227 1.06524e-05 1.06524e-05 
0.0585 0.5 0.669208 0.669208 0.609393 0.982513 0.982513 0.999929 0.982562 0.982562 0.982562 0.982562 0.0773227 0.0773227 1.06524e-05 1.06524e-05 
0.057 0.5 0.669208 0.669208 0.609393 0.982513 0.982513 0.999929 0.982562 0.982562 0.982562 0.982562 0.0773227 0.0773227 1.06524e-05 1.06524e-05 
0.0555 0.5 0.669208 0.669208 0.609393 0.982513 0.982513 0.999929 0.982562 0.982562 0.982562 0.982562 0.0773227 0.0773227 1.06524e-05 1.06524e-05 
0.054 0.5 0.669208 0.669208 0.609393 0.982513 0.982513 0.999929 0.982562 0.982562 0.982562 0.982562 0.0773227 0.0773227 1.06524e-05 1.06524e-05 
0.0525 0.5 0.669208 0.669208 0.609393 0.982513 0.982513 0.999929 0.982562 0.982562 0.982562 0.982562 0.0773227 0.0773227 1.06524e-05 1.06524e-05 
0.051 0.5 0.669208 0.669208 0.609393 0.982513 0.982513 0.999929 0.982562 0.982562 0.982562 0.982562 0.0773227 0.0773227 1.06524e-05 1.06524e-05 
0.0495 0.5 0.669208 0.669208 0.609393 0.982513 0.982513 0.999929 0.982562 0.982562 0.982562 0.982562 0.0773227 0.0773227 1.06524e-05 1.06524e-05 
0.048 0.5 0.669208 0.669208 0.609393 0.982513 0.982513 0.999929 0.982562 0.982562 0.982562 0.982562 0.0773227 0.0773227 1.06524e-05 1.06524e-05 
0.0465 0.5 0.669208 0.669208 0.609393 0.982513 0.982513 0.999929 0.982562 0.982562 0.982562 0.982562 0.0773227 0.0773227 1.06524e-05 1.06524e-05 
0.045 0.5 0.669208 0.669208 0.609393 0.982513 0.982513 0.999929 0.982562 0.982562 0.982562 0.982562 0.0773227 0.0773227 1.06524e-05 1.06524e-05 
0.0435 0.5 0.669208 0.669208 0.609393 0.982513 0.982513 0.999929 0.982562 0.982562 0.982562 0.982562 0.0773227 0.0773227 1.06524e-05 1.06524e-05 
0.042 0.5 0.669208 0.669208 0.609393 0.982513 0.982513 0.999929 0.982562 0.982562 0.982562 0.982562 0.0773227 0.0773227 1.06524e-05 1.06524e-05 
0.0405 0.5 0.669208 0.669208 0.609393 0.982513 0.982513 0.999929 0.982562 0.982562 0.982562 0.982562 0.0773227 0.0773227 1.06524e-05 1.06524e-05 
0.039 0.5 0.669208 0.669208 0.609393 0.982513 0.982513 0.999929 0.982562 0.982562 0.982562 0.982562 0.0773227 0.0773227 1.06524e-05 1.06524e-05 
0.0375 0.5 0.669208 0.669208 0.609393 0.982513 0.982513 0.999929 0.982562 0.982562 0.982562 0.982562 0.0773227 0.0773227 1.06524e-05 1.06524e-05 
0.036 0.5 0.669208 0.669208 0.609393 0.982513 0.982513 0.999929 0.982562 0.982562 0.982562 0.982562 0.0773227 0.0773227 1.06524e-05 1.06524e-05 
0.0345 0.5 0.669208 0.669208 0.609393 0.982513 0.982513 0.999929 0.982562 0.982562 0.982562 0.982562 0.0773227 0.0773227 1.06524e-05 1.06524e-05 
0.033 0.5 0.669208 0.669208 0.609393 0.982513 0.982513 0.999929 0.982562 0.982562 0.982562 0.982562 0.0773227 0.0773227 1.06524e-05 1.06524e-05 
0.0315 0.5 0.669208 0.669208 0.609393 0.982513 0.982513 0.999929 0.982562 0.982562 0.982562 0.982562 0.0773227 0.0773227 1.06524e-05 1.06524e-05 
0.03 0.5 0.669208 0.669208 0.609393 0.982513 0.982513 0.999929 0.982562 0.982562 0.982562 0.982562 0.0773227 0.0773227 1.06524e-05 1.06524e-05 
0.0285 0.5 0.669208 0.669208 0.609393 0.982513 0.982513 0.999929 0.982562 0.982562 0.982562 0.982562 0.0773227 0.0773227 1.06524e-05 1.06524e-05 
0.027 0.5 0.669208 0.669208 0.609393 0.982513 0.982513 0.999929 0.982562 0.982562 0.982562 0.982562 0.0773227 0.0773227 1.06524e-05 1.06524e-05 
0.0255 0.5 0.669208 0.669208 0.609393 0.982513 0.982513 0.999929 0.982562 0.982562 0.982562 0.982562 0.0773227 0.0773227 1.06524e-05 1.06524e-05 
0.024 0.5 0.669208 0.669208 0.609393 0.982513 0.982513 0.999929 0.982562 0.982562 0.982562 0.982562 0.0773227 0.0773227 1.06524e-05 1.06524e-05 
0.0225 0.5 0.669208 0.669208 0.609393 0.982513 0.982513 0.999929 0.982562 0.982562 0.982562 0.982562 0.0773227 0.0773227 1.06524e-05 1.06524e-05 
0.021 0.5 0.669208 0.669208 0.609393 0.982513 0.982513 0.999929 0.982562 0.982562 0.982562 0.982562 0.0773227 0.0773227 1.06524e-05 1.06524e-05 
0.0195 0.5 0.669208 0.669208 0.609393 0.982513 0.982513 0.999929 0.982562 0.982562 0.982562 0.982562 0.0773227 0.0773227 1.06524e-05 1.06524e-05 
0.018 0.5 0.669208 0.669208 0.609393 0.982513 0.982513 0.999929 0.982562 0.982562 0.982562 0.982562 0.0773227 0.0773227 1.06524e-05 1.06524e-05 
0.0165 0.5 0.669208 0.669208 0.609393 0.982513 0.982513 0.999929 0.982562 0.982562 0.982562 0.982562 0.0773227 0.0773227 1.06524e-05 1.06524e-05 
0.015 0.5 0.669208 0.669208 0.609393 0.982513 0.982513 0.999929 0.982562 0.982562 0.982562 0.982562 0.0773227 0.0773227 1.06524e-05 1.06524e-05 
0.0135 0.5 0.669208 0.669208 0.609393 0.982513 0.982513 0.999929 0.982562 0.982562 0.982562 0.982562 0.0773227 0.0773227 1.06524e-05 1.06524e-05 
0.012 0.5 0.669208 0.669208 0.609393 0.982513 0.982513 0.999929 0.982562 0.982562 0.982562 0.982562 0.0773227 0.0773227 1.06524e-05 1.06524e-05 
0.0105 0.5 0.669208 0.669208 0.609393 0.982513 0.982513 0.999929 0.982562 0.982562 0.982562 0.982562 0.0773227 0.0773227 1.06524e-05 1.06524e-05 
0.009 0.5 0.669208 0.669208 0.609393 0.982513 0.982513 0.999929 0.982562 0.982562 0.982562 0.982562 0.0773227 0.0773227 1.06524e-05 1.06524e-05 
0.0075 0.5 0.669208 0.669208 0.609393 0.982513 0.982513 0.999929 0.982562 0.982562 0.982562 0.982562 0.0773227 0.0773227 1.06524e-05 1.06524e-05 
0.006 0.5 0.669208 0.669208 0.609393 0.982513 0.982513 0.999929 0.982562 0.982562 0.982562 0.982562 0.0773227 0.0773227 1.06524e-05 1.06524e-05 
0.0045 0.5 0.669208 0.669208 0.609393 0.982513 0.982513 0.999929 0.982562 0.982562 0.982562 0.982562 0.0773227 0.0773227 1.06524e-05 1.06524e-05 
0.003 0.5 0.669208 0.669208 0.609393 0.982513 0.982513 0.999929 0.982562 0.982562 0.982562 0.982562 0.0773227 0.0773227 1.06524e-05 1.06524e-05 
0.0015 0.5 0.669208 0.669208 0.609393 0.982513 0.982513 0.999929 0.982562 0.982562 0.982562 0.982562 0.0773227 0.0773227 1.06524e-05 1.06524e-05 
