0.093 0.0527536 0.738139 0.787044 0.729593 0.801586 0.848844 0.806918 0.91008 1.01549 0.91008 1.01549 0.00521564 0.0936522 2.30837e-06 0.0666276 
0.09207 0.0544 0.737405 0.786252 0.728642 0.80299 0.850219 0.808661 0.910314 1.01545 0.910314 1.01545 0.00540085 0.0938794 1.68508e-06 0.0659373 
0.09114 0.0560333 0.736685 0.785473 0.727707 0.804395 0.851602 0.810413 0.91055 1.01541 0.91055 1.01541 0.00558575 0.0941005 1.22107e-06 0.0652454 
0.09021 0.0576542 0.735977 0.784706 0.726788 0.805801 0.852991 0.812173 0.910785 1.01537 0.910785 1.01537 0.00577038 0.0943157 8.7845e-07 0.064552 
0.08928 0.0585254 0.736176 0.784753 0.726898 0.807861 0.855199 0.814966 0.910998 1.0153 0.910998 1.0153 0.00585437 0.094177 4.44025e-07 0.0634552 
0.08835 0.0601167 0.735482 0.784001 0.725996 0.809244 0.856584 0.816717 0.911229 1.01526 0.911229 1.01526 0.00603713 0.0943864 3.15313e-07 0.06277 
0.08742 0.0616985 0.734799 0.78326 0.725109 0.810627 0.857976 0.818474 0.91146 1.01522 0.91146 1.01522 0.00621983 0.0945901 2.22518e-07 0.0620838 
0.08649 0.063271 0.73413 0.78253 0.724236 0.81201 0.859374 0.820239 0.911692 1.01518 0.911692 1.01518 0.00640243 0.0947881 1.56069e-07 0.0613966 
0.08556 0.0648344 0.733472 0.781812 0.723377 0.813394 0.860779 0.82201 0.911925 1.01514 0.911925 1.01514 0.00658492 0.0949803 1.08803e-07 0.0607087 
0.08463 0.0663937 0.732823 0.7811 0.722527 0.814774 0.862186 0.823783 0.912158 1.01509 0.912158 1.01509 0.00676794 0.0951685 7.29911e-08 0.0600222 
0.0837 0.0674605 0.732722 0.780886 0.722306 0.816494 0.864051 0.826131 0.912365 1.01504 0.912365 1.01504 0.00688291 0.0951459 4.20839e-08 0.0591155 
0.08277 0.0689994 0.732096 0.780196 0.721483 0.817864 0.86546 0.827904 0.912598 1.015 0.912598 1.015 0.00706472 0.0953235 2.8911e-08 0.0584329 
0.08184 0.0705312 0.731484 0.779517 0.720676 0.819234 0.866875 0.829683 0.912832 1.01495 0.912832 1.01495 0.00724648 0.0954949 1.97573e-08 0.0577499 
0.08091 0.0720565 0.730885 0.77885 0.719883 0.820604 0.868295 0.831466 0.913067 1.01491 0.913067 1.01491 0.00742816 0.0956599 1.34335e-08 0.0570668 
0.07998 0.0735756 0.730301 0.778194 0.719107 0.821973 0.86972 0.833255 0.913303 1.01487 0.913303 1.01487 0.00760979 0.0958184 9.0893e-09 0.0563836 
0.07905 0.0748482 0.729984 0.777783 0.718638 0.823481 0.871347 0.835297 0.913523 1.01482 0.913523 1.01482 0.00775662 0.0958747 5.5279e-09 0.0556062 
0.07812 0.0763603 0.729421 0.777147 0.717885 0.824842 0.872772 0.837084 0.913761 1.01477 0.913761 1.01477 0.00793849 0.0960225 3.71603e-09 0.0549276 
0.07719 0.077869 0.728872 0.776521 0.717147 0.826202 0.874201 0.838874 0.914 1.01473 0.914 1.01473 0.00812052 0.096164 2.48821e-09 0.0542495 
0.07626 0.0793749 0.728336 0.775906 0.716424 0.82756 0.875633 0.840667 0.914241 1.01468 0.914241 1.01468 0.00830275 0.096299 1.65993e-09 0.0535722 
0.07533 0.0808789 0.727814 0.775303 0.715715 0.828917 0.877068 0.842462 0.914483 1.01463 0.914483 1.01463 0.00848522 0.0964274 1.10353e-09 0.0528958 
0.0744 0.0823816 0.727305 0.77471 0.71502 0.830273 0.878505 0.84426 0.914727 1.01458 0.914727 1.01458 0.00866798 0.0965494 7.31273e-10 0.0522204 
0.07347 0.0838839 0.726809 0.774128 0.714339 0.831628 0.879945 0.846059 0.914972 1.01453 0.914972 1.01453 0.00885111 0.096665 4.83149e-10 0.0515461 
0.07254 0.0853869 0.726327 0.773556 0.713673 0.832981 0.881386 0.84786 0.91522 1.01448 0.91522 1.01448 0.00903468 0.096774 3.18352e-10 0.0508731 
0.07161 0.0868914 0.725857 0.772994 0.713019 0.834332 0.882829 0.849662 0.915469 1.01443 0.915469 1.01443 0.00921878 0.0968767 2.09256e-10 0.0502016 
0.07068 0.0886608 0.725139 0.7722 0.712076 0.835575 0.884103 0.85125 0.915744 1.01438 0.915744 1.01438 0.0094435 0.0970693 1.51659e-10 0.0496108 
0.06975 0.0901697 0.724696 0.771659 0.711451 0.836928 0.885553 0.85306 0.915998 1.01433 0.915998 1.01433 0.00962896 0.0971582 9.91073e-11 0.0489398 
0.06882 0.0918971 0.724056 0.770932 0.710593 0.838199 0.886872 0.854704 0.916274 1.01428 0.916274 1.01428 0.00984827 0.0973181 7.00065e-11 0.0483315 
0.06789 0.0934144 0.723639 0.770411 0.709995 0.839552 0.888328 0.856518 0.916532 1.01422 0.916532 1.01422 0.0100354 0.0973936 4.55372e-11 0.0476621 
0.06696 0.0952138 0.722965 0.769648 0.709095 0.840808 0.889623 0.85813 0.91682 1.01417 0.91682 1.01417 0.0102667 0.0975612 3.2695e-11 0.0470686 
0.06603 0.096743 0.722573 0.769145 0.708522 0.842162 0.891084 0.85995 0.917084 1.01411 0.917084 1.01411 0.0104559 0.0976234 2.11788e-11 0.0464007 
0.0651 0.0986187 0.721866 0.768346 0.707579 0.843408 0.892358 0.861534 0.917384 1.01405 0.917384 1.01405 0.0107 0.0977984 1.54516e-11 0.0458203 
0.06417 0.100357 0.721313 0.767687 0.706812 0.844705 0.893721 0.863229 0.917673 1.01399 0.917673 1.01399 0.0109226 0.0979149 1.06715e-11 0.0452012 
0.06324 0.10212 0.720758 0.767023 0.706041 0.846002 0.895081 0.86492 0.917967 1.01393 0.917967 1.01393 0.0111493 0.0980297 7.39065e-12 0.0445849 
0.06231 0.103908 0.7202 0.766353 0.705265 0.847298 0.896439 0.866608 0.918266 1.01387 0.918266 1.01387 0.0113804 0.0981429 5.13338e-12 0.0439713 
0.06138 0.105724 0.719639 0.765678 0.704482 0.848595 0.897796 0.868293 0.91857 1.0138 0.91857 1.0138 0.0116159 0.0982545 3.57571e-12 0.0433602 
0.06045 0.107567 0.719075 0.764996 0.703693 0.849893 0.899151 0.869976 0.918879 1.01374 0.918879 1.01374 0.0118561 0.0983646 2.49815e-12 0.0427515 
0.05952 0.109438 0.718508 0.764308 0.702899 0.851193 0.900505 0.871658 0.919194 1.01367 0.919194 1.01367 0.012101 0.0984728 1.74991e-12 0.0421446 
0.05859 0.111339 0.717938 0.763614 0.702097 0.852494 0.90186 0.873339 0.919515 1.0136 0.919515 1.0136 0.0123508 0.0985792 1.22906e-12 0.0415396 
0.05766 0.11327 0.717364 0.762913 0.701289 0.853798 0.903215 0.875019 0.919842 1.01353 0.919842 1.01353 0.0126057 0.0986838 8.65487e-13 0.0409361 
0.05673 0.115232 0.716788 0.762205 0.700475 0.855106 0.90457 0.876701 0.920174 1.01346 0.920174 1.01346 0.0128659 0.0987865 6.10987e-13 0.0403339 
0.0558 0.117225 0.716208 0.761491 0.699653 0.856417 0.905927 0.878383 0.920512 1.01338 0.920512 1.01338 0.0131314 0.0988871 4.32343e-13 0.0397327 
0.05487 0.119252 0.715624 0.760768 0.698824 0.857732 0.907286 0.880067 0.920857 1.01331 0.920857 1.01331 0.0134025 0.0989859 3.06686e-13 0.0391325 
0.05394 0.121311 0.715037 0.760039 0.697988 0.859052 0.908647 0.881754 0.921208 1.01323 0.921208 1.01323 0.0136793 0.0990824 2.18013e-13 0.0385328 
0.05301 0.123406 0.714447 0.759302 0.697144 0.860377 0.910011 0.883443 0.921565 1.01315 0.921565 1.01315 0.013962 0.0991768 1.55307e-13 0.0379336 
0.05208 0.125535 0.713852 0.758557 0.696292 0.861708 0.911378 0.885136 0.921929 1.01306 0.921929 1.01306 0.0142507 0.0992689 1.10867e-13 0.0373346 
0.05115 0.127701 0.713254 0.757804 0.695432 0.863046 0.912749 0.886834 0.922299 1.01298 0.922299 1.01298 0.0145456 0.0993585 7.92813e-14 0.0367355 
0.05022 0.129903 0.712652 0.757043 0.694565 0.86439 0.914124 0.888536 0.922677 1.01289 0.922677 1.01289 0.014847 0.0994458 5.67989e-14 0.0361362 
0.04929 0.132143 0.712046 0.756273 0.693689 0.865741 0.915503 0.890244 0.923061 1.0128 0.923061 1.0128 0.0151549 0.0995306 4.0761e-14 0.0355364 
0.04836 0.134422 0.711437 0.755495 0.692804 0.8671 0.916888 0.891958 0.923452 1.01271 0.923452 1.01271 0.0154696 0.0996127 2.92939e-14 0.034936 
0.04743 0.136739 0.710823 0.754709 0.691911 0.868468 0.918279 0.893679 0.923851 1.01261 0.923851 1.01261 0.0157911 0.0996921 2.10814e-14 0.0343348 
0.0465 0.139097 0.710205 0.753913 0.69101 0.869844 0.919676 0.895407 0.924257 1.01251 0.924257 1.01251 0.0161197 0.0997686 1.51894e-14 0.0337324 
0.04557 0.141496 0.709583 0.753108 0.690099 0.871229 0.921079 0.897143 0.92467 1.01241 0.92467 1.01241 0.0164557 0.0998423 1.09568e-14 0.0331289 
0.04464 0.143937 0.708957 0.752295 0.68918 0.872624 0.922489 0.898888 0.925091 1.01231 0.925091 1.01231 0.0167991 0.0999129 7.91056e-15 0.0325238 
0.04371 0.14642 0.708327 0.751471 0.688251 0.874028 0.923907 0.900642 0.925519 1.0122 0.925519 1.0122 0.0171502 0.0999803 5.71569e-15 0.0319172 
0.04278 0.148946 0.707693 0.750638 0.687313 0.875444 0.925333 0.902406 0.925955 1.01209 0.925955 1.01209 0.0175091 0.100044 4.13238e-15 0.0313086 
0.04185 0.151516 0.707054 0.749796 0.686366 0.87687 0.926767 0.90418 0.926399 1.01197 0.926399 1.01197 0.0178761 0.100105 2.989e-15 0.0306981 
0.04092 0.154131 0.706411 0.748943 0.685409 0.878307 0.92821 0.905965 0.926851 1.01186 0.926851 1.01186 0.0182513 0.100163 2.16255e-15 0.0300854 
0.03999 0.156792 0.705764 0.74808 0.684443 0.879757 0.929663 0.907762 0.927311 1.01174 0.927311 1.01174 0.018635 0.100216 1.56474e-15 0.0294702 
0.03906 0.159499 0.705113 0.747208 0.683466 0.881218 0.931125 0.909572 0.927779 1.01161 0.927779 1.01161 0.0190272 0.100266 1.13207e-15 0.0288525 
0.03813 0.162253 0.704457 0.746324 0.68248 0.882692 0.932598 0.911394 0.928256 1.01148 0.928256 1.01148 0.0194283 0.100312 8.18801e-16 0.0282321 
0.0372 0.165055 0.703797 0.745431 0.681484 0.884179 0.934081 0.913229 0.92874 1.01135 0.92874 1.01135 0.0198384 0.100354 5.9192e-16 0.0276087 
0.03627 0.167905 0.703133 0.744526 0.680478 0.885679 0.935576 0.915079 0.929233 1.01122 0.929233 1.01122 0.0202578 0.100392 4.27588e-16 0.0269822 
0.03534 0.170805 0.702464 0.743611 0.679461 0.887193 0.937082 0.916944 0.929735 1.01108 0.929735 1.01108 0.0206866 0.100426 3.08627e-16 0.0263525 
0.03441 0.173754 0.701791 0.742685 0.678434 0.888721 0.9386 0.918823 0.930245 1.01094 0.930245 1.01094 0.021125 0.100455 2.22494e-16 0.0257194 
0.03348 0.176753 0.701114 0.741748 0.677397 0.890263 0.94013 0.920719 0.930763 1.01079 0.930763 1.01079 0.0215732 0.10048 1.60178e-16 0.0250826 
0.03255 0.179803 0.700432 0.740799 0.67635 0.89182 0.941673 0.922631 0.931291 1.01064 0.931291 1.01064 0.0220315 0.1005 1.15129e-16 0.0244421 
0.03162 0.182905 0.699747 0.739839 0.675291 0.893392 0.943229 0.92456 0.931827 1.01048 0.931827 1.01048 0.0225 0.100515 8.26032e-17 0.0237978 
0.03069 0.186058 0.699057 0.738868 0.674223 0.89498 0.944798 0.926507 0.932371 1.01032 0.932371 1.01032 0.0229789 0.100525 5.91389e-17 0.0231494 
0.02976 0.189264 0.698363 0.737886 0.673143 0.896583 0.946382 0.928472 0.932925 1.01015 0.932925 1.01015 0.0234685 0.10053 4.22403e-17 0.0224967 
0.02883 0.192523 0.697665 0.736892 0.672054 0.898202 0.947979 0.930455 0.933487 1.00998 0.933487 1.00998 0.0239688 0.100529 3.00916e-17 0.0218398 
0.0279 0.195836 0.696963 0.735886 0.670953 0.899838 0.949591 0.932458 0.934058 1.00981 0.934058 1.00981 0.0244802 0.100524 2.13754e-17 0.0211784 
0.02697 0.199202 0.696257 0.734868 0.669842 0.901489 0.951218 0.934481 0.934638 1.00963 0.934638 1.00963 0.0250028 0.100512 1.51365e-17 0.0205125 
0.02604 0.202623 0.695547 0.733839 0.66872 0.903158 0.95286 0.936525 0.935228 1.00944 0.935228 1.00944 0.0255369 0.100495 1.06823e-17 0.0198418 
0.02511 0.206099 0.694833 0.732797 0.667588 0.904844 0.954517 0.938589 0.935826 1.00925 0.935826 1.00925 0.0260826 0.100471 7.51118e-18 0.0191664 
0.02418 0.20963 0.694116 0.731744 0.666445 0.906546 0.956189 0.940674 0.936433 1.00906 0.936433 1.00906 0.0266401 0.100442 5.26087e-18 0.018486 
0.02325 0.213217 0.693395 0.730678 0.665291 0.908266 0.957877 0.942781 0.937049 1.00885 0.937049 1.00885 0.0272098 0.100406 3.66994e-18 0.0178007 
0.02232 0.21686 0.69267 0.7296 0.664126 0.910004 0.95958 0.944911 0.937674 1.00865 0.937674 1.00865 0.0277919 0.100364 2.54897e-18 0.0171103 
0.02139 0.220561 0.691942 0.72851 0.66295 0.91176 0.961299 0.947063 0.938309 1.00843 0.938309 1.00843 0.0283864 0.100315 1.76234e-18 0.0164148 
0.02046 0.22432 0.69121 0.727406 0.661763 0.913533 0.963034 0.949238 0.938952 1.00821 0.938952 1.00821 0.028994 0.100259 1.2129e-18 0.0157141 
0.01953 0.228139 0.690475 0.72629 0.660565 0.915325 0.964784 0.951437 0.939606 1.00799 0.939606 1.00799 0.0296147 0.100196 8.30773e-19 0.0150081 
0.0186 0.232018 0.689736 0.725161 0.659356 0.917135 0.966549 0.953659 0.940268 1.00776 0.940268 1.00776 0.0302491 0.100125 5.66316e-19 0.014297 
0.01767 0.23596 0.688993 0.724018 0.658134 0.918964 0.968329 0.955905 0.940941 1.00752 0.940941 1.00752 0.0308976 0.100047 3.84251e-19 0.0135806 
0.01674 0.239966 0.688246 0.722861 0.6569 0.920812 0.970123 0.958174 0.941624 1.00727 0.941624 1.00727 0.0315608 0.0999609 2.59534e-19 0.0128591 
0.01581 0.244041 0.687495 0.721688 0.655654 0.92268 0.971932 0.960468 0.942318 1.00702 0.942318 1.00702 0.0322393 0.0998666 1.74557e-19 0.0121324 
0.01488 0.248189 0.68674 0.7205 0.654393 0.924567 0.973753 0.962786 0.943024 1.00676 0.943024 1.00676 0.0329341 0.0997637 1.16967e-19 0.0114006 
0.01395 0.252413 0.68598 0.719294 0.653117 0.926475 0.975586 0.965127 0.943741 1.00649 0.943741 1.00649 0.0336461 0.0996516 7.81424e-20 0.0106639 
0.01302 0.256722 0.685214 0.718069 0.651825 0.928405 0.977429 0.967492 0.944472 1.00621 0.944472 1.00621 0.0343768 0.0995299 5.21023e-20 0.00992247 
0.01209 0.261124 0.684441 0.716823 0.650514 0.930357 0.979282 0.96988 0.945218 1.00592 0.945218 1.00592 0.0351279 0.0993978 3.47236e-20 0.00917645 
0.01116 0.265632 0.68366 0.715553 0.649181 0.932333 0.981141 0.972291 0.94598 1.00562 0.94598 1.00562 0.0359017 0.0992545 2.31763e-20 0.00842614 
0.01023 0.27026 0.682869 0.714254 0.647822 0.934335 0.983004 0.974723 0.946762 1.00531 0.946762 1.00531 0.0367013 0.0990987 1.55333e-20 0.00767187 
0.0093 0.27503 0.682066 0.712922 0.646434 0.936366 0.984868 0.977176 0.947567 1.00499 0.947567 1.00499 0.0375305 0.098929 1.04933e-20 0.00691408 
0.00837 0.279973 0.681247 0.71155 0.645007 0.93843 0.986728 0.979648 0.948399 1.00464 0.948399 1.00464 0.038395 0.0987433 7.18168e-21 0.00615335 
0.00744 0.285127 0.680407 0.710127 0.643534 0.940532 0.988578 0.982136 0.949265 1.00428 0.949265 1.00428 0.0393023 0.0985388 5.01583e-21 0.00539042 
0.00651 0.290554 0.679541 0.708639 0.641999 0.94268 0.99041 0.984638 0.950176 1.00389 0.950176 1.00389 0.0402634 0.0983112 3.61232e-21 0.00462629 
0.00558 0.296341 0.678637 0.707064 0.640383 0.944887 0.992211 0.987149 0.951145 1.00347 0.951145 1.00347 0.0412948 0.0980543 2.72523e-21 0.00386242 
0.00465 0.30263 0.67768 0.705368 0.638652 0.947172 0.993962 0.989662 0.952197 1.00301 0.952197 1.00301 0.0424229 0.0977579 2.20855e-21 0.00310097 
0.00372 0.30967 0.676643 0.703492 0.636749 0.949569 0.995631 0.992164 0.95337 1.00247 0.95337 1.00247 0.0436937 0.0974038 2.00866e-21 0.00234555 
0.00279 0.317957 0.675473 0.701317 0.634563 0.95215 0.997154 0.994634 0.954747 1.00183 0.954747 1.00183 0.045199 0.0969553 2.23641e-21 0.00160298 
0.00186 0.328731 0.674045 0.698555 0.631819 0.955089 0.998374 0.997018 0.95653 1.00097 0.95653 1.00097 0.047168 0.0963172 3.78158e-21 0.000889179 
0.00093 0.346891 0.67191 0.694099 0.627492 0.959091 0.998685 0.999131 0.95951 0.99944 0.95951 0.99944 0.0505053 0.0950887 2.23617e-20 0.000258778 
