0.097 0.0453817 0.741548 0.790606 0.733853 0.79584 0.843257 0.799786 0.909149 1.01568 0.909149 1.01568 0.00440281 0.0926146 0 0.0694699 
0.096 0.0471788 0.740741 0.789737 0.732809 0.797342 0.844703 0.801627 0.909397 1.01563 0.909397 1.01563 0.00459842 0.0928694 0 0.0687327 
0.095 0.048966 0.739938 0.788875 0.731773 0.798843 0.846156 0.803474 0.909646 1.01559 0.909646 1.01559 0.00479453 0.0931211 0 0.0679947 
0.094 0.0507432 0.739142 0.788019 0.730744 0.800344 0.847617 0.805329 0.909894 1.01554 0.909894 1.01554 0.00499113 0.0933695 0 0.0672559 
0.093 0.0525105 0.738352 0.78717 0.729724 0.801844 0.849083 0.807191 0.910142 1.0155 0.910142 1.0155 0.00518816 0.0936142 0 0.0665164 
0.092 0.0542679 0.737571 0.786329 0.728714 0.803344 0.850557 0.809059 0.91039 1.01545 0.91039 1.01545 0.00538558 0.093855 0 0.0657762 
0.091 0.0560154 0.736797 0.785495 0.727714 0.804843 0.852038 0.810935 0.910639 1.01541 0.910639 1.01541 0.00558332 0.0940915 0 0.0650353 
0.09 0.0577528 0.736033 0.784671 0.726726 0.806342 0.853525 0.812818 0.910888 1.01536 0.910888 1.01536 0.00578133 0.0943233 0 0.0642937 
0.089 0.0594803 0.735279 0.783856 0.725749 0.80784 0.855019 0.814708 0.911137 1.01532 0.911137 1.01532 0.00597954 0.0945502 0 0.0635515 
0.088 0.0611975 0.734537 0.783052 0.724786 0.809339 0.856521 0.816606 0.911387 1.01528 0.911387 1.01528 0.00617785 0.0947716 0 0.0628084 
0.087 0.0629045 0.733807 0.782258 0.723837 0.810837 0.858029 0.818511 0.911638 1.01523 0.911638 1.01523 0.00637622 0.0949872 0 0.0620646 
0.086 0.0646014 0.73309 0.781477 0.722902 0.812335 0.859545 0.820423 0.911889 1.01519 0.911889 1.01519 0.00657458 0.0951969 0 0.0613201 
0.085 0.0662882 0.732386 0.780707 0.721983 0.813834 0.861067 0.822342 0.91214 1.01514 0.91214 1.01514 0.00677287 0.0954002 0 0.0605749 
0.084 0.0679651 0.731696 0.77995 0.72108 0.815332 0.862597 0.824269 0.912393 1.0151 0.912393 1.0151 0.00697104 0.0955969 0 0.0598291 
0.083 0.0696324 0.731022 0.779205 0.720194 0.81683 0.864133 0.826202 0.912646 1.01505 0.912646 1.01505 0.00716906 0.0957868 0 0.0590828 
0.082 0.0709719 0.730701 0.778783 0.719713 0.81853 0.865953 0.828491 0.91288 1.015 0.91288 1.015 0.00732169 0.0958416 0 0.0582019 
0.081 0.0726227 0.730051 0.778061 0.718855 0.820017 0.867492 0.830426 0.913134 1.01495 0.913134 1.01495 0.00751931 0.09602 0 0.0574601 
0.08 0.0742658 0.729418 0.777352 0.718015 0.821504 0.869037 0.832365 0.913389 1.0149 0.913389 1.0149 0.0077168 0.096191 0 0.0567182 
0.079 0.0759018 0.7288 0.776657 0.717192 0.82299 0.870587 0.834311 0.913645 1.01486 0.913645 1.01486 0.00791418 0.0963545 0 0.0559764 
0.078 0.077266 0.72847 0.776225 0.716701 0.824619 0.87235 0.836521 0.913882 1.0148 0.913882 1.0148 0.00807288 0.0964088 0 0.0551359 
0.077 0.0788939 0.727879 0.775551 0.715907 0.826095 0.873901 0.838464 0.914141 1.01475 0.914141 1.01475 0.00827047 0.0965598 0 0.0543994 
0.076 0.0805179 0.727303 0.774891 0.71513 0.82757 0.875456 0.840411 0.914401 1.0147 0.914401 1.0147 0.00846818 0.0967033 0 0.0536638 
0.075 0.082139 0.726744 0.774244 0.71437 0.829042 0.877014 0.84236 0.914663 1.01465 0.914663 1.01465 0.0086661 0.0968392 0 0.0529293 
0.074 0.0837595 0.726198 0.773608 0.713625 0.830513 0.878573 0.844311 0.914927 1.0146 0.914927 1.0146 0.00886449 0.0969681 0 0.0521964 
0.073 0.0853795 0.725668 0.772984 0.712896 0.831981 0.880136 0.846263 0.915192 1.01454 0.915192 1.01454 0.00906327 0.0970895 0 0.051465 
0.072 0.0869999 0.725153 0.772372 0.712184 0.833448 0.8817 0.848217 0.91546 1.01449 0.91546 1.01449 0.00926254 0.0972035 0 0.0507351 
0.071 0.0886221 0.724653 0.771771 0.711487 0.834912 0.883267 0.850172 0.91573 1.01443 0.91573 1.01443 0.00946239 0.09731 0 0.0500069 
0.07 0.0902472 0.724167 0.771182 0.710805 0.836375 0.884834 0.852127 0.916002 1.01437 0.916002 1.01437 0.00966296 0.0974091 0 0.0492806 
0.069 0.0921475 0.723433 0.77036 0.709831 0.837735 0.886236 0.853875 0.916303 1.01432 0.916303 1.01432 0.00990618 0.0975973 0 0.0486333 
0.068 0.0937803 0.722978 0.769794 0.709181 0.839198 0.887811 0.855837 0.916581 1.01426 0.916581 1.01426 0.0101085 0.0976807 0 0.0479084 
0.067 0.0956756 0.722291 0.769009 0.708258 0.840572 0.889238 0.857614 0.916886 1.0142 0.916886 1.0142 0.010352 0.0978466 0 0.047254 
0.066 0.0973211 0.721866 0.768465 0.707638 0.842035 0.890819 0.859581 0.91717 1.01414 0.91717 1.01414 0.0105565 0.0979146 0 0.0465311 
0.065 0.0993064 0.721138 0.767636 0.706661 0.843394 0.892218 0.861321 0.91749 1.01408 0.91749 1.01408 0.010815 0.09809 0 0.0458936 
0.064 0.101164 0.720556 0.76694 0.705853 0.844802 0.8937 0.863165 0.9178 1.01401 0.9178 1.01401 0.0110535 0.0982096 0 0.0452199 
0.063 0.10305 0.719971 0.766237 0.705038 0.846207 0.895179 0.865004 0.918115 1.01395 0.918115 1.01395 0.0112968 0.0983274 0 0.0445499 
0.062 0.104967 0.719382 0.765527 0.704216 0.847612 0.896655 0.866837 0.918437 1.01388 0.918437 1.01388 0.0115453 0.0984438 0 0.0438834 
0.061 0.106916 0.718789 0.76481 0.703387 0.849017 0.898129 0.868667 0.918764 1.01381 0.918764 1.01381 0.0117989 0.0985583 0 0.0432202 
0.06 0.108897 0.718193 0.764085 0.70255 0.850423 0.899601 0.870494 0.919098 1.01374 0.919098 1.01374 0.012058 0.0986711 0 0.0425597 
0.059 0.110911 0.717592 0.763353 0.701705 0.85183 0.901071 0.872319 0.919439 1.01367 0.919439 1.01367 0.0123228 0.098782 0 0.0419019 
0.058 0.11296 0.716988 0.762612 0.700852 0.85324 0.902541 0.874142 0.919785 1.01359 0.919785 1.01359 0.0125933 0.0988911 0 0.0412462 
0.057 0.115045 0.71638 0.761864 0.699992 0.854652 0.904011 0.875965 0.920139 1.01351 0.920139 1.01351 0.0128698 0.098998 0 0.0405925 
0.056 0.117167 0.715766 0.761107 0.699122 0.856068 0.905482 0.877788 0.9205 1.01343 0.9205 1.01343 0.0131527 0.099103 0 0.0399405 
0.055 0.119326 0.715149 0.760342 0.698244 0.857488 0.906954 0.879613 0.920867 1.01335 0.920867 1.01335 0.0134418 0.0992057 0 0.0392898 
0.054 0.121525 0.714527 0.759567 0.697356 0.858913 0.908428 0.881439 0.921242 1.01327 0.921242 1.01327 0.0137376 0.0993062 0 0.0386401 
0.053 0.123763 0.713901 0.758784 0.69646 0.860344 0.909905 0.883268 0.921625 1.01318 0.921625 1.01318 0.0140402 0.0994042 0 0.0379911 
0.052 0.126041 0.713271 0.757991 0.695555 0.861781 0.911386 0.885101 0.922015 1.01309 0.922015 1.01309 0.0143497 0.0994997 0 0.0373426 
0.051 0.128362 0.712635 0.757189 0.69464 0.863225 0.91287 0.886939 0.922412 1.013 0.922412 1.013 0.0146665 0.0995926 0 0.0366942 
0.05 0.130726 0.711995 0.756377 0.693715 0.864677 0.914359 0.888781 0.922818 1.0129 0.922818 1.0129 0.0149908 0.0996827 0 0.0360458 
0.049 0.133133 0.71135 0.755555 0.692781 0.866136 0.915852 0.89063 0.923231 1.0128 0.923231 1.0128 0.0153226 0.0997701 0 0.035397 
0.048 0.135585 0.710701 0.754723 0.691837 0.867605 0.917352 0.892485 0.923653 1.0127 0.923653 1.0127 0.0156623 0.0998544 0 0.0347475 
0.047 0.138083 0.710046 0.753881 0.690882 0.869083 0.918858 0.894348 0.924083 1.0126 0.924083 1.0126 0.0160101 0.0999357 0 0.0340971 
0.046 0.140628 0.709387 0.753028 0.689917 0.870571 0.920371 0.896219 0.924522 1.01249 0.924522 1.01249 0.0163662 0.100014 0 0.0334456 
0.045 0.14322 0.708723 0.752165 0.688942 0.872069 0.921892 0.8981 0.924969 1.01238 0.924969 1.01238 0.0167308 0.100088 0 0.0327926 
0.044 0.145861 0.708054 0.75129 0.687955 0.873579 0.923421 0.899991 0.925425 1.01227 0.925425 1.01227 0.0171043 0.10016 0 0.032138 
0.043 0.148552 0.707379 0.750405 0.686958 0.8751 0.924959 0.901892 0.92589 1.01215 0.92589 1.01215 0.0174866 0.100227 0 0.0314815 
0.042 0.151293 0.7067 0.749508 0.68595 0.876634 0.926506 0.903805 0.926364 1.01203 0.926364 1.01203 0.0178783 0.100291 0 0.0308228 
0.041 0.154086 0.706016 0.748599 0.68493 0.87818 0.928063 0.905731 0.926847 1.0119 0.926847 1.0119 0.0182793 0.100351 0 0.0301617 
0.04 0.156932 0.705327 0.747679 0.6839 0.87974 0.929631 0.907669 0.927339 1.01178 0.927339 1.01178 0.0186901 0.100407 0 0.0294979 
0.039 0.159831 0.704632 0.746747 0.682858 0.881313 0.93121 0.909622 0.92784 1.01164 0.92784 1.01164 0.0191108 0.100458 0 0.0288314 
0.038 0.162783 0.703932 0.745803 0.681804 0.882901 0.9328 0.911589 0.928351 1.0115 0.928351 1.0115 0.0195417 0.100505 0 0.0281617 
0.037 0.165791 0.703228 0.744846 0.680739 0.884503 0.934403 0.913572 0.928872 1.01136 0.928872 1.01136 0.019983 0.100548 0 0.0274887 
0.036 0.168855 0.702518 0.743877 0.679662 0.886121 0.936019 0.91557 0.929402 1.01122 0.929402 1.01122 0.020435 0.100586 0 0.0268122 
0.035 0.171975 0.701803 0.742896 0.678573 0.887755 0.937648 0.917586 0.929942 1.01107 0.929942 1.01107 0.0208979 0.100619 0 0.026132 
0.034 0.175153 0.701083 0.741902 0.677472 0.889405 0.939291 0.91962 0.930492 1.01091 0.930492 1.01091 0.021372 0.100647 0 0.0254478 
0.033 0.178389 0.700358 0.740895 0.676359 0.891071 0.940948 0.921672 0.931052 1.01075 0.931052 1.01075 0.0218574 0.100669 0 0.0247594 
0.032 0.181683 0.699628 0.739875 0.675233 0.892755 0.94262 0.923743 0.931621 1.01059 0.931621 1.01059 0.0223544 0.100687 0 0.0240667 
0.031 0.185036 0.698894 0.738842 0.674096 0.894456 0.944307 0.925834 0.932201 1.01042 0.932201 1.01042 0.0228634 0.100698 0 0.0233695 
0.03 0.18845 0.698154 0.737795 0.672947 0.896174 0.94601 0.927946 0.932791 1.01024 0.932791 1.01024 0.0233844 0.100704 0 0.0226675 
0.029 0.191924 0.69741 0.736736 0.671785 0.897911 0.94773 0.930079 0.933391 1.01006 0.933391 1.01006 0.0239178 0.100704 0 0.0219607 
0.028 0.195458 0.696661 0.735663 0.670611 0.899667 0.949466 0.932234 0.934001 1.00987 0.934001 1.00987 0.0244637 0.100697 0 0.0212487 
0.027 0.199054 0.695908 0.734576 0.669425 0.901441 0.951219 0.934412 0.934621 1.00968 0.934621 1.00968 0.0250225 0.100684 0 0.0205315 
0.026 0.202712 0.69515 0.733476 0.668226 0.903234 0.952989 0.936614 0.935251 1.00948 0.935251 1.00948 0.0255942 0.100665 0 0.019809 
0.025 0.206432 0.694388 0.732363 0.667016 0.905047 0.954777 0.93884 0.935891 1.00928 0.935891 1.00928 0.0261793 0.100638 0 0.0190809 
0.024 0.210215 0.693621 0.731235 0.665793 0.906879 0.956583 0.94109 0.936542 1.00907 0.936542 1.00907 0.0267779 0.100605 0 0.0183472 
0.023 0.214062 0.69285 0.730094 0.664558 0.908731 0.958407 0.943366 0.937203 1.00885 0.937203 1.00885 0.0273902 0.100565 0 0.0176077 
0.022 0.217972 0.692076 0.728939 0.66331 0.910604 0.960249 0.945667 0.937874 1.00863 0.937874 1.00863 0.0280167 0.100517 0 0.0168623 
0.021 0.221947 0.691297 0.72777 0.662051 0.912497 0.96211 0.947995 0.938556 1.0084 0.938556 1.0084 0.0286574 0.100461 0 0.016111 
0.02 0.225988 0.690514 0.726586 0.660779 0.91441 0.963988 0.950349 0.939248 1.00816 0.939248 1.00816 0.0293129 0.100397 0 0.0153537 
0.019 0.230095 0.689728 0.725388 0.659494 0.916344 0.965885 0.952731 0.939951 1.00792 0.939951 1.00792 0.0299835 0.100326 0 0.0145904 
0.018 0.234271 0.688937 0.724175 0.658196 0.918299 0.967799 0.95514 0.940664 1.00767 0.940664 1.00767 0.0306697 0.100245 0 0.013821 
0.017 0.238518 0.688142 0.722946 0.656885 0.920276 0.96973 0.957577 0.941389 1.00741 0.941389 1.00741 0.0313719 0.100156 0 0.0130456 
0.016 0.242839 0.687343 0.721701 0.65556 0.922274 0.971678 0.960042 0.942125 1.00714 0.942125 1.00714 0.032091 0.100058 0 0.0122642 
0.015 0.247237 0.68654 0.720439 0.65422 0.924295 0.973642 0.962535 0.942874 1.00686 0.942874 1.00686 0.0328278 0.0999505 0 0.0114768 
0.014 0.251719 0.685731 0.719158 0.652864 0.926338 0.97562 0.965055 0.943636 1.00658 0.943636 1.00658 0.0335834 0.0998328 0 0.0106837 
0.013 0.25629 0.684916 0.717857 0.651491 0.928406 0.977611 0.967604 0.944412 1.00628 0.944412 1.00628 0.0343592 0.0997043 0 0.00988488 
0.012 0.260961 0.684095 0.716533 0.650098 0.930498 0.979614 0.970179 0.945204 1.00598 0.945204 1.00598 0.0351571 0.0995645 0 0.00908071 
0.011 0.265744 0.683265 0.715184 0.648681 0.932617 0.981626 0.972781 0.946013 1.00566 0.946013 1.00566 0.0359796 0.0994124 0 0.00827142 
0.01 0.270656 0.682425 0.713805 0.647238 0.934764 0.983644 0.975409 0.946844 1.00533 0.946844 1.00533 0.03683 0.0992466 0 0.00745741 
0.009 0.275722 0.681571 0.712389 0.645762 0.936943 0.985663 0.978061 0.947698 1.00499 0.947698 1.00499 0.0377127 0.0990655 0 0.00663916 
0.008 0.280972 0.680702 0.71093 0.644246 0.939158 0.98768 0.980735 0.948583 1.00462 0.948583 1.00462 0.0386338 0.0988667 0 0.0058173 
0.007 0.286454 0.67981 0.709416 0.642679 0.941416 0.989688 0.98343 0.949505 1.00424 0.949505 1.00424 0.039602 0.0986471 0 0.00499266 
0.006 0.292234 0.678888 0.70783 0.641044 0.943724 0.991675 0.986142 0.950475 1.00382 0.950475 1.00382 0.0406297 0.0984017 0 0.00416635 
0.005 0.298414 0.677926 0.706148 0.639319 0.946098 0.993629 0.988866 0.951511 1.00337 0.951511 1.00337 0.041736 0.0981234 0 0.00333995 
0.004 0.305158 0.676904 0.70433 0.637466 0.948561 0.995528 0.991594 0.952638 1.00287 0.952638 1.00287 0.0429515 0.0978001 0 0.00251585 
0.003 0.312764 0.675792 0.702305 0.635416 0.951154 0.997333 0.994313 0.953906 1.00229 0.953906 1.00229 0.0443317 0.0974098 0 0.00169816 
0.002 0.321888 0.674518 0.699917 0.63302 0.95397 0.998961 0.996993 0.955422 1.00157 0.955422 1.00157 0.0459984 0.0969034 0 0.000895668 
0.001 0.334982 0.672824 0.696584 0.629726 0.957356 1.0001 0.999523 0.957585 1.00051 0.957585 1.00051 0.0484063 0.096098 0 0.000141724 
