0.13 0.300526 0.677603 0.705576 0.638736 0.946885 0.994252 0.989749 0.951864 1.00321 0.951864 1.00321 0.0421158 0.0980243 0 0.00307265 
0.1287 0.300597 0.677605 0.705569 0.638732 0.946915 0.994279 0.989788 0.951875 1.00321 0.951875 1.00321 0.0421262 0.0980156 0 0.00306089 
0.1274 0.300669 0.677607 0.705561 0.638727 0.946946 0.994307 0.989827 0.951887 1.0032 0.951887 1.0032 0.0421368 0.0980069 0 0.00304907 
0.1261 0.300742 0.677609 0.705553 0.638722 0.946977 0.994334 0.989867 0.951899 1.00319 0.951899 1.00319 0.0421477 0.0979981 0 0.00303719 
0.1248 0.300816 0.67761 0.705544 0.638716 0.947009 0.994362 0.989906 0.951911 1.00319 0.951911 1.00319 0.0421588 0.0979893 0 0.00302522 
0.1235 0.300891 0.677612 0.705535 0.638711 0.94704 0.99439 0.989946 0.951923 1.00318 0.951923 1.00318 0.0421701 0.0979805 0 0.00301316 
0.1222 0.300975 0.677534 0.705455 0.638612 0.94705 0.994381 0.989934 0.951939 1.00318 0.951939 1.00318 0.0421966 0.0980031 0 0.00301681 
0.1209 0.301052 0.677537 0.705447 0.638607 0.947084 0.994411 0.989976 0.951952 1.00317 0.951952 1.00317 0.042208 0.0979935 0 0.00300411 
0.1196 0.301131 0.677539 0.705438 0.638603 0.947117 0.99444 0.990019 0.951964 1.00317 0.951964 1.00317 0.0422196 0.0979839 0 0.00299131 
0.1183 0.30121 0.677541 0.705429 0.638597 0.947151 0.99447 0.990061 0.951977 1.00316 0.951977 1.00316 0.0422314 0.0979742 0 0.00297843 
0.117 0.301291 0.677543 0.70542 0.638592 0.947185 0.9945 0.990104 0.95199 1.00315 0.95199 1.00315 0.0422435 0.0979646 0 0.00296546 
0.1157 0.301373 0.677545 0.70541 0.638586 0.947219 0.99453 0.990147 0.952004 1.00314 0.952004 1.00314 0.0422557 0.0979549 0 0.00295239 
0.1144 0.301467 0.677459 0.705322 0.638476 0.947231 0.994522 0.990135 0.952021 1.00314 0.952021 1.00314 0.0422853 0.0979796 0 0.00295606 
0.1131 0.301552 0.677463 0.705314 0.638472 0.947267 0.994553 0.990181 0.952035 1.00314 0.952035 1.00314 0.0422977 0.097969 0 0.00294227 
0.1118 0.301638 0.677465 0.705304 0.638467 0.947304 0.994585 0.990227 0.952049 1.00313 0.952049 1.00313 0.0423103 0.0979584 0 0.00292838 
0.1105 0.301725 0.677468 0.705295 0.638461 0.94734 0.994618 0.990273 0.952063 1.00312 0.952063 1.00312 0.0423232 0.0979478 0 0.00291437 
0.1092 0.301813 0.67747 0.705285 0.638455 0.947378 0.99465 0.99032 0.952077 1.00311 0.952077 1.00311 0.0423364 0.0979372 0 0.00290026 
0.1079 0.301915 0.677392 0.705201 0.638353 0.947395 0.994648 0.990317 0.952096 1.00311 0.952096 1.00311 0.042366 0.0979582 0 0.00290122 
0.1066 0.302007 0.677395 0.705192 0.638348 0.947434 0.994682 0.990366 0.952111 1.0031 0.952111 1.0031 0.0423794 0.0979467 0 0.0028864 
0.1053 0.302099 0.677398 0.705182 0.638343 0.947473 0.994717 0.990415 0.952126 1.00309 0.952126 1.00309 0.042393 0.0979351 0 0.00287147 
0.104 0.302193 0.677401 0.705172 0.638337 0.947512 0.994751 0.990465 0.952141 1.00308 0.952141 1.00308 0.0424069 0.0979236 0 0.00285642 
0.1027 0.302289 0.677404 0.705162 0.638331 0.947552 0.994786 0.990515 0.952157 1.00307 0.952157 1.00307 0.0424211 0.097912 0 0.00284124 
0.1014 0.302402 0.677318 0.70507 0.638219 0.947572 0.994784 0.990513 0.952178 1.00307 0.952178 1.00307 0.0424539 0.0979347 0 0.002842 
0.1001 0.302501 0.677322 0.70506 0.638215 0.947614 0.994821 0.990566 0.952194 1.00306 0.952194 1.00306 0.0424683 0.0979222 0 0.00282605 
0.0988 0.302602 0.677326 0.70505 0.638209 0.947656 0.994858 0.990619 0.95221 1.00305 0.95221 1.00305 0.042483 0.0979096 0 0.00280997 
0.0975 0.302704 0.677329 0.705039 0.638203 0.947699 0.994895 0.990673 0.952226 1.00304 0.952226 1.00304 0.0424981 0.097897 0 0.00279374 
0.0962 0.302807 0.677332 0.705028 0.638197 0.947742 0.994933 0.990727 0.952243 1.00303 0.952243 1.00303 0.0425135 0.0978843 0 0.00277737 
0.0949 0.302934 0.677238 0.704927 0.638074 0.947765 0.994931 0.990725 0.952267 1.00303 0.952267 1.00303 0.0425498 0.097909 0 0.0027779 
0.0936 0.303042 0.677242 0.704917 0.638069 0.94781 0.994971 0.990782 0.952284 1.00302 0.952284 1.00302 0.0425655 0.0978953 0 0.00276068 
0.0923 0.303151 0.677247 0.704905 0.638063 0.947856 0.995011 0.99084 0.952301 1.00301 0.952301 1.00301 0.0425815 0.0978815 0 0.0027433 
0.091 0.303262 0.67725 0.704894 0.638057 0.947902 0.995051 0.990898 0.952319 1.003 0.952319 1.003 0.0425978 0.0978676 0 0.00272576 
0.0897 0.303375 0.677254 0.704882 0.63805 0.947949 0.995091 0.990957 0.952338 1.00299 0.952338 1.00299 0.0426145 0.0978537 0 0.00270804 
0.0884 0.303517 0.67715 0.70477 0.637914 0.947975 0.995091 0.990956 0.952364 1.00299 0.952364 1.00299 0.042655 0.0978807 0 0.00270823 
0.0871 0.303635 0.677155 0.704759 0.637909 0.948024 0.995133 0.991018 0.952383 1.00298 0.952383 1.00298 0.0426721 0.0978656 0 0.00268958 
0.0858 0.303754 0.67716 0.704747 0.637903 0.948074 0.995176 0.99108 0.952402 1.00297 0.952402 1.00297 0.0426895 0.0978504 0 0.00267074 
0.0845 0.303875 0.677165 0.704735 0.637896 0.948125 0.99522 0.991143 0.952422 1.00296 0.952422 1.00296 0.0427074 0.0978351 0 0.00265171 
0.0832 0.303999 0.677169 0.704721 0.637889 0.948176 0.995264 0.991207 0.952442 1.00294 0.952442 1.00294 0.0427257 0.0978197 0 0.00263248 
0.0819 0.30416 0.677054 0.704598 0.637738 0.948206 0.995264 0.991208 0.952471 1.00294 0.952471 1.00294 0.0427711 0.0978493 0 0.00263223 
0.0806 0.304288 0.67706 0.704586 0.637733 0.948259 0.99531 0.991275 0.952492 1.00293 0.952492 1.00293 0.0427897 0.0978326 0 0.00261195 
0.0793 0.304419 0.677065 0.704573 0.637727 0.948314 0.995357 0.991343 0.952513 1.00292 0.952513 1.00292 0.0428089 0.0978157 0 0.00259146 
0.078 0.304553 0.677071 0.704559 0.63772 0.948369 0.995404 0.991412 0.952535 1.0029 0.952535 1.0029 0.0428284 0.0977988 0 0.00257075 
0.0767 0.304724 0.676969 0.704446 0.637584 0.948407 0.995414 0.991427 0.952565 1.0029 0.952565 1.0029 0.0428729 0.0978216 0 0.00256626 
0.0754 0.304862 0.676976 0.704434 0.637579 0.948464 0.995463 0.991499 0.952588 1.00289 0.952588 1.00289 0.0428931 0.0978034 0 0.00254452 
0.0741 0.305004 0.676983 0.70442 0.637573 0.948523 0.995513 0.991572 0.952611 1.00287 0.952611 1.00287 0.0429137 0.097785 0 0.00252254 
0.0728 0.305149 0.676989 0.704406 0.637566 0.948582 0.995564 0.991646 0.952634 1.00286 0.952634 1.00286 0.0429349 0.0977666 0 0.00250031 
0.0715 0.305338 0.676878 0.704282 0.637417 0.948625 0.995575 0.991663 0.952668 1.00285 0.952668 1.00285 0.042984 0.0977912 0 0.00249507 
0.0702 0.305489 0.676885 0.704268 0.637411 0.948687 0.995628 0.99174 0.952692 1.00284 0.952692 1.00284 0.0430058 0.0977713 0 0.00247171 
0.0689 0.305642 0.676893 0.704254 0.637405 0.94875 0.995682 0.991819 0.952717 1.00282 0.952717 1.00282 0.0430282 0.0977513 0 0.00244807 
0.0676 0.3058 0.6769 0.704238 0.637398 0.948814 0.995736 0.991898 0.952742 1.00281 0.952742 1.00281 0.0430511 0.097731 0 0.00242414 
0.0663 0.306011 0.676777 0.704101 0.637234 0.948862 0.995749 0.991919 0.95278 1.0028 0.95278 1.0028 0.0431057 0.0977577 0 0.002418 
0.065 0.306175 0.676786 0.704087 0.637228 0.948929 0.995806 0.992002 0.952807 1.00279 0.952807 1.00279 0.0431294 0.0977359 0 0.00239282 
0.0637 0.306343 0.676795 0.704071 0.637222 0.948997 0.995863 0.992087 0.952834 1.00277 0.952834 1.00277 0.0431538 0.0977139 0 0.00236732 
0.0624 0.306514 0.676803 0.704055 0.637214 0.949067 0.995921 0.992173 0.952861 1.00275 0.952861 1.00275 0.0431788 0.0976916 0 0.00234149 
0.0611 0.306751 0.676668 0.703903 0.637033 0.949121 0.995938 0.992197 0.952904 1.00275 0.952904 1.00275 0.0432398 0.0977206 0 0.00233425 
0.0598 0.306931 0.676678 0.703888 0.637027 0.949194 0.995999 0.992287 0.952933 1.00273 0.952933 1.00273 0.0432656 0.0976966 0 0.00230702 
0.0585 0.307115 0.676687 0.703871 0.637021 0.949268 0.99606 0.992379 0.952962 1.00271 0.952962 1.00271 0.0432923 0.0976722 0 0.00227942 
0.0572 0.307358 0.676578 0.703741 0.636868 0.949332 0.996089 0.992422 0.953005 1.0027 0.953005 1.0027 0.0433497 0.0976901 0 0.00226652 
0.0559 0.307571 0.676547 0.703684 0.636811 0.949406 0.996142 0.9925 0.953041 1.00269 0.953041 1.00269 0.0433883 0.0976793 0 0.00224289 
0.0546 0.30779 0.676515 0.703626 0.636752 0.949482 0.996196 0.992581 0.953077 1.00267 0.953077 1.00267 0.043428 0.0976682 0 0.00221873 
0.0533 0.308015 0.676481 0.703566 0.636691 0.949559 0.996251 0.992663 0.953115 1.00265 0.953115 1.00265 0.0434688 0.0976568 0 0.00219401 
0.052 0.308246 0.676447 0.703504 0.636628 0.949639 0.996307 0.992747 0.953153 1.00263 0.953153 1.00263 0.0435108 0.097645 0 0.00216869 
0.0507 0.308485 0.676412 0.703441 0.636564 0.949721 0.996364 0.992833 0.953193 1.00262 0.953193 1.00262 0.043554 0.0976328 0 0.00214276 
0.0494 0.30873 0.676376 0.703375 0.636498 0.949804 0.996423 0.992921 0.953234 1.0026 0.953234 1.0026 0.0435984 0.0976203 0 0.0021162 
0.0481 0.308982 0.676339 0.703308 0.63643 0.949891 0.996483 0.993012 0.953276 1.00258 0.953276 1.00258 0.0436442 0.0976074 0 0.00208897 
0.0468 0.309243 0.676301 0.703239 0.636359 0.949979 0.996545 0.993105 0.953319 1.00256 0.953319 1.00256 0.0436915 0.097594 0 0.00206105 
0.0455 0.309511 0.676262 0.703167 0.636287 0.95007 0.996608 0.9932 0.953364 1.00254 0.953364 1.00254 0.0437402 0.0975801 0 0.00203242 
0.0442 0.309756 0.676277 0.703147 0.63628 0.950167 0.996685 0.993317 0.953403 1.00251 0.953403 1.00251 0.0437755 0.0975469 0 0.00199724 
0.0429 0.310074 0.67618 0.703018 0.636136 0.950261 0.996739 0.993398 0.953458 1.0025 0.953458 1.0025 0.0438424 0.097551 0 0.0019729 
0.0416 0.310334 0.676196 0.702996 0.636129 0.950362 0.996819 0.993521 0.953499 1.00247 0.953499 1.00247 0.0438798 0.0975155 0 0.00193599 
0.0403 0.310675 0.676093 0.702858 0.635975 0.950463 0.996876 0.993607 0.953558 1.00245 0.953558 1.00245 0.0439516 0.0975198 0 0.00191012 
0.039 0.310951 0.67611 0.702836 0.635968 0.950569 0.99696 0.993736 0.953602 1.00242 0.953602 1.00242 0.0439912 0.0974818 0 0.00187135 
0.0377 0.311318 0.676 0.702688 0.635802 0.950677 0.99702 0.993828 0.953665 1.0024 0.953665 1.0024 0.0440685 0.0974861 0 0.00184379 
0.0364 0.311613 0.676019 0.702664 0.635796 0.95079 0.997108 0.993964 0.953712 1.00237 0.953712 1.00237 0.0441107 0.0974454 0 0.00180301 
0.0351 0.312009 0.6759 0.702504 0.635617 0.950906 0.997172 0.994062 0.95378 1.00235 0.95378 1.00235 0.0441942 0.0974497 0 0.00177359 
0.0338 0.312375 0.675848 0.702408 0.63552 0.951026 0.99725 0.994184 0.953841 1.00232 0.953841 1.00232 0.0442607 0.0974304 0 0.00173691 
0.0325 0.312755 0.675793 0.702307 0.635418 0.951151 0.997331 0.99431 0.953904 1.00229 0.953904 1.00229 0.0443299 0.0974103 0 0.00169912 
0.0312 0.31315 0.675736 0.702203 0.635313 0.95128 0.997415 0.99444 0.95397 1.00226 0.95397 1.00226 0.0444019 0.0973892 0 0.00166014 
0.0299 0.313562 0.675678 0.702094 0.635203 0.951414 0.9975 0.994574 0.954039 1.00223 0.954039 1.00223 0.0444769 0.0973672 0 0.00161992 
0.0286 0.313992 0.675616 0.701981 0.635089 0.951552 0.997588 0.994712 0.95411 1.00219 0.95411 1.00219 0.0445552 0.0973441 0 0.00157838 
0.0273 0.31444 0.675553 0.701862 0.63497 0.951697 0.997678 0.994855 0.954185 1.00216 0.954185 1.00216 0.044637 0.0973199 0 0.00153546 
0.026 0.31491 0.675486 0.701739 0.634846 0.951847 0.997772 0.995003 0.954263 1.00212 0.954263 1.00212 0.0447226 0.0972945 0 0.00149107 
0.0247 0.315324 0.675515 0.701708 0.63484 0.951997 0.997881 0.995178 0.954328 1.00208 0.954328 1.00208 0.0447815 0.0972362 0 0.0014386 
0.0234 0.315918 0.675344 0.701474 0.634579 0.952166 0.997966 0.995316 0.954431 1.00204 0.954431 1.00204 0.0449066 0.0972396 0 0.00139754 
0.0221 0.316461 0.675267 0.701331 0.634436 0.952336 0.998068 0.99548 0.954521 1.002 0.954521 1.002 0.0450057 0.0972097 0 0.00134818 
0.0208 0.317034 0.675187 0.701181 0.634286 0.952514 0.998172 0.995651 0.954616 1.00196 0.954616 1.00196 0.0451102 0.0971781 0 0.00129695 
0.0195 0.317638 0.675103 0.701023 0.634127 0.952701 0.99828 0.995829 0.954716 1.00191 0.954716 1.00191 0.0452207 0.0971446 0 0.00124372 
0.0182 0.318279 0.675014 0.700855 0.633959 0.952897 0.998392 0.996014 0.954823 1.00186 0.954823 1.00186 0.0453377 0.0971089 0 0.00118833 
0.0169 0.318959 0.674919 0.700678 0.633781 0.953103 0.998507 0.996207 0.954936 1.00181 0.954936 1.00181 0.0454621 0.0970707 0 0.00113062 
0.0156 0.319684 0.674819 0.700489 0.633592 0.953321 0.998625 0.996409 0.955056 1.00175 0.955056 1.00175 0.0455947 0.0970297 0 0.0010704 
0.0143 0.320459 0.674713 0.700287 0.633391 0.953552 0.998748 0.996619 0.955185 1.00169 0.955185 1.00169 0.0457367 0.0969855 0 0.00100747 
0.013 0.321293 0.674599 0.700071 0.633174 0.953797 0.998874 0.99684 0.955323 1.00162 0.955323 1.00162 0.0458894 0.0969378 0 0.000941573 
0.0117 0.322194 0.674477 0.699837 0.632941 0.954058 0.999004 0.997071 0.955472 1.00155 0.955472 1.00155 0.0460544 0.0968857 0 0.000872431 
0.0104 0.323173 0.674345 0.699584 0.632689 0.954339 0.999139 0.997315 0.955635 1.00147 0.955635 1.00147 0.046234 0.0968286 0 0.000799704 
0.0091 0.324247 0.674201 0.699307 0.632414 0.954641 0.999277 0.997572 0.955812 1.00139 0.955812 1.00139 0.0464309 0.0967654 0 0.000722993 
0.0078 0.325434 0.674043 0.699002 0.63211 0.954969 0.999418 0.997844 0.956009 1.00129 0.956009 1.00129 0.046649 0.0966948 0 0.000641802 
0.0065 0.326765 0.673868 0.698661 0.631772 0.955329 0.999563 0.998133 0.956229 1.00118 0.956229 1.00118 0.0468935 0.0966147 0 0.000555515 
0.0052 0.328283 0.67367 0.698273 0.631388 0.955729 0.999709 0.998442 0.95648 1.00106 0.95648 1.00106 0.0471726 0.0965221 0 0.000463331 
0.0039 0.33006 0.673441 0.697822 0.630943 0.956184 0.999854 0.998775 0.956774 1.00092 0.956774 1.00092 0.0474994 0.0964122 0 0.000364156 
0.0026 0.332226 0.673166 0.697275 0.630404 0.956716 0.999991 0.999138 0.957131 1.00074 0.957131 1.00074 0.0478984 0.0962756 0 0.000256379 
0.0013 0.335103 0.672809 0.696553 0.629697 0.957383 1.0001 0.999538 0.957605 1.0005 0.957605 1.0005 0.0484287 0.09609 0 0.000137286 
