0.089 0.0491466 0.754584 0.8032 0.751064 0.814793 0.865702 0.829157 0.90932 1.01432 0.90932 1.01432 0.00440668 0.0852573 0.000267485 0.0577932 
0.088 0.0508638 0.753458 0.802009 0.749601 0.815956 0.866857 0.830608 0.909537 1.01429 0.909537 1.01429 0.00459229 0.0856938 0.000254342 0.0572502 
0.087 0.0525744 0.752379 0.800861 0.748193 0.817146 0.868043 0.832097 0.909761 1.01426 0.909761 1.01426 0.00477824 0.0861071 0.000241373 0.0566936 
0.086 0.0542766 0.751347 0.799757 0.746841 0.818362 0.869258 0.833622 0.909991 1.01423 0.909991 1.01423 0.00496423 0.0864975 0.000228614 0.0561242 
0.085 0.0559691 0.750362 0.798695 0.745545 0.8196 0.8705 0.835182 0.910227 1.01419 0.910227 1.01419 0.00515001 0.0868651 0.000216102 0.0555431 
0.084 0.057651 0.749424 0.797676 0.744303 0.82086 0.871767 0.836772 0.910467 1.01416 0.910467 1.01416 0.00533535 0.0872104 0.000203881 0.0549512 
0.083 0.0590135 0.74899 0.797118 0.743645 0.82253 0.873544 0.838998 0.910714 1.01411 0.910714 1.01411 0.00547791 0.0873469 0.000184718 0.054127 
0.082 0.0606512 0.748165 0.796202 0.742536 0.82382 0.874854 0.840641 0.910961 1.01407 0.910961 1.01407 0.00565871 0.0876405 0.000173515 0.0535175 
0.081 0.0622786 0.747383 0.795325 0.741476 0.82512 0.87618 0.842304 0.911212 1.01403 0.911212 1.01403 0.00583879 0.087914 0.000162752 0.0529018 
0.08 0.0638963 0.746641 0.794485 0.740464 0.82643 0.877519 0.843982 0.911467 1.01398 0.911467 1.01398 0.00601815 0.0881681 0.000152455 0.0522811 
0.079 0.0655055 0.745938 0.793679 0.739497 0.827747 0.878869 0.845674 0.911724 1.01394 0.911724 1.01394 0.00619686 0.0884038 0.000142643 0.0516564 
0.078 0.0671077 0.745272 0.792906 0.738572 0.829069 0.880228 0.847376 0.911986 1.01389 0.911986 1.01389 0.00637504 0.088622 0.00013333 0.051029 
0.077 0.0690179 0.744215 0.791773 0.737193 0.830135 0.881251 0.848658 0.912258 1.01385 0.912258 1.01385 0.00659752 0.0889939 0.000128366 0.0505552 
0.076 0.0706181 0.743611 0.791054 0.736339 0.831474 0.882631 0.850387 0.912527 1.0138 0.912527 1.0138 0.00677637 0.0891817 0.000119753 0.04992 
0.075 0.0722136 0.743039 0.790364 0.735523 0.832814 0.884017 0.852121 0.912799 1.01375 0.912799 1.01375 0.00695477 0.0893535 0.00011163 0.0492837 
0.074 0.0738061 0.7425 0.789702 0.734742 0.834156 0.885407 0.85386 0.913073 1.01369 0.913073 1.01369 0.00713286 0.0895103 0.00010399 0.0486468 
0.073 0.0753976 0.74199 0.789065 0.733995 0.835498 0.886799 0.855602 0.913351 1.01364 0.913351 1.01364 0.00731082 0.0896528 9.6823e-05 0.0480101 
0.072 0.0779118 0.740329 0.787365 0.731909 0.836277 0.887403 0.85636 0.913674 1.01361 0.913674 1.01361 0.00762528 0.0902454 9.7324e-05 0.0477295 
0.071 0.0795249 0.739856 0.786758 0.731203 0.83764 0.888819 0.858131 0.913961 1.01355 0.913961 1.01355 0.00780728 0.0903667 9.04782e-05 0.0470843 
0.07 0.0811407 0.739409 0.786173 0.730526 0.839001 0.890235 0.859901 0.914251 1.01348 0.914251 1.01348 0.0079895 0.0904753 8.40878e-05 0.0464402 
0.069 0.0835185 0.738055 0.784747 0.72879 0.839972 0.89108 0.860959 0.914587 1.01344 0.914587 1.01344 0.00828683 0.0909346 8.28799e-05 0.0460534 
0.068 0.0851548 0.737646 0.784193 0.728155 0.841346 0.892512 0.86275 0.914885 1.01338 0.914885 1.01338 0.0084724 0.0910217 7.69296e-05 0.0454041 
0.067 0.087388 0.736553 0.783002 0.726718 0.842449 0.893534 0.864028 0.915224 1.01332 0.915224 1.01332 0.00874935 0.0913713 7.4614e-05 0.0449397 
0.066 0.0890461 0.736183 0.782478 0.726125 0.843832 0.894977 0.865832 0.91553 1.01325 0.91553 1.01325 0.00893803 0.0914373 6.91953e-05 0.0442882 
0.065 0.0913722 0.735059 0.781252 0.724648 0.844945 0.895997 0.867107 0.915886 1.0132 0.915886 1.0132 0.00923048 0.0917902 6.7268e-05 0.0438265 
0.064 0.09341 0.734314 0.780374 0.723613 0.846201 0.897233 0.868652 0.916227 1.01313 0.916227 1.01313 0.00947847 0.0919932 6.39033e-05 0.0432695 
0.063 0.0954801 0.733571 0.779494 0.722576 0.847463 0.898472 0.870201 0.916574 1.01307 0.916574 1.01307 0.00973168 0.092192 6.07269e-05 0.0427121 
0.062 0.0975833 0.732827 0.778611 0.721537 0.848731 0.899716 0.871755 0.916927 1.013 0.916927 1.013 0.00999027 0.0923866 5.77267e-05 0.042154 
0.061 0.0997207 0.732085 0.777724 0.720496 0.850007 0.900964 0.873314 0.917288 1.01293 0.917288 1.01293 0.0102544 0.092577 5.48908e-05 0.041595 
0.06 0.101894 0.731342 0.776834 0.719452 0.851291 0.902217 0.87488 0.917656 1.01285 0.917656 1.01285 0.0105244 0.0927633 5.22101e-05 0.041035 
0.059 0.104103 0.730599 0.775939 0.718406 0.852582 0.903475 0.876452 0.91803 1.01277 0.91803 1.01277 0.0108002 0.0929453 4.96727e-05 0.0404736 
0.058 0.10635 0.729855 0.775039 0.717355 0.853883 0.904739 0.878032 0.918412 1.0127 0.918412 1.0127 0.0110823 0.0931233 4.7273e-05 0.0399108 
0.057 0.108637 0.72911 0.774134 0.7163 0.855192 0.906009 0.879619 0.918802 1.01261 0.918802 1.01261 0.0113708 0.0932972 4.50017e-05 0.0393465 
0.056 0.110468 0.728901 0.773728 0.715874 0.856628 0.907512 0.881495 0.919152 1.01252 0.919152 1.01252 0.0115826 0.0932673 4.15684e-05 0.0386817 
0.055 0.113332 0.727618 0.772308 0.714177 0.857841 0.908571 0.882819 0.919604 1.01244 0.919604 1.01244 0.0119678 0.0936322 4.08096e-05 0.0382122 
0.054 0.115743 0.726869 0.771386 0.713108 0.859181 0.909862 0.884433 0.920017 1.01235 0.920017 1.01235 0.0122768 0.0937933 3.88765e-05 0.037642 
0.053 0.118198 0.726118 0.770456 0.712033 0.860532 0.911162 0.886056 0.920438 1.01226 0.920438 1.01226 0.0125932 0.0939501 3.70431e-05 0.0370694 
0.052 0.120698 0.725366 0.76952 0.710951 0.861895 0.912469 0.887691 0.920868 1.01217 0.920868 1.01217 0.012917 0.0941026 3.53037e-05 0.0364944 
0.051 0.123245 0.724611 0.768576 0.709863 0.86327 0.913786 0.889337 0.921306 1.01207 0.921306 1.01207 0.0132487 0.0942505 3.36525e-05 0.0359167 
0.05 0.125839 0.723854 0.767624 0.708769 0.864658 0.915112 0.890994 0.921753 1.01197 0.921753 1.01197 0.0135884 0.0943939 3.20845e-05 0.0353362 
0.049 0.128484 0.723094 0.766664 0.707666 0.866059 0.916447 0.892663 0.922209 1.01186 0.922209 1.01186 0.0139366 0.0945328 3.05958e-05 0.0347529 
0.048 0.131179 0.722331 0.765695 0.706556 0.867474 0.917792 0.894346 0.922675 1.01175 0.922675 1.01175 0.0142933 0.0946669 2.91806e-05 0.0341663 
0.047 0.133926 0.721565 0.764718 0.705439 0.868903 0.919147 0.896041 0.923149 1.01164 0.923149 1.01164 0.0146589 0.0947962 2.78353e-05 0.0335765 
0.046 0.136728 0.720795 0.76373 0.704312 0.870346 0.920513 0.897751 0.923633 1.01152 0.923633 1.01152 0.0150338 0.0949207 2.65566e-05 0.0329832 
0.045 0.139584 0.720023 0.762733 0.703176 0.871804 0.921891 0.899475 0.924127 1.0114 0.924127 1.0114 0.0154182 0.09504 2.53397e-05 0.0323864 
0.044 0.142497 0.719246 0.761725 0.702031 0.873278 0.923279 0.901213 0.924631 1.01128 0.924631 1.01128 0.0158124 0.0951542 2.41817e-05 0.0317858 
0.043 0.145468 0.718466 0.760707 0.700877 0.874768 0.92468 0.902968 0.925145 1.01115 0.925145 1.01115 0.0162168 0.0952631 2.30792e-05 0.0311812 
0.042 0.1485 0.717681 0.759677 0.699712 0.876275 0.926092 0.904739 0.925669 1.01102 0.925669 1.01102 0.0166317 0.0953665 2.20293e-05 0.0305726 
0.041 0.151593 0.716893 0.758636 0.698537 0.877799 0.927518 0.906526 0.926204 1.01088 0.926204 1.01088 0.0170575 0.0954643 2.10291e-05 0.0299598 
0.04 0.154749 0.7161 0.757583 0.697351 0.87934 0.928956 0.908331 0.92675 1.01073 0.92675 1.01073 0.0174945 0.0955563 2.0076e-05 0.0293426 
0.039 0.15797 0.715302 0.756518 0.696154 0.8809 0.930407 0.910153 0.927308 1.01059 0.927308 1.01059 0.0179431 0.0956424 1.91674e-05 0.0287209 
0.038 0.161258 0.7145 0.755439 0.694945 0.882478 0.931873 0.911994 0.927876 1.01043 0.927876 1.01043 0.0184038 0.0957222 1.83009e-05 0.0280945 
0.037 0.164615 0.713693 0.754348 0.693724 0.884076 0.933352 0.913854 0.928456 1.01027 0.928456 1.01027 0.0188768 0.0957957 1.74745e-05 0.0274632 
0.036 0.168043 0.712881 0.753242 0.69249 0.885693 0.934845 0.915733 0.929048 1.01011 0.929048 1.01011 0.0193628 0.0958627 1.66863e-05 0.0268271 
0.035 0.171542 0.712064 0.752123 0.691244 0.88733 0.936353 0.917633 0.929652 1.00994 0.929652 1.00994 0.019862 0.0959228 1.59339e-05 0.0261857 
0.034 0.175117 0.711241 0.750988 0.689985 0.888988 0.937876 0.919554 0.930268 1.00976 0.930268 1.00976 0.020375 0.0959758 1.52159e-05 0.0255392 
0.033 0.178768 0.710413 0.749839 0.688711 0.890668 0.939414 0.921496 0.930897 1.00958 0.930897 1.00958 0.0209022 0.0960214 1.45304e-05 0.0248872 
0.032 0.182499 0.709579 0.748673 0.687424 0.892369 0.940967 0.923459 0.931539 1.00939 0.931539 1.00939 0.0214443 0.0960595 1.38763e-05 0.0242297 
0.031 0.18631 0.70874 0.747492 0.686122 0.894092 0.942535 0.925445 0.932194 1.00919 0.932194 1.00919 0.0220016 0.0960896 1.32517e-05 0.0235665 
0.03 0.190206 0.707895 0.746293 0.684805 0.895839 0.94412 0.927454 0.932863 1.00899 0.932863 1.00899 0.0225749 0.0961115 1.26556e-05 0.0228976 
0.029 0.194189 0.707043 0.745077 0.683472 0.897609 0.94572 0.929487 0.933546 1.00877 0.933546 1.00877 0.0231647 0.0961248 1.20868e-05 0.0222228 
0.028 0.198261 0.706186 0.743843 0.682123 0.899403 0.947336 0.931544 0.934244 1.00855 0.934244 1.00855 0.0237716 0.0961291 1.15441e-05 0.021542 
0.027 0.202426 0.705322 0.74259 0.680757 0.901223 0.948967 0.933625 0.934956 1.00833 0.934956 1.00833 0.0243965 0.096124 1.10266e-05 0.0208551 
0.026 0.206687 0.704452 0.741318 0.679374 0.903067 0.950615 0.935731 0.935683 1.00809 0.935683 1.00809 0.02504 0.0961092 1.05336e-05 0.020162 
0.025 0.211049 0.703575 0.740025 0.677973 0.904938 0.952278 0.937863 0.936427 1.00784 0.936427 1.00784 0.0257031 0.096084 1.00643e-05 0.0194626 
0.024 0.215515 0.70269 0.73871 0.676553 0.906836 0.953956 0.940021 0.937187 1.00758 0.937187 1.00758 0.0263865 0.096048 9.61793e-06 0.0187569 
0.023 0.220092 0.701799 0.737374 0.675113 0.908762 0.955649 0.942205 0.937964 1.00732 0.937964 1.00732 0.0270915 0.0960006 9.19431e-06 0.0180448 
0.022 0.224783 0.7009 0.736013 0.673653 0.910716 0.957357 0.944416 0.93876 1.00704 0.93876 1.00704 0.0278192 0.0959411 8.79289e-06 0.0173263 
0.021 0.229596 0.699993 0.734628 0.672171 0.9127 0.959079 0.946653 0.939574 1.00675 0.939574 1.00675 0.0285708 0.0958689 8.41366e-06 0.0166013 
0.02 0.234538 0.699078 0.733216 0.670665 0.914715 0.960814 0.948918 0.940409 1.00644 0.940409 1.00644 0.029348 0.095783 8.05654e-06 0.0158698 
0.019 0.239619 0.698154 0.731776 0.669136 0.916762 0.962561 0.951211 0.941265 1.00613 0.941265 1.00613 0.0301524 0.0956825 7.72168e-06 0.0151319 
0.018 0.244848 0.697221 0.730305 0.667579 0.918843 0.964318 0.953531 0.942144 1.00579 0.942144 1.00579 0.0309862 0.0955663 7.40966e-06 0.0143876 
0.017 0.25024 0.696277 0.728801 0.665993 0.92096 0.966085 0.955879 0.943048 1.00544 0.943048 1.00544 0.0318517 0.0954331 7.12109e-06 0.0136369 
0.016 0.255808 0.695323 0.727261 0.664377 0.923114 0.967859 0.958254 0.94398 1.00508 0.94398 1.00508 0.0327519 0.0952813 6.85711e-06 0.01288 
0.015 0.261572 0.694356 0.72568 0.662725 0.925309 0.969637 0.960657 0.944942 1.00469 0.944942 1.00469 0.0336902 0.095109 6.61927e-06 0.0121169 
0.014 0.267555 0.693375 0.724055 0.661035 0.927548 0.971418 0.963088 0.945938 1.00428 0.945938 1.00428 0.034671 0.0949138 6.40975e-06 0.0113478 
0.013 0.273786 0.69238 0.722379 0.659301 0.929835 0.973196 0.965545 0.946972 1.00385 0.946972 1.00385 0.0356996 0.094693 6.23159e-06 0.0105728 
0.012 0.280301 0.691367 0.720646 0.657518 0.932176 0.974969 0.968029 0.94805 1.00339 0.94805 1.00339 0.0367827 0.0944428 6.08899e-06 0.00979218 
0.011 0.287149 0.690335 0.718845 0.655677 0.934577 0.976728 0.97054 0.94918 1.00289 0.94918 1.00289 0.0379287 0.0941586 5.988e-06 0.00900618 
0.01 0.294389 0.68928 0.716966 0.653769 0.937046 0.978469 0.973076 0.95037 1.00235 0.95037 1.00235 0.0391487 0.0938341 5.93726e-06 0.00821507 
0.009 0.302102 0.688198 0.714994 0.651781 0.939597 0.98018 0.975636 0.951632 1.00177 0.951632 1.00177 0.040457 0.0934611 5.94954e-06 0.00741916 
0.008 0.3104 0.687086 0.712908 0.649698 0.942245 0.981848 0.978221 0.952985 1.00112 0.952985 1.00112 0.0418732 0.0930278 6.04459e-06 0.0066188 
0.007 0.319434 0.685937 0.710681 0.647498 0.945012 0.983456 0.980828 0.954451 1.0004 0.954451 1.0004 0.0434246 0.0925179 6.2541e-06 0.00581437 
0.006 0.329428 0.684746 0.708275 0.645151 0.947932 0.984979 0.983456 0.956063 0.999577 0.956063 0.999577 0.0451504 0.0919067 6.6321e-06 0.00500627 
0.005 0.340722 0.683506 0.705634 0.642616 0.951054 0.986376 0.986105 0.957873 0.998617 0.957873 0.998617 0.0471101 0.0911552 7.27803e-06 0.0041949 
0.004 0.353875 0.68221 0.702672 0.63983 0.95446 0.987584 0.988771 0.959963 0.997457 0.959963 0.997457 0.0494001 0.0901973 8.395e-06 0.00338063 
0.003 0.369899 0.680861 0.699241 0.636699 0.958296 0.988484 0.991454 0.962481 0.99598 0.962481 0.99598 0.0521932 0.0889081 1.04652e-05 0.00256371 
0.002 0.390953 0.679494 0.69506 0.633057 0.962867 0.988817 0.994148 0.965738 0.993931 0.965738 0.993931 0.0558511 0.0870077 1.49449e-05 0.00174427 
0.001 0.423269 0.678347 0.689441 0.628605 0.96902 0.9878 0.996826 0.970601 0.990541 0.970601 0.990541 0.0613823 0.0836374 2.87903e-05 0.000923445 
