0.1078 0.100733 0.721194 0.767545 0.706647 0.844982 0.894011 0.863591 0.917735 1.01398 0.917735 1.01398 0.0109709 0.0979399 9.86573e-12 0.0450694 
0.1067 0.101573 0.720929 0.767228 0.706279 0.845601 0.894661 0.864398 0.917875 1.01395 0.917875 1.01395 0.011079 0.0979947 8.27734e-12 0.044775 
0.1056 0.102424 0.720662 0.766909 0.705909 0.846223 0.895313 0.865208 0.918017 1.01392 0.918017 1.01392 0.0111885 0.0980493 6.94443e-12 0.0444801 
0.1045 0.103283 0.720394 0.766587 0.705535 0.846847 0.895966 0.866021 0.918161 1.01389 0.918161 1.01389 0.0112995 0.0981038 5.82624e-12 0.0441846 
0.1034 0.104153 0.720123 0.766261 0.705158 0.847473 0.896622 0.866835 0.918307 1.01386 0.918307 1.01386 0.0114121 0.0981585 4.88952e-12 0.0438888 
0.1023 0.105033 0.719851 0.765934 0.704779 0.848104 0.897281 0.867654 0.918454 1.01383 0.918454 1.01383 0.0115262 0.0982127 4.10061e-12 0.0435917 
0.1012 0.105972 0.719474 0.765514 0.704281 0.848637 0.897807 0.868307 0.918603 1.0138 0.918603 1.0138 0.0116528 0.0983085 3.66871e-12 0.0433551 
0.1001 0.106826 0.7193 0.765269 0.704009 0.849373 0.898608 0.869302 0.918755 1.01376 0.918755 1.01376 0.0117595 0.0983209 2.88346e-12 0.042995 
0.099 0.107786 0.718929 0.764852 0.703516 0.84993 0.89916 0.869988 0.918909 1.01374 0.918909 1.01374 0.0118888 0.0984119 2.55635e-12 0.0427472 
0.0979 0.108665 0.718741 0.764591 0.703226 0.850658 0.899948 0.870966 0.919064 1.0137 0.919064 1.0137 0.0119997 0.0984287 2.02573e-12 0.0423942 
0.0968 0.109646 0.718377 0.764177 0.702738 0.851237 0.900526 0.871684 0.919223 1.01367 0.919223 1.01367 0.0121319 0.0985146 1.77944e-12 0.0421352 
0.0957 0.110554 0.718172 0.7639 0.702427 0.851958 0.901302 0.872647 0.919382 1.01363 0.919382 1.01363 0.0122475 0.0985358 1.42125e-12 0.0417885 
0.0946 0.111555 0.717816 0.763489 0.701945 0.85256 0.901908 0.873398 0.919546 1.0136 0.919546 1.0136 0.0123825 0.0986163 1.23689e-12 0.0415183 
0.0935 0.112494 0.717594 0.763194 0.701613 0.853277 0.902673 0.874347 0.91971 1.01356 0.91971 1.01356 0.0125032 0.0986423 9.95475e-13 0.0411772 
0.0924 0.113518 0.717245 0.762786 0.701137 0.853902 0.903305 0.875132 0.919879 1.01353 0.919879 1.01353 0.0126411 0.098717 8.58269e-13 0.0408958 
0.0913 0.114553 0.716902 0.762381 0.700665 0.85454 0.903953 0.875936 0.920051 1.01349 0.920051 1.01349 0.0127806 0.0987884 7.35758e-13 0.0406077 
0.0902 0.115599 0.716564 0.761979 0.700198 0.855192 0.904617 0.876759 0.920226 1.01346 0.920226 1.01346 0.0129214 0.0988563 6.27197e-13 0.0403131 
0.0891 0.116657 0.716232 0.76158 0.699736 0.855856 0.905296 0.877601 0.920404 1.01342 0.920404 1.01342 0.0130638 0.0989206 5.31708e-13 0.040012 
0.088 0.117726 0.715905 0.761183 0.699278 0.856534 0.90599 0.878461 0.920584 1.01338 0.920584 1.01338 0.0132075 0.0989814 4.48324e-13 0.0397048 
0.0869 0.118668 0.715792 0.760976 0.699062 0.857355 0.906896 0.879584 0.920757 1.01333 0.920757 1.01333 0.0133243 0.0989579 3.38331e-13 0.0393044 
0.0858 0.11976 0.71547 0.760581 0.698608 0.858048 0.907609 0.880468 0.920943 1.01329 0.920943 1.01329 0.0134712 0.0990137 2.83521e-13 0.0389899 
0.0847 0.120864 0.715154 0.760189 0.698158 0.858754 0.908336 0.881369 0.921131 1.01325 0.921131 1.01325 0.0136196 0.0990661 2.36404e-13 0.0386696 
0.0836 0.12198 0.714843 0.7598 0.697713 0.859471 0.909077 0.882286 0.921321 1.0132 0.921321 1.0132 0.0137696 0.099115 1.96169e-13 0.0383439 
0.0825 0.123108 0.714538 0.759412 0.697271 0.860199 0.90983 0.88322 0.921515 1.01316 0.921515 1.01316 0.0139213 0.0991604 1.62026e-13 0.0380129 
0.0814 0.124249 0.714236 0.759027 0.696833 0.860938 0.910597 0.884169 0.921711 1.01311 0.921711 1.01311 0.0140745 0.0992024 1.3323e-13 0.0376767 
0.0803 0.12545 0.713876 0.758587 0.696326 0.861656 0.911324 0.885069 0.921914 1.01307 0.921914 1.01307 0.0142391 0.0992653 1.1235e-13 0.0373583 
0.0792 0.126617 0.713586 0.758207 0.695897 0.862418 0.912117 0.886052 0.922116 1.01302 0.922116 1.01302 0.0143957 0.0992997 9.14824e-14 0.0370112 
0.0781 0.127866 0.713209 0.757747 0.695367 0.863148 0.912853 0.886963 0.922328 1.01297 0.922328 1.01297 0.0145683 0.0993653 7.72978e-14 0.03669 
0.077 0.129106 0.712869 0.757318 0.694878 0.863905 0.913628 0.887923 0.92254 1.01292 0.92254 1.01292 0.0147378 0.0994148 6.40303e-14 0.0363518 
0.0759 0.130368 0.712526 0.756883 0.694382 0.864672 0.914412 0.888893 0.922757 1.01287 0.922757 1.01287 0.0149108 0.0994637 5.29806e-14 0.0360107 
0.0748 0.131653 0.712178 0.756441 0.69388 0.865447 0.915203 0.889872 0.922977 1.01282 0.922977 1.01282 0.0150874 0.0995124 4.3803e-14 0.0356668 
0.0737 0.132961 0.711827 0.755994 0.69337 0.866231 0.916003 0.890862 0.923201 1.01277 0.923201 1.01277 0.0152677 0.0995605 3.6171e-14 0.0353198 
0.0726 0.134293 0.711471 0.755539 0.692854 0.867024 0.916811 0.891862 0.92343 1.01271 0.92343 1.01271 0.0154518 0.0996082 2.9839e-14 0.0349696 
0.0715 0.13565 0.711111 0.755078 0.69233 0.867827 0.917627 0.892873 0.923664 1.01265 0.923664 1.01265 0.0156398 0.0996553 2.45857e-14 0.0346162 
0.0704 0.137032 0.710746 0.75461 0.691799 0.868639 0.918453 0.893895 0.923901 1.0126 0.923901 1.0126 0.0158318 0.0997018 2.02331e-14 0.0342595 
0.0693 0.13844 0.710377 0.754134 0.69126 0.869462 0.919288 0.894928 0.924144 1.01254 0.924144 1.01254 0.016028 0.0997477 1.66305e-14 0.0338993 
0.0682 0.139876 0.710003 0.753652 0.690714 0.870295 0.920133 0.895973 0.924391 1.01248 0.924391 1.01248 0.0162286 0.099793 1.36518e-14 0.0335356 
0.0671 0.141338 0.709624 0.753161 0.690159 0.871138 0.920987 0.89703 0.924643 1.01242 0.924643 1.01242 0.0164336 0.0998376 1.11919e-14 0.0331682 
0.066 0.14283 0.70924 0.752663 0.689596 0.871993 0.921852 0.898099 0.9249 1.01235 0.9249 1.01235 0.0166432 0.0998814 9.16268e-15 0.0327971 
0.0649 0.14435 0.708852 0.752157 0.689025 0.872859 0.922727 0.899182 0.925162 1.01229 0.925162 1.01229 0.0168575 0.0999243 7.48991e-15 0.0324221 
0.0638 0.145901 0.708458 0.751643 0.688445 0.873736 0.923612 0.900277 0.92543 1.01222 0.92543 1.01222 0.0170767 0.0999666 6.11431e-15 0.0320432 
0.0627 0.147482 0.70806 0.75112 0.687856 0.874625 0.924509 0.901386 0.925703 1.01215 0.925703 1.01215 0.0173009 0.100008 4.98314e-15 0.0316602 
0.0616 0.149095 0.707656 0.750589 0.687258 0.875527 0.925416 0.902509 0.925981 1.01208 0.925981 1.01208 0.0175303 0.100048 4.05499e-15 0.0312731 
0.0605 0.15074 0.707246 0.75005 0.686651 0.876441 0.926336 0.903646 0.926265 1.01201 0.926265 1.01201 0.0177651 0.100087 3.29404e-15 0.0308816 
0.0594 0.152419 0.706832 0.749501 0.686035 0.877367 0.927267 0.904798 0.926555 1.01193 0.926555 1.01193 0.0180054 0.100126 2.67125e-15 0.0304857 
0.0583 0.154132 0.706411 0.748943 0.685409 0.878307 0.928211 0.905965 0.926851 1.01186 0.926851 1.01186 0.0182513 0.100163 2.1625e-15 0.0300853 
0.0572 0.15588 0.705985 0.748376 0.684773 0.879261 0.929167 0.907148 0.927153 1.01178 0.927153 1.01178 0.0185032 0.100198 1.74729e-15 0.0296803 
0.0561 0.157664 0.705554 0.747799 0.684128 0.880228 0.930135 0.908347 0.927462 1.0117 0.927462 1.0117 0.018761 0.100233 1.40907e-15 0.0292705 
0.055 0.159484 0.705116 0.747212 0.683472 0.88121 0.931117 0.909562 0.927777 1.01161 0.927777 1.01161 0.019025 0.100266 1.13404e-15 0.0288559 
0.0539 0.161343 0.704673 0.746616 0.682805 0.882206 0.932113 0.910794 0.928098 1.01153 0.928098 1.01153 0.0192955 0.100298 9.10784e-16 0.0284363 
0.0528 0.16324 0.704224 0.746009 0.682128 0.883217 0.933122 0.912042 0.928426 1.01144 0.928426 1.01144 0.0195725 0.100328 7.29958e-16 0.0280116 
0.0517 0.165177 0.703768 0.745392 0.681441 0.884243 0.934146 0.913309 0.928761 1.01135 0.928761 1.01135 0.0198563 0.100356 5.83688e-16 0.0275817 
0.0506 0.167155 0.703307 0.744764 0.680742 0.885285 0.935183 0.914594 0.929103 1.01125 0.929103 1.01125 0.0201471 0.100383 4.65643e-16 0.0271465 
0.0495 0.169173 0.702839 0.744125 0.680032 0.886343 0.936236 0.915897 0.929453 1.01116 0.929453 1.01116 0.0204451 0.100408 3.70572e-16 0.0267059 
0.0484 0.171235 0.702365 0.743476 0.679311 0.887416 0.937304 0.917219 0.929809 1.01106 0.929809 1.01106 0.0207503 0.10043 2.94162e-16 0.0262597 
0.0473 0.173339 0.701885 0.742815 0.678578 0.888507 0.938387 0.91856 0.930173 1.01096 0.930173 1.01096 0.0210632 0.100451 2.3291e-16 0.0258079 
0.0462 0.175488 0.701399 0.742142 0.677834 0.889614 0.939486 0.919921 0.930545 1.01085 0.930545 1.01085 0.0213838 0.10047 1.83896e-16 0.0253503 
0.0451 0.177682 0.700906 0.741458 0.677077 0.890738 0.940601 0.921303 0.930924 1.01074 0.930924 1.01074 0.0217125 0.100486 1.44801e-16 0.0248869 
0.044 0.179921 0.700406 0.740762 0.676309 0.89188 0.941732 0.922705 0.931311 1.01063 0.931311 1.01063 0.0220493 0.1005 1.13678e-16 0.0244174 
0.0429 0.182208 0.6999 0.740055 0.675528 0.89304 0.94288 0.924128 0.931706 1.01052 0.931706 1.01052 0.0223945 0.100512 8.89712e-17 0.0239419 
0.0418 0.184542 0.699388 0.739335 0.674735 0.894218 0.944045 0.925573 0.932109 1.0104 0.932109 1.0104 0.0227484 0.100521 6.94119e-17 0.0234602 
0.0407 0.186926 0.698868 0.738602 0.67393 0.895415 0.945228 0.92704 0.932521 1.01027 0.932521 1.01027 0.0231111 0.100527 5.39765e-17 0.0229722 
0.0396 0.189358 0.698343 0.737857 0.673112 0.89663 0.946428 0.928529 0.932941 1.01015 0.932941 1.01015 0.0234828 0.10053 4.18282e-17 0.0224778 
0.0385 0.191841 0.69781 0.737099 0.672281 0.897864 0.947646 0.930041 0.933369 1.01002 0.933369 1.01002 0.0238638 0.10053 3.22983e-17 0.0219769 
0.0374 0.194375 0.697272 0.736329 0.671438 0.899117 0.948882 0.931577 0.933806 1.00989 0.933806 1.00989 0.0242543 0.100527 2.48471e-17 0.0214694 
0.0363 0.196961 0.696726 0.735545 0.670581 0.900391 0.950136 0.933136 0.934252 1.00975 0.934252 1.00975 0.0246545 0.10052 1.90427e-17 0.0209553 
0.0352 0.199599 0.696174 0.734749 0.669712 0.901683 0.951409 0.934719 0.934707 1.00961 0.934707 1.00961 0.0250646 0.10051 1.45348e-17 0.0204344 
0.0341 0.202291 0.695616 0.733938 0.668829 0.902996 0.952701 0.936327 0.93517 1.00946 0.93517 1.00946 0.0254849 0.100497 1.10491e-17 0.0199067 
0.033 0.205037 0.695051 0.733115 0.667933 0.90433 0.954012 0.937959 0.935643 1.00931 0.935643 1.00931 0.0259156 0.100479 8.36304e-18 0.0193721 
0.0319 0.207838 0.694479 0.732278 0.667024 0.905683 0.955342 0.939617 0.936125 1.00916 0.936125 1.00916 0.0263568 0.100458 6.30194e-18 0.0188306 
0.0308 0.210694 0.693901 0.731427 0.666101 0.907058 0.956691 0.941301 0.936616 1.009 0.936616 1.009 0.0268089 0.100432 4.72713e-18 0.018282 
0.0297 0.213607 0.693317 0.730562 0.665166 0.908453 0.95806 0.94301 0.937116 1.00883 0.937116 1.00883 0.027272 0.100402 3.52904e-18 0.0177264 
0.0286 0.216577 0.692726 0.729684 0.664216 0.90987 0.959448 0.944746 0.937626 1.00866 0.937626 1.00866 0.0277465 0.100367 2.62206e-18 0.0171637 
0.0275 0.219605 0.692129 0.728791 0.663253 0.911307 0.960856 0.946508 0.938145 1.00849 0.938145 1.00849 0.0282325 0.100328 1.93839e-18 0.0165939 
0.0264 0.222692 0.691526 0.727884 0.662276 0.912766 0.962284 0.948298 0.938674 1.00831 0.938674 1.00831 0.0287304 0.100284 1.42571e-18 0.0160168 
0.0253 0.225839 0.690917 0.726962 0.661286 0.914247 0.963731 0.950114 0.939212 1.00813 0.939212 1.00813 0.0292404 0.100234 1.04325e-18 0.0154326 
0.0242 0.229046 0.690301 0.726026 0.660282 0.91575 0.965198 0.951958 0.939761 1.00794 0.939761 1.00794 0.0297628 0.10018 7.59411e-19 0.0148412 
0.0231 0.232316 0.689679 0.725074 0.659263 0.917274 0.966684 0.953829 0.940319 1.00774 0.940319 1.00774 0.0302981 0.100119 5.49915e-19 0.0142425 
0.022 0.23565 0.689051 0.724108 0.65823 0.918821 0.96819 0.955729 0.940888 1.00754 0.940888 1.00754 0.0308465 0.100053 3.96124e-19 0.0136367 
0.0209 0.239049 0.688416 0.723125 0.657182 0.92039 0.969714 0.957656 0.941468 1.00733 0.941468 1.00733 0.0314086 0.0999812 2.8387e-19 0.0130236 
0.0198 0.242517 0.687775 0.722126 0.656119 0.921982 0.971257 0.959612 0.942059 1.00711 0.942059 1.00711 0.0319849 0.0999027 2.02419e-19 0.0124034 
0.0187 0.246055 0.687128 0.721111 0.655041 0.923598 0.972818 0.961596 0.942661 1.00689 0.942661 1.00689 0.0325761 0.0998175 1.43651e-19 0.0117761 
0.0176 0.249668 0.686473 0.720077 0.653945 0.925237 0.974397 0.963608 0.943275 1.00666 0.943275 1.00666 0.0331829 0.0997253 1.015e-19 0.0111416 
0.0165 0.253361 0.68581 0.719024 0.652832 0.926901 0.975993 0.965649 0.943902 1.00643 0.943902 1.00643 0.0338064 0.0996255 7.14389e-20 0.0105 
0.0154 0.257138 0.68514 0.717951 0.6517 0.92859 0.977606 0.967719 0.944543 1.00618 0.944543 1.00618 0.0344476 0.0995177 5.01231e-20 0.00985142 
0.0143 0.261009 0.684461 0.716855 0.650548 0.930306 0.979234 0.969818 0.945198 1.00593 0.945198 1.00593 0.0351082 0.0994014 3.50907e-20 0.00919582 
0.0132 0.264983 0.683772 0.715735 0.649372 0.93205 0.980876 0.971946 0.94587 1.00567 0.94587 1.00567 0.03579 0.0992756 2.45455e-20 0.00853326 
0.0121 0.269072 0.683071 0.714587 0.64817 0.933824 0.982531 0.974104 0.946561 1.00539 0.946561 1.00539 0.0364956 0.0991395 1.7185e-20 0.00786378 
0.011 0.273294 0.682357 0.713406 0.646938 0.935631 0.984197 0.976291 0.947274 1.00511 0.947274 1.00511 0.0372281 0.0989918 1.20712e-20 0.0071874 
0.0099 0.277672 0.681626 0.712188 0.645669 0.937475 0.985872 0.978507 0.948012 1.0048 0.948012 1.0048 0.0379919 0.098831 8.53546e-21 0.00650413 
0.0088 0.282238 0.680876 0.710923 0.644358 0.939361 0.987554 0.980754 0.94878 1.00449 0.94878 1.00449 0.038793 0.0986548 6.10272e-21 0.00581395 
0.0077 0.287036 0.6801 0.709602 0.642992 0.941296 0.989237 0.983031 0.949586 1.00415 0.949586 1.00415 0.0396396 0.0984602 4.44077e-21 0.0051168 
0.0066 0.292131 0.679292 0.708208 0.641557 0.943291 0.990918 0.98534 0.95044 1.00378 0.95044 1.00378 0.0405438 0.0982427 3.32011e-21 0.00441257 
0.0055 0.297623 0.67844 0.706717 0.640028 0.945363 0.992587 0.98768 0.95136 1.00338 0.95136 1.00338 0.0415242 0.0979953 2.58826e-21 0.00370105 
0.0044 0.303677 0.677523 0.705087 0.638367 0.947539 0.994231 0.990055 0.952371 1.00293 0.952371 1.00293 0.0426114 0.0977067 2.15611e-21 0.00298188 
0.0033 0.310596 0.676509 0.703247 0.636502 0.949871 0.995826 0.992467 0.953524 1.0024 0.953524 1.0024 0.0438614 0.0973554 2.00816e-21 0.00225449 
0.0022 0.319047 0.675324 0.701034 0.63428 0.952468 0.997317 0.994918 0.954928 1.00175 0.954928 1.00175 0.0453975 0.0968937 2.31158e-21 0.0015178 
0.0011 0.3311 0.673746 0.697958 0.631232 0.955673 0.998529 0.997418 0.95692 1.00077 0.95692 1.00077 0.0476025 0.0961681 4.49832e-21 0.000769553 
