0.13 0.300561 0.677992 0.705924 0.639219 0.946434 0.993412 0.988862 0.951851 1.00316 0.951851 1.00316 0.042051 0.0978575 2.33829e-21 0.00334302 
0.1287 0.300639 0.677995 0.705916 0.639215 0.946466 0.99344 0.988902 0.951864 1.00315 0.951864 1.00315 0.0420624 0.0978477 2.32064e-21 0.00333071 
0.1274 0.300717 0.677997 0.705908 0.63921 0.946499 0.993468 0.988943 0.951876 1.00315 0.951876 1.00315 0.0420739 0.097838 2.30324e-21 0.00331833 
0.1261 0.300797 0.678 0.705899 0.639205 0.946532 0.993497 0.988984 0.951889 1.00314 0.951889 1.00314 0.0420857 0.0978282 2.28606e-21 0.00330587 
0.1248 0.300878 0.678002 0.70589 0.6392 0.946566 0.993525 0.989026 0.951902 1.00313 0.951902 1.00313 0.0420977 0.0978184 2.26911e-21 0.00329332 
0.1235 0.300967 0.67793 0.705815 0.639107 0.94658 0.993522 0.989021 0.951919 1.00313 0.951919 1.00313 0.042124 0.097838 2.30988e-21 0.00329479 
0.1222 0.301051 0.677934 0.705806 0.639103 0.946615 0.993552 0.989064 0.951932 1.00312 0.951932 1.00312 0.0421361 0.0978275 2.29138e-21 0.00328164 
0.1209 0.301135 0.677937 0.705798 0.639098 0.94665 0.993582 0.989108 0.951946 1.00311 0.951946 1.00311 0.0421486 0.0978169 2.27314e-21 0.00326841 
0.1196 0.301221 0.677939 0.705788 0.639093 0.946685 0.993612 0.989152 0.95196 1.00311 0.95196 1.00311 0.0421612 0.0978064 2.25514e-21 0.00325509 
0.1183 0.301308 0.677942 0.705779 0.639088 0.946721 0.993643 0.989196 0.951974 1.0031 0.951974 1.0031 0.0421741 0.0977958 2.23739e-21 0.00324167 
0.117 0.301406 0.677864 0.705697 0.638987 0.946737 0.99364 0.989192 0.951992 1.0031 0.951992 1.0031 0.0422028 0.097817 2.28089e-21 0.00324308 
0.1157 0.301496 0.677868 0.705688 0.638983 0.946774 0.993672 0.989238 0.952007 1.00309 0.952007 1.00309 0.0422159 0.0978056 2.26147e-21 0.00322901 
0.1144 0.301587 0.677871 0.705679 0.638978 0.946812 0.993704 0.989285 0.952021 1.00308 0.952021 1.00308 0.0422293 0.0977941 2.24233e-21 0.00321484 
0.1131 0.30168 0.677874 0.705669 0.638972 0.94685 0.993736 0.989332 0.952036 1.00307 0.952036 1.00307 0.0422429 0.0977827 2.22346e-21 0.00320057 
0.1118 0.301774 0.677877 0.705658 0.638967 0.946889 0.993769 0.98938 0.952052 1.00306 0.952052 1.00306 0.0422568 0.0977712 2.20486e-21 0.00318619 
0.1105 0.301882 0.677792 0.705569 0.638857 0.946906 0.993766 0.989376 0.952072 1.00306 0.952072 1.00306 0.0422883 0.0977941 2.25128e-21 0.00318748 
0.1092 0.301979 0.677797 0.70556 0.638852 0.946947 0.9938 0.989425 0.952087 1.00305 0.952087 1.00305 0.0423024 0.0977817 2.23088e-21 0.00317239 
0.1079 0.302078 0.677801 0.70555 0.638847 0.946987 0.993835 0.989476 0.952103 1.00304 0.952103 1.00304 0.0423168 0.0977692 2.21079e-21 0.00315717 
0.1066 0.302178 0.677804 0.705539 0.638842 0.947028 0.99387 0.989526 0.952119 1.00303 0.952119 1.00303 0.0423316 0.0977567 2.191e-21 0.00314184 
0.1053 0.302279 0.677807 0.705528 0.638836 0.94707 0.993905 0.989577 0.952136 1.00302 0.952136 1.00302 0.0423466 0.0977442 2.17149e-21 0.00312639 
0.104 0.302399 0.677715 0.70543 0.638715 0.94709 0.993902 0.989574 0.952158 1.00302 0.952158 1.00302 0.0423814 0.0977691 2.22129e-21 0.00312755 
0.1027 0.302504 0.677719 0.70542 0.638711 0.947133 0.993939 0.989627 0.952175 1.00301 0.952175 1.00301 0.0423967 0.0977555 2.19984e-21 0.00311131 
0.1014 0.302611 0.677724 0.705409 0.638706 0.947177 0.993976 0.989681 0.952192 1.003 0.952192 1.003 0.0424123 0.0977419 2.17873e-21 0.00309494 
0.1001 0.30272 0.677728 0.705398 0.6387 0.947221 0.994013 0.989736 0.95221 1.00299 0.95221 1.00299 0.0424282 0.0977283 2.15794e-21 0.00307842 
0.0988 0.302847 0.677647 0.70531 0.638593 0.947248 0.994019 0.989744 0.952233 1.00299 0.952233 1.00299 0.042462 0.0977473 2.19694e-21 0.00307608 
0.0975 0.30296 0.677653 0.705299 0.638588 0.947294 0.994058 0.989801 0.952251 1.00298 0.952251 1.00298 0.0424783 0.0977327 2.1746e-21 0.00305883 
0.0962 0.303074 0.677658 0.705288 0.638583 0.947341 0.994097 0.989858 0.952269 1.00297 0.952269 1.00297 0.042495 0.0977181 2.15263e-21 0.00304142 
0.0949 0.303191 0.677662 0.705276 0.638577 0.947388 0.994136 0.989917 0.952288 1.00296 0.952288 1.00296 0.042512 0.0977034 2.13102e-21 0.00302387 
0.0936 0.303329 0.677575 0.705181 0.638462 0.947418 0.994142 0.989925 0.952313 1.00295 0.952313 1.00295 0.0425488 0.0977237 2.17252e-21 0.00302116 
0.0923 0.30345 0.677581 0.70517 0.638457 0.947467 0.994184 0.989986 0.952333 1.00294 0.952333 1.00294 0.0425662 0.097708 2.14924e-21 0.00300279 
0.091 0.303573 0.677587 0.705158 0.638451 0.947517 0.994225 0.990048 0.952352 1.00293 0.952352 1.00293 0.0425841 0.0976922 2.12637e-21 0.00298426 
0.0897 0.303698 0.677592 0.705145 0.638445 0.947567 0.994267 0.990109 0.952373 1.00292 0.952373 1.00292 0.0426024 0.0976763 2.10388e-21 0.00296555 
0.0884 0.30385 0.677498 0.705041 0.63832 0.9476 0.994275 0.99012 0.9524 1.00292 0.9524 1.00292 0.0426425 0.0976982 2.14825e-21 0.00296243 
0.0871 0.30398 0.677504 0.705029 0.638315 0.947652 0.994318 0.990185 0.952421 1.0029 0.952421 1.0029 0.0426613 0.0976812 2.12399e-21 0.00294284 
0.0858 0.304112 0.67751 0.705017 0.638309 0.947706 0.994363 0.99025 0.952442 1.00289 0.952442 1.00289 0.0426805 0.0976641 2.10016e-21 0.00292306 
0.0845 0.304247 0.677516 0.705004 0.638303 0.94776 0.994407 0.990316 0.952464 1.00288 0.952464 1.00288 0.0427001 0.0976469 2.07676e-21 0.00290309 
0.0832 0.304414 0.677414 0.70489 0.638167 0.947796 0.994416 0.990328 0.952494 1.00287 0.952494 1.00287 0.0427441 0.0976704 2.12418e-21 0.00289943 
0.0819 0.304554 0.677421 0.704878 0.638162 0.947852 0.994462 0.990398 0.952517 1.00286 0.952517 1.00286 0.0427643 0.097652 2.09888e-21 0.00287849 
0.0806 0.304697 0.677428 0.704865 0.638156 0.947909 0.99451 0.990468 0.95254 1.00284 0.95254 1.00284 0.042785 0.0976333 2.07406e-21 0.00285733 
0.0793 0.304843 0.677434 0.70485 0.638149 0.947968 0.994557 0.990538 0.952563 1.00283 0.952563 1.00283 0.0428063 0.0976146 2.04971e-21 0.00283595 
0.078 0.305027 0.677323 0.704726 0.638 0.948008 0.994567 0.990553 0.952596 1.00283 0.952596 1.00283 0.0428547 0.09764 2.10066e-21 0.00283168 
0.0767 0.305179 0.677331 0.704713 0.637995 0.948069 0.994617 0.990627 0.952621 1.00281 0.952621 1.00281 0.0428765 0.0976199 2.07426e-21 0.00280923 
0.0754 0.305334 0.677339 0.704699 0.637989 0.94813 0.994667 0.990702 0.952646 1.0028 0.952646 1.0028 0.0428989 0.0975996 2.0484e-21 0.00278655 
0.0741 0.305492 0.677346 0.704684 0.637982 0.948193 0.994718 0.990778 0.952671 1.00278 0.952671 1.00278 0.042922 0.0975791 2.02307e-21 0.00276361 
0.0728 0.305697 0.677224 0.704548 0.637819 0.948238 0.994729 0.990795 0.952708 1.00278 0.952708 1.00278 0.0429755 0.0976066 2.07804e-21 0.00275859 
0.0715 0.305862 0.677233 0.704534 0.637814 0.948303 0.994783 0.990874 0.952735 1.00276 0.952735 1.00276 0.0429992 0.0975845 2.0505e-21 0.00273448 
0.0702 0.306031 0.677242 0.704518 0.637807 0.94837 0.994837 0.990955 0.952762 1.00274 0.952762 1.00274 0.0430236 0.0975622 2.02357e-21 0.00271008 
0.0689 0.306242 0.677143 0.704402 0.637671 0.948424 0.994859 0.990989 0.952799 1.00274 0.952799 1.00274 0.0430738 0.0975793 2.06209e-21 0.0026999 
0.0676 0.306418 0.677153 0.704387 0.637666 0.948493 0.994915 0.991074 0.952827 1.00272 0.952827 1.00272 0.0430992 0.0975556 2.03367e-21 0.0026744 
0.0663 0.306599 0.677163 0.704371 0.63766 0.948564 0.994972 0.991159 0.952856 1.0027 0.952856 1.0027 0.0431252 0.0975316 2.00591e-21 0.00264859 
0.065 0.306828 0.677057 0.704246 0.637513 0.948623 0.994997 0.991196 0.952897 1.00269 0.952897 1.00269 0.0431796 0.0975497 2.0472e-21 0.00263749 
0.0637 0.307017 0.677068 0.704231 0.637508 0.948697 0.995056 0.991285 0.952927 1.00267 0.952927 1.00267 0.0432067 0.0975242 2.01787e-21 0.00261047 
0.0624 0.30721 0.677079 0.704214 0.637502 0.948772 0.995116 0.991376 0.952958 1.00265 0.952958 1.00265 0.0432346 0.0974984 1.98927e-21 0.00258311 
0.0611 0.30746 0.676965 0.704078 0.637343 0.948836 0.995143 0.991416 0.953002 1.00264 0.953002 1.00264 0.0432939 0.0975176 2.0338e-21 0.00257098 
0.0598 0.307663 0.676977 0.704062 0.637338 0.948915 0.995205 0.991511 0.953035 1.00262 0.953035 1.00262 0.0433229 0.09749 2.00349e-21 0.0025423 
0.0585 0.307871 0.676989 0.704044 0.637332 0.948995 0.995269 0.991608 0.953068 1.0026 0.953068 1.0026 0.0433528 0.097462 1.97388e-21 0.00251321 
0.0572 0.308145 0.676864 0.703896 0.637158 0.949065 0.995298 0.991652 0.953116 1.00259 0.953116 1.00259 0.0434177 0.0974826 2.02243e-21 0.00249995 
0.0559 0.308386 0.676829 0.703832 0.637094 0.949145 0.995351 0.991734 0.953156 1.00257 0.953156 1.00257 0.0434613 0.0974702 2.01918e-21 0.00247518 
0.0546 0.308634 0.676793 0.703766 0.637027 0.949228 0.995406 0.991818 0.953198 1.00255 0.953198 1.00255 0.0435062 0.0974574 2.01625e-21 0.00244984 
0.0533 0.30889 0.676756 0.703699 0.636959 0.949312 0.995462 0.991904 0.95324 1.00253 0.95324 1.00253 0.0435524 0.0974442 2.01368e-21 0.00242389 
0.052 0.309153 0.676718 0.703629 0.636888 0.949399 0.99552 0.991992 0.953284 1.00251 0.953284 1.00251 0.0436001 0.0974306 2.0115e-21 0.00239731 
0.0507 0.309424 0.676679 0.703557 0.636815 0.949488 0.995578 0.992083 0.953329 1.00249 0.953329 1.00249 0.0436492 0.0974166 2.00975e-21 0.00237009 
0.0494 0.309676 0.676694 0.703536 0.636809 0.949584 0.995651 0.992195 0.953369 1.00247 0.953369 1.00247 0.0436852 0.0973823 1.9775e-21 0.00233619 
0.0481 0.309993 0.676596 0.703406 0.636663 0.949675 0.9957 0.99227 0.953424 1.00245 0.953424 1.00245 0.0437521 0.097387 2.00781e-21 0.00231361 
0.0468 0.31026 0.676613 0.703385 0.636657 0.949775 0.995775 0.992388 0.953466 1.00242 0.953466 1.00242 0.0437903 0.0973504 1.9749e-21 0.00227811 
0.0455 0.310599 0.676509 0.703246 0.636501 0.949872 0.995826 0.992468 0.953525 1.0024 0.953525 1.0024 0.043862 0.0973553 2.00816e-21 0.00225419 
0.0442 0.310883 0.676527 0.703224 0.636496 0.949977 0.995905 0.992591 0.95357 1.00237 0.95357 1.00237 0.0439024 0.0973162 1.97465e-21 0.00221698 
0.0429 0.311247 0.676416 0.703075 0.636329 0.950081 0.995959 0.992675 0.953633 1.00235 0.953633 1.00235 0.0439795 0.0973212 2.0114e-21 0.00219161 
0.0416 0.31155 0.676436 0.703052 0.636323 0.950193 0.996041 0.992805 0.953681 1.00232 0.953681 1.00232 0.0440225 0.0972793 1.97736e-21 0.00215254 
0.0403 0.311943 0.676316 0.702892 0.636144 0.950304 0.996098 0.992895 0.953748 1.0023 0.953748 1.0023 0.0441056 0.0972843 2.0182e-21 0.00212556 
0.039 0.312266 0.676338 0.702867 0.636138 0.950422 0.996184 0.993031 0.9538 1.00227 0.9538 1.00227 0.0441516 0.0972393 1.98376e-21 0.00208449 
0.0377 0.312692 0.67621 0.702694 0.635945 0.950541 0.996244 0.993127 0.953873 1.00224 0.953873 1.00224 0.0442414 0.0972444 2.02945e-21 0.00205573 
0.0364 0.313039 0.676234 0.702669 0.63594 0.950667 0.996334 0.993271 0.953928 1.00221 0.953928 1.00221 0.0442907 0.0971957 1.99458e-21 0.00201246 
0.0351 0.313501 0.676095 0.702482 0.635731 0.950796 0.996397 0.993373 0.954007 1.00218 0.954007 1.00218 0.0443884 0.0972009 2.04635e-21 0.00198174 
0.0338 0.313932 0.676034 0.702369 0.635618 0.95093 0.996477 0.993502 0.954079 1.00215 0.954079 1.00215 0.0444666 0.0971776 2.05734e-21 0.00194306 
0.0325 0.314321 0.676062 0.70234 0.635612 0.951068 0.996572 0.993658 0.954141 1.0021 0.954141 1.0021 0.044522 0.0971229 2.02299e-21 0.0018962 
0.0312 0.31485 0.675905 0.702128 0.635376 0.951214 0.996642 0.993771 0.954231 1.00207 0.954231 1.00207 0.0446334 0.0971276 2.08582e-21 0.00186201 
0.0299 0.315272 0.675936 0.702098 0.635371 0.951361 0.996742 0.993937 0.954298 1.00203 0.954298 1.00203 0.0446934 0.0970678 2.05171e-21 0.00181239 
0.0286 0.315855 0.675764 0.701865 0.635112 0.951521 0.996815 0.994059 0.954398 1.002 0.954398 1.002 0.0448163 0.0970724 2.12499e-21 0.0017756 
0.0273 0.316396 0.675689 0.701724 0.63497 0.951684 0.996905 0.99421 0.954488 1.00195 0.954488 1.00195 0.0449146 0.0970425 2.14969e-21 0.00173018 
0.026 0.316964 0.67561 0.701576 0.634822 0.951855 0.996998 0.994367 0.954583 1.00191 0.954583 1.00191 0.0450181 0.0970109 2.17855e-21 0.00168318 
0.0247 0.317474 0.675648 0.701539 0.634817 0.952026 0.997107 0.994554 0.954663 1.00186 0.954663 1.00186 0.0450904 0.0969384 2.14804e-21 0.00162718 
0.0234 0.318197 0.67544 0.701255 0.634501 0.95222 0.997191 0.994698 0.954787 1.00181 0.954787 1.00181 0.0452427 0.0969418 2.25185e-21 0.00158397 
0.0221 0.318868 0.675348 0.701081 0.634326 0.952416 0.997291 0.994872 0.954898 1.00176 0.954898 1.00176 0.045365 0.0969038 2.29835e-21 0.00153154 
0.0208 0.319581 0.675251 0.700896 0.634142 0.952623 0.997393 0.995054 0.955017 1.0017 0.955017 1.0017 0.045495 0.0968631 2.35324e-21 0.00147705 
0.0195 0.320342 0.675148 0.700699 0.633945 0.952841 0.997499 0.995243 0.955143 1.00164 0.955143 1.00164 0.0456338 0.0968195 2.41836e-21 0.00142035 
0.0182 0.321156 0.675038 0.700489 0.633736 0.953071 0.997606 0.99544 0.955277 1.00158 0.955277 1.00158 0.0457823 0.0967725 2.49615e-21 0.00136125 
0.0169 0.322031 0.67492 0.700264 0.633511 0.953316 0.997717 0.995646 0.955422 1.00151 0.955422 1.00151 0.045942 0.0967216 2.58989e-21 0.00129957 
0.0156 0.322975 0.674794 0.700021 0.63327 0.953577 0.997829 0.995862 0.955579 1.00143 0.955579 1.00143 0.0461146 0.0966661 2.70389e-21 0.00123507 
0.0143 0.324002 0.674658 0.699758 0.633008 0.953856 0.997944 0.996087 0.955748 1.00135 0.955748 1.00135 0.0463023 0.0966053 2.84449e-21 0.0011675 
0.013 0.325124 0.67451 0.699471 0.632724 0.954157 0.998061 0.996324 0.955934 1.00126 0.955934 1.00126 0.0465076 0.096538 3.02041e-21 0.00109654 
0.0117 0.326362 0.674349 0.699155 0.632412 0.954483 0.998179 0.996574 0.956139 1.00116 0.956139 1.00116 0.0467342 0.096463 3.2449e-21 0.00102183 
0.0104 0.327742 0.674171 0.698805 0.632065 0.954838 0.998298 0.996838 0.956367 1.00105 0.956367 1.00105 0.0469869 0.0963785 3.53861e-21 0.000942932 
0.0091 0.329299 0.673972 0.698411 0.631677 0.955231 0.998415 0.997118 0.956624 1.00092 0.956624 1.00092 0.0472722 0.0962818 3.9352e-21 0.000859294 
0.0078 0.331086 0.673748 0.697962 0.631235 0.95567 0.998528 0.997416 0.956918 1.00078 0.956918 1.00078 0.0475999 0.096169 4.49348e-21 0.000770219 
0.0065 0.333184 0.673488 0.697438 0.630721 0.95617 0.998634 0.997735 0.957263 1.0006 0.957263 1.0006 0.0479848 0.0960343 5.32582e-21 0.000674792 
0.0052 0.335725 0.673179 0.696807 0.630105 0.956755 0.998723 0.998081 0.957681 1.00039 0.957681 1.00039 0.0484515 0.0958676 6.67368e-21 0.000571749 
0.0039 0.33896 0.672797 0.696012 0.629332 0.957468 0.99878 0.998458 0.958213 1.00012 0.958213 1.00012 0.049046 0.0956498 9.1557e-21 0.000459215 
0.0026 0.343441 0.672287 0.694924 0.628283 0.958405 0.998763 0.998878 0.958947 0.999738 0.958947 0.999738 0.0498703 0.0953376 1.48867e-20 0.000334092 
0.0013 0.350918 0.671487 0.69315 0.62659 0.959858 0.998533 0.999361 0.960166 0.999088 0.960166 0.999088 0.0512464 0.0947889 3.70271e-20 0.000190076 
