0.1023 0.100473 0.731756 0.777358 0.720058 0.850372 0.901299 0.873733 0.917408 1.01291 0.917408 1.01291 0.0103511 0.0926726 5.43754e-05 0.0414448 
0.1012 0.101316 0.731476 0.777018 0.719662 0.850879 0.901796 0.874354 0.917551 1.01288 0.917551 1.01288 0.0104555 0.0927415 5.32829e-05 0.0412227 
0.1001 0.102171 0.731198 0.77668 0.719267 0.851396 0.902304 0.874989 0.917697 1.01285 0.917697 1.01285 0.0105613 0.0928083 5.21786e-05 0.0409957 
0.099 0.103038 0.730922 0.776342 0.718873 0.851924 0.902824 0.875639 0.917846 1.01281 0.917846 1.01281 0.0106688 0.0928729 5.10643e-05 0.0407638 
0.0979 0.103919 0.730649 0.776004 0.71848 0.852462 0.903355 0.876302 0.917998 1.01278 0.917998 1.01278 0.0107777 0.0929354 4.99417e-05 0.0405271 
0.0968 0.104812 0.730378 0.775667 0.71809 0.853011 0.903897 0.876979 0.918152 1.01275 0.918152 1.01275 0.0108883 0.0929956 4.88129e-05 0.0402857 
0.0957 0.105718 0.73011 0.77533 0.7177 0.85357 0.90445 0.87767 0.91831 1.01271 0.91831 1.01271 0.0110004 0.0930535 4.76796e-05 0.0400396 
0.0946 0.106638 0.729845 0.774994 0.717313 0.85414 0.905014 0.878375 0.91847 1.01268 0.91847 1.01268 0.0111141 0.0931091 4.65438e-05 0.0397889 
0.0935 0.107571 0.729582 0.774659 0.716926 0.854719 0.905589 0.879093 0.918633 1.01264 0.918633 1.01264 0.0112295 0.0931624 4.54074e-05 0.0395336 
0.0924 0.10861 0.729119 0.774145 0.716313 0.855176 0.905994 0.8796 0.918797 1.01262 0.918797 1.01262 0.0113674 0.0932952 4.50282e-05 0.0393533 
0.0913 0.109571 0.728864 0.773812 0.715932 0.855781 0.906596 0.880352 0.918967 1.01258 0.918967 1.01258 0.0114863 0.0933427 4.38585e-05 0.0390863 
0.0902 0.110547 0.728611 0.77348 0.715553 0.856396 0.907209 0.881117 0.919139 1.01254 0.919139 1.01254 0.0116068 0.0933876 4.26944e-05 0.038815 
0.0891 0.111642 0.728149 0.772961 0.714935 0.856894 0.907656 0.881676 0.919315 1.01251 0.919315 1.01251 0.0117523 0.093515 4.22503e-05 0.0386168 
0.088 0.112648 0.727905 0.772631 0.714562 0.857533 0.908295 0.882475 0.919494 1.01246 0.919494 1.01246 0.0118765 0.0935537 4.10638e-05 0.0383341 
0.0869 0.113762 0.727483 0.772143 0.713985 0.858081 0.908802 0.883108 0.919678 1.01243 0.919678 1.01243 0.0120229 0.0936615 4.0455e-05 0.0381099 
0.0858 0.114798 0.727246 0.771816 0.713618 0.858744 0.909467 0.883938 0.919863 1.01238 0.919863 1.01238 0.0121508 0.093694 3.92612e-05 0.0378167 
0.0847 0.115965 0.7268 0.771301 0.71301 0.859304 0.909981 0.884581 0.920055 1.01235 0.920055 1.01235 0.0123055 0.0938079 3.87051e-05 0.0375897 
0.0836 0.117033 0.726572 0.770977 0.712648 0.859991 0.910671 0.885443 0.920248 1.0123 0.920248 1.0123 0.0124372 0.0938338 3.7507e-05 0.0372858 
0.0825 0.118257 0.7261 0.770434 0.712007 0.860565 0.911193 0.886096 0.920449 1.01226 0.920449 1.01226 0.0126009 0.0939539 3.70004e-05 0.0370556 
0.0814 0.119438 0.725744 0.76999 0.711495 0.86121 0.911812 0.88687 0.920652 1.01222 0.920652 1.01222 0.0127536 0.0940267 3.6165e-05 0.0367832 
0.0803 0.120642 0.725382 0.76954 0.710975 0.861865 0.912441 0.887655 0.920859 1.01217 0.920859 1.01217 0.0129098 0.0940993 3.5341e-05 0.0365071 
0.0792 0.121872 0.725016 0.769084 0.710448 0.862531 0.913078 0.888452 0.92107 1.01212 0.92107 1.01212 0.0130697 0.0941717 3.45282e-05 0.0362272 
0.0781 0.123127 0.724646 0.76862 0.709914 0.863207 0.913725 0.889261 0.921286 1.01207 0.921286 1.01207 0.0132333 0.0942438 3.37268e-05 0.0359434 
0.077 0.124407 0.72427 0.768148 0.709371 0.863894 0.914382 0.890081 0.921507 1.01202 0.921507 1.01202 0.0134007 0.0943157 3.29366e-05 0.0356557 
0.0759 0.125715 0.72389 0.76767 0.708821 0.864592 0.915048 0.890915 0.921732 1.01197 0.921732 1.01197 0.0135721 0.0943873 3.21577e-05 0.035364 
0.0748 0.127051 0.723504 0.767183 0.708262 0.865301 0.915725 0.891761 0.921962 1.01192 0.921962 1.01192 0.0137477 0.0944585 3.13901e-05 0.0350681 
0.0737 0.128415 0.723114 0.766689 0.707695 0.866023 0.916412 0.89262 0.922198 1.01186 0.922198 1.01186 0.0139274 0.0945293 3.06337e-05 0.0347681 
0.0726 0.129808 0.722718 0.766187 0.707119 0.866756 0.917109 0.893492 0.922438 1.01181 0.922438 1.01181 0.0141116 0.0945996 2.98885e-05 0.0344638 
0.0715 0.131231 0.722316 0.765677 0.706535 0.867501 0.917818 0.894378 0.922684 1.01175 0.922684 1.01175 0.0143002 0.0946695 2.91545e-05 0.0341551 
0.0704 0.132686 0.721909 0.765158 0.705942 0.868259 0.918537 0.895278 0.922935 1.01169 0.922935 1.01169 0.0144935 0.0947388 2.84317e-05 0.0338419 
0.0693 0.134172 0.721497 0.76463 0.705339 0.869029 0.919268 0.896192 0.923192 1.01163 0.923192 1.01163 0.0146917 0.0948075 2.77201e-05 0.0335242 
0.0682 0.135691 0.721079 0.764094 0.704727 0.869813 0.92001 0.89712 0.923454 1.01157 0.923454 1.01157 0.0148948 0.0948755 2.70197e-05 0.0332019 
0.0671 0.137244 0.720655 0.763549 0.704105 0.87061 0.920764 0.898064 0.923723 1.0115 0.923723 1.0115 0.0151031 0.0949428 2.63303e-05 0.0328748 
0.066 0.138832 0.720225 0.762994 0.703474 0.871421 0.921529 0.899022 0.923997 1.01143 0.923997 1.01143 0.0153168 0.0950093 2.56521e-05 0.0325428 
0.0649 0.140455 0.719789 0.76243 0.702832 0.872247 0.922308 0.899997 0.924278 1.01137 0.924278 1.01137 0.0155359 0.095075 2.49849e-05 0.0322059 
0.0638 0.142116 0.719347 0.761856 0.70218 0.873086 0.923098 0.900987 0.924565 1.01129 0.924565 1.01129 0.0157607 0.0951397 2.43288e-05 0.0318639 
0.0627 0.143814 0.718899 0.761272 0.701518 0.87394 0.923902 0.901993 0.924859 1.01122 0.924859 1.01122 0.0159914 0.0952034 2.36836e-05 0.0315168 
0.0616 0.145552 0.718444 0.760678 0.700844 0.87481 0.924719 0.903017 0.925159 1.01115 0.925159 1.01115 0.0162282 0.095266 2.30495e-05 0.0311644 
0.0605 0.147329 0.717983 0.760073 0.70016 0.875695 0.925549 0.904057 0.925467 1.01107 0.925467 1.01107 0.0164712 0.0953275 2.24263e-05 0.0308067 
0.0594 0.149148 0.717515 0.759458 0.699464 0.876596 0.926393 0.905115 0.925782 1.01099 0.925782 1.01099 0.0167208 0.0953877 2.1814e-05 0.0304435 
0.0583 0.15101 0.71704 0.758832 0.698757 0.877513 0.92725 0.90619 0.926104 1.0109 0.926104 1.0109 0.0169771 0.0954465 2.12125e-05 0.0300747 
0.0572 0.152915 0.716559 0.758194 0.698038 0.878446 0.928122 0.907284 0.926433 1.01082 0.926433 1.01082 0.0172403 0.0955038 2.06219e-05 0.0297003 
0.0561 0.154865 0.716071 0.757544 0.697307 0.879397 0.929009 0.908397 0.926771 1.01073 0.926771 1.01073 0.0175107 0.0955596 2.00421e-05 0.02932 
0.055 0.156862 0.715575 0.756883 0.696564 0.880365 0.92991 0.909528 0.927116 1.01064 0.927116 1.01064 0.0177885 0.0956137 1.94731e-05 0.0289339 
0.0539 0.158907 0.715073 0.75621 0.695808 0.881351 0.930826 0.910679 0.927469 1.01054 0.927469 1.01054 0.018074 0.095666 1.89147e-05 0.0285417 
0.0528 0.161 0.714563 0.755524 0.695039 0.882355 0.931758 0.91185 0.927831 1.01044 0.927831 1.01044 0.0183675 0.0957163 1.8367e-05 0.0281434 
0.0517 0.163144 0.714045 0.754825 0.694257 0.883377 0.932706 0.913041 0.928202 1.01034 0.928202 1.01034 0.0186692 0.0957646 1.78299e-05 0.0277389 
0.0506 0.16534 0.71352 0.754113 0.693462 0.884419 0.933669 0.914253 0.928581 1.01024 0.928581 1.01024 0.0189794 0.0958106 1.73034e-05 0.027328 
0.0495 0.167589 0.712987 0.753388 0.692653 0.88548 0.934649 0.915486 0.928969 1.01013 0.928969 1.01013 0.0192984 0.0958543 1.67875e-05 0.0269107 
0.0484 0.169894 0.712447 0.752649 0.69183 0.88656 0.935645 0.916741 0.929367 1.01002 0.929367 1.01002 0.0196264 0.0958955 1.6282e-05 0.0264868 
0.0473 0.172254 0.711899 0.751896 0.690992 0.887661 0.936658 0.918017 0.929774 1.0099 0.929774 1.0099 0.0199639 0.095934 1.57869e-05 0.0260563 
0.0462 0.174673 0.711342 0.751128 0.69014 0.888783 0.937688 0.919316 0.930192 1.00978 0.930192 1.00978 0.0203112 0.0959696 1.53024e-05 0.0256189 
0.0451 0.177152 0.710778 0.750346 0.689273 0.889926 0.938735 0.920638 0.930619 1.00966 0.930619 1.00966 0.0206685 0.0960023 1.48281e-05 0.0251747 
0.044 0.179692 0.710205 0.749549 0.688391 0.89109 0.9398 0.921984 0.931056 1.00953 0.931056 1.00953 0.0210362 0.0960317 1.43642e-05 0.0247235 
0.0429 0.182296 0.709624 0.748736 0.687493 0.892277 0.940883 0.923353 0.931504 1.0094 0.931504 1.0094 0.0214147 0.0960577 1.39107e-05 0.0242652 
0.0418 0.184965 0.709035 0.747908 0.68658 0.893485 0.941984 0.924746 0.931963 1.00926 0.931963 1.00926 0.0218044 0.09608 1.34674e-05 0.0237997 
0.0407 0.1877 0.708437 0.747063 0.68565 0.894717 0.943103 0.926164 0.932433 1.00912 0.932433 1.00912 0.0222057 0.0960985 1.30344e-05 0.0233269 
0.0396 0.190505 0.707831 0.746202 0.684704 0.895972 0.94424 0.927608 0.932914 1.00897 0.932914 1.00897 0.022619 0.0961128 1.26116e-05 0.0228467 
0.0385 0.19338 0.707215 0.745323 0.683741 0.897251 0.945396 0.929076 0.933408 1.00882 0.933408 1.00882 0.0230446 0.0961228 1.21991e-05 0.022359 
0.0374 0.196329 0.706591 0.744427 0.682761 0.898554 0.946571 0.930571 0.933913 1.00866 0.933913 1.00866 0.0234832 0.0961282 1.17969e-05 0.0218638 
0.0363 0.199353 0.705958 0.743514 0.681763 0.899882 0.947765 0.932092 0.93443 1.00849 0.93443 1.00849 0.0239351 0.0961287 1.14049e-05 0.0213609 
0.0352 0.202455 0.705316 0.742581 0.680748 0.901235 0.948978 0.933639 0.934961 1.00832 0.934961 1.00832 0.0244008 0.096124 1.10232e-05 0.0208503 
0.0341 0.205637 0.704665 0.74163 0.679714 0.902614 0.950211 0.935214 0.935504 1.00815 0.935504 1.00815 0.024881 0.0961137 1.06519e-05 0.0203319 
0.033 0.208902 0.704005 0.74066 0.678661 0.904019 0.951462 0.936817 0.936061 1.00796 0.936061 1.00796 0.0253761 0.0960976 1.0291e-05 0.0198056 
0.0319 0.212253 0.703335 0.73967 0.677589 0.905451 0.952732 0.938447 0.936632 1.00777 0.936632 1.00777 0.0258868 0.0960753 9.94068e-06 0.0192714 
0.0308 0.215692 0.702656 0.738659 0.676497 0.906911 0.954022 0.940106 0.937217 1.00757 0.937217 1.00757 0.0264137 0.0960464 9.60096e-06 0.0187292 
0.0297 0.219224 0.701967 0.737626 0.675385 0.908398 0.955331 0.941793 0.937817 1.00737 0.937817 1.00737 0.0269576 0.0960104 9.27211e-06 0.0181789 
0.0286 0.222853 0.701268 0.736572 0.674252 0.909914 0.956658 0.94351 0.938433 1.00715 0.938433 1.00715 0.0275192 0.0959669 8.95418e-06 0.0176205 
0.0275 0.226581 0.700559 0.735494 0.673097 0.91146 0.958004 0.945255 0.939064 1.00693 0.939064 1.00693 0.0280994 0.0959155 8.64751e-06 0.017054 
0.0264 0.230414 0.699841 0.734393 0.67192 0.913035 0.959369 0.947031 0.939712 1.0067 0.939712 1.0067 0.0286992 0.0958555 8.35234e-06 0.0164793 
0.0253 0.234357 0.699111 0.733268 0.67072 0.914642 0.960751 0.948836 0.940378 1.00645 0.940378 1.00645 0.0293195 0.0957863 8.069e-06 0.0158963 
0.0242 0.238417 0.698371 0.732115 0.669496 0.91628 0.962151 0.950672 0.941063 1.0062 0.941063 1.0062 0.0299617 0.0957074 7.79804e-06 0.0153052 
0.0231 0.2426 0.69762 0.730936 0.668246 0.917951 0.963568 0.952538 0.941766 1.00594 0.941766 1.00594 0.030627 0.0956179 7.53989e-06 0.0147057 
0.022 0.246914 0.696857 0.729727 0.666969 0.919657 0.965 0.954436 0.942491 1.00566 0.942491 1.00566 0.031317 0.0955169 7.29519e-06 0.014098 
0.0209 0.251368 0.696082 0.728488 0.665664 0.921399 0.966449 0.956364 0.943237 1.00537 0.943237 1.00537 0.0320336 0.0954035 7.06483e-06 0.013482 
0.0198 0.255974 0.695295 0.727215 0.664329 0.923178 0.967911 0.958324 0.944008 1.00507 0.944008 1.00507 0.0327788 0.0952765 6.84971e-06 0.0128577 
0.0187 0.260745 0.694493 0.725906 0.662961 0.924997 0.969386 0.960316 0.944804 1.00475 0.944804 1.00475 0.0335552 0.0951346 6.65121e-06 0.012225 
0.0176 0.265696 0.693677 0.724558 0.661557 0.926857 0.970872 0.96234 0.945629 1.00441 0.945629 1.00441 0.0343657 0.0949762 6.47078e-06 0.0115841 
0.0165 0.270848 0.692846 0.723167 0.660115 0.928763 0.972368 0.964396 0.946485 1.00405 0.946485 1.00405 0.0352139 0.0947994 6.31049e-06 0.0109347 
0.0154 0.276224 0.691998 0.721728 0.65863 0.930718 0.973871 0.966486 0.947376 1.00368 0.947376 1.00368 0.0361041 0.0946017 6.17294e-06 0.010277 
0.0143 0.281854 0.69113 0.720235 0.657097 0.932726 0.975377 0.968608 0.948307 1.00327 0.948307 1.00327 0.0370419 0.0943803 6.06169e-06 0.00961082 
0.0132 0.287775 0.690242 0.718682 0.65551 0.934793 0.976884 0.970764 0.949283 1.00284 0.949283 1.00284 0.0380339 0.0941315 5.98133e-06 0.00893615 
0.0121 0.294034 0.689331 0.717058 0.653861 0.936927 0.978386 0.972954 0.950311 1.00238 0.950311 1.00238 0.0390886 0.0938506 5.93837e-06 0.0082529 
0.011 0.300693 0.688393 0.715352 0.652141 0.939137 0.979878 0.975179 0.951402 1.00188 0.951402 1.00188 0.0402172 0.0935314 5.942e-06 0.00756094 
0.0099 0.307833 0.687424 0.713549 0.650336 0.941437 0.981351 0.97744 0.952567 1.00132 0.952567 1.00132 0.0414343 0.0931654 6.00572e-06 0.0068601 
0.0088 0.315566 0.686421 0.711628 0.648431 0.943843 0.982795 0.979738 0.953824 1.00071 0.953824 1.00071 0.0427594 0.0927411 6.1501e-06 0.00615013 
0.0077 0.324047 0.685377 0.709563 0.646403 0.946379 0.984193 0.982074 0.955196 1.00002 0.955196 1.00002 0.0442201 0.092242 6.40812e-06 0.00543073 
0.0066 0.3335 0.684286 0.707313 0.644222 0.949079 0.985522 0.98445 0.956717 0.999235 0.956717 0.999235 0.045856 0.0916432 6.83597e-06 0.00470143 
0.0055 0.344272 0.68314 0.704822 0.641846 0.951997 0.986746 0.986868 0.958439 0.998308 0.958439 0.998308 0.0477274 0.0909055 7.53688e-06 0.00396165 
0.0044 0.356931 0.681933 0.702002 0.63921 0.955218 0.987802 0.989329 0.960446 0.997181 0.960446 0.997181 0.0499327 0.0899618 8.72229e-06 0.00321058 
0.0033 0.372513 0.680665 0.698701 0.636217 0.958891 0.988575 0.991837 0.962889 0.995732 0.962889 0.995732 0.0526485 0.0886849 1.08967e-05 0.0024472 
0.0022 0.393235 0.679374 0.694631 0.632696 0.963334 0.988802 0.99439 0.966087 0.993702 0.966087 0.993702 0.0562457 0.0867876 1.55938e-05 0.00167059 
0.0011 0.425433 0.678313 0.689101 0.628359 0.969401 0.987677 0.996955 0.97092 0.990304 0.97092 0.990304 0.0617472 0.0833924 3.01849e-05 0.000883296 
