0.093 0.0475309 0.746998 0.795557 0.740648 0.806018 0.854772 0.814732 0.909551 1.01509 0.909551 1.01509 0.0044719 0.0896121 0.000117021 0.0634672 
0.092 0.0488682 0.746649 0.79509 0.740106 0.808253 0.857138 0.817713 0.909792 1.01504 0.909792 1.01504 0.00460892 0.0897043 9.35873e-05 0.0623251 
0.091 0.050662 0.745567 0.793974 0.738741 0.809518 0.858394 0.819296 0.91001 1.01501 0.91001 1.01501 0.00480788 0.0900931 8.51176e-05 0.0617164 
0.09 0.0524395 0.74453 0.792899 0.737429 0.810808 0.85968 0.820916 0.910233 1.01498 0.910233 1.01498 0.00500624 0.0904606 7.71216e-05 0.0610947 
0.089 0.0541997 0.743537 0.791865 0.736167 0.812119 0.860991 0.822568 0.91046 1.01494 0.91046 1.01494 0.00520379 0.0908076 6.96187e-05 0.0604613 
0.088 0.0554829 0.743227 0.791442 0.735681 0.814037 0.863043 0.825148 0.910692 1.01489 0.910692 1.01489 0.00533844 0.0908793 5.6982e-05 0.0594761 
0.087 0.0571813 0.742338 0.7905 0.73454 0.815367 0.864392 0.826845 0.910923 1.01485 0.910923 1.01485 0.00553007 0.091181 5.10203e-05 0.058828 
0.086 0.0588643 0.741487 0.789593 0.733441 0.816708 0.865757 0.828562 0.911156 1.01482 0.911156 1.01482 0.0057208 0.0914655 4.55492e-05 0.0581731 
0.085 0.0605324 0.740672 0.788717 0.732383 0.818059 0.867138 0.830297 0.911393 1.01478 0.911393 1.01478 0.00591063 0.0917334 4.05529e-05 0.0575127 
0.084 0.0621866 0.739891 0.787872 0.731364 0.819417 0.868531 0.832047 0.911632 1.01474 0.911632 1.01474 0.00609959 0.0919857 3.60116e-05 0.0568475 
0.083 0.0638277 0.739142 0.787055 0.730382 0.820781 0.869936 0.833811 0.911873 1.0147 0.911873 1.0147 0.00628772 0.092223 3.19021e-05 0.0561785 
0.082 0.0654572 0.738424 0.786265 0.729435 0.82215 0.871351 0.835587 0.912117 1.01465 0.912117 1.01465 0.00647511 0.0924462 2.81992e-05 0.0555066 
0.081 0.0670764 0.737736 0.785501 0.728521 0.823522 0.872774 0.837371 0.912363 1.01461 0.912363 1.01461 0.00666189 0.092656 2.48765e-05 0.0548324 
0.08 0.0686869 0.737074 0.78476 0.727637 0.824896 0.874204 0.839164 0.912611 1.01456 0.912611 1.01456 0.00684818 0.0928532 2.19057e-05 0.0541568 
0.079 0.0702904 0.736438 0.784041 0.726782 0.826271 0.875639 0.840962 0.912861 1.01452 0.912861 1.01452 0.00703414 0.0930384 1.92586e-05 0.0534803 
0.078 0.0718873 0.735827 0.783344 0.725955 0.827647 0.87708 0.842766 0.913114 1.01447 0.913114 1.01447 0.00721976 0.0932119 1.69047e-05 0.0528031 
0.077 0.0734792 0.735239 0.782667 0.725154 0.829024 0.878525 0.844576 0.913368 1.01442 0.913368 1.01442 0.00740519 0.0933742 1.48171e-05 0.0521255 
0.076 0.0750677 0.734675 0.782009 0.724379 0.830401 0.879975 0.84639 0.913625 1.01437 0.913625 1.01437 0.00759056 0.0935257 1.29707e-05 0.0514479 
0.075 0.0766541 0.734131 0.781369 0.723627 0.831778 0.881428 0.848206 0.913885 1.01431 0.913885 1.01431 0.00777601 0.0936669 1.13413e-05 0.0507707 
0.074 0.0788309 0.732936 0.78013 0.722121 0.832832 0.882414 0.84944 0.914183 1.01428 0.914183 1.01428 0.00804897 0.0940553 1.07439e-05 0.0503114 
0.073 0.0804225 0.732431 0.77952 0.72141 0.83422 0.883885 0.851277 0.914449 1.01422 0.914449 1.01422 0.00823635 0.0941771 9.36795e-06 0.0496295 
0.072 0.0820159 0.731944 0.778926 0.720719 0.835607 0.885357 0.853116 0.914717 1.01417 0.914717 1.01417 0.00842416 0.0942896 8.16143e-06 0.0489487 
0.071 0.0841487 0.730884 0.777802 0.719362 0.836742 0.886449 0.854479 0.915026 1.01412 0.915026 1.01412 0.00869347 0.0946173 7.61757e-06 0.0484446 
0.07 0.0857517 0.730433 0.777236 0.718709 0.838138 0.887934 0.856334 0.915301 1.01406 0.915301 1.01406 0.00888343 0.0947114 6.62105e-06 0.047761 
0.069 0.0877967 0.729526 0.776247 0.717525 0.839348 0.889132 0.857827 0.915611 1.01401 0.915611 1.01401 0.00914104 0.0949749 6.07539e-06 0.0472115 
0.068 0.0894129 0.729108 0.775706 0.716907 0.840748 0.890627 0.859692 0.915893 1.01395 0.915893 1.01395 0.00933336 0.0950516 5.2709e-06 0.0465272 
0.067 0.0915364 0.728173 0.774685 0.715686 0.841958 0.891814 0.861171 0.916218 1.01389 0.916218 1.01389 0.00960432 0.0953192 4.85666e-06 0.0459854 
0.066 0.0934443 0.727497 0.7739 0.714763 0.843265 0.893155 0.862843 0.916529 1.01383 0.916529 1.01383 0.00984242 0.0954868 4.34653e-06 0.0453747 
0.065 0.0953782 0.726821 0.773112 0.713838 0.844576 0.894498 0.864516 0.916846 1.01377 0.916846 1.01377 0.0100849 0.0956511 3.89206e-06 0.0447649 
0.064 0.0973404 0.726145 0.77232 0.71291 0.845889 0.895842 0.86619 0.917168 1.01371 0.917168 1.01371 0.0103322 0.0958125 3.48745e-06 0.0441564 
0.063 0.0993309 0.725469 0.771524 0.711979 0.847207 0.897188 0.867866 0.917497 1.01364 0.917497 1.01364 0.0105842 0.0959707 3.12662e-06 0.0435485 
0.062 0.101351 0.724792 0.770724 0.711044 0.848528 0.898536 0.869544 0.917831 1.01357 0.917831 1.01357 0.0108413 0.0961258 2.80484e-06 0.0429412 
0.061 0.103403 0.724114 0.769919 0.710106 0.849855 0.899888 0.871225 0.918172 1.0135 0.918172 1.0135 0.0111035 0.0962778 2.51751e-06 0.0423343 
0.06 0.105486 0.723434 0.76911 0.709163 0.851187 0.901242 0.872909 0.918519 1.01343 0.918519 1.01343 0.0113712 0.0964268 2.26097e-06 0.0417276 
0.059 0.107603 0.722754 0.768295 0.708215 0.852524 0.9026 0.874598 0.918873 1.01336 0.918873 1.01336 0.0116445 0.0965726 2.03165e-06 0.0411209 
0.058 0.109754 0.722071 0.767474 0.707262 0.853868 0.903962 0.876291 0.919234 1.01328 0.919234 1.01328 0.0119236 0.0967154 1.82661e-06 0.0405141 
0.057 0.111941 0.721387 0.766647 0.706303 0.855219 0.905328 0.87799 0.919601 1.0132 0.919601 1.0132 0.0122087 0.0968549 1.64312e-06 0.0399069 
0.056 0.114164 0.720701 0.765813 0.705339 0.856577 0.9067 0.879694 0.919976 1.01312 0.919976 1.01312 0.0125 0.0969912 1.47882e-06 0.0392991 
0.055 0.116425 0.720012 0.764973 0.704368 0.857943 0.908077 0.881404 0.920358 1.01304 0.920358 1.01304 0.0127976 0.0971243 1.33156e-06 0.0386905 
0.054 0.118724 0.719321 0.764126 0.703391 0.859318 0.909459 0.883122 0.920747 1.01295 0.920747 1.01295 0.0131019 0.0972539 1.19952e-06 0.038081 
0.053 0.121064 0.718628 0.763271 0.702407 0.860701 0.910848 0.884847 0.921144 1.01286 0.921144 1.01286 0.0134131 0.0973802 1.08106e-06 0.0374703 
0.052 0.123445 0.717931 0.762409 0.701416 0.862094 0.912244 0.88658 0.921549 1.01277 0.921549 1.01277 0.0137313 0.0975031 9.74702e-07 0.0368583 
0.051 0.125867 0.717232 0.761538 0.700417 0.863497 0.913646 0.888322 0.921962 1.01268 0.921962 1.01268 0.0140568 0.0976224 8.79152e-07 0.0362448 
0.05 0.128334 0.716529 0.76066 0.69941 0.86491 0.915057 0.890073 0.922382 1.01258 0.922382 1.01258 0.0143898 0.0977381 7.93258e-07 0.0356296 
0.049 0.130845 0.715824 0.759772 0.698396 0.866334 0.916475 0.891834 0.922811 1.01248 0.922811 1.01248 0.0147305 0.09785 7.15969e-07 0.0350124 
0.048 0.133401 0.715114 0.758876 0.697372 0.867769 0.917902 0.893605 0.923249 1.01238 0.923249 1.01238 0.0150794 0.0979582 6.46428e-07 0.0343932 
0.047 0.136005 0.714402 0.757971 0.696341 0.869217 0.919338 0.895388 0.923695 1.01227 0.923695 1.01227 0.0154364 0.0980624 5.83777e-07 0.0337717 
0.046 0.138656 0.713686 0.757056 0.6953 0.870676 0.920784 0.897182 0.92415 1.01216 0.92415 1.01216 0.0158019 0.0981626 5.27322e-07 0.0331478 
0.045 0.141357 0.712966 0.756131 0.69425 0.872149 0.922239 0.898988 0.924613 1.01205 0.924613 1.01205 0.0161761 0.0982586 4.76412e-07 0.0325212 
0.044 0.144108 0.712242 0.755196 0.693191 0.873635 0.923704 0.900808 0.925086 1.01193 0.925086 1.01193 0.0165594 0.0983504 4.30481e-07 0.0318918 
0.043 0.14691 0.711514 0.75425 0.692122 0.875135 0.925181 0.902641 0.925568 1.01181 0.925568 1.01181 0.016952 0.0984377 3.89018e-07 0.0312594 
0.042 0.149766 0.710782 0.753294 0.691043 0.876649 0.926668 0.904488 0.92606 1.01169 0.92606 1.01169 0.017354 0.0985205 3.51567e-07 0.0306237 
0.041 0.152675 0.710046 0.752327 0.689954 0.878178 0.928168 0.90635 0.926561 1.01156 0.926561 1.01156 0.017766 0.0985986 3.17726e-07 0.0299847 
0.04 0.15564 0.709306 0.751349 0.688854 0.879722 0.929679 0.908228 0.927072 1.01142 0.927072 1.01142 0.0181881 0.098672 2.87138e-07 0.0293422 
0.039 0.158661 0.708561 0.750359 0.687743 0.881282 0.931203 0.910122 0.927592 1.01129 0.927592 1.01129 0.0186205 0.0987403 2.59469e-07 0.0286959 
0.038 0.161739 0.707812 0.749357 0.686621 0.882858 0.93274 0.912032 0.928123 1.01114 0.928123 1.01114 0.0190637 0.0988034 2.34435e-07 0.0280457 
0.037 0.164876 0.707058 0.748343 0.685488 0.884451 0.93429 0.91396 0.928664 1.011 0.928664 1.011 0.0195179 0.0988612 2.11774e-07 0.0273914 
0.036 0.168074 0.7063 0.747317 0.684344 0.886061 0.935855 0.915905 0.929215 1.01085 0.929215 1.01085 0.0199835 0.0989136 1.9126e-07 0.0267329 
0.035 0.171332 0.705537 0.746277 0.683188 0.887689 0.937433 0.91787 0.929777 1.01069 0.929777 1.01069 0.0204606 0.0989603 1.72679e-07 0.02607 
0.034 0.174653 0.70477 0.745225 0.682019 0.889334 0.939026 0.919853 0.930349 1.01053 0.930349 1.01053 0.0209498 0.099001 1.55848e-07 0.0254025 
0.033 0.178038 0.703997 0.74416 0.680839 0.890998 0.940634 0.921857 0.930933 1.01036 0.930933 1.01036 0.0214512 0.0990357 1.40598e-07 0.0247303 
0.032 0.181487 0.70322 0.74308 0.679646 0.892681 0.942257 0.923881 0.931527 1.01019 0.931527 1.01019 0.0219653 0.0990642 1.26783e-07 0.0240531 
0.031 0.185003 0.702438 0.741987 0.67844 0.894384 0.943896 0.925926 0.932132 1.01001 0.932132 1.01001 0.0224924 0.0990861 1.14262e-07 0.023371 
0.03 0.188587 0.701651 0.74088 0.677222 0.896106 0.945551 0.927993 0.932749 1.00982 0.932749 1.00982 0.0230329 0.0991014 1.0292e-07 0.0226836 
0.029 0.19224 0.700859 0.739758 0.67599 0.897848 0.947222 0.930082 0.933377 1.00963 0.933377 1.00963 0.0235872 0.0991096 9.26445e-08 0.021991 
0.028 0.195963 0.700062 0.738621 0.674745 0.899611 0.94891 0.932194 0.934017 1.00944 0.934017 1.00944 0.0241556 0.0991107 8.3338e-08 0.0212929 
0.027 0.199758 0.69926 0.737469 0.673486 0.901395 0.950614 0.934329 0.934668 1.00923 0.934668 1.00923 0.0247387 0.0991042 7.49124e-08 0.0205893 
0.026 0.203628 0.698453 0.736301 0.672213 0.903201 0.952335 0.936489 0.935332 1.00902 0.935332 1.00902 0.0253368 0.09909 6.72885e-08 0.01988 
0.025 0.207573 0.697641 0.735117 0.670925 0.905028 0.954073 0.938673 0.936008 1.0088 0.936008 1.0088 0.0259504 0.0990678 6.03932e-08 0.0191649 
0.024 0.211596 0.696823 0.733916 0.669623 0.906878 0.955827 0.940881 0.936697 1.00858 0.936697 1.00858 0.0265801 0.0990372 5.4164e-08 0.0184441 
0.023 0.2157 0.696 0.732699 0.668305 0.90875 0.957598 0.943115 0.937399 1.00835 0.937399 1.00835 0.0272266 0.0989979 4.85405e-08 0.0177173 
0.022 0.219887 0.695171 0.731463 0.666972 0.910646 0.959386 0.945375 0.938114 1.0081 0.938114 1.0081 0.0278905 0.0989495 4.34702e-08 0.0169846 
0.021 0.224161 0.694337 0.730209 0.665622 0.912566 0.96119 0.947661 0.938843 1.00785 0.938843 1.00785 0.0285725 0.0988916 3.89049e-08 0.016246 
0.02 0.228526 0.693496 0.728935 0.664255 0.91451 0.963009 0.949973 0.939586 1.0076 0.939586 1.0076 0.0292735 0.0988238 3.48016e-08 0.0155014 
0.019 0.232986 0.692649 0.72764 0.66287 0.91648 0.964843 0.952311 0.940345 1.00733 0.940345 1.00733 0.0299947 0.0987455 3.11204e-08 0.0147509 
0.018 0.237548 0.691795 0.726324 0.661465 0.918475 0.966691 0.954676 0.94112 1.00705 0.94112 1.00705 0.0307372 0.0986561 2.78267e-08 0.0139945 
0.017 0.242221 0.690934 0.724983 0.660039 0.920498 0.968552 0.957067 0.941913 1.00676 0.941913 1.00676 0.0315026 0.098555 2.48882e-08 0.0132324 
0.016 0.247011 0.690064 0.723616 0.658589 0.922549 0.970424 0.959484 0.942724 1.00646 0.942724 1.00646 0.0322928 0.0984413 2.22755e-08 0.0124646 
0.015 0.251932 0.689184 0.72222 0.657114 0.92463 0.972306 0.961928 0.943556 1.00614 0.943556 1.00614 0.0331099 0.0983139 1.99629e-08 0.0116914 
0.014 0.256999 0.688293 0.720792 0.65561 0.926743 0.974195 0.964396 0.944411 1.00581 0.944411 1.00581 0.0339569 0.0981716 1.7928e-08 0.010913 
0.013 0.262231 0.68739 0.719327 0.654073 0.92889 0.976089 0.96689 0.945292 1.00546 0.945292 1.00546 0.0348375 0.0980129 1.61507e-08 0.0101297 
0.012 0.267653 0.686471 0.71782 0.652497 0.931076 0.977983 0.969407 0.946204 1.0051 0.946204 1.0051 0.0357563 0.0978356 1.46151e-08 0.00934187 
0.011 0.273298 0.685533 0.716262 0.650876 0.933304 0.979874 0.971947 0.947151 1.00471 0.947151 1.00471 0.0367193 0.0976373 1.3309e-08 0.00854999 
0.01 0.279209 0.684573 0.714644 0.649199 0.93558 0.981754 0.974507 0.948141 1.0043 0.948141 1.0043 0.0377348 0.0974143 1.22255e-08 0.00775464 
0.009 0.285445 0.683586 0.712952 0.647456 0.937914 0.983616 0.977086 0.949183 1.00386 0.949183 1.00386 0.0388135 0.0971619 1.13654e-08 0.00695654 
0.008 0.292089 0.682563 0.711169 0.645628 0.940316 0.98545 0.979681 0.95029 1.00338 0.95029 1.00338 0.0399705 0.0968732 1.07411e-08 0.0061566 
0.007 0.299255 0.681495 0.709268 0.643694 0.942803 0.987241 0.982289 0.95148 1.00284 0.95148 1.00284 0.041227 0.0965385 1.03847e-08 0.00535595 
0.006 0.307115 0.680368 0.707214 0.641618 0.9454 0.988967 0.984904 0.952782 1.00225 0.952782 1.00225 0.0426143 0.0961428 1.03666e-08 0.00455606 
0.005 0.315931 0.679164 0.70495 0.639353 0.948145 0.990598 0.987521 0.954236 1.00156 0.954236 1.00156 0.0441807 0.0956622 1.08364e-08 0.00375886 
0.004 0.326141 0.677853 0.702387 0.63682 0.951104 0.992083 0.99013 0.955912 1.00074 0.955912 1.00074 0.046006 0.0950555 1.21375e-08 0.00296703 
0.003 0.338547 0.67639 0.699368 0.633883 0.954396 0.993328 0.992719 0.957936 0.999702 0.957936 0.999702 0.048236 0.0942434 1.5184e-08 0.00218452 
0.002 0.35489 0.674697 0.695566 0.630277 0.95828 0.994135 0.995265 0.960578 0.998273 0.960578 0.998273 0.0511854 0.0930436 2.31698e-08 0.00141781 
0.001 0.380412 0.672632 0.690079 0.625304 0.963537 0.993901 0.997726 0.964639 0.995885 0.964639 0.995885 0.0557896 0.0908662 5.57974e-08 0.000679741 
