0.1067 0.100062 0.725034 0.771081 0.711438 0.847424 0.897347 0.868063 0.917598 1.01363 0.917598 1.01363 0.0106862 0.0961101 3.14719e-06 0.0434769 
0.1056 0.100811 0.724972 0.770937 0.711293 0.848176 0.898177 0.869097 0.917742 1.01359 0.917742 1.01359 0.0107724 0.0960849 2.88692e-06 0.0431028 
0.1045 0.101661 0.724637 0.77056 0.710846 0.848658 0.898651 0.869686 0.917877 1.01357 0.917877 1.01357 0.0108833 0.0961719 2.79402e-06 0.0428896 
0.1034 0.102523 0.724304 0.770183 0.710401 0.849153 0.899139 0.870294 0.918015 1.01354 0.918015 1.01354 0.0109958 0.0962569 2.70014e-06 0.0426703 
0.1023 0.103397 0.723973 0.769806 0.709956 0.84966 0.899641 0.870918 0.918157 1.01351 0.918157 1.01351 0.01111 0.0963398 2.60556e-06 0.0424449 
0.1012 0.104283 0.723645 0.76943 0.709513 0.850179 0.900157 0.87156 0.9183 1.01349 0.9183 1.01349 0.0112257 0.0964204 2.51054e-06 0.0422134 
0.1001 0.105182 0.72332 0.769054 0.709071 0.850712 0.900687 0.872219 0.918447 1.01346 0.918447 1.01346 0.011343 0.0964987 2.41536e-06 0.0419759 
0.099 0.106092 0.722997 0.76868 0.708632 0.851256 0.901231 0.872896 0.918597 1.01343 0.918597 1.01343 0.0114618 0.0965746 2.3203e-06 0.0417324 
0.0979 0.106874 0.722987 0.768574 0.70854 0.852065 0.902134 0.874019 0.918751 1.01338 0.918751 1.01338 0.0115502 0.0965231 2.1074e-06 0.0413289 
0.0968 0.107805 0.722668 0.7682 0.708102 0.852624 0.902694 0.874715 0.918905 1.01335 0.918905 1.01335 0.0116718 0.0965955 2.02114e-06 0.0410789 
0.0957 0.108749 0.722352 0.767827 0.707667 0.853195 0.903268 0.875428 0.919061 1.01332 0.919061 1.01332 0.0117949 0.0966654 1.93557e-06 0.0408232 
0.0946 0.109704 0.72204 0.767454 0.707233 0.853778 0.903855 0.876158 0.919221 1.01329 0.919221 1.01329 0.0119196 0.0967327 1.85095e-06 0.0405617 
0.0935 0.110672 0.721731 0.767083 0.706803 0.854373 0.904455 0.876904 0.919383 1.01325 0.919383 1.01325 0.0120459 0.0967972 1.76749e-06 0.0402947 
0.0924 0.111652 0.721426 0.766714 0.706374 0.854979 0.905068 0.877666 0.919548 1.01322 0.919548 1.01322 0.0121738 0.0968591 1.6854e-06 0.0400223 
0.0913 0.112645 0.721124 0.766345 0.705948 0.855596 0.905694 0.878445 0.919716 1.01318 0.919716 1.01318 0.0123033 0.0969182 1.60489e-06 0.0397444 
0.0902 0.11365 0.720826 0.765978 0.705525 0.856225 0.906333 0.879238 0.919886 1.01314 0.919886 1.01314 0.0124344 0.0969746 1.52614e-06 0.0394613 
0.0891 0.114668 0.720531 0.765612 0.705105 0.856865 0.906985 0.880048 0.92006 1.0131 0.92006 1.0131 0.0125671 0.0970281 1.44931e-06 0.039173 
0.088 0.115699 0.72024 0.765248 0.704686 0.857515 0.907648 0.880872 0.920236 1.01306 0.920236 1.01306 0.0127015 0.0970789 1.37455e-06 0.0388798 
0.0869 0.116743 0.719952 0.764884 0.704271 0.858177 0.908323 0.881711 0.920415 1.01302 0.920415 1.01302 0.0128376 0.0971269 1.30199e-06 0.0385816 
0.0858 0.117853 0.719582 0.764446 0.70376 0.858799 0.908937 0.882474 0.9206 1.01298 0.9206 1.01298 0.0129864 0.0972055 1.24762e-06 0.0383109 
0.0847 0.118924 0.719303 0.764086 0.703351 0.859483 0.909639 0.883345 0.920785 1.01294 0.920785 1.01294 0.013126 0.097247 1.17833e-06 0.0380017 
0.0836 0.120077 0.718919 0.76363 0.70282 0.86012 0.910264 0.884122 0.920977 1.0129 0.920977 1.0129 0.0132817 0.0973277 1.12924e-06 0.0377267 
0.0825 0.121176 0.718648 0.763274 0.702418 0.860828 0.910993 0.885026 0.921168 1.01285 0.921168 1.01285 0.0134248 0.0973627 1.06344e-06 0.0374068 
0.0814 0.122382 0.718241 0.762793 0.701856 0.861474 0.911623 0.885809 0.921368 1.01281 0.921368 1.01281 0.0135891 0.097449 1.02056e-06 0.0371303 
0.0803 0.123566 0.717896 0.762365 0.701365 0.862165 0.912314 0.886668 0.92157 1.01277 0.92157 1.01277 0.0137476 0.0975093 9.69632e-07 0.0368273 
0.0792 0.124772 0.717547 0.761931 0.700867 0.862864 0.913014 0.887537 0.921775 1.01272 0.921775 1.01272 0.0139094 0.0975692 9.20894e-07 0.036521 
0.0781 0.126001 0.717193 0.761491 0.700362 0.863573 0.913723 0.888417 0.921984 1.01267 0.921984 1.01267 0.0140747 0.0976288 8.74252e-07 0.0362114 
0.077 0.127252 0.716836 0.761044 0.69985 0.864292 0.91444 0.889307 0.922198 1.01262 0.922198 1.01262 0.0142435 0.0976881 8.29632e-07 0.0358983 
0.0759 0.128527 0.716474 0.760591 0.699332 0.86502 0.915167 0.890209 0.922415 1.01257 0.922415 1.01257 0.014416 0.0977469 7.86958e-07 0.0355817 
0.0748 0.129827 0.716108 0.760131 0.698805 0.865759 0.915902 0.891122 0.922637 1.01252 0.922637 1.01252 0.0145922 0.0978054 7.46159e-07 0.0352615 
0.0737 0.131152 0.715738 0.759664 0.698272 0.866507 0.916648 0.892048 0.922864 1.01247 0.922864 1.01247 0.0147724 0.0978634 7.07166e-07 0.0349376 
0.0726 0.132502 0.715363 0.75919 0.697731 0.867266 0.917403 0.892985 0.923095 1.01242 0.923095 1.01242 0.0149565 0.0979208 6.6991e-07 0.0346099 
0.0715 0.13388 0.714983 0.758709 0.697182 0.868036 0.918167 0.893934 0.923331 1.01236 0.923331 1.01236 0.0151448 0.0979778 6.34327e-07 0.0342783 
0.0704 0.135284 0.714598 0.75822 0.696625 0.868818 0.918943 0.894896 0.923571 1.0123 0.923571 1.0123 0.0153374 0.0980342 6.00354e-07 0.0339428 
0.0693 0.136717 0.714209 0.757724 0.69606 0.86961 0.919728 0.895872 0.923817 1.01224 0.923817 1.01224 0.0155343 0.0980899 5.67929e-07 0.0336033 
0.0682 0.138178 0.713814 0.75722 0.695487 0.870414 0.920524 0.89686 0.924068 1.01218 0.924068 1.01218 0.0157358 0.098145 5.36993e-07 0.0332596 
0.0671 0.139669 0.713414 0.756708 0.694905 0.871231 0.921332 0.897862 0.924324 1.01212 0.924324 1.01212 0.015942 0.0981993 5.07489e-07 0.0329117 
0.066 0.141191 0.71301 0.756187 0.694315 0.872059 0.92215 0.898878 0.924585 1.01206 0.924585 1.01206 0.0161531 0.0982529 4.79361e-07 0.0325594 
0.0649 0.142744 0.7126 0.755658 0.693715 0.8729 0.92298 0.899908 0.924852 1.01199 0.924852 1.01199 0.0163691 0.0983056 4.52556e-07 0.0322027 
0.0638 0.144329 0.712184 0.755121 0.693106 0.873754 0.923822 0.900953 0.925124 1.01192 0.925124 1.01192 0.0165903 0.0983575 4.27021e-07 0.0318415 
0.0627 0.145947 0.711763 0.754575 0.692488 0.874621 0.924675 0.902013 0.925403 1.01185 0.925403 1.01185 0.0168168 0.0984084 4.02706e-07 0.0314757 
0.0616 0.147599 0.711337 0.754019 0.691861 0.875501 0.925541 0.903089 0.925687 1.01178 0.925687 1.01178 0.0170488 0.0984583 3.79563e-07 0.0311052 
0.0605 0.149287 0.710904 0.753454 0.691223 0.876396 0.92642 0.90418 0.925977 1.01171 0.925977 1.01171 0.0172864 0.098507 3.57545e-07 0.0307298 
0.0594 0.151009 0.710466 0.75288 0.690576 0.877304 0.927311 0.905287 0.926274 1.01163 0.926274 1.01163 0.0175299 0.0985547 3.36606e-07 0.0303495 
0.0583 0.152769 0.710023 0.752296 0.689919 0.878227 0.928216 0.90641 0.926577 1.01155 0.926577 1.01155 0.0177793 0.0986011 3.16702e-07 0.0299642 
0.0572 0.154567 0.709573 0.751702 0.689251 0.879165 0.929134 0.907551 0.926887 1.01147 0.926887 1.01147 0.018035 0.0986461 2.9779e-07 0.0295738 
0.0561 0.156403 0.709117 0.751098 0.688572 0.880117 0.930066 0.908708 0.927203 1.01139 0.927203 1.01139 0.0182971 0.0986898 2.79831e-07 0.0291781 
0.055 0.158279 0.708655 0.750483 0.687883 0.881086 0.931012 0.909884 0.927527 1.0113 0.927527 1.0113 0.0185658 0.098732 2.62783e-07 0.028777 
0.0539 0.160196 0.708186 0.749858 0.687182 0.88207 0.931972 0.911077 0.927857 1.01122 0.927857 1.01122 0.0188413 0.0987726 2.46609e-07 0.0283705 
0.0528 0.162155 0.707711 0.749222 0.686471 0.88307 0.932947 0.912289 0.928195 1.01113 0.928195 1.01113 0.0191238 0.0988115 2.31272e-07 0.0279584 
0.0517 0.164157 0.70723 0.748575 0.685747 0.884087 0.933936 0.913519 0.92854 1.01103 0.92854 1.01103 0.0194136 0.0988486 2.16736e-07 0.0275407 
0.0506 0.166203 0.706742 0.747916 0.685012 0.885121 0.934941 0.914769 0.928893 1.01094 0.928893 1.01094 0.0197108 0.0988838 2.02967e-07 0.0271172 
0.0495 0.168294 0.706248 0.747246 0.684265 0.886172 0.935962 0.916039 0.929253 1.01084 0.929253 1.01084 0.0200157 0.098917 1.89932e-07 0.0266878 
0.0484 0.170432 0.705747 0.746564 0.683506 0.88724 0.936998 0.917329 0.929622 1.01073 0.929622 1.01073 0.0203285 0.098948 1.77598e-07 0.0262524 
0.0473 0.172616 0.705239 0.74587 0.682735 0.888327 0.938051 0.918639 0.929998 1.01063 0.929998 1.01063 0.0206494 0.0989768 1.65935e-07 0.0258109 
0.0462 0.17485 0.704724 0.745163 0.681951 0.889431 0.93912 0.91997 0.930383 1.01052 0.930383 1.01052 0.0209788 0.0990033 1.54913e-07 0.0253633 
0.0451 0.177132 0.704203 0.744444 0.681154 0.890555 0.940205 0.921323 0.930777 1.01041 0.930777 1.01041 0.0213168 0.0990272 1.44504e-07 0.0249093 
0.044 0.179466 0.703674 0.743712 0.680344 0.891697 0.941308 0.922697 0.931179 1.01029 0.931179 1.01029 0.0216638 0.0990484 1.3468e-07 0.0244489 
0.0429 0.181852 0.703138 0.742967 0.67952 0.892859 0.942428 0.924094 0.93159 1.01017 0.93159 1.01017 0.0220199 0.0990668 1.25415e-07 0.023982 
0.0418 0.184291 0.702595 0.742208 0.678684 0.89404 0.943566 0.925513 0.932009 1.01005 0.932009 1.01005 0.0223854 0.0990823 1.16682e-07 0.0235085 
0.0407 0.186785 0.702045 0.741436 0.677833 0.895241 0.944721 0.926955 0.932439 1.00992 0.932439 1.00992 0.0227607 0.0990946 1.08458e-07 0.0230284 
0.0396 0.189334 0.701488 0.74065 0.676969 0.896463 0.945894 0.928421 0.932877 1.00979 0.932877 1.00979 0.023146 0.0991037 1.00719e-07 0.0225414 
0.0385 0.19194 0.700923 0.73985 0.67609 0.897706 0.947086 0.929911 0.933325 1.00965 0.933325 1.00965 0.0235416 0.0991092 9.34431e-08 0.0220476 
0.0374 0.194604 0.700351 0.739035 0.675198 0.89897 0.948296 0.931425 0.933783 1.00951 0.933783 1.00951 0.0239478 0.0991111 8.66075e-08 0.0215468 
0.0363 0.197328 0.699772 0.738206 0.674291 0.900255 0.949525 0.932964 0.934251 1.00936 0.934251 1.00936 0.0243649 0.0991092 8.01916e-08 0.0210389 
0.0352 0.200113 0.699185 0.737361 0.673369 0.901561 0.950773 0.934528 0.934729 1.00921 0.934729 1.00921 0.0247933 0.0991033 7.41758e-08 0.020524 
0.0341 0.20296 0.698591 0.736502 0.672432 0.90289 0.952039 0.936117 0.935217 1.00906 0.935217 1.00906 0.0252332 0.099093 6.85406e-08 0.0200019 
0.033 0.205871 0.69799 0.735627 0.671479 0.904241 0.953325 0.937733 0.935716 1.0089 0.935716 1.0089 0.0256851 0.0990784 6.32675e-08 0.0194725 
0.0319 0.208847 0.69738 0.734736 0.670512 0.905615 0.95463 0.939374 0.936226 1.00873 0.936226 1.00873 0.0261494 0.099059 5.83391e-08 0.0189358 
0.0308 0.21189 0.696763 0.733829 0.669528 0.907012 0.955955 0.941042 0.936747 1.00856 0.936747 1.00856 0.0266263 0.0990347 5.37383e-08 0.0183918 
0.0297 0.215002 0.696139 0.732905 0.668529 0.908433 0.957299 0.942737 0.937279 1.00839 0.937279 1.00839 0.0271164 0.0990052 4.9449e-08 0.0178403 
0.0286 0.218185 0.695507 0.731964 0.667513 0.909877 0.958662 0.944459 0.937823 1.0082 0.937823 1.0082 0.0276201 0.0989702 4.54556e-08 0.0172814 
0.0275 0.221441 0.694867 0.731006 0.66648 0.911346 0.960044 0.946209 0.938379 1.00801 0.938379 1.00801 0.0281379 0.0989295 4.17434e-08 0.016715 
0.0264 0.224772 0.694218 0.73003 0.66543 0.912839 0.961446 0.947986 0.938947 1.00782 0.938947 1.00782 0.0286703 0.0988827 3.82981e-08 0.0161412 
0.0253 0.228181 0.693562 0.729035 0.664363 0.914357 0.962866 0.949791 0.939528 1.00762 0.939528 1.00762 0.0292181 0.0988295 3.51062e-08 0.0155597 
0.0242 0.231673 0.692897 0.728021 0.663277 0.915901 0.964305 0.951625 0.940122 1.00741 0.940122 1.00741 0.0297818 0.0987695 3.21547e-08 0.0149708 
0.0231 0.235249 0.692224 0.726986 0.662172 0.917472 0.965763 0.953488 0.94073 1.00719 0.94073 1.00719 0.0303623 0.0987024 2.94312e-08 0.0143743 
0.022 0.238915 0.691542 0.72593 0.661046 0.919069 0.967239 0.955379 0.941352 1.00696 0.941352 1.00696 0.0309606 0.0986276 2.69244e-08 0.0137703 
0.0209 0.242677 0.69085 0.724852 0.6599 0.920694 0.968732 0.957299 0.94199 1.00673 0.94199 1.00673 0.0315776 0.0985446 2.46229e-08 0.0131587 
0.0198 0.246539 0.690149 0.72375 0.658732 0.922348 0.970242 0.959248 0.942644 1.00649 0.942644 1.00649 0.0322147 0.0984529 2.25162e-08 0.0125396 
0.0187 0.250511 0.689436 0.722622 0.657539 0.924032 0.971767 0.961227 0.943316 1.00623 0.943316 1.00623 0.0328734 0.0983517 2.05945e-08 0.011913 
0.0176 0.254602 0.688713 0.721467 0.65632 0.925747 0.973308 0.963235 0.944007 1.00597 0.944007 1.00597 0.0335556 0.0982403 1.88496e-08 0.0112789 
0.0165 0.258824 0.687976 0.72028 0.655072 0.927496 0.974863 0.965273 0.944719 1.00569 0.944719 1.00569 0.0342634 0.0981176 1.72727e-08 0.0106373 
0.0154 0.263192 0.687225 0.719059 0.653792 0.92928 0.97643 0.967341 0.945454 1.0054 0.945454 1.0054 0.0349998 0.0979824 1.5857e-08 0.00998828 
0.0143 0.267723 0.686459 0.7178 0.652477 0.931104 0.978007 0.969439 0.946216 1.00509 0.946216 1.00509 0.0357683 0.0978332 1.4597e-08 0.00933178 
0.0132 0.272444 0.685674 0.716497 0.65112 0.93297 0.979593 0.971568 0.947008 1.00477 0.947008 1.00477 0.0365732 0.0976682 1.34888e-08 0.00866783 
0.0121 0.277383 0.684867 0.715142 0.649715 0.934884 0.981185 0.973728 0.947836 1.00443 0.947836 1.00443 0.0374204 0.0974849 1.25311e-08 0.0079964 
0.011 0.282583 0.684036 0.713726 0.648253 0.936852 0.982778 0.975919 0.948705 1.00406 0.948705 1.00406 0.0383175 0.09728 1.1726e-08 0.00731742 
0.0099 0.288097 0.683174 0.712238 0.646723 0.938883 0.984367 0.978142 0.949625 1.00367 0.949625 1.00367 0.0392744 0.0970492 1.10814e-08 0.00663083 
0.0088 0.294001 0.682274 0.710659 0.645108 0.94099 0.985947 0.980397 0.950608 1.00323 0.950608 1.00323 0.040305 0.0967863 1.06142e-08 0.00593645 
0.0077 0.300402 0.681327 0.708967 0.643388 0.94319 0.987508 0.982687 0.951671 1.00276 0.951671 1.00276 0.0414289 0.0964827 1.03577e-08 0.00523407 
0.0066 0.307455 0.680321 0.707126 0.64153 0.945509 0.989036 0.985011 0.952838 1.00222 0.952838 1.00222 0.0426746 0.096125 1.03748e-08 0.00452332 
0.0055 0.315402 0.679234 0.705085 0.639487 0.947986 0.99051 0.987373 0.954149 1.0016 0.954149 1.0016 0.0440865 0.0956921 1.07924e-08 0.00380367 
0.0044 0.324647 0.678039 0.702758 0.637184 0.950686 0.991892 0.989776 0.955668 1.00086 0.955668 1.00086 0.0457382 0.0951477 1.18887e-08 0.00307428 
0.0033 0.335935 0.676686 0.699994 0.634488 0.953729 0.993115 0.992224 0.957511 0.999923 0.957511 0.999923 0.0477655 0.0944214 1.43767e-08 0.00233382 
0.0022 0.350905 0.675085 0.696473 0.631127 0.957376 0.994018 0.994726 0.959937 0.998628 0.959937 0.998628 0.0504657 0.09335 2.06528e-08 0.00157998 
0.0011 0.374621 0.673036 0.691272 0.626358 0.962416 0.994086 0.997297 0.963725 0.996444 0.963725 0.996444 0.0547472 0.091393 4.48867e-08 0.000808068 
