0.13 0.300517 0.688417 0.715397 0.652186 0.93908 0.97984 0.975122 0.951373 1.00189 0.951373 1.00189 0.0401873 0.0935401 5.94123e-06 0.00757876 
0.1287 0.300702 0.688428 0.715382 0.652181 0.939149 0.979892 0.975201 0.951403 1.00187 0.951403 1.00187 0.0402126 0.0935163 5.9314e-06 0.00755437 
0.1274 0.30089 0.688438 0.715366 0.652175 0.939219 0.979945 0.97528 0.951433 1.00185 0.951433 1.00185 0.0402383 0.0934925 5.92168e-06 0.00752977 
0.1261 0.301081 0.688448 0.71535 0.652169 0.939289 0.979998 0.97536 0.951463 1.00183 0.951463 1.00183 0.0402645 0.0934684 5.91208e-06 0.00750493 
0.1248 0.301291 0.68831 0.7152 0.651988 0.939333 0.980007 0.975374 0.9515 1.00183 0.9515 1.00183 0.0403189 0.0935017 5.9449e-06 0.00750059 
0.1235 0.301488 0.688322 0.715184 0.651983 0.939406 0.980061 0.975457 0.951531 1.00181 0.951531 1.00181 0.0403458 0.0934763 5.93468e-06 0.00747483 
0.1222 0.301688 0.688333 0.715168 0.651977 0.93948 0.980117 0.975541 0.951563 1.00179 0.951563 1.00179 0.0403731 0.0934508 5.92458e-06 0.00744882 
0.1209 0.301892 0.688343 0.715151 0.651971 0.939555 0.980172 0.975625 0.951596 1.00177 0.951596 1.00177 0.040401 0.0934251 5.91461e-06 0.00742257 
0.1196 0.302117 0.688196 0.71499 0.651778 0.939602 0.980183 0.975641 0.951635 1.00177 0.951635 1.00177 0.0404595 0.0934603 5.94963e-06 0.00741769 
0.1183 0.302327 0.688209 0.714974 0.651772 0.93968 0.98024 0.975729 0.951668 1.00174 0.951668 1.00174 0.0404881 0.0934332 5.939e-06 0.00739042 
0.117 0.302541 0.688221 0.714956 0.651766 0.939758 0.980299 0.975818 0.951702 1.00172 0.951702 1.00172 0.0405173 0.0934059 5.92851e-06 0.0073629 
0.1157 0.302758 0.688232 0.714938 0.65176 0.939838 0.980358 0.975907 0.951737 1.0017 0.951737 1.0017 0.040547 0.0933784 5.91816e-06 0.00733509 
0.1144 0.303002 0.688075 0.714766 0.651553 0.939889 0.980369 0.975925 0.951779 1.0017 0.951779 1.0017 0.04061 0.0934157 5.9556e-06 0.00732959 
0.1131 0.303226 0.688089 0.714748 0.651548 0.939972 0.98043 0.976018 0.951815 1.00168 0.951815 1.00168 0.0406406 0.0933866 5.94456e-06 0.0073007 
0.1118 0.303455 0.688102 0.71473 0.651541 0.940055 0.980492 0.976112 0.951851 1.00165 0.951851 1.00165 0.0406718 0.0933574 5.93367e-06 0.00727151 
0.1105 0.303707 0.687979 0.714587 0.651374 0.940117 0.980516 0.97615 0.951894 1.00164 0.951894 1.00164 0.0407302 0.0933799 5.96111e-06 0.00725984 
0.1092 0.303943 0.687993 0.714569 0.651369 0.940204 0.98058 0.976247 0.951932 1.00162 0.951932 1.00162 0.0407623 0.0933492 5.94974e-06 0.00722962 
0.1079 0.304184 0.688007 0.71455 0.651362 0.940291 0.980644 0.976346 0.95197 1.0016 0.95197 1.0016 0.0407952 0.0933183 5.93855e-06 0.00719908 
0.1066 0.304452 0.687878 0.714399 0.651186 0.940357 0.98067 0.976386 0.952016 1.00159 0.952016 1.00159 0.0408571 0.0933418 5.96756e-06 0.00718663 
0.1053 0.304701 0.687893 0.71438 0.65118 0.940448 0.980737 0.976488 0.952056 1.00156 0.952056 1.00156 0.040891 0.0933094 5.95587e-06 0.00715499 
0.104 0.304955 0.687908 0.71436 0.651174 0.94054 0.980804 0.976592 0.952096 1.00154 0.952096 1.00154 0.0409256 0.0932767 5.94437e-06 0.00712301 
0.1027 0.305239 0.687772 0.714201 0.650987 0.94061 0.980832 0.976634 0.952144 1.00152 0.952144 1.00152 0.0409914 0.0933012 5.97514e-06 0.00710972 
0.1014 0.305502 0.687788 0.714181 0.650981 0.940705 0.980901 0.976741 0.952186 1.0015 0.952186 1.0015 0.0410271 0.0932669 5.96313e-06 0.00707656 
0.1001 0.30577 0.687804 0.714159 0.650975 0.940802 0.980971 0.97685 0.952229 1.00147 0.952229 1.00147 0.0410637 0.0932322 5.95133e-06 0.00704303 
0.0988 0.306073 0.687659 0.713991 0.650777 0.940877 0.981001 0.976895 0.952281 1.00146 0.952281 1.00146 0.0411337 0.0932579 5.98402e-06 0.00702882 
0.0975 0.306352 0.687677 0.71397 0.650772 0.940977 0.981073 0.977008 0.952325 1.00143 0.952325 1.00143 0.0411715 0.0932215 5.9717e-06 0.00699402 
0.0962 0.306635 0.687694 0.713947 0.650765 0.941079 0.981147 0.977122 0.95237 1.0014 0.95237 1.0014 0.0412102 0.0931847 5.95961e-06 0.00695883 
0.0949 0.306959 0.687541 0.713768 0.650555 0.941159 0.981178 0.977171 0.952425 1.00139 0.952425 1.00139 0.0412848 0.0932115 5.99442e-06 0.0069436 
0.0936 0.307254 0.68756 0.713746 0.650549 0.941265 0.981254 0.977289 0.952472 1.00136 0.952472 1.00136 0.0413249 0.0931729 5.98179e-06 0.00690705 
0.0923 0.307554 0.687578 0.713723 0.650542 0.941373 0.981331 0.977408 0.952519 1.00133 0.952519 1.00133 0.041366 0.0931338 5.96942e-06 0.00687006 
0.091 0.3079 0.687416 0.713532 0.65032 0.941458 0.981365 0.977461 0.952578 1.00132 0.952578 1.00132 0.0414457 0.0931618 6.00659e-06 0.00685371 
0.0897 0.308213 0.687436 0.713509 0.650314 0.94157 0.981444 0.977585 0.952628 1.00129 0.952628 1.00129 0.0414882 0.0931206 5.99367e-06 0.00681526 
0.0884 0.308533 0.687455 0.713484 0.650307 0.941683 0.981525 0.977711 0.952678 1.00125 0.952678 1.00125 0.0415318 0.093079 5.98103e-06 0.00677634 
0.0871 0.308904 0.687283 0.713281 0.65007 0.941775 0.981561 0.977768 0.952742 1.00124 0.952742 1.00124 0.0416173 0.0931084 6.02088e-06 0.00675877 
0.0858 0.309237 0.687304 0.713256 0.650064 0.941893 0.981644 0.977899 0.952794 1.00121 0.952794 1.00121 0.0416625 0.0930645 6.00768e-06 0.00671827 
0.0845 0.309577 0.687325 0.71323 0.650056 0.942013 0.981728 0.978032 0.952848 1.00117 0.952848 1.00117 0.0417089 0.09302 5.99482e-06 0.00667726 
0.0832 0.309975 0.687142 0.713013 0.649803 0.942112 0.981767 0.978093 0.952916 1.00115 0.952916 1.00115 0.0418006 0.0930508 6.03757e-06 0.00665831 
0.0819 0.31033 0.687165 0.712987 0.649797 0.942237 0.981855 0.978231 0.952972 1.00112 0.952972 1.00112 0.0418489 0.0930038 6.02414e-06 0.00661559 
0.0806 0.310693 0.687188 0.71296 0.64979 0.942365 0.981943 0.978371 0.953029 1.00108 0.953029 1.00108 0.0418984 0.0929562 6.01109e-06 0.0065723 
0.0793 0.311123 0.686992 0.712728 0.64952 0.942471 0.981985 0.978437 0.953103 1.00106 0.953103 1.00106 0.0419971 0.0929885 6.05715e-06 0.00655182 
0.078 0.311502 0.687017 0.7127 0.649513 0.942604 0.982077 0.978583 0.953162 1.00103 0.953162 1.00103 0.0420487 0.0929381 6.04354e-06 0.00650669 
0.0767 0.311934 0.686886 0.712526 0.64932 0.942724 0.982137 0.978679 0.953235 1.001 0.953235 1.001 0.0421361 0.0929441 6.07208e-06 0.00647721 
0.0754 0.312331 0.686913 0.712497 0.649313 0.942862 0.982232 0.978831 0.953297 1.00096 0.953297 1.00096 0.0421901 0.0928912 6.05837e-06 0.00643035 
0.0741 0.312786 0.686776 0.712315 0.64911 0.942988 0.982294 0.97893 0.953373 1.00093 0.953373 1.00093 0.0422822 0.0928971 6.08871e-06 0.00639949 
0.0728 0.313202 0.686804 0.712285 0.649104 0.943132 0.982393 0.979088 0.953438 1.00089 0.953438 1.00089 0.0423388 0.0928415 6.07496e-06 0.0063508 
0.0715 0.313681 0.686661 0.712093 0.648891 0.943264 0.982458 0.979193 0.953518 1.00086 0.953518 1.00086 0.0424358 0.0928473 6.10728e-06 0.00631846 
0.0702 0.314119 0.686691 0.712062 0.648884 0.943415 0.98256 0.979357 0.953587 1.00082 0.953587 1.00082 0.0424952 0.0927888 6.09352e-06 0.00626782 
0.0689 0.314624 0.686541 0.711861 0.648661 0.943554 0.982627 0.979467 0.953671 1.00079 0.953671 1.00079 0.0425976 0.0927944 6.12804e-06 0.00623388 
0.0676 0.315084 0.686572 0.711828 0.648654 0.943712 0.982733 0.979638 0.953744 1.00074 0.953744 1.00074 0.04266 0.0927327 6.1143e-06 0.00618117 
0.0663 0.315555 0.686604 0.711793 0.648647 0.943872 0.98284 0.979811 0.953818 1.00069 0.953818 1.00069 0.0427243 0.0926699 6.10111e-06 0.00612763 
0.065 0.316136 0.686349 0.711488 0.648293 0.944016 0.982895 0.979901 0.953917 1.00067 0.953917 1.00067 0.0428573 0.0927087 6.16403e-06 0.00609988 
0.0637 0.316633 0.686384 0.711453 0.648287 0.944185 0.983006 0.980083 0.953994 1.00061 0.953994 1.00061 0.0429248 0.0926418 6.15047e-06 0.00604381 
0.0624 0.317143 0.686418 0.711417 0.64828 0.944357 0.983119 0.980268 0.954074 1.00056 0.954074 1.00056 0.0429943 0.0925734 6.13753e-06 0.0059868 
0.0611 0.317779 0.686143 0.711085 0.647896 0.944515 0.983178 0.980366 0.954183 1.00053 0.954183 1.00053 0.0431398 0.0926143 6.20687e-06 0.00595645 
0.0598 0.318318 0.686181 0.711048 0.64789 0.944696 0.983296 0.980561 0.954267 1.00048 0.954267 1.00048 0.0432131 0.0925413 6.19372e-06 0.00589668 
0.0585 0.318872 0.68622 0.711009 0.647883 0.944881 0.983415 0.980758 0.954354 1.00042 0.954354 1.00042 0.0432886 0.0924666 6.18129e-06 0.00583585 
0.0572 0.319573 0.68592 0.710647 0.647465 0.945054 0.983479 0.980866 0.954473 1.00039 0.954473 1.00039 0.0434486 0.0925098 6.25826e-06 0.00580255 
0.0559 0.320208 0.685842 0.710492 0.647313 0.945244 0.983584 0.981041 0.954576 1.00034 0.954576 1.00034 0.043558 0.0924724 6.27763e-06 0.00574872 
0.0546 0.320863 0.685762 0.710333 0.647157 0.945439 0.983691 0.98122 0.954682 1.00028 0.954682 1.00028 0.0436709 0.0924336 6.29825e-06 0.00569353 
0.0533 0.32154 0.685679 0.710169 0.646996 0.94564 0.9838 0.981404 0.954791 1.00023 0.954791 1.00023 0.0437875 0.0923933 6.32024e-06 0.00563694 
0.052 0.322239 0.685595 0.709999 0.64683 0.945847 0.983911 0.981593 0.954904 1.00017 0.954904 1.00017 0.0439081 0.0923514 6.34376e-06 0.0055789 
0.0507 0.322962 0.685507 0.709824 0.646659 0.94606 0.984025 0.981786 0.955021 1.00011 0.955021 1.00011 0.0440328 0.0923079 6.36886e-06 0.00551933 
0.0494 0.323709 0.685417 0.709644 0.646482 0.94628 0.984141 0.981985 0.955142 1.00005 0.955142 1.00005 0.0441618 0.0922626 6.39572e-06 0.00545819 
0.0481 0.324483 0.685325 0.709457 0.6463 0.946506 0.984259 0.982189 0.955266 0.999987 0.955266 0.999987 0.0442954 0.0922154 6.42447e-06 0.00539539 
0.0468 0.325285 0.68523 0.709265 0.646113 0.94674 0.98438 0.982399 0.955396 0.999921 0.955396 0.999921 0.0444339 0.0921662 6.4553e-06 0.00533087 
0.0455 0.326116 0.685132 0.709065 0.645918 0.946981 0.984504 0.982615 0.95553 0.999852 0.95553 0.999852 0.0445776 0.0921148 6.48841e-06 0.00526456 
0.0442 0.326904 0.685189 0.709012 0.645912 0.947232 0.984651 0.982873 0.955652 0.99977 0.955652 0.99977 0.0446852 0.0920067 6.48204e-06 0.00518545 
0.0429 0.327875 0.684926 0.708645 0.645509 0.947488 0.98476 0.983065 0.955813 0.999707 0.955813 0.999707 0.0448817 0.092005 6.56235e-06 0.00512624 
0.0416 0.328723 0.684988 0.708588 0.645504 0.947754 0.984912 0.983337 0.955944 0.999617 0.955944 0.999617 0.0449974 0.0918882 6.55839e-06 0.00504289 
0.0403 0.329775 0.684706 0.708192 0.645071 0.948031 0.985027 0.983543 0.956119 0.999548 0.956119 0.999548 0.0452106 0.0918846 6.64834e-06 0.0049797 
0.039 0.330785 0.684591 0.707953 0.64484 0.948317 0.985165 0.983792 0.956281 0.999464 0.956281 0.999464 0.0453855 0.0918198 6.69664e-06 0.00490311 
0.0377 0.331838 0.684472 0.707704 0.644599 0.948614 0.985306 0.98405 0.95645 0.999375 0.95645 0.999375 0.0455679 0.0917518 6.74903e-06 0.00482415 
0.0364 0.332937 0.684349 0.707445 0.64435 0.948922 0.985449 0.984315 0.956627 0.999282 0.956627 0.999282 0.0457584 0.0916801 6.80592e-06 0.00474271 
0.0351 0.334087 0.684221 0.707175 0.64409 0.949243 0.985596 0.98459 0.956811 0.999185 0.956811 0.999185 0.0459578 0.0916046 6.86793e-06 0.00465867 
0.0338 0.33529 0.684088 0.706894 0.643819 0.949576 0.985746 0.984873 0.957004 0.999083 0.957004 0.999083 0.0461665 0.0915248 6.93556e-06 0.00457187 
0.0325 0.336551 0.683951 0.706599 0.643537 0.949923 0.9859 0.985166 0.957206 0.998976 0.957206 0.998976 0.0463854 0.0914403 7.00956e-06 0.00448217 
0.0312 0.337875 0.683808 0.706292 0.643242 0.950285 0.986056 0.985469 0.957418 0.998862 0.957418 0.998862 0.0466154 0.0913508 7.09082e-06 0.00438942 
0.0299 0.339268 0.683659 0.705969 0.642935 0.950663 0.986215 0.985782 0.957641 0.998743 0.957641 0.998743 0.0468573 0.0912556 7.18023e-06 0.00429342 
0.0286 0.340736 0.683504 0.705631 0.642613 0.951058 0.986378 0.986107 0.957875 0.998616 0.957875 0.998616 0.0471124 0.0911542 7.27897e-06 0.004194 
0.0273 0.342285 0.683343 0.705275 0.642275 0.951472 0.986543 0.986444 0.958122 0.998482 0.958122 0.998482 0.0473819 0.0910461 7.38845e-06 0.00409094 
0.026 0.343925 0.683175 0.704901 0.64192 0.951906 0.986711 0.986794 0.958384 0.998339 0.958384 0.998339 0.047667 0.0909302 7.51026e-06 0.00398401 
0.0247 0.345664 0.683 0.704506 0.641547 0.952362 0.986882 0.987158 0.95866 0.998187 0.95866 0.998187 0.0479696 0.0908058 7.64644e-06 0.00387296 
0.0234 0.347513 0.682816 0.704089 0.641154 0.952843 0.987055 0.987536 0.958954 0.998024 0.958954 0.998024 0.0482916 0.0906719 7.79945e-06 0.00375752 
0.0221 0.349485 0.682624 0.703647 0.640739 0.95335 0.98723 0.98793 0.959267 0.997849 0.959267 0.997849 0.048635 0.0905271 7.97225e-06 0.00363736 
0.0208 0.351594 0.682423 0.703176 0.6403 0.953887 0.987406 0.98834 0.959602 0.997661 0.959602 0.997661 0.0490026 0.0903699 8.16865e-06 0.00351215 
0.0195 0.35386 0.682212 0.702675 0.639834 0.954457 0.987583 0.988768 0.959961 0.997458 0.959961 0.997458 0.0493974 0.0901985 8.39339e-06 0.0033815 
0.0182 0.356303 0.681989 0.702139 0.639337 0.955063 0.987759 0.989216 0.960346 0.997238 0.960346 0.997238 0.0498232 0.0900107 8.65266e-06 0.00324498 
0.0169 0.358949 0.681755 0.701564 0.638807 0.955711 0.987934 0.989685 0.960764 0.996997 0.960764 0.996997 0.0502845 0.0898037 8.95444e-06 0.00310208 
0.0156 0.361831 0.681508 0.700943 0.638238 0.956406 0.988106 0.990177 0.961217 0.996732 0.961217 0.996732 0.050787 0.0895741 9.30942e-06 0.00295224 
0.0143 0.364989 0.681247 0.700271 0.637627 0.957156 0.988272 0.990695 0.961713 0.99644 0.961713 0.99644 0.0513375 0.0893175 9.73206e-06 0.0027948 
0.013 0.368476 0.68097 0.699538 0.636965 0.957969 0.988428 0.99124 0.962259 0.996114 0.962259 0.996114 0.0519453 0.089028 1.02427e-05 0.002629 
0.0117 0.372359 0.680677 0.698733 0.636245 0.958857 0.98857 0.991815 0.962865 0.995747 0.962865 0.995747 0.0526218 0.0886981 1.08705e-05 0.00245393 
0.0104 0.376731 0.680365 0.697842 0.635457 0.959835 0.988692 0.992425 0.963545 0.995329 0.963545 0.995329 0.0533827 0.0883172 1.16589e-05 0.00226851 
0.0091 0.381717 0.680035 0.696847 0.634586 0.960923 0.988781 0.993073 0.964317 0.994845 0.964317 0.994845 0.0542496 0.0878702 1.26758e-05 0.00207139 
0.0078 0.387503 0.679685 0.695719 0.633616 0.962152 0.988823 0.993765 0.965208 0.994276 0.965208 0.994276 0.0552535 0.0873352 1.40334e-05 0.00186094 
0.0065 0.394367 0.679317 0.694419 0.63252 0.963563 0.98879 0.994507 0.96626 0.993587 0.96626 0.993587 0.0564413 0.0866775 1.593e-05 0.00163503 
0.0052 0.402767 0.678938 0.692889 0.631264 0.965227 0.988637 0.995307 0.967536 0.992727 0.967536 0.992727 0.0578886 0.0858387 1.87537e-05 0.00139091 
0.0039 0.413526 0.678568 0.691028 0.629796 0.967262 0.988275 0.996175 0.969154 0.991595 0.969154 0.991595 0.0597299 0.0847105 2.33734e-05 0.00112479 
0.0026 0.428357 0.678275 0.68865 0.628037 0.969908 0.987501 0.997121 0.97135 0.98998 0.97135 0.98998 0.0622388 0.0830576 3.21928e-05 0.000831531 
0.0013 0.451775 0.678336 0.685363 0.625908 0.973752 0.985739 0.998131 0.974731 0.987303 0.974731 0.987303 0.0661107 0.0802246 5.48105e-05 0.000505478 
