0.13 0.300721 0.681281 0.708883 0.643303 0.943298 0.987582 0.982796 0.951723 1.00273 0.951723 1.00273 0.041485 0.096467 1.03516e-08 0.00520051 
0.1287 0.300844 0.681288 0.708872 0.643298 0.943345 0.987619 0.982853 0.951743 1.00272 0.951743 1.00272 0.0415025 0.096451 1.03249e-08 0.00518325 
0.1274 0.30097 0.681294 0.708861 0.643294 0.943394 0.987657 0.982909 0.951764 1.00271 0.951764 1.00271 0.0415204 0.0964349 1.02986e-08 0.00516586 
0.1261 0.301097 0.681299 0.708849 0.643288 0.943443 0.987696 0.982967 0.951784 1.0027 0.951784 1.0027 0.0415386 0.0964188 1.02726e-08 0.00514835 
0.1248 0.301236 0.681206 0.708748 0.643166 0.94347 0.9877 0.982972 0.951809 1.00269 0.951809 1.00269 0.0415758 0.0964416 1.03432e-08 0.00514655 
0.1235 0.301367 0.681213 0.708736 0.643161 0.943521 0.987739 0.983032 0.95183 1.00268 0.95183 1.00268 0.0415944 0.0964245 1.03153e-08 0.00512833 
0.1222 0.301501 0.68122 0.708724 0.643156 0.943572 0.987779 0.983092 0.951851 1.00267 0.951851 1.00267 0.0416133 0.0964074 1.02879e-08 0.00510997 
0.1209 0.301636 0.681226 0.708711 0.643151 0.943624 0.987819 0.983152 0.951873 1.00265 0.951873 1.00265 0.0416327 0.0963902 1.02609e-08 0.00509147 
0.1196 0.301785 0.681127 0.708604 0.64302 0.943654 0.987824 0.983159 0.9519 1.00265 0.9519 1.00265 0.0416726 0.0964144 1.0336e-08 0.00508939 
0.1183 0.301925 0.681135 0.708592 0.643016 0.943708 0.987866 0.983222 0.951922 1.00264 0.951922 1.00264 0.0416924 0.0963962 1.0307e-08 0.00507013 
0.117 0.302067 0.681142 0.708579 0.64301 0.943762 0.987908 0.983285 0.951945 1.00262 0.951945 1.00262 0.0417125 0.0963778 1.02784e-08 0.00505073 
0.1157 0.302211 0.681148 0.708565 0.643004 0.943817 0.98795 0.983349 0.951968 1.00261 0.951968 1.00261 0.0417331 0.0963594 1.02503e-08 0.00503116 
0.1144 0.302372 0.681042 0.70845 0.642864 0.943849 0.987956 0.983357 0.951997 1.00261 0.951997 1.00261 0.0417762 0.0963852 1.03305e-08 0.00502875 
0.1131 0.302521 0.681051 0.708437 0.64286 0.943906 0.988 0.983424 0.952021 1.00259 0.952021 1.00259 0.0417972 0.0963656 1.03002e-08 0.00500836 
0.1118 0.302673 0.681058 0.708424 0.642854 0.943964 0.988044 0.983491 0.952045 1.00258 0.952045 1.00258 0.0418187 0.096346 1.02704e-08 0.0049878 
0.1105 0.30284 0.680975 0.708327 0.642741 0.944005 0.98806 0.983514 0.952075 1.00257 0.952075 1.00257 0.0418587 0.0963617 1.03275e-08 0.00498076 
0.1092 0.302997 0.680984 0.708314 0.642736 0.944064 0.988106 0.983584 0.9521 1.00256 0.9521 1.00256 0.0418808 0.0963411 1.02963e-08 0.00495946 
0.1079 0.303156 0.680992 0.7083 0.642731 0.944125 0.988152 0.983654 0.952125 1.00254 0.952125 1.00254 0.0419034 0.0963204 1.02656e-08 0.00493797 
0.1066 0.303333 0.680904 0.708198 0.64261 0.944168 0.988168 0.983678 0.952156 1.00254 0.952156 1.00254 0.0419458 0.096337 1.03261e-08 0.0049305 
0.1053 0.303498 0.680914 0.708185 0.642606 0.94423 0.988216 0.983751 0.952183 1.00252 0.952183 1.00252 0.041969 0.0963152 1.02939e-08 0.00490822 
0.104 0.303666 0.680923 0.70817 0.6426 0.944294 0.988265 0.983825 0.95221 1.0025 0.95221 1.0025 0.0419928 0.0962933 1.02623e-08 0.00488573 
0.1027 0.303854 0.68083 0.708062 0.642473 0.944339 0.988282 0.983851 0.952243 1.0025 0.952243 1.0025 0.0420378 0.0963106 1.03262e-08 0.00487774 
0.1014 0.304029 0.68084 0.708048 0.642468 0.944405 0.988332 0.983927 0.952271 1.00248 0.952271 1.00248 0.0420623 0.0962876 1.0293e-08 0.00485441 
0.1001 0.304206 0.680849 0.708032 0.642462 0.944472 0.988383 0.984004 0.952299 1.00246 0.952299 1.00246 0.0420874 0.0962644 1.02604e-08 0.00483086 
0.0988 0.304406 0.680751 0.707918 0.642328 0.94452 0.988401 0.984032 0.952334 1.00245 0.952334 1.00245 0.0421352 0.0962826 1.03282e-08 0.0048223 
0.0975 0.30459 0.680762 0.707903 0.642323 0.94459 0.988453 0.984112 0.952363 1.00244 0.952363 1.00244 0.0421611 0.0962582 1.0294e-08 0.00479784 
0.0962 0.304777 0.680772 0.707887 0.642317 0.944659 0.988506 0.984193 0.952393 1.00242 0.952393 1.00242 0.0421876 0.0962336 1.02603e-08 0.00477315 
0.0949 0.304991 0.680668 0.707766 0.642174 0.944712 0.988526 0.984223 0.952431 1.00241 0.952431 1.00241 0.0422386 0.0962527 1.03325e-08 0.00476398 
0.0936 0.305185 0.68068 0.70775 0.642169 0.944784 0.988581 0.984307 0.952462 1.00239 0.952462 1.00239 0.0422659 0.0962268 1.02971e-08 0.00473831 
0.0923 0.305383 0.680691 0.707733 0.642163 0.944858 0.988636 0.984392 0.952493 1.00237 0.952493 1.00237 0.042294 0.0962007 1.02625e-08 0.00471238 
0.091 0.305612 0.68058 0.707604 0.642011 0.944914 0.988657 0.984424 0.952533 1.00236 0.952533 1.00236 0.0423484 0.0962208 1.03394e-08 0.00470253 
0.0897 0.305818 0.680592 0.707588 0.642006 0.944991 0.988714 0.984513 0.952566 1.00234 0.952566 1.00234 0.0423774 0.0961933 1.0303e-08 0.00467556 
0.0884 0.306028 0.680604 0.70757 0.642 0.945068 0.988772 0.984602 0.9526 1.00232 0.9526 1.00232 0.0424071 0.0961655 1.02673e-08 0.00464831 
0.0871 0.306273 0.680487 0.707432 0.641838 0.945128 0.988795 0.984637 0.952643 1.00231 0.952643 1.00231 0.0424654 0.0961866 1.03495e-08 0.0046377 
0.0858 0.306492 0.6805 0.707415 0.641833 0.945209 0.988855 0.98473 0.952678 1.00229 0.952678 1.00229 0.0424962 0.0961573 1.03121e-08 0.00460932 
0.0845 0.306715 0.680513 0.707396 0.641827 0.945291 0.988915 0.984824 0.952713 1.00227 0.952713 1.00227 0.0425277 0.0961276 1.02754e-08 0.00458063 
0.0832 0.306979 0.680387 0.707249 0.641654 0.945356 0.98894 0.984861 0.952759 1.00226 0.952759 1.00226 0.0425903 0.0961499 1.03635e-08 0.00456919 
0.0819 0.307212 0.680402 0.707231 0.641649 0.945442 0.989003 0.984959 0.952797 1.00223 0.952797 1.00223 0.042623 0.0961185 1.03249e-08 0.00453928 
0.0806 0.30745 0.680416 0.707211 0.641642 0.945529 0.989066 0.985058 0.952835 1.00221 0.952835 1.00221 0.0426566 0.0960869 1.02873e-08 0.00450903 
0.0793 0.307733 0.680282 0.707054 0.641457 0.945598 0.989092 0.985099 0.952884 1.0022 0.952884 1.0022 0.0427239 0.0961103 1.0382e-08 0.00449666 
0.078 0.307982 0.680298 0.707034 0.641452 0.945689 0.989159 0.985202 0.952924 1.00217 0.952924 1.00217 0.0427588 0.0960768 1.03425e-08 0.00446509 
0.0767 0.308266 0.680207 0.706916 0.641319 0.945768 0.989199 0.985265 0.952972 1.00216 0.952972 1.00216 0.0428184 0.0960823 1.03975e-08 0.0044459 
0.0754 0.308526 0.680224 0.706896 0.641313 0.945863 0.989267 0.985372 0.953014 1.00213 0.953014 1.00213 0.0428549 0.0960471 1.03572e-08 0.00441315 
0.0741 0.308825 0.68013 0.706771 0.641173 0.945946 0.989309 0.985438 0.953065 1.00211 0.953065 1.00211 0.0429175 0.0960526 1.04157e-08 0.00439306 
0.0728 0.309098 0.680147 0.70675 0.641168 0.946045 0.98938 0.98555 0.953108 1.00209 0.953108 1.00209 0.0429557 0.0960157 1.03748e-08 0.00435906 
0.0715 0.309413 0.680048 0.70662 0.641021 0.946133 0.989424 0.985619 0.953162 1.00207 0.953162 1.00207 0.0430217 0.0960213 1.0437e-08 0.00433802 
0.0702 0.309698 0.680067 0.706598 0.641016 0.946235 0.989497 0.985735 0.953207 1.00204 0.953207 1.00204 0.0430617 0.0959825 1.03955e-08 0.00430268 
0.0689 0.30999 0.680085 0.706574 0.641009 0.94634 0.989571 0.985852 0.953254 1.00201 0.953254 1.00201 0.0431029 0.0959431 1.03552e-08 0.00426686 
0.0676 0.310352 0.679919 0.706378 0.640779 0.946429 0.989604 0.985904 0.953317 1.002 0.953317 1.002 0.0431883 0.0959709 1.0476e-08 0.00425098 
0.0663 0.310659 0.679939 0.706354 0.640773 0.946538 0.989681 0.986027 0.953365 1.00196 0.953365 1.00196 0.0432314 0.0959288 1.04336e-08 0.00421347 
0.065 0.310974 0.679959 0.70633 0.640767 0.94665 0.98976 0.986152 0.953415 1.00193 0.953415 1.00193 0.0432757 0.0958861 1.03925e-08 0.00417541 
0.0637 0.311369 0.679779 0.706116 0.640517 0.946747 0.989795 0.986209 0.953485 1.00192 0.953485 1.00192 0.043369 0.0959158 1.05252e-08 0.0041581 
0.0624 0.311701 0.679802 0.706091 0.640512 0.946864 0.989877 0.98634 0.953537 1.00188 0.953537 1.00188 0.0434154 0.0958702 1.04821e-08 0.0041182 
0.0611 0.312041 0.679824 0.706065 0.640505 0.946984 0.989959 0.986473 0.953591 1.00185 0.953591 1.00185 0.0434633 0.0958236 1.04404e-08 0.00407768 
0.0598 0.312475 0.679628 0.705832 0.640233 0.94709 0.989998 0.986535 0.953667 1.00183 0.953667 1.00183 0.0435655 0.0958553 1.05868e-08 0.00405873 
0.0585 0.312834 0.679654 0.705806 0.640228 0.947216 0.990084 0.986675 0.953724 1.00179 0.953724 1.00179 0.0436158 0.0958056 1.05434e-08 0.00401621 
0.0572 0.313204 0.679679 0.705778 0.640222 0.947345 0.990171 0.986817 0.953782 1.00175 0.953782 1.00175 0.0436677 0.0957547 1.05015e-08 0.00397297 
0.0559 0.313682 0.679465 0.705523 0.639924 0.947462 0.990213 0.986885 0.953866 1.00174 0.953866 1.00174 0.0437802 0.0957885 1.0664e-08 0.00395211 
0.0546 0.31411 0.679407 0.705414 0.639815 0.947593 0.990288 0.987008 0.953936 1.0017 0.953936 1.0017 0.0438564 0.0957647 1.06939e-08 0.00391482 
0.0533 0.314551 0.679348 0.705301 0.639703 0.947728 0.990365 0.987134 0.954009 1.00167 0.954009 1.00167 0.043935 0.09574 1.07262e-08 0.00387659 
0.052 0.315007 0.679287 0.705185 0.639587 0.947866 0.990443 0.987262 0.954084 1.00163 0.954084 1.00163 0.0440162 0.0957144 1.07611e-08 0.0038374 
0.0507 0.315479 0.679224 0.705065 0.639468 0.948009 0.990523 0.987395 0.954162 1.00159 0.954162 1.00159 0.0441001 0.0956878 1.07987e-08 0.00379719 
0.0494 0.315966 0.679159 0.704941 0.639344 0.948156 0.990604 0.98753 0.954242 1.00156 0.954242 1.00156 0.0441869 0.0956602 1.08394e-08 0.00375593 
0.0481 0.31647 0.679092 0.704813 0.639217 0.948308 0.990688 0.98767 0.954325 1.00152 0.954325 1.00152 0.0442768 0.0956315 1.08834e-08 0.00371356 
0.0468 0.316944 0.679126 0.704779 0.639211 0.948467 0.99079 0.987841 0.9544 1.00147 0.9544 1.00147 0.0443433 0.0955657 1.0844e-08 0.00366138 
0.0455 0.317534 0.678952 0.704544 0.638949 0.948625 0.99086 0.98796 0.9545 1.00143 0.9545 1.00143 0.0444665 0.0955706 1.09826e-08 0.00362533 
0.0442 0.318041 0.678988 0.704507 0.638943 0.948794 0.990966 0.988141 0.95458 1.00138 0.95458 1.00138 0.0445376 0.0954998 1.09452e-08 0.00357048 
0.0429 0.318678 0.678802 0.704254 0.638662 0.948965 0.99104 0.988267 0.954688 1.00134 0.954688 1.00134 0.0446708 0.0955043 1.10995e-08 0.00353209 
0.0416 0.319223 0.678842 0.704216 0.638656 0.949144 0.991151 0.988457 0.954774 1.00128 0.954774 1.00128 0.0447471 0.0954278 1.10646e-08 0.00347431 
0.0403 0.319915 0.678641 0.703942 0.638353 0.949328 0.991229 0.988592 0.954891 1.00124 0.954891 1.00124 0.0448916 0.095432 1.12377e-08 0.00343336 
0.039 0.320571 0.678557 0.703777 0.638189 0.949519 0.991326 0.988762 0.954999 1.00119 0.954999 1.00119 0.0450089 0.0953933 1.13162e-08 0.00338176 
0.0377 0.321256 0.678469 0.703605 0.638019 0.949718 0.991426 0.988937 0.955112 1.00113 0.955112 1.00113 0.0451313 0.0953526 1.14021e-08 0.00332859 
0.0364 0.32197 0.678377 0.703426 0.637842 0.949924 0.991528 0.989118 0.955229 1.00108 0.955229 1.00108 0.0452591 0.09531 1.1496e-08 0.00327374 
0.0351 0.322717 0.678282 0.703239 0.637658 0.950138 0.991633 0.989305 0.955351 1.00102 0.955351 1.00102 0.0453927 0.0952651 1.1599e-08 0.00321714 
0.0338 0.323499 0.678183 0.703044 0.637466 0.950361 0.99174 0.989498 0.95548 1.00095 0.95548 1.00095 0.0455326 0.0952178 1.17122e-08 0.00315868 
0.0325 0.324318 0.67808 0.70284 0.637265 0.950593 0.991849 0.989697 0.955614 1.00089 0.955614 1.00089 0.0456793 0.0951679 1.18369e-08 0.00309827 
0.0312 0.325179 0.677973 0.702626 0.637054 0.950835 0.991961 0.989903 0.955755 1.00082 0.955755 1.00082 0.0458334 0.095115 1.19747e-08 0.00303579 
0.0299 0.326083 0.67786 0.702402 0.636834 0.951088 0.992076 0.990117 0.955903 1.00074 0.955903 1.00074 0.0459956 0.0950591 1.21275e-08 0.00297114 
0.0286 0.327036 0.677743 0.702166 0.636602 0.951353 0.992193 0.990338 0.956059 1.00066 0.956059 1.00066 0.0461665 0.0949997 1.22972e-08 0.00290415 
0.0273 0.328043 0.677619 0.701917 0.636359 0.95163 0.992313 0.990567 0.956224 1.00058 0.956224 1.00058 0.046347 0.0949364 1.24866e-08 0.00283469 
0.026 0.329108 0.67749 0.701655 0.636103 0.951921 0.992435 0.990805 0.956398 1.00049 0.956398 1.00049 0.0465382 0.0948689 1.26987e-08 0.00276259 
0.0247 0.330237 0.677354 0.701378 0.635832 0.952227 0.99256 0.991053 0.956582 1.0004 0.956582 1.0004 0.046741 0.0947966 1.29374e-08 0.00268769 
0.0234 0.331438 0.67721 0.701085 0.635546 0.952549 0.992687 0.991311 0.956778 1.0003 0.956778 1.0003 0.0469568 0.0947189 1.32072e-08 0.00260977 
0.0221 0.33272 0.677059 0.700773 0.635242 0.95289 0.992817 0.991579 0.956988 1.00019 0.956988 1.00019 0.0471871 0.0946352 1.35141e-08 0.00252863 
0.0208 0.334091 0.676899 0.70044 0.634919 0.953251 0.992948 0.991859 0.957211 1.00008 0.957211 1.00008 0.0474337 0.0945447 1.38654e-08 0.002444 
0.0195 0.335565 0.676728 0.700084 0.634574 0.953634 0.993082 0.992152 0.957451 0.999955 0.957451 0.999955 0.0476989 0.0944463 1.42703e-08 0.00235562 
0.0182 0.337154 0.676547 0.699701 0.634205 0.954042 0.993217 0.992458 0.95771 0.99982 0.95771 0.99982 0.047985 0.0943388 1.47409e-08 0.00226315 
0.0169 0.338877 0.676353 0.699289 0.633807 0.954479 0.993354 0.992779 0.95799 0.999674 0.95799 0.999674 0.0482954 0.0942207 1.52932e-08 0.00216625 
0.0156 0.340755 0.676145 0.698842 0.633378 0.954949 0.99349 0.993117 0.958295 0.999513 0.958295 0.999513 0.0486338 0.09409 1.59484e-08 0.00206447 
0.0143 0.342815 0.675922 0.698355 0.632912 0.955457 0.993625 0.993472 0.958629 0.999336 0.958629 0.999336 0.0490053 0.0939445 1.6736e-08 0.00195733 
0.013 0.345092 0.675679 0.69782 0.632402 0.956009 0.993757 0.993848 0.958998 0.999139 0.958998 0.999139 0.0494162 0.0937808 1.76981e-08 0.00184426 
0.0117 0.347633 0.675415 0.697228 0.63184 0.956614 0.993884 0.994245 0.959409 0.998917 0.959409 0.998917 0.0498748 0.0935948 1.88953e-08 0.00172455 
0.0104 0.350499 0.675125 0.696566 0.631215 0.957283 0.994003 0.994668 0.959871 0.998664 0.959871 0.998664 0.0503923 0.0933807 2.04205e-08 0.00159734 
0.0091 0.353778 0.674804 0.695818 0.630512 0.958031 0.994107 0.995119 0.960399 0.998372 0.960399 0.998372 0.0509845 0.09313 2.24218e-08 0.00146159 
0.0078 0.357596 0.674444 0.694957 0.62971 0.95888 0.994188 0.995604 0.961013 0.998029 0.961013 0.998029 0.0516743 0.0928304 2.51509e-08 0.00131594 
0.0065 0.36215 0.674036 0.693946 0.628777 0.959864 0.994232 0.996128 0.961742 0.997613 0.961742 0.997613 0.052497 0.0924621 2.90703e-08 0.00115858 
0.0052 0.367768 0.673564 0.692725 0.627662 0.961038 0.994212 0.9967 0.962638 0.997092 0.962638 0.997092 0.0535114 0.0919915 3.51303e-08 0.000987034 
0.0039 0.375061 0.673004 0.691181 0.626276 0.962502 0.994074 0.997332 0.963795 0.996402 0.963795 0.996402 0.0548265 0.0913536 4.56214e-08 0.000797606 
0.0026 0.385389 0.672315 0.689078 0.624434 0.964473 0.993692 0.998045 0.96542 0.995397 0.96542 0.995397 0.0566837 0.0903981 6.77183e-08 0.000584216 
0.0013 0.403026 0.671425 0.685724 0.62163 0.967615 0.992629 0.998879 0.968158 0.993607 0.968158 0.993607 0.0598329 0.0886262 1.39618e-07 0.000334707 
