0.005 0.0154214 4.64099 -10.8013 2.97372 -7.99019 0.000354694
0.01 0.0140942 9.29809 -9.1906 -13.1143 -40.8413 0.00156486
0.015 -0.000698202 13.9515 -8.90116 -37.5624 -52.3205 0.00448741
0.02 -0.0260441 18.5982 -9.09126 -53.3831 -13.6183 0.00638751
0.025 -0.0594057 23.2375 -9.50045 -65.9255 -33.3363 0.00790083
0.03 -0.0985493 27.8695 -10.0164 -74.4426 -9.96696 0.00893531
0.035 -0.141528 32.4946 -10.5816 -79.7664 -9.37153 0.00958803
0.04 -0.18665 37.1135 -11.1636 -82.236 2.75152 0.00989778
0.045 -0.232446 41.7266 -11.7432 -82.2423 10.4164 0.00991013
0.05 -0.277642 46.3346 -12.3084 -80.152 20.1284 0.00966821
0.055 -0.321155 50.9382 -12.8516 -76.1783 28.5621 0.00919718
0.06 -0.361983 55.5379 -13.3687 -70.575 37.9507 0.00852729
0.065 -0.399319 60.1343 -13.8565 -63.6072 47.1436 0.00769039
0.07 -0.432424 64.7281 -14.3135 -55.3784 55.7692 0.00669907
0.075 -0.460644 69.3196 -14.7389 -46.0339 64.5665 0.00557104
0.08 -0.483384 73.9094 -15.1325 -35.6671 73.0905 0.00431782
0.085 -0.500097 78.498 -15.4943 -24.3492 81.5585 0.00294834
0.09 -0.510271 83.0858 -15.8248 -12.1256 89.935 0.00146843
0.095 -0.513407 87.6732 -16.1245 0.979369 98.2629 0.000118607
0.1 -0.50902 92.2606 -16.3939 14.9599 106.584 0.00181164
0.105 -0.496621 96.8485 -16.6337 29.8254 114.963 0.00361138
0.11 -0.475713 101.437 -16.8446 45.5985 123.443 0.00552008
0.115 -0.445782 106.027 -17.0271 62.3119 132.088 0.00754119
0.12 -0.406296 110.618 -17.1818 80.0064 140.951 0.00967911
0.125 -0.356696 115.211 -17.3094 98.7289 150.094 0.0119389
0.13 -0.296397 119.807 -17.4103 118.53 159.57 0.014326
0.135 -0.224786 124.405 -17.4849 139.463 169.435 0.0168461
0.14 -0.141219 129.005 -17.5337 161.581 179.738 0.0195049
0.145 -0.0450219 133.609 -17.5571 184.938 190.527 0.022308
0.15 0.0645064 138.217 -17.5552 209.583 201.843 0.0252605
0.155 0.188096 142.828 -17.5285 235.565 213.722 0.0283671
0.16 0.326501 147.444 -17.477 262.927 226.196 0.031632
0.165 0.4805 152.064 -17.401 291.707 239.289 0.0350584
0.17 0.650888 156.689 -17.3006 321.936 253.019 0.038649
0.175 0.83848 161.319 -17.1758 353.642 267.398 0.0424054
0.18 1.0441 165.955 -17.0268 386.841 282.431 0.0463285
0.185 1.26858 170.597 -16.8536 421.545 298.116 0.0504179
0.19 1.51276 175.245 -16.6561 457.758 314.444 0.0546724
0.195 1.77748 179.9 -16.4345 495.474 331.4 0.0590896
0.2 2.06357 184.562 -16.1887 534.681 348.96 0.0636664
0.205 2.37184 189.232 -15.9186 575.356 367.101 0.0683982
0.21 2.70312 193.909 -15.6243 617.472 385.771 0.0732797
0.215 3.05818 198.594 -15.3056 660.99 404.979 0.0783046
0.22 3.4378 203.288 -14.9627 705.867 424.573 0.0834657
0.225 3.84272 207.991 -14.5953 752.052 444.566 0.0887549
0.23 4.27365 212.703 -14.2036 799.484 465.071 0.0941634
0.235 4.73126 217.425 -13.7875 848.101 485.736 0.0996815
0.24 5.21619 222.157 -13.3469 897.832 506.598 0.105299
0.245 5.72904 226.899 -12.8819 948.603 527.703 0.111006
0.25 6.27037 231.652 -12.3925 1000.34 548.865 0.116791
0.255 6.84069 236.416 -11.8786 1052.95 570.074 0.122642
0.26 7.44046 241.191 -11.3405 1106.35 591.24 0.128548
0.265 8.07009 245.979 -10.778 1160.46 612.301 0.134498
0.27 8.72997 250.778 -10.1913 1215.19 633.188 0.140479
0.275 9.4204 255.59 -9.58051 1270.44 653.836 0.146481
0.28 10.1417 260.415 -8.94568 1326.14 674.178 0.152492
0.285 10.894 265.253 -8.28697 1382.19 694.153 0.1585
0.29 11.6775 270.105 -7.60453 1438.51 713.701 0.164496
0.295 12.4923 274.97 -6.89851 1495.01 732.765 0.170468
0.3 13.3386 279.849 -6.1691 1551.61 751.292 0.176407
0.305 14.2163 284.743 -5.41651 1608.23 769.232 0.182303
0.31 15.1255 289.651 -4.64095 1664.8 786.539 0.188147
0.315 16.0661 294.575 -3.84266 1721.23 803.172 0.193932
0.32 17.038 299.513 -3.02188 1777.48 819.092 0.199649
0.325 18.041 304.467 -2.17888 1833.46 834.268 0.205292
0.33 19.0751 309.436 -1.31395 1889.13 848.668 0.210854
0.335 20.14 314.422 -0.427368 1944.42 862.269 0.216329
0.34 21.2355 319.423 0.480555 1999.28 875.049 0.221713
0.345 22.3613 324.441 1.4095 2053.67 886.992 0.226999
0.35 23.5172 329.476 2.35915 2107.54 898.084 0.232186
0.355 24.7029 334.527 3.32916 2160.86 908.316 0.237268
0.36 25.9181 339.595 4.3192 2213.59 917.681 0.242244
0.365 27.1624 344.68 5.3289 2265.69 926.178 0.247111
0.37 28.4354 349.782 6.35791 2317.15 933.805 0.251867
0.375 29.7368 354.902 7.40587 2367.94 940.568 0.256511
0.38 31.0663 360.04 8.47241 2418.03 946.47 0.261041
0.385 32.4234 365.195 9.55715 2467.42 951.521 0.265458
0.39 33.8077 370.367 10.6597 2516.09 955.73 0.26976
0.395 35.2189 375.558 11.7798 2564.02 959.111 0.273949
0.4 36.6565 380.767 12.9169 2611.22 961.676 0.278025
0.405 38.1201 385.994 14.0707 2657.67 963.442 0.281988
0.41 39.6094 391.239 15.2408 2703.37 964.425 0.28584
0.415 41.1237 396.502 16.4268 2748.32 964.643 0.289581
0.42 42.6629 401.784 17.6284 2792.52 964.116 0.293213
0.425 44.2264 407.084 18.8452 2835.98 962.863 0.296738
0.43 45.8139 412.403 20.0768 2878.69 960.904 0.300158
0.435 47.4248 417.74 21.3229 2920.66 958.26 0.303473
0.44 49.0589 423.097 22.583 2961.9 954.953 0.306687
0.445 50.7157 428.471 23.8568 3002.42 951.003 0.309802
0.45 52.3948 433.865 25.1439 3042.22 946.439 0.312818
0.455 54.0958 439.277 26.4441 3081.31 941.259 0.31574
0.46 55.8183 444.708 27.7568 3119.71 935.556 0.318568
0.465 57.562 450.158 29.0819 3157.42 929.144 0.321305
0.47 59.3265 455.627 30.4189 3194.45 922.594 0.323954
0.475 61.1113 461.115 31.7674 3230.82 914.772 0.326517
0.48 62.9161 466.621 33.1273 3266.55 906.501 0.328997
0.485 64.7407 472.147 34.4981 3301.63 899.426 0.331394
0.49 66.5845 477.691 35.8795 3336.08 890.418 0.333712
0.495 68.4473 483.254 37.2712 3369.92 880.726 0.335953
0.5 70.3287 488.836 38.6728 3403.16 871.415 0.338119
0.505 72.2285 494.438 40.0842 3435.81 861.297 0.340213
0.51 74.1462 500.058 41.5049 3467.88 850.972 0.342236
0.515 76.0816 505.696 42.9348 3499.4 840.229 0.344192
0.52 78.0343 511.354 44.3734 3530.36 829.169 0.346081
0.525 80.0041 517.031 45.8206 3560.78 817.78 0.347906
0.53 81.9906 522.726 47.276 3590.67 806.087 0.349669
0.535 83.9936 528.441 48.7393 3620.06 794.104 0.351372
0.54 86.0128 534.174 50.2104 3648.94 781.846 0.353017
0.545 88.0479 539.925 51.6889 3677.33 769.329 0.354606
0.55 90.0987 545.696 53.1747 3705.25 756.567 0.35614
0.555 92.1648 551.485 54.6673 3732.7 743.573 0.357622
0.56 94.246 557.293 56.1667 3759.7 730.361 0.359052
0.565 96.3422 563.12 57.6725 3786.25 716.944 0.360434
0.57 98.4529 568.965 59.1846 3812.37 703.333 0.361768
0.575 100.578 574.829 60.7027 3838.07 689.542 0.363055
0.58 102.717 580.711 62.2266 3863.36 675.582 0.364299
0.585 104.871 586.612 63.7561 3888.25 661.462 0.365499
0.59 107.038 592.532 65.2909 3912.75 647.195 0.366658
0.595 109.218 598.469 66.8309 3936.86 632.79 0.367776
0.6 111.412 604.426 68.3759 3960.61 618.257 0.368856
0.605 113.619 610.4 69.9256 3983.99 603.605 0.369898
0.61 115.838 616.393 71.48 4007.02 588.843 0.370904
0.615 118.071 622.404 73.0387 4029.71 573.98 0.371874
0.62 120.316 628.433 74.6016 4052.06 559.024 0.372811
0.625 122.573 634.48 76.1686 4074.09 543.983 0.373716
0.63 124.842 640.546 77.7394 4095.79 528.863 0.374588
0.635 127.124 646.629 79.314 4117.18 513.674 0.37543
0.64 129.417 652.731 80.892 4138.28 498.42 0.376243
0.645 131.722 658.85 82.4735 4159.07 483.11 0.377026
0.65 134.038 664.988 84.0582 4179.58 467.749 0.377783
0.655 136.366 671.143 85.646 4199.8 452.343 0.378512
0.66 138.705 677.316 87.2366 4219.75 436.898 0.379216
0.665 141.054 683.507 88.8301 4239.43 421.419 0.379895
0.67 143.415 689.716 90.4263 4258.85 405.912 0.38055
0.675 145.786 695.942 92.0249 4278.02 390.381 0.381182
0.68 148.168 702.186 93.6259 4296.93 374.832 0.381791
0.685 150.561 708.447 95.2292 4315.61 359.268 0.382378
0.69 152.963 714.726 96.8346 4334.04 343.695 0.382944
0.695 155.376 721.022 98.442 4352.25 328.116 0.38349
0.7 157.799 727.336 100.051 4370.23 312.535 0.384017
0.705 160.232 733.667 101.662 4387.99 296.956 0.384524
0.71 162.675 740.015 103.275 4405.53 281.382 0.385013
0.715 165.127 746.381 104.889 4422.86 265.818 0.385484
0.72 167.589 752.764 106.505 4439.99 250.265 0.385938
0.725 170.06 759.164 108.122 4456.91 234.727 0.386375
0.73 172.541 765.581 109.74 4473.64 219.207 0.386797
0.735 175.031 772.014 111.36 4490.18 203.708 0.387202
0.74 177.53 778.465 112.98 4506.53 188.232 0.387593
0.745 180.038 784.933 114.602 4522.7 172.781 0.387969
0.75 182.555 791.418 116.224 4538.69 157.359 0.388331
0.755 185.081 797.92 117.847 4554.5 141.967 0.388679
0.76 187.616 804.438 119.471 4570.14 126.608 0.389014
0.765 190.159 810.973 121.095 4585.61 111.282 0.389336
0.77 192.711 817.525 122.72 4600.92 95.9933 0.389646
0.775 195.271 824.093 124.346 4616.07 80.7424 0.389944
0.78 197.84 830.678 125.971 4631.06 65.5311 0.390231
0.785 200.417 837.279 127.597 4645.9 50.3612 0.390506
0.79 203.002 843.897 129.224 4660.59 35.2341 0.39077
0.795 205.595 850.531 130.85 4675.14 20.1511 0.391024
0.8 208.197 857.181 132.477 4689.53 5.11375 0.391267
0.805 210.806 863.848 134.103 4703.79 -9.87686 0.391501
0.81 213.423 870.531 135.73 4717.91 -24.8195 0.391725
0.815 216.048 877.23 137.356 4731.89 -39.7131 0.39194
0.82 218.681 883.945 138.982 4745.74 -54.5565 0.392146
0.825 221.321 890.677 140.608 4759.47 -69.3489 0.392343
0.83 223.969 897.424 142.234 4773.06 -84.0893 0.392532
0.835 226.624 904.188 143.859 4786.53 -98.7769 0.392712
0.84 229.287 910.967 145.484 4799.88 -113.411 0.392885
0.845 231.957 917.762 147.109 4813.11 -127.99 0.39305
0.85 234.635 924.573 148.733 4826.22 -142.515 0.393208
0.855 237.32 931.4 150.356 4839.22 -156.984 0.393358
0.86 240.012 938.242 151.979 4852.1 -171.396 0.393502
0.865 242.711 945.1 153.602 4864.87 -185.752 0.393638
0.87 245.417 951.974 155.223 4877.54 -200.05 0.393769
0.875 248.131 958.863 156.844 4890.1 -214.291 0.393893
0.88 250.851 965.768 158.464 4902.55 -228.473 0.39401
0.885 253.578 972.689 160.083 4914.9 -242.597 0.394122
0.89 256.312 979.624 161.702 4927.15 -256.662 0.394228
0.895 259.052 986.576 163.319 4939.3 -270.667 0.394328
0.9 261.8 993.542 164.936 4951.36 -284.613 0.394423
0.905 264.554 1000.52 166.551 4963.32 -298.5 0.394513
0.91 267.315 1007.52 168.166 4975.19 -312.323 0.394597
0.915 270.082 1014.53 169.779 4986.96 -326.099 0.394677
0.92 272.856 1021.56 171.392 4998.65 -339.772 0.394752
0.925 275.636 1028.6 173.003 5010.24 -353.519 0.394822
0.93 278.423 1035.66 174.613 5021.75 -366.798 0.394887
0.935 281.216 1042.73 176.222 5033.18 -381.171 0.394948
0.94 284.015 1049.82 177.83 5044.52 -392.561 0.395005
0.945 286.821 1056.92 179.436 5055.78 -409.496 0.395058
0.95 289.633 1064.04 181.042 5066.97 -425.666 0.395109
0.955 292.451 1071.17 182.645 5078.07 -429.842 0.395154
0.96 295.275 1078.32 184.248 5089.07 -445.273 0.395193
0.965 298.105 1085.48 185.849 5100.02 -461.678 0.395231
0.97 300.941 1092.66 187.449 5110.88 -473.857 0.395265
0.975 303.784 1099.85 189.048 5121.68 -484.11 0.395295
0.98 306.632 1107.05 190.645 5132.38 -507.616 0.395322
0.985 309.486 1114.27 192.241 5143.1 -491.036 0.395346
0.99 312.347 1121.51 193.835 5153.41 -573.023 0.395367
0.995 315.213 1128.76 195.427 5164.93 -485.269 0.395386
1 318.085 1136.02 197.019 5171.56 -273.387 0.395396
