#rho_b P freeEn mun mup mue M* V0 b0
1 318.085 197.019 1.54857 1.54857 0.155112 0.155112 0.0847345 0.0774968 0 1.54857 0 
0.995 315.213 195.427 1.5455 1.5455 0.155655 0.155655 0.0846801 0.0773128 0 1.5455 0 
0.99 312.347 193.835 1.54242 1.54242 0.156203 0.156203 0.0846251 0.0771281 0 1.54242 0 
0.985 309.486 192.241 1.53934 1.53934 0.156756 0.156756 0.0845696 0.0769427 0 1.53934 0 
0.98 306.632 190.645 1.53625 1.53625 0.157315 0.157315 0.0845136 0.0767566 0 1.53625 0 
0.975 303.784 189.048 1.53314 1.53314 0.157879 0.157879 0.084457 0.0765699 0 1.53314 0 
0.97 300.941 187.449 1.53003 1.53003 0.158449 0.158449 0.0843999 0.0763823 0 1.53003 0 
0.965 298.105 185.849 1.52691 1.52691 0.159024 0.159024 0.0843422 0.0761941 0 1.52691 0 
0.96 295.275 184.248 1.52378 1.52378 0.159605 0.159605 0.084284 0.0760051 0 1.52378 0 
0.955 292.451 182.645 1.52064 1.52064 0.160191 0.160191 0.0842251 0.0758154 0 1.52064 0 
0.95 289.633 181.042 1.51748 1.51748 0.160784 0.160784 0.0841657 0.075625 0 1.51748 0 
0.945 286.821 179.436 1.51432 1.51432 0.161382 0.161382 0.0841057 0.0754338 0 1.51432 0 
0.94 284.015 177.83 1.51115 1.51115 0.161986 0.161986 0.0840451 0.0752418 0 1.51115 0 
0.935 281.216 176.222 1.50797 1.50797 0.162597 0.162597 0.0839839 0.0750491 0 1.50797 0 
0.93 278.423 174.613 1.50478 1.50478 0.163213 0.163213 0.083922 0.0748556 0 1.50478 0 
0.925 275.636 173.003 1.50158 1.50158 0.163836 0.163836 0.0838596 0.0746613 0 1.50158 0 
0.92 272.856 171.392 1.49837 1.49837 0.164466 0.164466 0.0837964 0.0744662 0 1.49837 0 
0.915 270.082 169.779 1.49516 1.49516 0.165102 0.165102 0.0837326 0.0742704 0 1.49516 0 
0.91 267.315 168.166 1.49193 1.49193 0.165744 0.165744 0.0836682 0.0740737 0 1.49193 0 
0.905 264.554 166.551 1.48869 1.48869 0.166394 0.166394 0.0836031 0.0738762 0 1.48869 0 
0.9 261.8 164.936 1.48544 1.48544 0.16705 0.16705 0.0835372 0.0736779 0 1.48544 0 
0.895 259.052 163.319 1.48218 1.48218 0.167713 0.167713 0.0834707 0.0734788 0 1.48218 0 
0.89 256.312 161.702 1.47891 1.47891 0.168384 0.168384 0.0834035 0.0732788 0 1.47891 0 
0.885 253.578 160.083 1.47562 1.47562 0.169062 0.169062 0.0833355 0.073078 0 1.47562 0 
0.88 250.851 158.464 1.47233 1.47233 0.169747 0.169747 0.0832668 0.0728763 0 1.47233 0 
0.875 248.131 156.844 1.46903 1.46903 0.170439 0.170439 0.0831973 0.0726738 0 1.46903 0 
0.87 245.417 155.223 1.46572 1.46572 0.171139 0.171139 0.0831271 0.0724704 0 1.46572 0 
0.865 242.711 153.602 1.4624 1.4624 0.171847 0.171847 0.0830561 0.0722662 0 1.4624 0 
0.86 240.012 151.979 1.45907 1.45907 0.172563 0.172563 0.0829843 0.072061 0 1.45907 0 
0.855 237.32 150.356 1.45572 1.45572 0.173287 0.173287 0.0829117 0.071855 0 1.45572 0 
0.85 234.635 148.733 1.45237 1.45237 0.17402 0.17402 0.0828383 0.071648 0 1.45237 0 
0.845 231.957 147.109 1.449 1.449 0.17476 0.17476 0.082764 0.0714401 0 1.449 0 
0.84 229.287 145.484 1.44563 1.44563 0.175509 0.175509 0.0826889 0.0712313 0 1.44563 0 
0.835 226.624 143.859 1.44224 1.44224 0.176267 0.176267 0.0826129 0.0710216 0 1.44224 0 
0.83 223.969 142.234 1.43885 1.43885 0.177034 0.177034 0.082536 0.0708109 0 1.43885 0 
0.825 221.321 140.608 1.43544 1.43544 0.177809 0.177809 0.0824582 0.0705993 0 1.43544 0 
0.82 218.681 138.982 1.43202 1.43202 0.178594 0.178594 0.0823795 0.0703867 0 1.43202 0 
0.815 216.048 137.356 1.42859 1.42859 0.179388 0.179388 0.0822998 0.0701731 0 1.42859 0 
0.81 213.423 135.73 1.42515 1.42515 0.180192 0.180192 0.0822192 0.0699586 0 1.42515 0 
0.805 210.806 134.103 1.4217 1.4217 0.181005 0.181005 0.0821377 0.069743 0 1.4217 0 
0.8 208.197 132.477 1.41823 1.41823 0.181829 0.181829 0.0820551 0.0695265 0 1.41823 0 
0.795 205.595 130.85 1.41476 1.41476 0.182662 0.182662 0.0819715 0.0693089 0 1.41476 0 
0.79 203.002 129.224 1.41128 1.41128 0.183506 0.183506 0.0818869 0.0690903 0 1.41128 0 
0.785 200.417 127.597 1.40778 1.40778 0.18436 0.18436 0.0818012 0.0688707 0 1.40778 0 
0.78 197.84 125.971 1.40427 1.40427 0.185225 0.185225 0.0817145 0.06865 0 1.40427 0 
0.775 195.271 124.346 1.40075 1.40075 0.186101 0.186101 0.0816266 0.0684282 0 1.40075 0 
0.77 192.711 122.72 1.39722 1.39722 0.186988 0.186988 0.0815377 0.0682054 0 1.39722 0 
0.765 190.159 121.095 1.39368 1.39368 0.187886 0.187886 0.0814476 0.0679815 0 1.39368 0 
0.76 187.616 119.471 1.39013 1.39013 0.188796 0.188796 0.0813563 0.0677565 0 1.39013 0 
0.755 185.081 117.847 1.38657 1.38657 0.189718 0.189718 0.0812639 0.0675303 0 1.38657 0 
0.75 182.555 116.224 1.38299 1.38299 0.190652 0.190652 0.0811702 0.0673031 0 1.38299 0 
0.745 180.038 114.602 1.37941 1.37941 0.191598 0.191598 0.0810753 0.0670747 0 1.37941 0 
0.74 177.53 112.98 1.37581 1.37581 0.192557 0.192557 0.0809791 0.0668451 0 1.37581 0 
0.735 175.031 111.36 1.3722 1.3722 0.193529 0.193529 0.0808817 0.0666144 0 1.3722 0 
0.73 172.541 109.74 1.36858 1.36858 0.194514 0.194514 0.0807829 0.0663825 0 1.36858 0 
0.725 170.06 108.122 1.36495 1.36495 0.195512 0.195512 0.0806827 0.0661494 0 1.36495 0 
0.72 167.589 106.505 1.36131 1.36131 0.196525 0.196525 0.0805812 0.0659151 0 1.36131 0 
0.715 165.127 104.889 1.35765 1.35765 0.197551 0.197551 0.0804783 0.0656796 0 1.35765 0 
0.71 162.675 103.275 1.35399 1.35399 0.198591 0.198591 0.0803739 0.0654429 0 1.35399 0 
0.705 160.232 101.662 1.35031 1.35031 0.199647 0.199647 0.0802681 0.0652048 0 1.35031 0 
0.7 157.799 100.051 1.34662 1.34662 0.200717 0.200717 0.0801608 0.0649656 0 1.34662 0 
0.695 155.376 98.442 1.34292 1.34292 0.201803 0.201803 0.0800519 0.064725 0 1.34292 0 
0.69 152.963 96.8346 1.33921 1.33921 0.202904 0.202904 0.0799415 0.0644831 0 1.33921 0 
0.685 150.561 95.2292 1.33549 1.33549 0.204021 0.204021 0.0798294 0.06424 0 1.33549 0 
0.68 148.168 93.6259 1.33176 1.33176 0.205155 0.205155 0.0797157 0.0639955 0 1.33176 0 
0.675 145.786 92.0249 1.32801 1.32801 0.206305 0.206305 0.0796003 0.0637496 0 1.32801 0 
0.67 143.415 90.4263 1.32426 1.32426 0.207473 0.207473 0.0794832 0.0635024 0 1.32426 0 
0.665 141.054 88.8301 1.32049 1.32049 0.208658 0.208658 0.0793644 0.0632538 0 1.32049 0 
0.66 138.705 87.2366 1.31671 1.31671 0.209861 0.209861 0.0792437 0.0630038 0 1.31671 0 
0.655 136.366 85.646 1.31293 1.31293 0.211083 0.211083 0.0791212 0.0627523 0 1.31293 0 
0.65 134.038 84.0582 1.30913 1.30913 0.212323 0.212323 0.0789967 0.0624994 0 1.30913 0 
0.645 131.722 82.4735 1.30532 1.30532 0.213583 0.213583 0.0788704 0.0622451 0 1.30532 0 
0.64 129.417 80.892 1.3015 1.3015 0.214863 0.214863 0.0787421 0.0619893 0 1.3015 0 
0.635 127.124 79.314 1.29767 1.29767 0.216163 0.216163 0.0786117 0.061732 0 1.29767 0 
0.63 124.842 77.7394 1.29383 1.29383 0.217483 0.217483 0.0784793 0.0614732 0 1.29383 0 
0.625 122.573 76.1686 1.28997 1.28997 0.218825 0.218825 0.0783447 0.0612128 0 1.28997 0 
0.62 120.316 74.6016 1.28611 1.28611 0.220189 0.220189 0.0782079 0.0609509 0 1.28611 0 
0.615 118.071 73.0387 1.28224 1.28224 0.221575 0.221575 0.0780689 0.0606874 0 1.28224 0 
0.61 115.838 71.48 1.27836 1.27836 0.222984 0.222984 0.0779276 0.0604223 0 1.27836 0 
0.605 113.619 69.9256 1.27447 1.27447 0.224417 0.224417 0.0777839 0.0601555 0 1.27447 0 
0.6 111.412 68.3759 1.27057 1.27057 0.225873 0.225873 0.0776378 0.0598871 0 1.27057 0 
0.595 109.218 66.8309 1.26666 1.26666 0.227354 0.227354 0.0774893 0.0596171 0 1.26666 0 
0.59 107.038 65.2909 1.26274 1.26274 0.228861 0.228861 0.0773382 0.0593453 0 1.26274 0 
0.585 104.871 63.7561 1.25881 1.25881 0.230394 0.230394 0.0771844 0.0590718 0 1.25881 0 
0.58 102.717 62.2266 1.25487 1.25487 0.231953 0.231953 0.077028 0.0587966 0 1.25487 0 
0.575 100.578 60.7027 1.25093 1.25093 0.23354 0.23354 0.0768689 0.0585196 0 1.25093 0 
0.57 98.4529 59.1846 1.24697 1.24697 0.235155 0.235155 0.0767069 0.0582409 0 1.24697 0 
0.565 96.3422 57.6725 1.24301 1.24301 0.236799 0.236799 0.076542 0.0579602 0 1.24301 0 
0.56 94.246 56.1667 1.23904 1.23904 0.238473 0.238473 0.0763742 0.0576778 0 1.23904 0 
0.555 92.1648 54.6673 1.23507 1.23507 0.240177 0.240177 0.0762033 0.0573934 0 1.23507 0 
0.55 90.0987 53.1747 1.23109 1.23109 0.241912 0.241912 0.0760292 0.0571072 0 1.23109 0 
0.545 88.0479 51.6889 1.2271 1.2271 0.24368 0.24368 0.075852 0.056819 0 1.2271 0 
0.54 86.0128 50.2104 1.2231 1.2231 0.245481 0.245481 0.0756714 0.0565289 0 1.2231 0 
0.535 83.9936 48.7393 1.2191 1.2191 0.247315 0.247315 0.0754874 0.0562367 0 1.2191 0 
0.53 81.9906 47.276 1.2151 1.2151 0.249185 0.249185 0.0752999 0.0559425 0 1.2151 0 
0.525 80.0041 45.8206 1.21109 1.21109 0.25109 0.25109 0.0751088 0.0556463 0 1.21109 0 
0.52 78.0343 44.3734 1.20707 1.20707 0.253033 0.253033 0.074914 0.055348 0 1.20707 0 
0.515 76.0816 42.9348 1.20305 1.20305 0.255013 0.255013 0.0747154 0.0550475 0 1.20305 0 
0.51 74.1462 41.5049 1.19903 1.19903 0.257032 0.257032 0.0745128 0.0547449 0 1.19903 0 
0.505 72.2285 40.0842 1.19501 1.19501 0.259092 0.259092 0.0743063 0.0544401 0 1.19501 0 
0.5 70.3287 38.6728 1.19098 1.19098 0.261193 0.261193 0.0740956 0.0541331 0 1.19098 0 
0.495 68.4473 37.2712 1.18695 1.18695 0.263336 0.263336 0.0738807 0.0538238 0 1.18695 0 
0.49 66.5845 35.8795 1.18292 1.18292 0.265523 0.265523 0.0736613 0.0535122 0 1.18292 0 
0.485 64.7407 34.4981 1.1789 1.1789 0.267755 0.267755 0.0734375 0.0531982 0 1.1789 0 
0.48 62.9161 33.1273 1.17487 1.17487 0.270033 0.270033 0.073209 0.0528819 0 1.17487 0 
0.475 61.1113 31.7674 1.17084 1.17084 0.272359 0.272359 0.0729757 0.0525632 0 1.17084 0 
0.47 59.3265 30.4189 1.16682 1.16682 0.274734 0.274734 0.0727376 0.0522419 0 1.16682 0 
0.465 57.562 29.0819 1.1628 1.1628 0.277159 0.277159 0.0724943 0.0519182 0 1.1628 0 
0.46 55.8183 27.7568 1.15879 1.15879 0.279636 0.279636 0.0722459 0.0515919 0 1.15879 0 
0.455 54.0958 26.4441 1.15478 1.15478 0.282167 0.282167 0.0719921 0.0512631 0 1.15478 0 
0.45 52.3948 25.1439 1.15077 1.15077 0.284752 0.284752 0.0717328 0.0509316 0 1.15077 0 
0.445 50.7157 23.8568 1.14678 1.14678 0.287395 0.287395 0.0714678 0.0505974 0 1.14678 0 
0.44 49.0589 22.583 1.14279 1.14279 0.290095 0.290095 0.071197 0.0502604 0 1.14279 0 
0.435 47.4248 21.3229 1.13881 1.13881 0.292856 0.292856 0.0709201 0.0499207 0 1.13881 0 
0.43 45.8139 20.0768 1.13485 1.13485 0.295678 0.295678 0.0706371 0.0495782 0 1.13485 0 
0.425 44.2264 18.8452 1.13089 1.13089 0.298564 0.298564 0.0703476 0.0492327 0 1.13089 0 
0.42 42.6629 17.6284 1.12695 1.12695 0.301515 0.301515 0.0700516 0.0488843 0 1.12695 0 
0.415 41.1237 16.4268 1.12302 1.12302 0.304534 0.304534 0.0697489 0.048533 0 1.12302 0 
0.41 39.6094 15.2408 1.11911 1.11911 0.307621 0.307621 0.0694392 0.0481785 0 1.11911 0 
0.405 38.1201 14.0707 1.11522 1.11522 0.310781 0.310781 0.0691224 0.047821 0 1.11522 0 
0.4 36.6565 12.9169 1.11135 1.11135 0.314013 0.314013 0.0687982 0.0474603 0 1.11135 0 
0.395 35.2189 11.7798 1.1075 1.1075 0.317321 0.317321 0.0684665 0.0470963 0 1.1075 0 
0.39 33.8077 10.6597 1.10367 1.10367 0.320706 0.320706 0.0681269 0.0467291 0 1.10367 0 
0.385 32.4234 9.55715 1.09987 1.09987 0.324171 0.324171 0.0677794 0.0463585 0 1.09987 0 
0.38 31.0663 8.47241 1.09609 1.09609 0.327719 0.327719 0.0674237 0.0459845 0 1.09609 0 
0.375 29.7368 7.40587 1.09234 1.09234 0.33135 0.33135 0.0670595 0.045607 0 1.09234 0 
0.37 28.4354 6.35791 1.08862 1.08862 0.335068 0.335068 0.0666866 0.0452259 0 1.08862 0 
0.365 27.1624 5.3289 1.08493 1.08493 0.338875 0.338875 0.0663048 0.0448412 0 1.08493 0 
0.36 25.9181 4.3192 1.08127 1.08127 0.342773 0.342773 0.0659139 0.0444528 0 1.08127 0 
0.355 24.7029 3.32916 1.07765 1.07765 0.346765 0.346765 0.0655135 0.0440606 0 1.07765 0 
0.35 23.5172 2.35915 1.07407 1.07407 0.350852 0.350852 0.0651036 0.0436646 0 1.07407 0 
0.345 22.3613 1.4095 1.07053 1.07053 0.355039 0.355039 0.0646837 0.0432646 0 1.07053 0 
0.34 21.2355 0.480555 1.06703 1.06703 0.359326 0.359326 0.0642537 0.0428606 0 1.06703 0 
0.335 20.14 -0.427368 1.06357 1.06357 0.363717 0.363717 0.0638134 0.0424525 0 1.06357 0 
0.33 19.0751 -1.31395 1.06016 1.06016 0.368214 0.368214 0.0633624 0.0420402 0 1.06016 0 
0.325 18.041 -2.17888 1.0568 1.0568 0.372819 0.372819 0.0629005 0.0416236 0 1.0568 0 
0.32 17.038 -3.02188 1.05348 1.05348 0.377535 0.377535 0.0624275 0.0412026 0 1.05348 0 
0.315 16.0661 -3.84266 1.05022 1.05022 0.382365 0.382365 0.0619431 0.0407772 0 1.05022 0 
0.31 15.1255 -4.64095 1.04702 1.04702 0.38731 0.38731 0.0614472 0.0403472 0 1.04702 0 
0.305 14.2163 -5.41651 1.04387 1.04387 0.392374 0.392374 0.0609393 0.0399125 0 1.04387 0 
0.3 13.3386 -6.1691 1.04078 1.04078 0.397559 0.397559 0.0604194 0.0394731 0 1.04078 0 
0.295 12.4923 -6.89851 1.03775 1.03775 0.402866 0.402866 0.0598871 0.0390288 0 1.03775 0 
0.29 11.6775 -7.60453 1.03478 1.03478 0.408299 0.408299 0.0593422 0.0385795 0 1.03478 0 
0.285 10.894 -8.28697 1.03188 1.03188 0.413859 0.413859 0.0587845 0.0381252 0 1.03188 0 
0.28 10.1417 -8.94568 1.02905 1.02905 0.41955 0.41955 0.0582138 0.0376656 0 1.02905 0 
0.275 9.4204 -9.58051 1.02628 1.02628 0.425372 0.425372 0.0576299 0.0372007 0 1.02628 0 
0.27 8.72997 -10.1913 1.02358 1.02358 0.431329 0.431329 0.0570325 0.0367303 0 1.02358 0 
0.265 8.07009 -10.778 1.02095 1.02095 0.437421 0.437421 0.0564215 0.0362544 0 1.02095 0 
0.26 7.44046 -11.3405 1.0184 1.0184 0.443652 0.443652 0.0557966 0.0357728 0 1.0184 0 
0.255 6.84069 -11.8786 1.01592 1.01592 0.450023 0.450023 0.0551577 0.0352854 0 1.01592 0 
0.25 6.27037 -12.3925 1.01351 1.01351 0.456535 0.456535 0.0545046 0.034792 0 1.01351 0 
0.245 5.72904 -12.8819 1.01118 1.01118 0.463191 0.463191 0.0538371 0.0342925 0 1.01118 0 
0.24 5.21619 -13.3469 1.00893 1.00893 0.469992 0.469992 0.053155 0.0337868 0 1.00893 0 
0.235 4.73126 -13.7875 1.00676 1.00676 0.476939 0.476939 0.0524582 0.0332748 0 1.00676 0 
0.23 4.27365 -14.2036 1.00466 1.00466 0.484035 0.484035 0.0517466 0.0327562 0 1.00466 0 
0.225 3.84272 -14.5953 1.00264 1.00264 0.49128 0.49128 0.05102 0.0322309 0 1.00264 0 
0.22 3.4378 -14.9627 1.00071 1.00071 0.498676 0.498676 0.0502783 0.0316989 0 1.00071 0 
0.215 3.05818 -15.3056 0.998848 0.998848 0.506223 0.506223 0.0495213 0.0311598 0 0.998848 0 
0.21 2.70312 -15.6243 0.997069 0.997069 0.513925 0.513925 0.0487489 0.0306137 0 0.997069 0 
0.205 2.37184 -15.9186 0.995369 0.995369 0.52178 0.52178 0.0479611 0.0300603 0 0.995369 0 
0.2 2.06357 -16.1887 0.993748 0.993748 0.529791 0.529791 0.0471577 0.0294994 0 0.993748 0 
0.195 1.77748 -16.4345 0.992205 0.992205 0.537958 0.537958 0.0463385 0.0289309 0 0.992205 0 
0.19 1.51276 -16.6561 0.990741 0.990741 0.546283 0.546283 0.0455036 0.0283547 0 0.990741 0 
0.185 1.26858 -16.8536 0.989354 0.989354 0.554767 0.554767 0.0446528 0.0277706 0 0.989354 0 
0.18 1.0441 -17.0268 0.988044 0.988044 0.56341 0.56341 0.043786 0.0271783 0 0.988044 0 
0.175 0.83848 -17.1758 0.986811 0.986811 0.572214 0.572214 0.042903 0.0265778 0 0.986811 0 
0.17 0.650888 -17.3006 0.985653 0.985653 0.581179 0.581179 0.0420039 0.025969 0 0.985653 0 
0.165 0.4805 -17.401 0.98457 0.98457 0.590307 0.590307 0.0410885 0.0253515 0 0.98457 0 
0.16 0.326501 -17.477 0.983561 0.983561 0.599599 0.599599 0.0401566 0.0247253 0 0.983561 0 
0.155 0.188096 -17.5285 0.982625 0.982625 0.609055 0.609055 0.0392082 0.0240903 0 0.982625 0 
0.15 0.0645064 -17.5552 0.981762 0.981762 0.618678 0.618678 0.0382431 0.0234462 0 0.981762 0 
0.145 -0.0450219 -17.5571 0.980972 0.980972 0.628469 0.628469 0.0372612 0.022793 0 0.980972 0 
0.14 -0.141219 -17.5337 0.980253 0.980253 0.638429 0.638429 0.0362623 0.0221305 0 0.980253 0 
0.135 -0.224786 -17.4849 0.979606 0.979606 0.648559 0.648559 0.0352463 0.0214586 0 0.979606 0 
0.13 -0.296397 -17.4103 0.979031 0.979031 0.658862 0.658862 0.034213 0.0207772 0 0.979031 0 
0.125 -0.356696 -17.3094 0.978527 0.978527 0.669339 0.669339 0.0331622 0.0200861 0 0.978527 0 
0.12 -0.406296 -17.1818 0.978096 0.978096 0.679993 0.679993 0.0320938 0.0193854 0 0.978096 0 
0.115 -0.445782 -17.0271 0.977739 0.977739 0.690826 0.690826 0.0310073 0.018675 0 0.977739 0 
0.11 -0.475713 -16.8446 0.977456 0.977456 0.70184 0.70184 0.0299027 0.0179547 0 0.977456 0 
0.105 -0.496621 -16.6337 0.977249 0.977249 0.713038 0.713038 0.0287796 0.0172247 0 0.977249 0 
0.1 -0.50902 -16.3939 0.97712 0.97712 0.724424 0.724424 0.0276377 0.0164849 0 0.97712 0 
0.095 -0.513407 -16.1245 0.977073 0.977073 0.736 0.736 0.0264767 0.0157354 0 0.977073 0 
0.09 -0.510271 -15.8248 0.977109 0.977109 0.747771 0.747771 0.0252963 0.0149762 0 0.977109 0 
0.085 -0.500097 -15.4943 0.977233 0.977233 0.75974 0.75974 0.0240959 0.0142074 0 0.977233 0 
0.08 -0.483384 -15.1325 0.97745 0.97745 0.771912 0.771912 0.0228752 0.0134292 0 0.97745 0 
0.075 -0.460644 -14.7389 0.977763 0.977763 0.784291 0.784291 0.0216336 0.0126419 0 0.977763 0 
0.07 -0.432424 -14.3135 0.978178 0.978178 0.796883 0.796883 0.0203708 0.0118455 0 0.978178 0 
0.065 -0.399319 -13.8565 0.978701 0.978701 0.809694 0.809694 0.0190859 0.0110404 0 0.978701 0 
0.06 -0.361983 -13.3687 0.979338 0.979338 0.82273 0.82273 0.0177786 0.010227 0 0.979338 0 
0.055 -0.321155 -12.8516 0.980095 0.980095 0.835997 0.835997 0.016448 0.00940559 0 0.980095 0 
0.05 -0.277642 -12.3084 0.980978 0.980978 0.849504 0.849504 0.0150933 0.00857661 0 0.980978 0 
0.045 -0.232446 -11.7432 0.981993 0.981993 0.863259 0.863259 0.0137139 0.00774055 0 0.981993 0 
0.04 -0.18665 -11.1636 0.983142 0.983142 0.877269 0.877269 0.0123088 0.00689794 0 0.983142 0 
0.035 -0.141528 -10.5816 0.984425 0.984425 0.891547 0.891547 0.0108769 0.00604936 0 0.984425 0 
0.03 -0.0985493 -10.0164 0.985835 0.985835 0.906101 0.906101 0.00941723 0.00519545 0 0.985835 0 
0.025 -0.0594057 -9.50045 0.987352 0.987352 0.920944 0.920944 0.0079286 0.00433687 0 0.987352 0 
0.02 -0.0260441 -9.09126 0.988931 0.988931 0.936089 0.936089 0.00640968 0.00347434 0 0.988931 0 
0.015 -0.000698202 -8.90116 0.990471 0.990471 0.95155 0.95155 0.00485904 0.0026086 0 0.990471 0 
0.01 0.0140942 -9.1906 0.991713 0.991713 0.967344 0.967344 0.00327509 0.00174043 0 0.991713 0 
0.005 0.0154214 -10.8013 0.991782 0.991782 0.983487 0.983487 0.00165606 0.000870625 0 0.991782 0 
