0.005 -0.00420357 4.69409 -0.18115 -24.7693 -0.58759 0.002936
0.01 -0.020319 9.37869 -1.13131 -37.485 -2.66457 0.00444978
0.015 -0.047177 14.0525 -2.1692 -57.3474 -1.54224 0.00682481
0.02 -0.0828872 18.7157 -3.2137 -70.9936 4.77658 0.00846685
0.025 -0.125603 23.3691 -4.2352 -82.1811 7.48486 0.0098213
0.03 -0.173618 28.0134 -5.2204 -90.2299 14.3558 0.0108035
0.035 -0.225373 32.6493 -6.16286 -95.6557 20.0646 0.0114728
0.04 -0.279448 37.2776 -7.05954 -98.6263 27.207 0.0118476
0.045 -0.334545 41.8991 -7.90921 -99.3678 34.4199 0.0119534
0.05 -0.389476 46.5144 -8.71167 -98.0562 42.1683 0.0118105
0.055 -0.443145 51.1243 -9.46731 -94.8495 50.1762 0.0114369
0.06 -0.494539 55.7294 -10.1769 -89.8832 58.4805 0.0108486
0.065 -0.542711 60.3303 -10.8414 -83.2743 67.0149 0.0100594
0.07 -0.58678 64.9277 -11.4618 -75.1239 75.7629 0.00908127
0.075 -0.625913 69.5221 -12.0393 -65.5188 84.7005 0.00792482
0.08 -0.659323 74.114 -12.5749 -54.5333 93.8147 0.00659917
0.085 -0.686262 78.7041 -13.0698 -42.2308 103.095 0.00511225
0.09 -0.706012 83.2927 -13.5251 -28.665 112.538 0.00347089
0.095 -0.717886 87.8805 -13.9418 -13.8807 122.14 0.00168098
0.1 -0.721217 92.4679 -14.3209 2.08495 131.904 0.0002525
0.105 -0.715356 97.0554 -14.6633 19.2022 141.835 0.00232536
0.11 -0.699672 101.643 -14.97 37.4476 151.939 0.00453415
0.115 -0.673542 106.232 -15.2418 56.804 162.228 0.00687607
0.12 -0.636353 110.822 -15.4796 77.2594 172.712 0.00934896
0.125 -0.587496 115.415 -15.684 98.8073 183.407 0.0119512
0.13 -0.526365 120.009 -15.8558 121.446 194.327 0.0146818
0.135 -0.452354 124.606 -15.9956 145.178 205.492 0.0175402
0.14 -0.364852 129.205 -16.1042 170.011 216.92 0.0205262
0.145 -0.263247 133.809 -16.182 195.955 228.634 0.0236403
0.15 -0.146916 138.416 -16.2296 223.026 240.656 0.0268832
0.155 -0.0152278 143.027 -16.2474 251.243 253.011 0.030256
0.16 0.132459 147.642 -16.2361 280.627 265.725 0.0337604
0.165 0.296801 152.263 -16.1958 311.204 278.826 0.037398
0.17 0.478468 156.888 -16.1272 343.003 292.342 0.041171
0.175 0.678148 161.52 -16.0304 376.056 306.304 0.045082
0.18 0.896547 166.157 -15.9058 410.396 320.742 0.0491335
0.185 1.13439 170.801 -15.7538 446.061 335.688 0.0533285
0.19 1.39242 175.451 -15.5744 483.09 351.176 0.0576701
0.195 1.67142 180.108 -15.3681 521.525 367.24 0.0621615
0.2 1.97216 184.773 -15.135 561.408 383.913 0.0668062
0.205 2.29548 189.446 -14.8751 602.785 401.231 0.0716075
0.21 2.64221 194.126 -14.5888 645.702 419.227 0.0765691
0.215 3.01322 198.816 -14.276 690.206 437.937 0.0816943
0.22 3.40941 203.514 -13.9369 736.346 457.394 0.0869866
0.225 3.83169 208.221 -13.5716 784.167 477.632 0.0924494
0.23 4.28103 212.939 -13.1801 833.72 498.683 0.0980859
0.235 4.75838 217.666 -12.7624 885.05 520.578 0.103899
0.24 5.26475 222.404 -12.3184 938.203 543.346 0.109891
0.245 5.80117 227.152 -11.8483 993.224 567.015 0.116065
0.25 6.36869 231.912 -11.352 1050.15 591.608 0.122423
0.255 6.96837 236.684 -10.8293 1109.03 617.147 0.128965
0.26 7.60131 241.467 -10.2803 1169.89 643.649 0.135693
0.265 8.26863 246.263 -9.70483 1232.77 671.13 0.142608
0.27 8.97144 251.072 -9.10281 1297.69 699.598 0.149709
0.275 9.71089 255.895 -8.47414 1364.68 729.058 0.156994
0.28 10.4881 260.731 -7.81868 1433.75 759.511 0.164463
0.285 11.3043 265.581 -7.13632 1504.91 790.951 0.172113
0.29 12.1606 270.446 -6.42691 1578.17 823.367 0.179939
0.295 13.0582 275.326 -5.6903 1653.52 856.742 0.187938
0.3 13.9983 280.222 -4.92634 1730.95 891.051 0.196106
0.305 14.9819 285.134 -4.13488 1810.44 926.267 0.204434
0.31 16.0103 290.062 -3.31576 1891.98 962.351 0.212917
0.315 17.0845 295.007 -2.46883 1975.52 999.263 0.221547
0.32 18.2056 299.97 -1.59392 2061.02 1036.95 0.230315
0.325 19.3748 304.95 -0.690884 2148.43 1075.37 0.239212
0.33 20.5931 309.949 0.240433 2237.7 1114.44 0.248226
0.335 21.8615 314.967 1.20018 2328.77 1154.12 0.257347
0.34 23.181 320.004 2.18849 2421.55 1194.32 0.266564
0.345 24.5524 325.061 3.20549 2515.97 1234.97 0.275863
0.35 25.9768 330.138 4.25132 2611.95 1276 0.285233
0.355 27.4549 335.236 5.32608 2709.39 1317.32 0.29466
0.36 28.9875 340.355 6.42988 2808.21 1358.84 0.304131
0.365 30.5753 345.495 7.5628 2908.31 1400.49 0.313633
0.37 32.2191 350.658 8.72491 3009.58 1442.17 0.323151
0.375 33.9195 355.844 9.91629 3111.93 1483.79 0.332673
0.38 35.677 361.052 11.137 3215.24 1525.28 0.342185
0.385 37.4922 366.284 12.387 3319.42 1566.54 0.351674
0.39 39.3654 371.54 13.6664 3424.36 1607.49 0.361127
0.395 41.2971 376.82 14.9751 3529.95 1648.06 0.370532
0.4 43.2877 382.125 16.3132 3636.1 1688.15 0.379876
0.405 45.3373 387.456 17.6806 3742.7 1727.7 0.38915
0.41 47.4463 392.812 19.0772 3849.65 1766.64 0.398342
0.415 49.6148 398.194 20.5031 3956.87 1804.9 0.407441
0.42 51.8428 403.602 21.958 4064.26 1842.42 0.41644
0.425 54.1306 409.038 23.442 4171.74 1879.15 0.425329
0.43 56.4781 414.501 24.9548 4279.22 1915.02 0.4341
0.435 58.8853 419.991 26.4965 4386.64 1950 0.442746
0.44 61.3521 425.509 28.0667 4493.91 1984.05 0.451262
0.445 63.8785 431.056 29.6654 4600.97 2017.12 0.459641
0.45 66.4643 436.632 31.2924 4707.76 2049.19 0.467879
0.455 69.1093 442.236 32.9475 4814.23 2080.24 0.475972
0.46 71.8133 447.87 34.6306 4920.32 2110.23 0.483916
0.465 74.5762 453.534 36.3413 5025.98 2139.16 0.491708
0.47 77.3977 459.227 38.0795 5131.18 2167.01 0.499346
0.475 80.2774 464.951 39.845 5235.87 2193.78 0.506829
0.48 83.2152 470.706 41.6374 5340.03 2219.46 0.514156
0.485 86.2107 476.491 43.4566 5443.62 2244.05 0.521325
0.49 89.2636 482.308 45.3024 5546.62 2267.55 0.528337
0.495 92.3735 488.156 47.1743 5649.01 2289.97 0.535193
0.5 95.5401 494.036 49.0722 5750.77 2311.32 0.541893
0.505 98.7631 499.948 50.9958 5851.88 2331.61 0.548437
0.51 102.042 505.892 52.9448 5952.34 2350.85 0.554829
0.515 105.377 511.868 54.9189 6052.14 2369.07 0.561068
0.52 108.767 517.877 56.9178 6151.26 2386.26 0.567158
0.525 112.211 523.919 58.9413 6249.71 2402.47 0.5731
0.53 115.711 529.994 60.9889 6347.49 2417.7 0.578897
0.535 119.264 536.102 63.0604 6444.59 2431.97 0.584551
0.54 122.871 542.244 65.1556 6541.02 2445.32 0.590065
0.545 126.532 548.419 67.274 6636.78 2457.76 0.595442
0.55 130.245 554.628 69.4154 6731.88 2469.31 0.600684
0.555 134.011 560.872 71.5795 6826.32 2480 0.605794
0.56 137.83 567.149 73.766 6920.1 2489.86 0.610776
0.565 141.7 573.461 75.9745 7013.25 2498.9 0.615632
0.57 145.622 579.807 78.2048 7105.76 2507.16 0.620366
0.575 149.595 586.187 80.4565 7197.65 2514.66 0.62498
0.58 153.62 592.603 82.7293 7288.92 2521.42 0.629478
0.585 157.694 599.053 85.0229 7379.6 2527.47 0.633862
0.59 161.819 605.539 87.3371 7469.68 2532.83 0.638136
0.595 165.994 612.06 89.6715 7559.18 2537.52 0.642303
0.6 170.218 618.615 92.0258 7648.11 2541.57 0.646365
0.605 174.491 625.207 94.3997 7736.49 2545.01 0.650325
0.61 178.814 631.834 96.7929 7824.32 2547.84 0.654187
0.615 183.185 638.496 99.2051 7911.62 2550.11 0.657953
0.62 187.605 645.194 101.636 7998.4 2551.82 0.661626
0.625 192.072 651.928 104.085 8084.67 2553 0.665208
0.63 196.587 658.698 106.553 8170.45 2553.67 0.668702
0.635 201.15 665.504 109.038 8255.75 2553.85 0.672112
0.64 205.76 672.347 111.541 8340.57 2553.56 0.675439
0.645 210.417 679.225 114.062 8424.93 2552.82 0.678685
0.65 215.121 686.139 116.599 8508.85 2551.64 0.681854
0.655 219.872 693.09 119.153 8592.33 2550.05 0.684947
0.66 224.668 700.078 121.724 8675.38 2548.06 0.687967
0.665 229.511 707.102 124.311 8758.02 2545.69 0.690915
0.67 234.399 714.162 126.914 8840.25 2542.96 0.693795
0.675 239.333 721.259 129.532 8922.09 2539.87 0.696608
0.68 244.313 728.393 132.167 9003.55 2536.45 0.699357
0.685 249.337 735.564 134.816 9084.64 2532.71 0.702042
0.69 254.407 742.771 137.48 9165.36 2528.67 0.704666
0.695 259.521 750.016 140.159 9245.73 2524.33 0.707232
0.7 264.68 757.297 142.853 9325.76 2519.71 0.709739
0.705 269.883 764.615 145.561 9405.46 2514.83 0.712191
0.71 275.13 771.971 148.283 9484.83 2509.7 0.714589
0.715 280.421 779.363 151.019 9563.88 2504.32 0.716935
0.72 285.757 786.793 153.768 9642.62 2498.71 0.71923
0.725 291.135 794.26 156.531 9721.07 2492.88 0.721475
0.73 296.558 801.764 159.307 9799.22 2486.84 0.723673
0.735 302.023 809.305 162.096 9877.09 2480.6 0.725824
0.74 307.532 816.884 164.898 9954.69 2474.17 0.72793
0.745 313.084 824.5 167.712 10032 2467.57 0.729992
0.75 318.679 832.154 170.538 10109.1 2460.79 0.732012
0.755 324.316 839.845 173.377 10185.9 2453.84 0.73399
0.76 329.996 847.573 176.228 10262.5 2446.75 0.735929
0.765 335.719 855.339 179.09 10338.8 2439.5 0.737828
0.77 341.484 863.143 181.964 10414.9 2432.12 0.739689
0.775 347.291 870.984 184.85 10490.7 2424.61 0.741514
0.78 353.14 878.862 187.746 10566.4 2416.97 0.743303
0.785 359.031 886.779 190.654 10641.8 2409.21 0.745057
0.79 364.964 894.732 193.573 10717 2401.34 0.746778
0.795 370.939 902.724 196.502 10792 2393.37 0.748465
0.8 376.955 910.753 199.442 10866.8 2385.3 0.750121
0.805 383.013 918.82 202.392 10941.4 2377.13 0.751746
0.81 389.113 926.925 205.352 11015.8 2368.88 0.75334
0.815 395.253 935.068 208.322 11090.1 2360.55 0.754906
0.82 401.435 943.248 211.303 11164.1 2352.13 0.756442
0.825 407.658 951.466 214.293 11238 2343.65 0.757951
0.83 413.921 959.722 217.292 11311.7 2335.1 0.759433
0.835 420.226 968.016 220.301 11385.2 2326.48 0.760889
0.84 426.572 976.348 223.319 11458.6 2317.8 0.762319
0.845 432.958 984.718 226.346 11531.8 2309.07 0.763724
0.85 439.385 993.125 229.383 11604.9 2300.29 0.765104
0.855 445.852 1001.57 232.428 11677.8 2291.47 0.766461
0.86 452.36 1010.05 235.482 11750.6 2282.6 0.767795
0.865 458.908 1018.58 238.544 11823.2 2273.68 0.769107
0.87 465.497 1027.13 241.615 11895.7 2264.74 0.770397
0.875 472.126 1035.73 244.694 11968.1 2255.75 0.771665
0.88 478.795 1044.37 247.781 12040.3 2246.74 0.772912
0.885 485.504 1053.04 250.877 12112.4 2237.7 0.77414
0.89 492.253 1061.75 253.98 12184.3 2228.64 0.775347
0.895 499.042 1070.5 257.091 12256.2 2219.55 0.776535
0.9 505.871 1079.29 260.21 12327.9 2210.45 0.777705
0.905 512.74 1088.11 263.337 12399.5 2201.33 0.778856
0.91 519.648 1096.98 266.471 12470.9 2192.19 0.779989
0.915 526.596 1105.88 269.612 12542.3 2183.04 0.781105
0.92 533.584 1114.82 272.76 12613.6 2173.88 0.782204
0.925 540.611 1123.8 275.916 12684.7 2164.72 0.783286
0.93 547.678 1132.81 279.079 12755.8 2155.54 0.784352
0.935 554.784 1141.87 282.248 12826.7 2146.37 0.785401
0.94 561.93 1150.96 285.425 12897.6 2137.19 0.786436
0.945 569.115 1160.09 288.608 12968.3 2128 0.787455
0.95 576.339 1169.26 291.797 13038.9 2118.86 0.78846
0.955 583.603 1178.46 294.994 13109.5 2109.56 0.78945
0.96 590.905 1187.71 298.196 13180 2100.8 0.790426
0.965 598.247 1196.99 301.405 13250.3 2090.28 0.791388
0.97 605.628 1206.31 304.621 13320.6 2085.48 0.792337
0.975 613.048 1215.67 307.842 13390.8 2062.81 0.793273
0.98 620.507 1225.07 311.069 13460.8 2093.66 0.794193
0.985 628.004 1234.5 314.303 13531.4 1975.19 0.79511
0.99 635.541 1243.98 317.542 13599.5 2221.99 0.795984
0.995 643.116 1253.49 320.787 13676.2 1837.42 0.796956
1 650.731 1263.04 324.038 13720.4 1022.21 0.797511
