#rho_b P freeEn mun mup mue M* V0 b0
1 650.731 324.038 2.03809 2.03809 0.156945 0.156945 0.0933757 0.141432 0 2.03809 0 
0.995 643.116 320.787 2.02996 2.02996 0.157591 0.157591 0.0933042 0.140725 0 2.02996 0 
0.99 635.541 317.542 2.02183 2.02183 0.158244 0.158244 0.0932318 0.140017 0 2.02183 0 
0.985 628.004 314.303 2.01371 2.01371 0.158904 0.158904 0.0931587 0.13931 0 2.01371 0 
0.98 620.507 311.069 2.00558 2.00558 0.159571 0.159571 0.0930849 0.138603 0 2.00558 0 
0.975 613.048 307.842 1.99745 1.99745 0.160246 0.160246 0.0930102 0.137896 0 1.99745 0 
0.97 605.628 304.621 1.98933 1.98933 0.160928 0.160928 0.0929346 0.137189 0 1.98933 0 
0.965 598.247 301.405 1.9812 1.9812 0.161617 0.161617 0.0928583 0.136482 0 1.9812 0 
0.96 590.905 298.196 1.97308 1.97308 0.162314 0.162314 0.0927811 0.135774 0 1.97308 0 
0.955 583.603 294.994 1.96496 1.96496 0.163019 0.163019 0.092703 0.135067 0 1.96496 0 
0.95 576.339 291.797 1.95684 1.95684 0.163732 0.163732 0.0926241 0.13436 0 1.95684 0 
0.945 569.115 288.608 1.94872 1.94872 0.164452 0.164452 0.0925442 0.133653 0 1.94872 0 
0.94 561.93 285.425 1.9406 1.9406 0.165182 0.165182 0.0924635 0.132946 0 1.9406 0 
0.935 554.784 282.248 1.93248 1.93248 0.165919 0.165919 0.0923818 0.132239 0 1.93248 0 
0.93 547.678 279.079 1.92437 1.92437 0.166665 0.166665 0.0922991 0.131532 0 1.92437 0 
0.925 540.611 275.916 1.91625 1.91625 0.16742 0.16742 0.0922155 0.130824 0 1.91625 0 
0.92 533.584 272.76 1.90814 1.90814 0.168184 0.168184 0.0921309 0.130117 0 1.90814 0 
0.915 526.596 269.612 1.90003 1.90003 0.168957 0.168957 0.0920453 0.12941 0 1.90003 0 
0.91 519.648 266.471 1.89192 1.89192 0.169739 0.169739 0.0919587 0.128703 0 1.89192 0 
0.905 512.74 263.337 1.88381 1.88381 0.17053 0.17053 0.0918711 0.127996 0 1.88381 0 
0.9 505.871 260.21 1.87571 1.87571 0.171331 0.171331 0.0917824 0.127289 0 1.87571 0 
0.895 499.042 257.091 1.8676 1.8676 0.172142 0.172142 0.0916926 0.126581 0 1.8676 0 
0.89 492.253 253.98 1.8595 1.8595 0.172962 0.172962 0.0916017 0.125874 0 1.8595 0 
0.885 485.504 250.877 1.8514 1.8514 0.173793 0.173793 0.0915097 0.125167 0 1.8514 0 
0.88 478.795 247.781 1.84331 1.84331 0.174634 0.174634 0.0914165 0.12446 0 1.84331 0 
0.875 472.126 244.694 1.83521 1.83521 0.175486 0.175486 0.0913222 0.123753 0 1.83521 0 
0.87 465.497 241.615 1.82712 1.82712 0.176348 0.176348 0.0912267 0.123046 0 1.82712 0 
0.865 458.908 238.544 1.81904 1.81904 0.177221 0.177221 0.09113 0.122338 0 1.81904 0 
0.86 452.36 235.482 1.81095 1.81095 0.178106 0.178106 0.091032 0.121631 0 1.81095 0 
0.855 445.852 232.428 1.80287 1.80287 0.179002 0.179002 0.0909328 0.120924 0 1.80287 0 
0.85 439.385 229.383 1.79479 1.79479 0.179909 0.179909 0.0908322 0.120217 0 1.79479 0 
0.845 432.958 226.346 1.78671 1.78671 0.180829 0.180829 0.0907304 0.11951 0 1.78671 0 
0.84 426.572 223.319 1.77864 1.77864 0.181761 0.181761 0.0906272 0.118803 0 1.77864 0 
0.835 420.226 220.301 1.77057 1.77057 0.182705 0.182705 0.0905226 0.118096 0 1.77057 0 
0.83 413.921 217.292 1.76251 1.76251 0.183661 0.183661 0.0904167 0.117388 0 1.76251 0 
0.825 407.658 214.293 1.75444 1.75444 0.184631 0.184631 0.0903093 0.116681 0 1.75444 0 
0.82 401.435 211.303 1.74639 1.74639 0.185613 0.185613 0.0902005 0.115974 0 1.74639 0 
0.815 395.253 208.322 1.73833 1.73833 0.18661 0.18661 0.0900901 0.115267 0 1.73833 0 
0.81 389.113 205.352 1.73029 1.73029 0.18762 0.18762 0.0899783 0.11456 0 1.73029 0 
0.805 383.013 202.392 1.72224 1.72224 0.188644 0.188644 0.0898648 0.113853 0 1.72224 0 
0.8 376.955 199.442 1.7142 1.7142 0.189682 0.189682 0.0897498 0.113145 0 1.7142 0 
0.795 370.939 196.502 1.70617 1.70617 0.190735 0.190735 0.0896332 0.112438 0 1.70617 0 
0.79 364.964 193.573 1.69814 1.69814 0.191803 0.191803 0.0895149 0.111731 0 1.69814 0 
0.785 359.031 190.654 1.69012 1.69012 0.192887 0.192887 0.0893949 0.111024 0 1.69012 0 
0.78 353.14 187.746 1.6821 1.6821 0.193986 0.193986 0.0892732 0.110317 0 1.6821 0 
0.775 347.291 184.85 1.67409 1.67409 0.195101 0.195101 0.0891497 0.10961 0 1.67409 0 
0.77 341.484 181.964 1.66608 1.66608 0.196232 0.196232 0.0890243 0.108902 0 1.66608 0 
0.765 335.719 179.09 1.65808 1.65808 0.197381 0.197381 0.0888971 0.108195 0 1.65808 0 
0.76 329.996 176.228 1.65009 1.65009 0.198546 0.198546 0.0887681 0.107488 0 1.65009 0 
0.755 324.316 173.377 1.6421 1.6421 0.199729 0.199729 0.088637 0.106781 0 1.6421 0 
0.75 318.679 170.538 1.63413 1.63413 0.20093 0.20093 0.088504 0.106074 0 1.63413 0 
0.745 313.084 167.712 1.62615 1.62615 0.202149 0.202149 0.088369 0.105367 0 1.62615 0 
0.74 307.532 164.898 1.61819 1.61819 0.203387 0.203387 0.0882318 0.10466 0 1.61819 0 
0.735 302.023 162.096 1.61024 1.61024 0.204645 0.204645 0.0880926 0.103952 0 1.61024 0 
0.73 296.558 159.307 1.60229 1.60229 0.205922 0.205922 0.0879511 0.103245 0 1.60229 0 
0.725 291.135 156.531 1.59435 1.59435 0.207219 0.207219 0.0878075 0.102538 0 1.59435 0 
0.72 285.757 153.768 1.58642 1.58642 0.208537 0.208537 0.0876615 0.101831 0 1.58642 0 
0.715 280.421 151.019 1.57851 1.57851 0.209876 0.209876 0.0875132 0.101124 0 1.57851 0 
0.71 275.13 148.283 1.5706 1.5706 0.211237 0.211237 0.0873624 0.100417 0 1.5706 0 
0.705 269.883 145.561 1.5627 1.5627 0.21262 0.21262 0.0872093 0.0997094 0 1.5627 0 
0.7 264.68 142.853 1.55481 1.55481 0.214026 0.214026 0.0870536 0.0990022 0 1.55481 0 
0.695 259.521 140.159 1.54693 1.54693 0.215455 0.215455 0.0868953 0.0982951 0 1.54693 0 
0.69 254.407 137.48 1.53907 1.53907 0.216908 0.216908 0.0867343 0.0975879 0 1.53907 0 
0.685 249.337 134.816 1.53122 1.53122 0.218385 0.218385 0.0865707 0.0968808 0 1.53122 0 
0.68 244.313 132.167 1.52338 1.52338 0.219888 0.219888 0.0864043 0.0961736 0 1.52338 0 
0.675 239.333 129.532 1.51555 1.51555 0.221416 0.221416 0.086235 0.0954664 0 1.51555 0 
0.67 234.399 126.914 1.50774 1.50774 0.222971 0.222971 0.0860627 0.0947593 0 1.50774 0 
0.665 229.511 124.311 1.49994 1.49994 0.224553 0.224553 0.0858875 0.0940521 0 1.49994 0 
0.66 224.668 121.724 1.49215 1.49215 0.226163 0.226163 0.0857092 0.093345 0 1.49215 0 
0.655 219.872 119.153 1.48438 1.48438 0.227801 0.227801 0.0855278 0.0926378 0 1.48438 0 
0.65 215.121 116.599 1.47663 1.47663 0.229469 0.229469 0.0853431 0.0919306 0 1.47663 0 
0.645 210.417 114.062 1.46889 1.46889 0.231167 0.231167 0.085155 0.0912235 0 1.46889 0 
0.64 205.76 111.541 1.46117 1.46117 0.232895 0.232895 0.0849636 0.0905163 0 1.46117 0 
0.635 201.15 109.038 1.45347 1.45347 0.234655 0.234655 0.0847687 0.0898092 0 1.45347 0 
0.63 196.587 106.553 1.44579 1.44579 0.236447 0.236447 0.0845701 0.089102 0 1.44579 0 
0.625 192.072 104.085 1.43813 1.43813 0.238273 0.238273 0.0843679 0.0883948 0 1.43813 0 
0.62 187.605 101.636 1.43048 1.43048 0.240133 0.240133 0.0841619 0.0876877 0 1.43048 0 
0.615 183.185 99.2051 1.42286 1.42286 0.242028 0.242028 0.083952 0.0869805 0 1.42286 0 
0.61 178.814 96.7929 1.41526 1.41526 0.243959 0.243959 0.0837381 0.0862734 0 1.41526 0 
0.605 174.491 94.3997 1.40768 1.40768 0.245927 0.245927 0.0835202 0.0855662 0 1.40768 0 
0.6 170.218 92.0258 1.40013 1.40013 0.247933 0.247933 0.083298 0.0848591 0 1.40013 0 
0.595 165.994 89.6715 1.3926 1.3926 0.249979 0.249979 0.0830715 0.0841519 0 1.3926 0 
0.59 161.819 87.3371 1.3851 1.3851 0.252064 0.252064 0.0828405 0.0834447 0 1.3851 0 
0.585 157.694 85.0229 1.37762 1.37762 0.25419 0.25419 0.082605 0.0827376 0 1.37762 0 
0.58 153.62 82.7293 1.37017 1.37017 0.256358 0.256358 0.0823648 0.0820304 0 1.37017 0 
0.575 149.595 80.4565 1.36275 1.36275 0.25857 0.25857 0.0821199 0.0813233 0 1.36275 0 
0.57 145.622 78.2048 1.35536 1.35536 0.260826 0.260826 0.08187 0.0806161 0 1.35536 0 
0.565 141.7 75.9745 1.348 1.348 0.263128 0.263128 0.081615 0.0799089 0 1.348 0 
0.56 137.83 73.766 1.34067 1.34067 0.265477 0.265477 0.0813548 0.0792018 0 1.34067 0 
0.555 134.011 71.5795 1.33338 1.33338 0.267874 0.267874 0.0810893 0.0784946 0 1.33338 0 
0.55 130.245 69.4154 1.32612 1.32612 0.270321 0.270321 0.0808184 0.0777875 0 1.32612 0 
0.545 126.532 67.274 1.31889 1.31889 0.272818 0.272818 0.0805418 0.0770803 0 1.31889 0 
0.54 122.871 65.1556 1.31171 1.31171 0.275368 0.275368 0.0802594 0.0763731 0 1.31171 0 
0.535 119.264 63.0604 1.30456 1.30456 0.27797 0.27797 0.0799711 0.075666 0 1.30456 0 
0.53 115.711 60.9889 1.29746 1.29746 0.280628 0.280628 0.0796768 0.0749588 0 1.29746 0 
0.525 112.211 58.9413 1.29039 1.29039 0.283342 0.283342 0.0793762 0.0742517 0 1.29039 0 
0.52 108.767 56.9178 1.28337 1.28337 0.286113 0.286113 0.0790692 0.0735445 0 1.28337 0 
0.515 105.377 54.9189 1.27639 1.27639 0.288944 0.288944 0.0787557 0.0728374 0 1.27639 0 
0.51 102.042 52.9448 1.26946 1.26946 0.291835 0.291835 0.0784355 0.0721302 0 1.26946 0 
0.505 98.7631 50.9958 1.26258 1.26258 0.294788 0.294788 0.0781085 0.071423 0 1.26258 0 
0.5 95.5401 49.0722 1.25575 1.25575 0.297804 0.297804 0.0777743 0.0707159 0 1.25575 0 
0.495 92.3735 47.1743 1.24897 1.24897 0.300886 0.300886 0.077433 0.0700087 0 1.24897 0 
0.49 89.2636 45.3024 1.24225 1.24225 0.304034 0.304034 0.0770843 0.0693016 0 1.24225 0 
0.485 86.2107 43.4566 1.23558 1.23558 0.30725 0.30725 0.0767281 0.0685944 0 1.23558 0 
0.48 83.2152 41.6374 1.22897 1.22897 0.310536 0.310536 0.0763642 0.0678872 0 1.22897 0 
0.475 80.2774 39.845 1.22242 1.22242 0.313893 0.313893 0.0759924 0.0671801 0 1.22242 0 
0.47 77.3977 38.0795 1.21593 1.21593 0.317322 0.317322 0.0756125 0.0664729 0 1.21593 0 
0.465 74.5762 36.3413 1.2095 1.2095 0.320826 0.320826 0.0752245 0.0657658 0 1.2095 0 
0.46 71.8133 34.6306 1.20314 1.20314 0.324405 0.324405 0.0748281 0.0650586 0 1.20314 0 
0.455 69.1093 32.9475 1.19684 1.19684 0.328061 0.328061 0.0744231 0.0643514 0 1.19684 0 
0.45 66.4643 31.2924 1.19062 1.19062 0.331796 0.331796 0.0740095 0.0636443 0 1.19062 0 
0.445 63.8785 29.6654 1.18446 1.18446 0.33561 0.33561 0.073587 0.0629371 0 1.18446 0 
0.44 61.3521 28.0667 1.17838 1.17838 0.339505 0.339505 0.0731556 0.06223 0 1.17838 0 
0.435 58.8853 26.4965 1.17238 1.17238 0.343483 0.343483 0.072715 0.0615228 0 1.17238 0 
0.43 56.4781 24.9548 1.16645 1.16645 0.347545 0.347545 0.0722652 0.0608157 0 1.16645 0 
0.425 54.1306 23.442 1.16061 1.16061 0.351691 0.351691 0.0718059 0.0601085 0 1.16061 0 
0.42 51.8428 21.958 1.15484 1.15484 0.355923 0.355923 0.0713372 0.0594013 0 1.15484 0 
0.415 49.6148 20.5031 1.14916 1.14916 0.360242 0.360242 0.0708588 0.0586942 0 1.14916 0 
0.41 47.4463 19.0772 1.14356 1.14356 0.364648 0.364648 0.0703708 0.057987 0 1.14356 0 
0.405 45.3373 17.6806 1.13805 1.13805 0.369144 0.369144 0.0698729 0.0572799 0 1.13805 0 
0.4 43.2877 16.3132 1.13262 1.13262 0.373728 0.373728 0.0693651 0.0565727 0 1.13262 0 
0.395 41.2971 14.9751 1.12729 1.12729 0.378402 0.378402 0.0688474 0.0558655 0 1.12729 0 
0.39 39.3654 13.6664 1.12205 1.12205 0.383167 0.383167 0.0683196 0.0551584 0 1.12205 0 
0.385 37.4922 12.387 1.1169 1.1169 0.388023 0.388023 0.0677818 0.0544512 0 1.1169 0 
0.38 35.677 11.137 1.11185 1.11185 0.39297 0.39297 0.0672339 0.0537441 0 1.11185 0 
0.375 33.9195 9.91629 1.10689 1.10689 0.398007 0.398007 0.066676 0.0530369 0 1.10689 0 
0.37 32.2191 8.72491 1.10203 1.10203 0.403137 0.403137 0.0661079 0.0523298 0 1.10203 0 
0.365 30.5753 7.5628 1.09726 1.09726 0.408357 0.408357 0.0655297 0.0516226 0 1.09726 0 
0.36 28.9875 6.42988 1.0926 1.0926 0.413668 0.413668 0.0649414 0.0509154 0 1.0926 0 
0.355 27.4549 5.32608 1.08803 1.08803 0.41907 0.41907 0.0643431 0.0502083 0 1.08803 0 
0.35 25.9768 4.25132 1.08357 1.08357 0.424561 0.424561 0.0637349 0.0495011 0 1.08357 0 
0.345 24.5524 3.20549 1.0792 1.0792 0.430142 0.430142 0.0631167 0.048794 0 1.0792 0 
0.34 23.181 2.18849 1.07494 1.07494 0.435812 0.435812 0.0624888 0.0480868 0 1.07494 0 
0.335 21.8615 1.20018 1.07078 1.07078 0.44157 0.44157 0.0618511 0.0473796 0 1.07078 0 
0.33 20.5931 0.240433 1.06671 1.06671 0.447414 0.447414 0.0612037 0.0466725 0 1.06671 0 
0.325 19.3748 -0.690884 1.06275 1.06275 0.453345 0.453345 0.0605469 0.0459653 0 1.06275 0 
0.32 18.2056 -1.59392 1.05889 1.05889 0.45936 0.45936 0.0598806 0.0452582 0 1.05889 0 
0.315 17.0845 -2.46883 1.05513 1.05513 0.465458 0.465458 0.0592052 0.044551 0 1.05513 0 
0.31 16.0103 -3.31576 1.05147 1.05147 0.471639 0.471639 0.0585206 0.0438438 0 1.05147 0 
0.305 14.9819 -4.13488 1.04791 1.04791 0.477901 0.477901 0.057827 0.0431367 0 1.04791 0 
0.3 13.9983 -4.92634 1.04445 1.04445 0.484243 0.484243 0.0571247 0.0424295 0 1.04445 0 
0.295 13.0582 -5.6903 1.04108 1.04108 0.490662 0.490662 0.0564136 0.0417224 0 1.04108 0 
0.29 12.1606 -6.42691 1.03781 1.03781 0.497158 0.497158 0.0556941 0.0410152 0 1.03781 0 
0.285 11.3043 -7.13632 1.03464 1.03464 0.50373 0.50373 0.0549663 0.0403081 0 1.03464 0 
0.28 10.4881 -7.81868 1.03156 1.03156 0.510375 0.510375 0.0542303 0.0396009 0 1.03156 0 
0.275 9.71089 -8.47414 1.02858 1.02858 0.517092 0.517092 0.0534863 0.0388937 0 1.02858 0 
0.27 8.97144 -9.10281 1.02569 1.02569 0.52388 0.52388 0.0527345 0.0381866 0 1.02569 0 
0.265 8.26863 -9.70483 1.02289 1.02289 0.530738 0.530738 0.0519749 0.0374794 0 1.02289 0 
0.26 7.60131 -10.2803 1.02019 1.02019 0.537663 0.537663 0.0512079 0.0367723 0 1.02019 0 
0.255 6.96837 -10.8293 1.01757 1.01757 0.544655 0.544655 0.0504334 0.0360651 0 1.01757 0 
0.25 6.36869 -11.352 1.01504 1.01504 0.551713 0.551713 0.0496517 0.0353579 0 1.01504 0 
0.245 5.80117 -11.8483 1.0126 1.0126 0.558835 0.558835 0.0488629 0.0346508 0 1.0126 0 
0.24 5.26475 -12.3184 1.01024 1.01024 0.56602 0.56602 0.0480671 0.0339436 0 1.01024 0 
0.235 4.75838 -12.7624 1.00797 1.00797 0.573267 0.573267 0.0472644 0.0332365 0 1.00797 0 
0.23 4.28103 -13.1801 1.00579 1.00579 0.580575 0.580575 0.046455 0.0325293 0 1.00579 0 
0.225 3.83169 -13.5716 1.00368 1.00368 0.587943 0.587943 0.0456389 0.0318221 0 1.00368 0 
0.22 3.40941 -13.9369 1.00166 1.00166 0.595371 0.595371 0.0448162 0.031115 0 1.00166 0 
0.215 3.01322 -14.276 0.999722 0.999722 0.602857 0.602857 0.043987 0.0304078 0 0.999722 0 
0.21 2.64221 -14.5888 0.997863 0.997863 0.610402 0.610402 0.0431514 0.0297007 0 0.997863 0 
0.205 2.29548 -14.8751 0.996083 0.996083 0.618005 0.618005 0.0423093 0.0289935 0 0.996083 0 
0.2 1.97216 -15.135 0.994383 0.994383 0.625665 0.625665 0.0414609 0.0282864 0 0.994383 0 
0.195 1.67142 -15.3681 0.992762 0.992762 0.633382 0.633382 0.0406061 0.0275792 0 0.992762 0 
0.19 1.39242 -15.5744 0.991218 0.991218 0.641157 0.641157 0.039745 0.026872 0 0.991218 0 
0.185 1.13439 -15.7538 0.989753 0.989753 0.648989 0.648989 0.0388775 0.0261649 0 0.989753 0 
0.18 0.896547 -15.9058 0.988365 0.988365 0.656879 0.656879 0.0380037 0.0254577 0 0.988365 0 
0.175 0.678148 -16.0304 0.987055 0.987055 0.664826 0.664826 0.0371234 0.0247506 0 0.987055 0 
0.17 0.478468 -16.1272 0.985823 0.985823 0.672833 0.672833 0.0362367 0.0240434 0 0.985823 0 
0.165 0.296801 -16.1958 0.984668 0.984668 0.680898 0.680898 0.0353434 0.0233362 0 0.984668 0 
0.16 0.132459 -16.2361 0.983591 0.983591 0.689023 0.689023 0.0344434 0.0226291 0 0.983591 0 
0.155 -0.0152278 -16.2474 0.982592 0.982592 0.697209 0.697209 0.0335367 0.0219219 0 0.982592 0 
0.15 -0.146916 -16.2296 0.981673 0.981673 0.705458 0.705458 0.0326231 0.0212148 0 0.981673 0 
0.145 -0.263247 -16.182 0.980833 0.980833 0.71377 0.71377 0.0317025 0.0205076 0 0.980833 0 
0.14 -0.364852 -16.1042 0.980074 0.980074 0.722146 0.722146 0.0307747 0.0198004 0 0.980074 0 
0.135 -0.452354 -15.9956 0.979397 0.979397 0.73059 0.73059 0.0298395 0.0190933 0 0.979397 0 
0.13 -0.526365 -15.8558 0.978802 0.978802 0.739103 0.739103 0.0288967 0.0183861 0 0.978802 0 
0.125 -0.587496 -15.684 0.978292 0.978292 0.747686 0.747686 0.027946 0.017679 0 0.978292 0 
0.12 -0.636353 -15.4796 0.977867 0.977867 0.756343 0.756343 0.0269872 0.0169718 0 0.977867 0 
0.115 -0.673542 -15.2418 0.977531 0.977531 0.765076 0.765076 0.0260199 0.0162647 0 0.977531 0 
0.11 -0.699672 -14.97 0.977284 0.977284 0.773887 0.773887 0.025044 0.0155575 0 0.977284 0 
0.105 -0.715356 -14.6633 0.977129 0.977129 0.782781 0.782781 0.0240589 0.0148503 0 0.977129 0 
0.1 -0.721217 -14.3209 0.977068 0.977068 0.791761 0.791761 0.0230643 0.0141432 0 0.977068 0 
0.095 -0.717886 -13.9418 0.977105 0.977105 0.80083 0.80083 0.0220598 0.013436 0 0.977105 0 
0.09 -0.706012 -13.5251 0.977242 0.977242 0.809993 0.809993 0.0210449 0.0127289 0 0.977242 0 
0.085 -0.686262 -13.0698 0.977483 0.977483 0.819255 0.819255 0.0200191 0.0120217 0 0.977483 0 
0.08 -0.659323 -12.5749 0.977831 0.977831 0.82862 0.82862 0.0189818 0.0113145 0 0.977831 0 
0.075 -0.625913 -12.0393 0.978291 0.978291 0.838095 0.838095 0.0179324 0.0106074 0 0.978291 0 
0.07 -0.58678 -11.4618 0.978866 0.978866 0.847686 0.847686 0.0168701 0.00990022 0 0.978866 0 
0.065 -0.542711 -10.8414 0.979563 0.979563 0.857399 0.857399 0.0157943 0.00919306 0 0.979563 0 
0.06 -0.494539 -10.1769 0.980384 0.980384 0.867243 0.867243 0.014704 0.00848591 0 0.980384 0 
0.055 -0.443145 -9.46731 0.981337 0.981337 0.877225 0.877225 0.0135984 0.00777875 0 0.981337 0 
0.05 -0.389476 -8.71167 0.982427 0.982427 0.887356 0.887356 0.0124763 0.00707159 0 0.982427 0 
0.045 -0.334545 -7.90921 0.98366 0.98366 0.897645 0.897645 0.0113367 0.00636443 0 0.98366 0 
0.04 -0.279448 -7.05954 0.985042 0.985042 0.908104 0.908104 0.0101783 0.00565727 0 0.985042 0 
0.035 -0.225373 -6.16286 0.986579 0.986579 0.918747 0.918747 0.00899945 0.00495011 0 0.986579 0 
0.03 -0.173618 -5.2204 0.988277 0.988277 0.929589 0.929589 0.00779863 0.00424295 0 0.988277 0 
0.025 -0.125603 -4.2352 0.990139 0.990139 0.940647 0.940647 0.0065739 0.00353579 0 0.990139 0 
0.02 -0.0828872 -3.2137 0.992164 0.992164 0.95194 0.95194 0.00532308 0.00282864 0 0.992164 0 
0.015 -0.047177 -2.1692 0.99434 0.99434 0.963492 0.963492 0.00404363 0.00212148 0 0.99434 0 
0.01 -0.020319 -1.13131 0.996631 0.996631 0.975329 0.975329 0.00273257 0.00141432 0 0.996631 0 
0.005 -0.00420357 -0.18115 0.998912 0.998912 0.987484 0.987484 0.00138628 0.000707159 0 0.998912 0 
