0.005 -4.71606 -5.65927
0.01 -9.09309 -10.9117
0.015 -13.1715 -15.8058
0.02 -16.9818 -20.3782
0.025 -20.5495 -24.6594
0.03 -23.896 -28.6752
0.035 -27.0398 -32.4477
0.04 -29.997 -35.9964
0.045 -32.7817 -39.3381
0.05 -35.4065 -42.4878
0.055 -37.8823 -45.4587
0.06 -40.219 -48.2628
0.065 -42.4255 -50.9106
0.07 -44.5097 -53.4116
0.075 -46.4787 -55.7745
0.08 -48.3391 -58.0069
0.085 -50.0967 -60.1161
0.09 -51.7569 -62.1082
0.095 -53.3244 -63.9893
0.1 -54.8038 -65.7645
0.105 -56.199 -67.4388
0.11 -57.5137 -69.0164
0.115 -58.7512 -70.5014
0.12 -59.9146 -71.8975
0.125 -61.0066 -73.2079
0.13 -62.0298 -74.4357
0.135 -62.9864 -75.5836
0.14 -63.8784 -76.6541
0.145 -64.7077 -77.6492
0.15 -65.4759 -78.5711
0.155 -66.1845 -79.4214
0.16 -66.8347 -80.2017
0.165 -67.4277 -80.9132
0.17 -67.9643 -81.5572
0.175 -68.4454 -82.1345
0.18 -68.8716 -82.6459
0.185 -69.2434 -83.0921
0.19 -69.5611 -83.4733
0.195 -69.8249 -83.7898
0.2 -70.0349 -84.0419
0.205 -70.1911 -84.2293
0.21 -70.2933 -84.3519
0.215 -70.3412 -84.4094
0.22 -70.3344 -84.4012
0.225 -70.2723 -84.3268
0.23 -70.1545 -84.1854
0.235 -69.9801 -83.9762
0.24 -69.7484 -83.6981
0.245 -69.4584 -83.3501
0.25 -69.1092 -82.9311
0.255 -68.6997 -82.4397
0.26 -68.2288 -81.8745
0.265 -67.6952 -81.2343
0.27 -67.0978 -80.5173
0.275 -66.4352 -79.7222
0.28 -65.7061 -78.8473
0.285 -64.9091 -77.891
0.29 -64.043 -76.8516
0.295 -63.1062 -75.7274
0.3 -62.0975 -74.5169
0.305 -61.0154 -73.2184
0.31 -59.8586 -71.8303
0.315 -58.6259 -70.351
0.32 -57.3159 -68.779
0.325 -55.9274 -67.1129
0.33 -54.4594 -65.3513
0.335 -52.9108 -63.493
0.34 -51.2806 -61.5367
0.345 -49.5678 -59.4814
0.35 -47.7718 -57.3262
0.355 -45.8918 -55.0702
0.36 -43.9273 -52.7128
0.365 -41.8778 -50.2534
0.37 -39.743 -47.6916
0.375 -37.5226 -45.0271
0.38 -35.2166 -42.2599
0.385 -32.8249 -39.3898
0.39 -30.3476 -36.4172
0.395 -27.7852 -33.3422
0.4 -25.1378 -30.1654
0.405 -22.406 -26.8872
0.41 -19.5903 -23.5084
0.415 -16.6915 -20.0298
0.42 -13.7103 -16.4523
0.425 -10.6475 -12.777
0.43 -7.50412 -9.00495
0.435 -4.28114 -5.13737
0.44 -0.979655 -1.17559
0.445 2.3992 2.87904
0.45 5.85422 7.02506
0.455 9.38415 11.261
0.46 12.9877 15.5852
0.465 16.6636 19.9963
0.47 20.4104 24.4924
0.475 24.2267 29.0721
0.48 28.1113 33.7335
0.485 32.0626 38.4751
0.49 36.0792 43.295
0.495 40.1597 48.1916
0.5 44.3027 53.1633
0.505 48.5068 58.2082
0.51 52.7705 63.3246
0.515 57.0925 68.511
0.52 61.4713 73.7656
0.525 65.9056 79.0867
0.53 70.394 84.4728
0.535 74.9352 89.9223
0.54 79.5279 95.4334
0.545 84.1707 101.005
0.55 88.8624 106.635
0.555 93.6018 112.322
0.56 98.3875 118.065
0.565 103.219 123.862
0.57 108.094 129.712
0.575 113.012 135.614
0.58 117.971 141.566
0.585 122.972 147.566
0.59 128.012 153.614
0.595 133.091 159.709
0.6 138.207 165.848
0.605 143.36 172.032
0.61 148.549 178.258
0.615 153.772 184.526
0.62 159.029 190.835
0.625 164.319 197.183
0.63 169.641 203.57
0.635 174.995 209.994
0.64 180.379 216.455
0.645 185.793 222.951
0.65 191.235 229.482
0.655 196.706 236.047
0.66 202.204 242.645
0.665 207.729 249.275
0.67 213.281 255.937
0.675 218.857 262.629
0.68 224.459 269.35
0.685 230.084 276.101
0.69 235.733 282.88
0.695 241.406 289.687
0.7 247.1 296.52
0.705 252.817 303.38
0.71 258.555 310.266
0.715 264.314 317.177
0.72 270.093 324.112
0.725 275.892 331.071
0.73 281.711 338.053
0.735 287.548 345.058
0.74 293.404 352.085
0.745 299.278 359.134
0.75 305.17 366.204
0.755 311.079 373.295
0.76 317.005 380.406
0.765 322.947 387.536
0.77 328.905 394.687
0.775 334.88 401.856
0.78 340.869 409.043
0.785 346.874 416.249
0.79 352.893 423.472
0.795 358.927 430.712
0.8 364.975 437.97
0.805 371.036 445.244
0.81 377.111 452.534
0.815 383.2 459.84
0.82 389.301 467.161
0.825 395.415 474.498
0.83 401.541 481.849
0.835 407.679 489.215
0.84 413.83 496.595
0.845 419.991 503.99
0.85 426.165 511.398
0.855 432.349 518.819
0.86 438.544 526.253
0.865 444.75 533.701
0.87 450.967 541.16
0.875 457.194 548.633
0.88 463.431 556.117
0.885 469.678 563.613
0.89 475.934 571.121
0.895 482.2 578.64
0.9 488.476 586.171
0.905 494.76 593.712
0.91 501.054 601.265
0.915 507.356 608.828
0.92 513.667 616.401
0.925 519.987 623.984
0.93 526.315 631.578
0.935 532.651 639.181
0.94 538.995 646.794
0.945 545.347 654.416
0.95 551.707 662.048
0.955 558.074 669.689
0.96 564.449 677.338
0.965 570.831 684.997
0.97 577.22 692.664
0.975 583.617 700.34
0.98 590.02 708.024
0.985 596.43 715.716
0.99 602.847 723.417
0.995 609.271 731.125
1 615.701 738.841
