13.755 2.20237 1408.53 
13.792 2.20536 1394.55 
13.83 2.20838 1380.57 
13.868 2.21142 1366.59 
13.906 2.21446 1352.61 
13.945 2.21753 1338.63 
13.985 2.22061 1324.65 
14.025 2.22369 1310.66 
14.066 2.22678 1296.68 
14.107 2.22987 1282.7 
14.148 2.23296 1268.72 
14.19 2.23606 1254.74 
14.233 2.23919 1240.76 
14.276 2.2423 1226.78 
14.32 2.24544 1212.8 
14.364 2.24856 1198.82 
14.409 2.25169 1184.84 
14.455 2.25484 1170.86 
14.501 2.25797 1156.88 
14.547 2.26109 1142.9 
14.595 2.26424 1128.92 
14.643 2.26737 1114.94 
14.691 2.27049 1100.96 
14.74 2.2736 1086.97 
14.79 2.27671 1072.99 
14.841 2.27983 1059.01 
14.892 2.28291 1045.03 
14.944 2.28599 1031.05 
14.996 2.28904 1017.07 
15.049 2.29207 1003.09 
15.103 2.29509 989.11 
15.158 2.29809 975.13 
15.213 2.30105 961.149 
15.269 2.30398 947.168 
15.326 2.30689 933.188 
15.384 2.30976 919.207 
15.442 2.31258 905.226 
15.501 2.31535 891.246 
15.561 2.31808 877.265 
15.622 2.32075 863.285 
15.684 2.32337 849.304 
15.746 2.3259 835.323 
15.809 2.32837 821.343 
15.874 2.33078 807.362 
15.939 2.33308 793.382 
16.005 2.3353 779.401 
16.072 2.33741 765.42 
16.14 2.33941 751.44 
16.209 2.34129 737.459 
16.279 2.34304 723.478 
16.35 2.34465 709.498 
16.422 2.3461 695.517 
16.496 2.34742 681.537 
16.57 2.34851 667.556 
16.646 2.34944 653.575 
16.723 2.35014 639.595 
16.801 2.3506 625.614 
16.881 2.35082 611.633 
16.963 2.35079 597.653 
17.045 2.35041 583.672 
17.13 2.34974 569.692 
17.216 2.3487 555.711 
17.304 2.34727 541.73 
17.394 2.34541 527.75 
17.485 2.34305 513.769 
17.579 2.3402 499.788 
17.676 2.3368 485.808 
17.774 2.33273 471.827 
17.875 2.32797 457.847 
17.979 2.32244 443.866 
18.086 2.31605 429.885 
18.196 2.3087 415.905 
18.31 2.3003 401.924 
18.427 2.29067 387.943 
18.548 2.2797 373.963 
18.674 2.26723 359.982 
18.805 2.25306 346.002 
18.941 2.23695 332.021 
19.083 2.21866 318.04 
19.231 2.19787 304.06 
19.387 2.17432 290.079 
19.55 2.14756 276.099 
19.722 2.11724 262.118 
19.904 2.08294 248.137 
20.095 2.0441 234.157 
20.297 2.00035 220.176 
20.51 1.95128 206.195 
20.734 1.89646 192.215 
20.968 1.83536 178.234 
21.211 1.76771 164.254 
21.461 1.69397 150.273 
21.712 1.61414 136.292 
21.959 1.52517 122.312 
22.201 1.42054 108.331 
22.462 1.29683 94.3504 
22.803 1.16468 80.3698 
23.256 1.04627 66.3892 
23.69 0.935205 52.4086 
23.709 0.790858 38.4279 
22.234 0.538092 24.4473 
