13.173 2.37784 1638.93 
13.197 2.38085 1622.64 
13.221 2.38387 1606.36 
13.245 2.38689 1590.07 
13.27 2.38994 1573.79 
13.296 2.393 1557.5 
13.321 2.39605 1541.22 
13.348 2.39913 1524.94 
13.374 2.4022 1508.65 
13.401 2.40528 1492.37 
13.429 2.40838 1476.08 
13.457 2.41147 1459.8 
13.485 2.41456 1443.51 
13.514 2.41766 1427.23 
13.543 2.42076 1410.94 
13.573 2.42386 1394.66 
13.604 2.42698 1378.37 
13.635 2.43008 1362.09 
13.666 2.43316 1345.8 
13.698 2.43625 1329.52 
13.731 2.43934 1313.24 
13.764 2.44241 1296.95 
13.798 2.44548 1280.67 
13.833 2.44854 1264.38 
13.868 2.45157 1248.1 
13.904 2.45459 1231.81 
13.941 2.45759 1215.53 
13.978 2.46056 1199.24 
14.016 2.4635 1182.96 
14.055 2.46642 1166.67 
14.095 2.46931 1150.39 
14.136 2.47216 1134.1 
14.177 2.47496 1117.82 
14.219 2.47771 1101.54 
14.263 2.48043 1085.25 
14.307 2.48307 1068.97 
14.352 2.48565 1052.68 
14.398 2.48816 1036.4 
14.446 2.49062 1020.11 
14.494 2.49296 1003.83 
14.544 2.49524 987.543 
14.594 2.49739 971.259 
14.647 2.49947 954.974 
14.7 2.5014 938.69 
14.755 2.50321 922.405 
14.811 2.50487 906.12 
14.868 2.50637 889.836 
14.927 2.50771 873.551 
14.988 2.50887 857.267 
15.05 2.50982 840.982 
15.115 2.51058 824.697 
15.181 2.51108 808.413 
15.248 2.5113 792.128 
15.318 2.51126 775.843 
15.391 2.51093 759.559 
15.465 2.51024 743.274 
15.542 2.5092 726.99 
15.621 2.50775 710.705 
15.703 2.50587 694.42 
15.787 2.50349 678.136 
15.875 2.50063 661.851 
15.966 2.4972 645.567 
16.06 2.49315 629.282 
16.157 2.48841 612.997 
16.258 2.48295 596.713 
16.364 2.47672 580.428 
16.473 2.46959 564.144 
16.587 2.46152 547.859 
16.706 2.45242 531.574 
16.831 2.44222 515.29 
16.96 2.43076 499.005 
17.096 2.41801 482.72 
17.238 2.40382 466.436 
17.387 2.3881 450.151 
17.543 2.37071 433.867 
17.707 2.35155 417.582 
17.879 2.33051 401.297 
18.06 2.30749 385.013 
18.25 2.28238 368.728 
18.449 2.25509 352.444 
18.658 2.22561 336.159 
18.876 2.19384 319.874 
19.103 2.15978 303.59 
19.339 2.12345 287.305 
19.582 2.08478 271.02 
19.831 2.04371 254.736 
20.084 2.00002 238.451 
20.34 1.95339 222.167 
20.597 1.90319 205.882 
20.856 1.84828 189.597 
21.117 1.78688 173.313 
21.383 1.71702 157.028 
21.654 1.63666 140.744 
21.927 1.5417 124.459 
22.203 1.4229 108.174 
22.511 1.27539 91.8898 
22.947 1.12229 75.6052 
23.495 0.990973 59.3205 
23.79 0.845968 43.0359 
22.695 0.592859 26.7513 
