13.065 2.49051 1858.61 
13.085 2.49392 1840.13 
13.106 2.49737 1821.65 
13.126 2.50082 1803.17 
13.148 2.50432 1784.69 
13.169 2.50783 1766.2 
13.191 2.51136 1747.72 
13.213 2.51492 1729.24 
13.236 2.5185 1710.76 
13.259 2.52211 1692.28 
13.282 2.52573 1673.8 
13.306 2.52938 1655.32 
13.33 2.53305 1636.83 
13.355 2.53675 1618.35 
13.38 2.54046 1599.87 
13.405 2.54419 1581.39 
13.431 2.54794 1562.91 
13.458 2.55173 1544.43 
13.485 2.55552 1525.95 
13.512 2.55932 1507.46 
13.54 2.56315 1488.98 
13.569 2.56701 1470.5 
13.598 2.57086 1452.02 
13.628 2.57474 1433.54 
13.658 2.57863 1415.06 
13.689 2.58253 1396.58 
13.72 2.58642 1378.09 
13.753 2.59035 1359.61 
13.786 2.59428 1341.13 
13.819 2.59819 1322.65 
13.854 2.60213 1304.17 
13.889 2.60606 1285.69 
13.925 2.60998 1267.21 
13.961 2.61388 1248.72 
13.999 2.6178 1230.24 
14.037 2.62168 1211.76 
14.077 2.62557 1193.28 
14.117 2.62941 1174.8 
14.158 2.63323 1156.32 
14.2 2.63701 1137.84 
14.244 2.64077 1119.35 
14.288 2.64447 1100.87 
14.334 2.64813 1082.39 
14.38 2.6517 1063.91 
14.428 2.65522 1045.43 
14.478 2.65867 1026.95 
14.528 2.662 1008.47 
14.58 2.66525 989.984 
14.634 2.66839 971.502 
14.689 2.67139 953.021 
14.746 2.67425 934.539 
14.804 2.67693 916.058 
14.864 2.67944 897.577 
14.926 2.68174 879.095 
14.99 2.68382 860.614 
15.057 2.68566 842.132 
15.125 2.68719 823.651 
15.196 2.68842 805.169 
15.269 2.68929 786.688 
15.345 2.68978 768.206 
15.423 2.68981 749.725 
15.505 2.68937 731.243 
15.589 2.68837 712.762 
15.677 2.68677 694.281 
15.768 2.68448 675.799 
15.864 2.68147 657.318 
15.963 2.67759 638.836 
16.066 2.67275 620.355 
16.175 2.6669 601.873 
16.288 2.65984 583.392 
16.406 2.65147 564.91 
16.531 2.64166 546.429 
16.661 2.63017 527.947 
16.799 2.61691 509.466 
16.944 2.6016 490.985 
17.096 2.58401 472.503 
17.258 2.56396 454.022 
17.429 2.54116 435.54 
17.61 2.51533 417.059 
17.802 2.48622 398.577 
18.007 2.45362 380.096 
18.224 2.41723 361.614 
18.455 2.37693 343.133 
18.699 2.33254 324.651 
18.958 2.28412 306.17 
19.23 2.23171 287.689 
19.515 2.17551 269.207 
19.81 2.11565 250.726 
20.113 2.05221 232.244 
20.419 1.98501 213.763 
20.728 1.91326 195.281 
21.036 1.83484 176.8 
21.348 1.74742 158.318 
21.664 1.6485 139.837 
21.977 1.53159 121.355 
22.294 1.38265 102.874 
22.689 1.20427 84.3925 
23.275 1.04272 65.9111 
23.78 0.890897 47.4296 
23.025 0.639007 28.9482 
