0.000544196 0.00928017 0.00464009 0.516
0.000544196 0.00923377 0.00461689 0.515138
0.000544196 0.00918737 0.00459369 0.514274
0.000544196 0.00914097 0.00457049 0.513407
0.000544196 0.00909457 0.00454729 0.512536
0.000544196 0.00904817 0.00452409 0.511663
0.000544196 0.00900177 0.00450088 0.510787
0.000544196 0.00895537 0.00447768 0.509908
0.000544196 0.00890897 0.00445448 0.509026
0.000544196 0.00886257 0.00443128 0.50814
0.000544196 0.00881617 0.00440808 0.507252
0.000544196 0.00876977 0.00438488 0.506361
0.000544196 0.00872336 0.00436168 0.505466
0.000544196 0.00867696 0.00433848 0.504568
0.000544196 0.00863056 0.00431528 0.503667
0.000544196 0.00858416 0.00429208 0.502763
0.000544196 0.00853776 0.00426888 0.501855
0.000544196 0.00849136 0.00424568 0.500945
0.000544196 0.00844496 0.00422248 0.50003
0.000544196 0.00839856 0.00419928 0.499113
0.000544196 0.00835216 0.00417608 0.498192
0.000544196 0.00830576 0.00415288 0.497268
0.000544196 0.00825936 0.00412968 0.49634
0.000544196 0.00821295 0.00410648 0.495409
0.000544196 0.00816655 0.00408328 0.494474
0.000544196 0.00812015 0.00406008 0.493536
0.000544196 0.00807375 0.00403688 0.492594
0.000544196 0.00802735 0.00401368 0.491648
0.000544196 0.00798095 0.00399048 0.490699
0.000544196 0.00793455 0.00396727 0.489747
0.000544196 0.00788815 0.00394407 0.48879
0.000544196 0.00784175 0.00392087 0.48783
0.000544196 0.00779535 0.00389767 0.486866
0.000544196 0.00774895 0.00387447 0.485898
0.000544196 0.00770255 0.00385127 0.484926
0.000544196 0.00765614 0.00382807 0.48395
0.000544196 0.00760974 0.00380487 0.482971
0.000544196 0.00756334 0.00378167 0.481987
0.000544196 0.00751694 0.00375847 0.480999
0.000544196 0.00747054 0.00373527 0.480007
0.000544196 0.00742414 0.00371207 0.479012
0.000544196 0.00737774 0.00368887 0.478012
0.000544196 0.00733134 0.00366567 0.477007
0.000544196 0.00728494 0.00364247 0.475999
0.000544196 0.00723854 0.00361927 0.474986
0.000544196 0.00719214 0.00359607 0.473969
0.000544196 0.00714573 0.00357287 0.472947
0.000544196 0.00709933 0.00354967 0.471922
0.000544196 0.00705293 0.00352647 0.470891
0.000544196 0.00700653 0.00350327 0.469856
0.000544196 0.00696013 0.00348007 0.468817
0.000544196 0.00691373 0.00345687 0.467773
0.000544196 0.00686733 0.00343366 0.466724
0.000544196 0.00682093 0.00341046 0.46567
0.000544196 0.00677453 0.00338726 0.464612
0.000544196 0.00672813 0.00336406 0.463549
0.000544196 0.00668173 0.00334086 0.462481
0.000544196 0.00663533 0.00331766 0.461408
0.000544196 0.00658892 0.00329446 0.46033
0.000544196 0.00654252 0.00327126 0.459246
0.000544196 0.00649612 0.00324806 0.458158
0.000544196 0.00644972 0.00322486 0.457065
0.000544196 0.00640332 0.00320166 0.455966
0.000544196 0.00635692 0.00317846 0.454862
0.000544196 0.00631052 0.00315526 0.453752
0.000544196 0.00626412 0.00313206 0.452638
0.000544196 0.00621772 0.00310886 0.451517
0.000544196 0.00617132 0.00308566 0.450391
0.000544196 0.00612492 0.00306246 0.44926
0.000544196 0.00607851 0.00303926 0.448122
0.000544196 0.00603211 0.00301606 0.446979
0.000544196 0.00598571 0.00299286 0.44583
0.000544196 0.00593931 0.00296966 0.444675
0.000544196 0.00589291 0.00294646 0.443514
0.000544196 0.00584651 0.00292326 0.442347
0.000544196 0.00580011 0.00290005 0.441173
0.000544196 0.00575371 0.00287685 0.439994
0.000544196 0.00570731 0.00285365 0.438808
0.000544196 0.00566091 0.00283045 0.437615
0.000544196 0.00561451 0.00280725 0.436417
0.000544196 0.0055681 0.00278405 0.435211
0.000544196 0.0055217 0.00276085 0.433999
0.000544196 0.0054753 0.00273765 0.43278
0.000544196 0.0054289 0.00271445 0.431554
0.000544196 0.0053825 0.00269125 0.430321
0.000544196 0.0053361 0.00266805 0.42908
0.000544196 0.0052897 0.00264485 0.427833
0.000544196 0.0052433 0.00262165 0.426578
0.000544196 0.0051969 0.00259845 0.425316
0.000544196 0.0051505 0.00257525 0.424047
0.000544196 0.0051041 0.00255205 0.422769
0.000544196 0.0050577 0.00252885 0.421484
0.000544196 0.00501129 0.00250565 0.420192
0.000544196 0.00496489 0.00248245 0.418891
0.000544196 0.00491849 0.00245925 0.417582
0.000544196 0.00487209 0.00243605 0.416264
0.000544196 0.00482569 0.00241285 0.414939
0.000544196 0.00477929 0.00238965 0.413604
0.000544196 0.00473289 0.00236644 0.412262
0.000544196 0.00468649 0.00234324 0.41091
0.000544196 0.00464009 0.00232004 0.409549
0.000544196 0.00459369 0.00229684 0.408179
0.000544196 0.00454729 0.00227364 0.4068
0.000544196 0.00450088 0.00225044 0.405412
0.000544196 0.00445448 0.00222724 0.404014
0.000544196 0.00440808 0.00220404 0.402606
0.000544196 0.00436168 0.00218084 0.401189
0.000544196 0.00431528 0.00215764 0.399761
0.000544196 0.00426888 0.00213444 0.398323
0.000544196 0.00422248 0.00211124 0.396875
0.000544196 0.00417608 0.00208804 0.395415
0.000544196 0.00412968 0.00206484 0.393945
0.000544196 0.00408328 0.00204164 0.392464
0.000544196 0.00403688 0.00201844 0.390972
0.000544196 0.00399048 0.00199524 0.389468
0.000544196 0.00394407 0.00197204 0.387953
0.000544196 0.00389767 0.00194884 0.386426
0.000544196 0.00385127 0.00192564 0.384886
0.000544196 0.00380487 0.00190244 0.383334
0.000544196 0.00375847 0.00187924 0.381769
0.000544196 0.00371207 0.00185603 0.380192
0.000544196 0.00366567 0.00183283 0.378601
0.000544196 0.00361927 0.00180963 0.376997
0.000544196 0.00357287 0.00178643 0.375379
0.000544196 0.00352647 0.00176323 0.373747
0.000544196 0.00348007 0.00174003 0.3721
0.000544196 0.00343366 0.00171683 0.370439
0.000544196 0.00338726 0.00169363 0.368763
0.000544196 0.00334086 0.00167043 0.367071
0.000544196 0.00329446 0.00164723 0.365364
0.000544196 0.00324806 0.00162403 0.36364
0.000544196 0.00320166 0.00160083 0.361901
0.000544196 0.00315526 0.00157763 0.360144
0.000544196 0.00310886 0.00155443 0.35837
0.000544196 0.00306246 0.00153123 0.356578
0.000544196 0.00301606 0.00150803 0.354768
0.000544196 0.00296966 0.00148483 0.352939
0.000544196 0.00292326 0.00146163 0.351091
0.000544196 0.00287685 0.00143843 0.349224
0.000544196 0.00283045 0.00141523 0.347336
0.000544196 0.00278405 0.00139203 0.345427
0.000544196 0.00273765 0.00136883 0.343498
0.000544196 0.00269125 0.00134563 0.341546
0.000544196 0.00264485 0.00132242 0.339571
0.000544196 0.00259845 0.00129922 0.337574
0.000544196 0.00255205 0.00127602 0.335553
0.000544196 0.00250565 0.00125282 0.333506
0.000544196 0.00245925 0.00122962 0.331435
0.000544196 0.00241285 0.00120642 0.329337
0.000544196 0.00236644 0.00118322 0.327212
0.000544196 0.00232004 0.00116002 0.32506
0.000544196 0.00227364 0.00113682 0.322878
0.000544196 0.00222724 0.00111362 0.320666
0.000544196 0.00218084 0.00109042 0.318424
0.000544196 0.00213444 0.00106722 0.316149
0.000544196 0.00208804 0.00104402 0.313842
0.000544196 0.00204164 0.00102082 0.311499
0.000544196 0.00199524 0.000997619 0.309122
0.000544196 0.00194884 0.000974418 0.306706
0.000544196 0.00190244 0.000951218 0.304253
0.000544196 0.00185603 0.000928017 0.301759
0.000544196 0.00180963 0.000904817 0.299223
0.000544196 0.00176323 0.000881617 0.296643
0.000544196 0.00171683 0.000858416 0.294018
0.000544196 0.00167043 0.000835216 0.291345
0.000544196 0.00162403 0.000812015 0.288622
0.000544196 0.00157763 0.000788815 0.285846
0.000544196 0.00153123 0.000765614 0.283016
0.000544196 0.00148483 0.000742414 0.280128
0.000544196 0.00143843 0.000719214 0.277179
0.000544196 0.00139203 0.000696013 0.274166
0.000544196 0.00134563 0.000672813 0.271085
0.000544196 0.00129922 0.000649612 0.267933
0.000544196 0.00125282 0.000626412 0.264704
0.000544196 0.00120642 0.000603211 0.261395
0.000544196 0.00116002 0.000580011 0.258
0.000544196 0.00111362 0.00055681 0.254513
0.000544196 0.00106722 0.00053361 0.250928
0.000544196 0.00102082 0.00051041 0.247237
0.000544196 0.000974418 0.000487209 0.243433
0.000544196 0.000928017 0.000464009 0.239506
0.000544196 0.000881617 0.000440808 0.235446
0.000544196 0.000835216 0.000417608 0.231241
0.000544196 0.000788815 0.000394407 0.226877
0.000544196 0.000742414 0.000371207 0.222338
0.000544196 0.000696013 0.000348007 0.217606
0.000544196 0.000649612 0.000324806 0.212659
0.000544196 0.000603211 0.000301606 0.20747
0.000544196 0.00055681 0.000278405 0.202008
0.000544196 0.00051041 0.000255205 0.196233
0.000544196 0.000464009 0.000232004 0.190097
0.000544196 0.000417608 0.000208804 0.183536
0.000544196 0.000371207 0.000185603 0.17647
0.000544196 0.000324806 0.000162403 0.168788
0.000544196 0.000278405 0.000139203 0.160334
0.000544196 0.000232004 0.000116002 0.15088
0.000544196 0.000185603 9.28017e-05 0.140065
0.000544196 0.000139203 6.96013e-05 0.127258
0.000544196 9.28017e-05 4.64009e-05 0.11117
0.000544196 4.64009e-05 2.32004e-05 0.0882363
