0.005 -4.85145 -4.85145
0.01 -9.36619 -9.36619
0.015 -13.5725 -13.5725
0.02 -17.4967 -17.4967
0.025 -21.1631 -21.1631
0.03 -24.5944 -24.5944
0.035 -27.8114 -27.8114
0.04 -30.8336 -30.8336
0.045 -33.6787 -33.6787
0.05 -36.3631 -36.3631
0.055 -38.9018 -38.9018
0.06 -41.3082 -41.3082
0.065 -43.5948 -43.5948
0.07 -45.7727 -45.7727
0.075 -47.8517 -47.8517
0.08 -49.8407 -49.8407
0.085 -51.7475 -51.7475
0.09 -53.579 -53.579
0.095 -55.3411 -55.3411
0.1 -57.0391 -57.0391
0.105 -58.6772 -58.6772
0.11 -60.2591 -60.2591
0.115 -61.7879 -61.7879
0.12 -63.266 -63.266
0.125 -64.6954 -64.6954
0.13 -66.0775 -66.0775
0.135 -67.4134 -67.4134
0.14 -68.7037 -68.7037
0.145 -69.9487 -69.9487
0.15 -71.1486 -71.1486
0.155 -72.3031 -72.3031
0.16 -73.4119 -73.4119
0.165 -74.4742 -74.4742
0.17 -75.4895 -75.4895
0.175 -76.4569 -76.4569
0.18 -77.3754 -77.3754
0.185 -78.244 -78.244
0.19 -79.0618 -79.0618
0.195 -79.8277 -79.8277
0.2 -80.5406 -80.5406
0.205 -81.1995 -81.1995
0.21 -81.8035 -81.8035
0.215 -82.3516 -82.3516
0.22 -82.843 -82.843
0.225 -83.2768 -83.2768
0.23 -83.6525 -83.6525
0.235 -83.9692 -83.9692
0.24 -84.2267 -84.2267
0.245 -84.4245 -84.4245
0.25 -84.5622 -84.5622
0.255 -84.6398 -84.6398
0.26 -84.6572 -84.6572
0.265 -84.6144 -84.6144
0.27 -84.5116 -84.5116
0.275 -84.3491 -84.3491
0.28 -84.1273 -84.1273
0.285 -83.8466 -83.8466
0.29 -83.5077 -83.5077
0.295 -83.1113 -83.1113
0.3 -82.6581 -82.6581
0.305 -82.149 -82.149
0.31 -81.5849 -81.5849
0.315 -80.9669 -80.9669
0.32 -80.2959 -80.2959
0.325 -79.5731 -79.5731
0.33 -78.7996 -78.7996
0.335 -77.9767 -77.9767
0.34 -77.1057 -77.1057
0.345 -76.1877 -76.1877
0.35 -75.2241 -75.2241
0.355 -74.2161 -74.2161
0.36 -73.1651 -73.1651
0.365 -72.0725 -72.0725
0.37 -70.9395 -70.9395
0.375 -69.7676 -69.7676
0.38 -68.5579 -68.5579
0.385 -67.3118 -67.3118
0.39 -66.0307 -66.0307
0.395 -64.7157 -64.7157
0.4 -63.3682 -63.3682
0.405 -61.9895 -61.9895
0.41 -60.5806 -60.5806
0.415 -59.1429 -59.1429
0.42 -57.6775 -57.6775
0.425 -56.1855 -56.1855
0.43 -54.6682 -54.6682
0.435 -53.1264 -53.1264
0.44 -51.5614 -51.5614
0.445 -49.9741 -49.9741
0.45 -48.3656 -48.3656
0.455 -46.7368 -46.7368
0.46 -45.0887 -45.0887
0.465 -43.4221 -43.4221
0.47 -41.738 -41.738
0.475 -40.0372 -40.0372
0.48 -38.3205 -38.3205
0.485 -36.5888 -36.5888
0.49 -34.8428 -34.8428
0.495 -33.0832 -33.0832
0.5 -31.3108 -31.3108
0.505 -29.5263 -29.5263
0.51 -27.7303 -27.7303
0.515 -25.9234 -25.9234
0.52 -24.1063 -24.1063
0.525 -22.2796 -22.2796
0.53 -20.4438 -20.4438
0.535 -18.5995 -18.5995
0.54 -16.7473 -16.7473
0.545 -14.8875 -14.8875
0.55 -13.0208 -13.0208
0.555 -11.1475 -11.1475
0.56 -9.2682 -9.2682
0.565 -7.38323 -7.38323
0.57 -5.49305 -5.49305
0.575 -3.59803 -3.59803
0.58 -1.69857 -1.69857
0.585 0.204968 0.204968
0.59 2.11224 2.11224
0.595 4.02289 4.02289
0.6 5.93662 5.93662
0.605 7.8531 7.8531
0.61 9.77205 9.77205
0.615 11.6932 11.6932
0.62 13.6162 13.6162
0.625 15.5409 15.5409
0.63 17.4669 17.4669
0.635 19.3941 19.3941
0.64 21.3222 21.3222
0.645 23.2511 23.2511
0.65 25.1804 25.1804
0.655 27.11 27.11
0.66 29.0397 29.0397
0.665 30.9693 30.9693
0.67 32.8986 32.8986
0.675 34.8275 34.8275
0.68 36.7558 36.7558
0.685 38.6834 38.6834
0.69 40.61 40.61
0.695 42.5356 42.5356
0.7 44.46 44.46
0.705 46.3831 46.3831
0.71 48.3047 48.3047
0.715 50.2248 50.2248
0.72 52.1433 52.1433
0.725 54.0599 54.0599
0.73 55.9747 55.9747
0.735 57.8875 57.8875
0.74 59.7982 59.7982
0.745 61.7067 61.7067
0.75 63.613 63.613
0.755 65.517 65.517
0.76 67.4185 67.4185
0.765 69.3176 69.3176
0.77 71.2141 71.2141
0.775 73.108 73.108
0.78 74.9992 74.9992
0.785 76.8877 76.8877
0.79 78.7733 78.7733
0.795 80.6561 80.6561
0.8 82.536 82.536
0.805 84.4129 84.4129
0.81 86.2867 86.2867
0.815 88.1576 88.1576
0.82 90.0253 90.0253
0.825 91.8899 91.8899
0.83 93.7513 93.7513
0.835 95.6095 95.6095
0.84 97.4644 97.4644
0.845 99.3161 99.3161
0.85 101.164 101.164
0.855 103.009 103.009
0.86 104.851 104.851
0.865 106.689 106.689
0.87 108.524 108.524
0.875 110.355 110.355
0.88 112.183 112.183
0.885 114.008 114.008
0.89 115.829 115.829
0.895 117.646 117.646
0.9 119.46 119.46
0.905 121.27 121.27
0.91 123.077 123.077
0.915 124.88 124.88
0.92 126.68 126.68
0.925 128.476 128.476
0.93 130.269 130.269
0.935 132.057 132.057
0.94 133.843 133.843
0.945 135.624 135.624
0.95 137.402 137.402
0.955 139.177 139.177
0.96 140.947 140.947
0.965 142.714 142.714
0.97 144.478 144.478
0.975 146.238 146.238
0.98 147.994 147.994
0.985 149.746 149.746
0.99 151.495 151.495
0.995 153.24 153.24
1 154.982 154.982
