0.108 0.561424 12.3983 -1801.46 2.38458 0.117516 0.17075 0.3415 0.986182 8.10279 33.7664 5 142.079 24.4039
0.1065 0.553015 12.3381 -1801.66 2.35956 0.118073 0.160898 0.321797 0.959566 8.72002 25.4058 5 178.816 30.8259
0.105 0.544618 12.276 -1801.87 2.33406 0.118654 0.15547 0.310939 0.933426 9.15342 22.5848 5 208.839 36.1367
0.1035 0.536231 12.2124 -1802.08 2.30806 0.119259 0.151698 0.303397 0.907753 9.51694 21.0626 5 237 41.1674
0.102 0.527853 12.1399 -1802.3 2.28155 0.127343 0.148842 0.297684 0.882535 9.84222 20.0966 5 264.676 46.1568
0.1005 0.519483 12.0733 -1802.52 2.25452 0.128037 0.146578 0.293157 0.857763 10.1434 19.4317 5 292.519 51.2195
0.099 0.511121 12.0054 -1802.74 2.22694 0.128758 0.144735 0.28947 0.833427 10.4282 18.9529 5 320.919 56.4266
0.0975 0.502765 11.9362 -1802.97 2.1988 0.129509 0.143208 0.286417 0.809521 10.7015 18.5993 5 350.154 61.8302
0.096 0.494415 11.8655 -1803.2 2.17008 0.130289 0.141931 0.283861 0.786035 10.9666 18.3354 5 380.442 67.4733
0.0945 0.48607 11.7931 -1803.44 2.14076 0.1311 0.140294 0.280588 0.762963 7.51375 15.4329 4 411.974 73.3945
0.093 0.477729 11.7193 -1803.68 2.11082 0.131943 0.138866 0.277732 0.740297 7.71343 15.1359 4 444.926 79.6307
0.0915 0.469391 11.6441 -1803.92 2.08025 0.132821 0.137642 0.275284 0.718032 7.90961 14.8955 4 479.469 86.2191
0.09 0.461055 11.5674 -1804.17 2.04902 0.133733 0.136591 0.273182 0.696162 8.10331 14.7008 4 515.773 93.1971
0.0885 0.452803 11.4894 -1804.43 2.01711 0.134671 0.135668 0.271336 0.674402 8.29671 14.54 4 554.242 100.683
0.087 0.444385 11.4097 -1804.68 1.98451 0.135669 0.134918 0.269836 0.653586 8.48668 14.4192 4 594.378 108.484
0.0855 0.436072 11.3279 -1804.95 1.95118 0.136692 0.0775166 0.155033 0.632794 7.51513 11.8761 3 2438 447.344
0.084 0.427726 11.244 -1805.22 1.91711 0.137762 0.0835056 0.167011 0.612481 7.10072 11.5934 3 2110.77 389.358
0.0825 0.41935 11.1585 -1805.5 1.88226 0.138879 0.0897611 0.179522 0.592636 6.72598 11.3493 3 1841.75 341.538
0.081 0.410944 11.0713 -1805.78 1.84662 0.140046 0.0963057 0.192611 0.573248 6.38499 11.1383 3 1618.09 301.657
0.0795 0.40268 10.9826 -1806.07 1.81013 0.141241 0.103362 0.206723 0.553724 6.06137 10.9466 3 1423.18 266.951
0.078 0.394327 10.8921 -1806.37 1.7728 0.142498 0.110706 0.221413 0.534849 5.76806 10.7845 3 1260.97 237.916
0.0765 0.385968 10.7999 -1806.67 1.7346 0.143808 0.118464 0.236929 0.516332 5.49602 10.6444 3 1122.11 212.991
0.075 0.377601 10.7059 -1806.98 1.69548 0.145174 0.126671 0.253342 0.498172 5.24276 10.524 3 1002.45 191.451
0.0735 0.369226 10.6101 -1807.29 1.65543 0.146599 0.135365 0.270729 0.480365 5.00617 10.4216 3 898.705 172.721
0.072 0.360843 10.5124 -1807.61 1.6144 0.148086 0.144588 0.289176 0.462909 4.78446 10.3357 3 808.272 156.344
0.0705 0.35245 10.4127 -1807.94 1.57236 0.14964 0.154387 0.308774 0.445802 4.57612 10.2649 3 729.045 141.951
0.069 0.344047 10.3109 -1808.28 1.52929 0.151262 0.164813 0.329626 0.429043 4.37983 10.2084 3 659.316 129.243
0.0675 0.335632 10.2071 -1808.63 1.48514 0.152958 0.175922 0.351844 0.412629 4.19444 10.1652 3 597.687 117.972
0.066 0.327207 10.1012 -1808.98 1.43988 0.154733 0.187776 0.375552 0.396559 4.01896 10.1346 3 543.007 107.938
0.0645 0.318769 9.993 -1809.34 1.39346 0.15659 0.200444 0.400887 0.380832 3.85253 10.1161 3 494.318 98.9705
0.063 0.310319 9.88252 -1809.71 1.34586 0.158536 0.214001 0.428002 0.365445 3.69437 10.1092 3 450.82 90.9292
0.0615 0.301857 9.76918 -1810.09 1.29703 0.160575 0.228087 0.456174 0.350398 7.10152 11.9969 2 411.84 83.6954
0.06 0.293381 9.65224 -1810.48 1.24692 0.162714 0.242084 0.484168 0.33569 6.8582 11.837 2 376.811 77.1685
0.0585 0.284894 9.53263 -1810.88 1.19549 0.16496 0.256997 0.513993 0.321319 6.62589 11.689 2 345.249 71.2631
0.057 0.276394 9.41025 -1811.28 1.1427 0.16732 0.272908 0.545816 0.307284 6.40378 11.5522 2 316.742 65.9063
0.0555 0.267882 9.28498 -1811.7 1.08851 0.169802 0.28991 0.579821 0.293585 6.19114 11.4263 2 290.935 61.0353
0.054 0.25936 9.15673 -1812.13 1.03285 0.172416 0.308107 0.616215 0.280219 5.98731 11.3105 2 267.524 56.5959
0.0525 0.250827 9.02537 -1812.57 0.975684 0.17517 0.327614 0.655229 0.267186 5.79169 11.2047 2 246.244 52.5413
0.051 0.242286 8.89078 -1813.02 0.916957 0.178076 0.348561 0.697122 0.254484 5.60374 11.1083 2 226.867 48.8307
0.0495 0.233738 8.75281 -1813.48 0.856616 0.181147 0.371093 0.742187 0.242112 5.42299 11.0212 2 209.193 45.4287
0.048 0.225186 8.61133 -1813.95 0.794604 0.184394 0.395376 0.790752 0.23007 5.24899 10.9432 2 193.046 42.3039
0.0465 0.216632 8.46618 -1814.43 0.730864 0.187833 0.421595 0.84319 0.218355 5.08135 10.8742 2 178.273 39.4291
0.045 0.208079 8.31674 -1814.93 0.665336 0.191482 0.449231 0.898462 0.206965 7.39157 12.496 1 164.738 36.7801
0.0435 0.199531 8.1631 -1815.44 0.597957 0.195357 0.478846 0.957691 0.1959 7.17354 12.3516 1 152.323 34.3356
0.042 0.190991 8.00522 -1815.96 0.528664 0.199481 0.510943 1.02189 0.185157 6.96301 12.2166 1 140.921 32.0765
0.0405 0.182466 7.84291 -1816.49 0.457389 0.203878 0.545814 1.09163 0.174735 6.75957 12.0909 1 130.438 29.9862
0.039 0.17396 7.67593 -1817.04 0.384061 0.208573 0.583795 1.16759 0.16463 6.56287 11.9745 1 120.79 28.0495
0.0375 0.165481 7.50404 -1817.6 0.308609 0.213599 0.625277 1.25055 0.154841 6.37257 11.8673 1 111.902 26.253
0.036 0.157034 7.32698 -1818.17 0.230954 0.21899 0.670717 1.34143 0.145364 6.18838 11.7695 1 103.707 24.5846
0.0345 0.148628 7.14443 -1818.76 0.151016 0.224788 0.720652 1.4413 0.136197 6.00999 11.6811 1 96.144 23.0335
0.033 0.140273 6.95608 -1819.36 0.0687089 0.23104 0.775719 1.55144 0.127336 5.83714 11.6024 1 89.1589 21.5899
0.0315 0.131977 6.76156 -1819.97 -0.0160604 0.237801 0.836675 1.67335 0.118778 5.66958 11.5338 1 82.7023 20.2449
0.03 0.123751 6.56045 -1820.6 -0.103391 0.245137 0.904434 1.80887 0.110519 5.50707 11.4756 1 76.7296 18.9904
0.0285 0.115607 6.3523 -1821.24 -0.193389 0.253125 0.980104 1.96021 0.102554 5.34936 11.4284 1 71.2 17.8191
0.027 0.107559 6.13655 -1821.9 -0.286175 0.261858 1.06504 2.13008 0.0948788 5.19623 11.3928 1 66.0769 16.7243
0.0255 0.0996185 5.91261 -1822.58 -0.381879 0.271448 1.16093 2.32186 0.0874883 5.04746 11.3699 1 61.3261 15.7
0.024 0.0918014 5.67975 -1823.27 -0.480649 0.282032 1.26988 2.53975 0.0803773 4.90282 11.3606 1 56.9167 14.7403
0.0225 0.0841229 5.43714 -1823.98 -0.582651 0.293777 1.39457 2.78913 0.0735401 4.76208 11.3664 1 52.8199 13.84
0.021 0.0765994 5.18377 -1824.7 -0.688079 0.306896 1.53847 3.07694 0.0669709 4.62499 11.3889 1 49.0093 12.9944
0.0195 0.0692482 4.91844 -1825.45 -0.797157 0.321655 1.70613 3.41227 0.0606633 4.49129 11.4304 1 45.4599 12.1986
0.018 0.0620875 4.63967 -1826.22 -0.910148 0.3384 1.90367 3.80734 0.054611 4.36069 11.4937 1 42.1485 11.4484
0.0165 0.055136 4.34564 -1827.01 -1.02737 0.357586 2.13944 4.27888 0.0488074 4.23287 11.5826 1 39.0532 10.7397
0.015 0.0484136 4.034 -1827.83 -1.1492 0.379821 2.42525 4.8505 0.0432457 4.10744 11.7019 1 36.1526 10.0682
0.0135 0.0419408 3.70176 -1828.69 -1.27611 0.405947 2.77824 5.55648 0.0379194 3.98396 11.8585 1 33.4262 9.4299
0.012 0.0357392 3.34492 -1829.58 -1.40867 0.437158 3.22433 6.44866 0.0328219 3.86187 12.0617 1 30.8533 8.82065
0.0105 0.0298321 2.95798 -1830.51 -1.5476 0.475215 3.80457 7.60914 0.027947 3.74045 12.3257 1 28.4127 8.23596
0.009 0.0242447 2.5331 -1831.51 -1.6938 0.52283 4.58797 9.17595 0.0232894 3.61872 12.6717 1 26.081 7.67077
0.0075 0.0190056 2.05844 -1832.58 -1.84844 0.584439 5.69998 11.4 0.0188446 3.4953 13.1348 1 23.8315 7.11895
0.006 0.0141493 1.51484 -1833.76 -2.01299 0.667874 7.39422 14.7884 0.0146101 3.36802 13.7771 1 21.6293 6.57223
0.0045 0.00972004 0.867767 -1835.11 -2.18934 0.788602 10.2701 20.5402 0.0105865 3.23319 14.7247 1 19.4231 6.01786
0.003 0.00578109 0.0433692 -1836.75 -2.37976 0.983101 16.1547 32.3095 0.00678062 3.08317 16.2895 1 17.1178 5.43167
0.0015 0.00243974 -1.17875 -1839.05 -2.5859 1.37326 34.3963 68.7926 0.00321418 2.89611 19.6242 1 14.4597 4.74849
