0.1395 2.22097 36.2323 -1799.54 -11.4717 0 1.29548 2.59097 0.995865 6.09364 37.9649 5 129.787 39.8303
0.138 2.18921 36.1003 -1799.68 -11.4719 0 1.23409 2.46817 0.984897 6.46633 26.1599 5 155.103 47.6072
0.1365 2.15757 35.9653 -1799.82 -11.4722 0 1.20141 2.40282 0.97393 6.71521 22.6471 5 173.729 53.3327
0.135 2.12604 35.828 -1799.96 -11.4725 0 1.17844 2.35688 0.962964 6.92215 20.7666 5 190.31 58.4327
0.1335 2.09463 35.6885 -1800.1 -11.4728 0 1.16071 2.32141 0.951999 7.10689 19.5552 5 205.981 63.2548
0.132 2.06337 35.5482 -1800.26 -11.4731 0 1.1458 2.2916 0.940706 7.28116 18.6722 5 221.583 68.0663
0.1305 2.0322 35.4051 -1800.41 -11.4734 0 1.13386 2.26771 0.929753 7.44243 18.0373 5 236.661 72.7104
0.129 2.00114 35.2602 -1800.56 -11.4737 0 1.12367 2.24735 0.918802 7.5972 17.5444 5 251.763 77.3638
0.1275 1.9702 35.1135 -1800.71 -11.474 0 1.11487 2.22975 0.907852 7.74725 17.1521 5 267.008 82.0629
0.126 1.93939 34.9653 -1800.86 -11.4743 0 1.1072 2.21439 0.896903 7.89383 16.8347 5 282.487 86.8358
0.1245 1.90872 34.8162 -1801.03 -11.4746 0 1.10016 2.20032 0.885659 8.04001 16.5649 5 298.571 91.8085
0.123 1.87815 34.6646 -1801.19 -11.4749 0 1.09424 2.18848 0.874722 8.18211 16.3521 5 314.721 96.7923
0.1215 1.8477 34.5114 -1801.34 -11.4753 0 1.089 2.178 0.863786 8.32299 16.1761 5 331.299 101.91
0.12 1.81738 34.3566 -1801.5 -11.4756 0 1.08435 2.16871 0.852852 8.46312 16.0304 5 348.359 107.179
0.1185 1.78718 34.2001 -1801.67 -11.4759 0 1.08024 2.16048 0.841919 8.60288 15.9105 5 365.952 112.613
0.117 1.75714 34.0428 -1801.84 -11.4763 0 1.07637 2.15275 0.830675 8.74448 15.8062 5 384.462 118.35
0.1155 1.72719 33.883 -1802.01 -11.4767 0 1.07318 2.14637 0.819755 8.88438 15.728 5 403.262 124.162
0.114 1.69738 33.7215 -1802.18 -11.477 0 1.07038 2.14077 0.808837 9.02482 15.6664 5 422.745 130.187
0.1125 1.6677 33.5583 -1802.34 -11.4774 0 1.06795 2.13589 0.79792 9.16603 15.6197 5 442.96 136.442
0.111 1.63814 33.3934 -1802.52 -11.4778 0 1.06584 2.13168 0.787005 9.30823 15.5863 5 463.961 142.941
0.1095 1.60875 33.2264 -1802.7 -11.4782 0 1.06205 2.1241 0.77576 6.31294 13.3314 4 486.202 149.85
0.108 1.57947 33.0565 -1802.88 -11.4786 0 1.05849 2.11698 0.76486 6.42216 13.244 4 508.941 156.893
0.1065 1.55031 32.8847 -1803.06 -11.479 0 1.05531 2.11062 0.753961 6.53224 13.1692 4 532.641 164.236
0.105 1.5213 32.711 -1803.24 -11.4794 0 1.05249 2.10498 0.743064 6.64332 13.1061 4 557.367 171.899
0.1035 1.49242 32.5354 -1803.42 -11.4798 0 1.05 2.10001 0.732169 6.75555 13.0536 4 583.187 179.904
0.102 1.46371 32.3588 -1803.62 -11.4802 0 1.04761 2.09522 0.720926 6.87057 13.0057 4 610.665 188.461
0.1005 1.43511 32.1793 -1803.8 -11.4807 0 1.04576 2.09152 0.710047 6.98545 12.9727 4 638.899 197.222
0.099 1.40665 31.9978 -1803.99 -11.4811 0 1.0442 2.08839 0.69917 7.1019 12.9483 4 668.464 206.399
0.0975 1.37833 31.8143 -1804.18 -11.4816 0 1.04291 2.08582 0.688295 7.22005 12.9321 4 699.451 216.021
0.096 1.35019 31.6295 -1804.39 -11.4821 0 1.04171 2.08343 0.677122 7.34128 12.9197 4 732.439 226.307
0.0945 1.32216 31.4418 -1804.59 -11.4825 0 1.04096 2.08192 0.666263 7.46321 12.9188 4 766.569 236.914
0.093 1.29428 31.2519 -1804.78 -11.483 0 1.04045 2.08091 0.655405 7.58727 12.925 4 802.436 248.065
0.0915 1.26655 31.0596 -1804.98 -11.4835 0 0.573522 1.14704 0.644551 6.99504 10.8526 3 3643.46 1126.65
0.09 1.239 30.8607 -1805.2 -11.4841 0 0.599087 1.19817 0.633384 6.80816 10.7489 3 3390.26 1048.84
0.0885 1.21157 30.6589 -1805.41 -11.4846 0 0.624962 1.24992 0.622545 6.63689 10.6609 3 3168.65 980.563
0.087 1.1843 30.4545 -1805.63 -11.4851 0 0.651851 1.3037 0.61171 6.47283 10.5815 3 2966.07 918.141
0.0855 1.15718 30.2477 -1805.84 -11.4857 0 0.679817 1.35963 0.600877 6.31544 10.5104 3 2780.45 860.937
0.084 1.13025 30.039 -1806.08 -11.4863 0 0.70971 1.41942 0.589718 6.15746 10.4414 3 2603.02 806.42
0.0825 1.10345 29.8269 -1806.3 -11.4868 0 0.740048 1.4801 0.578903 6.0124 10.3858 3 2446.82 758.26
0.081 1.0768 29.6122 -1806.52 -11.4874 0 0.77169 1.54338 0.568092 5.87264 10.3375 3 2302.72 713.83
0.0795 1.05033 29.3946 -1806.75 -11.488 0 0.804723 1.60945 0.557284 5.73783 10.2961 3 2169.53 672.761
0.078 1.02405 29.175 -1807 -11.4887 0 0.840203 1.68041 0.546134 5.60122 10.2561 3 2040.65 633.164
0.0765 0.9979 28.9517 -1807.23 -11.4893 0 0.876316 1.75263 0.535346 5.47569 10.2283 3 1926.77 598.033
0.075 0.971925 28.7254 -1807.46 -11.49 0 0.914131 1.82826 0.524562 5.35417 10.2069 3 1820.94 565.38
0.0735 0.946121 28.496 -1807.7 -11.4907 0 0.953767 1.90753 0.513781 5.23639 10.1919 3 1722.43 534.984
0.072 0.920523 28.2641 -1807.97 -11.4914 0 0.996564 1.99313 0.502642 5.11592 10.1781 3 1626.01 505.367
0.0705 0.895069 28.0282 -1808.21 -11.4921 0 1.04027 2.08053 0.491884 5.00527 10.1757 3 1540.68 479.022
0.069 0.869795 27.7889 -1808.46 -11.4928 0 1.08623 2.17246 0.481131 4.89769 10.1795 3 1460.88 454.384
0.0675 0.844726 27.5467 -1808.73 -11.4936 0 1.13574 2.27148 0.470093 4.78828 10.1858 3 1383.05 430.453
0.066 0.819817 27.3002 -1808.99 -11.4944 0 1.18677 2.37355 0.459359 4.68652 10.2023 3 1313.26 408.894
0.0645 0.795096 27.0501 -1809.25 -11.4952 0 1.24065 2.48129 0.448631 4.58727 10.225 3 1247.73 388.651
0.063 0.770589 26.7966 -1809.54 -11.4961 0 1.29894 2.59788 0.437609 4.48572 10.2505 3 1183.36 368.86
0.0615 0.746258 26.5388 -1809.81 -11.497 0 1.35974 2.71948 0.426797 4.38966 10.2851 3 1124.68 350.756
0.06 0.722124 26.2767 -1810.09 -11.4979 0 1.4242 2.8484 0.415993 4.29575 10.3265 3 1069.44 333.711
0.0585 0.698188 26.0104 -1810.38 -11.4988 0 1.49265 2.9853 0.405199 4.20386 10.3748 3 1017.38 317.645
0.057 0.674456 25.7395 -1810.67 -11.4998 0 1.56544 3.13089 0.394413 4.11386 10.4303 3 968.257 302.486
0.0555 0.650929 25.464 -1810.97 -11.5008 0 1.64299 3.28598 0.383637 4.02562 10.4933 3 921.864 288.167
0.054 0.627613 25.1836 -1811.27 -11.5018 0 1.72575 3.4515 0.372871 3.93904 10.5641 3 878.002 274.627
0.0525 0.60451 24.8982 -1811.58 -11.5028 0 1.81423 3.62845 0.362115 3.85399 10.643 3 836.491 261.811
0.051 0.581625 24.6043 -1811.9 -11.504 0 1.90607 3.81213 0.35137 7.55237 12.7409 2 797.167 249.67
0.0495 0.558962 24.2984 -1812.23 -11.5051 0 1.99827 3.99653 0.340636 7.4222 12.7171 2 759.879 238.155
0.048 0.536525 23.9859 -1812.56 -11.5063 0 2.0968 4.19361 0.329913 7.29445 12.6997 2 724.488 227.225
0.0465 0.51432 23.6666 -1812.91 -11.5075 0 2.20233 4.40466 0.319203 7.16897 12.6889 2 690.866 216.841
0.045 0.49235 23.34 -1813.26 -11.5088 0 2.31559 4.63117 0.308506 7.0456 12.6849 2 658.897 206.965
0.0435 0.470622 23.0058 -1813.62 -11.5102 0 2.43743 4.87486 0.297821 6.92421 12.688 2 628.472 197.566
0.042 0.449141 22.6635 -1813.99 -11.5116 0 2.56884 5.13768 0.287151 6.80464 12.6984 2 599.49 188.611
0.0405 0.427913 22.3127 -1814.37 -11.513 0 2.71094 5.42188 0.276495 6.68677 12.7167 2 571.858 180.072
0.039 0.406943 21.9528 -1814.76 -11.5146 0 2.86505 5.73009 0.265855 6.57046 12.7431 2 545.491 171.923
0.0375 0.38623 21.5832 -1815.15 -11.5161 0 3.03111 6.06221 0.255354 6.45891 12.7817 2 520.938 164.305
0.036 0.365808 21.2034 -1815.58 -11.5178 0 3.21564 6.43128 0.244622 6.34193 12.8225 2 496.233 156.698
0.0345 0.345656 20.8125 -1816 -11.5196 0 3.41604 6.83209 0.234032 6.22944 12.8769 2 473.199 149.576
0.033 0.325793 20.4098 -1816.44 -11.5214 0 3.6364 7.2728 0.223461 6.11795 12.9421 2 451.139 142.755
0.0315 0.306226 19.9932 -1816.9 -11.5234 0 3.87797 7.75595 0.21291 9.01503 15.0974 1 429.991 136.216
0.03 0.286966 19.5587 -1817.37 -11.5254 0 4.13907 8.27814 0.202379 8.86868 15.1056 1 409.7 129.94
0.0285 0.268022 19.1089 -1817.86 -11.5276 0 4.42945 8.85891 0.19187 8.72344 15.1246 1 390.21 123.911
0.027 0.249405 18.6424 -1818.37 -11.5299 0 4.75419 9.50839 0.181385 8.57911 15.1557 1 371.469 118.113
0.0255 0.231128 18.1575 -1818.9 -11.5323 0 5.11957 10.2391 0.170924 8.43546 15.1999 1 353.427 112.531
0.024 0.213203 17.6525 -1819.46 -11.5349 0 5.53348 11.067 0.16049 8.29227 15.2589 1 336.039 107.15
0.0225 0.195646 17.1253 -1820.04 -11.5377 0 6.00594 12.0119 0.150085 8.14928 15.3346 1 319.258 101.956
0.021 0.178472 16.5732 -1820.64 -11.5406 0 6.54995 13.0999 0.139709 8.00619 15.4295 1 303.039 96.9354
0.0195 0.1617 15.9934 -1821.28 -11.5438 0 7.18254 14.3651 0.129366 7.86268 15.5464 1 287.338 92.0739
0.018 0.145349 15.382 -1821.95 -11.5472 0 7.92656 15.8531 0.119057 7.71837 15.6894 1 272.111 87.3583
0.0165 0.129445 14.7346 -1822.66 -11.5509 0 8.81334 17.6267 0.108787 7.57283 15.8635 1 257.312 82.774
0.015 0.114012 14.0455 -1823.42 -11.5549 0 9.887 19.774 0.0985567 7.42552 16.0755 1 242.894 78.3063
0.0135 0.0990831 13.3076 -1824.24 -11.5594 0 11.2116 22.4232 0.0883715 7.2758 16.3347 1 228.805 73.9392
0.012 0.0846945 12.5114 -1825.12 -11.5642 0 12.8839 25.7679 0.0782351 7.12283 16.654 1 214.986 69.6543
0.0105 0.070891 11.6442 -1826.07 -11.5697 0 15.057 30.1141 0.0681528 6.96553 17.0527 1 201.37 65.4302
0.009 0.0577278 10.688 -1827.13 -11.5758 0 17.9877 35.9755 0.0581309 6.80242 17.5601 1 187.873 61.2401
0.0075 0.0452753 9.61664 -1828.31 -11.5827 0 22.1421 44.2842 0.048177 6.63136 18.2245 1 174.38 57.0479
0.006 0.0336269 8.38832 -1829.67 -11.5909 0 28.46 56.9199 0.038301 6.44907 19.132 1 160.726 52.8011
0.0045 0.0229148 6.93044 -1831.27 -11.6006 0 39.1556 78.3111 0.0285162 6.24996 20.4572 1 146.641 48.4129
0.003 0.013344 5.09464 -1833.29 -11.6128 0 60.9472 121.894 0.018842 6.02294 22.6342 1 131.602 43.7148
0.0015 0.00529311 2.47057 -1836.15 -11.6296 0 127.936 255.871 0.0093103 5.73853 27.278 1 114.224 38.2594
