0.15 4.82701 80.2828 -1764.55 -16.3874 0 2.26723 4.53447 0.980988 5.13723 19.2482 5 86.8367 43.4132
0.1485 4.76275 79.9702 -1764.44 -16.3839 0 2.26854 4.53707 0.980011 5.18614 19.1093 5 88.5355 44.2627
0.147 4.69872 79.6574 -1764.33 -16.3783 0 2.27017 4.54033 0.979041 5.2353 18.9884 5 90.2464 45.1182
0.1455 4.6349 79.3448 -1764.23 -16.3707 0 2.2717 4.5434 0.978014 5.2857 18.8677 5 92.0267 46.0085
0.144 4.5713 79.0327 -1764.15 -16.3611 0 2.27286 4.54572 0.976875 5.33804 18.7364 5 93.9198 46.9551
0.1425 4.50792 78.7205 -1764.08 -16.3495 0 2.27419 4.54837 0.975714 5.39108 18.6162 5 95.8536 47.9221
0.141 4.44476 78.4085 -1764.02 -16.3359 0 2.27538 4.55077 0.974477 5.44557 18.4956 5 97.8734 48.9322
0.1395 4.38183 78.0967 -1763.98 -16.3205 0 2.27621 4.55243 0.973115 5.50211 18.3665 5 100.02 50.0055
0.138 4.31912 77.7848 -1763.95 -16.303 0 2.27721 4.55442 0.971722 5.55948 18.248 5 102.218 51.1048
0.1365 4.25663 77.4729 -1763.93 -16.2837 0 2.27808 4.55615 0.970238 5.61844 18.1299 5 104.518 52.2546
0.135 4.19438 77.1609 -1763.92 -16.2626 0 2.27883 4.55766 0.968662 5.67898 18.0128 5 106.921 53.4563
0.1335 4.13236 76.849 -1763.93 -16.2398 0 2.27921 4.55841 0.966931 5.74185 17.8886 5 109.479 54.7354
0.132 4.07057 76.5368 -1763.95 -16.2152 0 2.27966 4.55932 0.965134 5.80595 17.7722 5 112.123 56.0575
0.1305 4.00901 76.2244 -1763.99 -16.1889 0 2.28012 4.56024 0.963255 5.8715 17.661 5 114.869 57.4309
0.129 3.94768 75.9117 -1764.03 -16.1608 0 2.28042 4.56084 0.961249 5.93898 17.5503 5 117.755 58.8736
0.1275 3.8866 75.5988 -1764.09 -16.1314 0 2.2804 4.5608 0.959068 6.0089 17.4358 5 120.819 60.4059
0.126 3.82575 75.2854 -1764.16 -16.1002 0 2.28046 4.56092 0.956801 6.08028 17.3287 5 123.996 61.9946
0.1245 3.76515 74.9718 -1764.25 -16.0678 0 2.2802 4.5604 0.95434 6.15424 17.2185 5 127.373 63.6834
0.123 3.70478 74.6575 -1764.35 -16.0339 0 2.27992 4.55984 0.951753 6.23005 17.1134 5 130.901 65.4476
0.1215 3.64467 74.3426 -1764.46 -15.9987 0 2.27948 4.55895 0.948992 6.3082 17.0095 5 134.623 67.3085
0.12 3.5848 74.0272 -1764.59 -15.9624 0 2.27887 4.55774 0.946046 6.38875 16.9073 5 138.55 69.2721
0.1185 3.52517 73.711 -1764.73 -15.925 0 2.2781 4.5562 0.942904 6.4718 16.807 5 142.697 71.3459
0.117 3.4658 73.3939 -1764.88 -15.8866 0 2.27718 4.55436 0.939555 6.55742 16.7089 5 147.079 73.5373
0.1155 3.40668 73.0759 -1765.04 -15.8471 0 2.27623 4.55247 0.936029 6.64535 16.6159 5 151.682 75.8388
0.114 3.34782 72.7569 -1765.22 -15.8068 0 2.27513 4.55025 0.932269 6.73607 16.5251 5 156.557 78.2762
0.1125 3.28922 72.4786 -1765.85 -15.8423 0 2.32032 4.64065 0.863721 4.46194 15.1026 4 173.45 86.7229
0.111 3.23087 72.2025 -1767.82 -16.062 0 2.12703 4.25407 0.852245 7.39978 13.9971 5 221.057 110.526
0.1095 3.17279 71.7924 -1765.84 -15.6825 0 2.2711 4.5422 0.919527 7.02533 16.2723 5 172.957 86.477
0.108 3.11497 71.468 -1766.07 -15.6401 0 2.26959 4.53919 0.914771 7.12762 16.1963 5 179.074 89.536
0.1065 3.05742 71.142 -1766.32 -15.5977 0 2.26796 4.53593 0.909714 7.23321 16.1234 5 185.578 92.7879
0.105 3.00014 70.8142 -1766.57 -15.555 0 2.26633 4.53266 0.904392 7.34182 16.0561 5 192.456 96.2275
0.1035 2.94313 70.4845 -1766.85 -15.5125 0 2.26456 4.52912 0.89873 7.45405 15.9919 5 199.791 99.895
0.102 2.8864 70.1639 -1768.74 -15.8264 0 2.15425 4.30849 0.830508 7.95099 14.3672 5 258.588 129.293
0.1005 2.82994 69.8209 -1769.19 -15.8264 0 2.14743 4.29486 0.81829 8.09526 14.2924 5 272.923 136.461
0.099 2.77376 69.4738 -1769.64 -15.8265 0 2.14158 4.28317 0.806066 8.24036 14.2362 5 287.867 143.933
0.0975 2.71787 69.1226 -1770.09 -15.8266 0 2.13662 4.27323 0.793833 8.38659 14.1964 5 303.473 151.736
0.096 2.66226 68.7662 -1770.55 -15.8267 0 2.1312 4.2624 0.781592 5.69286 12.1817 4 319.783 159.892
0.0945 2.60694 68.3945 -1772.19 -16.0077 0 2.07526 4.15051 0.704425 5.93911 11.5673 4 370.641 185.321
0.093 2.55192 68.0307 -1774.05 -16.1597 0 2.03164 4.06328 0.693253 6.16446 11.1301 4 425.262 212.629
0.0915 2.49718 67.6519 -1774.51 -16.1597 0 2.02966 4.05933 0.718551 6.27162 11.1229 4 445.868 222.932
0.09 2.44275 67.2652 -1774.2 -16.0807 0 2.04702 4.09404 0.701844 6.32208 11.3067 4 446.69 223.345
0.0885 2.38862 66.8788 -1774.85 -16.0997 0 2.04102 4.08204 0.68574 6.44814 11.2613 4 473.841 236.921
0.087 2.33479 66.4873 -1775.5 -16.117 0 2.0363 4.07261 0.670134 6.57451 11.2312 4 502.153 251.077
0.0855 2.28127 66.0906 -1776.15 -16.1327 0 2.03272 4.06543 0.654949 6.70166 11.2142 4 531.768 265.884
0.084 2.22807 65.6888 -1776.79 -16.1472 0 2.03014 4.06028 0.640128 6.82999 11.2089 4 562.827 281.414
0.0825 2.17517 65.2421 -1778.79 -16.2636 0 1.35629 2.71259 0.625624 5.2046 8.79605 3 1586.26 793.132
0.081 2.1226 64.8168 -1779.4 -16.2704 0 1.42217 2.84434 0.611401 5.05544 8.72768 3 1473.93 736.966
0.0795 2.07036 64.386 -1780.02 -16.2767 0 1.49055 2.9811 0.597428 4.91453 8.66876 3 1372.95 686.475
0.078 2.01844 63.9494 -1780.63 -16.2825 0 1.56163 3.12327 0.583682 4.78103 8.61858 3 1281.76 640.882
0.0765 1.96685 63.507 -1781.25 -16.288 0 1.63565 3.2713 0.57014 4.65418 8.57655 3 1199.08 599.542
0.075 1.91559 63.0585 -1781.88 -16.2932 0 1.71283 3.42567 0.556786 4.53334 8.5422 3 1123.84 561.919
0.0735 1.86468 62.6039 -1782.51 -16.2981 0 1.79343 3.58687 0.543604 4.41797 8.51513 3 1055.12 527.561
0.072 1.81412 62.1429 -1783.14 -16.3027 0 1.87773 3.75545 0.507057 4.30755 8.49502 3 992.169 496.085
0.0705 1.7639 61.6753 -1783.69 -16.3028 0 1.95877 3.91755 0.517707 4.21718 8.494 3 941.5 470.751
0.069 1.71404 61.2197 -1782.69 -16.2035 0 1.90705 3.8141 0.474697 4.42572 8.73477 3 1032.46 516.241
0.0675 1.66454 60.7196 -1785.08 -16.3151 0 2.15582 4.31163 0.492362 4.00202 8.47415 3 831.822 415.911
0.066 1.6154 60.2311 -1785.74 -16.3189 0 2.25808 4.51616 0.479875 3.90762 8.47985 3 786.257 393.128
0.0645 1.56664 59.7351 -1786.4 -16.3224 0 2.36579 4.73159 0.461775 3.81644 8.49173 3 743.979 371.989
0.063 1.51825 59.2315 -1787.07 -16.3258 0 2.47941 4.95883 0.455236 3.72825 8.50978 3 704.669 352.334
0.0615 1.47024 58.7199 -1787.75 -16.329 0 2.59945 5.1989 0.443072 3.64283 8.53402 3 668.047 334.023
0.06 1.42262 58.2 -1788.44 -16.3321 0 2.72647 5.45293 0.431006 3.55995 8.56449 3 633.866 316.933
0.0585 1.3754 57.6715 -1789.14 -16.335 0 2.86108 5.72215 0.419031 3.47944 8.60131 3 601.907 300.954
0.057 1.32858 57.1341 -1789.85 -16.3378 0 3.00399 6.00797 0.407145 3.40113 8.6446 3 571.975 285.987
0.0555 1.28217 56.5875 -1790.57 -16.3405 0 3.15596 6.31192 0.395343 3.32484 8.69454 3 543.897 271.948
0.054 1.23617 56.0313 -1791.3 -16.3431 0 3.31787 6.63574 0.383621 3.25044 8.75136 3 517.518 258.759
0.0525 1.1906 55.465 -1792.04 -16.3456 0 3.49069 6.98139 0.371977 3.17778 8.81531 3 492.699 246.349
0.051 1.14546 54.8794 -1792.79 -16.3479 0 3.66713 7.33425 0.360407 6.22772 10.5329 2 469.3 234.653
0.0495 1.10077 54.2729 -1793.55 -16.3502 0 3.84648 7.69297 0.348909 6.11725 10.5104 2 447.216 223.617
0.048 1.05652 53.6535 -1794.32 -16.3524 0 4.03787 8.07575 0.337479 6.0094 10.4938 2 426.354 213.19
0.0465 1.01272 53.0207 -1795.11 -16.3545 0 4.24253 8.48506 0.326117 5.90401 10.4832 2 406.621 203.329
0.045 0.969403 52.3736 -1795.91 -16.3565 0 4.46187 8.92374 0.314819 5.8009 10.4788 2 387.932 193.989
0.0435 0.926559 51.7002 -1798.19 -16.3847 0 4.86474 9.72947 0.303583 5.50398 10.2806 2 345.295 172.647
0.042 0.884205 51.0216 -1799.06 -16.3856 0 5.12907 10.2581 0.292409 5.40677 10.2895 2 329.58 164.79
0.0405 0.842353 50.3262 -1799.96 -16.3865 0 5.41455 10.8291 0.281293 5.31139 10.3052 2 314.651 157.325
0.039 0.801014 49.6129 -1800.87 -16.3872 0 5.72376 11.4475 0.270235 5.2177 10.3281 2 300.451 150.226
0.0375 0.760201 48.8807 -1801.81 -16.3878 0 6.05972 12.1194 0.259232 5.12556 10.3584 2 286.929 143.464
0.036 0.71993 48.1282 -1802.77 -16.3883 0 6.42594 12.8519 0.248284 5.03484 10.3966 2 274.038 137.019
0.0345 0.680214 47.3541 -1803.75 -16.3886 0 6.8266 13.6532 0.237389 4.9454 10.4434 2 261.734 130.867
0.033 0.64107 46.5549 -1805.17 -16.3885 0 7.32069 14.6414 0.226546 7.23187 12.1223 1 246.238 123.119
0.0315 0.602514 45.7229 -1806.21 -16.3881 0 7.79347 15.5869 0.215754 7.11664 12.125 1 235.205 117.602
0.03 0.564566 44.8633 -1807.28 -16.3876 0 8.316 16.632 0.205012 7.00295 12.1364 1 224.637 112.319
0.0285 0.527245 43.9736 -1808.38 -16.3869 0 8.89639 17.7928 0.19432 6.89061 12.1572 1 214.504 107.252
0.027 0.490574 43.0512 -1809.53 -16.3861 0 9.54459 19.0892 0.183675 6.77946 12.1882 1 204.774 102.387
0.0255 0.454575 42.0929 -1810.71 -16.385 0 10.2729 20.5459 0.173078 6.66931 12.2306 1 195.419 97.7095
0.024 0.419276 41.0953 -1811.93 -16.3839 0 11.0969 22.1939 0.162527 6.55997 12.2854 1 186.411 93.2056
0.0225 0.384706 40.0542 -1813.2 -16.3825 0 12.0363 24.0725 0.152023 6.45122 12.3545 1 177.724 88.8622
0.021 0.350895 38.9645 -1814.53 -16.381 0 13.1163 26.2327 0.141564 6.34285 12.4397 1 169.333 84.6667
0.0195 0.317881 37.8204 -1815.92 -16.3793 0 14.3705 28.7411 0.131151 6.2346 12.5437 1 161.213 80.6064
0.018 0.285703 36.6148 -1817.37 -16.3774 0 15.8436 31.6872 0.120783 6.12619 12.6696 1 153.338 76.6688
0.0165 0.254407 35.3387 -1818.91 -16.3753 0 17.5968 35.1935 0.110459 6.01728 12.8217 1 145.682 72.8412
0.015 0.224047 33.9813 -1820.54 -16.3729 0 19.7162 39.4324 0.100181 5.90747 13.0056 1 138.22 69.1101
0.0135 0.194683 32.5284 -1822.27 -16.3702 0 22.3271 44.6542 0.0899463 5.7963 13.2291 1 130.922 65.4611
0.012 0.166389 30.9615 -1824.13 -16.3672 0 25.6181 51.2362 0.079757 5.68314 13.5031 1 123.756 61.8779
0.0105 0.139252 29.2559 -1826.15 -16.3638 0 29.8876 59.7752 0.0696128 5.56719 13.8434 1 116.682 58.3412
0.009 0.11338 27.3766 -1828.37 -16.3599 0 35.6358 71.2717 0.0595144 5.44737 14.2746 1 109.654 54.827
0.0075 0.088912 25.2721 -1830.84 -16.3555 0 43.7696 87.5392 0.0494628 5.32209 14.8368 1 102.606 51.3028
0.006 0.0660306 22.8608 -1833.65 -16.3503 0 56.1163 112.233 0.0393214 5.18891 15.6015 1 95.4427 47.7213
0.0045 0.0449942 20.0005 -1836.97 -16.344 0 76.9769 153.954 0.0286165 5.04364 16.7138 1 88.0083 44.0042
0.003 0.0262037 16.4006 -1841.12 -16.3359 0 119.39 238.779 0.0181717 4.87785 18.5333 1 79.996 39.998
0.0015 0.0103986 11.2472 -1846.93 -16.3268 0 248.902 497.803 0.0091259 4.67948 22.4379 1 70.9781 35.4185
