0.108 0.559176 12.4557 -1801.47 2.32583 0 0.168112 0.336224 0.98134 8.22936 31.0265 5 149.024 25.6916
0.1065 0.550738 12.3955 -1801.67 2.30053 0 0.15959 0.319181 0.954823 8.79087 24.6826 5 183.464 31.7403
0.105 0.542312 12.3336 -1801.88 2.27474 0 0.154563 0.309127 0.928789 9.20646 22.2115 5 212.817 36.9521
0.1035 0.533899 12.2702 -1802.09 2.24844 0 0.150998 0.301996 0.903228 9.56044 20.8238 5 240.666 41.9435
0.102 0.525496 12.2053 -1802.31 2.22162 0 0.14827 0.29654 0.878127 9.87951 19.9266 5 268.178 46.9178
0.1005 0.517102 12.139 -1802.53 2.19425 0 0.146095 0.292191 0.853477 10.1762 19.3027 5 295.934 51.9783
0.099 0.508717 12.0714 -1802.75 2.16633 0 0.144318 0.288636 0.829266 10.4576 18.8506 5 324.296 57.1909
0.0975 0.50034 12.0024 -1802.98 2.13783 0 0.142843 0.285686 0.805487 10.7282 18.5158 5 353.523 62.6054
0.096 0.49197 11.9321 -1803.21 2.10874 0 0.141535 0.28307 0.78213 7.33097 15.7059 4 383.828 68.2632
0.0945 0.483606 11.86 -1803.44 2.07904 0 0.139913 0.279826 0.759189 7.53367 15.3521 4 415.394 74.2022
0.093 0.475247 11.7865 -1803.68 2.04871 0 0.138527 0.277054 0.736654 7.73179 15.0667 4 448.394 80.4588
0.0915 0.466892 11.7117 -1803.93 2.01772 0 0.137338 0.274675 0.71452 7.9266 14.8354 4 482.998 87.07
0.09 0.45854 11.6354 -1804.18 1.98605 0 0.136316 0.272632 0.692782 8.11909 14.6482 4 519.373 94.0727
0.0885 0.45019 11.5577 -1804.43 1.9537 0 0.13544 0.27088 0.671432 8.31012 14.4976 4 557.696 101.507
0.087 0.441915 11.4787 -1804.69 1.92063 0 0.134674 0.269347 0.650218 8.50151 14.3746 4 598.363 109.49
0.0855 0.433493 11.397 -1804.96 1.8868 0 0.0782835 0.156567 0.629878 7.441 11.8134 3 2378.19 437.257
0.084 0.425156 11.3136 -1805.23 1.85222 0 0.084305 0.16861 0.609623 7.0329 11.5365 3 2061.15 380.981
0.0825 0.416787 11.2286 -1805.5 1.81683 0 0.0905943 0.181189 0.589841 6.66365 11.2974 3 1800.18 334.51
0.081 0.408387 11.142 -1805.78 1.78063 0 0.0971739 0.194348 0.570519 6.32751 11.0908 3 1582.98 295.711
0.0795 0.400082 11.0539 -1806.08 1.74357 0 0.104212 0.208423 0.551228 6.01152 10.9057 3 1395.4 262.21
0.078 0.39172 10.964 -1806.37 1.70565 0 0.111574 0.223148 0.532471 5.72281 10.7476 3 1237.77 233.941
0.0765 0.383353 10.8724 -1806.67 1.66682 0 0.11935 0.238701 0.514071 5.45484 10.6111 3 1102.64 209.639
0.075 0.37498 10.7791 -1806.98 1.62705 0 0.127576 0.255152 0.496024 5.2052 10.4938 3 986.022 188.608
0.0735 0.3666 10.6839 -1807.29 1.58631 0 0.13629 0.272579 0.478328 4.97184 10.3942 3 884.79 170.3
0.072 0.358212 10.5869 -1807.61 1.54457 0 0.145533 0.291067 0.46098 4.75305 10.3107 3 796.44 154.273
0.0705 0.349815 10.488 -1807.94 1.50179 0 0.155354 0.310707 0.443979 4.54733 10.2422 3 718.95 140.173
0.069 0.341408 10.387 -1808.28 1.45793 0 0.165802 0.331603 0.427321 4.35341 10.1877 3 650.679 127.711
0.0675 0.332992 10.284 -1808.62 1.41297 0 0.176933 0.353866 0.411007 4.17018 10.1463 3 590.28 116.649
0.066 0.324565 10.1789 -1808.97 1.36685 0 0.18881 0.37762 0.395033 3.99667 10.1173 3 536.64 106.791
0.0645 0.316127 10.0717 -1809.33 1.31954 0 0.201502 0.403003 0.379399 3.83203 10.1003 3 488.836 97.975
0.063 0.307678 9.96214 -1809.7 1.271 0 0.215083 0.430167 0.364102 3.67553 10.0948 3 446.093 90.0632
0.0615 0.299217 9.84967 -1810.08 1.22119 0 0.229068 0.458137 0.349142 7.07062 11.9662 2 407.761 82.9407
0.06 0.290745 9.73378 -1810.47 1.17005 0 0.243078 0.486155 0.334518 6.82969 11.8084 2 373.288 76.5099
0.0585 0.282261 9.61527 -1810.86 1.11754 0 0.258002 0.516005 0.320228 6.5996 11.6624 2 342.204 70.6877
0.057 0.273766 9.49405 -1811.27 1.06362 0 0.273926 0.547851 0.30627 6.37955 11.5276 2 314.111 65.4032
0.0555 0.26526 9.37002 -1811.68 1.00822 0 0.29094 0.581879 0.292645 6.16881 11.4033 2 288.662 60.595
0.054 0.256744 9.24306 -1812.11 0.951303 0 0.309148 0.618295 0.27935 5.96675 11.2892 2 265.561 56.2105
0.0525 0.24822 9.11307 -1812.55 0.892808 0 0.328665 0.65733 0.266385 5.77277 11.1848 2 244.552 52.2039
0.051 0.239689 8.97991 -1812.99 0.832678 0 0.349621 0.699242 0.253748 5.58637 11.0899 2 225.409 48.5355
0.0495 0.231152 8.84347 -1813.45 0.770854 0 0.372162 0.744323 0.241439 5.40705 11.0042 2 207.94 45.1704
0.048 0.222611 8.70361 -1813.92 0.707273 0 0.396451 0.792902 0.229456 5.2344 10.9274 2 191.972 42.0782
0.0465 0.214071 8.56017 -1814.4 0.64187 0 0.422675 0.845351 0.217797 5.06801 10.8595 2 177.355 39.2321
0.045 0.205532 8.41253 -1814.89 0.574578 0 0.450267 0.900534 0.206461 7.37405 12.4765 1 163.957 36.6084
0.0435 0.197 8.26082 -1815.4 0.505324 0 0.479879 0.959759 0.195446 7.1576 12.3336 1 151.662 34.1863
0.042 0.188479 8.10501 -1815.91 0.434035 0 0.511971 1.02394 0.184751 6.94854 12.2001 1 140.365 31.9471
0.0405 0.179973 7.9449 -1816.44 0.360632 0 0.546833 1.09367 0.174374 6.7465 12.0759 1 129.974 29.8744
0.039 0.171488 7.78028 -1816.99 0.285032 0 0.584801 1.1696 0.164311 6.55112 11.9608 1 120.407 27.9533
0.0375 0.163031 7.61091 -1817.54 0.207145 0 0.626265 1.25253 0.154562 6.36208 11.8549 1 111.59 26.1707
0.036 0.154608 7.43655 -1818.11 0.126879 0 0.67168 1.34336 0.145122 6.17907 11.7583 1 103.457 24.5147
0.0345 0.146229 7.25692 -1818.69 0.0441329 0 0.721583 1.44317 0.13599 6.00182 11.6712 1 95.9495 22.9747
0.033 0.137901 7.07171 -1819.28 -0.0412036 0 0.776608 1.55322 0.127162 5.83006 11.5937 1 89.0127 21.5409
0.0315 0.129635 6.88059 -1819.89 -0.129249 0 0.837511 1.67502 0.118634 5.66353 11.5261 1 82.5987 20.2047
0.03 0.121442 6.68318 -1820.51 -0.220134 0 0.905203 1.81041 0.110403 5.50201 11.4691 1 76.6635 18.9581
0.0285 0.113333 6.47905 -1821.15 -0.314003 0 0.980787 1.96157 0.102463 5.34526 11.423 1 71.1674 17.7939
0.027 0.105321 6.26771 -1821.8 -0.411021 0 1.06562 2.13123 0.0948119 5.19307 11.3886 1 66.0737 16.7056
0.0255 0.0974197 6.0486 -1822.47 -0.51137 0 1.16137 2.32274 0.0874432 5.0452 11.3668 1 61.3492 15.687
0.024 0.0896445 5.82109 -1823.15 -0.615266 0 1.27014 2.54029 0.080352 4.90145 11.3586 1 56.9632 14.7325
0.0225 0.0820108 5.58442 -1823.85 -0.722954 0 1.39461 2.78923 0.0735328 4.76159 11.3656 1 52.8875 13.8371
0.021 0.0745352 5.33769 -1824.57 -0.834729 0 1.53823 3.07647 0.0669797 4.62537 11.3894 1 49.096 12.9959
0.0195 0.0672352 5.07984 -1825.31 -0.950942 0 1.70553 3.41107 0.0606867 4.49256 11.4322 1 45.5643 12.2043
0.018 0.0601293 4.80958 -1826.06 -1.07202 0 1.90259 3.80518 0.0546473 4.36286 11.4969 1 42.2692 11.4579
0.0165 0.0532369 4.5253 -1826.84 -1.19849 0 2.13772 4.27544 0.048855 4.23598 11.5873 1 39.1894 10.7529
0.015 0.0465782 4.225 -1827.64 -1.33103 0 2.42266 4.84532 0.0433031 4.11154 11.7084 1 36.3039 10.085
0.0135 0.0401746 3.90613 -1828.47 -1.47048 0 2.77444 5.54888 0.0379851 3.98914 11.867 1 33.5928 9.45033
0.012 0.0340488 3.56532 -1829.34 -1.61796 0 3.21879 6.43759 0.0328945 3.86825 12.0728 1 31.0359 8.84481
0.0105 0.0282255 3.19804 -1830.24 -1.77499 0 3.79645 7.59289 0.0280252 3.74819 12.3397 1 28.6126 8.26412
0.009 0.0227322 2.79795 -1831.2 -1.94366 0 4.57579 9.15158 0.0233716 3.62811 12.6897 1 26.3011 7.70342
0.0075 0.0176012 2.35575 -1832.22 -2.12702 0 5.68095 11.3619 0.0189294 3.50676 13.1581 1 24.0765 7.15702
0.006 0.0128728 1.85686 -1833.33 -2.32973 0 7.36245 14.7249 0.014696 3.38232 13.8086 1 21.9081 6.61738
0.0045 0.0086019 1.27625 -1834.57 -2.55958 0 10.2107 20.4215 0.0106716 3.25176 14.7698 1 19.7522 6.07334
0.003 0.00487269 0.563837 -1836.02 -2.83136 0 16.0181 32.0362 0.00686188 3.10925 16.3622 1 17.5343 5.50471
0.0015 0.00184158 -0.414258 -1837.89 -3.18135 0 33.8822 67.7644 0.0032841 2.93985 19.7782 1 15.0753 4.86116
