0.1395 36.2323 36.2764 36.2728 36.2657 36.2352 36.2323
0.138 36.1003 36.1873 36.179 36.1622 36.107 36.1003
0.1365 35.9653 36.0774 36.0655 36.0414 35.9741 35.9653
0.135 35.828 35.958 35.9429 35.9127 35.8381 35.828
0.1335 35.6885 35.8322 35.8144 35.7788 35.6995 35.6885
0.132 35.5482 35.7029 35.6826 35.6418 35.5596 35.5482
0.1305 35.4051 35.5683 35.5456 35.5004 35.4166 35.4051
0.129 35.2602 35.4303 35.4055 35.356 35.2716 35.2602
0.1275 35.1135 35.2893 35.2624 35.209 35.1247 35.1135
0.126 34.9653 35.1455 35.1167 35.0596 34.976 34.9653
0.1245 34.8162 35 34.9693 34.9087 34.8264 34.8162
0.123 34.6646 34.8511 34.8187 34.7548 34.6741 34.6646
0.1215 34.5114 34.6998 34.6657 34.5987 34.52 34.5114
0.12 34.3566 34.5462 34.5105 34.4407 34.3642 34.3566
0.1185 34.2001 34.3903 34.3531 34.2806 34.2067 34.2001
0.117 34.0428 34.2331 34.1945 34.1193 34.0483 34.0428
0.1155 33.883 34.0728 34.0328 33.9552 33.8873 33.883
0.114 33.7215 33.9103 33.869 33.7892 33.7245 33.7215
0.1125 33.5583 33.7457 33.7032 33.6213 33.56 33.5583
0.111 33.3934 33.579 33.5352 33.4514 33.3937 33.3934
0.1095 33.2264 33.4109 33.366 33.2803 33.2264 33.2276
0.108 33.0565 33.2398 33.1938 33.1065 33.0565 33.0592
0.1065 32.8847 33.0665 33.0195 32.9307 32.8847 32.889
0.105 32.711 32.8911 32.8431 32.7529 32.711 32.7169
0.1035 32.5354 32.7134 32.6645 32.5731 32.5354 32.5431
0.102 32.3588 32.5343 32.4845 32.392 32.3588 32.3682
0.1005 32.1793 32.3521 32.3015 32.208 32.1793 32.1905
0.099 31.9978 32.1675 32.1162 32.022 31.9978 32.0109
0.0975 31.8143 31.9807 31.9286 31.8338 31.8143 31.8293
0.096 31.6295 31.7921 31.7394 31.6441 31.6295 31.6464
0.0945 31.4418 31.6004 31.5471 31.4515 31.4418 31.4607
0.093 31.2519 31.4063 31.3524 31.2567 31.2519 31.2728
0.0915 31.0596 31.2096 31.1553 31.0596 31.0598 31.0828
0.09 30.8607 31.011 30.9562 30.8607 30.8662 30.8914
0.0885 30.6589 30.8091 30.7539 30.6589 30.6696 30.6969
0.087 30.4545 30.6045 30.549 30.4545 30.4705 30.5001
0.0855 30.2477 30.3972 30.3414 30.2477 30.2691 30.3009
0.084 30.039 30.1877 30.1317 30.039 30.066 30.1002
0.0825 29.8269 29.9746 29.9185 29.8269 29.8595 29.8961
0.081 29.6122 29.7586 29.7024 29.6122 29.6504 29.6894
0.0795 29.3946 29.5395 29.4833 29.3946 29.4387 29.4801
0.078 29.175 29.3179 29.2617 29.175 29.225 29.269
0.0765 28.9517 29.0924 29.0363 28.9517 29.0076 29.0542
0.075 28.7254 28.8636 28.8077 28.7254 28.7874 28.8365
0.0735 28.496 28.6314 28.5758 28.496 28.5641 28.6159
0.072 28.2641 28.3962 28.3409 28.2641 28.3386 28.3932
0.0705 28.0282 28.1568 28.1019 28.0282 28.1091 28.1664
0.069 27.7889 27.9136 27.8592 27.7889 27.8762 27.9363
0.0675 27.5467 27.6669 27.6131 27.5467 27.6407 27.7037
0.066 27.3002 27.4157 27.3626 27.3002 27.4009 27.4669
0.0645 27.0501 27.1604 27.108 27.0501 27.1576 27.2265
0.063 26.7966 26.9011 26.8495 26.7966 26.9112 26.9832
0.0615 26.5388 26.637 26.5864 26.5388 26.6604 26.7356
0.06 26.2767 26.3682 26.3186 26.2767 26.4056 26.484
0.0585 26.0104 26.0945 26.0461 26.0104 26.1466 26.2283
0.057 25.7395 25.8158 25.7686 25.7395 25.8833 25.9683
0.0555 25.464 25.5317 25.4859 25.464 25.6154 25.7039
0.054 25.1836 25.242 25.1978 25.1836 25.3428 25.4348
0.0525 24.8982 24.9466 24.904 24.8982 25.0654 25.1609
0.051 24.6043 24.6451 24.6043 24.6074 24.7828 24.8821
0.0495 24.2984 24.3372 24.2984 24.3111 24.4949 24.5979
0.048 23.9859 24.0226 23.9859 24.009 24.2013 24.3083
0.0465 23.6666 23.701 23.6666 23.7009 23.902 24.0129
0.045 23.34 23.372 23.34 23.3864 23.5965 23.7116
0.0435 23.0058 23.0351 23.0058 23.0652 23.2845 23.4038
0.042 22.6635 22.69 22.6635 22.7369 22.9658 23.0895
0.0405 22.3127 22.3361 22.3127 22.4012 22.6399 22.7681
0.039 21.9528 21.9728 21.9528 22.0577 22.3065 22.4394
0.0375 21.5832 21.5997 21.5832 21.7056 21.9648 22.1025
0.036 21.2034 21.2159 21.2034 21.3452 21.6153 21.758
0.0345 20.8125 20.8208 20.8125 20.9752 21.2564 21.4044
0.033 20.4098 20.4136 20.4098 20.5952 20.8881 21.0415
0.0315 19.9932 19.9932 19.9944 20.2045 20.5095 20.6686
0.03 19.5587 19.5587 19.5652 19.8024 20.1201 20.2851
0.0285 19.1089 19.1089 19.1211 19.388 19.7189 19.8902
0.027 18.6424 18.6424 18.6608 18.9604 19.3052 19.483
0.0255 18.1575 18.1575 18.1828 18.5184 18.8779 19.0627
0.024 17.6525 17.6525 17.6853 18.0609 18.4358 18.628
0.0225 17.1253 17.1253 17.1663 17.5863 17.9777 18.1777
0.021 16.5732 16.5732 16.6233 17.0932 17.5022 17.7105
0.0195 15.9934 15.9934 16.0534 16.5795 17.0073 17.2247
0.018 15.382 15.382 15.4531 16.043 16.4912 16.7184
0.0165 14.7346 14.7346 14.8181 15.4811 15.9516 16.1894
0.015 14.0455 14.0455 14.143 14.8905 15.3856 15.6352
0.0135 13.3076 13.3076 13.4209 14.2676 14.7899 15.0528
0.012 12.5114 12.5114 12.6429 13.6076 14.1607 14.4385
0.0105 11.6442 11.6442 11.797 12.9046 13.4932 13.7883
0.009 10.688 10.688 10.866 12.1515 12.782 13.0974
0.0075 9.61664 9.61664 9.8253 11.3395 12.0208 12.3611
0.006 8.38832 8.38832 8.6356 10.458 11.2041 11.5761
0.0045 6.93044 6.93044 7.22896 9.49776 10.3322 10.7475
0.003 5.09464 5.09464 5.46759 8.46774 9.4379 9.92007
0.0015 2.47057 2.47057 2.97475 7.54315 8.78404 9.3999
