0.108 12.4557 12.4689 12.4676 12.465 12.4567 12.4557
0.1065 12.3955 12.4148 12.4124 12.4077 12.397 12.3955
0.105 12.3336 12.356 12.3529 12.3466 12.3352 12.3336
0.1035 12.2702 12.2943 12.2906 12.2831 12.2717 12.2702
0.102 12.2053 12.2304 12.2261 12.2176 12.2066 12.2053
0.1005 12.139 12.1646 12.1598 12.1504 12.1401 12.139
0.099 12.0714 12.0969 12.0917 12.0816 12.0721 12.0714
0.0975 12.0024 12.0276 12.022 12.0113 12.0028 12.0024
0.096 11.9321 11.9567 11.9508 11.9395 11.9321 11.9321
0.0945 11.86 11.8842 11.878 11.8663 11.86 11.8605
0.093 11.7865 11.8101 11.8037 11.7917 11.7865 11.7875
0.0915 11.7117 11.7345 11.7279 11.7157 11.7117 11.7131
0.09 11.6354 11.6573 11.6506 11.6382 11.6354 11.6373
0.0885 11.5577 11.5786 11.5717 11.5593 11.5577 11.5601
0.087 11.4787 11.4984 11.4914 11.479 11.4787 11.4815
0.0855 11.397 11.4164 11.4093 11.397 11.3979 11.4013
0.084 11.3136 11.3328 11.3257 11.3136 11.3158 11.3197
0.0825 11.2286 11.2476 11.2405 11.2286 11.2321 11.2364
0.081 11.142 11.1607 11.1535 11.142 11.1467 11.1516
0.0795 11.0539 11.0721 11.065 11.0539 11.0598 11.0653
0.078 10.964 10.9816 10.9746 10.964 10.9713 10.9772
0.0765 10.8724 10.8894 10.8824 10.8724 10.8809 10.8874
0.075 10.7791 10.7953 10.7884 10.7791 10.7889 10.7959
0.0735 10.6839 10.6993 10.6925 10.6839 10.695 10.7025
0.072 10.5869 10.6013 10.5947 10.5869 10.5992 10.6073
0.0705 10.488 10.5012 10.4948 10.488 10.5015 10.5101
0.069 10.387 10.3991 10.3929 10.387 10.4018 10.411
0.0675 10.284 10.2948 10.2888 10.284 10.3001 10.3098
0.066 10.1789 10.1882 10.1825 10.1789 10.1963 10.2065
0.0645 10.0717 10.0794 10.0739 10.0717 10.0903 10.1011
0.063 9.96214 9.96816 9.96303 9.96214 9.98197 9.99332
0.0615 9.84967 9.85447 9.84967 9.85027 9.87134 9.88325
0.06 9.73378 9.73823 9.73378 9.73598 9.7583 9.77076
0.0585 9.61527 9.61935 9.61527 9.61918 9.64275 9.65576
0.057 9.49405 9.49773 9.49405 9.49979 9.5246 9.53818
0.0555 9.37002 9.37327 9.37002 9.3777 9.40376 9.4179
0.054 9.24306 9.24586 9.24306 9.25282 9.28013 9.29483
0.0525 9.11307 9.11539 9.11307 9.12503 9.1536 9.16886
0.051 8.97991 8.98173 8.97991 8.99423 9.02405 9.03988
0.0495 8.84347 8.84476 8.84347 8.86028 8.89136 8.90777
0.048 8.70361 8.70433 8.70361 8.72307 8.75541 8.7724
0.0465 8.56017 8.56031 8.56017 8.58245 8.61607 8.63364
0.045 8.41253 8.41253 8.41301 8.43828 8.47318 8.49134
0.0435 8.26082 8.26082 8.26195 8.29039 8.32659 8.34535
0.042 8.10501 8.10501 8.10682 8.13863 8.17613 8.1955
0.0405 7.9449 7.9449 7.94742 7.98281 8.02164 8.04162
0.039 7.78028 7.78028 7.78354 7.82274 7.86291 7.88351
0.0375 7.61091 7.61091 7.61495 7.65821 7.69973 7.72097
0.036 7.43655 7.43655 7.4414 7.48898 7.53189 7.55378
0.0345 7.25692 7.25692 7.26262 7.31481 7.35913 7.38169
0.033 7.07171 7.07171 7.07831 7.13541 7.18118 7.20442
0.0315 6.88059 6.88059 6.88812 6.95048 6.99774 7.02169
0.03 6.68318 6.68318 6.69169 6.75969 6.80848 6.83315
0.0285 6.47905 6.47905 6.48858 6.56265 6.61302 6.63844
0.027 6.26771 6.26771 6.27832 6.35892 6.41093 6.43715
0.0255 6.0486 6.0486 6.06036 6.14802 6.20175 6.22878
0.024 5.82109 5.82109 5.83405 5.92938 5.9849 6.01279
0.0225 5.58442 5.58442 5.59864 5.70233 5.75975 5.78856
0.021 5.33769 5.33769 5.35327 5.46612 5.52554 5.55532
0.0195 5.07984 5.07984 5.09686 5.21981 5.28138 5.3122
0.018 4.80958 4.80958 4.82814 4.9623 5.0262 5.05814
0.0165 4.5253 4.5253 4.54553 4.69224 4.75867 4.79184
0.015 4.225 4.225 4.24705 4.40797 4.47718 4.51171
0.0135 3.90613 3.90613 3.93016 4.10736 4.17967 4.21572
0.012 3.56532 3.56532 3.59155 3.78768 3.86352 3.9013
0.0105 3.19804 3.19804 3.22674 3.44533 3.52525 3.56503
0.009 2.79795 2.79795 2.82949 3.07537 3.16014 3.2023
0.0075 2.35575 2.35575 2.3906 2.67079 2.76152 2.80661
0.006 1.85686 1.85686 1.89575 2.22114 2.31953 2.3684
0.0045 1.27625 1.27625 1.32029 1.70962 1.8186 1.8727
0.003 0.563837 0.563837 0.615068 1.10661 1.23211 1.29437
0.0015 -0.414258 -0.414258 -0.350888 0.353863 0.512868 0.591713
