0.108 12.3983 12.4097 12.4086 12.4065 12.3991 12.3983
0.1065 12.3381 12.3565 12.3543 12.35 12.3395 12.3381
0.105 12.276 12.298 12.295 12.289 12.2776 12.276
0.1035 12.2124 12.2363 12.2327 12.2254 12.2139 12.2124
0.102 12.1399 12.1649 12.1606 12.1523 12.1412 12.1399
0.1005 12.0733 12.0988 12.0941 12.0849 12.0744 12.0733
0.099 12.0054 12.031 12.0258 12.0158 12.0062 12.0054
0.0975 11.9362 11.9614 11.9559 11.9453 11.9366 11.9362
0.096 11.8655 11.8902 11.8844 11.8732 11.8655 11.8655
0.0945 11.7931 11.8174 11.8113 11.7997 11.7931 11.7935
0.093 11.7193 11.743 11.7367 11.7247 11.7193 11.7202
0.0915 11.6441 11.6671 11.6605 11.6483 11.6441 11.6454
0.09 11.5674 11.5895 11.5828 11.5704 11.5674 11.5692
0.0885 11.4894 11.5105 11.5036 11.4911 11.4894 11.4917
0.087 11.4097 11.4296 11.4226 11.4102 11.4097 11.4125
0.0855 11.3279 11.3473 11.3402 11.3279 11.3286 11.3319
0.084 11.244 11.2633 11.2561 11.244 11.246 11.2498
0.0825 11.1585 11.1775 11.1704 11.1585 11.1617 11.166
0.081 11.0713 11.09 11.0829 11.0713 11.0758 11.0806
0.0795 10.9826 11.0009 10.9938 10.9826 10.9884 10.9938
0.078 10.8921 10.9099 10.9028 10.8921 10.8992 10.9051
0.0765 10.7999 10.817 10.81 10.7999 10.8083 10.8147
0.075 10.7059 10.7223 10.7154 10.7059 10.7156 10.7225
0.0735 10.6101 10.6256 10.6188 10.6101 10.621 10.6285
0.072 10.5124 10.5268 10.5202 10.5124 10.5245 10.5326
0.0705 10.4127 10.4261 10.4196 10.4127 10.4261 10.4347
0.069 10.3109 10.3231 10.3169 10.3109 10.3257 10.3348
0.0675 10.2071 10.218 10.212 10.2071 10.2231 10.2328
0.066 10.1012 10.1106 10.1049 10.1012 10.1184 10.1286
0.0645 9.993 10.0009 9.99541 9.993 10.0115 10.0222
0.063 9.88252 9.8887 9.88354 9.88252 9.90225 9.91356
0.0615 9.76918 9.77401 9.76918 9.76964 9.79063 9.8025
0.06 9.65224 9.65672 9.65224 9.6543 9.67654 9.68896
0.0585 9.53263 9.53674 9.53263 9.5364 9.55989 9.57287
0.057 9.41025 9.41396 9.41025 9.41584 9.44059 9.45413
0.0555 9.28498 9.28827 9.28498 9.29253 9.31853 9.33263
0.054 9.15673 9.15957 9.15673 9.16636 9.1936 9.20827
0.0525 9.02537 9.02773 9.02537 9.03721 9.06571 9.08094
0.051 8.89078 8.89263 8.89078 8.90496 8.93472 8.95053
0.0495 8.75281 8.75413 8.75281 8.76949 8.80052 8.8169
0.048 8.61133 8.61208 8.61133 8.63066 8.66296 8.67992
0.0465 8.46618 8.46634 8.46618 8.48833 8.5219 8.53945
0.045 8.31674 8.31674 8.3172 8.34234 8.3772 8.39534
0.0435 8.1631 8.1631 8.1642 8.19252 8.22868 8.24742
0.042 8.00522 8.00522 8.00701 8.0387 8.07617 8.09552
0.0405 7.84291 7.84291 7.84541 7.88069 7.91948 7.93945
0.039 7.67593 7.67593 7.67917 7.71827 7.75841 7.779
0.0375 7.50404 7.50404 7.50806 7.55122 7.59272 7.61395
0.036 7.32698 7.32698 7.33181 7.37929 7.42218 7.44407
0.0345 7.14443 7.14443 7.15012 7.20221 7.24652 7.26907
0.033 6.95608 6.95608 6.96266 7.01968 7.06544 7.08868
0.0315 6.76156 6.76156 6.76908 6.83137 6.87861 6.90255
0.03 6.56045 6.56045 6.56895 6.63689 6.68567 6.71034
0.0285 6.3523 6.3523 6.36182 6.43584 6.4862 6.51162
0.027 6.13655 6.13655 6.14716 6.22772 6.27973 6.30594
0.0255 5.91261 5.91261 5.92436 6.01199 6.06571 6.09275
0.024 5.67975 5.67975 5.6927 5.78802 5.84354 5.87143
0.0225 5.43714 5.43714 5.45136 5.55505 5.61247 5.64128
0.021 5.18377 5.18377 5.19935 5.31221 5.37164 5.40142
0.0195 4.91844 4.91844 4.93546 5.05844 5.12003 5.15085
0.018 4.63967 4.63967 4.65825 4.79246 4.85636 4.88831
0.0165 4.34564 4.34564 4.36588 4.51267 4.5791 4.61228
0.015 4.034 4.034 4.05606 4.21709 4.28631 4.32084
0.0135 3.70176 3.70176 3.72581 3.90315 3.97548 4.01153
0.012 3.34492 3.34492 3.37116 3.56749 3.64334 3.68112
0.0105 2.95798 2.95798 2.9867 3.20553 3.28547 3.32525
0.009 2.5331 2.5331 2.56465 2.81085 2.89563 2.9378
0.0075 2.05844 2.05844 2.09332 2.37392 2.46466 2.50976
0.006 1.51484 1.51484 1.55376 1.87969 1.9781 2.02698
0.0045 0.867767 0.867767 0.911831 1.30193 1.41094 1.46504
0.003 0.0433692 0.0433692 0.094609 0.587355 0.712877 0.775151
0.0015 -1.17875 -1.17875 -1.11545 -0.408376 -0.249347 -0.17049
