0.15 80.2828 80.9192 80.8535 80.7245 80.3758 80.2828
0.1485 79.9702 80.601 80.5348 80.4057 80.0617 79.9702
0.147 79.6574 80.2829 80.2161 80.0865 79.7478 79.6574
0.1455 79.3448 79.9648 79.898 79.7676 79.434 79.3448
0.144 79.0327 79.6466 79.5797 79.4486 79.1204 79.0327
0.1425 78.7205 79.3286 79.2612 79.1298 78.8068 78.7205
0.141 78.4085 79.0105 78.943 78.8109 78.4933 78.4085
0.1395 78.0967 78.6925 78.6244 78.4917 78.18 78.0967
0.138 77.7848 78.3743 78.3057 78.1728 77.8664 77.7848
0.1365 77.4729 78.0561 77.9869 77.8533 77.5527 77.4729
0.135 77.1609 77.7374 77.6682 77.5339 77.2389 77.1609
0.1335 76.849 77.4185 77.3489 77.2141 76.9251 76.849
0.132 76.5368 77.0993 77.0293 76.8939 76.611 76.5368
0.1305 76.2244 76.7799 76.7095 76.5735 76.2965 76.2244
0.129 75.9117 76.46 76.3892 76.2528 75.9818 75.9117
0.1275 75.5988 76.1395 76.0684 75.9314 75.6666 75.5988
0.126 75.2854 75.8185 75.7471 75.6096 75.351 75.2854
0.1245 74.9718 75.4971 75.4251 75.2872 75.035 74.9718
0.123 74.6575 75.1748 75.1026 74.9641 74.7183 74.6575
0.1215 74.3426 74.8519 74.7486 74.6404 74.4009 74.3426
0.12 74.0272 74.528 74.4262 74.3158 74.0829 74.0272
0.1185 73.711 74.2034 74.103 73.9904 73.8277 73.711
0.117 73.3939 73.8777 73.7789 73.6641 73.5015 73.3939
0.1155 73.0759 73.5511 73.4539 73.3367 73.1744 73.0759
0.114 72.7569 73.2232 73.1278 73.0082 72.8017 72.7569
0.1125 72.4786 72.894 72.8006 72.6784 72.4786 72.5245
0.111 72.2025 72.5746 72.5045 72.3672 72.2175 72.2025
0.1095 71.7924 72.2316 72.1771 72.0341 71.8898 71.7924
0.108 71.468 71.8979 71.8221 71.6666 71.5012 71.468
0.1065 71.142 71.5625 71.4864 71.3389 71.1722 71.142
0.105 70.8142 71.2253 71.125 71.009 70.8392 70.8142
0.1035 70.4845 70.8861 70.7968 70.6769 70.5076 70.4845
0.102 70.1639 70.5447 70.4661 70.3422 70.174 70.1639
0.1005 69.8209 70.2006 70.1202 69.9643 69.8292 69.8209
0.099 69.4738 69.8513 69.7679 69.6071 69.4792 69.4738
0.0975 69.1226 69.4966 69.4105 69.245 69.1249 69.1226
0.096 68.7662 69.1366 69.0479 68.8782 68.7662 68.7671
0.0945 68.3945 68.7383 68.6801 68.5065 68.3945 68.4287
0.093 68.0307 68.3576 68.2569 68.0728 68.0307 68.0581
0.0915 67.6519 67.9703 67.8698 67.6846 67.6519 67.6686
0.09 67.2652 67.5777 67.5092 67.3237 67.2652 67.2926
0.0885 66.8788 67.1794 67.1102 66.9229 66.8788 66.9115
0.087 66.4873 66.7753 66.7055 66.5173 66.4873 66.5254
0.0855 66.0906 66.3654 66.2587 66.1066 66.0906 66.1342
0.084 65.6888 65.9496 65.8423 65.6909 65.6888 65.7378
0.0825 65.2421 65.5461 65.4202 65.2421 65.2817 65.3362
0.081 64.8168 65.1189 64.992 64.8168 64.8691 64.9291
0.0795 64.386 64.6855 64.5578 64.386 64.451 64.5166
0.078 63.9494 64.2456 64.119 63.9494 64.0273 64.0985
0.0765 63.507 63.7776 63.6724 63.507 63.5978 63.6747
0.075 63.0585 63.3237 63.2192 63.0585 63.1623 63.2449
0.0735 62.6039 62.8628 62.7594 62.6039 62.7208 62.8092
0.072 62.1429 62.3988 62.2925 62.1429 62.2809 62.3834
0.0705 61.6753 61.9196 61.8193 61.6753 61.8252 61.9189
0.069 61.2197 61.4369 61.3339 61.2197 61.3779 61.4956
0.0675 60.7196 60.9461 60.8483 60.7196 60.897 61.0025
0.066 60.2311 60.4473 60.3515 60.2311 60.4154 60.5339
0.0645 59.7351 59.967 59.8465 59.7351 59.9334 60.0594
0.063 59.2315 59.4518 59.3284 59.2315 59.4438 59.5749
0.0615 58.7199 58.9279 58.8058 58.7199 58.9465 59.0841
0.06 58.2 58.3946 58.2742 58.2 58.4411 58.5853
0.0585 57.6715 57.8222 57.7331 57.6715 57.9274 58.0782
0.057 57.1341 57.2685 57.1883 57.1341 57.4049 57.5626
0.0555 56.5875 56.7043 56.6276 56.5875 56.8735 57.0381
0.054 56.0313 56.1291 56.0562 56.0313 56.3327 56.5043
0.0525 55.465 55.5425 55.4736 55.465 55.7821 55.961
0.051 54.8794 54.9439 54.8794 54.8882 55.2214 55.4076
0.0495 54.2729 54.3327 54.2729 54.3005 54.65 54.8438
0.048 53.6535 53.7084 53.6535 53.7013 54.0675 54.269
0.0465 53.0207 53.0702 53.0207 53.0901 53.4734 53.6828
0.045 52.3736 52.4174 52.3736 52.4663 52.8672 53.0846
0.0435 51.7002 51.7492 51.7002 51.8293 52.2481 52.4739
0.042 51.0216 51.0648 51.0216 51.1784 51.6155 51.8499
0.0405 50.3262 50.3631 50.3262 50.5128 50.9688 51.212
0.039 49.6129 49.6432 49.6129 49.8317 50.3072 50.5594
0.0375 48.8807 48.9038 48.8807 49.1341 49.6297 49.8914
0.036 48.1282 48.1435 48.1282 48.4192 48.9355 49.2069
0.0345 47.3541 47.3611 47.3541 47.6857 48.2235 48.505
0.033 46.5549 46.5549 46.5567 46.9325 47.4925 47.7846
0.0315 45.7229 45.7229 45.7345 46.1582 46.7414 47.0444
0.03 44.8633 44.8633 44.8852 45.3614 45.9687 46.2831
0.0285 43.9736 43.9736 44.0067 44.5402 45.1728 45.4992
0.027 43.0512 43.0512 43.0965 43.6929 44.352 44.6909
0.0255 42.0929 42.0929 42.1515 42.8173 43.5042 43.8564
0.024 41.0953 41.0953 41.1683 41.9108 42.6272 42.9935
0.0225 40.0542 40.0542 40.1429 40.9707 41.7185 42.0997
0.021 38.9645 38.9645 39.0705 39.9938 40.7749 41.1723
0.0195 37.8204 37.8204 37.9454 38.9761 39.7932 40.2078
0.018 36.6148 36.6148 36.7609 37.9134 38.7693 39.2026
0.0165 35.3387 35.3387 35.5084 36.8002 37.6985 38.1522
0.015 33.9813 33.9813 34.1775 35.6303 36.5752 37.0515
0.0135 32.5284 32.5284 32.7546 34.3959 35.3929 35.8943
0.012 30.9615 30.9615 31.2223 33.0956 34.1434 34.6734
0.0105 29.2559 29.2559 29.5568 31.702 32.8174 33.3803
0.009 27.3766 27.3766 27.7251 30.2083 31.4032 32.005
0.0075 25.2721 25.2721 25.6784 28.5959 29.8877 30.5371
0.006 22.8608 22.8608 23.34 26.8428 28.2582 28.9678
0.0045 20.0005 20.0005 20.5765 24.9034 26.5046 27.2737
0.003 16.4006 16.4006 17.1173 22.6295 24.599 25.4348
0.0015 11.2472 11.2472 12.2213 20.6585 23.9951 30.002
