0.108 0.10079 0.720673 0.767079 0.706015 0.84452 0.893403 0.862796 0.917737 1.01403 0.917737 1.01403 0.0110054 0.0981858 0 0.0453545 
0.1065 0.101943 0.720313 0.766648 0.705515 0.845385 0.894314 0.863929 0.91793 1.01399 0.91793 1.01399 0.0111539 0.0982587 0 0.0449414 
0.105 0.103114 0.719951 0.766213 0.705011 0.846254 0.895228 0.865065 0.918126 1.01395 0.918126 1.01395 0.011305 0.0983314 0 0.0445277 
0.1035 0.104302 0.719586 0.765773 0.704501 0.847127 0.896146 0.866205 0.918325 1.0139 0.918325 1.0139 0.0114589 0.0984038 0 0.0441132 
0.102 0.105509 0.719217 0.765327 0.703985 0.848005 0.897067 0.867349 0.918528 1.01386 0.918528 1.01386 0.0116156 0.098476 0 0.0436978 
0.1005 0.106735 0.718844 0.764876 0.703463 0.848888 0.897993 0.868499 0.918734 1.01382 0.918734 1.01382 0.0117754 0.0985479 0 0.0432811 
0.099 0.107982 0.718467 0.764419 0.702935 0.849777 0.898924 0.869655 0.918944 1.01377 0.918944 1.01377 0.0119383 0.0986195 0 0.042863 
0.0975 0.109251 0.718087 0.763956 0.702401 0.850672 0.899861 0.870817 0.919158 1.01373 0.919158 1.01373 0.0121045 0.0986909 0 0.0424432 
0.096 0.110542 0.717702 0.763486 0.701859 0.851574 0.900803 0.871987 0.919376 1.01368 0.919376 1.01368 0.0122742 0.098762 0 0.0420215 
0.0945 0.111857 0.717313 0.76301 0.701311 0.852484 0.901753 0.873165 0.919599 1.01363 0.919599 1.01363 0.0124475 0.0988329 0 0.0415977 
0.093 0.113197 0.716918 0.762527 0.700754 0.853401 0.902709 0.874351 0.919826 1.01358 0.919826 1.01358 0.0126246 0.0989035 0 0.0411715 
0.0915 0.114563 0.716519 0.762036 0.70019 0.854327 0.903673 0.875546 0.920057 1.01353 0.920057 1.01353 0.0128058 0.0989738 0 0.0407428 
0.09 0.115956 0.716115 0.761538 0.699617 0.855262 0.904645 0.876751 0.920294 1.01348 0.920294 1.01348 0.0129911 0.0990437 0 0.0403112 
0.0885 0.117377 0.715706 0.761032 0.699036 0.856207 0.905626 0.877967 0.920535 1.01343 0.920535 1.01343 0.0131808 0.0991132 0 0.0398766 
0.087 0.118853 0.715254 0.760484 0.698403 0.857139 0.906581 0.879151 0.920784 1.01337 0.920784 1.01337 0.0133801 0.0991968 0 0.0394545 
0.0855 0.12031 0.71487 0.759994 0.697846 0.858129 0.907617 0.880434 0.921035 1.01331 0.921035 1.01331 0.0135741 0.0992512 0 0.0389975 
0.084 0.121829 0.714437 0.759456 0.697228 0.859102 0.908622 0.881679 0.921294 1.01326 0.921294 1.01326 0.013779 0.099322 0 0.038555 
0.0825 0.12337 0.714013 0.758923 0.69662 0.860098 0.909652 0.882955 0.921558 1.01319 0.921558 1.01319 0.0139868 0.0993862 0 0.0381023 
0.081 0.124933 0.713599 0.758395 0.696019 0.861114 0.910707 0.884261 0.921827 1.01313 0.921827 1.01313 0.0141976 0.0994436 0 0.0376397 
0.0795 0.126574 0.713124 0.757807 0.695344 0.862114 0.911728 0.885526 0.922106 1.01307 0.922106 1.01307 0.0144223 0.0995214 0 0.0371927 
0.078 0.128232 0.712671 0.757234 0.694691 0.863144 0.912787 0.886836 0.92239 1.013 0.92239 1.013 0.0146487 0.0995875 0 0.0367304 
0.0765 0.129928 0.71221 0.75665 0.694026 0.864189 0.913859 0.888163 0.922681 1.01293 0.922681 1.01293 0.0148812 0.0996528 0 0.0362632 
0.075 0.131666 0.711742 0.756055 0.693349 0.865249 0.914945 0.889507 0.922979 1.01286 0.922979 1.01286 0.0151202 0.0997174 0 0.0357909 
0.0735 0.133447 0.711267 0.755449 0.69266 0.866326 0.916046 0.890869 0.923285 1.01279 0.923285 1.01279 0.015366 0.0997812 0 0.0353132 
0.072 0.135272 0.710783 0.754829 0.691957 0.867419 0.917162 0.89225 0.923599 1.01272 0.923599 1.01272 0.0156189 0.099844 0 0.0348297 
0.0705 0.137144 0.710292 0.754197 0.69124 0.868529 0.918294 0.89365 0.923921 1.01264 0.923921 1.01264 0.0158791 0.0999057 0 0.0343404 
0.069 0.139063 0.709792 0.753552 0.690509 0.869658 0.919444 0.895072 0.924252 1.01256 0.924252 1.01256 0.0161471 0.0999664 0 0.0338449 
0.0675 0.141033 0.709283 0.752893 0.689764 0.870806 0.92061 0.896515 0.924592 1.01248 0.924592 1.01248 0.0164231 0.100026 0 0.0333429 
0.066 0.143054 0.708765 0.75222 0.689004 0.871974 0.921795 0.89798 0.92494 1.01239 0.92494 1.01239 0.0167075 0.100084 0 0.0328341 
0.0645 0.145129 0.708238 0.751532 0.688228 0.873162 0.922999 0.899469 0.925299 1.0123 0.925299 1.0123 0.0170006 0.10014 0 0.0323184 
0.063 0.14726 0.707702 0.750829 0.687436 0.874372 0.924223 0.900982 0.925667 1.01221 0.925667 1.01221 0.0173028 0.100195 0 0.0317954 
0.0615 0.149449 0.707156 0.75011 0.686627 0.875604 0.925467 0.902521 0.926045 1.01211 0.926045 1.01211 0.0176146 0.100249 0 0.0312648 
0.06 0.151698 0.7066 0.749376 0.685802 0.876859 0.926733 0.904086 0.926434 1.01201 0.926434 1.01201 0.0179363 0.1003 0 0.0307263 
0.0585 0.15401 0.706035 0.748624 0.684958 0.878138 0.928021 0.905678 0.926833 1.01191 0.926833 1.01191 0.0182683 0.100349 0 0.0301797 
0.057 0.156385 0.705458 0.747855 0.684097 0.879441 0.929331 0.907299 0.927244 1.0118 0.927244 1.0118 0.018611 0.100396 0 0.0296247 
0.0555 0.158828 0.704871 0.747069 0.683217 0.88077 0.930666 0.908949 0.927667 1.01169 0.927667 1.01169 0.018965 0.100441 0 0.029061 
0.054 0.161339 0.704274 0.746264 0.682319 0.882126 0.932024 0.910629 0.928101 1.01157 0.928101 1.01157 0.0193306 0.100483 0 0.0284882 
0.0525 0.163921 0.703665 0.74544 0.6814 0.883509 0.933409 0.912341 0.928548 1.01145 0.928548 1.01145 0.0197083 0.100522 0 0.0279062 
0.051 0.166577 0.703045 0.744597 0.680462 0.884919 0.934819 0.914086 0.929008 1.01133 0.929008 1.01133 0.0200986 0.100558 0 0.0273145 
0.0495 0.169308 0.702413 0.743734 0.679503 0.886359 0.936256 0.915864 0.929481 1.0112 0.929481 1.0112 0.0205021 0.100591 0 0.0267129 
0.048 0.172118 0.701771 0.742851 0.678523 0.887829 0.937722 0.917678 0.929967 1.01106 0.929967 1.01106 0.0209191 0.10062 0 0.0261012 
0.0465 0.175007 0.701116 0.741947 0.677522 0.88933 0.939216 0.919527 0.930467 1.01092 0.930467 1.01092 0.0213502 0.100646 0 0.0254789 
0.045 0.17798 0.700449 0.741021 0.676499 0.890861 0.940739 0.921413 0.930981 1.01077 0.930981 1.01077 0.0217959 0.100667 0 0.024846 
0.0435 0.181037 0.699771 0.740074 0.675453 0.892426 0.942293 0.923338 0.93151 1.01062 0.93151 1.01062 0.0222568 0.100684 0 0.0242019 
0.042 0.184181 0.69908 0.739105 0.674385 0.894023 0.943878 0.925302 0.932053 1.01046 0.932053 1.01046 0.0227333 0.100696 0 0.0235466 
0.0405 0.187414 0.698378 0.738112 0.673294 0.895654 0.945495 0.927307 0.932612 1.01029 0.932612 1.01029 0.023226 0.100703 0 0.0228797 
0.039 0.190738 0.697663 0.737097 0.67218 0.89732 0.947145 0.929353 0.933186 1.01012 0.933186 1.01012 0.0237354 0.100704 0 0.022201 
0.0375 0.194156 0.696936 0.736058 0.671043 0.899021 0.948828 0.931442 0.933776 1.00994 0.933776 1.00994 0.0242621 0.1007 0 0.0215103 
0.036 0.197668 0.696197 0.734995 0.669881 0.900758 0.950544 0.933574 0.934382 1.00976 0.934382 1.00976 0.0248066 0.10069 0 0.0208072 
0.0345 0.201277 0.695446 0.733907 0.668696 0.902532 0.952296 0.935752 0.935004 1.00956 0.935004 1.00956 0.0253694 0.100673 0 0.0200917 
0.033 0.204984 0.694683 0.732796 0.667486 0.904343 0.954083 0.937975 0.935642 1.00936 0.935642 1.00936 0.0259511 0.100649 0 0.0193635 
0.0315 0.208792 0.693908 0.731659 0.666252 0.906191 0.955905 0.940245 0.936297 1.00915 0.936297 1.00915 0.0265522 0.100618 0 0.0186225 
0.03 0.212702 0.693122 0.730497 0.664994 0.908078 0.957764 0.942562 0.936969 1.00893 0.936969 1.00893 0.0271733 0.10058 0 0.0178685 
0.0285 0.216715 0.692324 0.72931 0.663711 0.910003 0.959658 0.944928 0.937658 1.0087 0.937658 1.0087 0.0278148 0.100533 0 0.0171013 
0.027 0.220833 0.691514 0.728097 0.662403 0.911967 0.96159 0.947344 0.938365 1.00846 0.938365 1.00846 0.0284774 0.100477 0 0.016321 
0.0255 0.225058 0.690693 0.726858 0.661071 0.913971 0.963557 0.949809 0.939089 1.00822 0.939089 1.00822 0.0291618 0.100413 0 0.0155274 
0.024 0.229393 0.689861 0.725593 0.659713 0.916014 0.965561 0.952325 0.93983 1.00796 0.93983 1.00796 0.0298686 0.100338 0 0.0147204 
0.0225 0.23384 0.689018 0.7243 0.65833 0.918098 0.967602 0.954892 0.94059 1.00769 0.94059 1.00769 0.0305986 0.100254 0 0.0139002 
0.021 0.238403 0.688164 0.722979 0.656921 0.920222 0.969678 0.957511 0.941369 1.00741 0.941369 1.00741 0.0313528 0.100159 0 0.0130666 
0.0195 0.243086 0.687298 0.72163 0.655485 0.922388 0.971789 0.960182 0.942167 1.00712 0.942167 1.00712 0.0321322 0.100052 0 0.0122197 
0.018 0.247896 0.68642 0.72025 0.654021 0.924596 0.973934 0.962906 0.942986 1.00682 0.942986 1.00682 0.0329385 0.0999337 0 0.0113597 
0.0165 0.252842 0.68553 0.718838 0.652526 0.926848 0.976111 0.965683 0.943827 1.00651 0.943827 1.00651 0.0337734 0.099802 0 0.0104865 
0.015 0.257935 0.684626 0.71739 0.650999 0.929145 0.97832 0.968514 0.944691 1.00618 0.944691 1.00618 0.0346395 0.0996561 0 0.0096003 
0.0135 0.263193 0.683706 0.715903 0.649435 0.93149 0.980558 0.971398 0.945582 1.00583 0.945582 1.00583 0.0355402 0.0994947 0 0.0087012 
0.012 0.26864 0.682768 0.71437 0.647829 0.933886 0.982822 0.974336 0.946503 1.00547 0.946503 1.00547 0.0364802 0.0993158 0 0.00778928 
0.0105 0.274311 0.681808 0.712783 0.646172 0.93634 0.985108 0.977329 0.947461 1.00508 0.947461 1.00508 0.0374663 0.0991169 0 0.00686462 
0.009 0.280259 0.680819 0.711128 0.644451 0.93886 0.987412 0.980377 0.948463 1.00467 0.948463 1.00467 0.0385083 0.0988944 0 0.00592721 
0.0075 0.286561 0.679792 0.709386 0.642648 0.941459 0.989726 0.983482 0.949523 1.00423 0.949523 1.00423 0.0396209 0.0986427 0 0.00497697 
0.006 0.293342 0.678714 0.707527 0.640733 0.944158 0.992039 0.986645 0.950661 1.00374 0.950661 1.00374 0.0408275 0.0983531 0 0.00401359 
0.0045 0.300816 0.677558 0.705498 0.638656 0.946992 0.994336 0.989869 0.951913 1.00319 0.951913 1.00319 0.042168 0.0980106 0 0.00303647 
0.003 0.309398 0.676279 0.703197 0.636317 0.950032 0.996582 0.99316 0.953345 1.00255 0.953345 1.00255 0.0437198 0.097586 0 0.00204441 
0.0015 0.32012 0.674759 0.700376 0.633479 0.953451 0.998695 0.996528 0.955128 1.00171 0.955128 1.00171 0.0456745 0.0970049 0 0.00103482 
