0.1395 0.300028 0.677692 0.705723 0.638889 0.946705 0.994114 0.989553 0.95178 1.00325 0.95178 1.00325 0.0420238 0.0980425 0 0.00313196 
0.138 0.300102 0.677694 0.705714 0.638884 0.946737 0.994143 0.989594 0.951792 1.00324 0.951792 1.00324 0.0420348 0.0980335 0 0.00311968 
0.1365 0.300178 0.677695 0.705705 0.638878 0.946769 0.994172 0.989635 0.951805 1.00323 0.951805 1.00323 0.0420461 0.0980245 0 0.00310731 
0.135 0.300255 0.677697 0.705696 0.638872 0.946802 0.9942 0.989676 0.951817 1.00323 0.951817 1.00323 0.0420576 0.0980155 0 0.00309485 
0.1335 0.300333 0.677698 0.705687 0.638866 0.946835 0.99423 0.989718 0.95183 1.00322 0.95183 1.00322 0.0420694 0.0980065 0 0.00308228 
0.132 0.300416 0.677619 0.705606 0.638766 0.946845 0.99422 0.989704 0.951846 1.00322 0.951846 1.00322 0.0420961 0.0980296 0 0.00308624 
0.1305 0.300497 0.677622 0.705597 0.638761 0.946879 0.994251 0.989748 0.951859 1.00321 0.951859 1.00321 0.0421079 0.0980197 0 0.00307295 
0.129 0.300579 0.677624 0.705588 0.638756 0.946914 0.994282 0.989793 0.951872 1.00321 0.951872 1.00321 0.0421201 0.0980098 0 0.00305956 
0.1275 0.300662 0.677626 0.705579 0.63875 0.946949 0.994314 0.989837 0.951885 1.0032 0.951885 1.0032 0.0421324 0.0979998 0 0.00304605 
0.126 0.300746 0.677628 0.705569 0.638744 0.946985 0.994345 0.989883 0.951899 1.00319 0.951899 1.00319 0.042145 0.0979899 0 0.00303243 
0.1245 0.300838 0.677555 0.705492 0.63865 0.947 0.994342 0.989878 0.951916 1.00319 0.951916 1.00319 0.042172 0.0980096 0 0.00303376 
0.123 0.300925 0.677558 0.705483 0.638644 0.947037 0.994375 0.989926 0.95193 1.00318 0.95193 1.00318 0.0421848 0.0979988 0 0.00301943 
0.1215 0.301014 0.677561 0.705473 0.638639 0.947075 0.994409 0.989973 0.951945 1.00317 0.951945 1.00317 0.0421979 0.097988 0 0.00300498 
0.12 0.301104 0.677563 0.705463 0.638633 0.947113 0.994442 0.990022 0.951959 1.00316 0.951959 1.00316 0.0422113 0.0979771 0 0.0029904 
0.1185 0.301195 0.677565 0.705452 0.638626 0.947152 0.994476 0.99007 0.951974 1.00316 0.951974 1.00316 0.0422249 0.0979662 0 0.00297569 
0.117 0.301298 0.677485 0.705368 0.638523 0.947169 0.994473 0.990066 0.951993 1.00316 0.951993 1.00316 0.0422548 0.0979877 0 0.00297691 
0.1155 0.301393 0.677489 0.705358 0.638518 0.94721 0.994509 0.990117 0.952008 1.00315 0.952008 1.00315 0.0422687 0.0979759 0 0.00296141 
0.114 0.301489 0.677492 0.705348 0.638512 0.94725 0.994545 0.990169 0.952024 1.00314 0.952024 1.00314 0.0422829 0.097964 0 0.00294578 
0.1125 0.301587 0.677494 0.705337 0.638506 0.947292 0.994582 0.990222 0.95204 1.00313 0.95204 1.00313 0.0422975 0.0979521 0 0.00292999 
0.111 0.301687 0.677497 0.705325 0.638499 0.947334 0.994619 0.990274 0.952056 1.00312 0.952056 1.00312 0.0423123 0.0979401 0 0.00291406 
0.1095 0.301802 0.677409 0.705232 0.638384 0.947353 0.994616 0.990271 0.952077 1.00312 0.952077 1.00312 0.0423455 0.0979636 0 0.00291511 
0.108 0.301905 0.677413 0.705222 0.638379 0.947397 0.994655 0.990326 0.952094 1.00311 0.952094 1.00311 0.0423607 0.0979506 0 0.0028983 
0.1065 0.30201 0.677416 0.70521 0.638373 0.947442 0.994694 0.990383 0.952111 1.0031 0.952111 1.0031 0.0423762 0.0979376 0 0.00288133 
0.105 0.302117 0.67742 0.705199 0.638366 0.947487 0.994733 0.990439 0.952128 1.00309 0.952128 1.00309 0.042392 0.0979244 0 0.00286418 
0.1035 0.302226 0.677422 0.705187 0.638359 0.947533 0.994773 0.990497 0.952146 1.00308 0.952146 1.00308 0.0424082 0.0979112 0 0.00284686 
0.102 0.302356 0.677325 0.705083 0.638232 0.947555 0.994771 0.990494 0.95217 1.00308 0.95217 1.00308 0.0424454 0.097937 0 0.00284768 
0.1005 0.302469 0.67733 0.705071 0.638227 0.947603 0.994813 0.990555 0.952188 1.00307 0.952188 1.00307 0.042462 0.0979226 0 0.00282938 
0.099 0.302584 0.677334 0.70506 0.63822 0.947652 0.994856 0.990616 0.952207 1.00306 0.952207 1.00306 0.0424789 0.0979082 0 0.00281089 
0.0975 0.302702 0.677338 0.705047 0.638214 0.947701 0.994899 0.990678 0.952226 1.00304 0.952226 1.00304 0.0424963 0.0978936 0 0.0027922 
0.096 0.302841 0.677252 0.704952 0.638099 0.947731 0.994906 0.990688 0.952251 1.00304 0.952251 1.00304 0.0425329 0.0979136 0 0.00278912 
0.0945 0.302963 0.677257 0.70494 0.638093 0.947783 0.994951 0.990753 0.952271 1.00303 0.952271 1.00303 0.0425508 0.0978979 0 0.00276949 
0.093 0.303088 0.677262 0.704928 0.638087 0.947835 0.994996 0.990819 0.952291 1.00302 0.952291 1.00302 0.042569 0.0978822 0 0.00274964 
0.0915 0.303215 0.677266 0.704914 0.63808 0.947888 0.995042 0.990885 0.952311 1.003 0.952311 1.003 0.0425878 0.0978663 0 0.00272955 
0.09 0.303369 0.677172 0.70481 0.637955 0.947922 0.99505 0.990897 0.952339 1.003 0.952339 1.003 0.0426282 0.0978879 0 0.00272594 
0.0885 0.303501 0.677178 0.704797 0.637949 0.947977 0.995099 0.990967 0.95236 1.00299 0.95236 1.00299 0.0426475 0.0978709 0 0.00270481 
0.087 0.303636 0.677184 0.704784 0.637942 0.948034 0.995147 0.991038 0.952382 1.00298 0.952382 1.00298 0.0426672 0.0978537 0 0.00268344 
0.0855 0.303774 0.677189 0.70477 0.637935 0.948091 0.995197 0.99111 0.952405 1.00296 0.952405 1.00296 0.0426875 0.0978363 0 0.0026618 
0.084 0.303945 0.677086 0.704655 0.637797 0.948129 0.995207 0.991124 0.952435 1.00296 0.952435 1.00296 0.0427323 0.0978598 0 0.00265753 
0.0825 0.304089 0.677092 0.704642 0.637791 0.948189 0.995258 0.9912 0.952459 1.00294 0.952459 1.00294 0.0427532 0.0978411 0 0.00263474 
0.081 0.304236 0.677099 0.704627 0.637784 0.94825 0.995311 0.991276 0.952482 1.00293 0.952482 1.00293 0.0427747 0.0978222 0 0.00261166 
0.0795 0.304387 0.677105 0.704612 0.637776 0.948312 0.995364 0.991354 0.952507 1.00291 0.952507 1.00291 0.0427968 0.0978032 0 0.00258828 
0.078 0.304578 0.676991 0.704485 0.637624 0.948355 0.995376 0.991371 0.952541 1.00291 0.952541 1.00291 0.0428467 0.0978287 0 0.00258322 
0.0765 0.304735 0.676999 0.704471 0.637618 0.94842 0.995432 0.991452 0.952566 1.0029 0.952566 1.0029 0.0428695 0.0978082 0 0.00255854 
0.075 0.304896 0.677006 0.704455 0.637611 0.948487 0.995488 0.991535 0.952592 1.00288 0.952592 1.00288 0.0428929 0.0977874 0 0.00253354 
0.0735 0.305061 0.677013 0.704439 0.637603 0.948554 0.995546 0.991619 0.952619 1.00286 0.952619 1.00286 0.042917 0.0977663 0 0.00250819 
0.072 0.305276 0.676887 0.704298 0.637434 0.948603 0.995559 0.991639 0.952658 1.00286 0.952658 1.00286 0.0429729 0.0977943 0 0.00250216 
0.0705 0.305449 0.676896 0.704282 0.637427 0.948674 0.99562 0.991728 0.952685 1.00284 0.952685 1.00284 0.0429979 0.0977715 0 0.00247536 
0.069 0.305626 0.676904 0.704266 0.63742 0.948747 0.995681 0.991819 0.952714 1.00282 0.952714 1.00282 0.0430236 0.0977484 0 0.00244817 
0.0675 0.30585 0.676801 0.704144 0.637278 0.948805 0.995708 0.991858 0.952753 1.00282 0.952753 1.00282 0.0430766 0.0977658 0 0.00243635 
0.066 0.306036 0.676811 0.704128 0.637271 0.948881 0.995772 0.991953 0.952783 1.0028 0.952783 1.0028 0.0431035 0.0977411 0 0.00240776 
0.0645 0.306226 0.676821 0.70411 0.637264 0.948959 0.995838 0.992049 0.952814 1.00278 0.952814 1.00278 0.0431311 0.0977161 0 0.00237874 
0.063 0.306472 0.676709 0.703978 0.637109 0.949024 0.995867 0.992092 0.952857 1.00277 0.952857 1.00277 0.0431893 0.0977347 0 0.00236569 
0.0615 0.306692 0.676677 0.703919 0.637049 0.9491 0.995923 0.992174 0.952894 1.00275 0.952894 1.00275 0.043229 0.0977237 0 0.00234096 
0.06 0.306918 0.676643 0.703859 0.636988 0.949179 0.995979 0.992259 0.952932 1.00274 0.952932 1.00274 0.0432699 0.0977123 0 0.00231561 
0.0585 0.30715 0.676609 0.703797 0.636925 0.94926 0.996038 0.992345 0.95297 1.00272 0.95297 1.00272 0.0433121 0.0977006 0 0.0022896 
0.057 0.30739 0.676573 0.703733 0.63686 0.949343 0.996097 0.992434 0.95301 1.0027 0.95301 1.0027 0.0433556 0.0976885 0 0.00226292 
0.0555 0.307638 0.676537 0.703666 0.636793 0.949429 0.996158 0.992525 0.953052 1.00268 0.953052 1.00268 0.0434004 0.0976759 0 0.00223553 
0.054 0.307893 0.676499 0.703598 0.636724 0.949517 0.996221 0.992618 0.953094 1.00266 0.953094 1.00266 0.0434467 0.097663 0 0.0022074 
0.0525 0.308157 0.67646 0.703528 0.636652 0.949608 0.996285 0.992714 0.953138 1.00264 0.953138 1.00264 0.0434945 0.0976496 0 0.0021785 
0.051 0.308429 0.67642 0.703455 0.636579 0.949702 0.996351 0.992813 0.953184 1.00262 0.953184 1.00262 0.0435439 0.0976357 0 0.0021488 
0.0495 0.308711 0.676379 0.70338 0.636503 0.949798 0.996419 0.992914 0.953231 1.0026 0.953231 1.0026 0.043595 0.0976213 0 0.00211826 
0.048 0.309002 0.676337 0.703303 0.636424 0.949897 0.996488 0.993019 0.953279 1.00258 0.953279 1.00258 0.0436478 0.0976063 0 0.00208685 
0.0465 0.309304 0.676292 0.703222 0.636343 0.95 0.996559 0.993126 0.95333 1.00255 0.95333 1.00255 0.0437026 0.0975908 0 0.00205451 
0.045 0.309616 0.676247 0.703139 0.636259 0.950106 0.996633 0.993237 0.953382 1.00253 0.953382 1.00253 0.0437593 0.0975747 0 0.00202122 
0.0435 0.309941 0.6762 0.703053 0.636172 0.950216 0.996708 0.993351 0.953436 1.00251 0.953436 1.00251 0.0438182 0.0975579 0 0.00198691 
0.042 0.310277 0.676151 0.702964 0.636081 0.950329 0.996785 0.993469 0.953492 1.00248 0.953492 1.00248 0.0438794 0.0975405 0 0.00195155 
0.0405 0.310627 0.6761 0.702871 0.635987 0.950447 0.996865 0.99359 0.95355 1.00245 0.95355 1.00245 0.0439429 0.0975223 0 0.00191507 
0.039 0.310991 0.676047 0.702774 0.63589 0.950568 0.996947 0.993716 0.953611 1.00242 0.953611 1.00242 0.044009 0.0975033 0 0.00187743 
0.0375 0.311321 0.676068 0.702748 0.635882 0.950695 0.997047 0.993869 0.953663 1.00239 0.953663 1.00239 0.0440564 0.0974579 0 0.00183149 
0.036 0.311764 0.675935 0.702569 0.635683 0.950825 0.997118 0.993979 0.953739 1.00237 0.953739 1.00237 0.0441497 0.0974627 0 0.00179836 
0.0345 0.312176 0.675876 0.70246 0.635573 0.950961 0.997208 0.994117 0.953808 1.00233 0.953808 1.00233 0.0442246 0.0974409 0 0.00175681 
0.033 0.312607 0.675814 0.702346 0.635458 0.951102 0.9973 0.994261 0.95388 1.0023 0.95388 1.0023 0.044303 0.0974181 0 0.00171379 
0.0315 0.313057 0.67575 0.702227 0.635338 0.95125 0.997395 0.994409 0.953955 1.00227 0.953955 1.00227 0.044385 0.0973942 0 0.00166925 
0.03 0.31353 0.675682 0.702103 0.635212 0.951403 0.997493 0.994563 0.954033 1.00223 0.954033 1.00223 0.044471 0.0973689 0 0.00162306 
0.0285 0.314025 0.675612 0.701972 0.63508 0.951563 0.997595 0.994723 0.954116 1.00219 0.954116 1.00219 0.0445614 0.0973423 0 0.00157513 
0.027 0.314547 0.675537 0.701834 0.634942 0.951731 0.9977 0.994889 0.954203 1.00215 0.954203 1.00215 0.0446564 0.0973142 0 0.00152535 
0.0255 0.315096 0.675459 0.70169 0.634796 0.951906 0.997808 0.995062 0.954294 1.00211 0.954294 1.00211 0.0447566 0.0972844 0 0.0014736 
0.024 0.315677 0.675378 0.701537 0.634643 0.95209 0.99792 0.995241 0.95439 1.00206 0.95439 1.00206 0.0448625 0.0972528 0 0.00141972 
0.0225 0.316291 0.675291 0.701376 0.634481 0.952283 0.998036 0.995429 0.954493 1.00202 0.954493 1.00202 0.0449747 0.0972191 0 0.00136357 
0.021 0.316944 0.6752 0.701205 0.634309 0.952486 0.998156 0.995625 0.954601 1.00196 0.954601 1.00196 0.0450938 0.0971831 0 0.00130497 
0.0195 0.317638 0.675103 0.701023 0.634127 0.952701 0.99828 0.995829 0.954716 1.00191 0.954716 1.00191 0.0452207 0.0971446 0 0.00124372 
0.018 0.31838 0.674999 0.700829 0.633932 0.952928 0.998409 0.996043 0.95484 1.00185 0.95484 1.00185 0.0453563 0.0971032 0 0.0011796 
0.0165 0.319177 0.674889 0.700621 0.633724 0.953169 0.998543 0.996268 0.954972 1.00179 0.954972 1.00179 0.0455019 0.0970584 0 0.00111236 
0.015 0.320035 0.674771 0.700398 0.633501 0.953426 0.998681 0.996505 0.955114 1.00172 0.955114 1.00172 0.045659 0.0970098 0 0.00104171 
0.0135 0.320965 0.674644 0.700156 0.633259 0.953701 0.998825 0.996754 0.955269 1.00165 0.955269 1.00165 0.0458293 0.0969566 0 0.000967283 
0.012 0.321979 0.674506 0.699893 0.632997 0.953997 0.998974 0.997017 0.955437 1.00157 0.955437 1.00157 0.0460151 0.0968981 0 0.000888689 
0.0105 0.323095 0.674355 0.699604 0.632709 0.954316 0.999128 0.997295 0.955622 1.00148 0.955622 1.00148 0.0462196 0.0968332 0 0.000805435 
0.009 0.324333 0.674189 0.699285 0.632392 0.954665 0.999287 0.997592 0.955827 1.00138 0.955827 1.00138 0.0464469 0.0967603 0 0.00071691 
0.0075 0.325727 0.674004 0.698927 0.632036 0.955049 0.999451 0.997909 0.956058 1.00127 0.956058 1.00127 0.0467028 0.0966772 0 0.000622368 
0.006 0.327324 0.673794 0.698518 0.631631 0.955478 0.999619 0.99825 0.956322 1.00114 0.956322 1.00114 0.0469962 0.0965808 0 0.000520809 
0.0045 0.329201 0.673551 0.69804 0.631158 0.955966 0.999787 0.998619 0.956632 1.00099 0.956632 1.00099 0.0473415 0.0964655 0 0.000410884 
0.003 0.331505 0.673257 0.697456 0.630583 0.956541 0.99995 0.999023 0.957012 1.0008 0.957012 1.0008 0.0477656 0.0963214 0 0.000290587 
0.0015 0.334587 0.672873 0.696682 0.629823 0.957267 1.00009 0.999473 0.95752 1.00054 0.95752 1.00054 0.0483336 0.0961237 0 0.000156517 
