0.15 0.49994 0.671799 0.671808 0.612524 0.991901 0.982257 1 0.982241 0.982257 0.991901 0.982257 0.0764444 0.0764626 0 0 
0.1485 0.499943 0.673881 0.673889 0.615178 0.991672 0.982023 1 0.982008 0.982023 0.991672 0.982023 0.0757558 0.0757732 0 0 
0.147 0.499945 0.675983 0.675991 0.617853 0.99145 0.981793 1 0.981779 0.981793 0.99145 0.981793 0.0750651 0.0750817 0 0 
0.1455 0.499947 0.67809 0.678098 0.620529 0.991235 0.981571 1 0.981557 0.981571 0.991235 0.981571 0.0743776 0.0743933 0 0 
0.144 0.499949 0.680191 0.680198 0.62319 0.991025 0.981355 1 0.981342 0.981355 0.991025 0.981355 0.0736969 0.0737119 0 0 
0.1425 0.499951 0.682305 0.682312 0.625864 0.990822 0.981146 1 0.981133 0.981146 0.990822 0.981146 0.0730163 0.0730305 0 0 
0.141 0.499953 0.684422 0.684429 0.628534 0.990624 0.980943 1 0.980931 0.980943 0.990624 0.980943 0.0723397 0.0723532 0 0 
0.1395 0.499956 0.686529 0.686535 0.631186 0.990433 0.980747 1 0.980736 0.980747 0.990433 0.980747 0.0716707 0.0716834 0 0 
0.138 0.499958 0.688648 0.688654 0.63385 0.990248 0.980557 1 0.980546 0.980557 0.990248 0.980557 0.071002 0.071014 0 0 
0.1365 0.49996 0.690767 0.690773 0.636507 0.990068 0.980373 1 0.980363 0.980373 0.990068 0.980373 0.0703379 0.0703493 0 0 
0.135 0.499962 0.692885 0.69289 0.639157 0.989895 0.980196 1 0.980186 0.980196 0.989895 0.980196 0.0696784 0.0696891 0 0 
0.1335 0.499964 0.694988 0.694993 0.641784 0.989727 0.980026 1 0.980017 0.980026 0.989727 0.980026 0.0690278 0.0690379 0 0 
0.132 0.499966 0.697096 0.697101 0.644412 0.989565 0.979862 1 0.979853 0.979862 0.989565 0.979862 0.0683795 0.068389 0 0 
0.1305 0.499967 0.699206 0.699211 0.647039 0.989409 0.979703 1 0.979695 0.979703 0.989409 0.979703 0.0677347 0.0677435 0 0 
0.129 0.499969 0.701309 0.701313 0.649651 0.989258 0.979551 1 0.979544 0.979551 0.989258 0.979551 0.0670961 0.0671043 0 0 
0.1275 0.499971 0.703393 0.703397 0.652235 0.989114 0.979406 1 0.979399 0.979406 0.989114 0.979406 0.0664669 0.0664746 0 0 
0.126 0.499973 0.70548 0.705483 0.654818 0.988974 0.979266 1 0.979259 0.979266 0.988974 0.979266 0.0658408 0.0658479 0 0 
0.1245 0.499975 0.707544 0.707547 0.657369 0.988841 0.979133 1 0.979127 0.979133 0.988841 0.979133 0.0652251 0.0652316 0 0 
0.123 0.499977 0.709602 0.709605 0.659908 0.988712 0.979005 1 0.979 0.979005 0.988712 0.979005 0.0646146 0.0646206 0 0 
0.1215 0.499978 0.711644 0.711647 0.662423 0.988589 0.978884 1 0.978879 0.978884 0.988589 0.978884 0.0640125 0.0640181 0 0 
0.12 0.49998 0.713667 0.713669 0.66491 0.988472 0.978768 1 0.978764 0.978768 0.988472 0.978768 0.0634194 0.0634244 0 0 
0.1185 0.499982 0.715669 0.715671 0.667368 0.988359 0.978659 1 0.978654 0.978659 0.988359 0.978659 0.0628355 0.0628401 0 0 
0.117 0.499983 0.717648 0.71765 0.669794 0.988252 0.978555 1 0.978551 0.978555 0.988252 0.978555 0.0622615 0.0622656 0 0 
0.1155 0.499985 0.719611 0.719613 0.672197 0.988149 0.978456 1 0.978453 0.978456 0.988149 0.978456 0.061695 0.0616986 0 0 
0.114 0.499987 0.721546 0.721548 0.674562 0.988052 0.978363 1 0.97836 0.978363 0.988052 0.978363 0.0611396 0.0611428 0 0 
0.1125 0.499987 0.707892 0.707894 0.657798 0.988208 0.97911 1 0.979107 0.97911 0.988208 0.97911 0.0651235 0.0651269 0 0 
0.111 0.499988 0.707903 0.707905 0.657811 0.988168 0.97911 1 0.979107 0.97911 0.988168 0.97911 0.0651205 0.0651237 0 0 
0.1095 0.499992 0.727173 0.727174 0.681421 0.987789 0.978117 1 0.978115 0.978117 0.987789 0.978117 0.0595405 0.0595425 0 0 
0.108 0.499993 0.728985 0.728986 0.683624 0.987711 0.978044 1 0.978043 0.978044 0.987711 0.978044 0.0590304 0.059032 0 0 
0.1065 0.499995 0.730756 0.730756 0.685774 0.987637 0.977977 1 0.977976 0.977977 0.987637 0.977977 0.0585343 0.0585355 0 0 
0.105 0.499996 0.732494 0.732494 0.687882 0.987568 0.977914 1 0.977914 0.977914 0.987568 0.977914 0.0580496 0.0580505 0 0 
0.1035 0.499998 0.734181 0.734181 0.689926 0.987503 0.977856 1 0.977856 0.977856 0.987503 0.977856 0.057581 0.0575815 0 0 
0.102 0.499997 0.720616 0.720617 0.673425 0.987583 0.978407 1 0.978406 0.978407 0.987583 0.978407 0.0614078 0.0614086 0 0 
0.1005 0.499998 0.720615 0.720616 0.673424 0.987554 0.978407 1 0.978407 0.978407 0.987554 0.978407 0.0614083 0.0614088 0 0 
0.099 0.499999 0.720613 0.720613 0.673421 0.98753 0.978407 1 0.978407 0.978407 0.98753 0.978407 0.0614092 0.0614095 0 0 
0.0975 0.5 0.720608 0.720608 0.673414 0.987509 0.978407 1 0.978407 0.978407 0.987509 0.978407 0.0614108 0.0614109 0 0 
0.096 0.500001 0.7206 0.7206 0.673405 0.987492 0.978408 1 0.978408 0.978408 0.987492 0.978408 0.0614132 0.061413 0 0 
0.0945 0.499993 0.701392 0.701393 0.649752 0.988322 0.979545 1 0.979543 0.979545 0.988322 0.979545 0.067075 0.067077 0 0 
0.093 0.499993 0.701396 0.701396 0.649756 0.988324 0.979544 1 0.979543 0.979544 0.988324 0.979544 0.0670741 0.067076 0 0 
0.0915 0.5 0.712823 0.712823 0.663871 0.987748 0.978815 1 0.978815 0.978815 0.987748 0.978815 0.0636698 0.0636698 0 0 
0.09 0.5 0.711302 0.711302 0.662 0.987816 0.978903 1 0.978903 0.978903 0.987816 0.978903 0.0641168 0.0641168 0 0 
0.0885 0.5 0.709906 0.709906 0.66028 0.987884 0.978986 1 0.978986 0.978986 0.987884 0.978986 0.0645289 0.0645289 0 0 
0.087 0.5 0.708611 0.708611 0.658683 0.987954 0.979065 1 0.979065 0.979065 0.987954 0.979065 0.0649124 0.0649124 0 0 
0.0855 0.5 0.7074 0.7074 0.657189 0.988025 0.979141 1 0.979141 0.979141 0.988025 0.979141 0.0652722 0.0652722 0 0 
0.084 0.5 0.706261 0.706261 0.655782 0.988097 0.979214 1 0.979214 0.979214 0.988097 0.979214 0.0656119 0.0656119 0 0 
0.0825 0.5 0.705184 0.705184 0.654449 0.98817 0.979285 1 0.979285 0.979285 0.98817 0.979285 0.0659342 0.0659342 0 0 
0.081 0.5 0.70416 0.70416 0.653182 0.988245 0.979353 1 0.979353 0.979353 0.988245 0.979353 0.0662413 0.0662413 0 0 
0.0795 0.5 0.703184 0.703184 0.651973 0.98832 0.979419 1 0.979419 0.979419 0.98832 0.979419 0.0665352 0.0665352 0 0 
0.078 0.5 0.702249 0.702249 0.650814 0.988397 0.979484 1 0.979484 0.979484 0.988397 0.979484 0.0668173 0.0668173 0 0 
0.0765 0.5 0.701351 0.701351 0.6497 0.988475 0.979547 1 0.979547 0.979547 0.988475 0.979547 0.0670888 0.0670888 0 0 
0.075 0.5 0.700487 0.700487 0.648628 0.988555 0.979609 1 0.979609 0.979609 0.988555 0.979609 0.0673508 0.0673508 0 0 
0.0735 0.5 0.699654 0.699654 0.647592 0.988636 0.97967 1 0.97967 0.97967 0.988636 0.97967 0.0676043 0.0676043 0 0 
0.072 0.500013 0.688687 0.688686 0.633893 0.989474 0.98055 1 0.980554 0.98055 0.989474 0.98055 0.0709998 0.070996 0 0 
0.0705 0.5 0.698066 0.698066 0.645617 0.988802 0.979787 1 0.979787 0.979787 0.988802 0.979787 0.0680887 0.0680887 0 0 
0.069 0.499979 0.683389 0.683392 0.627228 0.989994 0.981041 1 0.981036 0.981041 0.989994 0.981041 0.0726749 0.0726811 0 0 
0.0675 0.5 0.69657 0.69657 0.643754 0.988974 0.979901 1 0.979901 0.979901 0.988974 0.979901 0.0685472 0.0685472 0 0 
0.066 0.5 0.695852 0.695852 0.642859 0.989063 0.979957 1 0.979957 0.979957 0.989063 0.979957 0.068768 0.068768 0 0 
0.0645 0.499995 0.69239 0.692391 0.638535 0.989362 0.980236 1 0.980235 0.980236 0.989362 0.980236 0.0698386 0.0698399 0 0 
0.063 0.5 0.694469 0.694469 0.641132 0.989247 0.980067 1 0.980067 0.980067 0.989247 0.980067 0.0691949 0.0691949 0 0 
0.0615 0.5 0.6938 0.6938 0.640297 0.989342 0.98012 1 0.98012 0.98012 0.989342 0.98012 0.0694018 0.0694018 0 0 
0.06 0.5 0.693146 0.693146 0.639479 0.98944 0.980174 1 0.980174 0.980174 0.98944 0.980174 0.0696046 0.0696046 0 0 
0.0585 0.5 0.692504 0.692504 0.638677 0.989539 0.980226 1 0.980226 0.980226 0.989539 0.980226 0.0698039 0.0698039 0 0 
0.057 0.5 0.691876 0.691876 0.637891 0.989642 0.980279 1 0.980279 0.980279 0.989642 0.980279 0.0699996 0.0699996 0 0 
0.0555 0.5 0.691258 0.691258 0.637117 0.989747 0.980331 1 0.980331 0.980331 0.989747 0.980331 0.0701922 0.0701922 0 0 
0.054 0.5 0.690651 0.690651 0.636357 0.989855 0.980382 1 0.980382 0.980382 0.989855 0.980382 0.0703819 0.0703819 0 0 
0.0525 0.5 0.690054 0.690054 0.635608 0.989966 0.980433 1 0.980433 0.980433 0.989966 0.980433 0.0705689 0.0705689 0 0 
0.051 0.5 0.689465 0.689465 0.634871 0.99008 0.980484 1 0.980484 0.980484 0.99008 0.980484 0.0707534 0.0707534 0 0 
0.0495 0.5 0.688886 0.688886 0.634143 0.990198 0.980535 1 0.980535 0.980535 0.990198 0.980535 0.0709355 0.0709355 0 0 
0.048 0.5 0.688314 0.688314 0.633425 0.990319 0.980585 1 0.980585 0.980585 0.990319 0.980585 0.0711155 0.0711155 0 0 
0.0465 0.5 0.687749 0.687749 0.632716 0.990445 0.980636 1 0.980636 0.980636 0.990445 0.980636 0.0712935 0.0712935 0 0 
0.045 0.5 0.687191 0.687191 0.632015 0.990575 0.980686 1 0.980686 0.980686 0.990575 0.980686 0.0714697 0.0714697 0 0 
0.0435 0.5 0.686639 0.686639 0.631321 0.99071 0.980736 1 0.980736 0.980736 0.99071 0.980736 0.0716442 0.0716442 0 0 
0.042 0.5 0.686093 0.686093 0.630634 0.99085 0.980786 1 0.980786 0.980786 0.99085 0.980786 0.0718173 0.0718173 0 0 
0.0405 0.5 0.685552 0.685552 0.629953 0.990995 0.980836 1 0.980836 0.980836 0.990995 0.980836 0.071989 0.071989 0 0 
0.039 0.5 0.685016 0.685016 0.629278 0.991147 0.980886 1 0.980886 0.980886 0.991147 0.980886 0.0721595 0.0721595 0 0 
0.0375 0.5 0.684484 0.684484 0.628607 0.991305 0.980936 1 0.980936 0.980936 0.991305 0.980936 0.072329 0.072329 0 0 
0.036 0.5 0.683955 0.683955 0.627941 0.99147 0.980986 1 0.980986 0.980986 0.99147 0.980986 0.0724977 0.0724977 0 0 
0.0345 0.5 0.68343 0.68343 0.627278 0.991644 0.981036 1 0.981036 0.981036 0.991644 0.981036 0.0726655 0.0726655 0 0 
0.033 0.5 0.682908 0.682908 0.626619 0.991826 0.981086 1 0.981086 0.981086 0.991826 0.981086 0.0728328 0.0728328 0 0 
0.0315 0.5 0.682387 0.682387 0.625962 0.992018 0.981137 1 0.981137 0.981137 0.992018 0.981137 0.0729997 0.0729997 0 0 
0.03 0.5 0.681869 0.681869 0.625306 0.992221 0.981187 1 0.981187 0.981187 0.992221 0.981187 0.0731663 0.0731663 0 0 
0.0285 0.5 0.681351 0.681351 0.624652 0.992436 0.981238 1 0.981238 0.981238 0.992436 0.981238 0.0733328 0.0733328 0 0 
0.027 0.5 0.680834 0.680834 0.623998 0.992664 0.98129 1 0.98129 0.98129 0.992664 0.98129 0.0734994 0.0734994 0 0 
0.0255 0.5 0.680317 0.680317 0.623344 0.992908 0.981341 1 0.981341 0.981341 0.992908 0.981341 0.0736663 0.0736663 0 0 
0.024 0.5 0.679799 0.679799 0.622689 0.99317 0.981394 1 0.981394 0.981394 0.99317 0.981394 0.0738338 0.0738338 0 0 
0.0225 0.5 0.67928 0.67928 0.622031 0.993453 0.981447 1 0.981447 0.981447 0.993453 0.981447 0.074002 0.074002 0 0 
0.021 0.5 0.678758 0.678758 0.62137 0.993758 0.9815 1 0.9815 0.9815 0.993758 0.9815 0.0741711 0.0741711 0 0 
0.0195 0.5 0.678234 0.678234 0.620705 0.994092 0.981554 1 0.981554 0.981554 0.994092 0.981554 0.0743416 0.0743416 0 0 
0.018 0.5 0.677705 0.677705 0.620034 0.994459 0.98161 1 0.98161 0.98161 0.994459 0.98161 0.0745138 0.0745138 0 0 
0.0165 0.5 0.67717 0.67717 0.619356 0.994865 0.981666 1 0.981666 0.981666 0.994865 0.981666 0.074688 0.074688 0 0 
0.015 0.5 0.676629 0.676629 0.618668 0.995321 0.981723 1 0.981723 0.981723 0.995321 0.981723 0.0748648 0.0748648 0 0 
0.0135 0.5 0.67608 0.67608 0.61797 0.995837 0.981782 1 0.981782 0.981782 0.995837 0.981782 0.0750447 0.0750448 0 0 
0.012 0.5 0.675519 0.675519 0.617257 0.99643 0.981842 1 0.981842 0.981842 0.99643 0.981842 0.0752285 0.0752285 0 0 
0.0105 0.5 0.674945 0.674945 0.616527 0.997126 0.981905 1 0.981905 0.981905 0.997126 0.981905 0.0754172 0.0754172 0 0 
0.009 0.5 0.674353 0.674353 0.615773 0.997962 0.981969 1 0.981969 0.981969 0.997962 0.981969 0.075612 0.075612 0 0 
0.0075 0.5 0.673739 0.673739 0.614991 0.998999 0.982037 1 0.982037 0.982037 0.998999 0.982037 0.0758146 0.0758146 0 0 
0.006 0.498235 0.672967 0.673232 0.614176 1.00009 0.982306 0.999926 0.981875 0.982342 1.00016 0.982342 0.0757574 0.0762943 2.19748e-05 0 
0.0045 0.484061 0.671383 0.673783 0.613526 1.0001 0.984028 0.999518 0.98004 0.98426 1.00051 0.98426 0.0737678 0.0786259 0.000143118 0 
0.003 0.457985 0.66957 0.675896 0.613766 1.00001 0.987211 0.999203 0.97647 0.987595 1.0007 0.987595 0.0697487 0.082546 0.000236852 0 
0.0015 0.481906 0.651928 0.654868 0.589336 1.00806 0.983863 1.00798 0.978897 0.983876 1.00808 0.983875 0.0788113 0.0847294 7.61416e-06 0 
