0.108 0.100581 0.721242 0.767602 0.706714 0.844871 0.893894 0.863445 0.91771 1.01398 0.91771 1.01398 0.0109513 0.0979297 1.01817e-11 0.0451224 
0.1065 0.101727 0.720881 0.76717 0.706212 0.845715 0.89478 0.864546 0.917901 1.01394 0.917901 1.01394 0.0110988 0.0980045 8.01575e-12 0.0447212 
0.105 0.102891 0.720516 0.766734 0.705706 0.846563 0.895669 0.865651 0.918095 1.0139 0.918095 1.0139 0.0112489 0.098079 6.31001e-12 0.044319 
0.1035 0.104074 0.720148 0.766292 0.705193 0.847417 0.896563 0.866762 0.918293 1.01386 0.918293 1.01386 0.0114018 0.0981533 4.96631e-12 0.0439154 
0.102 0.105275 0.719777 0.765844 0.704675 0.848276 0.897462 0.867879 0.918495 1.01382 0.918495 1.01382 0.0115576 0.0982273 3.9077e-12 0.0435103 
0.1005 0.106497 0.719401 0.765391 0.704151 0.849142 0.898366 0.869002 0.9187 1.01378 0.9187 1.01378 0.0117165 0.0983012 3.07366e-12 0.0431036 
0.099 0.10774 0.719022 0.764932 0.70362 0.850014 0.899277 0.870133 0.918908 1.01373 0.918908 1.01373 0.0118787 0.0983747 2.41659e-12 0.042695 
0.0975 0.109005 0.718638 0.764467 0.703082 0.850893 0.900193 0.871271 0.919121 1.01369 0.919121 1.01369 0.0120442 0.098448 1.89901e-12 0.0422843 
0.096 0.110293 0.718251 0.763996 0.702538 0.85178 0.901117 0.872417 0.919339 1.01364 0.919339 1.01364 0.0122132 0.0985211 1.49139e-12 0.0418712 
0.0945 0.111605 0.717858 0.763517 0.701986 0.852675 0.902048 0.873572 0.91956 1.01359 0.91956 1.01359 0.0123859 0.0985939 1.17047e-12 0.0414557 
0.093 0.112943 0.717461 0.763031 0.701426 0.853579 0.902987 0.874737 0.919786 1.01354 0.919786 1.01354 0.0125625 0.0986664 9.17906e-13 0.0410375 
0.0915 0.114307 0.717058 0.762538 0.700858 0.854492 0.903934 0.875911 0.920017 1.01349 0.920017 1.01349 0.0127432 0.0987386 7.19283e-13 0.0406164 
0.09 0.115699 0.716651 0.762037 0.700281 0.855414 0.90489 0.877097 0.920253 1.01344 0.920253 1.01344 0.012928 0.0988105 5.63061e-13 0.0401921 
0.0885 0.117146 0.716197 0.761492 0.69965 0.85632 0.905815 0.878244 0.920496 1.01339 0.920496 1.01339 0.0131227 0.0988979 4.49768e-13 0.0397823 
0.087 0.11857 0.71582 0.761011 0.699102 0.857291 0.906831 0.879503 0.920741 1.01333 0.920741 1.01333 0.0133112 0.0989532 3.43974e-13 0.0393333 
0.0855 0.12006 0.715384 0.760474 0.698485 0.85824 0.907806 0.880712 0.920994 1.01328 0.920994 1.01328 0.0135115 0.0990284 2.69945e-13 0.0389031 
0.084 0.121572 0.714957 0.759942 0.697876 0.85921 0.908807 0.881952 0.921251 1.01322 0.921251 1.01322 0.0137147 0.0990971 2.09919e-13 0.0384625 
0.0825 0.123106 0.71454 0.759415 0.697274 0.860201 0.909833 0.883222 0.921515 1.01316 0.921515 1.01316 0.0139208 0.0991593 1.6181e-13 0.0380118 
0.081 0.124664 0.714133 0.758892 0.696681 0.861212 0.910882 0.884522 0.921783 1.01309 0.921783 1.01309 0.01413 0.099215 1.23677e-13 0.0375516 
0.0795 0.126319 0.713635 0.758284 0.69598 0.862194 0.911876 0.885754 0.922063 1.01303 0.922063 1.01303 0.0143573 0.0993018 9.81086e-14 0.0371165 
0.078 0.127978 0.713178 0.757708 0.695322 0.863216 0.912923 0.88705 0.922347 1.01297 0.922347 1.01297 0.0145836 0.0993698 7.59926e-14 0.0366594 
0.0765 0.129677 0.712714 0.757121 0.694653 0.864253 0.913984 0.888363 0.922638 1.0129 0.922638 1.0129 0.014816 0.0994371 5.87585e-14 0.0361972 
0.075 0.131418 0.712242 0.756522 0.693971 0.865305 0.915059 0.889694 0.922937 1.01283 0.922937 1.01283 0.0150551 0.0995036 4.5349e-14 0.0357296 
0.0735 0.133202 0.711762 0.755911 0.693277 0.866375 0.916149 0.891043 0.923243 1.01276 0.923243 1.01276 0.0153009 0.0995693 3.49314e-14 0.0352564 
0.072 0.13503 0.711275 0.755288 0.692569 0.867461 0.917255 0.892412 0.923557 1.01268 0.923557 1.01268 0.0155538 0.099634 2.68515e-14 0.0347773 
0.0705 0.136905 0.710779 0.754653 0.691848 0.868565 0.918378 0.893801 0.92388 1.0126 0.92388 1.0126 0.0158142 0.0996976 2.05958e-14 0.0342921 
0.069 0.138829 0.710275 0.754003 0.691112 0.869688 0.919518 0.895212 0.924211 1.01252 0.924211 1.01252 0.0160823 0.0997602 1.57613e-14 0.0338005 
0.0675 0.140803 0.709762 0.75334 0.690362 0.87083 0.920675 0.896644 0.924551 1.01244 0.924551 1.01244 0.0163585 0.0998215 1.20326e-14 0.0333023 
0.066 0.14283 0.70924 0.752663 0.689596 0.871993 0.921852 0.898099 0.9249 1.01235 0.9249 1.01235 0.0166432 0.0998814 9.16268e-15 0.0327971 
0.0645 0.14491 0.708709 0.751971 0.688815 0.873176 0.923047 0.899578 0.925259 1.01226 0.925259 1.01226 0.0169366 0.0999398 6.95868e-15 0.0322848 
0.063 0.147048 0.708169 0.751264 0.688017 0.874381 0.924263 0.901082 0.925628 1.01217 0.925628 1.01217 0.0172393 0.0999967 5.27001e-15 0.0317651 
0.0615 0.149243 0.707619 0.750541 0.687204 0.875609 0.9255 0.902612 0.926007 1.01207 0.926007 1.01207 0.0175515 0.100052 3.97936e-15 0.0312377 
0.06 0.151499 0.707058 0.749801 0.686372 0.87686 0.926758 0.904168 0.926396 1.01197 0.926396 1.01197 0.0178736 0.100105 2.99547e-15 0.0307022 
0.0585 0.153818 0.706488 0.749045 0.685524 0.878136 0.928038 0.905752 0.926797 1.01187 0.926797 1.01187 0.0182062 0.100156 2.2475e-15 0.0301585 
0.057 0.156201 0.705907 0.748272 0.684657 0.879436 0.929342 0.907365 0.927209 1.01176 0.927209 1.01176 0.0185496 0.100205 1.68051e-15 0.0296061 
0.0555 0.158652 0.705316 0.74748 0.683771 0.880762 0.930669 0.909007 0.927633 1.01165 0.927633 1.01165 0.0189043 0.100251 1.25202e-15 0.029045 
0.054 0.161172 0.704713 0.74667 0.682866 0.882115 0.932022 0.910681 0.928069 1.01153 0.928069 1.01153 0.0192707 0.100295 9.29243e-16 0.0284747 
0.0525 0.163765 0.7041 0.745842 0.681942 0.883495 0.9334 0.912386 0.928517 1.01141 0.928517 1.01141 0.0196493 0.100336 6.86923e-16 0.0278949 
0.051 0.166431 0.703475 0.744994 0.680997 0.884904 0.934804 0.914124 0.928978 1.01129 0.928978 1.01129 0.0200406 0.100373 5.05655e-16 0.0273054 
0.0495 0.169173 0.702839 0.744125 0.680032 0.886343 0.936236 0.915897 0.929453 1.01116 0.929453 1.01116 0.0204451 0.100408 3.70571e-16 0.0267059 
0.048 0.171995 0.702191 0.743237 0.679046 0.887811 0.937696 0.917704 0.929941 1.01102 0.929941 1.01102 0.0208632 0.100438 2.70305e-16 0.0260961 
0.0465 0.174897 0.701532 0.742327 0.678038 0.88931 0.939185 0.919548 0.930443 1.01088 0.930443 1.01088 0.0212956 0.100465 1.96198e-16 0.0254757 
0.045 0.177883 0.70086 0.741396 0.677008 0.890841 0.940703 0.921429 0.930959 1.01073 0.930959 1.01073 0.0217428 0.100488 1.41669e-16 0.0248445 
0.0435 0.180955 0.700177 0.740442 0.675956 0.892405 0.942252 0.923349 0.93149 1.01058 0.93149 1.01058 0.0222052 0.100506 1.01735e-16 0.024202 
0.042 0.184114 0.699481 0.739466 0.67488 0.894003 0.943832 0.925309 0.932036 1.01042 0.932036 1.01042 0.0226834 0.100519 7.26361e-17 0.0235482 
0.0405 0.187364 0.698773 0.738468 0.673782 0.895634 0.945445 0.927309 0.932597 1.01025 0.932597 1.01025 0.023178 0.100528 5.15448e-17 0.0228827 
0.039 0.190706 0.698053 0.737445 0.67266 0.897301 0.94709 0.929351 0.933174 1.01008 0.933174 1.01008 0.0236895 0.10053 3.63432e-17 0.0222053 
0.0375 0.194142 0.697321 0.736399 0.671515 0.899003 0.948768 0.931436 0.933766 1.0099 0.933766 1.0099 0.0242184 0.100527 2.54517e-17 0.0215158 
0.036 0.197675 0.696576 0.735329 0.670345 0.900741 0.950481 0.933565 0.934375 1.00971 0.934375 1.00971 0.0247654 0.100518 1.76975e-17 0.0208139 
0.0345 0.201306 0.695819 0.734234 0.669151 0.902517 0.952229 0.935739 0.935001 1.00951 0.935001 1.00951 0.0253309 0.100502 1.22138e-17 0.0200994 
0.033 0.205037 0.695051 0.733115 0.667933 0.90433 0.954012 0.937959 0.935643 1.00931 0.935643 1.00931 0.0259156 0.100479 8.36311e-18 0.0193721 
0.0315 0.20887 0.69427 0.73197 0.66669 0.906181 0.95583 0.940226 0.936302 1.0091 0.936302 1.0091 0.02652 0.100449 5.67935e-18 0.0186319 
0.03 0.212807 0.693477 0.730799 0.665422 0.908071 0.957685 0.942541 0.936978 1.00888 0.936978 1.00888 0.0271446 0.10041 3.82379e-18 0.0178787 
0.0285 0.21685 0.692672 0.729603 0.664129 0.909999 0.959575 0.944905 0.937672 1.00865 0.937672 1.00865 0.0277902 0.100364 2.55156e-18 0.0171122 
0.027 0.221001 0.691856 0.72838 0.662811 0.911968 0.961503 0.947318 0.938384 1.00841 0.938384 1.00841 0.0284574 0.100308 1.68689e-18 0.0163325 
0.0255 0.225262 0.691028 0.727131 0.661467 0.913976 0.963467 0.949782 0.939114 1.00816 0.939114 1.00816 0.0291468 0.100244 1.10468e-18 0.0155394 
0.024 0.229636 0.690188 0.725854 0.660097 0.916025 0.965467 0.952296 0.939862 1.0079 0.939862 1.0079 0.0298592 0.100169 7.16422e-19 0.0147329 
0.0225 0.234126 0.689337 0.724549 0.658701 0.918115 0.967503 0.954862 0.940628 1.00763 0.940628 1.00763 0.0305956 0.100084 4.60119e-19 0.013913 
0.021 0.238737 0.688474 0.723215 0.657278 0.920247 0.969575 0.95748 0.941415 1.00735 0.941415 1.00735 0.0313569 0.099988 2.92659e-19 0.0130797 
0.0195 0.243474 0.687599 0.721851 0.655827 0.922421 0.971681 0.96015 0.942222 1.00705 0.942222 1.00705 0.0321446 0.0998801 1.84425e-19 0.012233 
0.018 0.248345 0.686712 0.720455 0.654346 0.924638 0.973821 0.962873 0.94305 1.00675 0.94305 1.00675 0.0329604 0.0997597 1.1522e-19 0.0113731 
0.0165 0.25336 0.685811 0.719024 0.652833 0.926901 0.975993 0.965649 0.943902 1.00643 0.943902 1.00643 0.0338063 0.0996255 7.14369e-20 0.0105 
0.015 0.258535 0.684894 0.717555 0.651284 0.929211 0.978196 0.968479 0.944779 1.00609 0.944779 1.00609 0.0346855 0.0994765 4.40366e-20 0.00961383 
0.0135 0.263888 0.683961 0.716043 0.649695 0.931571 0.980427 0.971363 0.945685 1.00574 0.945685 1.00574 0.0356018 0.0993109 2.70584e-20 0.00871465 
0.012 0.26945 0.683006 0.714481 0.648059 0.933987 0.982682 0.974301 0.946625 1.00537 0.946625 1.00537 0.036561 0.0991266 1.6639e-20 0.00780258 
0.0105 0.275263 0.682027 0.712857 0.646366 0.936464 0.984958 0.977294 0.947606 1.00497 0.947606 1.00497 0.0375711 0.0989205 1.0301e-20 0.00687768 
0.009 0.281392 0.681014 0.711157 0.6446 0.939014 0.987248 0.980343 0.948638 1.00454 0.948638 1.00454 0.0386443 0.0986881 6.47952e-21 0.00593995 
0.0075 0.287938 0.679956 0.709355 0.642737 0.941653 0.989543 0.983448 0.949737 1.00408 0.949737 1.00408 0.0397993 0.0984225 4.20212e-21 0.00498929 
0.006 0.295069 0.678834 0.707409 0.640737 0.94441 0.99183 0.986612 0.950933 1.00357 0.950933 1.00357 0.0410676 0.0981121 2.87989e-21 0.00402539 
0.0045 0.303097 0.67761 0.705243 0.638525 0.947336 0.994083 0.989838 0.952274 1.00297 0.952274 1.00297 0.0425069 0.0977351 2.1841e-21 0.00304759 
0.003 0.312704 0.676208 0.702691 0.635942 0.950545 0.996246 0.993131 0.953875 1.00224 0.953875 1.00224 0.0442437 0.0972437 2.02963e-21 0.00205456 
0.0015 0.326001 0.674396 0.699247 0.632502 0.954388 0.998146 0.996503 0.956079 1.00119 0.956079 1.00119 0.0466681 0.096485 3.17588e-21 0.00104323 
