1 378.539 378.981 1.54873 1.54873 0.155055 0.155055 0.0847402 0.0774968 0 1.54873 0 
0.995 375.263 377.087 1.54566 1.54566 0.155598 0.155598 0.0846858 0.0773128 0 1.54566 0 
0.99 371.995 375.191 1.54259 1.54259 0.156145 0.156145 0.0846309 0.0771281 0 1.54259 0 
0.985 368.733 373.292 1.5395 1.5395 0.156698 0.156698 0.0845754 0.0769427 0 1.5395 0 
0.98 365.477 371.39 1.53641 1.53641 0.157257 0.157257 0.0845194 0.0767566 0 1.53641 0 
0.975 362.228 369.486 1.53331 1.53331 0.15782 0.15782 0.0844629 0.0765699 0 1.53331 0 
0.97 358.986 367.58 1.5302 1.5302 0.158389 0.158389 0.0844058 0.0763823 0 1.5302 0 
0.965 355.75 365.671 1.52707 1.52707 0.158964 0.158964 0.0843482 0.0761941 0 1.52707 0 
0.96 352.521 363.759 1.52394 1.52394 0.159544 0.159544 0.08429 0.0760051 0 1.52394 0 
0.955 349.299 361.846 1.5208 1.5208 0.16013 0.16013 0.0842312 0.0758154 0 1.5208 0 
0.95 346.084 359.929 1.51765 1.51765 0.160722 0.160722 0.0841719 0.075625 0 1.51765 0 
0.945 342.875 358.011 1.51449 1.51449 0.16132 0.16132 0.0841119 0.0754338 0 1.51449 0 
0.94 339.674 356.09 1.51132 1.51132 0.161924 0.161924 0.0840514 0.0752418 0 1.51132 0 
0.935 336.479 354.167 1.50814 1.50814 0.162534 0.162534 0.0839902 0.0750491 0 1.50814 0 
0.93 333.292 352.241 1.50495 1.50495 0.16315 0.16315 0.0839284 0.0748556 0 1.50495 0 
0.925 330.112 350.313 1.50175 1.50175 0.163772 0.163772 0.083866 0.0746613 0 1.50175 0 
0.92 326.938 348.383 1.49854 1.49854 0.164401 0.164401 0.0838029 0.0744662 0 1.49854 0 
0.915 323.772 346.45 1.49532 1.49532 0.165037 0.165037 0.0837392 0.0742704 0 1.49532 0 
0.91 320.613 344.516 1.49209 1.49209 0.165679 0.165679 0.0836748 0.0740737 0 1.49209 0 
0.905 317.462 342.579 1.48885 1.48885 0.166328 0.166328 0.0836097 0.0738762 0 1.48885 0 
0.9 314.318 340.64 1.4856 1.4856 0.166983 0.166983 0.083544 0.0736779 0 1.4856 0 
0.895 311.181 338.698 1.48234 1.48234 0.167646 0.167646 0.0834775 0.0734788 0 1.48234 0 
0.89 308.051 336.755 1.47907 1.47907 0.168316 0.168316 0.0834103 0.0732788 0 1.47907 0 
0.885 304.93 334.809 1.47579 1.47579 0.168993 0.168993 0.0833424 0.073078 0 1.47579 0 
0.88 301.815 332.862 1.4725 1.4725 0.169677 0.169677 0.0832738 0.0728763 0 1.4725 0 
0.875 298.709 330.912 1.4692 1.4692 0.170369 0.170369 0.0832044 0.0726738 0 1.4692 0 
0.87 295.609 328.96 1.46589 1.46589 0.171069 0.171069 0.0831342 0.0724704 0 1.46589 0 
0.865 292.518 327.006 1.46257 1.46257 0.171776 0.171776 0.0830633 0.0722662 0 1.46257 0 
0.86 289.435 325.051 1.45923 1.45923 0.172492 0.172492 0.0829915 0.072061 0 1.45923 0 
0.855 286.359 323.093 1.45589 1.45589 0.173215 0.173215 0.082919 0.071855 0 1.45589 0 
0.85 283.291 321.133 1.45254 1.45254 0.173946 0.173946 0.0828456 0.071648 0 1.45254 0 
0.845 280.232 319.172 1.44917 1.44917 0.174686 0.174686 0.0827714 0.0714401 0 1.44917 0 
0.84 277.18 317.209 1.4458 1.4458 0.175435 0.175435 0.0826964 0.0712313 0 1.4458 0 
0.835 274.137 315.244 1.44241 1.44241 0.176192 0.176192 0.0826204 0.0710216 0 1.44241 0 
0.83 271.101 313.277 1.43901 1.43901 0.176958 0.176958 0.0825436 0.0708109 0 1.43901 0 
0.825 268.074 311.309 1.4356 1.4356 0.177732 0.177732 0.0824659 0.0705993 0 1.4356 0 
0.82 265.056 309.338 1.43219 1.43219 0.178516 0.178516 0.0823873 0.0703867 0 1.43219 0 
0.815 262.045 307.367 1.42876 1.42876 0.17931 0.17931 0.0823077 0.0701731 0 1.42876 0 
0.81 259.044 305.393 1.42532 1.42532 0.180113 0.180113 0.0822272 0.0699586 0 1.42532 0 
0.805 256.051 303.418 1.42186 1.42186 0.180925 0.180925 0.0821457 0.069743 0 1.42186 0 
0.8 253.066 301.442 1.4184 1.4184 0.181748 0.181748 0.0820632 0.0695265 0 1.4184 0 
0.795 250.09 299.464 1.41493 1.41493 0.18258 0.18258 0.0819797 0.0693089 0 1.41493 0 
0.79 247.123 297.485 1.41144 1.41144 0.183423 0.183423 0.0818952 0.0690903 0 1.41144 0 
0.785 244.165 295.505 1.40795 1.40795 0.184277 0.184277 0.0818096 0.0688707 0 1.40795 0 
0.78 241.216 293.523 1.40444 1.40444 0.185141 0.185141 0.0817229 0.06865 0 1.40444 0 
0.775 238.276 291.54 1.40092 1.40092 0.186016 0.186016 0.0816352 0.0684282 0 1.40092 0 
0.77 235.345 289.556 1.39739 1.39739 0.186902 0.186902 0.0815463 0.0682054 0 1.39739 0 
0.765 232.424 287.57 1.39385 1.39385 0.187799 0.187799 0.0814563 0.0679815 0 1.39385 0 
0.76 229.512 285.584 1.3903 1.3903 0.188708 0.188708 0.0813651 0.0677565 0 1.3903 0 
0.755 226.609 283.597 1.38673 1.38673 0.189629 0.189629 0.0812728 0.0675303 0 1.38673 0 
0.75 223.716 281.609 1.38316 1.38316 0.190562 0.190562 0.0811792 0.0673031 0 1.38316 0 
0.745 220.832 279.62 1.37957 1.37957 0.191508 0.191508 0.0810844 0.0670747 0 1.37957 0 
0.74 217.958 277.63 1.37598 1.37598 0.192466 0.192466 0.0809883 0.0668451 0 1.37598 0 
0.735 215.094 275.64 1.37237 1.37237 0.193436 0.193436 0.0808909 0.0666144 0 1.37237 0 
0.73 212.24 273.648 1.36875 1.36875 0.19442 0.19442 0.0807923 0.0663825 0 1.36875 0 
0.725 209.396 271.657 1.36512 1.36512 0.195418 0.195418 0.0806922 0.0661494 0 1.36512 0 
0.72 206.562 269.665 1.36147 1.36147 0.196429 0.196429 0.0805908 0.0659151 0 1.36147 0 
0.715 203.739 267.672 1.35782 1.35782 0.197454 0.197454 0.080488 0.0656796 0 1.35782 0 
0.71 200.926 265.679 1.35415 1.35415 0.198493 0.198493 0.0803838 0.0654429 0 1.35415 0 
0.705 198.123 263.686 1.35048 1.35048 0.199547 0.199547 0.0802781 0.0652048 0 1.35048 0 
0.7 195.331 261.693 1.34679 1.34679 0.200616 0.200616 0.0801708 0.0649656 0 1.34679 0 
0.695 192.55 259.7 1.34309 1.34309 0.201701 0.201701 0.0800621 0.064725 0 1.34309 0 
0.69 189.78 257.707 1.33938 1.33938 0.202801 0.202801 0.0799518 0.0644831 0 1.33938 0 
0.685 187.021 255.714 1.33565 1.33565 0.203917 0.203917 0.0798398 0.06424 0 1.33565 0 
0.68 184.273 253.721 1.33192 1.33192 0.205049 0.205049 0.0797263 0.0639955 0 1.33192 0 
0.675 181.536 251.729 1.32818 1.32818 0.206198 0.206198 0.079611 0.0637496 0 1.32818 0 
0.67 178.811 249.737 1.32442 1.32442 0.207365 0.207365 0.0794941 0.0635024 0 1.32442 0 
0.665 176.097 247.746 1.32065 1.32065 0.208549 0.208549 0.0793753 0.0632538 0 1.32065 0 
0.66 173.395 245.755 1.31688 1.31688 0.20975 0.20975 0.0792548 0.0630038 0 1.31688 0 
0.655 170.705 243.765 1.31309 1.31309 0.210971 0.210971 0.0791324 0.0627523 0 1.31309 0 
0.65 168.027 241.776 1.30929 1.30929 0.21221 0.21221 0.0790081 0.0624994 0 1.30929 0 
0.645 165.361 239.788 1.30548 1.30548 0.213468 0.213468 0.078882 0.0622451 0 1.30548 0 
0.64 162.707 237.801 1.30166 1.30166 0.214746 0.214746 0.0787538 0.0619893 0 1.30166 0 
0.635 160.066 235.816 1.29783 1.29783 0.216044 0.216044 0.0786236 0.061732 0 1.29783 0 
0.63 157.438 233.832 1.29398 1.29398 0.217364 0.217364 0.0784913 0.0614732 0 1.29398 0 
0.625 154.823 231.849 1.29013 1.29013 0.218704 0.218704 0.0783569 0.0612128 0 1.29013 0 
0.62 152.22 229.868 1.28627 1.28627 0.220066 0.220066 0.0782202 0.0609509 0 1.28627 0 
0.615 149.631 227.889 1.2824 1.2824 0.22145 0.22145 0.0780814 0.0606874 0 1.2824 0 
0.61 147.056 225.912 1.27852 1.27852 0.222858 0.222858 0.0779403 0.0604223 0 1.27852 0 
0.605 144.494 223.937 1.27462 1.27462 0.224288 0.224288 0.0777968 0.0601555 0 1.27462 0 
0.6 141.945 221.965 1.27072 1.27072 0.225743 0.225743 0.0776509 0.0598871 0 1.27072 0 
0.595 139.411 219.994 1.26681 1.26681 0.227223 0.227223 0.0775025 0.0596171 0 1.26681 0 
0.59 136.891 218.027 1.26289 1.26289 0.228727 0.228727 0.0773516 0.0593453 0 1.26289 0 
0.585 134.386 216.062 1.25896 1.25896 0.230258 0.230258 0.0771981 0.0590718 0 1.25896 0 
0.58 131.895 214.1 1.25503 1.25503 0.231816 0.231816 0.0770419 0.0587966 0 1.25503 0 
0.575 129.419 212.141 1.25108 1.25108 0.233401 0.233401 0.0768829 0.0585196 0 1.25108 0 
0.57 126.958 210.186 1.24713 1.24713 0.235014 0.235014 0.0767211 0.0582409 0 1.24713 0 
0.565 124.512 208.234 1.24316 1.24316 0.236655 0.236655 0.0765565 0.0579602 0 1.24316 0 
0.56 122.083 206.285 1.23919 1.23919 0.238327 0.238327 0.0763888 0.0576778 0 1.23919 0 
0.555 119.669 204.341 1.23522 1.23522 0.240029 0.240029 0.0762182 0.0573934 0 1.23522 0 
0.55 117.271 202.4 1.23123 1.23123 0.241762 0.241762 0.0760443 0.0571072 0 1.23123 0 
0.545 114.889 200.464 1.22724 1.22724 0.243527 0.243527 0.0758673 0.056819 0 1.22724 0 
0.54 112.524 198.533 1.22325 1.22325 0.245325 0.245325 0.075687 0.0565289 0 1.22325 0 
0.535 110.176 196.605 1.21925 1.21925 0.247158 0.247158 0.0755032 0.0562367 0 1.21925 0 
0.53 107.845 194.683 1.21524 1.21524 0.249025 0.249025 0.075316 0.0559425 0 1.21524 0 
0.525 105.532 192.766 1.21123 1.21123 0.250927 0.250927 0.0751251 0.0556463 0 1.21123 0 
0.52 103.236 190.855 1.20721 1.20721 0.252867 0.252867 0.0749306 0.055348 0 1.20721 0 
0.515 100.959 188.948 1.20319 1.20319 0.254845 0.254845 0.0747322 0.0550475 0 1.20319 0 
0.51 98.6997 187.048 1.19917 1.19917 0.256861 0.256861 0.07453 0.0547449 0 1.19917 0 
0.505 96.4593 185.154 1.19514 1.19514 0.258918 0.258918 0.0743237 0.0544401 0 1.19514 0 
0.5 94.2378 183.266 1.19112 1.19112 0.261016 0.261016 0.0741133 0.0541331 0 1.19112 0 
0.495 92.0358 181.384 1.18709 1.18709 0.263156 0.263156 0.0738987 0.0538238 0 1.18709 0 
0.49 89.8534 179.51 1.18306 1.18306 0.26534 0.26534 0.0736797 0.0535122 0 1.18306 0 
0.485 87.691 177.642 1.17903 1.17903 0.267569 0.267569 0.0734561 0.0531982 0 1.17903 0 
0.48 85.5491 175.782 1.175 1.175 0.269844 0.269844 0.073228 0.0528819 0 1.175 0 
0.475 83.4278 173.929 1.17097 1.17097 0.272166 0.272166 0.072995 0.0525632 0 1.17097 0 
0.47 81.3277 172.084 1.16695 1.16695 0.274538 0.274538 0.0727572 0.0522419 0 1.16695 0 
0.465 79.2491 170.248 1.16293 1.16293 0.27696 0.27696 0.0725143 0.0519182 0 1.16293 0 
0.46 77.1923 168.419 1.15891 1.15891 0.279433 0.279433 0.0722662 0.0515919 0 1.15891 0 
0.455 75.1578 166.6 1.1549 1.1549 0.28196 0.28196 0.0720128 0.0512631 0 1.1549 0 
0.45 73.1459 164.789 1.15089 1.15089 0.284542 0.284542 0.0717539 0.0509316 0 1.15089 0 
0.445 71.1571 162.988 1.14689 1.14689 0.287181 0.287181 0.0714893 0.0505974 0 1.14689 0 
0.44 69.1917 161.196 1.1429 1.1429 0.289877 0.289877 0.0712188 0.0502604 0 1.1429 0 
0.435 67.2501 159.414 1.13892 1.13892 0.292634 0.292634 0.0709424 0.0499207 0 1.13892 0 
0.43 65.3328 157.642 1.13496 1.13496 0.295452 0.295452 0.0706597 0.0495782 0 1.13496 0 
0.425 63.4402 155.88 1.131 1.131 0.298334 0.298334 0.0703707 0.0492327 0 1.131 0 
0.42 61.5727 154.13 1.12705 1.12705 0.301281 0.301281 0.0700752 0.0488843 0 1.12705 0 
0.415 59.7307 152.39 1.12313 1.12313 0.304295 0.304295 0.0697729 0.048533 0 1.12313 0 
0.41 57.9147 150.662 1.11921 1.11921 0.307378 0.307378 0.0694636 0.0481785 0 1.11921 0 
0.405 56.125 148.945 1.11532 1.11532 0.310533 0.310533 0.0691473 0.047821 0 1.11532 0 
0.4 54.3622 147.24 1.11144 1.11144 0.31376 0.31376 0.0688236 0.0474603 0 1.11144 0 
0.395 52.6266 145.547 1.10759 1.10759 0.317063 0.317063 0.0684923 0.0470963 0 1.10759 0 
0.39 50.9186 143.867 1.10376 1.10376 0.320444 0.320444 0.0681533 0.0467291 0 1.10376 0 
0.385 49.2388 142.2 1.09995 1.09995 0.323904 0.323904 0.0678062 0.0463585 0 1.09995 0 
0.38 47.5874 140.545 1.09617 1.09617 0.327446 0.327446 0.067451 0.0459845 0 1.09617 0 
0.375 45.9649 138.904 1.09241 1.09241 0.331072 0.331072 0.0670873 0.045607 0 1.09241 0 
0.37 44.3717 137.277 1.08869 1.08869 0.334785 0.334785 0.066715 0.0452259 0 1.08869 0 
0.365 42.8082 135.663 1.085 1.085 0.338586 0.338586 0.0663338 0.0448412 0 1.085 0 
0.36 41.2748 134.064 1.08134 1.08134 0.342479 0.342479 0.0659434 0.0444528 0 1.08134 0 
0.355 39.7718 132.478 1.07771 1.07771 0.346465 0.346465 0.0655436 0.0440606 0 1.07771 0 
0.35 38.2996 130.908 1.07413 1.07413 0.350547 0.350547 0.0651342 0.0436646 0 1.07413 0 
0.345 36.8586 129.352 1.07058 1.07058 0.354727 0.354727 0.0647149 0.0432646 0 1.07058 0 
0.34 35.449 127.811 1.06708 1.06708 0.359009 0.359009 0.0642856 0.0428606 0 1.06708 0 
0.335 34.0711 126.286 1.06362 1.06362 0.363394 0.363394 0.0638458 0.0424525 0 1.06362 0 
0.33 32.7252 124.775 1.0602 1.0602 0.367884 0.367884 0.0633954 0.0420402 0 1.0602 0 
0.325 31.4115 123.281 1.05683 1.05683 0.372483 0.372483 0.0629342 0.0416236 0 1.05683 0 
0.32 30.1303 121.802 1.05352 1.05352 0.377193 0.377193 0.0624618 0.0412026 0 1.05352 0 
0.315 28.8817 120.338 1.05025 1.05025 0.382017 0.382017 0.0619781 0.0407772 0 1.05025 0 
0.31 27.6659 118.891 1.04704 1.04704 0.386956 0.386956 0.0614827 0.0403472 0 1.04704 0 
0.305 26.4829 117.459 1.04389 1.04389 0.392013 0.392013 0.0609755 0.0399125 0 1.04389 0 
0.3 25.333 116.044 1.0408 1.0408 0.397191 0.397191 0.0604562 0.0394731 0 1.0408 0 
0.295 24.2159 114.645 1.03776 1.03776 0.402492 0.402492 0.0599246 0.0390288 0 1.03776 0 
0.29 23.1319 113.261 1.03479 1.03479 0.407918 0.407918 0.0593804 0.0385795 0 1.03479 0 
0.285 22.0807 111.894 1.03189 1.03189 0.413472 0.413472 0.0588234 0.0381252 0 1.03189 0 
0.28 21.0624 110.543 1.02905 1.02905 0.419156 0.419156 0.0582534 0.0376656 0 1.02905 0 
0.275 20.0767 109.208 1.02627 1.02627 0.424971 0.424971 0.0576701 0.0372007 0 1.02627 0 
0.27 19.1235 107.888 1.02357 1.02357 0.430921 0.430921 0.0570734 0.0367303 0 1.02357 0 
0.265 18.2025 106.584 1.02094 1.02094 0.437007 0.437007 0.056463 0.0362544 0 1.02094 0 
0.26 17.3135 105.296 1.01838 1.01838 0.443231 0.443231 0.0558388 0.0357728 0 1.01838 0 
0.255 16.456 104.023 1.0159 1.0159 0.449595 0.449595 0.0552006 0.0352854 0 1.0159 0 
0.25 15.6296 102.765 1.01349 1.01349 0.456101 0.456101 0.0545481 0.034792 0 1.01349 0 
0.245 14.8341 101.522 1.01116 1.01116 0.46275 0.46275 0.0538812 0.0342925 0 1.01116 0 
0.24 14.0688 100.294 1.0089 1.0089 0.469545 0.469545 0.0531998 0.0337868 0 1.0089 0 
0.235 13.3332 99.0795 1.00673 1.00673 0.476486 0.476486 0.0525037 0.0332748 0 1.00673 0 
0.23 12.6268 97.8793 1.00463 1.00463 0.483575 0.483575 0.0517927 0.0327562 0 1.00463 0 
0.225 11.949 96.6925 1.00261 1.00261 0.490814 0.490814 0.0510667 0.0322309 0 1.00261 0 
0.22 11.2991 95.5188 1.00067 1.00067 0.498204 0.498204 0.0503255 0.0316989 0 1.00067 0 
0.215 10.6764 94.3578 0.99881 0.99881 0.505746 0.505746 0.0495691 0.0311598 0 0.99881 0 
0.21 10.0803 93.209 0.99703 0.99703 0.513442 0.513442 0.0487973 0.0306137 0 0.99703 0 
0.205 9.50991 92.0719 0.99533 0.99533 0.521292 0.521292 0.0480101 0.0300603 0 0.99533 0 
0.2 8.96458 90.9459 0.993709 0.993709 0.529297 0.529297 0.0472072 0.0294994 0 0.993709 0 
0.195 8.44352 89.8305 0.992168 0.992168 0.53746 0.53746 0.0463886 0.0289309 0 0.992168 0 
0.19 7.94593 88.7252 0.990705 0.990705 0.54578 0.54578 0.0455541 0.0283547 0 0.990705 0 
0.185 7.47103 87.6292 0.98932 0.98932 0.554259 0.554259 0.0447038 0.0277706 0 0.98932 0 
0.18 7.01801 86.542 0.988013 0.988013 0.562897 0.562897 0.0438374 0.0271783 0 0.988013 0 
0.175 6.58608 85.4629 0.986784 0.986784 0.571697 0.571697 0.0429549 0.0265778 0 0.986784 0 
0.17 6.17445 84.3912 0.98563 0.98563 0.580658 0.580658 0.0420562 0.025969 0 0.98563 0 
0.165 5.78234 83.3262 0.984552 0.984552 0.589782 0.589782 0.0411411 0.0253515 0 0.984552 0 
0.16 5.40898 82.2671 0.98355 0.98355 0.59907 0.59907 0.0402096 0.0247253 0 0.98355 0 
0.155 5.05362 81.213 0.982621 0.982621 0.608524 0.608524 0.0392615 0.0240903 0 0.982621 0 
0.15 4.71555 80.1633 0.981767 0.981767 0.618144 0.618144 0.0382967 0.0234462 0 0.981767 0 
0.145 4.39405 79.1169 0.980986 0.980986 0.627932 0.627932 0.0373151 0.022793 0 0.980986 0 
0.14 4.08846 78.0731 0.980279 0.980279 0.637889 0.637889 0.0363164 0.0221305 0 0.980279 0 
0.135 3.79813 77.0307 0.979645 0.979645 0.648018 0.648018 0.0353006 0.0214586 0 0.979645 0 
0.13 3.52247 75.9887 0.979084 0.979084 0.658319 0.658319 0.0342675 0.0207772 0 0.979084 0 
0.125 3.2609 74.946 0.978596 0.978596 0.668795 0.668795 0.0332168 0.0200861 0 0.978596 0 
0.12 3.01287 73.9013 0.978184 0.978184 0.679448 0.679448 0.0321484 0.0193854 0 0.978184 0 
0.115 2.77789 72.8532 0.977847 0.977847 0.690281 0.690281 0.031062 0.018675 0 0.977847 0 
0.11 2.55548 71.8002 0.977587 0.977587 0.701296 0.701296 0.0299573 0.0179547 0 0.977587 0 
0.105 2.34521 70.7406 0.977406 0.977406 0.712495 0.712495 0.0288341 0.0172247 0 0.977406 0 
0.1 2.14667 69.6723 0.977307 0.977307 0.723882 0.723882 0.0276921 0.0164849 0 0.977307 0 
0.095 1.95947 68.5931 0.977292 0.977292 0.735461 0.735461 0.0265309 0.0157354 0 0.977292 0 
0.09 1.78325 67.5002 0.977366 0.977366 0.747234 0.747234 0.0253501 0.0149762 0 0.977366 0 
0.085 1.61766 66.3904 0.977533 0.977533 0.759207 0.759207 0.0241493 0.0142074 0 0.977533 0 
0.08 1.46235 65.2598 0.977797 0.977797 0.771384 0.771384 0.0229281 0.0134292 0 0.977797 0 
0.075 1.31698 64.1037 0.978166 0.978166 0.78377 0.78377 0.0216859 0.0126419 0 0.978166 0 
0.07 1.18119 62.9164 0.978645 0.978645 0.796369 0.796369 0.0204223 0.0118455 0 0.978645 0 
0.065 1.05459 61.6905 0.979242 0.979242 0.809189 0.809189 0.0191366 0.0110404 0 0.979242 0 
0.06 0.936769 60.4169 0.979965 0.979965 0.822236 0.822236 0.0178281 0.010227 0 0.979965 0 
0.055 0.827266 59.0839 0.980824 0.980824 0.835516 0.835516 0.0164963 0.00940559 0 0.980824 0 
0.05 0.725559 57.6763 0.981829 0.981829 0.849038 0.849038 0.0151401 0.00857661 0 0.981829 0 
0.045 0.631056 56.1739 0.98299 0.98299 0.86281 0.86281 0.0137589 0.00774055 0 0.98299 0 
0.04 0.54309 54.5494 0.984317 0.984317 0.876842 0.876842 0.0123516 0.00689794 0 0.984317 0 
0.035 0.460913 52.7647 0.985823 0.985823 0.891144 0.891144 0.0109173 0.00604936 0 0.985823 0 
0.03 0.383702 50.7649 0.987517 0.987517 0.905728 0.905728 0.00945463 0.00519545 0 0.987517 0 
0.025 0.310585 48.4674 0.989406 0.989406 0.920606 0.920606 0.00796245 0.00433687 0 0.989406 0 
0.02 0.240703 45.7393 0.991495 0.991495 0.935794 0.935794 0.0064393 0.00347434 0 0.991495 0 
0.015 0.173349 42.3457 0.993775 0.993775 0.951306 0.951306 0.00488356 0.0026086 0 0.993775 0 
0.01 0.10833 37.8037 0.996211 0.996211 0.967162 0.967162 0.00329336 0.00174043 0 0.996211 0 
0.005 0.047051 30.7769 0.99868 0.99868 0.983383 0.983383 0.00166653 0.000870625 0 0.99868 0 
