3e+18 280.544 0
2.98981e+18 280.544 0
2.97966e+18 280.544 0
2.96954e+18 280.544 0
2.95946e+18 280.544 0
2.94941e+18 280.544 0
2.9394e+18 280.544 0
2.92942e+18 280.544 0
2.91947e+18 280.544 0
2.90956e+18 280.544 0
2.89968e+18 280.544 0
2.88983e+18 280.544 0
2.88002e+18 280.544 0
2.87024e+18 280.544 0
2.8605e+18 280.544 0
2.85078e+18 280.544 0
2.84111e+18 280.544 0
2.83146e+18 280.544 0
2.82184e+18 280.544 0
2.81226e+18 280.544 0
2.80271e+18 280.544 0
2.7932e+18 280.544 0
2.78371e+18 280.544 0
2.77426e+18 280.544 0
2.76484e+18 280.544 0
2.75545e+18 280.544 0
2.7461e+18 280.544 0
2.73677e+18 280.544 0
2.72748e+18 280.544 0
2.71822e+18 280.544 0
2.70899e+18 280.544 0
2.69979e+18 280.544 0
2.69063e+18 280.544 0
2.68149e+18 280.544 0
2.67239e+18 280.544 0
2.66331e+18 280.544 0
2.65427e+18 280.544 0
2.64526e+18 280.544 0
2.63627e+18 280.544 0
2.62732e+18 280.544 0
2.6184e+18 280.544 0
2.60951e+18 280.544 0
2.60065e+18 280.544 0
2.59182e+18 280.544 0
2.58302e+18 280.544 0
2.57425e+18 280.544 0
2.56551e+18 280.544 0
2.5568e+18 280.544 0
2.54812e+18 280.544 0
2.53947e+18 280.544 0
2.53084e+18 280.544 0
2.52225e+18 280.544 0
2.51369e+18 280.544 0
2.50515e+18 280.544 0
2.49664e+18 280.544 0
2.48817e+18 280.544 0
2.47972e+18 280.544 0
2.4713e+18 280.544 0
2.46291e+18 280.544 0
2.45455e+18 280.544 0
2.44621e+18 280.544 0
2.43791e+18 280.544 0
2.42963e+18 280.544 0
2.42138e+18 280.544 0
2.41316e+18 280.544 0
2.40496e+18 280.544 0
2.3968e+18 280.544 0
2.38866e+18 280.544 0
2.38055e+18 280.544 0
2.37247e+18 280.544 0
2.36441e+18 280.544 0
2.35638e+18 280.544 0
2.34838e+18 280.544 0
2.34041e+18 280.544 0
2.33246e+18 280.544 0
2.32454e+18 280.544 0
2.31665e+18 280.544 0
2.30878e+18 280.544 0
2.30094e+18 280.544 0
2.29313e+18 280.544 0
2.28534e+18 280.544 0
2.27758e+18 280.544 0
2.26985e+18 280.544 0
2.26214e+18 280.544 0
2.25446e+18 280.544 0
2.24681e+18 280.544 0
2.23918e+18 280.544 0
2.23158e+18 280.544 0
2.224e+18 280.544 0
2.21645e+18 280.544 0
2.20892e+18 280.544 0
2.20142e+18 280.544 0
2.19395e+18 280.544 0
2.1865e+18 280.544 0
2.17907e+18 280.544 0
2.17167e+18 280.544 0
2.1643e+18 280.544 0
2.15695e+18 280.544 0
2.14963e+18 280.544 0
2.14233e+18 280.544 0
2.13506e+18 280.544 0
2.12781e+18 280.544 0
2.12058e+18 280.544 0
2.11338e+18 280.544 0
2.10621e+18 280.544 0
2.09905e+18 280.544 0
2.09193e+18 280.544 0
2.08482e+18 280.544 0
2.07774e+18 280.544 0
2.07069e+18 280.544 0
2.06366e+18 280.544 0
2.05665e+18 280.544 0
2.04967e+18 280.544 0
2.04271e+18 280.544 0
2.03577e+18 280.544 0
2.02886e+18 280.544 0
2.02197e+18 280.544 0
2.01511e+18 280.544 0
2.00826e+18 280.544 0
2.00145e+18 280.544 0
1.99465e+18 280.544 0
1.98788e+18 280.544 0
1.98113e+18 280.544 0
1.9744e+18 280.544 0
1.9677e+18 280.544 0
1.96102e+18 280.544 0
1.95436e+18 280.544 0
1.94772e+18 280.544 0
1.94111e+18 280.544 0
1.93452e+18 280.544 0
1.92795e+18 280.544 0
1.9214e+18 280.544 0
1.91488e+18 280.544 0
1.90838e+18 280.544 0
1.9019e+18 280.544 0
1.89544e+18 280.544 0
1.889e+18 280.544 0
1.88259e+18 280.544 0
1.8762e+18 280.544 0
1.86983e+18 280.544 0
1.86348e+18 280.544 0
1.85715e+18 280.544 0
1.85084e+18 280.544 0
1.84456e+18 280.544 0
1.8383e+18 280.544 0
1.83206e+18 280.544 0
1.82584e+18 280.544 0
1.81964e+18 280.544 0
1.81346e+18 280.544 0
1.8073e+18 280.544 0
1.80116e+18 280.544 0
1.79505e+18 280.544 0
1.78895e+18 280.544 0
1.78288e+18 280.544 0
1.77682e+18 280.544 0
1.77079e+18 280.544 0
1.76478e+18 280.544 0
1.75879e+18 280.544 0
1.75282e+18 280.544 0
1.74686e+18 280.544 0
1.74093e+18 280.544 0
1.73502e+18 280.544 0
1.72913e+18 280.544 0
1.72326e+18 280.544 0
1.71741e+18 280.544 0
1.71158e+18 280.544 0
1.70576e+18 280.544 0
1.69997e+18 280.544 0
1.6942e+18 280.544 0
1.68845e+18 280.544 0
1.68272e+18 280.544 0
1.677e+18 280.544 0
1.67131e+18 280.544 0
1.66563e+18 280.544 0
1.65998e+18 280.544 0
1.65434e+18 280.544 0
1.64872e+18 280.544 0
1.64313e+18 280.544 0
1.63755e+18 280.544 0
1.63199e+18 280.544 0
1.62645e+18 280.544 0
1.62092e+18 280.544 0
1.61542e+18 280.544 0
1.60993e+18 280.544 0
1.60447e+18 280.544 0
1.59902e+18 280.544 0
1.59359e+18 280.544 0
1.58818e+18 280.544 0
1.58279e+18 280.544 0
1.57741e+18 280.544 0
1.57206e+18 280.544 0
1.56672e+18 280.544 0
1.5614e+18 280.544 0
1.5561e+18 280.544 0
1.55081e+18 280.544 0
1.54555e+18 280.544 0
1.5403e+18 280.544 0
1.53507e+18 280.544 0
1.52986e+18 280.544 0
1.52466e+18 280.544 0
1.51949e+18 280.544 0
1.51433e+18 280.544 0
1.50919e+18 280.544 0
1.50406e+18 280.544 0
1.49895e+18 280.544 0
1.49387e+18 280.544 0
1.48879e+18 280.544 0
1.48374e+18 280.544 0
1.4787e+18 280.544 0
1.47368e+18 280.544 0
1.46868e+18 280.544 0
1.46369e+18 280.544 0
1.45872e+18 280.544 0
1.45377e+18 280.544 0
1.44883e+18 280.544 0
1.44391e+18 280.544 0
1.43901e+18 280.544 0
1.43412e+18 280.544 0
1.42925e+18 280.544 0
1.4244e+18 280.544 0
1.41956e+18 280.544 0
1.41474e+18 280.544 0
1.40994e+18 280.544 0
1.40515e+18 280.544 0
1.40038e+18 280.544 0
1.39563e+18 280.544 0
1.39089e+18 280.544 0
1.38616e+18 280.544 0
1.38146e+18 280.544 0
1.37677e+18 280.544 0
1.37209e+18 280.544 0
1.36743e+18 280.544 0
1.36279e+18 280.544 0
1.35816e+18 280.544 0
1.35355e+18 280.544 0
1.34896e+18 280.544 0
1.34438e+18 280.544 0
1.33981e+18 280.544 0
1.33526e+18 280.544 0
1.33073e+18 280.544 0
1.32621e+18 280.544 0
1.32171e+18 280.544 0
1.31722e+18 280.544 0
1.31275e+18 280.544 0
1.30829e+18 280.544 0
1.30385e+18 280.544 0
1.29942e+18 280.544 0
1.29501e+18 280.544 0
1.29061e+18 280.544 0
1.28623e+18 280.544 0
1.28186e+18 280.544 0
1.27751e+18 280.544 0
1.27317e+18 280.544 0
1.26885e+18 280.544 0
1.26454e+18 280.544 0
1.26025e+18 280.544 0
1.25597e+18 280.544 0
1.2517e+18 280.544 0
1.24745e+18 280.544 0
1.24322e+18 280.544 0
1.239e+18 280.544 0
1.23479e+18 280.544 0
1.2306e+18 280.544 0
1.22642e+18 280.544 0
1.22225e+18 280.544 0
1.2181e+18 280.544 0
1.21397e+18 280.544 0
1.20985e+18 280.544 0
1.20574e+18 280.544 0
1.20164e+18 280.544 0
1.19756e+18 280.544 0
1.1935e+18 280.544 0
1.18944e+18 280.544 0
1.18541e+18 280.544 0
1.18138e+18 280.544 0
1.17737e+18 280.544 0
1.17337e+18 280.544 0
1.16939e+18 280.544 0
1.16542e+18 280.544 0
1.16146e+18 280.544 0
1.15752e+18 280.544 0
1.15359e+18 280.544 0
1.14967e+18 280.544 0
1.14577e+18 280.544 0
1.14188e+18 280.544 0
1.138e+18 280.544 0
1.13413e+18 280.544 0
1.13028e+18 280.544 0
1.12645e+18 280.544 0
1.12262e+18 280.544 0
1.11881e+18 280.544 0
1.11501e+18 280.544 0
1.11122e+18 280.544 0
1.10745e+18 280.544 0
1.10369e+18 280.544 0
1.09994e+18 280.544 0
1.09621e+18 280.544 0
1.09249e+18 280.544 0
1.08878e+18 280.544 0
1.08508e+18 280.544 0
1.0814e+18 280.544 0
1.07772e+18 280.544 0
1.07407e+18 280.544 0
1.07042e+18 280.544 0
1.06678e+18 280.544 0
1.06316e+18 280.544 0
1.05955e+18 280.544 0
1.05595e+18 280.544 0
1.05237e+18 280.544 0
1.0488e+18 280.544 0
1.04523e+18 280.544 0
1.04169e+18 280.544 0
1.03815e+18 280.544 0
1.03462e+18 280.544 0
1.03111e+18 280.544 0
1.02761e+18 280.544 0
1.02412e+18 280.544 0
1.02064e+18 280.544 0
1.01718e+18 280.544 0
1.01372e+18 280.544 0
1.01028e+18 280.544 0
1.00685e+18 280.544 0
1.00343e+18 280.544 0
1.00003e+18 280.544 0
9.9663e+17 280.544 0
9.93246e+17 280.544 0
9.89874e+17 280.544 0
9.86513e+17 280.544 0
9.83163e+17 280.544 0
9.79825e+17 280.544 0
9.76498e+17 280.544 0
9.73182e+17 280.544 0
9.69878e+17 280.544 0
9.66585e+17 280.544 0
9.63303e+17 280.544 0
9.60032e+17 280.544 0
9.56772e+17 280.544 0
9.53523e+17 280.544 0
9.50286e+17 280.544 0
9.47059e+17 280.544 0
9.43844e+17 280.544 0
9.40639e+17 280.544 0
9.37445e+17 280.544 0
9.34262e+17 280.544 0
9.3109e+17 280.544 0
9.27928e+17 280.544 0
9.24778e+17 280.544 0
9.21638e+17 280.544 0
9.18508e+17 280.544 0
9.1539e+17 280.544 0
9.12281e+17 280.544 0
9.09184e+17 280.544 0
9.06097e+17 280.544 0
9.0302e+17 280.544 0
8.99954e+17 280.544 0
8.96898e+17 280.544 0
8.93853e+17 280.544 0
8.90818e+17 280.544 0
8.87793e+17 280.544 0
8.84779e+17 280.544 0
8.81775e+17 280.544 0
8.78781e+17 280.544 0
8.75797e+17 280.544 0
8.72823e+17 280.544 0
8.6986e+17 280.544 0
8.66906e+17 280.544 0
8.63962e+17 280.544 0
8.61029e+17 280.544 0
8.58105e+17 280.544 0
8.55192e+17 280.544 0
8.52288e+17 280.544 0
8.49394e+17 280.544 0
8.4651e+17 280.544 0
8.43636e+17 280.544 0
8.40771e+17 280.544 0
8.37917e+17 280.544 0
8.35072e+17 280.544 0
8.32236e+17 280.544 0
8.2941e+17 280.544 0
8.26594e+17 280.544 0
8.23787e+17 280.544 0
8.2099e+17 280.544 0
8.18203e+17 280.544 0
8.15425e+17 280.544 0
8.12656e+17 280.544 0
8.09897e+17 280.544 0
8.07147e+17 280.544 0
8.04406e+17 280.544 0
8.01675e+17 280.544 0
7.98953e+17 280.544 0
7.9624e+17 280.544 0
7.93536e+17 280.544 0
7.90842e+17 280.544 0
7.88157e+17 280.544 0
7.85481e+17 280.544 0
7.82814e+17 280.544 0
7.80156e+17 280.544 0
7.77507e+17 280.544 0
7.74867e+17 280.544 0
7.72236e+17 280.544 0
7.69614e+17 280.544 0
7.67e+17 280.544 0
7.64396e+17 280.544 0
7.61801e+17 280.544 0
7.59214e+17 280.544 0
7.56636e+17 280.544 0
7.54067e+17 280.544 0
7.51507e+17 280.544 0
7.48955e+17 280.544 0
7.46412e+17 280.544 0
7.43878e+17 280.544 0
7.41352e+17 280.544 0
7.38835e+17 280.544 0
7.36326e+17 280.544 0
7.33826e+17 280.544 0
7.31334e+17 280.544 0
7.28851e+17 280.544 0
7.26376e+17 280.544 0
7.2391e+17 280.544 0
7.21452e+17 280.544 0
7.19002e+17 280.544 0
7.16561e+17 280.544 0
7.14128e+17 280.544 0
7.11703e+17 280.544 0
7.09287e+17 280.544 0
7.06878e+17 280.544 0
7.04478e+17 280.544 0
7.02086e+17 280.544 0
6.99702e+17 280.544 0
6.97327e+17 280.544 0
6.94959e+17 280.544 0
6.92599e+17 280.544 0
6.90248e+17 280.544 0
6.87904e+17 280.544 0
6.85568e+17 280.544 0
6.8324e+17 280.544 0
6.8092e+17 280.544 0
6.78608e+17 280.544 0
6.76304e+17 280.544 0
6.74008e+17 280.544 0
6.71719e+17 280.544 0
6.69439e+17 280.544 0
6.67166e+17 280.544 0
6.649e+17 280.544 0
6.62643e+17 280.544 0
6.60393e+17 280.544 0
6.5815e+17 280.544 0
6.55916e+17 280.544 0
6.53689e+17 280.544 0
6.51469e+17 280.544 0
6.49257e+17 280.544 0
6.47053e+17 280.544 0
6.44856e+17 280.544 0
6.42666e+17 280.544 0
6.40484e+17 280.544 0
6.38309e+17 280.544 0
6.36142e+17 280.544 0
6.33982e+17 280.544 0
6.31829e+17 280.544 0
6.29684e+17 280.544 0
6.27546e+17 280.544 0
6.25415e+17 280.544 0
6.23292e+17 280.544 0
6.21175e+17 280.544 0
6.19066e+17 280.544 0
6.16964e+17 280.544 0
6.14869e+17 280.544 0
6.12781e+17 280.544 0
6.10701e+17 280.544 0
6.08627e+17 280.544 0
6.06561e+17 280.544 0
6.04501e+17 280.544 0
6.02449e+17 280.544 0
6.00403e+17 280.544 0
5.98364e+17 280.544 0
5.96333e+17 280.544 0
5.94308e+17 280.544 0
5.9229e+17 280.544 0
5.90279e+17 280.544 0
5.88275e+17 280.544 0
5.86277e+17 280.544 0
5.84287e+17 280.544 0
5.82303e+17 280.544 0
5.80326e+17 280.544 0
5.78355e+17 280.544 0
5.76391e+17 280.544 0
5.74434e+17 280.544 0
5.72484e+17 280.544 0
5.7054e+17 280.544 0
5.68603e+17 280.544 0
5.66672e+17 280.544 0
5.64748e+17 280.544 0
5.6283e+17 280.544 0
5.60919e+17 280.544 0
5.59015e+17 280.544 0
5.57117e+17 280.544 0
5.55225e+17 280.544 0
5.5334e+17 280.544 0
5.51461e+17 280.544 0
5.49589e+17 280.544 0
5.47723e+17 280.544 0
5.45863e+17 280.544 0
5.44009e+17 280.544 0
5.42162e+17 280.544 0
5.40321e+17 280.544 0
5.38487e+17 280.544 0
5.36658e+17 280.544 0
5.34836e+17 280.544 0
5.3302e+17 280.544 0
5.3121e+17 280.544 0
5.29407e+17 280.544 0
5.27609e+17 280.544 0
5.25818e+17 280.544 0
5.24032e+17 280.544 0
5.22253e+17 280.544 0
5.2048e+17 280.544 0
5.18712e+17 280.544 0
5.16951e+17 280.544 0
5.15196e+17 280.544 0
5.13447e+17 280.544 0
5.11703e+17 280.544 0
5.09966e+17 280.544 0
5.08234e+17 280.544 0
5.06509e+17 280.544 0
5.04789e+17 280.544 0
5.03075e+17 280.544 0
5.01367e+17 280.544 0
4.99664e+17 280.544 0
4.97968e+17 280.544 0
4.96277e+17 280.544 0
4.94592e+17 280.544 0
4.92913e+17 280.544 0
4.91239e+17 280.544 0
4.89571e+17 280.544 0
4.87909e+17 280.544 0
4.86252e+17 280.544 0
4.84601e+17 280.544 0
4.82956e+17 280.544 0
4.81316e+17 280.544 0
4.79681e+17 280.544 0
4.78053e+17 280.544 0
4.7643e+17 280.544 0
4.74812e+17 280.544 0
4.732e+17 280.544 0
4.71593e+17 280.544 0
4.69992e+17 280.544 0
4.68396e+17 280.544 0
4.66805e+17 280.544 0
4.6522e+17 280.544 0
4.63641e+17 280.544 0
4.62067e+17 280.544 0
4.60498e+17 280.544 0
4.58934e+17 280.544 0
4.57376e+17 280.544 0
4.55823e+17 280.544 0
4.54275e+17 280.544 0
4.52733e+17 280.544 0
4.51195e+17 280.544 0
4.49663e+17 280.544 0
4.48137e+17 280.544 0
4.46615e+17 280.544 0
4.45099e+17 280.544 0
4.43587e+17 280.544 0
4.42081e+17 280.544 0
4.4058e+17 280.544 0
4.39084e+17 280.544 0
4.37593e+17 280.544 0
4.36107e+17 280.544 0
4.34627e+17 280.544 0
4.33151e+17 280.544 0
4.3168e+17 280.544 0
4.30214e+17 280.544 0
4.28754e+17 280.544 0
4.27298e+17 280.544 0
4.25847e+17 280.544 0
4.24401e+17 280.544 0
4.2296e+17 280.544 0
4.21524e+17 280.544 0
4.20093e+17 280.544 0
4.18666e+17 280.544 0
4.17245e+17 280.544 0
4.15828e+17 280.544 0
4.14416e+17 280.544 0
4.13009e+17 280.544 0
4.11607e+17 280.544 0
4.10209e+17 280.544 0
4.08816e+17 280.544 0
4.07428e+17 280.544 0
4.06045e+17 280.544 0
4.04666e+17 280.544 0
4.03292e+17 280.544 0
4.01923e+17 280.544 0
4.00558e+17 280.544 0
3.99198e+17 280.544 0
3.97843e+17 280.544 0
3.96492e+17 280.544 0
3.95145e+17 280.544 0
3.93804e+17 280.544 0
3.92467e+17 280.544 0
3.91134e+17 280.544 0
3.89806e+17 280.544 0
3.88482e+17 280.544 0
3.87163e+17 280.544 0
3.85849e+17 280.544 0
3.84539e+17 280.544 0
3.83233e+17 280.544 0
3.81932e+17 280.544 0
3.80635e+17 280.544 0
3.79343e+17 280.544 0
3.78054e+17 280.544 0
3.76771e+17 280.544 0
3.75492e+17 280.544 0
3.74217e+17 280.544 0
3.72946e+17 280.544 0
3.7168e+17 280.544 0
3.70418e+17 280.544 0
3.6916e+17 280.544 0
3.67906e+17 280.544 0
3.66657e+17 280.544 0
3.65412e+17 280.544 0
3.64172e+17 280.544 0
3.62935e+17 280.544 0
3.61703e+17 280.544 0
3.60475e+17 280.544 0
3.59251e+17 280.544 0
3.58031e+17 280.544 0
3.56815e+17 280.544 0
3.55604e+17 280.544 0
3.54396e+17 280.544 0
3.53193e+17 280.544 0
3.51994e+17 280.544 0
3.50799e+17 280.544 0
3.49607e+17 280.544 0
3.4842e+17 280.544 0
3.47237e+17 280.544 0
3.46058e+17 280.544 0
3.44883e+17 280.544 0
3.43712e+17 280.544 0
3.42545e+17 280.544 0
3.41382e+17 280.544 0
3.40223e+17 280.544 0
3.39068e+17 280.544 0
3.37917e+17 280.544 0
3.36769e+17 280.544 0
3.35626e+17 280.544 0
3.34486e+17 280.544 0
3.3335e+17 280.544 0
3.32218e+17 280.544 0
3.3109e+17 280.544 0
3.29966e+17 280.544 0
3.28846e+17 280.544 0
3.27729e+17 280.544 0
3.26617e+17 280.544 0
3.25508e+17 280.544 0
3.24402e+17 280.544 0
3.23301e+17 280.544 0
3.22203e+17 280.544 0
3.21109e+17 280.544 0
3.20019e+17 280.544 0
3.18932e+17 280.544 0
3.17849e+17 280.544 0
3.1677e+17 280.544 0
3.15694e+17 280.544 0
3.14623e+17 280.544 0
3.13554e+17 280.544 0
3.1249e+17 280.544 0
3.11429e+17 280.544 0
3.10371e+17 280.544 0
3.09317e+17 280.544 0
3.08267e+17 280.544 0
3.0722e+17 280.544 0
3.06177e+17 280.544 0
3.05138e+17 280.544 0
3.04102e+17 280.544 0
3.03069e+17 280.544 0
3.0204e+17 280.544 0
3.01014e+17 280.544 0
2.99992e+17 280.544 0
2.98974e+17 280.544 0
2.97959e+17 280.544 0
2.96947e+17 280.544 0
2.95939e+17 280.544 0
2.94934e+17 280.544 0
2.93932e+17 280.544 0
2.92934e+17 280.544 0
2.9194e+17 280.544 0
2.90948e+17 280.544 0
2.89961e+17 280.544 0
2.88976e+17 280.544 0
2.87995e+17 280.544 0
2.87017e+17 280.544 0
2.86042e+17 280.544 0
2.85071e+17 280.544 0
2.84103e+17 280.544 0
2.83139e+17 280.544 0
2.82177e+17 280.544 0
2.81219e+17 280.544 0
2.80264e+17 280.544 0
2.79313e+17 280.544 0
2.78364e+17 280.544 0
2.77419e+17 280.544 0
2.76477e+17 280.544 0
2.75538e+17 280.544 0
2.74603e+17 280.544 0
2.7367e+17 280.544 0
2.72741e+17 280.544 0
2.71815e+17 280.544 0
2.70892e+17 280.544 0
2.69972e+17 280.544 0
2.69056e+17 280.544 0
2.68142e+17 280.544 0
2.67232e+17 280.544 0
2.66324e+17 280.544 0
2.6542e+17 280.544 0
2.64519e+17 280.544 0
2.63621e+17 280.544 0
2.62726e+17 280.544 0
2.61834e+17 280.544 0
2.60945e+17 280.544 0
2.60059e+17 280.544 0
2.59176e+17 280.544 0
2.58295e+17 280.544 0
2.57418e+17 280.544 0
2.56544e+17 280.544 0
2.55673e+17 280.544 0
2.54805e+17 280.544 0
2.5394e+17 280.544 0
2.53078e+17 280.544 0
2.52219e+17 280.544 0
2.51362e+17 280.544 0
2.50509e+17 280.544 0
2.49658e+17 280.544 0
2.4881e+17 280.544 0
2.47966e+17 280.544 0
2.47124e+17 280.544 0
2.46285e+17 280.544 0
2.45448e+17 280.544 0
2.44615e+17 280.544 0
2.43784e+17 280.544 0
2.42957e+17 280.544 0
2.42132e+17 280.544 0
2.41309e+17 280.544 0
2.4049e+17 280.544 0
2.39674e+17 280.544 0
2.3886e+17 280.544 0
2.38049e+17 280.544 0
2.3724e+17 280.544 0
2.36435e+17 280.544 0
2.35632e+17 280.544 0
2.34832e+17 280.544 0
2.34035e+17 280.544 0
2.3324e+17 280.544 0
2.32448e+17 280.544 0
2.31659e+17 280.544 0
2.30872e+17 280.544 0
2.30088e+17 280.544 0
2.29307e+17 280.544 0
2.28529e+17 280.544 0
2.27753e+17 280.544 0
2.26979e+17 280.544 0
2.26209e+17 280.544 0
2.25441e+17 280.544 0
2.24675e+17 280.544 0
2.23912e+17 280.544 0
2.23152e+17 280.544 0
2.22394e+17 280.544 0
2.21639e+17 280.544 0
2.20887e+17 280.544 0
2.20137e+17 280.544 0
2.19389e+17 280.544 0
2.18644e+17 280.544 0
2.17902e+17 280.544 0
2.17162e+17 280.544 0
2.16425e+17 280.544 0
2.1569e+17 280.544 0
2.14957e+17 280.544 0
2.14227e+17 280.544 0
2.135e+17 280.544 0
2.12775e+17 280.544 0
2.12053e+17 280.544 0
2.11333e+17 280.544 0
2.10615e+17 280.544 0
2.099e+17 280.544 0
2.09187e+17 280.544 0
2.08477e+17 280.544 0
2.07769e+17 280.544 0
2.07064e+17 280.544 0
2.06361e+17 280.544 0
2.0566e+17 280.544 0
2.04962e+17 280.544 0
2.04266e+17 280.544 0
2.03572e+17 280.544 0
2.02881e+17 280.544 0
2.02192e+17 280.544 0
2.01506e+17 280.544 0
2.00821e+17 280.544 0
2.00139e+17 280.544 0
1.9946e+17 280.544 0
1.98783e+17 280.544 0
1.98108e+17 280.544 0
1.97435e+17 280.544 0
1.96765e+17 280.544 0
1.96097e+17 280.544 0
1.95431e+17 280.544 0
1.94767e+17 280.544 0
1.94106e+17 280.544 0
1.93447e+17 280.544 0
1.9279e+17 280.544 0
1.92135e+17 280.544 0
1.91483e+17 280.544 0
1.90833e+17 280.544 0
1.90185e+17 280.544 0
1.89539e+17 280.544 0
1.88896e+17 280.544 0
1.88254e+17 280.544 0
1.87615e+17 280.544 0
1.86978e+17 280.544 0
1.86343e+17 280.544 0
1.8571e+17 280.544 0
1.8508e+17 280.544 0
1.84451e+17 280.544 0
1.83825e+17 280.544 0
1.83201e+17 280.544 0
1.82579e+17 280.544 0
1.81959e+17 280.544 0
1.81341e+17 280.544 0
1.80725e+17 280.544 0
1.80112e+17 280.544 0
1.795e+17 280.544 0
1.78891e+17 280.544 0
1.78283e+17 280.544 0
1.77678e+17 280.544 0
1.77075e+17 280.544 0
1.76473e+17 280.544 0
1.75874e+17 280.544 0
1.75277e+17 280.544 0
1.74682e+17 280.544 0
1.74089e+17 280.544 0
1.73498e+17 280.544 0
1.72909e+17 280.544 0
1.72321e+17 280.544 0
1.71736e+17 280.544 0
1.71153e+17 280.544 0
1.70572e+17 280.544 0
1.69993e+17 280.544 0
1.69416e+17 280.544 0
1.68841e+17 280.544 0
1.68267e+17 280.544 0
1.67696e+17 280.544 0
1.67126e+17 280.544 0
1.66559e+17 280.544 0
1.65993e+17 280.544 0
1.6543e+17 280.544 0
1.64868e+17 280.544 0
1.64308e+17 280.544 0
1.6375e+17 280.544 0
1.63194e+17 280.544 0
1.6264e+17 280.544 0
1.62088e+17 280.544 0
1.61538e+17 280.544 0
1.60989e+17 280.544 0
1.60443e+17 280.544 0
1.59898e+17 280.544 0
1.59355e+17 280.544 0
1.58814e+17 280.544 0
1.58275e+17 280.544 0
1.57737e+17 280.544 0
1.57202e+17 280.544 0
1.56668e+17 280.544 0
1.56136e+17 280.544 0
1.55606e+17 280.544 0
1.55077e+17 280.544 0
1.54551e+17 280.544 0
1.54026e+17 280.544 0
1.53503e+17 280.544 0
1.52982e+17 280.544 0
1.52462e+17 280.544 0
1.51945e+17 280.544 0
1.51429e+17 280.544 0
1.50915e+17 280.544 0
1.50402e+17 280.544 0
1.49892e+17 280.544 0
1.49383e+17 280.544 0
1.48875e+17 280.544 0
1.4837e+17 280.544 0
1.47866e+17 280.544 0
1.47364e+17 280.544 0
1.46864e+17 280.544 0
1.46365e+17 280.544 0
1.45868e+17 280.544 0
1.45373e+17 280.544 0
1.44879e+17 280.544 0
1.44387e+17 280.544 0
1.43897e+17 280.544 0
1.43408e+17 280.544 0
1.42922e+17 280.544 0
1.42436e+17 280.544 0
1.41953e+17 280.544 0
1.41471e+17 280.544 0
1.4099e+17 280.544 0
1.40512e+17 280.544 0
1.40034e+17 280.544 0
1.39559e+17 280.544 0
1.39085e+17 280.544 0
1.38613e+17 280.544 0
1.38142e+17 280.544 0
1.37673e+17 280.544 0
1.37206e+17 280.544 0
1.3674e+17 280.544 0
1.36276e+17 280.544 0
1.35813e+17 280.544 0
1.35352e+17 280.544 0
1.34892e+17 280.544 0
1.34434e+17 280.544 0
1.33978e+17 280.544 0
1.33523e+17 280.544 0
1.33069e+17 280.544 0
1.32618e+17 280.544 0
1.32167e+17 280.544 0
1.31719e+17 280.544 0
1.31271e+17 280.544 0
1.30826e+17 280.544 0
1.30381e+17 280.544 0
1.29939e+17 280.544 0
1.29497e+17 280.544 0
1.29058e+17 280.544 0
1.2862e+17 280.544 0
1.28183e+17 280.544 0
1.27748e+17 280.544 0
1.27314e+17 280.544 0
1.26882e+17 280.544 0
1.26451e+17 280.544 0
1.26021e+17 280.544 0
1.25593e+17 280.544 0
1.25167e+17 280.544 0
1.24742e+17 280.544 0
1.24318e+17 280.544 0
1.23896e+17 280.544 0
1.23476e+17 280.544 0
1.23056e+17 280.544 0
1.22639e+17 280.544 0
1.22222e+17 280.544 0
1.21807e+17 280.544 0
1.21394e+17 280.544 0
1.20981e+17 280.544 0
1.20571e+17 280.544 0
1.20161e+17 280.544 0
1.19753e+17 280.544 0
1.19347e+17 280.544 0
1.18941e+17 280.544 0
1.18538e+17 280.544 0
1.18135e+17 280.544 0
1.17734e+17 280.544 0
1.17334e+17 280.544 0
1.16936e+17 280.544 0
1.16539e+17 280.544 0
1.16143e+17 280.544 0
1.15749e+17 280.544 0
1.15356e+17 280.544 0
1.14964e+17 280.544 0
1.14574e+17 280.544 0
1.14185e+17 280.544 0
1.13797e+17 280.544 0
1.13411e+17 280.544 0
1.13025e+17 280.544 0
1.12642e+17 280.544 0
1.12259e+17 280.544 0
1.11878e+17 280.544 0
1.11498e+17 280.544 0
1.1112e+17 280.544 0
1.10742e+17 280.544 0
1.10366e+17 280.544 0
1.09992e+17 280.544 0
1.09618e+17 280.544 0
1.09246e+17 280.544 0
1.08875e+17 280.544 0
1.08505e+17 280.544 0
1.08137e+17 280.544 0
1.0777e+17 280.544 0
1.07404e+17 280.544 0
1.07039e+17 280.544 0
1.06676e+17 280.544 0
1.06313e+17 280.544 0
1.05952e+17 280.544 0
1.05593e+17 280.544 0
1.05234e+17 280.544 0
1.04877e+17 280.544 0
1.04521e+17 280.544 0
1.04166e+17 280.544 0
1.03812e+17 280.544 0
1.0346e+17 280.544 0
1.03108e+17 280.544 0
1.02758e+17 280.544 0
1.02409e+17 280.544 0
1.02062e+17 280.544 0
1.01715e+17 280.544 0
1.0137e+17 280.544 0
1.01026e+17 280.544 0
1.00683e+17 280.544 0
1.00341e+17 280.544 0
