nB energy ptesure
76835.04564855112 9.4667024 0.0615367109
390954.79109409836 48.42080389 1.34029159
705074.5365396455 86.56630908 4.22056456
1019194.2819851928 122.95270741 8.12830236
1333314.0274307402 156.87437589 12.8186497
1647433.7728762873 188.87845727 18.2287052
1961553.5183218343 219.8228233 24.1694539
2275673.2637673817 250.23376941 30.490525
2589793.009212929 280.42167461 37.1032046
2903912.7546584764 310.57576397 43.9704943
3218032.5001040236 340.82046314 51.0910518
3532152.245549571 371.24752024 58.4842498
3846271.9909951175 401.9333027 66.1804414
4160391.7364406646 432.94832863 74.2160037
4474511.481886212 464.36313808 82.6315276
4788631.227331759 496.25256748 91.4718794
5102750.972777307 528.69943561 100.787379
5416870.718222854 561.79811523 110.635694
5730990.463668401 595.65809236 121.084195
6045110.209113949 630.40751657 132.21262
6359229.954559497 666.19652945 144.115885
6673349.700005042 703.20013506 156.906898
6987469.44545059 741.62033558 170.719253
7301589.190896138 781.68720501 185.709663
7615708.936341684 823.65850548 202.059998
7929828.681787232 867.81732401 219.978691
8243948.427232779 914.46693787 239.701063
8558068.172678327 963.92188211 261.487822
8872187.918123873 1016.49393995 285.620521
9186307.66356942 1072.47204044 312.392464
9500427.409014968 1132.09598613 342.093573
9814547.154460516 1195.52613955 374.988691
10128666.899906062 1262.81433038 411.290915
10442786.64535161 1333.88414223 451.13461
10756906.390797157 1408.52888355 494.555206
