nB energy ptesure
76835.04564855112 9.42013598 0.0309462732
390954.79109409836 47.59143368 0.816533189
705074.5365396455 84.20587017 2.82713728
1019194.2819851928 118.87760963 5.65355704
1333314.0274307402 151.74877926 9.07062302
1647433.7728762873 180.63468427 13.3424288
1961553.5183218343 207.32336466 18.1994792
2275673.2637673817 233.13969742 23.5582638
2589793.009212929 258.47605077 29.3601421
2903912.7546584764 283.60740826 35.5162123
3218032.5001040236 308.71401834 41.9480656
3532152.245549571 333.91314047 48.6150583
3846271.9909951175 359.28878881 55.5126578
4160391.7364406646 384.91007353 62.6597255
4474511.481886212 410.84089537 70.0879545
4788631.227331759 437.14510059 77.8359909
5102750.972777307 463.88959491 85.9469449
5416870.718222854 491.14660844 94.4678506
5730990.463668401 518.99572356 103.450208
6045110.209113949 547.5259245 112.951166
6359229.954559497 576.83783151 123.035166
6673349.700005042 607.04619906 133.775972
6987469.44545059 638.28272355 145.259074
7301589.190896138 670.69907118 157.584462
7615708.936341684 704.47008148 170.869752
7929828.681787232 739.79685105 185.253573
8243948.427232779 776.90938739 200.899085
8558068.172678327 816.06818939 217.997319
8872187.918123873 857.56396653 236.769849
9186307.66356942 901.71431634 257.470012
9500427.409014968 948.85594128 280.381525
9814547.154460516 999.3308586 305.813012
10128666.899906062 1053.46552241 334.086763
10442786.64535161 1111.54291202 365.520492
10756906.390797157 1173.77021842 400.402191
