nB energy ptesure
76835.04564855112 9.4667024 0.0615367109
390954.79109409836 48.42064363 1.34030918
705074.5365396455 86.56386698 4.22862662
1019194.2819851928 123.245363 8.16847402
1333314.0274307402 158.57839014 12.7470085
1647433.7728762873 193.03820235 18.0159061
1961553.5183218343 227.18142123 24.2872441
2275673.2637673817 261.51032287 31.8735725
2589793.009212929 296.42148939 40.9666774
2903912.7546584764 332.20064077 51.6388919
3218032.5001040236 369.03857956 63.8866396
3532152.245549571 407.05369001 77.6691752
3846271.9909951175 446.31385042 92.9327413
4160391.7364406646 486.85460636 109.623597
4474511.481886212 528.69259992 127.694253
4788631.227331759 571.83451206 147.105733
5102750.972777307 616.28241992 167.827567
5416870.718222854 662.03664346 189.836643
5730990.463668401 709.09702951 213.115636
6045110.209113949 757.46338458 237.651463
6359229.954559497 807.13550852 263.433991
6673349.700005042 858.11307006 290.455037
6987469.44545059 910.39551688 318.707677
7301589.190896138 963.98195848 348.185773
7615708.936341684 1018.87114283 378.883685
7929828.681787232 1075.06145367 410.796095
8243948.427232779 1132.55093823 443.917914
8558068.172678327 1191.33734763 478.244232
8872187.918123873 1251.41819192 513.7703
9186307.66356942 1312.79078475 550.49153
9500427.409014968 1375.45229388 588.403491
9814547.154460516 1439.39978194 627.501926
10128666.899906062 1504.63024493 667.782749
10442786.64535161 1571.14063815 709.242056
10756906.390797157 1638.92790613 751.876123
