nB energy ptesure
76835.04564855112 9.42013598 0.0309462732
390954.79109409836 47.5914337 0.816533189
705074.5365396455 84.20587017 2.82713728
1019194.2819851928 118.87763836 5.65355689
1333314.0274307402 151.87631819 9.06190057
1647433.7728762873 183.7993042 13.3734747
1961553.5183218343 215.32001592 19.1713149
2275673.2637673817 246.92859645 26.8456141
2589793.009212929 278.871035 36.3801351
2903912.7546584764 311.38595242 47.5548507
3218032.5001040236 344.83630039 60.2119094
3532152.245549571 379.59579839 74.2717404
3846271.9909951175 415.91286071 89.6434452
4160391.7364406646 453.85716012 106.188791
4474511.481886212 493.3536355 123.789117
4788631.227331759 534.27101892 142.430674
5102750.972777307 576.50136642 162.188424
5416870.718222854 619.98576331 183.152665
5730990.463668401 664.702917 205.386554
6045110.209113949 710.651598 228.918558
6359229.954559497 757.838393 253.746453
6673349.700005042 806.27066475 279.842463
6987469.44545059 855.95282093 307.15989
7301589.190896138 906.88493238 335.64439
7615708.936341684 959.06345435 365.249223
7929828.681787232 1012.48330695 395.947512
8243948.427232779 1067.13996591 427.734719
8558068.172678327 1123.0304316 460.622226
8872187.918123873 1180.1531845 494.628385
9186307.66356942 1238.50761 529.771859
9500427.409014968 1298.09347521 566.068321
9814547.154460516 1358.9105724 603.529531
10128666.899906062 1420.95853643 642.163605
10442786.64535161 1484.23678374 681.975699
10756906.390797157 1548.74451251 722.968739
