nB energy ptesure
76835.04564855112 9.46670246 0.0615367106
390954.79109409836 48.4208792 1.3405085
705074.5365396455 86.5909148 4.24459303
1019194.2819851928 123.435366 8.29123425
1333314.0274307402 159.157336 13.1868622
1647433.7728762873 194.280145 19.1257238
1961553.5183218343 229.40161 26.5645649
2275673.2637673817 265.060173 35.9253487
2589793.009212929 301.678594 47.4561416
2903912.7546584764 339.561583 61.2435924
3218032.5001040236 378.918097 77.2770286
3532152.245549571 419.887486 95.5016071
3846271.9909951175 462.560984 115.848495
4160391.7364406646 506.997181 138.24893
4474511.481886212 553.23263 162.639783
4788631.227331759 601.288987 188.965171
5102750.972777307 651.177832 217.176416
5416870.718222854 702.903946 247.231379
5730990.463668401 756.46754 279.093616
6045110.209113949 811.865801 312.731564
6359229.954559497 869.093946 348.117798
6673349.700005042 928.145958 385.2284
6987469.44545059 989.015079 424.042418
7301589.190896138 1051.69416 464.541424
7615708.936341684 1116.17591 506.709135
7929828.681787232 1182.45301 550.531096
8243948.427232779 1250.51825 595.994428
8558068.172678327 1320.36458 643.087603
8872187.918123873 1391.98516 691.800265
9186307.66356942 1465.37333 742.123061
9500427.409014968 1540.52272 794.047535
9814547.154460516 1617.42713434 847.565997
10128666.899906062 1696.08064 902.671434
10442786.64535161 1776.47752 959.35743
10756906.390797157 1858.61225 1017.6181
