nB energy ptesure
76835.04564855112 9.42013595 0.0309462729
390954.79109409836 47.59143359 0.816533189
705074.5365396455 84.20587018 2.82713728
1019194.2819851928 118.87763855 5.65355698
1333314.0274307402 151.87637889 9.06192315
1647433.7728762873 183.80226686 13.3747215
1961553.5183218343 215.36194077 19.1932903
2275673.2637673817 247.19005633 27.0158811
2589793.009212929 279.77475494 37.0900608
2903912.7546584764 313.46014032 49.4692469
3218032.5001040236 348.47862059 64.1094232
3532152.245549571 384.98423284 80.9321435
3846271.9909951175 423.07809997 99.8541213
4160391.7364406646 462.82596853 120.79851
4474511.481886212 504.26988966 143.698086
4788631.227331759 547.43596166 168.495267
5102750.972777307 592.33949749 195.141068
5416870.718222854 638.98850996 223.593826
5730990.463668401 687.38608387 253.818002
6045110.209113949 737.53200269 285.783138
6359229.954559497 789.42386895 319.462998
6673349.700005042 843.05787709 354.834855
6987469.44545059 898.42934401 391.878916
7301589.190896138 955.53307547 430.577855
7615708.936341684 1014.36361132 470.916421
7929828.681787232 1074.91539547 512.88113
8243948.427232779 1137.18288255 556.46
8558068.172678327 1201.1606105 601.642338
8872187.918123873 1266.84324343 648.41856
9186307.66356942 1334.22560208 696.780045
9500427.409014968 1403.30266758 746.719
9814547.154460516 1474.06959524 798.228362
10128666.899906062 1546.52171179 851.301706
10442786.64535161 1620.65450885 905.933162
10756906.390797157 1696.46364192 962.117359
