2 0.0445437 0.00514031 0.0548243
1.996 0.0447013 0.00517319 0.0550477
1.992 0.0448598 0.00520694 0.0552736
1.988 0.0450189 0.00524157 0.0555021
1.984 0.0451789 0.00527712 0.0557331
1.98 0.0453396 0.00531359 0.0559668
1.976 0.0455011 0.00535099 0.0562031
1.972 0.0456634 0.00538935 0.0564421
1.968 0.0458265 0.00542864 0.0566838
1.964 0.0459904 0.00546895 0.0569283
1.96 0.0461551 0.00551025 0.0571756
1.956 0.0463207 0.00555255 0.0574258
1.952 0.0464871 0.00559586 0.0576788
1.948 0.0466544 0.00564022 0.0579348
1.944 0.0468225 0.00568565 0.0581938
1.94 0.0469916 0.00573217 0.0584559
1.936 0.0471615 0.00577966 0.0587208
1.932 0.0473323 0.00582838 0.0589891
1.928 0.0475041 0.00587814 0.0592603
1.924 0.0476767 0.00592908 0.0595349
1.92 0.0478503 0.00598112 0.0598125
1.916 0.0480248 0.00603436 0.0600936
1.912 0.0482003 0.00608881 0.060378
1.908 0.0483768 0.00614444 0.0606657
1.904 0.0485543 0.00620129 0.0609568
1.9 0.0487327 0.00625939 0.0612515
1.896 0.0489121 0.00631871 0.0615495
1.892 0.0490925 0.00637927 0.0618511
1.888 0.0492739 0.00644112 0.0621561
1.884 0.0494563 0.00650426 0.0624649
1.88 0.0496398 0.00656871 0.0627772
1.876 0.0498242 0.00663447 0.0630932
1.872 0.0500097 0.00670158 0.0634129
1.868 0.0501963 0.00677005 0.0637364
1.864 0.0503838 0.0068399 0.0640636
1.86 0.0505723 0.00691113 0.0643945
1.856 0.0507618 0.00698377 0.0647294
1.852 0.0509525 0.00705782 0.0650682
1.848 0.0511441 0.00713333 0.0654107
1.844 0.0513367 0.0072103 0.0657573
1.84 0.0515303 0.00728872 0.0661078
1.836 0.051725 0.00736864 0.0664622
1.832 0.0519206 0.00745006 0.0668208
1.828 0.0521173 0.00753301 0.0671833
1.824 0.052315 0.00761749 0.0675499
1.82 0.0525136 0.00770353 0.0679207
1.816 0.0527132 0.00779115 0.0682955
1.812 0.0529138 0.00788035 0.0686745
1.808 0.0531154 0.00797115 0.0690577
1.804 0.0533178 0.00806358 0.069445
1.8 0.0535212 0.00815765 0.0698365
1.796 0.0537256 0.00825337 0.0702323
1.792 0.0539309 0.00835077 0.0706324
1.788 0.0541371 0.00844986 0.0710368
1.784 0.0543441 0.00855067 0.0714454
1.78 0.0545521 0.00865319 0.0718585
1.776 0.054761 0.00875746 0.0722759
1.772 0.0549707 0.0088635 0.0726977
1.768 0.0551813 0.00897129 0.0731239
1.764 0.0553928 0.00908089 0.0735546
1.76 0.0556051 0.00919229 0.0739897
1.756 0.0558183 0.0093055 0.0744293
1.752 0.0560323 0.0094206 0.0748735
1.748 0.0562472 0.00953752 0.0753223
1.744 0.0564629 0.00965635 0.0757756
1.74 0.0566794 0.00977707 0.0762336
1.736 0.0568968 0.00989976 0.0766963
1.732 0.057115 0.0100243 0.0771636
1.728 0.057334 0.0101508 0.0776357
1.724 0.0575538 0.0102793 0.0781124
1.72 0.0577745 0.0104098 0.078594
1.716 0.0579959 0.0105423 0.0790805
1.712 0.0582182 0.0106768 0.0795717
1.708 0.0584413 0.0108133 0.0800679
1.704 0.0586653 0.0109519 0.080569
1.7 0.0588901 0.0110925 0.0810751
1.696 0.0591157 0.0112352 0.0815862
1.692 0.0593422 0.0113801 0.0821024
1.688 0.0595696 0.0115271 0.0826237
1.684 0.0597978 0.0116762 0.0831501
1.68 0.0600269 0.0118274 0.0836818
1.676 0.0602569 0.0119808 0.0842186
1.672 0.0604878 0.0121365 0.0847608
1.668 0.0607197 0.0122943 0.0853082
1.664 0.0609524 0.0124543 0.0858611
1.66 0.0611861 0.0126166 0.0864194
1.656 0.0614208 0.0127812 0.0869831
1.652 0.0616564 0.012948 0.0875524
1.648 0.061893 0.0131171 0.0881272
1.644 0.0621306 0.0132885 0.0887077
1.64 0.0623692 0.0134623 0.0892938
1.636 0.0626089 0.0136384 0.0898856
1.632 0.0628496 0.0138168 0.0904832
1.628 0.0630913 0.0139976 0.0910866
1.624 0.0633342 0.0141808 0.0916958
1.62 0.0635781 0.0143664 0.0923109
1.616 0.0638231 0.0145544 0.0929319
1.612 0.0640692 0.0147449 0.0935589
1.608 0.0643164 0.0149378 0.0941919
1.604 0.0645648 0.0151331 0.094831
1.6 0.0648143 0.015331 0.0954762
1.596 0.0650649 0.0155313 0.0961275
1.592 0.0653167 0.0157341 0.096785
1.588 0.0655697 0.0159395 0.0974487
1.584 0.0658238 0.0161474 0.0981186
1.58 0.0660791 0.0163579 0.0987948
1.576 0.0663355 0.0165709 0.0994774
1.572 0.0665932 0.0167865 0.100166
1.568 0.0668521 0.0170047 0.100862
1.564 0.0671121 0.0172256 0.101563
1.56 0.0673733 0.017449 0.102271
1.556 0.0676356 0.0176751 0.102986
1.552 0.067899 0.0179038 0.103707
1.548 0.0681637 0.0181352 0.104434
1.544 0.0684295 0.0183693 0.105168
1.54 0.0686964 0.0186061 0.105909
1.536 0.0689645 0.0188456 0.106656
1.532 0.0692336 0.0190878 0.107409
1.528 0.0695038 0.0193327 0.108169
1.524 0.0697751 0.0195804 0.108936
1.52 0.0700475 0.0198309 0.109709
1.516 0.0703209 0.0200841 0.110489
1.512 0.0705953 0.0203401 0.111276
1.508 0.0708707 0.020599 0.112069
1.504 0.0711471 0.0208606 0.112868
1.5 0.0714245 0.0211251 0.113675
1.496 0.0717028 0.0213924 0.114488
1.492 0.071982 0.0216625 0.115307
1.488 0.0722622 0.0219355 0.116133
1.484 0.0725432 0.0222114 0.116966
1.48 0.0728251 0.0224902 0.117805
1.476 0.0731078 0.0227719 0.118652
1.472 0.0733913 0.0230565 0.119504
1.468 0.0736757 0.023344 0.120364
1.464 0.0739608 0.0236344 0.12123
1.46 0.0742467 0.0239278 0.122102
1.456 0.0745333 0.0242242 0.122982
1.452 0.0748206 0.0245236 0.123868
1.448 0.0751086 0.0248259 0.12476
1.444 0.0753973 0.0251312 0.12566
1.44 0.0756867 0.0254396 0.126566
1.436 0.0759768 0.0257509 0.127479
1.432 0.0762675 0.0260653 0.128398
1.428 0.0765588 0.0263827 0.129324
1.424 0.0768508 0.0267032 0.130257
1.42 0.0771434 0.0270268 0.131197
1.416 0.0774366 0.0273534 0.132143
1.412 0.0777304 0.0276831 0.133097
1.408 0.0780249 0.0280159 0.134057
1.404 0.07832 0.0283518 0.135024
1.4 0.0786157 0.0286909 0.135997
1.396 0.078912 0.029033 0.136978
1.392 0.079209 0.0293783 0.137966
1.388 0.0795066 0.0297267 0.13896
1.384 0.0798048 0.0300783 0.139962
1.38 0.0801037 0.0304331 0.14097
1.376 0.0804034 0.030791 0.141985
1.372 0.0807037 0.0311522 0.143008
1.368 0.0810047 0.0315165 0.144038
1.364 0.0813064 0.031884 0.145074
1.36 0.0816088 0.0322547 0.146118
1.356 0.0819121 0.0326287 0.147169
1.352 0.0822161 0.0330058 0.148228
1.348 0.0825209 0.0333862 0.149293
1.344 0.0828266 0.0337698 0.150366
1.34 0.0831331 0.0341567 0.151447
1.336 0.0834405 0.0345469 0.152534
1.332 0.0837488 0.0349402 0.153629
1.328 0.084058 0.0353369 0.154732
1.324 0.0843681 0.0357368 0.155842
1.32 0.0846792 0.0361401 0.156959
1.316 0.0849913 0.0365466 0.158084
1.312 0.0853043 0.0369563 0.159217
1.308 0.0856185 0.0373694 0.160357
1.304 0.0859336 0.0377858 0.161505
1.3 0.0862498 0.0382055 0.162661
1.296 0.086567 0.0386284 0.163824
1.292 0.0868854 0.0390547 0.164995
1.288 0.0872048 0.0394843 0.166173
1.284 0.0875253 0.0399173 0.16736
1.28 0.0878469 0.0403535 0.168554
1.276 0.0881697 0.0407931 0.169756
1.272 0.0884935 0.0412359 0.170965
1.268 0.0888185 0.0416822 0.172183
1.264 0.0891445 0.0421317 0.173408
1.26 0.0894717 0.0425846 0.174641
1.256 0.0897999 0.0430408 0.175881
1.252 0.0901292 0.0435003 0.17713
1.248 0.0904596 0.0439632 0.178386
1.244 0.090791 0.0444294 0.17965
1.24 0.0911235 0.044899 0.180921
1.236 0.0914569 0.0453718 0.182201
1.232 0.0917913 0.0458481 0.183487
1.228 0.0921267 0.0463276 0.184782
1.224 0.0924629 0.0468105 0.186084
1.22 0.0928001 0.0472968 0.187394
1.216 0.093138 0.0477864 0.188711
1.212 0.0934768 0.0482793 0.190035
1.208 0.0938163 0.0487755 0.191367
1.204 0.0941566 0.0492751 0.192707
1.2 0.0944976 0.0497781 0.194054
1.196 0.0948392 0.0502843 0.195408
1.192 0.0951815 0.050794 0.196769
1.188 0.0955243 0.0513069 0.198138
1.184 0.0958676 0.0518232 0.199514
1.18 0.0962115 0.0523428 0.200897
1.176 0.0965557 0.0528658 0.202287
1.172 0.0969003 0.053392 0.203684
1.168 0.0972453 0.0539216 0.205089
1.164 0.0975905 0.0544546 0.2065
1.16 0.097936 0.0549909 0.207918
1.156 0.0982817 0.0555305 0.209343
1.152 0.0986276 0.0560734 0.210774
1.148 0.0989735 0.0566197 0.212213
1.144 0.0993196 0.0571692 0.213658
1.14 0.0996658 0.0577222 0.21511
1.136 0.100012 0.0582784 0.216569
1.132 0.100358 0.0588379 0.218034
1.128 0.100704 0.0594008 0.219506
1.124 0.101051 0.059967 0.220985
1.12 0.101397 0.0605365 0.22247
1.116 0.101743 0.0611094 0.223961
1.112 0.102089 0.0616855 0.22546
1.108 0.102435 0.062265 0.226964
1.104 0.10278 0.0628477 0.228476
1.1 0.103126 0.0634338 0.229993
1.096 0.103472 0.0640232 0.231518
1.092 0.103817 0.0646159 0.233049
1.088 0.104162 0.0652118 0.234586
1.084 0.104508 0.0658111 0.23613
1.08 0.104853 0.0664137 0.23768
1.076 0.105198 0.0670196 0.239237
1.072 0.105544 0.0676287 0.240801
1.068 0.105889 0.0682412 0.242371
1.064 0.106234 0.0688569 0.243948
1.06 0.10658 0.0694759 0.245532
1.056 0.106926 0.0700981 0.247122
1.052 0.107272 0.0707237 0.248719
1.048 0.107618 0.0713525 0.250323
1.044 0.107964 0.0719845 0.251933
1.04 0.108311 0.0726198 0.253551
1.036 0.108658 0.0732584 0.255175
1.032 0.109006 0.0739002 0.256806
1.028 0.109354 0.0745452 0.258444
1.024 0.109702 0.0751934 0.260089
1.02 0.110052 0.0758449 0.261741
1.016 0.110402 0.0764996 0.263401
1.012 0.110752 0.0771574 0.265067
1.008 0.111103 0.0778185 0.26674
1.004 0.111455 0.0784827 0.268421
1 0.111808 0.0791501 0.270109
0.996 0.112162 0.0798207 0.271804
0.992 0.112517 0.0804944 0.273506
0.988 0.112872 0.0811713 0.275215
0.984 0.113229 0.0818513 0.276932
0.98 0.113587 0.0825344 0.278656
0.976 0.113945 0.0832207 0.280387
0.972 0.114305 0.08391 0.282125
0.968 0.114666 0.0846024 0.283871
0.964 0.115028 0.0852979 0.285623
0.96 0.115391 0.0859965 0.287383
0.956 0.115754 0.0866981 0.289151
0.952 0.116119 0.0874027 0.290925
0.948 0.116486 0.0881104 0.292706
0.944 0.116853 0.0888211 0.294495
0.94 0.117221 0.0895348 0.296291
0.936 0.11759 0.0902515 0.298093
0.932 0.11796 0.0909711 0.299902
0.928 0.118331 0.0916937 0.301718
0.924 0.118703 0.0924193 0.303541
0.92 0.119075 0.0931478 0.305371
0.916 0.119448 0.0938792 0.307206
0.912 0.119822 0.0946136 0.309049
0.908 0.120196 0.0953508 0.310898
0.904 0.120571 0.0960909 0.312752
0.9 0.120946 0.0968339 0.314614
0.896 0.121321 0.0975798 0.316481
0.892 0.121697 0.0983285 0.318354
0.888 0.122072 0.0990801 0.320233
0.884 0.122448 0.0998345 0.322117
0.88 0.122824 0.100592 0.324007
0.876 0.123199 0.101352 0.325903
0.872 0.123574 0.102115 0.327804
0.868 0.123949 0.10288 0.32971
0.864 0.124323 0.103649 0.331621
0.86 0.124697 0.10442 0.333537
0.856 0.12507 0.105194 0.335458
0.852 0.125442 0.105971 0.337384
0.848 0.125814 0.10675 0.339314
0.844 0.126184 0.107533 0.341249
0.84 0.126553 0.108318 0.343189
0.836 0.126922 0.109106 0.345133
0.832 0.127289 0.109896 0.347081
0.828 0.127654 0.11069 0.349034
0.824 0.128019 0.111486 0.35099
0.82 0.128382 0.112285 0.352951
0.816 0.128743 0.113086 0.354916
0.812 0.129103 0.113891 0.356885
0.808 0.129462 0.114698 0.358858
0.804 0.129819 0.115508 0.360835
0.8 0.130175 0.116321 0.362816
0.796 0.130529 0.117136 0.364801
0.792 0.130881 0.117954 0.36679
0.788 0.131232 0.118775 0.368783
0.784 0.131582 0.119599 0.37078
0.78 0.13193 0.120425 0.372781
0.776 0.132277 0.121255 0.374787
0.772 0.132623 0.122087 0.376797
0.768 0.132968 0.122922 0.378811
0.764 0.133311 0.123759 0.38083
0.76 0.133654 0.1246 0.382854
0.756 0.133995 0.125443 0.384882
0.752 0.134336 0.126289 0.386915
0.748 0.134677 0.127138 0.388954
0.744 0.135017 0.12799 0.390997
0.74 0.135356 0.128845 0.393046
0.736 0.135696 0.129702 0.3951
0.732 0.136036 0.130562 0.39716
0.728 0.136375 0.131426 0.399226
0.724 0.136715 0.132291 0.401298
0.72 0.137056 0.13316 0.403376
0.716 0.137397 0.134032 0.405461
0.712 0.137739 0.134906 0.407552
0.708 0.138083 0.135784 0.40965
0.704 0.138427 0.136664 0.411755
0.7 0.138773 0.137547 0.413867
0.696 0.139121 0.138433 0.415986
0.692 0.13947 0.139321 0.418113
0.688 0.139821 0.140213 0.420247
0.684 0.140175 0.141107 0.422389
0.68 0.14053 0.142005 0.42454
0.676 0.140889 0.142905 0.426698
0.672 0.141249 0.143808 0.428864
0.668 0.141613 0.144713 0.431039
0.664 0.141979 0.145622 0.433223
0.66 0.142348 0.146533 0.435415
0.656 0.14272 0.147448 0.437615
0.652 0.143095 0.148365 0.439824
0.648 0.143473 0.149285 0.442042
0.644 0.143854 0.150207 0.444269
0.64 0.144238 0.151133 0.446504
0.636 0.144626 0.152061 0.448748
0.632 0.145016 0.152992 0.451001
0.628 0.14541 0.153926 0.453263
0.624 0.145806 0.154863 0.455533
0.62 0.146206 0.155803 0.457812
0.616 0.146608 0.156745 0.460099
0.612 0.147013 0.157691 0.462395
0.608 0.147421 0.158639 0.464698
0.604 0.147831 0.15959 0.46701
0.6 0.148243 0.160543 0.46933
0.596 0.148657 0.1615 0.471657
0.592 0.149073 0.16246 0.473992
0.588 0.14949 0.163422 0.476334
0.584 0.149908 0.164387 0.478683
0.58 0.150328 0.165356 0.481039
0.576 0.150748 0.166327 0.483402
0.572 0.151169 0.167301 0.485771
0.568 0.15159 0.168278 0.488147
0.564 0.152011 0.169259 0.490528
0.56 0.152431 0.170242 0.492915
0.556 0.15285 0.171229 0.495307
0.552 0.153268 0.172219 0.497705
0.548 0.153684 0.173212 0.500108
0.544 0.154099 0.174208 0.502515
0.54 0.154512 0.175208 0.504928
0.536 0.154922 0.176211 0.507345
0.532 0.155329 0.177218 0.509766
0.528 0.155733 0.178229 0.512191
0.524 0.156134 0.179243 0.514621
0.52 0.156532 0.180261 0.517055
0.516 0.156925 0.181284 0.519493
0.512 0.157315 0.18231 0.521935
0.508 0.157701 0.18334 0.524381
0.504 0.158082 0.184375 0.526832
0.5 0.158459 0.185414 0.529287
0.496 0.158832 0.186458 0.531747
0.492 0.1592 0.187506 0.534212
0.488 0.159563 0.188559 0.536682
0.484 0.159922 0.189618 0.539157
0.48 0.160277 0.190681 0.541639
0.476 0.160627 0.19175 0.544127
0.472 0.160974 0.192824 0.546622
0.468 0.161317 0.193904 0.549125
0.464 0.161656 0.19499 0.551636
0.46 0.161992 0.196082 0.554156
0.456 0.162327 0.19718 0.556686
0.452 0.162659 0.198285 0.559228
0.448 0.162989 0.199396 0.561781
0.444 0.163319 0.200514 0.564346
0.44 0.163648 0.201639 0.566926
0.436 0.163978 0.202771 0.569521
0.432 0.16431 0.203911 0.572132
0.428 0.164644 0.205058 0.574761
0.424 0.164982 0.206214 0.577409
0.42 0.165324 0.207377 0.580078
0.416 0.165672 0.208548 0.582769
0.412 0.166027 0.209728 0.585484
0.408 0.166389 0.210917 0.588223
0.404 0.16676 0.212115 0.59099
0.4 0.167142 0.213321 0.593785
0.396 0.167537 0.214537 0.596611
0.392 0.167944 0.215762 0.599469
0.388 0.168367 0.216997 0.602362
0.384 0.168807 0.218242 0.60529
0.38 0.169265 0.219496 0.608257
0.376 0.169742 0.220761 0.611264
0.372 0.170241 0.222036 0.614312
0.368 0.170763 0.223321 0.617404
0.364 0.17131 0.224616 0.620542
0.36 0.171883 0.225922 0.623728
0.356 0.172485 0.227239 0.626963
0.352 0.173118 0.228566 0.63025
0.348 0.173783 0.229904 0.633591
0.344 0.174481 0.231253 0.636987
0.34 0.175214 0.232613 0.64044
0.336 0.175986 0.233983 0.643953
0.332 0.176796 0.235365 0.647525
0.328 0.177647 0.236756 0.65116
0.324 0.178541 0.238159 0.654859
0.32 0.179479 0.239572 0.658623
0.316 0.180462 0.240996 0.662454
0.312 0.181493 0.24243 0.666352
0.308 0.182572 0.243874 0.670319
0.304 0.183701 0.245328 0.674357
0.3 0.18488 0.246792 0.678464
0.296 0.186114 0.248265 0.682644
0.292 0.1874 0.249748 0.686896
0.288 0.188741 0.251239 0.69122
0.284 0.190138 0.252739 0.695617
0.28 0.19159 0.254248 0.700086
0.276 0.1931 0.255764 0.704628
0.272 0.194668 0.257288 0.709243
0.268 0.196293 0.258819 0.71393
0.264 0.197977 0.260356 0.718688
0.26 0.199719 0.261899 0.723517
0.256 0.201519 0.263448 0.728414
0.252 0.203378 0.265001 0.733381
0.248 0.205295 0.266559 0.738413
0.244 0.207269 0.268121 0.743511
0.24 0.2093 0.269685 0.748671
0.236 0.211387 0.271252 0.753892
0.232 0.21353 0.272821 0.759171
0.228 0.215726 0.27439 0.764506
0.224 0.217975 0.275959 0.769894
0.22 0.220276 0.277528 0.775332
0.216 0.222627 0.279095 0.780817
0.212 0.225025 0.280659 0.786344
0.208 0.227469 0.282221 0.79191
0.204 0.229957 0.283778 0.797512
0.2 0.232487 0.285329 0.803145
0.196 0.235055 0.286875 0.808804
0.192 0.23766 0.288413 0.814486
0.188 0.240299 0.289943 0.820186
0.184 0.242969 0.291464 0.825897
0.18 0.245667 0.292975 0.831617
0.176 0.248389 0.294475 0.837338
0.172 0.251132 0.295962 0.843056
0.168 0.253894 0.297436 0.848765
0.164 0.256669 0.298895 0.854459
0.16 0.259455 0.300338 0.860131
0.156 0.262247 0.301765 0.865778
0.152 0.265042 0.303174 0.871391
0.148 0.267837 0.304564 0.876965
0.144 0.270626 0.305934 0.882494
0.14 0.273405 0.307283 0.887971
0.136 0.276171 0.308609 0.893389
0.132 0.278919 0.309912 0.898743
0.128 0.281645 0.31119 0.904024
0.124 0.284344 0.312442 0.909228
0.12 0.287013 0.313668 0.914348
0.116 0.289646 0.314865 0.919376
0.112 0.292239 0.316034 0.924307
0.108 0.294789 0.317172 0.929133
0.104 0.29729 0.318279 0.933849
0.1 0.29974 0.319354 0.938448
0.096 0.302131 0.320396 0.942924
0.092 0.304462 0.321404 0.94727
0.088 0.306728 0.322377 0.951481
0.084 0.308925 0.323313 0.955551
0.08 0.311049 0.324212 0.959474
0.076 0.313096 0.325074 0.963244
0.072 0.315062 0.325897 0.966856
0.068 0.316944 0.32668 0.970304
0.064 0.318739 0.327423 0.973584
0.06 0.320442 0.328124 0.976691
0.056 0.322052 0.328784 0.97962
0.052 0.323563 0.329402 0.982367
0.048 0.324975 0.329976 0.984927
0.044 0.326284 0.330507 0.987297
0.04 0.327487 0.330993 0.989473
0.036 0.328584 0.331434 0.991453
0.032 0.32957 0.331831 0.993232
0.028 0.330445 0.332181 0.994808
0.024 0.331207 0.332486 0.996179
0.02 0.331854 0.332745 0.997343
0.016 0.332385 0.332956 0.998298
0.012 0.3328 0.333121 0.999042
0.008 0.333096 0.333239 0.999574
0.004 0.333274 0.33331 0.999894
0 0.333334 0.333334 1
