2 0.0444707 0.00508281 0.0546364
1.996 0.0446287 0.00511786 0.0548644
1.992 0.0447875 0.0051537 0.0550949
1.988 0.0449471 0.00519043 0.0553279
1.984 0.0451075 0.00522795 0.0555634
1.98 0.0452686 0.00526637 0.0558014
1.976 0.0454308 0.00530572 0.0560422
1.972 0.0455937 0.00534597 0.0562856
1.968 0.0457574 0.00538707 0.0565315
1.964 0.0459219 0.00542914 0.0567802
1.96 0.0460874 0.00547216 0.0570317
1.956 0.0462534 0.00551615 0.0572857
1.952 0.0464204 0.00556106 0.0575426
1.948 0.0465883 0.00560699 0.0578023
1.944 0.0467572 0.00565403 0.0580652
1.94 0.0469266 0.00570207 0.0583308
1.936 0.0470972 0.00575077 0.0585987
1.932 0.0472685 0.00580061 0.0588697
1.928 0.0474406 0.00585187 0.0591444
1.924 0.0476136 0.00590398 0.0594216
1.92 0.0477874 0.00595718 0.0597018
1.916 0.0479622 0.00601148 0.0599851
1.912 0.0481379 0.00606693 0.0602717
1.908 0.0483143 0.00612343 0.0605612
1.904 0.0484917 0.00618106 0.0608538
1.9 0.0486699 0.00623985 0.0611496
1.896 0.048849 0.00629978 0.0614486
1.892 0.049029 0.00636089 0.0617507
1.888 0.0492098 0.0064232 0.0620562
1.884 0.0493916 0.00648672 0.062365
1.88 0.0495742 0.00655145 0.0626771
1.876 0.0497578 0.0066174 0.0629926
1.872 0.0499422 0.00668458 0.0633114
1.868 0.0501275 0.00675302 0.0636335
1.864 0.0503137 0.00682275 0.0639592
1.86 0.0505008 0.00689374 0.0642883
1.856 0.0506888 0.00696605 0.0646209
1.852 0.0508776 0.00703967 0.064957
1.848 0.0510674 0.0071146 0.0652966
1.844 0.0512581 0.00719089 0.0656399
1.84 0.0514498 0.00726852 0.0659868
1.836 0.0516423 0.00734752 0.0663374
1.832 0.0518358 0.0074279 0.0666916
1.828 0.0520302 0.00750966 0.0670495
1.824 0.0522256 0.00759286 0.0674113
1.82 0.0524218 0.00767744 0.0677767
1.816 0.052619 0.00776349 0.068146
1.812 0.0528171 0.00785101 0.0685191
1.808 0.0530161 0.00793994 0.068896
1.804 0.053216 0.00803037 0.0692768
1.8 0.0534169 0.00812229 0.0696615
1.796 0.0536187 0.00821577 0.0700502
1.792 0.0538214 0.0083107 0.0704428
1.788 0.0540251 0.00840718 0.0708394
1.784 0.0542297 0.00850527 0.0712402
1.78 0.0544352 0.00860487 0.0716449
1.776 0.0546416 0.00870601 0.0720536
1.772 0.054849 0.00880887 0.0724668
1.768 0.0550573 0.00891328 0.0728839
1.764 0.0552666 0.00901924 0.0733051
1.76 0.0554769 0.00912673 0.0737304
1.756 0.055688 0.00923593 0.0741599
1.752 0.0559001 0.00934717 0.0745945
1.748 0.0561131 0.00945957 0.0750323
1.744 0.0563271 0.0095738 0.0754747
1.74 0.0565421 0.00968973 0.0759216
1.736 0.056758 0.00980736 0.0763727
1.732 0.0569749 0.00992687 0.0768287
1.728 0.0571928 0.0100478 0.0772885
1.724 0.0574116 0.0101708 0.0777532
1.72 0.0576314 0.0102955 0.0782224
1.716 0.0578521 0.0104219 0.0786959
1.712 0.0580737 0.0105501 0.0791739
1.708 0.0582963 0.0106799 0.0796561
1.704 0.0585199 0.0108117 0.0801434
1.7 0.0587445 0.0109456 0.0806357
1.696 0.05897 0.011081 0.081132
1.692 0.0591964 0.0112184 0.0816333
1.688 0.0594238 0.0113574 0.0821386
1.684 0.0596522 0.0114985 0.0826492
1.68 0.0598815 0.0116414 0.0831643
1.676 0.0601118 0.0117866 0.0836849
1.672 0.060343 0.0119332 0.0842095
1.668 0.0605752 0.012082 0.0847393
1.664 0.0608084 0.0122327 0.0852738
1.66 0.0610425 0.0123853 0.0858131
1.656 0.0612775 0.01254 0.0863575
1.652 0.0615136 0.0126964 0.0869065
1.648 0.0617505 0.0128552 0.0874609
1.644 0.0619885 0.0130158 0.08802
1.64 0.0622274 0.0131781 0.0885837
1.636 0.0624674 0.013343 0.0891533
1.632 0.0627082 0.0135096 0.0897274
1.628 0.06295 0.0136782 0.0903065
1.624 0.0631928 0.0138489 0.0908906
1.62 0.0634365 0.0140208 0.091478
1.616 0.0636811 0.0141961 0.0920733
1.612 0.0639268 0.0143732 0.0926732
1.608 0.0641734 0.0145519 0.0932773
1.604 0.064421 0.0147338 0.0938885
1.6 0.0646695 0.0149171 0.0945038
1.596 0.0649189 0.0151026 0.0951241
1.592 0.0651693 0.0152899 0.0957492
1.588 0.0654206 0.0154797 0.0963801
1.584 0.0656729 0.0156717 0.0970164
1.58 0.0659262 0.0158644 0.0976549
1.576 0.0661804 0.0160612 0.0983028
1.572 0.0664356 0.0162603 0.0989562
1.568 0.0666917 0.0164616 0.099615
1.564 0.0669487 0.0166646 0.100278
1.56 0.0672067 0.0168693 0.100945
1.556 0.0674656 0.0170773 0.10162
1.552 0.0677254 0.0172868 0.102299
1.548 0.0679862 0.0174988 0.102984
1.544 0.068248 0.0177128 0.103674
1.54 0.0685107 0.0179293 0.104369
1.536 0.0687743 0.018148 0.10507
1.532 0.0690388 0.0183691 0.105777
1.528 0.0693043 0.0185919 0.106488
1.524 0.0695707 0.0188178 0.107206
1.52 0.069838 0.0190458 0.10793
1.516 0.0701063 0.0192759 0.108658
1.512 0.0703754 0.0195084 0.109392
1.508 0.0706455 0.0197434 0.110132
1.504 0.0709164 0.0199806 0.110878
1.5 0.0711883 0.0202202 0.111629
1.496 0.0714611 0.0204621 0.112385
1.492 0.0717348 0.0207065 0.113148
1.488 0.0720094 0.0209532 0.113916
1.484 0.0722849 0.021202 0.114689
1.48 0.0725614 0.0214534 0.115468
1.476 0.0728387 0.0217074 0.116253
1.472 0.0731168 0.0219635 0.117044
1.468 0.0733958 0.0222221 0.11784
1.464 0.0736758 0.0224833 0.118642
1.46 0.0739567 0.0227467 0.11945
1.456 0.0742385 0.0230125 0.120263
1.452 0.0745212 0.0232806 0.121082
1.448 0.0748047 0.0235518 0.121908
1.444 0.075089 0.0238249 0.122739
1.44 0.0753742 0.0241005 0.123575
1.436 0.0756603 0.0243786 0.124418
1.432 0.0759473 0.0246592 0.125266
1.428 0.0762351 0.0249421 0.126119
1.424 0.0765238 0.0252275 0.126979
1.42 0.0768133 0.0255155 0.127844
1.416 0.0771037 0.025806 0.128716
1.412 0.0773949 0.0260986 0.129592
1.408 0.0776869 0.0263939 0.130475
1.404 0.0779797 0.026692 0.131364
1.4 0.0782734 0.0269919 0.132257
1.396 0.078568 0.027295 0.133158
1.392 0.0788634 0.0276002 0.134064
1.388 0.0791595 0.0279081 0.134976
1.384 0.0794564 0.0282179 0.135892
1.38 0.0797542 0.0285306 0.136815
1.376 0.0800527 0.0288458 0.137744
1.372 0.0803521 0.0291635 0.138679
1.368 0.0806523 0.0294838 0.13962
1.364 0.0809532 0.0298064 0.140566
1.36 0.0812549 0.0301317 0.141518
1.356 0.0815574 0.0304598 0.142477
1.352 0.0818607 0.03079 0.143441
1.348 0.0821647 0.0311224 0.144409
1.344 0.0824694 0.031458 0.145385
1.34 0.082775 0.0317959 0.146367
1.336 0.0830813 0.0321361 0.147354
1.332 0.0833884 0.0324786 0.148346
1.328 0.0836962 0.0328237 0.149344
1.324 0.0840047 0.0331715 0.150348
1.32 0.084314 0.0335218 0.151357
1.316 0.0846239 0.0338746 0.152373
1.312 0.0849346 0.0342296 0.153394
1.308 0.085246 0.0345877 0.154421
1.304 0.0855581 0.0349477 0.155454
1.3 0.0858709 0.0353105 0.156492
1.296 0.0861844 0.0356752 0.157535
1.292 0.0864985 0.0360431 0.158585
1.288 0.0868133 0.0364133 0.15964
1.284 0.0871288 0.0367858 0.1607
1.28 0.087445 0.0371608 0.161767
1.276 0.0877618 0.0375384 0.162839
1.272 0.0880794 0.0379186 0.163917
1.268 0.0883976 0.0383009 0.164999
1.264 0.0887163 0.0386857 0.166088
1.26 0.0890357 0.0390731 0.167182
1.256 0.0893557 0.0394629 0.168282
1.252 0.0896764 0.0398553 0.169387
1.248 0.0899977 0.04025 0.170498
1.244 0.0903196 0.0406472 0.171614
1.24 0.0906421 0.0410468 0.172736
1.236 0.0909652 0.0414488 0.173863
1.232 0.0912888 0.0418529 0.174995
1.228 0.091613 0.0422597 0.176132
1.224 0.0919377 0.0426689 0.177275
1.22 0.0922631 0.043081 0.178425
1.216 0.092589 0.0434949 0.179579
1.212 0.0929155 0.0439112 0.180738
1.208 0.0932425 0.04433 0.181902
1.204 0.09357 0.0447511 0.183072
1.2 0.093898 0.0451746 0.184247
1.196 0.0942265 0.0456001 0.185427
1.192 0.0945555 0.0460285 0.186613
1.188 0.0948851 0.046459 0.187803
1.184 0.0952152 0.046892 0.188999
1.18 0.0955457 0.0473267 0.190199
1.176 0.0958767 0.0477641 0.191405
1.172 0.0962081 0.0482041 0.192616
1.168 0.09654 0.0486461 0.193832
1.164 0.0968723 0.0490901 0.195053
1.16 0.0972051 0.0495362 0.196278
1.156 0.0975384 0.049985 0.197508
1.152 0.0978721 0.0504361 0.198744
1.148 0.0982062 0.0508892 0.199985
1.144 0.0985407 0.0513452 0.201231
1.14 0.0988755 0.0518027 0.202481
1.136 0.0992107 0.0522627 0.203736
1.132 0.0995464 0.0527243 0.204995
1.128 0.0998824 0.0531886 0.20626
1.124 0.100219 0.0536547 0.207528
1.12 0.100556 0.0541236 0.208803
1.116 0.100893 0.054594 0.210081
1.112 0.10123 0.055067 0.211364
1.108 0.101568 0.0555422 0.212652
1.104 0.101906 0.0560191 0.213944
1.1 0.102244 0.056498 0.21524
1.096 0.102583 0.0569791 0.216541
1.092 0.102922 0.0574622 0.217846
1.088 0.103261 0.0579473 0.219155
1.084 0.1036 0.0584347 0.22047
1.08 0.10394 0.0589236 0.221787
1.076 0.10428 0.0594148 0.223109
1.072 0.10462 0.0599078 0.224436
1.068 0.10496 0.0604029 0.225766
1.064 0.105301 0.0609001 0.227101
1.06 0.105642 0.0613978 0.228438
1.056 0.105983 0.0618987 0.22978
1.052 0.106324 0.0624018 0.231128
1.048 0.106665 0.0629063 0.232478
1.044 0.107007 0.063414 0.233835
1.04 0.107349 0.0639223 0.235193
1.036 0.10769 0.0644326 0.236556
1.032 0.108033 0.0649435 0.23792
1.028 0.108375 0.0654582 0.239291
1.024 0.108717 0.0659732 0.240663
1.02 0.109059 0.0664907 0.24204
1.016 0.109401 0.0670096 0.243421
1.012 0.109744 0.0675294 0.244803
1.008 0.110086 0.0680518 0.24619
1.004 0.110429 0.0685759 0.247581
1 0.110772 0.0691018 0.248975
0.996 0.111115 0.0696293 0.250373
0.992 0.111457 0.0701582 0.251774
0.988 0.1118 0.0706887 0.253177
0.984 0.112142 0.0712208 0.254584
0.98 0.112485 0.0717545 0.255994
0.976 0.112828 0.0722894 0.257407
0.972 0.113171 0.0728265 0.258823
0.968 0.113513 0.0733647 0.260243
0.964 0.113856 0.073904 0.261664
0.96 0.114198 0.0744459 0.26309
0.956 0.114541 0.0749884 0.264517
0.952 0.114883 0.0755326 0.265948
0.948 0.115225 0.0760776 0.26738
0.944 0.115567 0.0766243 0.268816
0.94 0.115909 0.0771723 0.270254
0.936 0.116251 0.0777208 0.271693
0.932 0.116593 0.0782722 0.273137
0.928 0.116934 0.0788232 0.274581
0.924 0.117275 0.0793757 0.276027
0.92 0.117617 0.0799309 0.277478
0.916 0.117958 0.0804865 0.278931
0.912 0.118298 0.0810433 0.280385
0.908 0.118639 0.0816012 0.281841
0.904 0.118979 0.0821603 0.2833
0.9 0.11932 0.0827205 0.284761
0.896 0.119659 0.0832819 0.286223
0.892 0.119999 0.0838442 0.287687
0.888 0.120338 0.084408 0.289154
0.884 0.120677 0.0849723 0.290622
0.88 0.121016 0.0855377 0.292091
0.876 0.121354 0.086104 0.293562
0.872 0.121693 0.0866711 0.295035
0.868 0.12203 0.0872394 0.296509
0.864 0.122367 0.0878085 0.297984
0.86 0.122704 0.0883792 0.299463
0.856 0.123041 0.0889489 0.300939
0.852 0.123377 0.0895204 0.302418
0.848 0.123713 0.0900927 0.303899
0.844 0.124049 0.0906657 0.30538
0.84 0.124384 0.0912394 0.306863
0.836 0.124718 0.091813 0.308344
0.832 0.125052 0.0923882 0.309829
0.828 0.125386 0.0929639 0.311314
0.824 0.125719 0.0935406 0.3128
0.82 0.126052 0.0941185 0.314289
0.816 0.126384 0.0946963 0.315777
0.812 0.126716 0.0952728 0.317262
0.808 0.127047 0.0958515 0.31875
0.804 0.127378 0.0964324 0.320242
0.8 0.127708 0.0970132 0.321734
0.796 0.128037 0.0975919 0.323221
0.792 0.128366 0.0981724 0.324711
0.788 0.128695 0.0987533 0.326201
0.784 0.129023 0.0993339 0.32769
0.78 0.12935 0.0999165 0.329183
0.776 0.129676 0.100498 0.330671
0.772 0.130002 0.10108 0.332162
0.768 0.130327 0.101663 0.333653
0.764 0.130651 0.102246 0.335143
0.76 0.130976 0.102829 0.336633
0.756 0.131299 0.103412 0.338123
0.752 0.131622 0.103997 0.339615
0.748 0.131943 0.104577 0.341098
0.744 0.132264 0.105161 0.342585
0.74 0.132584 0.105744 0.344073
0.736 0.132904 0.106328 0.345559
0.732 0.133223 0.106912 0.347046
0.728 0.133541 0.107496 0.348532
0.724 0.133859 0.108079 0.350017
0.72 0.134175 0.108662 0.351499
0.716 0.134491 0.109245 0.352981
0.712 0.134805 0.10983 0.354465
0.708 0.135119 0.110411 0.355941
0.704 0.135432 0.110994 0.357421
0.7 0.135744 0.111577 0.358898
0.696 0.136056 0.112159 0.360373
0.692 0.136367 0.112741 0.361849
0.688 0.136676 0.113324 0.363324
0.684 0.136985 0.113906 0.364797
0.68 0.137292 0.114485 0.366263
0.676 0.137599 0.115066 0.367731
0.672 0.137905 0.115647 0.369198
0.668 0.13821 0.116228 0.370666
0.664 0.138514 0.116809 0.372133
0.66 0.138817 0.117389 0.373594
0.656 0.139119 0.117967 0.375053
0.652 0.139419 0.118545 0.37651
0.648 0.139719 0.119123 0.377965
0.644 0.140018 0.119699 0.379415
0.64 0.140316 0.120275 0.380866
0.636 0.140613 0.12085 0.382313
0.632 0.140909 0.121425 0.383759
0.628 0.141203 0.122 0.385202
0.624 0.141496 0.122572 0.38664
0.62 0.141788 0.123145 0.388078
0.616 0.142079 0.123719 0.389516
0.612 0.14237 0.12429 0.39095
0.608 0.142659 0.124861 0.39238
0.604 0.142947 0.12543 0.393807
0.6 0.143234 0.125999 0.395232
0.596 0.143519 0.126567 0.396654
0.592 0.143803 0.127135 0.398072
0.588 0.144085 0.127702 0.39949
0.584 0.144367 0.128269 0.400905
0.58 0.144648 0.128835 0.402318
0.576 0.144927 0.129399 0.403726
0.572 0.145206 0.129961 0.405127
0.568 0.145483 0.130523 0.406528
0.564 0.145758 0.131083 0.407925
0.56 0.146032 0.13164 0.409312
0.556 0.146304 0.132199 0.410701
0.552 0.146576 0.132756 0.412087
0.548 0.146847 0.133312 0.41347
0.544 0.147116 0.133867 0.41485
0.54 0.147384 0.134421 0.416226
0.536 0.147651 0.134974 0.417598
0.532 0.147915 0.135526 0.418966
0.528 0.148178 0.136076 0.42033
0.524 0.14844 0.136625 0.421691
0.52 0.148701 0.137174 0.423048
0.516 0.148961 0.137721 0.424402
0.512 0.149219 0.13827 0.42576
0.508 0.149476 0.138814 0.427104
0.504 0.149731 0.139358 0.428447
0.5 0.149984 0.139898 0.42978
0.496 0.150235 0.140441 0.431117
0.492 0.150486 0.14098 0.432447
0.488 0.150735 0.141518 0.433772
0.484 0.150984 0.142055 0.435093
0.48 0.151231 0.142591 0.436414
0.476 0.151476 0.143124 0.437724
0.472 0.151718 0.143659 0.439035
0.468 0.151959 0.144191 0.44034
0.464 0.152199 0.144721 0.44164
0.46 0.152437 0.14525 0.442936
0.456 0.152675 0.145777 0.444229
0.452 0.152911 0.146303 0.445517
0.448 0.153145 0.146828 0.446801
0.444 0.153377 0.147349 0.448076
0.44 0.153607 0.147871 0.44935
0.436 0.153835 0.148392 0.450619
0.432 0.154062 0.148912 0.451885
0.428 0.154288 0.14943 0.453149
0.424 0.154513 0.149947 0.454408
0.42 0.154737 0.150463 0.455663
0.416 0.154958 0.150977 0.456912
0.412 0.155177 0.151489 0.458155
0.408 0.155393 0.152001 0.459395
0.404 0.155608 0.15251 0.460629
0.4 0.155822 0.15302 0.461862
0.396 0.156036 0.153528 0.463092
0.392 0.156248 0.154035 0.464318
0.388 0.156458 0.154541 0.465541
0.384 0.156666 0.155046 0.466758
0.38 0.156871 0.15555 0.467971
0.376 0.157073 0.156053 0.469179
0.372 0.157275 0.156557 0.470389
0.368 0.157476 0.157056 0.471589
0.364 0.157677 0.157559 0.472794
0.36 0.157876 0.158058 0.473992
0.356 0.158072 0.158557 0.475186
0.352 0.158265 0.159054 0.476372
0.348 0.158455 0.159551 0.477556
0.344 0.158644 0.160047 0.478738
0.34 0.158832 0.160543 0.479918
0.336 0.15902 0.161039 0.481098
0.332 0.159208 0.161534 0.482276
0.328 0.159393 0.162029 0.483451
0.324 0.159575 0.162524 0.484622
0.32 0.159753 0.163018 0.485789
0.316 0.159929 0.163513 0.486954
0.312 0.160104 0.164008 0.488119
0.308 0.160279 0.164502 0.489284
0.304 0.160455 0.164998 0.490451
0.3 0.16063 0.165493 0.491617
0.296 0.160801 0.16599 0.49278
0.292 0.160968 0.166487 0.493942
0.288 0.161131 0.166985 0.495101
0.284 0.161291 0.167484 0.49626
0.28 0.161453 0.167985 0.497423
0.276 0.161617 0.168486 0.49859
0.272 0.161781 0.16899 0.499761
0.268 0.161943 0.169495 0.500933
0.264 0.1621 0.170002 0.502104
0.26 0.162252 0.170511 0.503274
0.256 0.1624 0.171023 0.504447
0.252 0.162548 0.171538 0.505625
0.248 0.162699 0.172057 0.506812
0.244 0.162852 0.172578 0.508009
0.24 0.163005 0.173104 0.509213
0.236 0.163155 0.173633 0.51042
0.232 0.163298 0.174167 0.511633
0.228 0.163435 0.174706 0.512848
0.224 0.163569 0.175251 0.514072
0.22 0.163707 0.175802 0.51531
0.216 0.16385 0.176359 0.516567
0.212 0.163996 0.176923 0.517842
0.208 0.164142 0.177494 0.51913
0.204 0.164282 0.178072 0.520427
0.2 0.164413 0.178661 0.521734
0.196 0.164536 0.179258 0.523053
0.192 0.16466 0.179867 0.524394
0.188 0.164792 0.180487 0.525767
0.184 0.164935 0.18112 0.527174
0.18 0.165083 0.181765 0.528614
0.176 0.165228 0.182425 0.530079
0.172 0.165361 0.183101 0.531562
0.168 0.165481 0.183794 0.533068
0.164 0.165595 0.184505 0.534605
0.16 0.165718 0.185237 0.536192
0.156 0.165859 0.185991 0.537841
0.152 0.166018 0.186769 0.539556
0.148 0.166184 0.187572 0.541329
0.144 0.166339 0.188404 0.543146
0.14 0.166473 0.189266 0.545005
0.136 0.16659 0.190163 0.546916
0.132 0.166709 0.191098 0.548905
0.128 0.166855 0.192075 0.551006
0.124 0.167043 0.193098 0.553239
0.12 0.167264 0.194169 0.555602
0.116 0.167491 0.195294 0.558078
0.112 0.167691 0.196478 0.560648
0.108 0.167852 0.197731 0.563314
0.104 0.167992 0.199062 0.566116
0.1 0.168162 0.20048 0.569122
0.096 0.168416 0.201994 0.572405
0.092 0.168775 0.203614 0.576003
0.088 0.16921 0.20535 0.579909
0.084 0.169643 0.207216 0.584075
0.08 0.170005 0.209235 0.588476
0.076 0.170284 0.211437 0.593159
0.072 0.170564 0.213855 0.598274
0.068 0.171009 0.216523 0.604054
0.064 0.171784 0.219473 0.610729
0.06 0.172952 0.222737 0.618426
0.056 0.174399 0.226358 0.627115
0.052 0.175868 0.230407 0.636682
0.048 0.177113 0.235001 0.647116
0.044 0.178154 0.240314 0.658782
0.04 0.179518 0.24656 0.672638
0.036 0.182342 0.253959 0.69026
0.032 0.188219 0.262665 0.713548
0.028 0.198768 0.272684 0.744136
0.024 0.215021 0.283798 0.782617
0.02 0.23682 0.295517 0.827853
0.016 0.262472 0.30709 0.876651
0.012 0.288841 0.317578 0.923997
0.008 0.31191 0.325989 0.963888
0.004 0.327711 0.331443 0.990597
0 0.333334 0.333334 1
