10000 3.4426e+22 1.27691e+29 1.11261e+29 0.871331 1.16738e+29 8.60236e-30 0.871331 0.292885 0.2552 4.59452 0.06 36484.6 2 2
8317.64 3.4426e+22 8.83408e+28 7.69883e+28 0.871492 8.07725e+28 1.24326e-29 0.871492 0.292885 0.255247 4.59452 0.06 30346.6 2 2
6918.31 3.4426e+22 6.11169e+28 5.32788e+28 0.871752 5.58915e+28 1.79668e-29 0.871752 0.292886 0.255324 4.59452 0.06 25241.2 2 2
5754.4 3.4426e+22 4.22826e+28 3.68703e+28 0.871997 3.86744e+28 2.59649e-29 0.871997 0.292886 0.255396 4.59452 0.06 20994.7 2 2
4786.3 3.4426e+22 2.92524e+28 2.55171e+28 0.872307 2.67622e+28 3.75214e-29 0.872307 0.292886 0.255486 4.59452 0.06 17462.7 2 2
3981.07 3.4426e+22 2.02377e+28 1.76617e+28 0.872709 1.85204e+28 5.42174e-29 0.872709 0.292886 0.255604 4.59452 0.06 14524.8 2 2
3311.31 3.4426e+22 1.40011e+28 1.22249e+28 0.873136 1.2817e+28 7.83412e-29 0.873136 0.292887 0.25573 4.59452 0.06 12081.2 2 2
2754.23 3.4426e+22 9.68642e+27 8.46256e+27 0.873652 8.87052e+27 1.13191e-28 0.873652 0.292887 0.255881 4.59452 0.06 10048.7 2 2
2290.87 3.4426e+22 6.70139e+27 5.859e+27 0.874296 6.13979e+27 1.63526e-28 0.874296 0.292888 0.256071 4.59452 0.06 8358.15 2 2
1905.46 3.4426e+22 4.63624e+27 4.05691e+27 0.875043 4.25002e+27 2.36226e-28 0.875043 0.292889 0.25629 4.59452 0.06 6952.01 2 2
1584.89 3.4426e+22 3.20751e+27 2.80956e+27 0.87593 2.94221e+27 3.41208e-28 0.87593 0.29289 0.256551 4.59452 0.06 5782.43 2 2
1318.26 3.4426e+22 2.21907e+27 1.94613e+27 0.877 2.03711e+27 4.92773e-28 0.877 0.292893 0.256867 4.59452 0.06 4809.61 2 2
1096.48 3.4426e+22 1.53524e+27 1.34833e+27 0.878253 1.41063e+27 7.1156e-28 0.878253 0.292896 0.257237 4.59452 0.06 4000.46 2 2
912.011 3.4426e+22 1.06214e+27 9.34432e+26 0.87976 9.77003e+26 1.02728e-27 0.87976 0.2929 0.257682 4.59452 0.06 3327.44 2 2
758.578 3.4426e+22 7.34841e+26 6.47806e+26 0.881559 6.76817e+26 1.48273e-27 0.881559 0.292907 0.258215 4.59452 0.06 2767.64 2 2
630.957 3.4426e+22 5.08402e+26 4.49278e+26 0.883707 4.68986e+26 2.13951e-27 0.883707 0.292917 0.258852 4.59452 0.06 2302.03 2 2
524.807 3.4426e+22 3.51745e+26 3.11742e+26 0.886272 3.25076e+26 3.08618e-27 0.886272 0.29293 0.259616 4.59452 0.06 1914.74 2 2
436.516 3.4426e+22 2.43364e+26 2.16433e+26 0.889338 2.2541e+26 4.44993e-27 0.889338 0.29295 0.260532 4.59452 0.06 1592.61 2 2
363.078 3.4426e+22 1.68383e+26 1.50365e+26 0.89299 1.56371e+26 6.41328e-27 0.89299 0.292978 0.261627 4.59452 0.06 1324.68 2 2
301.995 3.4426e+22 1.16509e+26 1.04548e+26 0.897333 1.08535e+26 9.23767e-27 0.897333 0.29302 0.262937 4.59452 0.06 1101.82 2 2
251.189 3.4426e+22 8.06211e+25 7.27597e+25 0.90249 7.53802e+25 1.32971e-26 0.90249 0.293079 0.264501 4.59452 0.06 916.453 2 2
208.93 3.4426e+22 5.57924e+25 5.06929e+25 0.908598 5.23927e+25 1.91256e-26 0.908598 0.293165 0.266369 4.59452 0.06 762.272 2 2
173.78 3.4426e+22 3.86152e+25 3.53638e+25 0.915799 3.64476e+25 2.74839e-26 0.915799 0.293289 0.268593 4.59452 0.06 634.031 2 2
144.544 3.4426e+22 2.67315e+25 2.47067e+25 0.924257 2.53816e+25 3.94529e-26 0.924257 0.293467 0.271239 4.59452 0.06 527.364 2 2
120.226 3.4426e+22 1.85099e+25 1.72906e+25 0.934131 1.76971e+25 5.65649e-26 0.934131 0.293724 0.274377 4.59452 0.06 438.642 2 2
100 3.4426e+22 1.28219e+25 1.2124e+25 0.945573 1.23566e+25 8.09845e-26 0.945573 0.294095 0.278089 4.59452 0.06 364.846 2 2
83.1764 3.4426e+22 8.88668e+24 8.51973e+24 0.958708 8.64205e+24 1.15759e-25 0.958708 0.29463 0.282464 4.59452 0.06 303.466 2 2
69.1831 3.4426e+22 6.16409e+24 6.00132e+24 0.973593 6.05558e+24 1.65163e-25 0.973593 0.295397 0.287596 4.59452 0.06 252.412 2 2
57.544 3.4426e+22 4.28038e+24 4.23836e+24 0.990185 4.25237e+24 2.35168e-25 0.990185 0.296496 0.293586 4.59452 0.06 209.947 2 2
47.863 3.4426e+22 2.97694e+24 3.00156e+24 1.00827 2.99336e+24 3.34078e-25 1.00827 0.298063 0.300527 4.59452 0.06 174.627 2 2
39.8107 3.4426e+22 2.07485e+24 2.13169e+24 1.02739 2.11275e+24 4.73394e-25 1.02739 0.300278 0.308504 4.59452 0.06 145.248 2 2
33.1131 3.4426e+22 1.45025e+24 1.51814e+24 1.04681 1.49551e+24 6.68978e-25 1.04681 0.303375 0.317577 4.59452 0.06 120.812 2 2
27.5423 3.4426e+22 1.01739e+24 1.084e+24 1.06548 1.0618e+24 9.4264e-25 1.06548 0.307626 0.327769 4.59452 0.06 100.487 2 2
22.9087 3.4426e+22 7.16903e+23 7.75761e+23 1.0821 7.56141e+23 1.32433e-24 1.0821 0.313326 0.339051 4.59452 0.06 83.5815 2 2
19.0546 3.4426e+22 5.07735e+23 5.56137e+23 1.09533 5.40003e+23 1.85526e-24 1.09533 0.320755 0.351333 4.59452 0.06 69.5201 2 2
15.8489 3.4426e+22 3.61537e+23 3.99129e+23 1.10398 3.86598e+23 2.59229e-24 1.10398 0.330133 0.36446 4.59452 0.06 57.8243 2 2
13.1826 3.4426e+22 2.58797e+23 2.86552e+23 1.10725 2.773e+23 3.61452e-24 1.10725 0.341583 0.378217 4.59452 0.06 48.0961 2 2
10.9648 3.4426e+22 1.86131e+23 2.05646e+23 1.10485 1.99141e+23 5.03267e-24 1.10485 0.355103 0.392335 4.59452 0.06 40.0046 2 2
9.12011 3.4426e+22 1.34377e+23 1.47415e+23 1.09702 1.43069e+23 7.00297e-24 1.09702 0.370563 0.406516 4.59452 0.06 33.2744 2 2
7.58578 3.4426e+22 9.72683e+22 1.05481e+23 1.08444 1.02744e+23 9.74718e-24 1.08444 0.387711 0.420448 4.59452 0.06 27.6764 2 2
6.30957 3.4426e+22 7.05011e+22 7.52972e+22 1.06803 7.36985e+22 1.35819e-23 1.06803 0.406193 0.433826 4.59452 0.06 23.0203 2 2
5.24807 3.4426e+22 5.11028e+22 5.35998e+22 1.04886 5.27675e+22 1.89607e-23 1.04886 0.42558 0.446375 4.59452 0.06 19.1474 2 2
4.36516 3.4426e+22 3.70003e+22 3.80365e+22 1.028 3.76911e+22 2.6536e-23 1.028 0.445392 0.457865 4.59452 0.06 15.9261 2 2
3.63078 3.4426e+22 2.67322e+22 2.69044e+22 1.00644 2.6847e+22 3.72485e-23 1.00644 0.465126 0.468123 4.59452 0.06 13.2468 2 2
3.01995 3.4426e+22 1.92554e+22 1.8968e+22 0.985074 1.90638e+22 5.2458e-23 0.985074 0.484273 0.477045 4.59452 0.06 11.0182 2 2
2.51189 3.4426e+22 1.38186e+22 1.33305e+22 0.964674 1.34932e+22 7.41328e-23 0.964674 0.502344 0.484598 4.59452 0.06 9.16453 2 2
2.0893 3.4426e+22 9.87608e+21 9.34081e+21 0.945801 9.51923e+21 1.05123e-22 0.945801 0.518945 0.490819 4.59452 0.06 7.62272 2 2
1.7378 3.4426e+22 7.02667e+21 6.52777e+21 0.928999 6.69407e+21 1.49566e-22 0.928999 0.533686 0.495794 4.59452 0.06 6.34031 2 2
1.44544 3.4426e+22 4.97552e+21 4.55132e+21 0.914744 4.69272e+21 2.13472e-22 0.914744 0.546229 0.49966 4.59452 0.06 5.27364 2 2
1.20226 3.4426e+22 3.50652e+21 3.16717e+21 0.903224 3.28029e+21 3.05554e-22 0.903224 0.556433 0.502584 4.59452 0.06 4.38642 2 2
1 3.4426e+22 2.46068e+21 2.20057e+21 0.894295 2.28727e+21 4.38415e-22 0.894295 0.564406 0.504746 4.59452 0.06 3.64846 2 2
