10000 5.42269e+22 2.13774e+29 1.8208e+29 0.851738 1.92645e+29 5.22067e-30 0.851738 0.283086 0.241115 5.14743 0.06 48712.7 2 2
8317.64 5.42269e+22 1.47896e+29 1.25992e+29 0.851896 1.33293e+29 7.54519e-30 0.851896 0.283086 0.24116 5.14743 0.06 40517.5 2 2
6918.31 5.42269e+22 1.02319e+29 8.71804e+28 0.852046 9.22265e+28 1.09048e-29 0.852046 0.283086 0.241202 5.14743 0.06 33701 2 2
5754.4 5.42269e+22 7.07874e+28 6.03339e+28 0.852326 6.38184e+28 1.57586e-29 0.852326 0.283086 0.241282 5.14743 0.06 28031.2 2 2
4786.3 5.42269e+22 4.89729e+28 4.1755e+28 0.852615 4.4161e+28 2.27726e-29 0.852615 0.283087 0.241364 5.14743 0.06 23315.4 2 2
3981.07 5.42269e+22 3.3881e+28 2.88967e+28 0.852889 3.05582e+28 3.2909e-29 0.852889 0.283087 0.241441 5.14743 0.06 19392.9 2 2
3311.31 5.42269e+22 2.344e+28 2.00022e+28 0.853338 2.11481e+28 4.75504e-29 0.853338 0.283087 0.241569 5.14743 0.06 16130.3 2 2
2754.23 5.42269e+22 1.62165e+28 1.38459e+28 0.853812 1.46361e+28 6.87044e-29 0.853812 0.283087 0.241703 5.14743 0.06 13416.6 2 2
2290.87 5.42269e+22 1.12191e+28 9.58504e+27 0.854349 1.01297e+28 9.9264e-29 0.854349 0.283088 0.241856 5.14743 0.06 11159.4 2 2
1905.46 5.42269e+22 7.76175e+27 6.63662e+27 0.855041 7.01166e+27 1.43398e-28 0.855041 0.283089 0.242053 5.14743 0.06 9282.01 2 2
1584.89 5.42269e+22 5.36984e+27 4.59581e+27 0.855856 4.85382e+27 2.07135e-28 0.855856 0.28309 0.242284 5.14743 0.06 7720.44 2 2
1318.26 5.42269e+22 3.71505e+27 3.18306e+27 0.856803 3.36039e+27 2.99167e-28 0.856803 0.283092 0.242554 5.14743 0.06 6421.58 2 2
1096.48 5.42269e+22 2.57021e+27 2.2051e+27 0.857947 2.3268e+27 4.3202e-28 0.857947 0.283094 0.24288 5.14743 0.06 5341.24 2 2
912.011 5.42269e+22 1.77817e+27 1.52796e+27 0.85929 1.61137e+27 6.23769e-28 0.85929 0.283098 0.243263 5.14743 0.06 4442.65 2 2
758.578 5.42269e+22 1.23022e+27 1.0591e+27 0.860906 1.11614e+27 9.00419e-28 0.860906 0.283103 0.243725 5.14743 0.06 3695.24 2 2
630.957 5.42269e+22 8.51125e+26 7.34378e+26 0.862832 7.73294e+26 1.29944e-27 0.862832 0.283111 0.244277 5.14743 0.06 3073.56 2 2
524.807 5.42269e+22 5.88857e+26 5.09442e+26 0.865137 5.35914e+26 1.87469e-27 0.865137 0.283122 0.244939 5.14743 0.06 2556.48 2 2
436.516 5.42269e+22 4.07412e+26 3.53589e+26 0.867892 3.7153e+26 2.7036e-27 0.867892 0.283137 0.245732 5.14743 0.06 2126.39 2 2
363.078 5.42269e+22 2.81882e+26 2.45569e+26 0.871178 2.57674e+26 3.89731e-27 0.871178 0.283159 0.246682 5.14743 0.06 1768.65 2 2
301.995 5.42269e+22 1.95037e+26 1.70675e+26 0.875093 1.78796e+26 5.61513e-27 0.875093 0.283191 0.247818 5.14743 0.06 1471.1 2 2
251.189 5.42269e+22 1.34955e+26 1.18726e+26 0.879743 1.24136e+26 8.08512e-27 0.879743 0.283239 0.249178 5.14743 0.06 1223.61 2 2
208.93 5.42269e+22 9.33881e+25 8.26732e+25 0.885264 8.62448e+25 1.16332e-26 0.885264 0.283305 0.2508 5.14743 0.06 1017.75 2 2
173.78 5.42269e+22 6.46309e+25 5.7637e+25 0.891787 5.99683e+25 1.67241e-26 0.891787 0.283402 0.252734 5.14743 0.06 846.53 2 2
144.544 5.42269e+22 4.47357e+25 4.02385e+25 0.899472 4.17376e+25 2.4019e-26 0.899472 0.283542 0.255038 5.14743 0.06 704.113 2 2
120.226 5.42269e+22 3.09716e+25 2.81369e+25 0.908473 2.90818e+25 3.44563e-26 0.908473 0.283744 0.257774 5.14743 0.06 585.655 2 2
100 5.42269e+22 2.14491e+25 1.97108e+25 0.918956 2.02902e+25 4.93631e-26 0.918956 0.284035 0.261016 5.14743 0.06 487.127 2 2
83.1764 5.42269e+22 1.48611e+25 1.38366e+25 0.931063 1.41781e+25 7.06115e-26 0.931063 0.284454 0.264845 5.14743 0.06 405.175 2 2
69.1831 5.42269e+22 1.03031e+25 9.73537e+24 0.944894 9.92463e+24 1.00831e-25 0.944894 0.285058 0.269349 5.14743 0.06 337.01 2 2
57.544 5.42269e+22 7.14968e+24 6.86709e+24 0.960474 6.96129e+24 1.43704e-25 0.960474 0.285923 0.274622 5.14743 0.06 280.312 2 2
47.863 5.42269e+22 4.9678e+24 4.85702e+24 0.9777 4.89394e+24 2.04357e-25 0.9777 0.287162 0.280758 5.14743 0.06 233.154 2 2
39.8107 5.42269e+22 3.45795e+24 3.44505e+24 0.996268 3.44935e+24 2.89911e-25 0.996268 0.288923 0.287845 5.14743 0.06 193.929 2 2
33.1131 5.42269e+22 2.41287e+24 2.45053e+24 1.01561 2.43798e+24 4.10198e-25 1.01561 0.291404 0.295954 5.14743 0.06 161.303 2 2
27.5423 5.42269e+22 1.68904e+24 1.74791e+24 1.03485 1.72829e+24 5.78759e-25 1.03485 0.294852 0.305128 5.14743 0.06 134.166 2 2
22.9087 5.42269e+22 1.18714e+24 1.24984e+24 1.05281 1.22894e+24 8.1419e-25 1.05281 0.299547 0.315367 5.14743 0.06 111.594 2 2
19.0546 5.42269e+22 8.3839e+23 8.95522e+23 1.06814 8.76478e+23 1.14203e-24 1.06814 0.30578 0.326617 5.14743 0.06 92.8201 2 2
15.8489 5.42269e+22 5.95255e+23 6.42582e+23 1.07951 6.26806e+23 1.59746e-24 1.07951 0.313809 0.33876 5.14743 0.06 77.2044 2 2
13.1826 5.42269e+22 4.2495e+23 4.61425e+23 1.08583 4.49267e+23 2.22921e-24 1.08583 0.323818 0.351612 5.14743 0.06 64.2158 2 2
10.9648 5.42269e+22 3.04943e+23 3.31325e+23 1.08651 3.22531e+23 3.10522e-24 1.08651 0.335879 0.364937 5.14743 0.06 53.4124 2 2
9.12011 5.42269e+22 2.19798e+23 2.3771e+23 1.08149 2.31739e+23 4.32108e-24 1.08149 0.349934 0.378452 5.14743 0.06 44.4265 2 2
7.58578 5.42269e+22 1.58956e+23 1.70279e+23 1.07123 1.66505e+23 6.01215e-24 1.07123 0.365798 0.391854 5.14743 0.06 36.9524 2 2
6.30957 5.42269e+22 1.15192e+23 1.21708e+23 1.05657 1.19536e+23 8.37129e-24 1.05657 0.383166 0.40484 5.14743 0.06 30.7356 2 2
5.24807 5.42269e+22 8.35366e+22 8.67567e+22 1.03855 8.56833e+22 1.16746e-23 1.03855 0.401643 0.417125 5.14743 0.06 25.5648 2 2
4.36516 5.42269e+22 6.05452e+22 6.16528e+22 1.01829 6.12836e+22 1.63188e-23 1.01829 0.420768 0.428466 5.14743 0.06 21.2639 2 2
3.63078 5.42269e+22 4.38056e+22 4.36695e+22 0.996892 4.37148e+22 2.28756e-23 0.996892 0.440041 0.438673 5.14743 0.06 17.6865 2 2
3.01995 5.42269e+22 3.16091e+22 3.08283e+22 0.975299 3.10886e+22 3.21706e-23 0.975299 0.45896 0.447624 5.14743 0.06 14.711 2 2
2.51189 5.42269e+22 2.27288e+22 2.16921e+22 0.954388 2.20376e+22 4.53989e-23 0.954388 0.477023 0.455265 5.14743 0.06 12.2361 2 2
2.0893 5.42269e+22 1.62773e+22 1.52165e+22 0.934829 1.55701e+22 6.42904e-23 0.934829 0.493795 0.461614 5.14743 0.06 10.1775 2 2
1.7378 5.42269e+22 1.16063e+22 1.06443e+22 0.917117 1.0965e+22 9.13514e-23 0.917117 0.508927 0.466746 5.14743 0.06 8.4653 2 2
1.44544 5.42269e+22 8.23723e+21 7.4277e+21 0.901723 7.69754e+21 1.30221e-22 0.901723 0.522088 0.470779 5.14743 0.06 7.04113 2 2
1.20226 5.42269e+22 5.81845e+21 5.17239e+21 0.888963 5.38774e+21 1.86178e-22 0.888963 0.533053 0.473865 5.14743 0.06 5.85655 2 2
1 5.42269e+22 4.0915e+21 3.59582e+21 0.878852 3.76104e+21 2.6687e-22 0.878852 0.541808 0.476169 5.14743 0.06 4.87127 2 2
