1 379.153 377.409 1.54807 1.54807 0.155282 0.155282 0.0847175 0.0774968 0 1.54807 0 
0.995 375.877 375.512 1.54501 1.54501 0.155826 0.155826 0.0846629 0.0773128 0 1.54501 0 
0.99 372.607 373.612 1.54193 1.54193 0.156376 0.156376 0.0846078 0.0771281 0 1.54193 0 
0.985 369.344 371.71 1.53885 1.53885 0.156931 0.156931 0.0845521 0.0769427 0 1.53885 0 
0.98 366.088 369.805 1.53575 1.53575 0.157491 0.157491 0.084496 0.0767566 0 1.53575 0 
0.975 362.838 367.898 1.53265 1.53265 0.158056 0.158056 0.0844392 0.0765699 0 1.53265 0 
0.97 359.594 365.989 1.52953 1.52953 0.158627 0.158627 0.084382 0.0763823 0 1.52953 0 
0.965 356.358 364.076 1.52641 1.52641 0.159204 0.159204 0.0843242 0.0761941 0 1.52641 0 
0.96 353.128 362.162 1.52328 1.52328 0.159786 0.159786 0.0842658 0.0760051 0 1.52328 0 
0.955 349.905 360.245 1.52014 1.52014 0.160374 0.160374 0.0842068 0.0758154 0 1.52014 0 
0.95 346.689 358.325 1.51699 1.51699 0.160968 0.160968 0.0841472 0.075625 0 1.51699 0 
0.945 343.48 356.403 1.51383 1.51383 0.161568 0.161568 0.0840871 0.0754338 0 1.51383 0 
0.94 340.277 354.479 1.51066 1.51066 0.162174 0.162174 0.0840263 0.0752418 0 1.51066 0 
0.935 337.082 352.552 1.50748 1.50748 0.162786 0.162786 0.0839649 0.0750491 0 1.50748 0 
0.93 333.894 350.623 1.50429 1.50429 0.163404 0.163404 0.0839029 0.0748556 0 1.50429 0 
0.925 330.713 348.692 1.50109 1.50109 0.164029 0.164029 0.0838403 0.0746613 0 1.50109 0 
0.92 327.538 346.758 1.49788 1.49788 0.16466 0.16466 0.083777 0.0744662 0 1.49788 0 
0.915 324.372 344.822 1.49466 1.49466 0.165297 0.165297 0.083713 0.0742704 0 1.49466 0 
0.91 321.212 342.884 1.49143 1.49143 0.165942 0.165942 0.0836484 0.0740737 0 1.49143 0 
0.905 318.06 340.943 1.48819 1.48819 0.166593 0.166593 0.0835831 0.0738762 0 1.48819 0 
0.9 314.915 339 1.48494 1.48494 0.167251 0.167251 0.0835171 0.0736779 0 1.48494 0 
0.895 311.777 337.055 1.48168 1.48168 0.167916 0.167916 0.0834504 0.0734788 0 1.48168 0 
0.89 308.647 335.108 1.47841 1.47841 0.168588 0.168588 0.083383 0.0732788 0 1.47841 0 
0.885 305.524 333.159 1.47513 1.47513 0.169268 0.169268 0.0833148 0.073078 0 1.47513 0 
0.88 302.409 331.207 1.47183 1.47183 0.169955 0.169955 0.083246 0.0728763 0 1.47183 0 
0.875 299.302 329.254 1.46853 1.46853 0.170649 0.170649 0.0831763 0.0726738 0 1.46853 0 
0.87 296.202 327.298 1.46522 1.46522 0.171351 0.171351 0.0831059 0.0724704 0 1.46522 0 
0.865 293.11 325.34 1.4619 1.4619 0.172061 0.172061 0.0830347 0.0722662 0 1.4619 0 
0.86 290.026 323.381 1.45857 1.45857 0.172779 0.172779 0.0829627 0.072061 0 1.45857 0 
0.855 286.95 321.419 1.45522 1.45522 0.173505 0.173505 0.0828899 0.071855 0 1.45522 0 
0.85 283.881 319.455 1.45187 1.45187 0.174239 0.174239 0.0828162 0.071648 0 1.45187 0 
0.845 280.821 317.49 1.4485 1.4485 0.174982 0.174982 0.0827418 0.0714401 0 1.4485 0 
0.84 277.769 315.522 1.44513 1.44513 0.175733 0.175733 0.0826664 0.0712313 0 1.44513 0 
0.835 274.724 313.553 1.44174 1.44174 0.176493 0.176493 0.0825902 0.0710216 0 1.44174 0 
0.83 271.689 311.582 1.43835 1.43835 0.177262 0.177262 0.0825131 0.0708109 0 1.43835 0 
0.825 268.661 309.609 1.43494 1.43494 0.17804 0.17804 0.0824351 0.0705993 0 1.43494 0 
0.82 265.642 307.635 1.43152 1.43152 0.178827 0.178827 0.0823562 0.0703867 0 1.43152 0 
0.815 262.631 305.659 1.42809 1.42809 0.179623 0.179623 0.0822763 0.0701731 0 1.42809 0 
0.81 259.629 303.681 1.42465 1.42465 0.180429 0.180429 0.0821954 0.0699586 0 1.42465 0 
0.805 256.635 301.702 1.4212 1.4212 0.181245 0.181245 0.0821136 0.069743 0 1.4212 0 
0.8 253.65 299.721 1.41773 1.41773 0.182071 0.182071 0.0820308 0.0695265 0 1.41773 0 
0.795 250.674 297.738 1.41426 1.41426 0.182907 0.182907 0.081947 0.0693089 0 1.41426 0 
0.79 247.706 295.755 1.41078 1.41078 0.183753 0.183753 0.0818621 0.0690903 0 1.41078 0 
0.785 244.748 293.769 1.40728 1.40728 0.18461 0.18461 0.0817762 0.0688707 0 1.40728 0 
0.78 241.798 291.783 1.40377 1.40377 0.185477 0.185477 0.0816892 0.06865 0 1.40377 0 
0.775 238.858 289.795 1.40026 1.40026 0.186356 0.186356 0.0816011 0.0684282 0 1.40026 0 
0.77 235.927 287.806 1.39673 1.39673 0.187245 0.187245 0.0815118 0.0682054 0 1.39673 0 
0.765 233.005 285.816 1.39319 1.39319 0.188147 0.188147 0.0814215 0.0679815 0 1.39319 0 
0.76 230.092 283.825 1.38963 1.38963 0.189059 0.189059 0.0813299 0.0677565 0 1.38963 0 
0.755 227.189 281.832 1.38607 1.38607 0.189984 0.189984 0.0812372 0.0675303 0 1.38607 0 
0.75 224.296 279.839 1.3825 1.3825 0.190921 0.190921 0.0811432 0.0673031 0 1.3825 0 
0.745 221.412 277.845 1.37891 1.37891 0.19187 0.19187 0.081048 0.0670747 0 1.37891 0 
0.74 218.538 275.85 1.37531 1.37531 0.192832 0.192832 0.0809515 0.0668451 0 1.37531 0 
0.735 215.673 273.854 1.37171 1.37171 0.193807 0.193807 0.0808538 0.0666144 0 1.37171 0 
0.73 212.819 271.858 1.36809 1.36809 0.194795 0.194795 0.0807547 0.0663825 0 1.36809 0 
0.725 209.975 269.861 1.36445 1.36445 0.195797 0.195797 0.0806542 0.0661494 0 1.36445 0 
0.72 207.141 267.863 1.36081 1.36081 0.196812 0.196812 0.0805524 0.0659151 0 1.36081 0 
0.715 204.317 265.865 1.35716 1.35716 0.197842 0.197842 0.0804491 0.0656796 0 1.35716 0 
0.71 201.504 263.866 1.35349 1.35349 0.198886 0.198886 0.0803444 0.0654429 0 1.35349 0 
0.705 198.702 261.868 1.34982 1.34982 0.199945 0.199945 0.0802382 0.0652048 0 1.34982 0 
0.7 195.91 259.869 1.34613 1.34613 0.201018 0.201018 0.0801305 0.0649656 0 1.34613 0 
0.695 193.128 257.869 1.34243 1.34243 0.202107 0.202107 0.0800213 0.064725 0 1.34243 0 
0.69 190.358 255.87 1.33872 1.33872 0.203212 0.203212 0.0799105 0.0644831 0 1.33872 0 
0.685 187.599 253.871 1.335 1.335 0.204333 0.204333 0.0797981 0.06424 0 1.335 0 
0.68 184.851 251.872 1.33127 1.33127 0.205471 0.205471 0.079684 0.0639955 0 1.33127 0 
0.675 182.114 249.874 1.32753 1.32753 0.206625 0.206625 0.0795682 0.0637496 0 1.32753 0 
0.67 179.389 247.875 1.32377 1.32377 0.207797 0.207797 0.0794507 0.0635024 0 1.32377 0 
0.665 176.676 245.877 1.32001 1.32001 0.208986 0.208986 0.0793314 0.0632538 0 1.32001 0 
0.66 173.974 243.88 1.31623 1.31623 0.210194 0.210194 0.0792104 0.0630038 0 1.31623 0 
0.655 171.284 241.884 1.31244 1.31244 0.211419 0.211419 0.0790874 0.0627523 0 1.31244 0 
0.65 168.606 239.888 1.30864 1.30864 0.212664 0.212664 0.0789626 0.0624994 0 1.30864 0 
0.645 165.941 237.893 1.30484 1.30484 0.213929 0.213929 0.0788358 0.0622451 0 1.30484 0 
0.64 163.287 235.899 1.30102 1.30102 0.215213 0.215213 0.078707 0.0619893 0 1.30102 0 
0.635 160.647 233.906 1.29719 1.29719 0.216517 0.216517 0.0785762 0.061732 0 1.29719 0 
0.63 158.019 231.915 1.29335 1.29335 0.217843 0.217843 0.0784432 0.0614732 0 1.29335 0 
0.625 155.404 229.925 1.2895 1.2895 0.219189 0.219189 0.0783082 0.0612128 0 1.2895 0 
0.62 152.802 227.937 1.28564 1.28564 0.220558 0.220558 0.0781709 0.0609509 0 1.28564 0 
0.615 150.214 225.95 1.28177 1.28177 0.221949 0.221949 0.0780314 0.0606874 0 1.28177 0 
0.61 147.639 223.965 1.27789 1.27789 0.223363 0.223363 0.0778896 0.0604223 0 1.27789 0 
0.605 145.077 221.982 1.274 1.274 0.224801 0.224801 0.0777454 0.0601555 0 1.274 0 
0.6 142.53 220.002 1.2701 1.2701 0.226263 0.226263 0.0775987 0.0598871 0 1.2701 0 
0.595 139.996 218.023 1.26619 1.26619 0.22775 0.22775 0.0774496 0.0596171 0 1.26619 0 
0.59 137.477 216.047 1.26227 1.26227 0.229262 0.229262 0.0772979 0.0593453 0 1.26227 0 
0.585 134.973 214.074 1.25835 1.25835 0.230801 0.230801 0.0771436 0.0590718 0 1.25835 0 
0.58 132.483 212.103 1.25441 1.25441 0.232366 0.232366 0.0769866 0.0587966 0 1.25441 0 
0.575 130.008 210.136 1.25047 1.25047 0.233959 0.233959 0.0768269 0.0585196 0 1.25047 0 
0.57 127.548 208.171 1.24652 1.24652 0.23558 0.23558 0.0766643 0.0582409 0 1.24652 0 
0.565 125.104 206.21 1.24256 1.24256 0.237231 0.237231 0.0764988 0.0579602 0 1.24256 0 
0.56 122.675 204.252 1.23859 1.23859 0.238911 0.238911 0.0763303 0.0576778 0 1.23859 0 
0.555 120.262 202.298 1.23462 1.23462 0.240622 0.240622 0.0761587 0.0573934 0 1.23462 0 
0.55 117.865 200.348 1.23064 1.23064 0.242364 0.242364 0.075984 0.0571072 0 1.23064 0 
0.545 115.485 198.402 1.22666 1.22666 0.244138 0.244138 0.075806 0.056819 0 1.22666 0 
0.54 113.122 196.46 1.22266 1.22266 0.245946 0.245946 0.0756247 0.0565289 0 1.22266 0 
0.535 110.775 194.523 1.21867 1.21867 0.247788 0.247788 0.07544 0.0562367 0 1.21867 0 
0.53 108.446 192.59 1.21466 1.21466 0.249665 0.249665 0.0752517 0.0559425 0 1.21466 0 
0.525 106.134 190.662 1.21066 1.21066 0.251578 0.251578 0.0750598 0.0556463 0 1.21066 0 
0.52 103.84 188.739 1.20665 1.20665 0.253529 0.253529 0.0748642 0.055348 0 1.20665 0 
0.515 101.564 186.822 1.20263 1.20263 0.255517 0.255517 0.0746648 0.0550475 0 1.20263 0 
0.51 99.3069 184.91 1.19861 1.19861 0.257545 0.257545 0.0744615 0.0547449 0 1.19861 0 
0.505 97.0684 183.004 1.19459 1.19459 0.259613 0.259613 0.0742541 0.0544401 0 1.19459 0 
0.5 94.8489 181.104 1.19057 1.19057 0.261722 0.261722 0.0740425 0.0541331 0 1.19057 0 
0.495 92.6489 179.21 1.18655 1.18655 0.263874 0.263874 0.0738267 0.0538238 0 1.18655 0 
0.49 90.4686 177.323 1.18252 1.18252 0.26607 0.26607 0.0736064 0.0535122 0 1.18252 0 
0.485 88.3085 175.442 1.1785 1.1785 0.268312 0.268312 0.0733816 0.0531982 0 1.1785 0 
0.48 86.1688 173.569 1.17448 1.17448 0.2706 0.2706 0.0731522 0.0528819 0 1.17448 0 
0.475 84.0499 171.702 1.17046 1.17046 0.272935 0.272935 0.0729179 0.0525632 0 1.17046 0 
0.47 81.9523 169.844 1.16644 1.16644 0.27532 0.27532 0.0726788 0.0522419 0 1.16644 0 
0.465 79.8762 167.993 1.16243 1.16243 0.277756 0.277756 0.0724345 0.0519182 0 1.16243 0 
0.46 77.822 166.15 1.15842 1.15842 0.280243 0.280243 0.072185 0.0515919 0 1.15842 0 
0.455 75.7902 164.315 1.15441 1.15441 0.282785 0.282785 0.0719301 0.0512631 0 1.15441 0 
0.45 73.7811 162.489 1.15042 1.15042 0.285382 0.285382 0.0716697 0.0509316 0 1.15042 0 
0.445 71.7951 160.671 1.14643 1.14643 0.288035 0.288035 0.0714036 0.0505974 0 1.14643 0 
0.44 69.8327 158.863 1.14245 1.14245 0.290747 0.290747 0.0711316 0.0502604 0 1.14245 0 
0.435 67.8941 157.065 1.13848 1.13848 0.29352 0.29352 0.0708535 0.0499207 0 1.13848 0 
0.43 65.98 155.275 1.13452 1.13452 0.296354 0.296354 0.0705692 0.0495782 0 1.13452 0 
0.425 64.0906 153.496 1.13057 1.13057 0.299253 0.299253 0.0702786 0.0492327 0 1.13057 0 
0.42 62.2264 151.727 1.12664 1.12664 0.302217 0.302217 0.0699813 0.0488843 0 1.12664 0 
0.415 60.3877 149.969 1.12272 1.12272 0.305248 0.305248 0.0696772 0.048533 0 1.12272 0 
0.41 58.5752 148.221 1.11882 1.11882 0.308349 0.308349 0.0693662 0.0481785 0 1.11882 0 
0.405 56.7891 146.484 1.11493 1.11493 0.311522 0.311522 0.069048 0.047821 0 1.11493 0 
0.4 55.0298 144.759 1.11107 1.11107 0.314769 0.314769 0.0687224 0.0474603 0 1.11107 0 
0.395 53.2979 143.045 1.10723 1.10723 0.318091 0.318091 0.0683892 0.0470963 0 1.10723 0 
0.39 51.5937 141.343 1.10341 1.10341 0.321491 0.321491 0.0680483 0.0467291 0 1.10341 0 
0.385 49.9176 139.653 1.09961 1.09961 0.324971 0.324971 0.0676992 0.0463585 0 1.09961 0 
0.38 48.2701 137.975 1.09584 1.09584 0.328533 0.328533 0.067342 0.0459845 0 1.09584 0 
0.375 46.6516 136.31 1.0921 1.0921 0.33218 0.33218 0.0669762 0.045607 0 1.0921 0 
0.37 45.0624 134.658 1.08839 1.08839 0.335914 0.335914 0.0666018 0.0452259 0 1.08839 0 
0.365 43.503 133.019 1.08471 1.08471 0.339737 0.339737 0.0662184 0.0448412 0 1.08471 0 
0.36 41.9736 131.393 1.08107 1.08107 0.343651 0.343651 0.0658258 0.0444528 0 1.08107 0 
0.355 40.4748 129.78 1.07746 1.07746 0.34766 0.34766 0.0654238 0.0440606 0 1.07746 0 
0.35 39.0067 128.181 1.07389 1.07389 0.351765 0.351765 0.0650121 0.0436646 0 1.07389 0 
0.345 37.5698 126.596 1.07036 1.07036 0.355968 0.355968 0.0645905 0.0432646 0 1.07036 0 
0.34 36.1644 125.025 1.06687 1.06687 0.360273 0.360273 0.0641588 0.0428606 0 1.06687 0 
0.335 34.7906 123.468 1.06342 1.06342 0.364682 0.364682 0.0637166 0.0424525 0 1.06342 0 
0.33 33.4489 121.925 1.06002 1.06002 0.369196 0.369196 0.0632638 0.0420402 0 1.06002 0 
0.325 32.1393 120.396 1.05667 1.05667 0.37382 0.37382 0.0628001 0.0416236 0 1.05667 0 
0.32 30.8622 118.882 1.05337 1.05337 0.378554 0.378554 0.0623253 0.0412026 0 1.05337 0 
0.315 29.6176 117.382 1.05013 1.05013 0.383402 0.383402 0.0618391 0.0407772 0 1.05013 0 
0.31 28.4057 115.897 1.04693 1.04693 0.388367 0.388367 0.0613412 0.0403472 0 1.04693 0 
0.305 27.2266 114.426 1.0438 1.0438 0.393449 0.393449 0.0608315 0.0399125 0 1.0438 0 
0.3 26.0804 112.97 1.04072 1.04072 0.398653 0.398653 0.0603096 0.0394731 0 1.04072 0 
0.295 24.967 111.528 1.0377 1.0377 0.403979 0.403979 0.0597755 0.0390288 0 1.0377 0 
0.29 23.8865 110.101 1.03474 1.03474 0.409431 0.409431 0.0592287 0.0385795 0 1.03474 0 
0.285 22.8387 108.688 1.03185 1.03185 0.41501 0.41501 0.0586691 0.0381252 0 1.03185 0 
0.28 21.8236 107.289 1.02903 1.02903 0.42072 0.42072 0.0580965 0.0376656 0 1.02903 0 
0.275 20.8409 105.905 1.02627 1.02627 0.426561 0.426561 0.0575107 0.0372007 0 1.02627 0 
0.27 19.8905 104.533 1.02358 1.02358 0.432536 0.432536 0.0569114 0.0367303 0 1.02358 0 
0.265 18.972 103.176 1.02097 1.02097 0.438648 0.438648 0.0562985 0.0362544 0 1.02097 0 
0.26 18.0852 101.832 1.01842 1.01842 0.444897 0.444897 0.0556718 0.0357728 0 1.01842 0 
0.255 17.2298 100.501 1.01595 1.01595 0.451286 0.451286 0.055031 0.0352854 0 1.01595 0 
0.25 16.4052 99.1819 1.01355 1.01355 0.457816 0.457816 0.0543761 0.034792 0 1.01355 0 
0.245 15.6111 97.8755 1.01123 1.01123 0.46449 0.46449 0.0537068 0.0342925 0 1.01123 0 
0.24 14.8469 96.581 1.00898 1.00898 0.471308 0.471308 0.053023 0.0337868 0 1.00898 0 
0.235 14.1121 95.2978 1.00682 1.00682 0.478272 0.478272 0.0523245 0.0332748 0 1.00682 0 
0.23 13.4061 94.0254 1.00472 1.00472 0.485384 0.485384 0.0516112 0.0327562 0 1.00472 0 
0.225 12.7283 92.7634 1.00271 1.00271 0.492645 0.492645 0.050883 0.0322309 0 1.00271 0 
0.22 12.078 91.511 1.00077 1.00077 0.500057 0.500057 0.0501398 0.0316989 0 1.00077 0 
0.215 11.4544 90.2677 0.998912 0.998912 0.507619 0.507619 0.0493813 0.0311598 0 0.998912 0 
0.21 10.857 89.0328 0.99713 0.99713 0.515334 0.515334 0.0486075 0.0306137 0 0.99713 0 
0.205 10.2848 87.8056 0.995426 0.995426 0.523203 0.523203 0.0478184 0.0300603 0 0.995426 0 
0.2 9.73722 86.5852 0.993798 0.993798 0.531227 0.531227 0.0470137 0.0294994 0 0.993798 0 
0.195 9.21337 85.371 0.992246 0.992246 0.539406 0.539406 0.0461934 0.0289309 0 0.992246 0 
0.19 8.71246 84.162 0.990771 0.990771 0.547741 0.547741 0.0453574 0.0283547 0 0.990771 0 
0.185 8.23369 82.9572 0.98937 0.98937 0.556235 0.556235 0.0445056 0.0277706 0 0.98937 0 
0.18 7.77622 81.7559 0.988043 0.988043 0.564886 0.564886 0.0436379 0.0271783 0 0.988043 0 
0.175 7.33926 80.5568 0.986789 0.986789 0.573697 0.573697 0.0427542 0.0265778 0 0.986789 0 
0.17 6.92198 79.359 0.985606 0.985606 0.582669 0.582669 0.0418545 0.025969 0 0.985606 0 
0.165 6.52358 78.1613 0.984495 0.984495 0.591802 0.591802 0.0409386 0.0253515 0 0.984495 0 
0.16 6.14329 76.9624 0.983454 0.983454 0.601097 0.601097 0.0400063 0.0247253 0 0.983454 0 
0.155 5.78032 75.7611 0.982481 0.982481 0.610556 0.610556 0.0390577 0.0240903 0 0.982481 0 
0.15 5.43394 74.556 0.981576 0.981576 0.620179 0.620179 0.0380926 0.0234462 0 0.981576 0 
0.145 5.10343 73.3456 0.980738 0.980738 0.629968 0.629968 0.0371108 0.022793 0 0.980738 0 
0.14 4.78807 72.1282 0.979966 0.979966 0.639925 0.639925 0.0361123 0.0221305 0 0.979966 0 
0.135 4.48725 70.902 0.979259 0.979259 0.65005 0.65005 0.0350968 0.0214586 0 0.979259 0 
0.13 4.20029 69.6653 0.978616 0.978616 0.660346 0.660346 0.0340642 0.0207772 0 0.978616 0 
0.125 3.9266 68.4159 0.978037 0.978037 0.670814 0.670814 0.0330144 0.0200861 0 0.978037 0 
0.12 3.66562 67.1514 0.977521 0.977521 0.681456 0.681456 0.0319471 0.0193854 0 0.977521 0 
0.115 3.41684 65.8694 0.97707 0.97707 0.692275 0.692275 0.030862 0.018675 0 0.97707 0 
0.11 3.17974 64.5668 0.976682 0.976682 0.703272 0.703272 0.0297591 0.0179547 0 0.976682 0 
0.105 2.95386 63.2403 0.976358 0.976358 0.714451 0.714451 0.028638 0.0172247 0 0.976358 0 
0.1 2.73878 61.8862 0.976099 0.976099 0.725814 0.725814 0.0274983 0.0164849 0 0.976099 0 
0.095 2.53406 60.4999 0.975907 0.975907 0.737365 0.737365 0.0263399 0.0157354 0 0.975907 0 
0.09 2.33934 59.0765 0.975782 0.975782 0.749106 0.749106 0.0251623 0.0149762 0 0.975782 0 
0.085 2.15421 57.6097 0.975726 0.975726 0.761043 0.761043 0.0239652 0.0142074 0 0.975726 0 
0.08 1.97831 56.0922 0.975742 0.975742 0.773179 0.773179 0.0227481 0.0134292 0 0.975742 0 
0.075 1.81126 54.5153 0.97583 0.97583 0.785518 0.785518 0.0215106 0.0126419 0 0.97583 0 
0.07 1.65267 52.8682 0.975994 0.975994 0.798066 0.798066 0.0202521 0.0118455 0 0.975994 0 
0.065 1.50213 51.1376 0.976235 0.976235 0.810829 0.810829 0.0189721 0.0110404 0 0.976235 0 
0.06 1.35918 49.3066 0.976554 0.976554 0.823812 0.823812 0.0176701 0.010227 0 0.976554 0 
0.055 1.22332 47.354 0.976952 0.976952 0.837022 0.837022 0.0163452 0.00940559 0 0.976952 0 
0.05 1.09399 45.2521 0.977426 0.977426 0.850466 0.850466 0.0149969 0.00857661 0 0.977426 0 
0.045 0.970565 42.964 0.977973 0.977973 0.864152 0.864152 0.0136243 0.00774055 0 0.977973 0 
0.04 0.85231 40.4399 0.978581 0.978581 0.878089 0.878089 0.0122265 0.00689794 0 0.978581 0 
0.035 0.738437 37.6093 0.979233 0.979233 0.892287 0.892287 0.0108026 0.00604936 0 0.979233 0 
0.03 0.628027 34.3705 0.979894 0.979894 0.906756 0.906756 0.00935152 0.00519545 0 0.979894 0 
0.025 0.520115 30.5663 0.980504 0.980504 0.921507 0.921507 0.00787208 0.00433687 0 0.980504 0 
0.02 0.413701 25.9376 0.980951 0.980951 0.936554 0.936554 0.00636302 0.00347434 0 0.980951 0 
0.015 0.307866 20.0092 0.981004 0.981004 0.951911 0.951911 0.00482293 0.0026086 0 0.981004 0 
0.01 0.202014 11.7518 0.980121 0.980121 0.967592 0.967592 0.00325027 0.00174043 0 0.980121 0 
0.005 0.096943 -1.99069 0.976522 0.976522 0.983615 0.983615 0.00164325 0.000870625 0 0.976522 0 
