2 0.04447 0.00507697 0.054624
1.996 0.044628 0.00511252 0.0548531
1.992 0.0447867 0.00514839 0.0550835
1.988 0.0449464 0.00518548 0.0553173
1.984 0.0451068 0.00522336 0.0555535
1.98 0.0452681 0.00526201 0.0557921
1.976 0.04543 0.00530154 0.0560331
1.972 0.0455929 0.00534201 0.0562769
1.968 0.0457566 0.00538334 0.0565233
1.964 0.0459212 0.00542562 0.0567724
1.96 0.0460866 0.00546887 0.0570243
1.956 0.0462528 0.00551296 0.0572787
1.952 0.0464198 0.00555815 0.0575361
1.948 0.0465877 0.00560419 0.0577961
1.944 0.0467565 0.00565127 0.058059
1.94 0.0469259 0.00569958 0.0583251
1.936 0.0470964 0.00574874 0.0585939
1.932 0.0472676 0.00579868 0.058865
1.928 0.0474399 0.00584991 0.0591397
1.924 0.0476128 0.00590226 0.0594173
1.92 0.0477867 0.00595569 0.059698
1.916 0.0479614 0.00601003 0.0599814
1.912 0.048137 0.00606561 0.0602682
1.908 0.0483134 0.00612233 0.0605581
1.904 0.0484908 0.00618008 0.0608509
1.9 0.048669 0.00623899 0.061147
1.896 0.0488481 0.00629901 0.0614461
1.892 0.0490281 0.00636026 0.0617486
1.888 0.0492089 0.00642265 0.0620542
1.884 0.0493906 0.00648622 0.0623631
1.88 0.0495733 0.00655102 0.0626753
1.876 0.0497568 0.00661704 0.0629908
1.872 0.0499412 0.00668428 0.0633098
1.868 0.0501265 0.00675277 0.0636321
1.864 0.0503128 0.00682253 0.0639578
1.86 0.0504999 0.00689354 0.064287
1.856 0.0506878 0.00696586 0.0646195
1.852 0.0508768 0.00703948 0.0649557
1.848 0.0510666 0.0071144 0.0652954
1.844 0.0512573 0.00719067 0.0656387
1.84 0.051449 0.00726827 0.0659855
1.836 0.0516415 0.00734724 0.066336
1.832 0.051835 0.00742754 0.0666901
1.828 0.0520294 0.00750925 0.0670478
1.824 0.0522247 0.00759237 0.0674094
1.82 0.0524209 0.00767684 0.0677745
1.816 0.052618 0.00776282 0.0681436
1.812 0.052816 0.00785019 0.0685164
1.808 0.053015 0.007939 0.068893
1.804 0.0532148 0.00802933 0.0692735
1.8 0.0534158 0.00812102 0.0696578
1.796 0.0536176 0.00821427 0.0700461
1.792 0.0538203 0.00830905 0.0704384
1.788 0.0540239 0.00840536 0.0708346
1.784 0.0542285 0.00850316 0.0712348
1.78 0.054434 0.00860232 0.0716386
1.776 0.0546405 0.00870333 0.0720471
1.772 0.0548479 0.00880591 0.0724597
1.768 0.0550562 0.00890999 0.0728762
1.764 0.0552655 0.00901576 0.0732971
1.76 0.0554757 0.00912296 0.0737216
1.756 0.0556869 0.00923172 0.0741503
1.752 0.055899 0.00934234 0.0745836
1.748 0.056112 0.00945447 0.075021
1.744 0.056326 0.00956847 0.075463
1.74 0.056541 0.0096839 0.0759088
1.736 0.0567569 0.0098013 0.0763595
1.732 0.0569738 0.00992005 0.0768139
1.728 0.0571916 0.0100407 0.077273
1.724 0.0574104 0.0101631 0.0777366
1.72 0.0576301 0.010287 0.0782041
1.716 0.0578508 0.0104131 0.0786769
1.712 0.0580725 0.0105405 0.0791535
1.708 0.0582951 0.0106699 0.0796349
1.704 0.0585187 0.0108008 0.0801202
1.7 0.0587432 0.010934 0.0806112
1.696 0.0589686 0.0110689 0.0811065
1.692 0.0591951 0.0112052 0.0816054
1.688 0.0594225 0.0113439 0.0821102
1.684 0.0596508 0.0114843 0.0826194
1.68 0.0598801 0.0116267 0.0831335
1.676 0.0601104 0.011771 0.0836523
1.672 0.0603416 0.0119164 0.0841743
1.668 0.0605737 0.0120643 0.0847023
1.664 0.0608069 0.0122141 0.0852351
1.66 0.061041 0.0123658 0.0857727
1.656 0.061276 0.0125195 0.086315
1.652 0.0615121 0.0126749 0.0868618
1.648 0.0617491 0.0128325 0.087414
1.644 0.061987 0.0129926 0.0879722
1.64 0.0622259 0.0131539 0.0885338
1.636 0.0624658 0.0133165 0.0890987
1.632 0.0627066 0.0134822 0.0896709
1.628 0.0629484 0.0136501 0.0902485
1.624 0.0631911 0.0138199 0.0908309
1.62 0.0634348 0.0139915 0.0914179
1.616 0.0636795 0.0141641 0.0920076
1.612 0.0639251 0.0143391 0.0926034
1.608 0.0641717 0.014518 0.0932076
1.604 0.0644192 0.0146981 0.0938155
1.6 0.0646677 0.0148803 0.0944284
1.596 0.0649171 0.0150634 0.095044
1.592 0.0651675 0.0152487 0.0956649
1.588 0.0654189 0.0154378 0.0962944
1.584 0.0656711 0.0156291 0.0969293
1.58 0.0659244 0.0158216 0.0975675
1.576 0.0661785 0.0160167 0.0982118
1.572 0.0664336 0.0162128 0.0988593
1.568 0.0666897 0.0164122 0.0995141
1.564 0.0669467 0.0166133 0.100173
1.56 0.0672047 0.0168121 0.100829
1.556 0.0674635 0.017021 0.101505
1.552 0.0677233 0.0172288 0.102181
1.548 0.0679841 0.0174399 0.102864
1.544 0.0682458 0.0176521 0.10355
1.54 0.0685085 0.0178657 0.10424
1.536 0.0687721 0.0180808 0.104934
1.532 0.0690366 0.0182996 0.105636
1.528 0.069302 0.0185206 0.106343
1.524 0.0695684 0.0187464 0.107061
1.52 0.0698356 0.018972 0.10778
1.516 0.0701039 0.0191984 0.108501
1.512 0.070373 0.0194268 0.109227
1.508 0.070643 0.0196614 0.109966
1.504 0.070914 0.0198958 0.110705
1.5 0.0711858 0.0201339 0.111454
1.496 0.0714586 0.0203746 0.112208
1.492 0.0717323 0.0206133 0.112959
1.488 0.0720069 0.02086 0.113727
1.484 0.0722823 0.0211054 0.114493
1.48 0.0725587 0.0213524 0.115263
1.476 0.072836 0.021605 0.116046
1.472 0.0731142 0.0218576 0.116829
1.468 0.0733932 0.0221129 0.117619
1.464 0.0736732 0.0223714 0.118416
1.46 0.073954 0.0226331 0.11922
1.456 0.0742358 0.0228936 0.120023
1.452 0.0745183 0.0231567 0.120832
1.448 0.0748018 0.0234294 0.121661
1.444 0.0750861 0.0236994 0.122485
1.44 0.0753713 0.0239716 0.123315
1.436 0.0756574 0.0242406 0.124139
1.432 0.0759443 0.0245238 0.124992
1.428 0.0762322 0.0248031 0.125838
1.424 0.0765208 0.0250853 0.126691
1.42 0.0768103 0.0253688 0.127548
1.416 0.0771006 0.025652 0.128405
1.412 0.0773918 0.0259443 0.12928
1.408 0.0776838 0.0262315 0.130147
1.404 0.0779766 0.0265288 0.131034
1.4 0.0782703 0.0268255 0.131921
1.396 0.0785647 0.0271243 0.132813
1.392 0.07886 0.0274247 0.133709
1.388 0.0791561 0.0277289 0.134614
1.384 0.079453 0.0280347 0.135522
1.38 0.0797508 0.0283429 0.136437
1.376 0.0800493 0.0286493 0.137348
1.372 0.0803486 0.0289674 0.138283
1.368 0.0806487 0.0292811 0.139211
1.364 0.0809496 0.0296011 0.140152
1.36 0.0812513 0.029918 0.141087
1.356 0.0815538 0.030245 0.142044
1.352 0.081857 0.0305619 0.142981
1.348 0.082161 0.0308984 0.143958
1.344 0.0824657 0.0312271 0.14492
1.34 0.0827712 0.0315618 0.145895
1.336 0.0830775 0.0318953 0.146868
1.332 0.0833845 0.032233 0.147851
1.328 0.0836922 0.0325746 0.148841
1.324 0.0840007 0.0329167 0.149834
1.32 0.0843099 0.0332481 0.150806
1.316 0.0846198 0.0336012 0.151822
1.312 0.0849304 0.0339478 0.152826
1.308 0.0852417 0.0343032 0.153848
1.304 0.0855538 0.0346649 0.154884
1.3 0.0858665 0.035024 0.155914
1.296 0.0861799 0.0353817 0.156943
1.292 0.0864941 0.0357445 0.157983
1.288 0.0868088 0.0361029 0.159015
1.284 0.0871243 0.0364745 0.160073
1.28 0.0874404 0.036838 0.161116
1.276 0.0877572 0.0372127 0.162183
1.272 0.0880747 0.0375781 0.163231
1.268 0.0883928 0.0379574 0.164307
1.264 0.0887115 0.0383325 0.165376
1.26 0.0890308 0.0387225 0.166476
1.256 0.0893508 0.039106 0.167563
1.252 0.0896714 0.0394911 0.168654
1.248 0.0899926 0.0398779 0.169748
1.244 0.0903144 0.0402696 0.170854
1.24 0.0906368 0.0406616 0.17196
1.236 0.0909598 0.0410438 0.173047
1.232 0.0912834 0.0414518 0.174187
1.228 0.0916076 0.0418516 0.175311
1.224 0.0919323 0.0422535 0.176439
1.22 0.0922575 0.0426513 0.17756
1.216 0.0925833 0.0430499 0.178683
1.212 0.0929097 0.0434683 0.179846
1.208 0.0932366 0.04388 0.180997
1.204 0.0935641 0.0442849 0.182134
1.2 0.093892 0.0447028 0.183298
1.196 0.0942205 0.0451224 0.184465
1.192 0.0945495 0.0455461 0.185642
1.188 0.0948789 0.045966 0.186811
1.184 0.0952089 0.0463893 0.187987
1.18 0.0955394 0.0468153 0.18917
1.176 0.0958703 0.0472425 0.190355
1.172 0.0962017 0.047677 0.191556
1.168 0.0965336 0.0481107 0.192755
1.164 0.0968658 0.0485452 0.193956
1.16 0.0971985 0.048983 0.195164
1.156 0.0975317 0.0494087 0.196349
1.152 0.0978652 0.0498543 0.197574
1.148 0.0981992 0.0503058 0.198811
1.144 0.0985336 0.0507378 0.200009
1.14 0.0988684 0.0511689 0.201206
1.136 0.0992035 0.0516349 0.202473
1.132 0.0995391 0.0520583 0.203656
1.128 0.099875 0.0525266 0.204928
1.124 0.100211 0.0529799 0.206171
1.12 0.100548 0.053461 0.20747
1.116 0.100885 0.0539103 0.208705
1.112 0.101222 0.0543896 0.210001
1.108 0.10156 0.0548484 0.211256
1.104 0.101898 0.0552902 0.212478
1.1 0.102236 0.055771 0.213778
1.096 0.102574 0.0562584 0.215091
1.092 0.102913 0.0567311 0.216375
1.088 0.103252 0.0571676 0.217587
1.084 0.103592 0.0576193 0.21883
1.08 0.103931 0.0581458 0.220223
1.076 0.104271 0.0586195 0.22151
1.072 0.104611 0.0590739 0.222759
1.068 0.104951 0.0595584 0.224068
1.064 0.105292 0.0600839 0.22546
1.06 0.105632 0.0605709 0.226774
1.056 0.105973 0.0610588 0.228091
1.052 0.106314 0.0615474 0.229409
1.048 0.106656 0.062028 0.230712
1.044 0.106997 0.0625339 0.232065
1.04 0.107339 0.0630269 0.233392
1.036 0.10768 0.0635178 0.234716
1.032 0.108022 0.0640245 0.236071
1.028 0.108364 0.0645116 0.237387
1.024 0.108706 0.0650214 0.238749
1.02 0.109048 0.0655259 0.2401
1.016 0.109391 0.0660311 0.241453
1.012 0.109733 0.0665365 0.242806
1.008 0.110075 0.0670452 0.244166
1.004 0.110418 0.0675534 0.245524
1 0.11076 0.0680649 0.24689
0.996 0.111103 0.0685767 0.248256
0.992 0.111445 0.0690902 0.249625
0.988 0.111788 0.069603 0.250994
0.984 0.11213 0.0700956 0.252322
0.98 0.112473 0.0706373 0.253747
0.976 0.112815 0.0711552 0.255126
0.972 0.113158 0.0716801 0.256518
0.968 0.1135 0.0722002 0.2579
0.964 0.113842 0.0727215 0.259285
0.96 0.114185 0.0732474 0.26068
0.956 0.114527 0.0737757 0.262078
0.952 0.114869 0.0742967 0.263462
0.948 0.115211 0.0748261 0.264863
0.944 0.115553 0.0753565 0.266266
0.94 0.115895 0.0758861 0.267667
0.936 0.116236 0.076417 0.269071
0.932 0.116578 0.0769525 0.270483
0.928 0.116919 0.0774851 0.271889
0.924 0.11726 0.0780177 0.273296
0.92 0.117601 0.0785524 0.274706
0.916 0.117942 0.0790875 0.276117
0.912 0.118283 0.0795767 0.277436
0.908 0.118623 0.080162 0.278947
0.904 0.118963 0.0807001 0.280363
0.9 0.119303 0.0812138 0.28173
0.896 0.119642 0.0817746 0.283192
0.892 0.119982 0.0822655 0.284513
0.888 0.120321 0.0828467 0.286014
0.884 0.12066 0.0833792 0.287418
0.88 0.120998 0.0839439 0.288886
0.876 0.121336 0.0844926 0.290322
0.872 0.121674 0.0850373 0.291749
0.868 0.122012 0.08557 0.293152
0.864 0.122349 0.0861377 0.294624
0.86 0.122686 0.0866864 0.296058
0.856 0.123022 0.0872365 0.297495
0.852 0.123358 0.08779 0.298938
0.848 0.123693 0.0883296 0.300353
0.844 0.124029 0.088889 0.301806
0.84 0.124363 0.0894385 0.30324
0.836 0.124698 0.0899917 0.304681
0.832 0.125031 0.0905254 0.306082
0.828 0.125365 0.0910833 0.307531
0.824 0.125698 0.0916367 0.308971
0.82 0.12603 0.0921844 0.310399
0.816 0.126362 0.0927568 0.311876
0.812 0.126693 0.0933063 0.313306
0.808 0.127024 0.0938587 0.314741
0.804 0.127355 0.0944126 0.31618
0.8 0.127684 0.0949684 0.317621
0.796 0.128013 0.0955213 0.319056
0.792 0.128342 0.096076 0.320494
0.788 0.12867 0.0966289 0.321928
0.784 0.128997 0.0971839 0.323365
0.78 0.129324 0.0977383 0.324801
0.776 0.12965 0.0982954 0.326241
0.772 0.129976 0.0988456 0.327667
0.768 0.1303 0.0993985 0.329098
0.764 0.130625 0.0999551 0.330535
0.76 0.130948 0.100508 0.331965
0.756 0.131271 0.10106 0.33339
0.752 0.131593 0.101611 0.334816
0.748 0.131915 0.102166 0.336248
0.744 0.132235 0.102721 0.337678
0.74 0.132555 0.103278 0.339112
0.736 0.132874 0.103827 0.340528
0.732 0.133193 0.104386 0.341966
0.728 0.13351 0.104936 0.343382
0.724 0.133827 0.105484 0.344796
0.72 0.134143 0.106036 0.346214
0.716 0.134458 0.106586 0.34763
0.712 0.134772 0.107137 0.349047
0.708 0.135086 0.107684 0.350454
0.704 0.135399 0.108239 0.351876
0.7 0.13571 0.108787 0.353284
0.696 0.136021 0.109329 0.35468
0.692 0.136331 0.109869 0.35607
0.688 0.13664 0.110414 0.357468
0.684 0.136948 0.110962 0.358873
0.68 0.137255 0.111511 0.360277
0.676 0.137562 0.112065 0.361692
0.672 0.137867 0.112596 0.363059
0.668 0.138171 0.113149 0.364469
0.664 0.138475 0.113696 0.365866
0.66 0.138777 0.114186 0.367149
0.656 0.139078 0.114729 0.368537
0.652 0.139378 0.115311 0.370001
0.648 0.139678 0.115851 0.371379
0.644 0.139976 0.116388 0.372752
0.64 0.140273 0.116924 0.37412
0.636 0.140569 0.117462 0.375493
0.632 0.140864 0.117992 0.376847
0.628 0.141158 0.118527 0.378212
0.624 0.14145 0.11906 0.37957
0.62 0.141742 0.119587 0.380916
0.616 0.142032 0.120116 0.382265
0.612 0.142322 0.120648 0.383618
0.608 0.14261 0.121176 0.384962
0.604 0.142897 0.121696 0.386289
0.6 0.143183 0.122225 0.387632
0.596 0.143467 0.122746 0.38896
0.592 0.143751 0.123262 0.390275
0.588 0.144033 0.123782 0.391596
0.584 0.144314 0.124296 0.392906
0.58 0.144593 0.124814 0.394221
0.576 0.144872 0.12533 0.395531
0.572 0.145149 0.125848 0.396844
0.568 0.145425 0.126359 0.398142
0.564 0.145699 0.126835 0.39937
0.56 0.145972 0.127371 0.400715
0.556 0.146244 0.127875 0.401994
0.552 0.146515 0.128387 0.403288
0.548 0.146784 0.12889 0.404565
0.544 0.147052 0.129388 0.405829
0.54 0.147318 0.129884 0.407087
0.536 0.147584 0.130382 0.408348
0.532 0.147847 0.130879 0.409605
0.528 0.14811 0.131375 0.410861
0.524 0.14837 0.131866 0.412103
0.52 0.14863 0.132354 0.413338
0.516 0.148888 0.132843 0.414574
0.512 0.149144 0.133327 0.415799
0.508 0.1494 0.13381 0.41702
0.504 0.149653 0.134284 0.41822
0.5 0.149906 0.134768 0.419441
0.496 0.150156 0.135248 0.420653
0.492 0.150405 0.13572 0.421846
0.488 0.150653 0.136197 0.423047
0.484 0.150899 0.136661 0.424221
0.48 0.151143 0.13713 0.425403
0.476 0.151387 0.137598 0.426582
0.472 0.151628 0.138061 0.42775
0.468 0.151868 0.13852 0.428909
0.464 0.152106 0.138981 0.430069
0.46 0.152343 0.139434 0.431211
0.456 0.152578 0.139888 0.432353
0.452 0.152811 0.140338 0.433487
0.448 0.153043 0.14079 0.434623
0.444 0.153273 0.14123 0.435734
0.44 0.153502 0.141675 0.436851
0.436 0.153729 0.142118 0.437965
0.432 0.153954 0.142559 0.439072
0.428 0.154178 0.142992 0.440162
0.424 0.154399 0.143425 0.441249
0.42 0.15462 0.143852 0.442324
0.416 0.154838 0.144278 0.443394
0.412 0.155055 0.144707 0.444469
0.408 0.15527 0.1451 0.44547
0.404 0.155483 0.145546 0.446574
0.4 0.155694 0.14596 0.447614
0.396 0.155904 0.146376 0.448655
0.392 0.156112 0.146781 0.449675
0.388 0.156318 0.147198 0.450715
0.384 0.156523 0.147596 0.451714
0.38 0.156725 0.147997 0.45272
0.376 0.156926 0.148394 0.453715
0.372 0.157125 0.148792 0.454709
0.368 0.157322 0.149188 0.455698
0.364 0.157518 0.149574 0.456666
0.36 0.157711 0.149966 0.457644
0.356 0.157903 0.150345 0.458592
0.352 0.158093 0.150729 0.45955
0.348 0.15828 0.151101 0.460482
0.344 0.158466 0.151476 0.461419
0.34 0.158651 0.151851 0.462352
0.336 0.158833 0.152216 0.463266
0.332 0.159013 0.15258 0.464174
0.328 0.159192 0.152941 0.465073
0.324 0.159368 0.1533 0.465968
0.32 0.159542 0.153656 0.466853
0.316 0.159715 0.154006 0.467727
0.312 0.159885 0.154361 0.468607
0.308 0.160054 0.154706 0.469466
0.304 0.160221 0.15505 0.470321
0.3 0.160386 0.155391 0.471169
0.296 0.160549 0.155729 0.472007
0.292 0.160709 0.156063 0.472834
0.288 0.160868 0.156395 0.473658
0.284 0.161025 0.15672 0.474465
0.28 0.161179 0.157042 0.475264
0.276 0.161332 0.157363 0.476058
0.272 0.161483 0.157678 0.47684
0.268 0.161632 0.157991 0.477615
0.264 0.161779 0.158302 0.478382
0.26 0.161923 0.15861 0.479143
0.256 0.162066 0.158914 0.479895
0.252 0.162206 0.159216 0.480639
0.248 0.162345 0.159514 0.481372
0.244 0.162481 0.159807 0.482095
0.24 0.162615 0.160101 0.482816
0.236 0.162748 0.160385 0.483518
0.232 0.162878 0.160674 0.484225
0.228 0.163006 0.160959 0.484924
0.224 0.163132 0.161236 0.485604
0.22 0.163256 0.161512 0.486279
0.216 0.163377 0.16179 0.486957
0.212 0.163497 0.162059 0.487615
0.208 0.163614 0.162324 0.488262
0.204 0.16373 0.162588 0.488906
0.2 0.163843 0.162856 0.489555
0.196 0.163954 0.163109 0.490172
0.192 0.164063 0.163366 0.490795
0.188 0.16417 0.163623 0.491417
0.184 0.164275 0.163874 0.492022
0.18 0.164377 0.164124 0.492625
0.176 0.164478 0.164372 0.493222
0.172 0.164576 0.164621 0.493818
0.168 0.164672 0.164864 0.494401
0.164 0.164766 0.165103 0.494973
0.16 0.164858 0.165346 0.495549
0.156 0.164947 0.165584 0.496115
0.152 0.165035 0.165823 0.49668
0.148 0.16512 0.166059 0.497238
0.144 0.165203 0.166293 0.497789
0.14 0.165284 0.166529 0.498342
0.136 0.165363 0.166768 0.4989
0.132 0.165439 0.167003 0.499446
0.128 0.165514 0.167237 0.499988
0.124 0.165586 0.167477 0.500541
0.12 0.165656 0.167717 0.501091
0.116 0.165724 0.167959 0.501643
0.112 0.16579 0.168207 0.502205
0.108 0.165854 0.168457 0.502769
0.104 0.165916 0.168715 0.503346
0.1 0.165976 0.168976 0.503929
0.096 0.166034 0.16924 0.504514
0.092 0.166089 0.16952 0.50513
0.088 0.166143 0.169812 0.505767
0.084 0.166195 0.170113 0.506421
0.08 0.166245 0.170427 0.507099
0.076 0.166294 0.170764 0.507821
0.072 0.166341 0.17112 0.508581
0.068 0.166386 0.171505 0.509396
0.064 0.16643 0.171924 0.510278
0.06 0.166474 0.172385 0.511243
0.056 0.166515 0.172897 0.512309
0.052 0.166558 0.17347 0.513497
0.048 0.166603 0.174123 0.514849
0.044 0.166647 0.174875 0.516398
0.04 0.166695 0.175759 0.518213
0.036 0.166754 0.176825 0.520404
0.032 0.166821 0.178134 0.523089
0.028 0.166901 0.179795 0.526492
0.024 0.167034 0.181978 0.530989
0.02 0.167228 0.184987 0.537202
0.016 0.167532 0.189425 0.546382
0.012 0.168295 0.196641 0.561576
0.008 0.170473 0.210426 0.591326
0.004 0.179647 0.246914 0.673476
0 0.333334 0.333334 1
