2 0.0483712 0.0666683 0.181708
1.99 0.0484628 0.0667677 0.181998
1.98 0.0485532 0.0668682 0.18229
1.97 0.0486433 0.0669714 0.182586
1.96 0.0487356 0.0670742 0.182884
1.95 0.048837 0.0671748 0.183187
1.94 0.0489337 0.0672765 0.183487
1.93 0.0490398 0.0673771 0.183794
1.92 0.0491451 0.0674852 0.184116
1.91 0.0492467 0.0675852 0.184417
1.9 0.049357 0.0676936 0.184744
1.89 0.0494653 0.0678006 0.185067
1.88 0.0495797 0.0679036 0.185387
1.87 0.0496891 0.068007 0.185703
1.86 0.0498115 0.0681167 0.186045
1.85 0.0499318 0.0682298 0.186391
1.84 0.0500544 0.0683336 0.186722
1.83 0.0501779 0.0684397 0.187057
1.82 0.0503053 0.0685509 0.187407
1.81 0.0504315 0.0686625 0.187756
1.8 0.050565 0.0687736 0.188112
1.79 0.0507024 0.068881 0.188464
1.78 0.0508375 0.0689942 0.188826
1.77 0.0509792 0.0691038 0.189187
1.76 0.0511163 0.0692201 0.189557
1.75 0.0512615 0.0693363 0.189934
1.74 0.0514088 0.0694446 0.190298
1.73 0.0515589 0.0695623 0.190683
1.72 0.0517106 0.0696762 0.191063
1.71 0.0518635 0.0697912 0.191446
1.7 0.052023 0.0699086 0.19184
1.69 0.0521838 0.0700239 0.192232
1.68 0.0523471 0.0701405 0.192628
1.67 0.0525113 0.0702603 0.193032
1.66 0.0526787 0.070376 0.193431
1.65 0.0528493 0.0704928 0.193835
1.64 0.0530229 0.0706142 0.194251
1.63 0.0531962 0.0707358 0.194668
1.62 0.0533719 0.0708509 0.195074
1.61 0.0535524 0.0709758 0.195504
1.6 0.0537358 0.0710959 0.195927
1.59 0.0539226 0.0712173 0.196357
1.58 0.0541091 0.0713404 0.19679
1.57 0.0543018 0.0714624 0.197227
1.56 0.0544903 0.0715823 0.197655
1.55 0.0546924 0.0717076 0.198108
1.54 0.0548893 0.0718345 0.198558
1.53 0.055091 0.0719536 0.198998
1.52 0.0552997 0.0720819 0.199464
1.51 0.0555047 0.0722043 0.199913
1.5 0.0557168 0.0723308 0.200378
1.49 0.0559275 0.072458 0.200843
1.48 0.0561429 0.0725833 0.20131
1.47 0.056363 0.0727077 0.201778
1.46 0.0565822 0.0728395 0.202261
1.45 0.0568076 0.0729669 0.202741
1.44 0.0570306 0.0730944 0.203219
1.43 0.0572617 0.073221 0.203704
1.42 0.0574908 0.0733526 0.204196
1.41 0.0577239 0.0734812 0.204686
1.4 0.0579593 0.0736076 0.205175
1.39 0.0581989 0.0737395 0.205678
1.38 0.0584388 0.0738675 0.206174
1.37 0.0586827 0.0739981 0.206679
1.36 0.0589277 0.074131 0.20719
1.35 0.0591763 0.0742596 0.207696
1.34 0.0594283 0.0743892 0.208207
1.33 0.0596825 0.074522 0.208726
1.32 0.0599365 0.0746557 0.209248
1.31 0.0601922 0.0747866 0.209765
1.3 0.0604551 0.074916 0.210287
1.29 0.0607142 0.0750515 0.210817
1.28 0.0609802 0.0751827 0.211346
1.27 0.0612472 0.0753134 0.211874
1.26 0.0615158 0.0754501 0.212416
1.25 0.0617871 0.075583 0.212953
1.24 0.0620632 0.0757156 0.213494
1.23 0.0623426 0.0758539 0.21405
1.22 0.0626212 0.0759851 0.214591
1.21 0.0629035 0.0761161 0.215136
1.2 0.0631866 0.0762527 0.215692
1.19 0.0634726 0.0763883 0.216249
1.18 0.0637601 0.0765198 0.2168
1.17 0.0640481 0.0766547 0.217357
1.16 0.0643418 0.0767897 0.217921
1.15 0.0646309 0.0769213 0.218473
1.14 0.0649282 0.0770624 0.219053
1.13 0.0652251 0.0771952 0.219615
1.12 0.0655238 0.077335 0.220194
1.11 0.0658239 0.0774681 0.22076
1.1 0.0661255 0.0776016 0.221329
1.09 0.0664288 0.0777389 0.221907
1.08 0.0667354 0.0778752 0.222486
1.07 0.067043 0.0780098 0.223063
1.06 0.0673508 0.078147 0.223645
1.05 0.0676601 0.0782818 0.224224
1.04 0.0679721 0.0784202 0.224812
1.03 0.068287 0.0785538 0.225395
1.02 0.0686022 0.0786904 0.225983
1.01 0.0689202 0.0788275 0.226575
1 0.0692394 0.0789636 0.227167
0.99 0.069558 0.0790988 0.227756
0.98 0.0698793 0.079239 0.228357
0.97 0.0702017 0.0793749 0.228952
0.96 0.0705223 0.0795122 0.229547
0.95 0.0708475 0.0796483 0.230144
0.94 0.071175 0.0797842 0.230743
0.93 0.0715026 0.0799243 0.231351
0.92 0.0718322 0.0800615 0.231955
0.91 0.072163 0.0801944 0.232552
0.9 0.0724891 0.0803343 0.233158
0.89 0.0728221 0.0804744 0.233771
0.88 0.0731532 0.0806077 0.234369
0.87 0.0734923 0.0807468 0.234986
0.86 0.0738258 0.0808842 0.235594
0.85 0.074163 0.0810203 0.236204
0.84 0.074501 0.0811504 0.236802
0.83 0.0748404 0.0813022 0.237445
0.82 0.0751804 0.0814366 0.238054
0.81 0.0755207 0.0815713 0.238663
0.8 0.0758658 0.0817132 0.239292
0.79 0.0762088 0.0818551 0.239919
0.78 0.0765554 0.0819872 0.24053
0.77 0.0769006 0.0821258 0.241152
0.76 0.077247 0.0822677 0.241782
0.75 0.0775934 0.0824038 0.242401
0.74 0.0779408 0.0825439 0.243029
0.73 0.0782914 0.0826894 0.24367
0.72 0.0786419 0.0828244 0.244291
0.71 0.0789951 0.0829601 0.244915
0.7 0.0793507 0.0831062 0.245563
0.69 0.0797035 0.0832498 0.246203
0.68 0.0800582 0.0833932 0.246845
0.67 0.0804144 0.0835418 0.247498
0.66 0.080772 0.0836814 0.248135
0.65 0.0811318 0.0838305 0.248793
0.64 0.0814933 0.0839679 0.249429
0.63 0.0818569 0.0841192 0.250095
0.62 0.0822232 0.0842628 0.250749
0.61 0.0825912 0.0844113 0.251414
0.6 0.0829623 0.0845613 0.252085
0.59 0.0833359 0.0847132 0.252762
0.58 0.0837119 0.0848609 0.253434
0.57 0.0840901 0.0850162 0.254123
0.56 0.0844702 0.0851752 0.254821
0.55 0.0848545 0.0853246 0.255504
0.54 0.0852418 0.0854821 0.256206
0.53 0.0856339 0.0856395 0.256913
0.52 0.0860276 0.0858007 0.257629
0.51 0.0864251 0.085966 0.258357
0.5 0.0868277 0.0861348 0.259097
0.49 0.0872369 0.0863068 0.25985
0.48 0.0876503 0.0864792 0.260609
0.47 0.0880693 0.0866529 0.261375
0.46 0.0884948 0.086829 0.262153
0.45 0.0889269 0.0870141 0.262955
0.44 0.0893658 0.0872012 0.263768
0.43 0.0898141 0.0873852 0.264584
0.42 0.0902719 0.0875803 0.265433
0.41 0.0907389 0.0877855 0.26631
0.4 0.0912172 0.0879924 0.267202
0.39 0.091708 0.0882019 0.268112
0.38 0.0922119 0.0884167 0.269045
0.37 0.0927296 0.0886526 0.270035
0.36 0.0932628 0.0888884 0.27104
0.35 0.0938144 0.0891223 0.272059
0.34 0.0943849 0.0893832 0.273151
0.33 0.0949762 0.0896483 0.274273
0.32 0.09559 0.0899175 0.275425
0.31 0.0962325 0.0902054 0.276643
0.3 0.0969029 0.0905173 0.277938
0.29 0.0976064 0.0908407 0.279288
0.28 0.098346 0.0911681 0.280682
0.27 0.0991278 0.0915271 0.282182
0.26 0.0999553 0.0919178 0.283791
0.25 0.100835 0.0923235 0.285482
0.24 0.101776 0.0927518 0.287279
0.23 0.102783 0.0932292 0.289241
0.22 0.103867 0.0937578 0.291383
0.21 0.105038 0.0943058 0.29365
0.2 0.106315 0.094888 0.296091
0.19 0.107712 0.0955659 0.298844
0.18 0.109247 0.096327 0.301901
0.17 0.110948 0.0971185 0.305185
0.16 0.112854 0.0979983 0.308851
0.15 0.115001 0.099079 0.313159
0.14 0.117432 0.100305 0.318042
0.13 0.120225 0.101587 0.323399
0.12 0.123486 0.103113 0.329711
0.11 0.12732 0.105131 0.337581
0.1 0.131875 0.107469 0.346813
0.09 0.137448 0.109977 0.357402
0.08 0.144456 0.113381 0.371219
0.07 0.153357 0.118559 0.390475
0.06 0.164928 0.124921 0.41477
0.05 0.181173 0.132153 0.44548
0.04 0.205607 0.146368 0.498344
0.03 0.240718 0.180882 0.602481
0.02 0.282709 0.240959 0.764627
0.01 0.318853 0.305055 0.928963
0 0.333335 0.333334 1
