2 0.157415 0.187008 0.531431
1.99 0.157923 0.187839 0.5336
1.98 0.158438 0.188673 0.535784
1.97 0.15896 0.189512 0.537984
1.96 0.159491 0.190354 0.540198
1.95 0.160029 0.1912 0.542428
1.94 0.160575 0.192049 0.544674
1.93 0.16113 0.192903 0.546936
1.92 0.161693 0.19376 0.549213
1.91 0.162263 0.194621 0.551505
1.9 0.162843 0.195485 0.553813
1.89 0.163431 0.196353 0.556137
1.88 0.164027 0.197225 0.558476
1.87 0.164631 0.1981 0.56083
1.86 0.165244 0.198978 0.5632
1.85 0.165866 0.19986 0.565586
1.84 0.166496 0.200746 0.567988
1.83 0.167136 0.201634 0.570405
1.82 0.167785 0.202527 0.572838
1.81 0.168443 0.203422 0.575287
1.8 0.169109 0.204321 0.577751
1.79 0.169785 0.205222 0.58023
1.78 0.17047 0.206127 0.582725
1.77 0.171165 0.207035 0.585236
1.76 0.171868 0.207946 0.587761
1.75 0.172582 0.208861 0.590303
1.74 0.173304 0.209778 0.59286
1.73 0.174036 0.210698 0.595431
1.72 0.174777 0.21162 0.598017
1.71 0.175528 0.212546 0.600619
1.7 0.176288 0.213474 0.603236
1.69 0.177058 0.214405 0.605868
1.68 0.177838 0.215339 0.608515
1.67 0.178627 0.216275 0.611177
1.66 0.179425 0.217214 0.613853
1.65 0.180234 0.218155 0.616543
1.64 0.181052 0.219098 0.619248
1.63 0.18188 0.220044 0.621967
1.62 0.182718 0.220992 0.624701
1.61 0.183565 0.221942 0.627449
1.6 0.184421 0.222894 0.63021
1.59 0.185287 0.223849 0.632985
1.58 0.186163 0.224805 0.635773
1.57 0.187049 0.225763 0.638575
1.56 0.187945 0.226723 0.641391
1.55 0.18885 0.227685 0.644219
1.54 0.189764 0.228648 0.64706
1.53 0.190688 0.229613 0.649914
1.52 0.191621 0.23058 0.652781
1.51 0.192564 0.231548 0.655659
1.5 0.193516 0.232517 0.658551
1.49 0.194477 0.233488 0.661453
1.48 0.195447 0.23446 0.664367
1.47 0.196427 0.235433 0.667292
1.46 0.197416 0.236407 0.670229
1.45 0.198415 0.237381 0.673177
1.44 0.199422 0.238357 0.676136
1.43 0.200437 0.239334 0.679105
1.42 0.201462 0.240311 0.682084
1.41 0.202495 0.241289 0.685073
1.4 0.203538 0.242267 0.688072
1.39 0.204588 0.243246 0.691079
1.38 0.205646 0.244225 0.694096
1.37 0.206713 0.245204 0.697121
1.36 0.207789 0.246183 0.700156
1.35 0.208872 0.247163 0.703198
1.34 0.209964 0.248142 0.706248
1.33 0.211063 0.249121 0.709305
1.32 0.21217 0.2501 0.71237
1.31 0.213284 0.251079 0.715441
1.3 0.214406 0.252057 0.71852
1.29 0.215536 0.253034 0.721604
1.28 0.216672 0.254011 0.724693
1.27 0.217814 0.254987 0.727788
1.26 0.218964 0.255962 0.730888
1.25 0.220121 0.256936 0.733993
1.24 0.221284 0.257909 0.737102
1.23 0.222453 0.258881 0.740215
1.22 0.223628 0.259851 0.743331
1.21 0.224809 0.26082 0.74645
1.2 0.225996 0.261788 0.749572
1.19 0.227189 0.262754 0.752697
1.18 0.228387 0.263718 0.755823
1.17 0.229589 0.26468 0.75895
1.16 0.230797 0.265641 0.762079
1.15 0.23201 0.266599 0.765207
1.14 0.233227 0.267555 0.768336
1.13 0.234448 0.268508 0.771465
1.12 0.235674 0.26946 0.774593
1.11 0.236903 0.270408 0.77772
1.1 0.238136 0.271354 0.780844
1.09 0.239372 0.272298 0.783967
1.08 0.240612 0.273238 0.787087
1.07 0.241854 0.274175 0.790204
1.06 0.243099 0.275109 0.793317
1.05 0.244346 0.27604 0.796427
1.04 0.245596 0.276968 0.799531
1.03 0.246847 0.277892 0.80263
1.02 0.2481 0.278812 0.805724
1.01 0.249355 0.279729 0.808812
1 0.25061 0.280641 0.811893
0.99 0.251866 0.28155 0.814966
0.98 0.253123 0.282455 0.818033
0.97 0.254381 0.283355 0.821092
0.96 0.255639 0.284251 0.824142
0.95 0.256896 0.285143 0.827182
0.94 0.258152 0.28603 0.830212
0.93 0.259408 0.286912 0.833233
0.92 0.260663 0.28779 0.836242
0.91 0.261916 0.288662 0.839241
0.9 0.263168 0.28953 0.842228
0.89 0.264418 0.290392 0.845202
0.88 0.265665 0.291249 0.848163
0.87 0.26691 0.292101 0.851112
0.86 0.268153 0.292947 0.854046
0.85 0.269392 0.293787 0.856965
0.84 0.270628 0.294621 0.85987
0.83 0.27186 0.29545 0.86276
0.82 0.273088 0.296272 0.865632
0.81 0.274311 0.297089 0.868488
0.8 0.27553 0.297899 0.871327
0.79 0.276744 0.298702 0.874149
0.78 0.277952 0.2995 0.876952
0.77 0.279156 0.30029 0.879736
0.76 0.280354 0.301074 0.882501
0.75 0.281545 0.301851 0.885246
0.74 0.282729 0.302621 0.887971
0.73 0.283907 0.303383 0.890674
0.72 0.285078 0.304139 0.893356
0.71 0.286242 0.304887 0.896016
0.7 0.287398 0.305628 0.898653
0.69 0.288546 0.306361 0.901268
0.68 0.289686 0.307087 0.903859
0.67 0.290817 0.307804 0.906425
0.66 0.291938 0.308514 0.908966
0.65 0.293051 0.309216 0.911483
0.64 0.294154 0.309909 0.913973
0.63 0.295248 0.310595 0.916438
0.62 0.296331 0.311272 0.918875
0.61 0.297404 0.311941 0.921285
0.6 0.298467 0.312601 0.923668
0.59 0.299518 0.313252 0.926022
0.58 0.300558 0.313895 0.928348
0.57 0.301587 0.314528 0.930644
0.56 0.302603 0.315153 0.93291
0.55 0.303608 0.315769 0.935146
0.54 0.3046 0.316376 0.937351
0.53 0.305579 0.316973 0.939525
0.52 0.306545 0.317561 0.941667
0.51 0.307498 0.318139 0.943777
0.5 0.308438 0.318708 0.945855
0.49 0.309364 0.319267 0.947899
0.48 0.310277 0.319817 0.94991
0.47 0.311174 0.320357 0.951887
0.46 0.312056 0.320886 0.953829
0.45 0.312924 0.321406 0.955736
0.44 0.313777 0.321916 0.957608
0.43 0.314614 0.322415 0.959445
0.42 0.315436 0.322904 0.961245
0.41 0.316242 0.323383 0.963009
0.4 0.317032 0.323852 0.964736
0.39 0.317806 0.32431 0.966425
0.38 0.318563 0.324757 0.968077
0.37 0.319303 0.325194 0.969691
0.36 0.320027 0.32562 0.971266
0.35 0.320733 0.326035 0.972803
0.34 0.321422 0.326439 0.9743
0.33 0.322093 0.326832 0.975758
0.32 0.322747 0.327215 0.977176
0.31 0.323382 0.327586 0.978554
0.3 0.323999 0.327946 0.979891
0.29 0.324598 0.328295 0.981188
0.28 0.325178 0.328633 0.982443
0.27 0.325739 0.328959 0.983657
0.26 0.326282 0.329274 0.98483
0.25 0.326805 0.329578 0.98596
0.24 0.327309 0.32987 0.987049
0.23 0.327794 0.33015 0.988095
0.22 0.32826 0.330419 0.989098
0.21 0.328705 0.330677 0.990059
0.2 0.329131 0.330922 0.990976
0.19 0.329537 0.331156 0.99185
0.18 0.329923 0.331378 0.99268
0.17 0.330289 0.331589 0.993467
0.16 0.330635 0.331787 0.994209
0.15 0.33096 0.331974 0.994908
0.14 0.331264 0.332149 0.995562
0.13 0.331548 0.332312 0.996172
0.12 0.331812 0.332463 0.996737
0.11 0.332054 0.332602 0.997258
0.1 0.332276 0.332729 0.997733
0.09 0.332477 0.332844 0.998164
0.08 0.332657 0.332947 0.99855
0.07 0.332815 0.333037 0.99889
0.06 0.332953 0.333116 0.999185
0.05 0.33307 0.333183 0.999435
0.04 0.333165 0.333237 0.99964
0.03 0.333239 0.33328 0.999799
0.02 0.333292 0.33331 0.999913
0.01 0.333324 0.333328 0.999981
0 0.333335 0.333334 1
