2 0.0444701 0.0050768 0.0546237
1.996 0.0446281 0.00511206 0.0548522
1.992 0.0447869 0.00514819 0.0550832
1.988 0.0449463 0.00518509 0.0553165
1.984 0.0451068 0.0052228 0.0555525
1.98 0.0452681 0.00526148 0.055791
1.976 0.0454301 0.00530111 0.0560324
1.972 0.045593 0.00534151 0.056276
1.968 0.0457567 0.00538286 0.0565224
1.964 0.0459211 0.00542531 0.0567717
1.96 0.0460864 0.0054684 0.0570232
1.956 0.0462526 0.00551266 0.057278
1.952 0.0464197 0.00555793 0.0575356
1.948 0.0465877 0.00560397 0.0577956
1.944 0.0467564 0.00565107 0.0580586
1.94 0.046926 0.00569937 0.0583247
1.936 0.0470964 0.00574849 0.0585934
1.932 0.0472676 0.0057984 0.0588644
1.928 0.0474398 0.00584961 0.059139
1.924 0.0476128 0.00590217 0.0594171
1.92 0.0477868 0.00595556 0.0596979
1.916 0.0479615 0.00600993 0.0599814
1.912 0.0481371 0.00606546 0.060268
1.908 0.0483136 0.00612227 0.0605581
1.904 0.0484909 0.00617994 0.0608508
1.9 0.0486691 0.00623894 0.061147
1.896 0.0488482 0.006299 0.0614462
1.892 0.0490281 0.00636017 0.0617485
1.888 0.049209 0.00642263 0.0620542
1.884 0.0493907 0.00648622 0.0623632
1.88 0.0495733 0.00655101 0.0626754
1.876 0.0497569 0.00661702 0.0629909
1.872 0.0499412 0.00668426 0.0633097
1.868 0.0501265 0.00675276 0.063632
1.864 0.0503128 0.00682251 0.0639578
1.86 0.0504999 0.00689354 0.064287
1.856 0.0506878 0.00696585 0.0646195
1.852 0.0508767 0.00703947 0.0649556
1.848 0.0510665 0.0071144 0.0652953
1.844 0.0512572 0.00719066 0.0656385
1.84 0.0514489 0.00726826 0.0659855
1.836 0.0516415 0.00734721 0.0663359
1.832 0.051835 0.00742754 0.0666901
1.828 0.0520293 0.00750924 0.0670477
1.824 0.0522246 0.00759235 0.0674092
1.82 0.0524208 0.00767684 0.0677745
1.816 0.052618 0.00776278 0.0681435
1.812 0.0528161 0.00785014 0.0685163
1.808 0.0530151 0.00793891 0.0688929
1.804 0.053215 0.00802916 0.0692733
1.8 0.0534158 0.0081209 0.0696577
1.796 0.0536176 0.00821413 0.0700459
1.792 0.0538203 0.00830891 0.0704381
1.788 0.054024 0.00840499 0.070834
1.784 0.0542286 0.00850274 0.071234
1.78 0.0544341 0.0086021 0.0716383
1.776 0.0546405 0.00870297 0.0720465
1.772 0.0548479 0.00880561 0.0724591
1.768 0.0550562 0.00890962 0.0728755
1.764 0.0552655 0.00901527 0.0732961
1.76 0.0554757 0.00912252 0.0737208
1.756 0.0556868 0.00923127 0.0741494
1.752 0.0558989 0.00934204 0.074583
1.748 0.056112 0.00945379 0.0750196
1.744 0.056326 0.00956802 0.075462
1.74 0.0565409 0.00968324 0.0759074
1.736 0.0567568 0.00980063 0.0763581
1.732 0.0569737 0.0099192 0.0768121
1.728 0.0571915 0.01004 0.0772715
1.724 0.0574103 0.0101624 0.0777351
1.72 0.05763 0.0102864 0.0782029
1.716 0.0578508 0.0104119 0.0786746
1.712 0.0580724 0.0105392 0.0791509
1.708 0.058295 0.0106685 0.079632
1.704 0.0585185 0.0108004 0.0801193
1.7 0.0587431 0.010933 0.080609
1.696 0.0589685 0.0110674 0.0811033
1.692 0.059195 0.0112045 0.081604
1.688 0.0594224 0.0113429 0.0821082
1.684 0.0596507 0.0114829 0.0826164
1.68 0.05988 0.0116253 0.0831305
1.676 0.0601103 0.0117692 0.0836486
1.672 0.0603415 0.0119149 0.0841713
1.668 0.0605737 0.012063 0.0846998
1.664 0.0608068 0.0122122 0.0852313
1.66 0.0610409 0.0123642 0.0857693
1.656 0.061276 0.0125177 0.0863115
1.652 0.061512 0.012672 0.086856
1.648 0.0617489 0.0128302 0.0874094
1.644 0.0619869 0.0129886 0.0879641
1.64 0.0622258 0.0131508 0.0885275
1.636 0.0624657 0.0133135 0.0890926
1.632 0.0627065 0.0134795 0.0896656
1.628 0.0629483 0.0136472 0.0902427
1.624 0.0631911 0.0138163 0.0908237
1.62 0.0634348 0.0139868 0.0914083
1.616 0.0636794 0.0141604 0.0920003
1.612 0.0639251 0.0143371 0.0925993
1.608 0.0641716 0.014515 0.0932016
1.604 0.0644191 0.0146937 0.0938065
1.6 0.0646676 0.0148737 0.0944151
1.596 0.0649171 0.0150598 0.0950366
1.592 0.0651674 0.0152444 0.0956562
1.588 0.0654188 0.0154334 0.0962856
1.584 0.0656711 0.0156247 0.0969205
1.58 0.0659243 0.0158168 0.097558
1.576 0.0661784 0.0160098 0.0981981
1.572 0.0664336 0.0162082 0.0988499
1.568 0.0666896 0.0164071 0.0995038
1.564 0.0669466 0.0166073 0.100161
1.56 0.0672045 0.0168072 0.100819
1.556 0.0674634 0.0170134 0.10149
1.552 0.0677233 0.0172196 0.102163
1.548 0.0679841 0.0174323 0.102849
1.544 0.0682458 0.0176439 0.103534
1.54 0.0685085 0.0178585 0.104225
1.536 0.0687721 0.0180749 0.104922
1.532 0.0690366 0.0182914 0.105619
1.528 0.0693021 0.018515 0.106332
1.524 0.0695684 0.018736 0.10704
1.52 0.0698357 0.0189634 0.107762
1.516 0.0701039 0.0191906 0.108485
1.512 0.070373 0.0194174 0.109208
1.508 0.0706431 0.0196538 0.109951
1.504 0.070914 0.0198831 0.11068
1.5 0.0711859 0.0201148 0.111415
1.496 0.0714586 0.0203625 0.112184
1.492 0.0717323 0.0206002 0.112933
1.488 0.0720069 0.0208467 0.1137
1.484 0.0722824 0.0210939 0.11447
1.48 0.0725588 0.0213403 0.115239
1.476 0.072836 0.0215881 0.116012
1.472 0.0731142 0.0218462 0.116807
1.468 0.0733933 0.0220981 0.11759
1.464 0.0736732 0.0223595 0.118392
1.46 0.073954 0.0226141 0.119182
1.456 0.0742357 0.0228811 0.119998
1.452 0.0745183 0.0231474 0.120813
1.448 0.0748018 0.023411 0.121624
1.444 0.0750862 0.0236821 0.12245
1.44 0.0753714 0.0239566 0.123285
1.436 0.0756575 0.024231 0.124119
1.432 0.0759444 0.0245087 0.124962
1.428 0.0762322 0.0247878 0.125808
1.424 0.0765208 0.0250694 0.12666
1.42 0.0768103 0.0253538 0.127518
1.416 0.0771006 0.0256255 0.128352
1.412 0.0773918 0.0259252 0.129242
1.408 0.0776838 0.0262168 0.130117
1.404 0.0779766 0.0265078 0.130992
1.4 0.0782703 0.026807 0.131884
1.396 0.0785647 0.0271051 0.132775
1.392 0.07886 0.027407 0.133674
1.388 0.0791561 0.0277088 0.134574
1.384 0.079453 0.0280118 0.135477
1.38 0.0797508 0.0283159 0.136382
1.376 0.0800493 0.028621 0.137291
1.372 0.0803486 0.028938 0.138225
1.368 0.0806487 0.0292538 0.139156
1.364 0.0809496 0.0295769 0.140103
1.36 0.0812513 0.0298876 0.141027
1.356 0.0815537 0.0302181 0.14199
1.352 0.081857 0.0305395 0.142936
1.348 0.0821609 0.0308678 0.143896
1.344 0.0824658 0.0311891 0.144844
1.34 0.0827713 0.0315325 0.145836
1.336 0.0830775 0.0318687 0.146815
1.332 0.0833845 0.0321987 0.147782
1.328 0.0836923 0.0325497 0.148792
1.324 0.0840007 0.0328854 0.149772
1.32 0.0843099 0.0332221 0.150754
1.316 0.0846198 0.0335738 0.151767
1.312 0.0849304 0.0339272 0.152785
1.308 0.0852418 0.0342573 0.153756
1.304 0.0855538 0.0346299 0.154814
1.3 0.0858666 0.0349871 0.155841
1.296 0.08618 0.0353483 0.156877
1.292 0.0864941 0.0357079 0.15791
1.288 0.0868089 0.0360655 0.15894
1.284 0.0871243 0.0364246 0.159974
1.28 0.0874404 0.0367754 0.160991
1.276 0.0877572 0.0371645 0.162086
1.272 0.0880746 0.0375446 0.163164
1.268 0.0883927 0.0379225 0.164238
1.264 0.0887114 0.0382786 0.165269
1.26 0.0890308 0.0386756 0.166382
1.256 0.0893507 0.039067 0.167485
1.252 0.0896713 0.0394551 0.168582
1.248 0.0899926 0.0398386 0.16967
1.244 0.0903144 0.040228 0.17077
1.24 0.0906368 0.0406179 0.171873
1.236 0.0909598 0.0409965 0.172953
1.232 0.0912834 0.0413917 0.174067
1.228 0.0916074 0.0418046 0.175217
1.224 0.0919321 0.0421931 0.176318
1.22 0.0922574 0.0426162 0.17749
1.216 0.0925832 0.04301 0.178603
1.212 0.0929096 0.0434047 0.179719
1.208 0.0932365 0.0438137 0.180864
1.204 0.093564 0.0442217 0.182007
1.2 0.093892 0.0446641 0.18322
1.196 0.0942205 0.045081 0.184383
1.192 0.0945494 0.0455002 0.18555
1.188 0.0948789 0.0459212 0.186721
1.184 0.0952088 0.0463182 0.187845
1.18 0.0955392 0.0467699 0.189079
1.176 0.0958701 0.0471986 0.190267
1.172 0.0962015 0.0476125 0.191426
1.168 0.0965333 0.0480432 0.19262
1.164 0.0968656 0.0484726 0.193811
1.16 0.0971984 0.0489119 0.195022
1.156 0.0975315 0.0493559 0.196243
1.152 0.0978652 0.0497895 0.197444
1.148 0.0981991 0.0502314 0.198662
1.144 0.0985335 0.050679 0.199892
1.14 0.0988683 0.0511237 0.201116
1.136 0.0992035 0.0515811 0.202366
1.132 0.099539 0.0520351 0.203609
1.128 0.0998749 0.0524853 0.204846
1.124 0.100211 0.0529517 0.206115
1.12 0.100548 0.0533924 0.207333
1.116 0.100885 0.0538626 0.20861
1.112 0.101222 0.0543256 0.209873
1.108 0.10156 0.0547863 0.211132
1.104 0.101897 0.0552312 0.21236
1.1 0.102236 0.0556979 0.213632
1.096 0.102574 0.0561671 0.214908
1.092 0.102913 0.0566388 0.216191
1.088 0.103252 0.0571258 0.217504
1.084 0.103591 0.0575858 0.218763
1.08 0.103931 0.0580686 0.220068
1.076 0.104271 0.0585116 0.221294
1.072 0.104611 0.0589991 0.222609
1.068 0.104951 0.0595085 0.223968
1.064 0.105292 0.0600011 0.225294
1.06 0.105632 0.0604814 0.226595
1.056 0.105973 0.0609682 0.227909
1.052 0.106314 0.0614503 0.229215
1.048 0.106655 0.0619121 0.23048
1.044 0.106997 0.0624362 0.231869
1.04 0.107338 0.062856 0.23305
1.036 0.10768 0.0634341 0.234548
1.032 0.108022 0.0639304 0.235883
1.028 0.108364 0.0643753 0.237114
1.024 0.108706 0.0648842 0.238474
1.02 0.109048 0.0654201 0.239888
1.016 0.10939 0.0658998 0.24119
1.012 0.109732 0.066406 0.242544
1.008 0.110075 0.0668799 0.243835
1.004 0.110417 0.0674151 0.245248
1 0.11076 0.0678944 0.246549
0.996 0.111102 0.0684096 0.247922
0.992 0.111445 0.0689441 0.249333
0.988 0.111787 0.0694586 0.250705
0.984 0.11213 0.0699769 0.252084
0.98 0.112472 0.0704904 0.253453
0.976 0.112815 0.0710076 0.25483
0.972 0.113157 0.0715307 0.256219
0.968 0.1135 0.0720783 0.257656
0.964 0.113842 0.0725868 0.259016
0.96 0.114184 0.0731112 0.260407
0.956 0.114527 0.0736303 0.261787
0.952 0.114869 0.074104 0.263077
0.948 0.115211 0.0746916 0.264594
0.944 0.115553 0.0751845 0.265922
0.94 0.115895 0.0757141 0.267323
0.936 0.116236 0.0762472 0.268731
0.932 0.116578 0.0767563 0.27009
0.928 0.116919 0.0772918 0.271503
0.924 0.11726 0.0778758 0.273012
0.92 0.117601 0.0784184 0.274438
0.916 0.117942 0.0789429 0.275828
0.912 0.118282 0.0794811 0.277244
0.908 0.118623 0.079998 0.278619
0.904 0.118963 0.0805563 0.280075
0.9 0.119303 0.08105 0.281403
0.896 0.119642 0.081631 0.282904
0.892 0.119982 0.0821808 0.284343
0.888 0.120321 0.0827178 0.285756
0.884 0.120659 0.0832097 0.287079
0.88 0.120998 0.0837563 0.288511
0.876 0.121336 0.0843105 0.289957
0.872 0.121674 0.0848133 0.2913
0.868 0.122011 0.085391 0.292793
0.864 0.122348 0.0859411 0.294231
0.86 0.122685 0.0864751 0.295635
0.856 0.123022 0.0870225 0.297067
0.852 0.123358 0.0875753 0.298508
0.848 0.123693 0.0881266 0.299946
0.844 0.124028 0.0886761 0.301381
0.84 0.124363 0.0892136 0.30279
0.836 0.124697 0.0897328 0.304163
0.832 0.125031 0.090297 0.305625
0.828 0.125364 0.0908542 0.307073
0.824 0.125697 0.0913942 0.308486
0.82 0.12603 0.0919661 0.309962
0.816 0.126362 0.0924785 0.311319
0.812 0.126693 0.0930624 0.312818
0.808 0.127024 0.0935273 0.314079
0.804 0.127354 0.0941629 0.31568
0.8 0.127684 0.0947317 0.317147
0.796 0.128013 0.095255 0.318523
0.792 0.128342 0.0958374 0.320017
0.788 0.12867 0.0963305 0.321331
0.784 0.128997 0.0969066 0.32281
0.78 0.129324 0.0974416 0.324207
0.776 0.12965 0.0980267 0.325703
0.772 0.129976 0.0985167 0.327009
0.768 0.1303 0.0991154 0.328531
0.764 0.130625 0.0996803 0.329985
0.76 0.130948 0.100194 0.331337
0.756 0.131271 0.100829 0.332929
0.752 0.131593 0.101342 0.334277
0.748 0.131914 0.10193 0.335775
0.744 0.132235 0.102479 0.337193
0.74 0.132555 0.103028 0.338612
0.736 0.132874 0.103579 0.340033
0.732 0.133192 0.104091 0.341374
0.728 0.13351 0.10468 0.34287
0.724 0.133827 0.105227 0.34428
0.72 0.134143 0.105749 0.34564
0.716 0.134458 0.106243 0.346945
0.712 0.134772 0.106868 0.348508
0.708 0.135085 0.107391 0.349867
0.704 0.135398 0.107937 0.351272
0.7 0.13571 0.108506 0.352722
0.696 0.136021 0.108961 0.353943
0.692 0.136331 0.109523 0.355376
0.688 0.13664 0.110095 0.35683
0.684 0.136948 0.110585 0.358118
0.68 0.137255 0.111147 0.359549
0.676 0.137561 0.111713 0.360987
0.672 0.137866 0.112304 0.362475
0.668 0.138171 0.112827 0.363825
0.664 0.138474 0.113258 0.364989
0.66 0.138776 0.113873 0.366521
0.656 0.139078 0.114402 0.367881
0.652 0.139378 0.11499 0.369358
0.648 0.139677 0.115484 0.370645
0.644 0.139975 0.116003 0.371982
0.64 0.140272 0.116531 0.373334
0.636 0.140568 0.117058 0.374684
0.632 0.140863 0.11756 0.375983
0.628 0.141157 0.118158 0.377473
0.624 0.14145 0.118694 0.378837
0.62 0.141742 0.119225 0.380192
0.616 0.142032 0.119597 0.381226
0.612 0.142321 0.120151 0.382623
0.608 0.142609 0.120653 0.383915
0.604 0.142896 0.12132 0.385536
0.6 0.143182 0.121768 0.386718
0.596 0.143467 0.122256 0.387978
0.592 0.14375 0.122854 0.389458
0.588 0.144032 0.123379 0.390791
0.584 0.144313 0.123831 0.391975
0.58 0.144593 0.124411 0.393414
0.576 0.144871 0.124921 0.394714
0.572 0.145148 0.125321 0.395789
0.568 0.145424 0.125871 0.397166
0.564 0.145699 0.126393 0.398486
0.56 0.145972 0.126895 0.399762
0.556 0.146244 0.127375 0.400994
0.552 0.146514 0.127776 0.402066
0.548 0.146783 0.12844 0.403664
0.544 0.147051 0.128874 0.4048
0.54 0.147318 0.129327 0.405972
0.536 0.147583 0.129803 0.407188
0.532 0.147846 0.130407 0.40866
0.528 0.148109 0.130838 0.409784
0.524 0.14837 0.131351 0.411072
0.52 0.148629 0.131837 0.412303
0.516 0.148887 0.132238 0.413363
0.512 0.149144 0.132812 0.414768
0.508 0.149399 0.133276 0.415951
0.504 0.149652 0.13371 0.417072
0.5 0.149905 0.134204 0.418313
0.496 0.150155 0.134577 0.41931
0.492 0.150404 0.135148 0.4207
0.488 0.150652 0.135603 0.421858
0.484 0.150898 0.136079 0.423055
0.48 0.151143 0.136436 0.424014
0.476 0.151386 0.13697 0.425325
0.472 0.151627 0.137409 0.426446
0.468 0.151867 0.137934 0.427735
0.464 0.152105 0.138328 0.428762
0.46 0.152342 0.138846 0.430035
0.456 0.152577 0.139225 0.431026
0.452 0.15281 0.139658 0.432127
0.448 0.153042 0.140086 0.433215
0.444 0.153272 0.14061 0.434492
0.44 0.153501 0.141049 0.435599
0.436 0.153728 0.141372 0.436471
0.432 0.153953 0.14191 0.437774
0.428 0.154177 0.142336 0.438849
0.424 0.154398 0.142686 0.439771
0.42 0.154618 0.143135 0.440888
0.416 0.154837 0.14359 0.442016
0.412 0.155054 0.143944 0.442941
0.408 0.155269 0.144331 0.443931
0.404 0.155482 0.144807 0.445097
0.4 0.155693 0.145168 0.446029
0.396 0.155903 0.14565 0.447204
0.392 0.156111 0.146051 0.448212
0.388 0.156317 0.146376 0.449068
0.384 0.156521 0.14677 0.450061
0.38 0.156724 0.147231 0.451187
0.376 0.156925 0.147564 0.452052
0.372 0.157124 0.148005 0.453134
0.368 0.157321 0.148242 0.453804
0.364 0.157516 0.148764 0.455044
0.36 0.157709 0.149143 0.455996
0.356 0.157901 0.149516 0.456932
0.352 0.158091 0.149808 0.457707
0.348 0.158278 0.150202 0.458683
0.344 0.158464 0.150606 0.459677
0.34 0.158648 0.150952 0.460553
0.336 0.158831 0.15128 0.46139
0.332 0.159011 0.15164 0.46229
0.328 0.159189 0.152022 0.463233
0.324 0.159365 0.152333 0.464032
0.32 0.15954 0.152616 0.464772
0.316 0.159712 0.152918 0.465548
0.312 0.159883 0.153315 0.466514
0.308 0.160052 0.153707 0.467466
0.304 0.160218 0.153982 0.468183
0.3 0.160383 0.154318 0.469019
0.296 0.160546 0.154621 0.469787
0.292 0.160706 0.154951 0.470608
0.288 0.160865 0.155133 0.471131
0.284 0.161022 0.155571 0.472164
0.28 0.161176 0.155856 0.472888
0.276 0.161329 0.15614 0.473608
0.272 0.16148 0.156474 0.474428
0.268 0.161628 0.156796 0.47522
0.264 0.161775 0.157087 0.475948
0.26 0.161919 0.15738 0.476679
0.256 0.162062 0.157663 0.477388
0.252 0.162202 0.157806 0.477814
0.248 0.162341 0.158067 0.478474
0.244 0.162477 0.158479 0.479434
0.24 0.162611 0.158679 0.479968
0.236 0.162743 0.158947 0.480638
0.232 0.162873 0.159275 0.481424
0.228 0.163001 0.15947 0.48194
0.224 0.163127 0.159747 0.482621
0.22 0.16325 0.159979 0.483208
0.216 0.163372 0.160222 0.483815
0.212 0.163491 0.160387 0.484265
0.208 0.163609 0.160727 0.485062
0.204 0.163724 0.160942 0.485608
0.2 0.163837 0.161204 0.486245
0.196 0.163948 0.161432 0.486811
0.192 0.164057 0.161654 0.487364
0.188 0.164163 0.161797 0.487757
0.184 0.164268 0.162061 0.488389
0.18 0.16437 0.16226 0.48889
0.176 0.16447 0.162494 0.489458
0.172 0.164568 0.162609 0.489785
0.168 0.164663 0.162823 0.49031
0.164 0.164757 0.163078 0.490914
0.16 0.164848 0.163179 0.491206
0.156 0.164937 0.163403 0.491743
0.152 0.165024 0.163638 0.492301
0.148 0.165109 0.163739 0.492587
0.144 0.165191 0.163905 0.493001
0.14 0.165272 0.164072 0.493416
0.136 0.16535 0.164258 0.493865
0.132 0.165426 0.164403 0.494231
0.128 0.165499 0.164562 0.494624
0.124 0.165571 0.164765 0.495101
0.12 0.16564 0.164906 0.495452
0.116 0.165707 0.165051 0.49581
0.112 0.165772 0.165204 0.496179
0.108 0.165834 0.16534 0.496515
0.104 0.165894 0.165467 0.496829
0.1 0.165952 0.165599 0.497149
0.096 0.166008 0.165691 0.49739
0.092 0.166062 0.165827 0.497715
0.088 0.166113 0.165991 0.498096
0.084 0.166162 0.166062 0.498286
0.08 0.166208 0.166225 0.498658
0.076 0.166253 0.166337 0.498927
0.072 0.166295 0.166455 0.499205
0.068 0.166335 0.166558 0.499451
0.064 0.166373 0.166671 0.499715
0.06 0.166408 0.166778 0.499964
0.056 0.166441 0.166894 0.500229
0.052 0.166472 0.167006 0.500484
0.048 0.166501 0.167125 0.500751
0.044 0.166527 0.16725 0.501028
0.04 0.166551 0.16738 0.501311
0.036 0.166574 0.167532 0.501637
0.032 0.166594 0.167697 0.501987
0.028 0.166612 0.167909 0.50243
0.024 0.166628 0.168158 0.502944
0.02 0.166642 0.1685 0.503642
0.016 0.166656 0.168989 0.504634
0.012 0.166671 0.16979 0.50625
0.008 0.166697 0.171361 0.50942
0.004 0.166808 0.176001 0.51881
0 0.333334 0.333334 1
