2 0.0600091 0.074789 0.209587
1.99 0.0601689 0.0749407 0.21005
1.98 0.0603319 0.0750941 0.21052
1.97 0.0604983 0.0752495 0.210997
1.96 0.060668 0.0754085 0.211485
1.95 0.0608411 0.0755677 0.211977
1.94 0.0610177 0.0757273 0.212472
1.93 0.0611981 0.0758881 0.212974
1.92 0.0613821 0.0760513 0.213485
1.91 0.0615699 0.0762169 0.214004
1.9 0.0617613 0.0763857 0.214533
1.89 0.0619565 0.0765552 0.215067
1.88 0.0621555 0.0767258 0.215607
1.87 0.0623585 0.0768979 0.216154
1.86 0.0625653 0.0770713 0.216708
1.85 0.0627761 0.0772456 0.217267
1.84 0.0629909 0.0774211 0.217833
1.83 0.0632097 0.0775977 0.218405
1.82 0.0634328 0.0777746 0.218982
1.81 0.0636601 0.0779528 0.219566
1.8 0.0638915 0.078132 0.220156
1.79 0.0641274 0.0783123 0.220752
1.78 0.0643679 0.078492 0.221352
1.77 0.0646131 0.0786732 0.221959
1.76 0.0648628 0.0788553 0.222573
1.75 0.0651172 0.0790382 0.223194
1.74 0.0653762 0.079222 0.22382
1.73 0.0656401 0.0794067 0.224453
1.72 0.0659089 0.0795924 0.225094
1.71 0.0661826 0.0797792 0.225741
1.7 0.0664612 0.0799671 0.226395
1.69 0.0667447 0.0801561 0.227057
1.68 0.067033 0.0803467 0.227726
1.67 0.0673267 0.080539 0.228405
1.66 0.0676259 0.0807331 0.229092
1.65 0.0679306 0.0809292 0.229789
1.64 0.0682406 0.0811274 0.230495
1.63 0.0685556 0.0813279 0.231211
1.62 0.0688758 0.0815308 0.231937
1.61 0.0692015 0.0817362 0.232674
1.6 0.0695333 0.0819442 0.233422
1.59 0.0698708 0.082155 0.234181
1.58 0.0702139 0.0823684 0.234951
1.57 0.0705626 0.0825846 0.235732
1.56 0.0709169 0.0828035 0.236524
1.55 0.071277 0.0830252 0.237327
1.54 0.0716432 0.0832496 0.238142
1.53 0.0720152 0.0834766 0.238969
1.52 0.0723931 0.0837062 0.239805
1.51 0.072777 0.083938 0.240653
1.5 0.0731667 0.084172 0.241511
1.49 0.0735625 0.0844081 0.242379
1.48 0.0739646 0.084646 0.243257
1.47 0.0743731 0.0848856 0.244144
1.46 0.0747879 0.0851267 0.245041
1.45 0.0752087 0.085369 0.245947
1.44 0.0756358 0.0856124 0.246861
1.43 0.0760698 0.0858566 0.247783
1.42 0.0765105 0.0861017 0.248714
1.41 0.0769579 0.0863475 0.249653
1.4 0.0774117 0.0865938 0.250599
1.39 0.0778721 0.0868407 0.251553
1.38 0.0783394 0.0870881 0.252516
1.37 0.0788142 0.0873361 0.253486
1.36 0.0792964 0.0875848 0.254466
1.35 0.0797859 0.0878344 0.255455
1.34 0.0802823 0.0880847 0.256452
1.33 0.080786 0.0883365 0.257459
1.32 0.0812977 0.0885899 0.258477
1.31 0.0818173 0.088845 0.259507
1.3 0.0823444 0.0891022 0.260549
1.29 0.0828791 0.089362 0.261603
1.28 0.0834216 0.0896247 0.262671
1.27 0.0839721 0.0898905 0.263753
1.26 0.0845307 0.0901601 0.264851
1.25 0.0850979 0.0904337 0.265965
1.24 0.0856733 0.0907117 0.267097
1.23 0.086257 0.0909944 0.268246
1.22 0.0868494 0.091282 0.269414
1.21 0.0874502 0.091575 0.2706
1.2 0.0880594 0.0918733 0.271806
1.19 0.0886772 0.092177 0.273031
1.18 0.0893033 0.0924863 0.274276
1.17 0.0899382 0.0928011 0.27554
1.16 0.090582 0.0931213 0.276825
1.15 0.0912352 0.0934469 0.278129
1.14 0.091898 0.0937775 0.279453
1.13 0.0925693 0.0941129 0.280795
1.12 0.0932497 0.0944527 0.282155
1.11 0.0939394 0.0947967 0.283533
1.1 0.094639 0.0951443 0.284928
1.09 0.0953483 0.0954954 0.286339
1.08 0.0960673 0.0958492 0.287766
1.07 0.0967956 0.0962053 0.289206
1.06 0.0975341 0.0965633 0.290661
1.05 0.0982831 0.0969228 0.292129
1.04 0.0990432 0.0972835 0.29361
1.03 0.0998146 0.0976451 0.295105
1.02 0.100597 0.0980073 0.296611
1.01 0.10139 0.0983699 0.298129
1 0.102195 0.0987329 0.29966
0.99 0.103012 0.0990965 0.301205
0.98 0.103841 0.0994607 0.302763
0.97 0.104683 0.099826 0.304335
0.96 0.105538 0.100193 0.305924
0.95 0.106407 0.100562 0.30753
0.94 0.107289 0.100933 0.309156
0.93 0.108187 0.101308 0.310804
0.92 0.109099 0.101688 0.312476
0.91 0.110026 0.102074 0.314174
0.9 0.110968 0.102466 0.315901
0.89 0.111927 0.102867 0.31766
0.88 0.112901 0.103277 0.319455
0.87 0.113893 0.103697 0.321287
0.86 0.114902 0.10413 0.323161
0.85 0.115928 0.104575 0.325078
0.84 0.116971 0.105036 0.327042
0.83 0.118033 0.105511 0.329056
0.82 0.119113 0.106004 0.331121
0.81 0.120213 0.106514 0.333241
0.8 0.121332 0.107042 0.335417
0.79 0.12247 0.10759 0.337649
0.78 0.123628 0.108156 0.339941
0.77 0.124807 0.108742 0.342291
0.76 0.126007 0.109347 0.344701
0.75 0.127229 0.10997 0.34717
0.74 0.128473 0.110612 0.349698
0.73 0.129739 0.111272 0.352283
0.72 0.131029 0.111947 0.354923
0.71 0.132342 0.112637 0.357617
0.7 0.13368 0.113341 0.360362
0.69 0.135043 0.114057 0.363157
0.68 0.136434 0.114783 0.365999
0.67 0.137853 0.115517 0.368886
0.66 0.139302 0.116257 0.371817
0.65 0.140781 0.117003 0.374788
0.64 0.142294 0.117753 0.3778
0.63 0.143841 0.118505 0.380851
0.62 0.145426 0.119258 0.383942
0.61 0.147049 0.120012 0.387074
0.6 0.148714 0.120768 0.39025
0.59 0.150424 0.121525 0.393474
0.58 0.152181 0.122286 0.396753
0.57 0.153989 0.123052 0.400093
0.56 0.15585 0.123827 0.403504
0.55 0.157769 0.124614 0.406998
0.54 0.15975 0.125419 0.410589
0.53 0.161795 0.126249 0.414292
0.52 0.16391 0.127109 0.418128
0.51 0.166099 0.128009 0.422117
0.5 0.168364 0.128958 0.426281
0.49 0.170711 0.129968 0.430646
0.48 0.173144 0.131049 0.435241
0.47 0.175667 0.132214 0.440095
0.46 0.178283 0.133478 0.44524
0.45 0.180997 0.134855 0.450707
0.44 0.183811 0.13636 0.456531
0.43 0.186729 0.138009 0.462746
0.42 0.189754 0.139817 0.469388
0.41 0.192888 0.141802 0.476491
0.4 0.196132 0.143978 0.484089
0.39 0.199488 0.146363 0.492214
0.38 0.202957 0.14897 0.500896
0.37 0.206537 0.151814 0.510165
0.36 0.210228 0.154908 0.520043
0.35 0.214027 0.158262 0.530552
0.34 0.217933 0.161888 0.541708
0.33 0.221939 0.165791 0.553522
0.32 0.226043 0.169978 0.565999
0.31 0.230237 0.17445 0.579137
0.3 0.234514 0.179207 0.592929
0.29 0.238867 0.184246 0.60736
0.28 0.243286 0.18956 0.622407
0.27 0.247761 0.195139 0.63804
0.26 0.252279 0.20097 0.654218
0.25 0.256829 0.207034 0.670897
0.24 0.261397 0.213311 0.68802
0.23 0.265969 0.219778 0.705524
0.22 0.270528 0.226405 0.723338
0.21 0.275059 0.233163 0.741385
0.2 0.279546 0.240017 0.759579
0.19 0.283969 0.24693 0.777829
0.18 0.288313 0.253862 0.796038
0.17 0.292558 0.260773 0.814104
0.16 0.296687 0.267618 0.831923
0.15 0.30068 0.274353 0.849386
0.14 0.304519 0.280932 0.866384
0.13 0.308187 0.28731 0.882806
0.12 0.311664 0.293439 0.898542
0.11 0.314935 0.299275 0.913485
0.1 0.317983 0.304774 0.92753
0.09 0.320791 0.309893 0.940577
0.08 0.323347 0.314592 0.95253
0.07 0.325635 0.318833 0.963301
0.06 0.327644 0.322583 0.972809
0.05 0.329362 0.32581 0.980983
0.04 0.330782 0.328488 0.987759
0.03 0.331894 0.330595 0.993084
0.02 0.332693 0.332113 0.996918
0.01 0.333174 0.333028 0.999231
0 0.333335 0.333334 1
