2 0.047237 0.0658608 0.178959
1.99 0.0473188 0.065947 0.179213
1.98 0.0473949 0.0660501 0.179495
1.97 0.0474848 0.0661335 0.179752
1.96 0.0475754 0.0662434 0.180062
1.95 0.0476726 0.0663323 0.180337
1.94 0.0477598 0.066422 0.180604
1.93 0.0478469 0.066523 0.180893
1.92 0.0479517 0.0666248 0.181201
1.91 0.0480442 0.0667261 0.181496
1.9 0.0481504 0.0668158 0.181782
1.89 0.0482491 0.0669231 0.182095
1.88 0.0483531 0.0670183 0.18239
1.87 0.0484625 0.0671229 0.182708
1.86 0.0485624 0.0672252 0.183013
1.85 0.0486849 0.0673132 0.183311
1.84 0.0487949 0.0674278 0.183651
1.83 0.0489104 0.067526 0.183962
1.82 0.0490189 0.0676324 0.184284
1.81 0.0491513 0.0677399 0.184631
1.8 0.0492659 0.0678254 0.184917
1.79 0.0493936 0.0679336 0.185261
1.78 0.04952 0.068042 0.185604
1.77 0.0496398 0.0681523 0.185945
1.76 0.0497531 0.0682584 0.18627
1.75 0.0498865 0.0683723 0.186631
1.74 0.0500426 0.0684665 0.186976
1.73 0.0501772 0.0685732 0.187324
1.72 0.0503262 0.0686803 0.187687
1.71 0.0504648 0.0687978 0.18806
1.7 0.0505989 0.0689068 0.188412
1.69 0.0507627 0.0690188 0.1888
1.68 0.050906 0.0691227 0.189151
1.67 0.0510625 0.0692282 0.189519
1.66 0.0512166 0.0693477 0.189912
1.65 0.0513731 0.0694525 0.190278
1.64 0.0515343 0.0695666 0.190668
1.63 0.051693 0.0696799 0.191053
1.62 0.0518541 0.0697848 0.191424
1.61 0.0520238 0.0699014 0.191827
1.6 0.0521984 0.0700117 0.192222
1.59 0.0523678 0.070118 0.192604
1.58 0.0525403 0.07024 0.19302
1.57 0.0527155 0.0703503 0.193416
1.56 0.0528873 0.0704663 0.19382
1.55 0.0530522 0.07058 0.194212
1.54 0.0532667 0.070693 0.194653
1.53 0.0534491 0.0708008 0.195051
1.52 0.0536327 0.0709184 0.195469
1.51 0.0538326 0.0710373 0.195907
1.5 0.0540121 0.0711481 0.196308
1.49 0.0542239 0.0712471 0.196718
1.48 0.0543796 0.0713827 0.197145
1.47 0.0546127 0.0714884 0.19759
1.46 0.0548067 0.071608 0.198023
1.45 0.0550144 0.0717353 0.198485
1.44 0.0552269 0.0718482 0.198923
1.43 0.0554152 0.0719236 0.199262
1.42 0.0556461 0.0720823 0.199811
1.41 0.0558594 0.0721785 0.200216
1.4 0.0560444 0.0723274 0.200699
1.39 0.0562889 0.0724412 0.201171
1.38 0.0565091 0.0725557 0.201621
1.37 0.056724 0.0726759 0.202076
1.36 0.0569449 0.0727976 0.20254
1.35 0.0571786 0.0729041 0.202987
1.34 0.0574083 0.0730297 0.203468
1.33 0.0576314 0.0731508 0.203933
1.32 0.0578637 0.073267 0.204398
1.31 0.058086 0.0733855 0.204857
1.3 0.0583231 0.0735123 0.205348
1.29 0.0585619 0.0736201 0.205802
1.28 0.0588062 0.0737352 0.206277
1.27 0.0590426 0.0738505 0.206744
1.26 0.0592917 0.0739785 0.207249
1.25 0.0595308 0.0741067 0.207744
1.24 0.0597563 0.0742153 0.208187
1.23 0.06001 0.0743398 0.20869
1.22 0.0602585 0.0744587 0.209176
1.21 0.0605238 0.0745683 0.20966
1.2 0.0607679 0.0746568 0.210082
1.19 0.0610155 0.0748145 0.210644
1.18 0.061254 0.0749245 0.211103
1.17 0.0615234 0.0750529 0.211629
1.16 0.0617853 0.0751657 0.212117
1.15 0.062051 0.0752953 0.212642
1.14 0.0623077 0.0754075 0.213123
1.13 0.0625749 0.0755228 0.213621
1.12 0.0628202 0.0756351 0.21409
1.11 0.0630931 0.0757537 0.2146
1.1 0.0633613 0.0758764 0.215114
1.09 0.0636136 0.0759947 0.215603
1.08 0.0638896 0.0761049 0.216099
1.07 0.0641483 0.0762185 0.216585
1.06 0.0644207 0.0763405 0.217102
1.05 0.0646893 0.0764554 0.2176
1.04 0.0649537 0.0765699 0.218094
1.03 0.065234 0.076688 0.21861
1.02 0.0654969 0.0768066 0.21911
1.01 0.0657704 0.0769179 0.219606
1 0.0660355 0.0770282 0.220092
0.99 0.0662893 0.0771204 0.22053
0.98 0.0665732 0.0772589 0.221091
0.97 0.0668473 0.077372 0.221591
0.96 0.0671213 0.0774708 0.222063
0.95 0.067393 0.0775947 0.222582
0.94 0.0676674 0.0777076 0.223083
0.93 0.0679298 0.0778169 0.223564
0.92 0.0682074 0.0779251 0.224058
0.91 0.0684772 0.0780369 0.224551
0.9 0.0687556 0.0781443 0.225044
0.89 0.0690226 0.0782513 0.225525
0.88 0.0693042 0.0783635 0.226031
0.87 0.0695706 0.078459 0.226489
0.86 0.0698424 0.078577 0.226996
0.85 0.070113 0.0786925 0.227498
0.84 0.0703849 0.0787771 0.227939
0.83 0.0706487 0.0788926 0.228434
0.82 0.0709174 0.0789969 0.228911
0.81 0.0711886 0.0791053 0.229399
0.8 0.0714561 0.0792118 0.22988
0.79 0.0717178 0.0793189 0.230356
0.78 0.0719773 0.0794148 0.230807
0.77 0.0722438 0.0795217 0.231287
0.76 0.0725162 0.0796143 0.231745
0.75 0.0727696 0.0797116 0.232193
0.74 0.073035 0.0798215 0.232678
0.73 0.0732914 0.0799178 0.233127
0.72 0.0735527 0.0800092 0.233571
0.71 0.0738217 0.0801113 0.234044
0.7 0.0740766 0.0801976 0.234472
0.69 0.0743211 0.0803042 0.23493
0.68 0.0745836 0.080395 0.235374
0.67 0.0748305 0.0804965 0.235824
0.66 0.0750815 0.0805823 0.236246
0.65 0.0753371 0.0806726 0.236682
0.64 0.0755915 0.0807697 0.237131
0.63 0.0758313 0.0808643 0.23756
0.62 0.0760741 0.0809532 0.237981
0.61 0.0763192 0.081028 0.238375
0.6 0.0765656 0.0811257 0.238817
0.59 0.0767981 0.0812216 0.239241
0.58 0.0770285 0.0813058 0.23964
0.57 0.077255 0.0813907 0.240036
0.56 0.0774864 0.081478 0.240442
0.55 0.0777378 0.0815591 0.240856
0.54 0.0779594 0.081646 0.241251
0.53 0.0781884 0.0817306 0.24165
0.52 0.0784142 0.0818102 0.242035
0.51 0.0786368 0.0818895 0.242416
0.5 0.0788584 0.0819709 0.2428
0.49 0.0790707 0.0820454 0.243162
0.48 0.0792904 0.0821331 0.243557
0.47 0.0795072 0.0822093 0.243926
0.46 0.0797192 0.0822871 0.244293
0.45 0.0799272 0.0823578 0.244643
0.44 0.0801326 0.082435 0.245003
0.43 0.0803454 0.082504 0.245353
0.42 0.0805493 0.0825847 0.245719
0.41 0.080744 0.0826623 0.246069
0.4 0.0809405 0.0827319 0.246404
0.39 0.0811378 0.0828085 0.246755
0.38 0.0813208 0.0828807 0.247082
0.37 0.0815212 0.0829482 0.247418
0.36 0.0817187 0.0830226 0.247764
0.35 0.0819035 0.0830899 0.248083
0.34 0.0820967 0.0831621 0.248421
0.33 0.0822775 0.0832316 0.248741
0.32 0.0824628 0.0833026 0.249068
0.31 0.0826535 0.0833734 0.2494
0.3 0.0828312 0.0834445 0.24972
0.29 0.0830224 0.083521 0.250064
0.28 0.0832009 0.0835883 0.250377
0.27 0.0833819 0.0836578 0.250697
0.26 0.0835784 0.0837323 0.251043
0.25 0.0837492 0.0838046 0.251358
0.24 0.0839369 0.0838834 0.251704
0.23 0.0841363 0.0839602 0.252057
0.22 0.0843327 0.0840382 0.252409
0.21 0.0845319 0.0841259 0.252784
0.2 0.0847412 0.0842143 0.25317
0.19 0.0849434 0.0843038 0.253551
0.18 0.0851904 0.084405 0.254
0.17 0.0854194 0.0845099 0.254439
0.16 0.085669 0.0846187 0.254906
0.15 0.0859371 0.0847421 0.255421
0.14 0.0862322 0.0848812 0.255995
0.13 0.0865689 0.0850289 0.256627
0.12 0.0869348 0.0851988 0.257332
0.11 0.0873576 0.0853947 0.258147
0.1 0.0878584 0.0856284 0.259115
0.09 0.0884402 0.0859105 0.260261
0.08 0.0891451 0.0862602 0.261666
0.07 0.0900438 0.0866891 0.263422
0.06 0.0912176 0.0872643 0.265746
0.05 0.0928544 0.0880636 0.268981
0.04 0.0952914 0.089262 0.273815
0.03 0.0993578 0.0912626 0.281883
0.02 0.107531 0.0952401 0.298011
0.01 0.132265 0.107571 0.347408
0 0.333335 0.333334 1
