2 0.0471152 0.0657492 0.178613
1.99 0.0471969 0.0658236 0.178844
1.98 0.0472355 0.0659173 0.17907
1.97 0.0473731 0.0660119 0.179397
1.96 0.0474511 0.0661403 0.179732
1.95 0.0475396 0.0662198 0.179979
1.94 0.0476206 0.0662972 0.180215
1.93 0.0477347 0.0664252 0.180585
1.92 0.0478115 0.0665193 0.18085
1.91 0.0479231 0.0666172 0.181158
1.9 0.0480148 0.0667216 0.181458
1.89 0.0481116 0.0667802 0.181672
1.88 0.048212 0.0669194 0.182051
1.87 0.0483403 0.0670092 0.182359
1.86 0.0484252 0.0671193 0.182664
1.85 0.0485318 0.0672039 0.18294
1.84 0.0486536 0.0672859 0.183225
1.83 0.0487683 0.0674146 0.183597
1.82 0.048892 0.0675283 0.183949
1.81 0.0490112 0.0676361 0.184283
1.8 0.0491362 0.0677307 0.184598
1.79 0.0492596 0.0678482 0.184956
1.78 0.0493882 0.0679242 0.185237
1.77 0.0495127 0.0680335 0.18558
1.76 0.049643 0.06815 0.185943
1.75 0.0497699 0.0682561 0.186282
1.74 0.0498863 0.0683629 0.186612
1.73 0.0500362 0.0684704 0.186977
1.72 0.0501812 0.0685527 0.187286
1.71 0.0503009 0.0686658 0.187633
1.7 0.0504751 0.0687709 0.188017
1.69 0.0506103 0.0688476 0.188305
1.68 0.0507691 0.0690234 0.188816
1.67 0.0509239 0.0691155 0.189155
1.66 0.0510415 0.0691893 0.18942
1.65 0.0512226 0.06933 0.189882
1.64 0.0513755 0.069446 0.190267
1.63 0.0515463 0.0695545 0.190655
1.62 0.0517056 0.0696335 0.190973
1.61 0.0518787 0.0697635 0.191406
1.6 0.0520254 0.0698919 0.191809
1.59 0.0522159 0.0699946 0.192205
1.58 0.0523833 0.0701162 0.192616
1.57 0.052549 0.0702221 0.192993
1.56 0.0527343 0.0703326 0.193399
1.55 0.052887 0.0704508 0.193789
1.54 0.0530673 0.0705665 0.1942
1.53 0.0532785 0.0706488 0.194576
1.52 0.0534712 0.0707994 0.19507
1.51 0.0536576 0.0709088 0.195475
1.5 0.0538478 0.0710393 0.195926
1.49 0.0540369 0.0711408 0.196319
1.48 0.0542447 0.0712716 0.196788
1.47 0.0544331 0.0713692 0.197171
1.46 0.0546294 0.0714701 0.19757
1.45 0.0548192 0.0716034 0.198026
1.44 0.0550347 0.0717081 0.198451
1.43 0.055232 0.0718496 0.198931
1.42 0.0554644 0.071948 0.19936
1.41 0.0556701 0.0720673 0.199805
1.4 0.0558842 0.072184 0.200252
1.39 0.0560845 0.0722996 0.200684
1.38 0.0562995 0.0724144 0.201128
1.37 0.0565211 0.072538 0.201597
1.36 0.056759 0.0726557 0.202071
1.35 0.0569696 0.0727003 0.20237
1.34 0.0571939 0.0728856 0.202965
1.33 0.0574173 0.073008 0.203433
1.32 0.0576445 0.0730947 0.203834
1.31 0.0578612 0.0731993 0.20426
1.3 0.0581212 0.0733592 0.20484
1.29 0.0583569 0.0734651 0.205287
1.28 0.0585902 0.0735812 0.205753
1.27 0.0588146 0.0737028 0.20622
1.26 0.0590334 0.0738193 0.206672
1.25 0.0592894 0.0739416 0.207173
1.24 0.0595207 0.0740359 0.207593
1.23 0.0597912 0.0741835 0.208158
1.22 0.0599969 0.0742837 0.208564
1.21 0.0602696 0.0744205 0.209111
1.2 0.0605318 0.0745098 0.209551
1.19 0.0607657 0.0746519 0.210069
1.18 0.0609995 0.0747662 0.210532
1.17 0.0612889 0.0748809 0.211051
1.16 0.0615402 0.0749496 0.211439
1.15 0.0617866 0.0751055 0.211998
1.14 0.0620258 0.0752211 0.212468
1.13 0.0623107 0.0753451 0.213001
1.12 0.0625634 0.0754263 0.213416
1.11 0.062787 0.0755716 0.21393
1.1 0.0630823 0.0756664 0.214415
1.09 0.0633467 0.0758139 0.214975
1.08 0.0635962 0.0759142 0.215425
1.07 0.0638438 0.0760235 0.215891
1.06 0.0641281 0.0761379 0.216404
1.05 0.06439 0.0762521 0.216894
1.04 0.0646535 0.0763219 0.217297
1.03 0.064925 0.0764857 0.217896
1.02 0.0651894 0.0766037 0.218397
1.01 0.0654237 0.0767234 0.218871
1 0.0657112 0.0768153 0.219342
0.99 0.0659836 0.0769192 0.219822
0.98 0.0662562 0.0770004 0.220257
0.97 0.0665186 0.077145 0.220809
0.96 0.0667669 0.0772698 0.221307
0.95 0.067046 0.0773728 0.221792
0.94 0.0672841 0.0774804 0.222245
0.93 0.0675811 0.0775948 0.222771
0.92 0.0678489 0.0777129 0.223275
0.91 0.068094 0.0777633 0.223621
0.9 0.0683869 0.0779175 0.224222
0.89 0.0686527 0.0780126 0.224678
0.88 0.0688847 0.078084 0.225053
0.87 0.0691548 0.0782424 0.22564
0.86 0.0694055 0.0783188 0.226043
0.85 0.0696795 0.0784336 0.226547
0.84 0.0699357 0.0785043 0.226944
0.83 0.0702393 0.0786314 0.227502
0.82 0.0704954 0.0787209 0.227937
0.81 0.0707643 0.0788461 0.228456
0.8 0.0710131 0.0789536 0.22892
0.79 0.0712796 0.079055 0.22939
0.78 0.0715463 0.0790809 0.229708
0.77 0.0717887 0.0792427 0.230274
0.76 0.0720544 0.0793409 0.230736
0.75 0.0722917 0.0794075 0.231107
0.74 0.0725176 0.0795396 0.231597
0.73 0.0728178 0.0796176 0.232053
0.72 0.0730438 0.0797143 0.232472
0.71 0.0732964 0.0797631 0.232823
0.7 0.0735246 0.0799065 0.233338
0.69 0.0738055 0.0799879 0.233781
0.68 0.074031 0.0800761 0.234183
0.67 0.0742386 0.0801599 0.234558
0.66 0.0744682 0.0802513 0.234971
0.65 0.0747711 0.0803301 0.235431
0.64 0.0750148 0.0804008 0.235816
0.63 0.0752398 0.0805185 0.236277
0.62 0.075481 0.0805592 0.2366
0.61 0.0757042 0.0806961 0.237096
0.6 0.0759299 0.0807596 0.237449
0.59 0.0761566 0.080852 0.237861
0.58 0.0763603 0.0809293 0.238219
0.57 0.0766112 0.0809971 0.238605
0.56 0.0768295 0.0810961 0.239022
0.55 0.0770385 0.0811868 0.239412
0.54 0.0772441 0.08125 0.239744
0.53 0.0774591 0.0813418 0.240143
0.52 0.0776649 0.0814062 0.240477
0.51 0.0778792 0.081464 0.240807
0.5 0.078087 0.0815549 0.241197
0.49 0.0782381 0.0815943 0.241427
0.48 0.0784824 0.0816887 0.24186
0.47 0.0786783 0.0817491 0.242177
0.46 0.0788693 0.0818315 0.242532
0.45 0.0790196 0.0818921 0.242804
0.44 0.0792321 0.0819662 0.243165
0.43 0.0794218 0.0820244 0.243471
0.42 0.0795983 0.0820879 0.243774
0.41 0.0797834 0.0821375 0.244058
0.4 0.0799509 0.0822034 0.244358
0.39 0.0801142 0.0822691 0.244652
0.38 0.080271 0.0822943 0.24486
0.37 0.0804254 0.0823796 0.245184
0.36 0.0806 0.0824366 0.245473
0.35 0.0807591 0.0824546 0.245668
0.34 0.0809082 0.0825387 0.245986
0.33 0.081055 0.0825871 0.246229
0.32 0.0811949 0.0826417 0.246478
0.31 0.0813125 0.0826893 0.246691
0.3 0.0814749 0.0827361 0.246947
0.29 0.0816114 0.082784 0.247179
0.28 0.0817398 0.0827866 0.247313
0.27 0.0818471 0.0828698 0.247587
0.26 0.0820031 0.0828737 0.24775
0.25 0.0821166 0.082931 0.247979
0.24 0.0822293 0.0829935 0.248216
0.23 0.082349 0.0830144 0.248378
0.22 0.0824494 0.0830664 0.248582
0.21 0.082558 0.083111 0.24878
0.2 0.0826396 0.0831414 0.248922
0.19 0.0827458 0.08319 0.249126
0.18 0.0828036 0.0832007 0.249205
0.17 0.0828955 0.0832407 0.249377
0.16 0.0830151 0.0832741 0.249563
0.15 0.0831289 0.0833038 0.249737
0.14 0.0832271 0.083341 0.249909
0.13 0.0832972 0.0833777 0.250053
0.12 0.0833943 0.0834081 0.25021
0.11 0.0834801 0.0834552 0.25039
0.1 0.0835628 0.0834925 0.250548
0.09 0.0836651 0.0835176 0.2507
0.08 0.0837682 0.0835786 0.250925
0.07 0.0838829 0.0836284 0.25114
0.06 0.0840268 0.0836892 0.251405
0.05 0.0842077 0.0837903 0.251788
0.04 0.0844641 0.0839181 0.2523
0.03 0.0848432 0.0841214 0.253086
0.02 0.0856661 0.0845146 0.254695
0.01 0.0880994 0.0857069 0.259513
0 0.333335 0.333334 1
