2 0.055704 0.00691216 0.0695284
1.996 0.0559873 0.0069661 0.0699195
1.992 0.0562725 0.00702164 0.0703158
1.988 0.0565596 0.00707877 0.0707171
1.984 0.0568486 0.00713752 0.0711236
1.98 0.0571396 0.00719794 0.0715355
1.976 0.0574328 0.00726003 0.0719529
1.972 0.0577278 0.00732382 0.0723755
1.968 0.0580249 0.00738933 0.0728036
1.964 0.058324 0.00745661 0.0732372
1.96 0.058625 0.00752567 0.0736764
1.956 0.058928 0.00759655 0.0741211
1.952 0.0592333 0.00766925 0.0745718
1.948 0.0595405 0.00774384 0.0750282
1.944 0.0598498 0.00782033 0.0754905
1.94 0.0601611 0.00789872 0.0759585
1.936 0.0604745 0.00797905 0.0764326
1.932 0.0607899 0.00806137 0.0769126
1.928 0.0611074 0.00814569 0.0773988
1.924 0.0614272 0.00823204 0.0778912
1.92 0.0617489 0.00832043 0.0783898
1.916 0.0620729 0.00841091 0.0788947
1.912 0.062399 0.00850352 0.079406
1.908 0.0627271 0.00859829 0.0799237
1.904 0.0630573 0.00869522 0.0804478
1.9 0.0633898 0.00879431 0.0809784
1.896 0.0637244 0.00889564 0.0815157
1.892 0.0640613 0.00899924 0.0820598
1.888 0.0644004 0.0091051 0.0826106
1.884 0.0647416 0.00921327 0.0831681
1.88 0.065085 0.00932377 0.0837325
1.876 0.0654306 0.00943666 0.0843039
1.872 0.0657785 0.00955194 0.0848824
1.868 0.0661286 0.00966963 0.0854679
1.864 0.066481 0.0097898 0.0860606
1.86 0.0668356 0.00991243 0.0866604
1.856 0.0671924 0.0100376 0.0872675
1.852 0.0675514 0.0101653 0.0878819
1.848 0.0679128 0.0102955 0.0885038
1.844 0.0682763 0.0104284 0.0891331
1.84 0.0686422 0.0105638 0.0897699
1.836 0.0690104 0.010702 0.0904143
1.832 0.0693808 0.0108428 0.0910664
1.828 0.0697537 0.0109863 0.0917263
1.824 0.0701288 0.0111326 0.0923939
1.82 0.0705063 0.0112816 0.0930695
1.816 0.0708861 0.0114334 0.0937529
1.812 0.0712682 0.0115881 0.0944443
1.808 0.0716526 0.0117456 0.0951437
1.804 0.0720393 0.011906 0.0958512
1.8 0.0724285 0.0120693 0.096567
1.796 0.07282 0.0122355 0.097291
1.792 0.0732139 0.0124047 0.0980233
1.788 0.0736101 0.0125769 0.098764
1.784 0.0740088 0.0127521 0.0995131
1.78 0.0744098 0.0129304 0.100271
1.776 0.0748132 0.0131118 0.101037
1.772 0.0752189 0.0132963 0.101812
1.768 0.0756273 0.0134839 0.102595
1.764 0.076038 0.0136747 0.103387
1.76 0.076451 0.0138687 0.104188
1.756 0.0768666 0.0140659 0.104998
1.752 0.0772845 0.0142664 0.105817
1.748 0.0777048 0.0144702 0.106645
1.744 0.0781277 0.0146772 0.107482
1.74 0.078553 0.0148876 0.108328
1.736 0.0789807 0.0151014 0.109184
1.732 0.0794109 0.0153186 0.110048
1.728 0.0798435 0.0155392 0.110922
1.724 0.0802786 0.0157632 0.111805
1.72 0.0807162 0.0159907 0.112698
1.716 0.0811563 0.0162217 0.1136
1.712 0.081599 0.0164563 0.114512
1.708 0.0820441 0.0166944 0.115433
1.704 0.0824916 0.0169361 0.116364
1.7 0.0829416 0.0171814 0.117304
1.696 0.0833941 0.0174303 0.118255
1.692 0.0838491 0.017683 0.119215
1.688 0.0843066 0.0179393 0.120185
1.684 0.0847667 0.0181993 0.121165
1.68 0.0852292 0.0184631 0.122155
1.676 0.0856943 0.0187307 0.123156
1.672 0.0861618 0.019002 0.124166
1.668 0.0866319 0.0192772 0.125186
1.664 0.0871046 0.0195562 0.126217
1.66 0.0875798 0.0198391 0.127258
1.656 0.0880577 0.020126 0.12831
1.652 0.0885379 0.0204167 0.129371
1.648 0.0890208 0.0207114 0.130444
1.644 0.0895061 0.0210101 0.131526
1.64 0.0899941 0.0213127 0.13262
1.636 0.0904846 0.0216194 0.133724
1.632 0.0909777 0.0219302 0.134838
1.628 0.0914733 0.022245 0.135963
1.624 0.0919714 0.022564 0.137099
1.62 0.0924721 0.022887 0.138246
1.616 0.0929753 0.0232142 0.139404
1.612 0.0934811 0.0235456 0.140572
1.608 0.0939895 0.0238812 0.141752
1.604 0.0945004 0.024221 0.142942
1.6 0.095014 0.024565 0.144144
1.596 0.0955301 0.0249133 0.145357
1.592 0.0960487 0.0252659 0.146581
1.588 0.0965699 0.0256228 0.147815
1.584 0.0970936 0.025984 0.149062
1.58 0.0976199 0.0263496 0.150319
1.576 0.0981488 0.0267195 0.151588
1.572 0.0986803 0.0270939 0.152868
1.568 0.0992143 0.0274726 0.15416
1.564 0.0997509 0.0278558 0.155463
1.56 0.10029 0.0282435 0.156777
1.556 0.100832 0.0286356 0.158103
1.552 0.101376 0.0290322 0.15944
1.548 0.101923 0.0294333 0.160789
1.544 0.102472 0.029839 0.16215
1.54 0.103024 0.0302492 0.163522
1.536 0.103579 0.030664 0.164907
1.532 0.104136 0.0310834 0.166302
1.528 0.104695 0.0315074 0.16771
1.524 0.105257 0.031936 0.169129
1.52 0.105822 0.0323693 0.170561
1.516 0.106389 0.0328072 0.172004
1.512 0.106959 0.0332498 0.173459
1.508 0.107531 0.0336971 0.174926
1.504 0.108106 0.0341492 0.176404
1.5 0.108683 0.0346059 0.177895
1.496 0.109263 0.0350674 0.179398
1.492 0.109846 0.0355336 0.180913
1.488 0.110431 0.0360047 0.18244
1.484 0.111018 0.0364805 0.183979
1.48 0.111608 0.0369611 0.18553
1.476 0.112201 0.0374465 0.187094
1.472 0.112796 0.0379368 0.188669
1.468 0.113393 0.0384319 0.190257
1.464 0.113993 0.0389318 0.191856
1.46 0.114595 0.0394366 0.193469
1.456 0.1152 0.0399464 0.195093
1.452 0.115808 0.0404609 0.19673
1.448 0.116417 0.0409805 0.198378
1.444 0.11703 0.0415049 0.200039
1.44 0.117645 0.0420342 0.201713
1.436 0.118262 0.0425685 0.203399
1.432 0.118881 0.0431077 0.205097
1.428 0.119503 0.0436519 0.206807
1.424 0.120128 0.044201 0.20853
1.42 0.120755 0.0447552 0.210265
1.416 0.121384 0.0453143 0.212013
1.412 0.122016 0.0458783 0.213773
1.408 0.12265 0.0464474 0.215545
1.404 0.123287 0.0470215 0.21733
1.4 0.123926 0.0476006 0.219127
1.396 0.124567 0.0481847 0.220937
1.392 0.125211 0.0487739 0.222759
1.388 0.125857 0.049368 0.224593
1.384 0.126505 0.0499672 0.22644
1.38 0.127156 0.0505715 0.228299
1.376 0.127809 0.0511808 0.230171
1.372 0.128465 0.0517951 0.232055
1.368 0.129122 0.0524145 0.233951
1.364 0.129782 0.0530389 0.23586
1.36 0.130445 0.0536684 0.237781
1.356 0.131109 0.0543029 0.239715
1.352 0.131776 0.0549425 0.241661
1.348 0.132445 0.0555871 0.243619
1.344 0.133117 0.0562368 0.24559
1.34 0.13379 0.0568916 0.247574
1.336 0.134466 0.0575514 0.249569
1.332 0.135144 0.0582163 0.251577
1.328 0.135825 0.0588862 0.253597
1.324 0.136507 0.0595612 0.25563
1.32 0.137192 0.0602413 0.257674
1.316 0.137879 0.0609264 0.259731
1.312 0.138568 0.0616165 0.261801
1.308 0.139259 0.0623117 0.263882
1.304 0.139952 0.0630119 0.265976
1.3 0.140647 0.0637172 0.268082
1.296 0.141345 0.0644275 0.2702
1.292 0.142044 0.0651428 0.27233
1.288 0.142746 0.0658631 0.274472
1.284 0.14345 0.0665885 0.276627
1.28 0.144155 0.0673188 0.278793
1.276 0.144863 0.0680541 0.280971
1.272 0.145573 0.0687944 0.283162
1.268 0.146285 0.0695398 0.285364
1.264 0.146999 0.07029 0.287579
1.26 0.147714 0.0710453 0.289805
1.256 0.148432 0.0718055 0.292043
1.252 0.149152 0.0725706 0.294293
1.248 0.149873 0.0733406 0.296555
1.244 0.150597 0.0741156 0.298828
1.24 0.151322 0.0748955 0.301113
1.236 0.152049 0.0756802 0.30341
1.232 0.152779 0.0764699 0.305718
1.228 0.15351 0.0772644 0.308038
1.224 0.154243 0.0780638 0.31037
1.22 0.154977 0.078868 0.312713
1.216 0.155714 0.079677 0.315068
1.212 0.156452 0.0804908 0.317434
1.208 0.157192 0.0813095 0.319811
1.204 0.157933 0.0821329 0.322199
1.2 0.158677 0.082961 0.324599
1.196 0.159422 0.0837939 0.32701
1.192 0.160169 0.0846315 0.329432
1.188 0.160917 0.0854738 0.331865
1.184 0.161667 0.0863208 0.334309
1.18 0.162419 0.0871725 0.336764
1.176 0.163172 0.0880288 0.33923
1.172 0.163927 0.0888897 0.341706
1.168 0.164684 0.0897552 0.344194
1.164 0.165442 0.0906253 0.346692
1.16 0.166201 0.0915 0.349201
1.156 0.166962 0.0923791 0.35172
1.152 0.167725 0.0932628 0.35425
1.148 0.168489 0.094151 0.356791
1.144 0.169254 0.0950436 0.359341
1.14 0.170021 0.0959407 0.361902
1.136 0.170789 0.0968422 0.364474
1.132 0.171559 0.0977481 0.367055
1.128 0.17233 0.0986583 0.369646
1.124 0.173102 0.0995728 0.372248
1.12 0.173876 0.100492 0.374859
1.116 0.174651 0.101415 0.37748
1.112 0.175427 0.102342 0.380111
1.108 0.176204 0.103274 0.382751
1.104 0.176983 0.104209 0.385402
1.1 0.177762 0.105149 0.388061
1.096 0.178543 0.106093 0.39073
1.092 0.179326 0.107042 0.393409
1.088 0.180109 0.107994 0.396096
1.084 0.180893 0.10895 0.398793
1.08 0.181679 0.10991 0.401499
1.076 0.182465 0.110874 0.404214
1.072 0.183253 0.111843 0.406938
1.068 0.184041 0.112815 0.40967
1.064 0.184831 0.11379 0.412412
1.06 0.185621 0.11477 0.415162
1.056 0.186413 0.115754 0.41792
1.052 0.187205 0.116741 0.420686
1.048 0.187998 0.117732 0.423461
1.044 0.188792 0.118726 0.426245
1.04 0.189587 0.119725 0.429036
1.036 0.190383 0.120726 0.431835
1.032 0.191179 0.121732 0.434643
1.028 0.191976 0.122741 0.437458
1.024 0.192774 0.123753 0.44028
1.02 0.193573 0.124769 0.443111
1.016 0.194372 0.125788 0.445948
1.012 0.195172 0.126811 0.448793
1.008 0.195972 0.127837 0.451646
1.004 0.196773 0.128866 0.454505
1 0.197575 0.129898 0.457371
0.996 0.198377 0.130934 0.460244
0.992 0.199179 0.131973 0.463125
0.988 0.199983 0.133014 0.466011
0.984 0.200786 0.134059 0.468905
0.98 0.20159 0.135107 0.471805
0.976 0.202395 0.136158 0.474711
0.972 0.203199 0.137212 0.477623
0.968 0.204004 0.138268 0.480541
0.964 0.20481 0.139328 0.483466
0.96 0.205615 0.14039 0.486396
0.956 0.206421 0.141455 0.489332
0.952 0.207228 0.142523 0.492273
0.948 0.208034 0.143593 0.49522
0.944 0.20884 0.144666 0.498172
0.94 0.209647 0.145741 0.501129
0.936 0.210453 0.146819 0.504091
0.932 0.21126 0.147899 0.507058
0.928 0.212067 0.148982 0.51003
0.924 0.212873 0.150067 0.513007
0.92 0.21368 0.151154 0.515988
0.916 0.214487 0.152244 0.518974
0.912 0.215293 0.153335 0.521964
0.908 0.2161 0.154429 0.524958
0.904 0.216906 0.155525 0.527956
0.9 0.217712 0.156623 0.530957
0.896 0.218518 0.157722 0.533963
0.892 0.219324 0.158824 0.536972
0.888 0.220129 0.159927 0.539984
0.884 0.220934 0.161033 0.543
0.88 0.221739 0.16214 0.546018
0.876 0.222543 0.163248 0.54904
0.872 0.223347 0.164359 0.552064
0.868 0.224151 0.16547 0.555092
0.864 0.224954 0.166584 0.558121
0.86 0.225756 0.167699 0.561153
0.856 0.226558 0.168815 0.564188
0.852 0.22736 0.169932 0.567224
0.848 0.228161 0.171051 0.570263
0.844 0.228961 0.172171 0.573303
0.84 0.22976 0.173292 0.576345
0.836 0.230559 0.174414 0.579388
0.832 0.231357 0.175538 0.582432
0.828 0.232155 0.176662 0.585478
0.824 0.232951 0.177787 0.588525
0.82 0.233747 0.178913 0.591573
0.816 0.234542 0.180039 0.594621
0.812 0.235336 0.181167 0.59767
0.808 0.236129 0.182295 0.600719
0.804 0.236922 0.183424 0.603769
0.8 0.237713 0.184553 0.606818
0.796 0.238503 0.185683 0.609868
0.792 0.239292 0.186813 0.612917
0.788 0.24008 0.187943 0.615966
0.784 0.240867 0.189074 0.619014
0.78 0.241652 0.190205 0.622062
0.776 0.242437 0.191336 0.625108
0.772 0.24322 0.192467 0.628154
0.768 0.244002 0.193598 0.631199
0.764 0.244783 0.194729 0.634242
0.76 0.245562 0.19586 0.637283
0.756 0.24634 0.196991 0.640323
0.752 0.247117 0.198122 0.643361
0.748 0.247892 0.199252 0.646397
0.744 0.248666 0.200382 0.64943
0.74 0.249439 0.201511 0.652461
0.736 0.250209 0.20264 0.65549
0.732 0.250978 0.203769 0.658516
0.728 0.251746 0.204897 0.661539
0.724 0.252512 0.206024 0.664559
0.72 0.253276 0.20715 0.667576
0.716 0.254039 0.208275 0.670589
0.712 0.254799 0.2094 0.673599
0.708 0.255558 0.210523 0.676605
0.704 0.256316 0.211646 0.679607
0.7 0.257071 0.212767 0.682605
0.696 0.257825 0.213887 0.685599
0.692 0.258576 0.215006 0.688588
0.688 0.259326 0.216124 0.691573
0.684 0.260074 0.21724 0.694553
0.68 0.260819 0.218355 0.697529
0.676 0.261563 0.219468 0.700499
0.672 0.262305 0.220579 0.703464
0.668 0.263044 0.221689 0.706423
0.664 0.263782 0.222798 0.709377
0.66 0.264517 0.223904 0.712325
0.656 0.26525 0.225008 0.715266
0.652 0.26598 0.226111 0.718202
0.648 0.266709 0.227211 0.721132
0.644 0.267435 0.22831 0.724055
0.64 0.268159 0.229406 0.726971
0.636 0.26888 0.2305 0.729881
0.632 0.269599 0.231592 0.732783
0.628 0.270316 0.232681 0.735679
0.624 0.27103 0.233768 0.738566
0.62 0.271741 0.234853 0.741447
0.616 0.27245 0.235935 0.74432
0.612 0.273156 0.237014 0.747184
0.608 0.27386 0.238091 0.750041
0.604 0.274561 0.239164 0.75289
0.6 0.275259 0.240235 0.75573
0.596 0.275955 0.241303 0.758562
0.592 0.276648 0.242368 0.761384
0.588 0.277338 0.24343 0.764198
0.584 0.278026 0.244489 0.767003
0.58 0.27871 0.245544 0.769799
0.576 0.279392 0.246597 0.772585
0.572 0.28007 0.247646 0.775362
0.568 0.280746 0.248691 0.778129
0.564 0.281419 0.249733 0.780885
0.56 0.282088 0.250772 0.783632
0.556 0.282755 0.251807 0.786369
0.552 0.283419 0.252838 0.789095
0.548 0.284079 0.253865 0.79181
0.544 0.284736 0.254889 0.794514
0.54 0.285391 0.255909 0.797208
0.536 0.286041 0.256924 0.79989
0.532 0.286689 0.257936 0.802562
0.528 0.287334 0.258944 0.805221
0.524 0.287975 0.259947 0.807869
0.52 0.288612 0.260947 0.810505
0.516 0.289247 0.261941 0.813129
0.512 0.289878 0.262932 0.815741
0.508 0.290505 0.263918 0.818341
0.504 0.291129 0.2649 0.820928
0.5 0.29175 0.265877 0.823503
0.496 0.292367 0.266849 0.826065
0.492 0.29298 0.267817 0.828613
0.488 0.29359 0.26878 0.831149
0.484 0.294196 0.269738 0.833671
0.48 0.294799 0.270691 0.83618
0.476 0.295398 0.271639 0.838675
0.472 0.295993 0.272582 0.841157
0.468 0.296584 0.27352 0.843624
0.464 0.297172 0.274453 0.846078
0.46 0.297756 0.275381 0.848517
0.456 0.298336 0.276303 0.850942
0.452 0.298912 0.27722 0.853352
0.448 0.299484 0.278131 0.855747
0.444 0.300053 0.279037 0.858128
0.44 0.300617 0.279938 0.860493
0.436 0.301178 0.280833 0.862843
0.432 0.301734 0.281722 0.865178
0.428 0.302286 0.282605 0.867497
0.424 0.302835 0.283483 0.869801
0.42 0.303379 0.284355 0.872089
0.416 0.303919 0.285221 0.87436
0.412 0.304455 0.28608 0.876616
0.408 0.304987 0.286934 0.878856
0.404 0.305515 0.287782 0.881078
0.4 0.306038 0.288623 0.883285
0.396 0.306557 0.289459 0.885475
0.392 0.307072 0.290288 0.887647
0.388 0.307583 0.29111 0.889803
0.384 0.308089 0.291927 0.891942
0.38 0.308591 0.292736 0.894063
0.376 0.309088 0.293539 0.896167
0.372 0.309581 0.294336 0.898253
0.368 0.31007 0.295126 0.900322
0.364 0.310554 0.295909 0.902373
0.36 0.311034 0.296686 0.904406
0.356 0.311509 0.297456 0.90642
0.352 0.311979 0.298218 0.908416
0.348 0.312445 0.298974 0.910394
0.344 0.312907 0.299723 0.912354
0.34 0.313364 0.300465 0.914294
0.336 0.313816 0.3012 0.916216
0.332 0.314263 0.301928 0.918119
0.328 0.314706 0.302648 0.920003
0.324 0.315144 0.303362 0.921868
0.32 0.315578 0.304068 0.923713
0.316 0.316006 0.304766 0.925539
0.312 0.31643 0.305457 0.927345
0.308 0.316849 0.306141 0.929132
0.304 0.317263 0.306818 0.930899
0.3 0.317673 0.307486 0.932645
0.296 0.318077 0.308147 0.934372
0.292 0.318477 0.308801 0.936079
0.288 0.318872 0.309447 0.937765
0.284 0.319261 0.310085 0.939431
0.28 0.319646 0.310715 0.941076
0.276 0.320026 0.311338 0.942701
0.272 0.320401 0.311952 0.944305
0.268 0.320771 0.312559 0.945888
0.264 0.321136 0.313157 0.947451
0.26 0.321496 0.313748 0.948992
0.256 0.32185 0.314331 0.950512
0.252 0.3222 0.314905 0.95201
0.248 0.322544 0.315472 0.953488
0.244 0.322884 0.31603 0.954943
0.24 0.323218 0.31658 0.956378
0.236 0.323547 0.317121 0.95779
0.232 0.323871 0.317655 0.959181
0.228 0.32419 0.31818 0.960549
0.224 0.324503 0.318696 0.961896
0.22 0.324812 0.319205 0.963221
0.216 0.325115 0.319704 0.964523
0.212 0.325412 0.320196 0.965804
0.208 0.325705 0.320678 0.967062
0.204 0.325992 0.321153 0.968297
0.2 0.326274 0.321618 0.96951
0.196 0.32655 0.322075 0.9707
0.192 0.326821 0.322523 0.971868
0.188 0.327087 0.322963 0.973013
0.184 0.327348 0.323394 0.974135
0.18 0.327603 0.323816 0.975234
0.176 0.327852 0.324229 0.97631
0.172 0.328097 0.324633 0.977363
0.168 0.328335 0.325029 0.978393
0.164 0.328569 0.325415 0.9794
0.16 0.328797 0.325793 0.980383
0.156 0.329019 0.326162 0.981343
0.152 0.329236 0.326522 0.982279
0.148 0.329448 0.326872 0.983192
0.144 0.329654 0.327214 0.984082
0.14 0.329854 0.327547 0.984948
0.136 0.330049 0.32787 0.98579
0.132 0.330238 0.328185 0.986608
0.128 0.330422 0.32849 0.987403
0.124 0.330601 0.328786 0.988173
0.12 0.330773 0.329073 0.98892
0.116 0.330941 0.329351 0.989643
0.112 0.331102 0.32962 0.990342
0.108 0.331258 0.329879 0.991016
0.104 0.331409 0.330129 0.991667
0.1 0.331553 0.33037 0.992293
0.096 0.331693 0.330601 0.992895
0.092 0.331826 0.330824 0.993473
0.088 0.331954 0.331036 0.994027
0.084 0.332076 0.33124 0.994556
0.08 0.332193 0.331434 0.995061
0.076 0.332304 0.331619 0.995542
0.072 0.332409 0.331794 0.995998
0.068 0.332509 0.33196 0.99643
0.064 0.332603 0.332117 0.996837
0.06 0.332691 0.332264 0.997219
0.056 0.332774 0.332402 0.997577
0.052 0.332851 0.33253 0.997911
0.048 0.332922 0.332649 0.99822
0.044 0.332988 0.332758 0.998504
0.04 0.333048 0.332858 0.998764
0.036 0.333102 0.332948 0.998998
0.032 0.333151 0.333029 0.999209
0.028 0.333194 0.3331 0.999394
0.024 0.333231 0.333162 0.999555
0.02 0.333262 0.333215 0.999691
0.016 0.333288 0.333257 0.999803
0.012 0.333308 0.333291 0.999889
0.008 0.333322 0.333314 0.999951
0.004 0.333331 0.333329 0.999988
0 0.333334 0.333334 1
