10000 5.73411e+22 1.5223e+35 1.61789e+35 1.06279 1.58603e+35 6.31026e-36 1.06279 0.156216 0.166025 3.41796 0.08 6.04987e+07 1 3
8317.64 5.73411e+22 7.28968e+34 7.74548e+34 1.06253 7.59354e+34 1.31798e-35 1.06253 0.156291 0.166063 3.41796 0.08 4.18549e+07 1 3
6918.31 5.73411e+22 3.49072e+34 3.70823e+34 1.06231 3.63573e+34 2.75272e-35 1.06231 0.156365 0.166108 3.41796 0.08 2.89565e+07 1 3
5754.4 5.73411e+22 1.67179e+34 1.77543e+34 1.06199 1.74088e+34 5.74884e-35 1.06199 0.156462 0.166161 3.41796 0.08 2.0033e+07 1 3
4786.3 5.73411e+22 8.00764e+33 8.5009e+33 1.0616 8.33648e+33 1.2005e-34 1.0616 0.156578 0.166223 3.41796 0.08 1.38595e+07 1 3
3981.07 5.73411e+22 3.83612e+33 4.0705e+33 1.0611 3.99238e+33 2.50673e-34 1.0611 0.156718 0.166293 3.41796 0.08 9.5884e+06 1 3
3311.31 5.73411e+22 1.83799e+33 1.94935e+33 1.06059 1.91223e+33 5.23352e-34 1.06059 0.15688 0.166386 3.41796 0.08 6.63355e+06 1 3
2754.23 5.73411e+22 8.80861e+32 9.33596e+32 1.05987 9.16018e+32 1.0925e-33 1.05987 0.157084 0.166489 3.41796 0.08 4.5893e+06 1 3
2290.87 5.73411e+22 4.22258e+32 4.47193e+32 1.05905 4.38882e+32 2.28019e-33 1.05905 0.157327 0.166618 3.41796 0.08 3.17502e+06 1 3
1905.46 5.73411e+22 2.02473e+32 2.14235e+32 1.05809 2.10314e+32 4.75816e-33 1.05809 0.157613 0.166769 3.41796 0.08 2.19658e+06 1 3
1584.89 5.73411e+22 9.71253e+31 1.02651e+32 1.0569 1.00809e+32 9.92647e-33 1.0569 0.157964 0.166951 3.41796 0.08 1.51966e+06 1 3
1318.26 5.73411e+22 4.66109e+31 4.91966e+31 1.05547 4.83347e+31 2.07025e-32 1.05547 0.158384 0.167171 3.41796 0.08 1.05135e+06 1 3
1096.48 5.73411e+22 2.2381e+31 2.3584e+31 1.05375 2.3183e+31 4.31613e-32 1.05375 0.158893 0.167434 3.41796 0.08 727355 1 3
912.011 5.73411e+22 1.07535e+31 1.13091e+31 1.05167 1.11239e+31 8.99475e-32 1.05167 0.159505 0.167746 3.41796 0.08 503207 1 3
758.578 5.73411e+22 5.17069e+30 5.42505e+30 1.04919 5.34026e+30 1.87353e-31 1.04919 0.160241 0.168124 3.41796 0.08 348134 1 3
630.957 5.73411e+22 2.4886e+30 2.60358e+30 1.0462 2.56525e+30 3.90002e-31 1.0462 0.161132 0.168576 3.41796 0.08 240850 1 3
524.807 5.73411e+22 1.19904e+30 1.25019e+30 1.04266 1.23314e+30 8.11252e-31 1.04266 0.162203 0.169123 3.41796 0.08 166627 1 3
436.516 5.73411e+22 5.78465e+29 6.00698e+29 1.03843 5.93287e+29 1.68606e-30 1.03843 0.163494 0.169778 3.41796 0.08 115278 1 3
363.078 5.73411e+22 2.79504e+29 2.88853e+29 1.03345 2.85736e+29 3.50057e-30 1.03345 0.165049 0.17057 3.41796 0.08 79752.9 1 3
301.995 5.73411e+22 1.35298e+29 1.39023e+29 1.02753 1.37782e+29 7.25905e-30 1.02753 0.166924 0.171519 3.41796 0.08 55175.5 1 3
251.189 5.73411e+22 6.56336e+28 6.6985e+28 1.02059 6.65345e+28 1.50312e-29 1.02059 0.169181 0.172664 3.41796 0.08 38172.1 1 3
208.93 5.73411e+22 3.19187e+28 3.23169e+28 1.01247 3.21841e+28 3.10723e-29 1.01247 0.171898 0.174042 3.41796 0.08 26408.7 1 3
173.78 5.73411e+22 1.5568e+28 1.56157e+28 1.00307 1.55998e+28 6.41035e-29 1.00307 0.175169 0.175706 3.41796 0.08 18270.3 1 3
144.544 5.73411e+22 7.61879e+27 7.55966e+27 0.992239 7.57937e+27 1.31939e-28 0.992239 0.179106 0.177716 3.41796 0.08 12640 1 3
120.226 5.73411e+22 3.743e+27 3.66781e+27 0.97991 3.69287e+27 2.70817e-28 0.97991 0.183842 0.180149 3.41796 0.08 8744.73 1 3
100 5.73411e+22 1.8469e+27 1.78427e+27 0.966088 1.80515e+27 5.54118e-28 0.966088 0.189526 0.183099 3.41796 0.08 6049.87 1 3
83.1764 5.73411e+22 9.15737e+26 8.70732e+26 0.950853 8.85734e+26 1.12965e-27 0.950853 0.196334 0.186685 3.41796 0.08 4185.49 1 3
69.1831 5.73411e+22 4.56444e+26 4.26526e+26 0.934452 4.36499e+26 2.2933e-27 0.934452 0.204462 0.19106 3.41796 0.08 2895.65 1 3
57.544 5.73411e+22 2.28786e+26 2.09866e+26 0.917302 2.16173e+26 4.63359e-27 0.917302 0.214119 0.196412 3.41796 0.08 2003.3 1 3
47.863 5.73411e+22 1.15332e+26 1.03805e+26 0.900053 1.07647e+26 9.31251e-27 0.900053 0.225515 0.202975 3.41796 0.08 1385.95 1 3
39.8107 5.73411e+22 5.84635e+25 5.16556e+25 0.883552 5.39249e+25 1.86076e-26 0.883552 0.238842 0.211029 3.41796 0.08 958.84 1 3
33.1131 5.73411e+22 2.97875e+25 2.58787e+25 0.868778 2.71817e+25 3.69516e-26 0.868778 0.254249 0.220886 3.41796 0.08 663.355 1 3
27.5423 5.73411e+22 1.52422e+25 1.30579e+25 0.856694 1.3786e+25 7.29236e-26 0.856694 0.271815 0.232863 3.41796 0.08 458.93 1 3
22.9087 5.73411e+22 7.82431e+24 6.63582e+24 0.848103 7.03198e+24 1.43067e-25 0.848103 0.291522 0.247241 3.41796 0.08 317.502 1 3
19.0546 5.73411e+22 4.02394e+24 3.39421e+24 0.843504 3.60412e+24 2.79251e-25 0.843504 0.313239 0.264219 3.41796 0.08 219.658 1 3
15.8489 5.73411e+22 2.07037e+24 1.74542e+24 0.84305 1.85374e+24 5.42954e-25 0.84305 0.336723 0.283874 3.41796 0.08 151.966 1 3
13.1826 5.73411e+22 1.06421e+24 9.00942e+23 0.846579 9.55366e+23 1.05319e-24 0.846579 0.361622 0.306142 3.41796 0.08 105.135 1 3
10.9648 5.73411e+22 5.45816e+23 4.65962e+23 0.853698 4.9258e+23 2.04144e-24 0.853698 0.3875 0.330808 3.41796 0.08 72.7355 1 3
9.12011 5.73411e+22 2.79016e+23 2.41038e+23 0.863887 2.53698e+23 3.96049e-24 0.863887 0.413861 0.357529 3.41796 0.08 50.3207 1 3
7.58578 5.73411e+22 1.42036e+23 1.24508e+23 0.876594 1.30351e+23 7.70122e-24 0.876594 0.440174 0.385854 3.41796 0.08 34.8134 1 3
6.30957 5.73411e+22 7.19564e+22 6.41343e+22 0.891294 6.67417e+22 1.50273e-23 0.891294 0.465902 0.415256 3.41796 0.08 24.085 1 3
5.24807 5.73411e+22 3.62607e+22 3.29067e+22 0.907505 3.40247e+22 2.9452e-23 0.907505 0.490525 0.445154 3.41796 0.08 16.6627 1 3
4.36516 5.73411e+22 1.81704e+22 1.68041e+22 0.924807 1.72596e+22 5.80176e-23 0.924807 0.513559 0.474943 3.41796 0.08 11.5278 1 3
3.63078 5.73411e+22 9.05295e+21 8.5348e+21 0.942764 8.70751e+21 1.14932e-22 0.942764 0.534583 0.503986 3.41796 0.08 7.97529 1 3
3.01995 5.73411e+22 4.48437e+21 4.30938e+21 0.960978 4.36771e+21 2.29034e-22 0.960978 0.553257 0.531667 3.41796 0.08 5.51755 1 3
2.51189 5.73411e+22 2.20872e+21 2.16237e+21 0.979017 2.17782e+21 4.5922e-22 0.979017 0.569332 0.557386 3.41796 0.08 3.81721 1 3
2.0893 5.73411e+22 1.08196e+21 1.07781e+21 0.996163 1.07919e+21 9.26622e-22 0.996163 0.582688 0.580453 3.41796 0.08 2.64087 1 3
1.7378 5.73411e+22 5.27365e+20 5.33455e+20 1.01155 5.31425e+20 1.88179e-21 1.01155 0.593385 0.600238 3.41796 0.08 1.82703 1 3
1.44544 5.73411e+22 2.55935e+20 2.62219e+20 1.02455 2.60124e+20 3.84482e-21 1.02455 0.601666 0.616439 3.41796 0.08 1.264 1 3
1.20226 5.73411e+22 1.23766e+20 1.28096e+20 1.03499 1.26653e+20 7.89766e-21 1.03499 0.607894 0.629162 3.41796 0.08 0.874473 1 3
1 5.73411e+22 5.96846e+19 6.22521e+19 1.04302 6.13963e+19 1.62941e-20 1.04302 0.612474 0.638821 3.41796 0.08 0.604987 1 3
