10000 2.31851e+23 8.94347e+35 9.84231e+35 1.1005 9.54269e+35 1.05006e-36 1.1005 0.146655 0.161394 4.84053 0.08 1.5465e+08 1 3
8317.64 2.31851e+23 4.28212e+35 4.71139e+35 1.10025 4.5683e+35 2.19344e-36 1.10025 0.146706 0.161413 4.84053 0.08 1.06992e+08 1 3
6918.31 2.31851e+23 2.05025e+35 2.2555e+35 1.10011 2.18708e+35 4.58155e-36 1.10011 0.146756 0.161448 4.84053 0.08 7.40202e+07 1 3
5754.4 2.31851e+23 9.81743e+34 1.07979e+35 1.09987 1.04711e+35 9.56935e-36 1.09987 0.146821 0.161484 4.84053 0.08 5.12095e+07 1 3
4786.3 2.31851e+23 4.70149e+34 5.1696e+34 1.09956 5.01356e+34 1.99859e-35 1.09956 0.146901 0.161527 4.84053 0.08 3.54283e+07 1 3
3981.07 2.31851e+23 2.25173e+34 2.47513e+34 1.09921 2.40066e+34 4.17381e-35 1.09921 0.146996 0.16158 4.84053 0.08 2.45104e+07 1 3
3311.31 2.31851e+23 1.07853e+34 1.18513e+34 1.09884 1.1496e+34 8.71587e-35 1.09884 0.147103 0.161643 4.84053 0.08 1.69571e+07 1 3
2754.23 2.31851e+23 5.16718e+33 5.67502e+33 1.09828 5.50574e+33 1.81984e-34 1.09828 0.147246 0.161718 4.84053 0.08 1.17314e+07 1 3
2290.87 2.31851e+23 2.47591e+33 2.71772e+33 1.09766 2.63712e+33 3.79934e-34 1.09766 0.147409 0.161806 4.84053 0.08 8.11616e+06 1 3
1905.46 2.31851e+23 1.18665e+33 1.30166e+33 1.09692 1.26332e+33 7.93072e-34 1.09692 0.147608 0.161915 4.84053 0.08 5.61501e+06 1 3
1584.89 2.31851e+23 5.68863e+32 6.23486e+32 1.09602 6.05278e+32 1.65522e-33 1.09602 0.147842 0.162038 4.84053 0.08 3.88464e+06 1 3
1318.26 2.31851e+23 2.72799e+32 2.98701e+32 1.09495 2.90067e+32 3.45379e-33 1.09495 0.148126 0.162191 4.84053 0.08 2.68751e+06 1 3
1096.48 2.31851e+23 1.30873e+32 1.43128e+32 1.09364 1.39043e+32 7.20484e-33 1.09364 0.14847 0.162373 4.84053 0.08 1.8593e+06 1 3
912.011 2.31851e+23 6.28144e+31 6.85971e+31 1.09206 6.66695e+31 1.50252e-32 1.09206 0.148884 0.162591 4.84053 0.08 1.28632e+06 1 3
758.578 2.31851e+23 3.01657e+31 3.28854e+31 1.09016 3.19789e+31 3.13225e-32 1.09016 0.149384 0.162852 4.84053 0.08 889919 1 3
630.957 2.31851e+23 1.44966e+31 1.57702e+31 1.08786 1.53457e+31 6.52677e-32 1.08786 0.149987 0.163165 4.84053 0.08 615673 1 3
524.807 2.31851e+23 6.97212e+30 7.56555e+30 1.08511 7.36774e+30 1.35928e-31 1.08511 0.150714 0.163542 4.84053 0.08 425942 1 3
436.516 2.31851e+23 3.35642e+30 3.6312e+30 1.08187 3.5396e+30 2.82906e-31 1.08187 0.151588 0.163998 4.84053 0.08 294680 1 3
363.078 2.31851e+23 1.61767e+30 1.74378e+30 1.07796 1.70174e+30 5.88368e-31 1.07796 0.152643 0.164544 4.84053 0.08 203869 1 3
301.995 2.31851e+23 7.80708e+29 8.37961e+29 1.07334 8.18877e+29 1.22254e-30 1.07334 0.153914 0.165201 4.84053 0.08 141043 1 3
251.189 2.31851e+23 3.77389e+29 4.02999e+29 1.06786 3.94462e+29 2.53753e-30 1.06786 0.155446 0.165994 4.84053 0.08 97577.6 1 3
208.93 2.31851e+23 1.82771e+29 1.93992e+29 1.06139 1.90252e+29 5.26034e-30 1.06139 0.157289 0.166945 4.84053 0.08 67507.2 1 3
173.78 2.31851e+23 8.87138e+28 9.34874e+28 1.05381 9.18962e+28 1.08885e-29 1.05381 0.159507 0.16809 4.84053 0.08 46703.6 1 3
144.544 2.31851e+23 4.31725e+28 4.51136e+28 1.04496 4.44665e+28 2.24985e-29 1.04496 0.16218 0.169472 4.84053 0.08 32311 1 3
120.226 2.31851e+23 2.1074e+28 2.1805e+28 1.03469 2.15613e+28 4.63913e-29 1.03469 0.1654 0.171138 4.84053 0.08 22353.7 1 3
100 2.31851e+23 1.03229e+28 1.05594e+28 1.02291 1.04805e+28 9.54259e-29 1.02291 0.169274 0.173152 4.84053 0.08 15465 1 3
83.1764 2.31851e+23 5.07674e+27 5.12517e+27 1.00954 5.10903e+27 1.95736e-28 1.00954 0.17393 0.175589 4.84053 0.08 10699.2 1 3
69.1831 2.31851e+23 2.50795e+27 2.49436e+27 0.994582 2.49889e+27 4.0018e-28 0.994582 0.179518 0.178546 4.84053 0.08 7402.02 1 3
57.544 2.31851e+23 1.24513e+27 1.21792e+27 0.978152 1.22699e+27 8.1509e-28 0.978152 0.18621 0.182142 4.84053 0.08 5120.95 1 3
47.863 2.31851e+23 6.21511e+26 5.96978e+26 0.960527 6.05155e+26 1.65306e-27 0.960527 0.194195 0.18653 4.84053 0.08 3542.83 1 3
39.8107 2.31851e+23 3.11993e+26 2.93957e+26 0.942191 2.99969e+26 3.3363e-27 0.942191 0.203674 0.191899 4.84053 0.08 2451.04 1 3
33.1131 2.31851e+23 1.5752e+26 1.45527e+26 0.923864 1.49525e+26 6.69718e-27 0.923864 0.214845 0.198488 4.84053 0.08 1695.71 1 3
27.5423 2.31851e+23 7.99714e+25 7.24905e+25 0.906456 7.49841e+25 1.33648e-26 0.906456 0.22789 0.206572 4.84053 0.08 1173.14 1 3
22.9087 2.31851e+23 4.08041e+25 3.63575e+25 0.891025 3.78397e+25 2.65056e-26 0.891025 0.242937 0.216463 4.84053 0.08 811.616 1 3
19.0546 2.31851e+23 2.09054e+25 1.83672e+25 0.878585 1.92133e+25 5.22415e-26 0.878585 0.260045 0.228471 4.84053 0.08 561.501 1 3
15.8489 2.31851e+23 1.0742e+25 9.34502e+24 0.869955 9.81066e+24 1.0237e-25 0.869955 0.279173 0.242868 4.84053 0.08 388.464 1 3
13.1826 2.31851e+23 5.52806e+24 4.78532e+24 0.865641 5.0329e+24 1.99613e-25 0.865641 0.300167 0.259837 4.84053 0.08 268.751 1 3
10.9648 2.31851e+23 2.84505e+24 2.46318e+24 0.865778 2.59047e+24 3.87815e-25 0.865778 0.32276 0.279439 4.84053 0.08 185.93 1 3
9.12011 2.31851e+23 1.46224e+24 1.27239e+24 0.870164 1.33567e+24 7.51909e-25 0.870164 0.346584 0.301585 4.84053 0.08 128.632 1 3
7.58578 2.31851e+23 7.49563e+23 6.58391e+23 0.878366 6.88782e+23 1.45727e-24 0.878366 0.371191 0.326042 4.84053 0.08 88.9919 1 3
6.30957 2.31851e+23 3.82822e+23 3.40644e+23 0.889823 3.54703e+23 2.8278e-24 0.889823 0.396084 0.352444 4.84053 0.08 61.5673 1 3
5.24807 2.31851e+23 1.94637e+23 1.7594e+23 0.903935 1.82172e+23 5.50177e-24 0.903935 0.420742 0.380323 4.84053 0.08 42.5942 1 3
4.36516 2.31851e+23 9.84538e+22 9.05901e+22 0.920128 9.32113e+22 1.07448e-23 0.920128 0.444654 0.409138 4.84053 0.08 29.468 1 3
3.63078 2.31851e+23 4.95272e+22 4.64495e+22 0.937859 4.74754e+22 2.10828e-23 0.937859 0.467341 0.4383 4.84053 0.08 20.3869 1 3
3.01995 2.31851e+23 2.47721e+22 2.36982e+22 0.956647 2.40562e+22 4.15875e-23 0.956647 0.488374 0.467202 4.84053 0.08 14.1043 1 3
2.51189 2.31851e+23 1.23186e+22 1.20228e+22 0.975987 1.21214e+22 8.25098e-23 0.975987 0.5074 0.495215 4.84053 0.08 9.75776 1 3
2.0893 2.31851e+23 6.09066e+21 6.06279e+21 0.995425 6.07208e+21 1.64689e-22 0.995425 0.524148 0.52175 4.84053 0.08 6.75072 1 3
1.7378 2.31851e+23 2.99467e+21 3.03801e+21 1.01447 3.02357e+21 3.3075e-22 1.01447 0.538442 0.546235 4.84053 0.08 4.67036 1 3
1.44544 2.31851e+23 1.4647e+21 1.51212e+21 1.03237 1.49631e+21 6.6846e-22 1.03237 0.550224 0.568035 4.84053 0.08 3.2311 1 3
1.20226 2.31851e+23 7.12994e+20 7.47402e+20 1.04826 7.35933e+20 1.35949e-21 1.04826 0.559597 0.586603 4.84053 0.08 2.23537 1 3
1 2.31851e+23 3.45661e+20 3.66946e+20 1.06158 3.59851e+20 2.78113e-21 1.06158 0.566814 0.601716 4.84053 0.08 1.5465 1 3
