3e+18 0.141215 0.32433 0.0169127 0.0117672 0.121921 0 0 0 0 0 0 0 0 0.112535 
2.9971e+18 0.141227 0.324282 0.0168956 0.0117543 0.121914 0 0 0 0 0 0 0 0 0.112577 
2.9942e+18 0.141237 0.324238 0.0168788 0.0117418 0.121908 0 0 0 0 0 0 0 0 0.112617 
2.9913e+18 0.141246 0.324198 0.0168621 0.0117296 0.121902 0 0 0 0 0 0 0 0 0.112654 
2.9884e+18 0.141252 0.324161 0.0168457 0.0117176 0.121898 0 0 0 0 0 0 0 0 0.112689 
2.9855e+18 0.141257 0.324127 0.0168294 0.0117058 0.121894 0 0 0 0 0 0 0 0 0.112721 
2.9826e+18 0.14126 0.324096 0.0168132 0.0116943 0.121891 0 0 0 0 0 0 0 0 0.112752 
2.9797e+18 0.141262 0.324068 0.0167972 0.0116829 0.121889 0 0 0 0 0 0 0 0 0.112782 
2.9768e+18 0.141262 0.324042 0.0167813 0.0116718 0.121887 0 0 0 0 0 0 0 0 0.112809 
2.9739e+18 0.141261 0.324018 0.0167655 0.0116608 0.121886 0 0 0 0 0 0 0 0 0.112835 
2.971e+18 0.141259 0.323996 0.0167498 0.0116499 0.121885 0 0 0 0 0 0 0 0 0.11286 
2.9681e+18 0.141256 0.323976 0.0167342 0.0116391 0.121885 0 0 0 0 0 0 0 0 0.112883 
2.9652e+18 0.141252 0.323958 0.0167187 0.0116285 0.121885 0 0 0 0 0 0 0 0 0.112905 
2.9623e+18 0.141247 0.323942 0.0167033 0.011618 0.121886 0 0 0 0 0 0 0 0 0.112925 
2.9594e+18 0.14124 0.323928 0.0166879 0.0116076 0.121887 0 0 0 0 0 0 0 0 0.112945 
2.9565e+18 0.141233 0.323915 0.0166726 0.0115973 0.121888 0 0 0 0 0 0 0 0 0.112963 
2.9536e+18 0.141225 0.323904 0.0166573 0.0115871 0.12189 0 0 0 0 0 0 0 0 0.112981 
2.9507e+18 0.141216 0.323894 0.0166422 0.0115769 0.121893 0 0 0 0 0 0 0 0 0.112997 
2.9478e+18 0.141206 0.323886 0.016627 0.0115669 0.121895 0 0 0 0 0 0 0 0 0.113013 
2.9449e+18 0.141196 0.323879 0.0166119 0.0115569 0.121898 0 0 0 0 0 0 0 0 0.113027 
2.942e+18 0.141185 0.323873 0.0165969 0.011547 0.121901 0 0 0 0 0 0 0 0 0.113041 
2.9391e+18 0.141173 0.323869 0.0165819 0.0115371 0.121905 0 0 0 0 0 0 0 0 0.113053 
2.9362e+18 0.14116 0.323866 0.016567 0.0115273 0.121909 0 0 0 0 0 0 0 0 0.113065 
2.9333e+18 0.141146 0.323864 0.0165521 0.0115176 0.121913 0 0 0 0 0 0 0 0 0.113077 
2.9304e+18 0.141132 0.323863 0.0165372 0.0115079 0.121918 0 0 0 0 0 0 0 0 0.113087 
2.9275e+18 0.141117 0.323863 0.0165223 0.0114983 0.121923 0 0 0 0 0 0 0 0 0.113097 
2.9246e+18 0.141102 0.323865 0.0165075 0.0114887 0.121928 0 0 0 0 0 0 0 0 0.113105 
2.9217e+18 0.141086 0.323867 0.0164927 0.0114791 0.121933 0 0 0 0 0 0 0 0 0.113114 
2.9188e+18 0.141069 0.323871 0.016478 0.0114696 0.121939 0 0 0 0 0 0 0 0 0.113121 
2.9159e+18 0.141052 0.323876 0.0164633 0.0114602 0.121945 0 0 0 0 0 0 0 0 0.113128 
2.913e+18 0.141034 0.323881 0.0164486 0.0114507 0.121951 0 0 0 0 0 0 0 0 0.113134 
2.9101e+18 0.141015 0.323888 0.0164339 0.0114414 0.121957 0 0 0 0 0 0 0 0 0.11314 
2.9072e+18 0.140996 0.323895 0.0164192 0.011432 0.121964 0 0 0 0 0 0 0 0 0.113145 
2.9043e+18 0.140976 0.323903 0.0164046 0.0114227 0.121971 0 0 0 0 0 0 0 0 0.113149 
2.9014e+18 0.140956 0.323913 0.01639 0.0114134 0.121978 0 0 0 0 0 0 0 0 0.113153 
2.8985e+18 0.140936 0.323923 0.0163754 0.0114041 0.121986 0 0 0 0 0 0 0 0 0.113156 
2.8956e+18 0.140914 0.323934 0.0163608 0.0113949 0.121993 0 0 0 0 0 0 0 0 0.113159 
2.8927e+18 0.140893 0.323946 0.0163463 0.0113857 0.122001 0 0 0 0 0 0 0 0 0.113161 
2.8898e+18 0.14087 0.323958 0.0163318 0.0113765 0.122009 0 0 0 0 0 0 0 0 0.113162 
2.8869e+18 0.140848 0.323972 0.0163172 0.0113674 0.122017 0 0 0 0 0 0 0 0 0.113163 
2.884e+18 0.140825 0.323986 0.0163027 0.0113582 0.122026 0 0 0 0 0 0 0 0 0.113164 
2.8811e+18 0.140801 0.324001 0.0162882 0.0113491 0.122034 0 0 0 0 0 0 0 0 0.113163 
2.8782e+18 0.140777 0.324017 0.0162738 0.01134 0.122043 0 0 0 0 0 0 0 0 0.113163 
2.8753e+18 0.140752 0.324034 0.0162593 0.0113309 0.122052 0 0 0 0 0 0 0 0 0.113162 
2.8724e+18 0.140727 0.324051 0.0162448 0.0113219 0.122062 0 0 0 0 0 0 0 0 0.11316 
2.8695e+18 0.140701 0.324069 0.0162304 0.0113128 0.122071 0 0 0 0 0 0 0 0 0.113158 
2.8666e+18 0.140676 0.324088 0.016216 0.0113038 0.122081 0 0 0 0 0 0 0 0 0.113156 
2.8637e+18 0.140649 0.324107 0.0162015 0.0112948 0.122091 0 0 0 0 0 0 0 0 0.113153 
2.8608e+18 0.140622 0.324128 0.0161871 0.0112858 0.122101 0 0 0 0 0 0 0 0 0.113149 
2.8579e+18 0.140595 0.324149 0.0161727 0.0112768 0.122111 0 0 0 0 0 0 0 0 0.113145 
2.855e+18 0.140567 0.32417 0.0161583 0.0112679 0.122121 0 0 0 0 0 0 0 0 0.113141 
2.8521e+18 0.140539 0.324192 0.0161439 0.0112589 0.122132 0 0 0 0 0 0 0 0 0.113136 
2.8492e+18 0.140511 0.324215 0.0161296 0.01125 0.122143 0 0 0 0 0 0 0 0 0.113131 
2.8463e+18 0.140482 0.324239 0.0161152 0.0112411 0.122154 0 0 0 0 0 0 0 0 0.113126 
2.8434e+18 0.140452 0.324263 0.0161008 0.0112321 0.122165 0 0 0 0 0 0 0 0 0.113119 
2.8405e+18 0.140423 0.324288 0.0160865 0.0112232 0.122176 0 0 0 0 0 0 0 0 0.113113 
2.8376e+18 0.140393 0.324314 0.0160721 0.0112143 0.122187 0 0 0 0 0 0 0 0 0.113106 
2.8347e+18 0.140362 0.32434 0.0160578 0.0112054 0.122199 0 0 0 0 0 0 0 0 0.113099 
2.8318e+18 0.140331 0.324367 0.0160434 0.0111966 0.122211 0 0 0 0 0 0 0 0 0.113091 
2.8289e+18 0.1403 0.324394 0.0160291 0.0111877 0.122223 0 0 0 0 0 0 0 0 0.113083 
2.826e+18 0.140268 0.324422 0.0160148 0.0111788 0.122235 0 0 0 0 0 0 0 0 0.113075 
2.8231e+18 0.140236 0.324451 0.0160004 0.01117 0.122247 0 0 0 0 0 0 0 0 0.113066 
2.8202e+18 0.140204 0.32448 0.0159861 0.0111611 0.12226 0 0 0 0 0 0 0 0 0.113057 
2.8173e+18 0.140171 0.32451 0.0159718 0.0111523 0.122272 0 0 0 0 0 0 0 0 0.113047 
2.8144e+18 0.140138 0.32454 0.0159575 0.0111435 0.122285 0 0 0 0 0 0 0 0 0.113037 
2.8115e+18 0.140104 0.324571 0.0159432 0.0111347 0.122298 0 0 0 0 0 0 0 0 0.113027 
2.8086e+18 0.140071 0.324603 0.0159289 0.0111258 0.122311 0 0 0 0 0 0 0 0 0.113016 
2.8057e+18 0.140036 0.324635 0.0159146 0.011117 0.122324 0 0 0 0 0 0 0 0 0.113005 
2.8028e+18 0.140002 0.324667 0.0159003 0.0111082 0.122338 0 0 0 0 0 0 0 0 0.112993 
2.7999e+18 0.139967 0.324701 0.015886 0.0110994 0.122351 0 0 0 0 0 0 0 0 0.112981 
2.797e+18 0.139932 0.324734 0.0158717 0.0110906 0.122365 0 0 0 0 0 0 0 0 0.112969 
2.7941e+18 0.139896 0.324769 0.0158574 0.0110818 0.122379 0 0 0 0 0 0 0 0 0.112957 
2.7912e+18 0.13986 0.324804 0.0158431 0.011073 0.122392 0 0 0 0 0 0 0 0 0.112944 
2.7883e+18 0.139824 0.324839 0.0158288 0.0110642 0.122407 0 0 0 0 0 0 0 0 0.112931 
2.7854e+18 0.139787 0.324875 0.0158145 0.0110554 0.122421 0 0 0 0 0 0 0 0 0.112917 
2.7825e+18 0.13975 0.324911 0.0158002 0.0110467 0.122435 0 0 0 0 0 0 0 0 0.112903 
2.7796e+18 0.139713 0.324948 0.0157859 0.0110379 0.12245 0 0 0 0 0 0 0 0 0.112889 
2.7767e+18 0.139675 0.324986 0.0157717 0.0110291 0.122464 0 0 0 0 0 0 0 0 0.112874 
2.7738e+18 0.139637 0.325024 0.0157574 0.0110203 0.122479 0 0 0 0 0 0 0 0 0.11286 
2.7709e+18 0.139599 0.325063 0.0157431 0.0110116 0.122494 0 0 0 0 0 0 0 0 0.112844 
2.768e+18 0.13956 0.325102 0.0157288 0.0110028 0.122509 0 0 0 0 0 0 0 0 0.112829 
2.7651e+18 0.139521 0.325141 0.0157145 0.010994 0.122524 0 0 0 0 0 0 0 0 0.112813 
2.7622e+18 0.139482 0.325181 0.0157003 0.0109853 0.12254 0 0 0 0 0 0 0 0 0.112797 
2.7593e+18 0.139443 0.325222 0.015686 0.0109765 0.122555 0 0 0 0 0 0 0 0 0.11278 
2.7564e+18 0.139403 0.325263 0.0156717 0.0109677 0.122571 0 0 0 0 0 0 0 0 0.112763 
2.7535e+18 0.139363 0.325305 0.0156574 0.010959 0.122587 0 0 0 0 0 0 0 0 0.112746 
2.7506e+18 0.139322 0.325347 0.0156431 0.0109502 0.122603 0 0 0 0 0 0 0 0 0.112729 
2.7477e+18 0.139281 0.325389 0.0156289 0.0109414 0.122619 0 0 0 0 0 0 0 0 0.112711 
2.7448e+18 0.13924 0.325432 0.0156146 0.0109327 0.122635 0 0 0 0 0 0 0 0 0.112693 
2.7419e+18 0.139199 0.325476 0.0156003 0.0109239 0.122651 0 0 0 0 0 0 0 0 0.112674 
2.739e+18 0.139157 0.32552 0.015586 0.0109152 0.122667 0 0 0 0 0 0 0 0 0.112656 
2.7361e+18 0.139115 0.325564 0.0155717 0.0109064 0.122684 0 0 0 0 0 0 0 0 0.112637 
2.7332e+18 0.139073 0.325609 0.0155575 0.0108976 0.122701 0 0 0 0 0 0 0 0 0.112617 
2.7303e+18 0.13903 0.325655 0.0155432 0.0108889 0.122717 0 0 0 0 0 0 0 0 0.112598 
2.7274e+18 0.138987 0.325701 0.0155289 0.0108801 0.122734 0 0 0 0 0 0 0 0 0.112578 
2.7245e+18 0.138944 0.325747 0.0155146 0.0108714 0.122751 0 0 0 0 0 0 0 0 0.112558 
2.7216e+18 0.1389 0.325794 0.0155003 0.0108626 0.122769 0 0 0 0 0 0 0 0 0.112537 
2.7187e+18 0.138856 0.325841 0.015486 0.0108538 0.122786 0 0 0 0 0 0 0 0 0.112516 
2.7158e+18 0.138812 0.325889 0.0154718 0.0108451 0.122803 0 0 0 0 0 0 0 0 0.112495 
2.7129e+18 0.138768 0.325937 0.0154575 0.0108363 0.122821 0 0 0 0 0 0 0 0 0.112474 
2.71e+18 0.138723 0.325986 0.0154432 0.0108275 0.122838 0 0 0 0 0 0 0 0 0.112452 
2.7071e+18 0.138678 0.326035 0.0154289 0.0108188 0.122856 0 0 0 0 0 0 0 0 0.11243 
2.7042e+18 0.138633 0.326085 0.0154146 0.01081 0.122874 0 0 0 0 0 0 0 0 0.112408 
2.7013e+18 0.138587 0.326135 0.0154003 0.0108012 0.122892 0 0 0 0 0 0 0 0 0.112386 
2.6984e+18 0.138541 0.326186 0.015386 0.0107925 0.12291 0 0 0 0 0 0 0 0 0.112363 
2.6955e+18 0.138495 0.326237 0.0153717 0.0107837 0.122929 0 0 0 0 0 0 0 0 0.11234 
2.6926e+18 0.138449 0.326288 0.0153574 0.0107749 0.122947 0 0 0 0 0 0 0 0 0.112316 
2.6897e+18 0.138402 0.32634 0.0153431 0.0107661 0.122966 0 0 0 0 0 0 0 0 0.112293 
2.6868e+18 0.138355 0.326392 0.0153288 0.0107573 0.122984 0 0 0 0 0 0 0 0 0.112269 
2.6839e+18 0.138308 0.326445 0.0153145 0.0107486 0.123003 0 0 0 0 0 0 0 0 0.112245 
2.681e+18 0.13826 0.326498 0.0153002 0.0107398 0.123022 0 0 0 0 0 0 0 0 0.11222 
2.6781e+18 0.138212 0.326552 0.0152858 0.010731 0.123041 0 0 0 0 0 0 0 0 0.112195 
2.6752e+18 0.138164 0.326606 0.0152715 0.0107222 0.12306 0 0 0 0 0 0 0 0 0.11217 
2.6723e+18 0.138116 0.32666 0.0152572 0.0107134 0.123079 0 0 0 0 0 0 0 0 0.112145 
2.6694e+18 0.138067 0.326715 0.0152429 0.0107046 0.123098 0 0 0 0 0 0 0 0 0.11212 
2.6665e+18 0.138018 0.32677 0.0152286 0.0106958 0.123118 0 0 0 0 0 0 0 0 0.112094 
2.6636e+18 0.137969 0.326826 0.0152143 0.010687 0.123137 0 0 0 0 0 0 0 0 0.112068 
2.6607e+18 0.137919 0.326882 0.0151999 0.0106782 0.123157 0 0 0 0 0 0 0 0 0.112041 
2.6578e+18 0.13787 0.326939 0.0151856 0.0106694 0.123177 0 0 0 0 0 0 0 0 0.112015 
2.6549e+18 0.13782 0.326996 0.0151713 0.0106606 0.123197 0 0 0 0 0 0 0 0 0.111988 
2.652e+18 0.137769 0.327053 0.0151569 0.0106518 0.123217 0 0 0 0 0 0 0 0 0.111961 
2.6491e+18 0.137719 0.327111 0.0151426 0.010643 0.123237 0 0 0 0 0 0 0 0 0.111933 
2.6462e+18 0.137668 0.327169 0.0151283 0.0106342 0.123257 0 0 0 0 0 0 0 0 0.111906 
2.6433e+18 0.137617 0.327228 0.0151139 0.0106254 0.123277 0 0 0 0 0 0 0 0 0.111878 
2.6404e+18 0.137565 0.327287 0.0150996 0.0106165 0.123298 0 0 0 0 0 0 0 0 0.111849 
2.6375e+18 0.137514 0.327347 0.0150852 0.0106077 0.123318 0 0 0 0 0 0 0 0 0.111821 
2.6346e+18 0.137462 0.327407 0.0150709 0.0105989 0.123339 0 0 0 0 0 0 0 0 0.111792 
2.6317e+18 0.13741 0.327467 0.0150565 0.01059 0.12336 0 0 0 0 0 0 0 0 0.111763 
2.6288e+18 0.137357 0.327528 0.0150422 0.0105812 0.123381 0 0 0 0 0 0 0 0 0.111734 
2.6259e+18 0.137305 0.327589 0.0150278 0.0105724 0.123402 0 0 0 0 0 0 0 0 0.111705 
2.623e+18 0.137252 0.327651 0.0150134 0.0105635 0.123423 0 0 0 0 0 0 0 0 0.111675 
2.6201e+18 0.137199 0.327713 0.0149991 0.0105547 0.123444 0 0 0 0 0 0 0 0 0.111645 
2.6172e+18 0.137145 0.327775 0.0149847 0.0105458 0.123465 0 0 0 0 0 0 0 0 0.111615 
2.6143e+18 0.137091 0.327838 0.0149703 0.010537 0.123487 0 0 0 0 0 0 0 0 0.111584 
2.6114e+18 0.137037 0.327901 0.0149559 0.0105281 0.123508 0 0 0 0 0 0 0 0 0.111553 
2.6085e+18 0.136983 0.327965 0.0149416 0.0105192 0.12353 0 0 0 0 0 0 0 0 0.111522 
2.6056e+18 0.136929 0.328029 0.0149272 0.0105104 0.123552 0 0 0 0 0 0 0 0 0.111491 
2.6027e+18 0.136874 0.328093 0.0149128 0.0105015 0.123574 0 0 0 0 0 0 0 0 0.111459 
2.5998e+18 0.136819 0.328158 0.0148984 0.0104926 0.123596 0 0 0 0 0 0 0 0 0.111428 
2.5969e+18 0.136764 0.328223 0.014884 0.0104838 0.123618 0 0 0 0 0 0 0 0 0.111396 
2.594e+18 0.136708 0.328289 0.0148696 0.0104749 0.12364 0 0 0 0 0 0 0 0 0.111363 
2.5911e+18 0.136652 0.328355 0.0148552 0.010466 0.123662 0 0 0 0 0 0 0 0 0.111331 
2.5882e+18 0.136596 0.328421 0.0148408 0.0104571 0.123684 0 0 0 0 0 0 0 0 0.111298 
2.5853e+18 0.13654 0.328488 0.0148264 0.0104482 0.123707 0 0 0 0 0 0 0 0 0.111265 
2.5824e+18 0.136483 0.328555 0.014812 0.0104393 0.12373 0 0 0 0 0 0 0 0 0.111232 
2.5795e+18 0.136427 0.328623 0.0147976 0.0104304 0.123752 0 0 0 0 0 0 0 0 0.111199 
2.5766e+18 0.13637 0.328691 0.0147832 0.0104215 0.123775 0 0 0 0 0 0 0 0 0.111165 
2.5737e+18 0.136312 0.328759 0.0147687 0.0104126 0.123798 0 0 0 0 0 0 0 0 0.111131 
2.5708e+18 0.136255 0.328828 0.0147543 0.0104037 0.123821 0 0 0 0 0 0 0 0 0.111097 
2.5679e+18 0.136197 0.328897 0.0147399 0.0103947 0.123844 0 0 0 0 0 0 0 0 0.111062 
2.565e+18 0.136139 0.328966 0.0147255 0.0103858 0.123867 0 0 0 0 0 0 0 0 0.111028 
2.5621e+18 0.136081 0.329036 0.014711 0.0103769 0.123891 0 0 0 0 0 0 0 0 0.110993 
2.5592e+18 0.136022 0.329107 0.0146966 0.010368 0.123914 0 0 0 0 0 0 0 0 0.110957 
2.5563e+18 0.135963 0.329177 0.0146821 0.010359 0.123937 0 0 0 0 0 0 0 0 0.110922 
2.5534e+18 0.135904 0.329248 0.0146677 0.0103501 0.123961 0 0 0 0 0 0 0 0 0.110886 
2.5505e+18 0.135845 0.32932 0.0146532 0.0103411 0.123985 0 0 0 0 0 0 0 0 0.110851 
2.5476e+18 0.135785 0.329392 0.0146388 0.0103322 0.124009 0 0 0 0 0 0 0 0 0.110814 
2.5447e+18 0.135726 0.329464 0.0146243 0.0103232 0.124032 0 0 0 0 0 0 0 0 0.110778 
2.5418e+18 0.135666 0.329536 0.0146099 0.0103143 0.124056 0 0 0 0 0 0 0 0 0.110742 
2.5389e+18 0.135605 0.329609 0.0145954 0.0103053 0.124081 0 0 0 0 0 0 0 0 0.110705 
2.536e+18 0.135545 0.329683 0.0145809 0.0102963 0.124105 0 0 0 0 0 0 0 0 0.110668 
2.5331e+18 0.135484 0.329756 0.0145664 0.0102874 0.124129 0 0 0 0 0 0 0 0 0.11063 
2.5302e+18 0.135423 0.329831 0.014552 0.0102784 0.124153 0 0 0 0 0 0 0 0 0.110593 
2.5273e+18 0.135362 0.329905 0.0145375 0.0102694 0.124178 0 0 0 0 0 0 0 0 0.110555 
2.5244e+18 0.1353 0.32998 0.014523 0.0102604 0.124203 0 0 0 0 0 0 0 0 0.110517 
2.5215e+18 0.135239 0.330055 0.0145085 0.0102514 0.124227 0 0 0 0 0 0 0 0 0.110479 
2.5186e+18 0.135177 0.330131 0.014494 0.0102424 0.124252 0 0 0 0 0 0 0 0 0.11044 
2.5157e+18 0.135115 0.330207 0.0144795 0.0102334 0.124277 0 0 0 0 0 0 0 0 0.110402 
2.5128e+18 0.135145 0.330152 0.014472 0.0102342 0.124263 0 0 0 0 0 0 0 0 0.11044 
2.5099e+18 0.135309 0.329878 0.0144585 0.0102267 0.12419 0 0 0 0 0 0 0 0 0.110624 
2.507e+18 0.135431 0.329668 0.0144452 0.0102194 0.124134 0 0 0 0 0 0 0 0 0.110766 
2.5041e+18 0.135529 0.329497 0.0144319 0.0102121 0.124089 0 0 0 0 0 0 0 0 0.110885 
2.5012e+18 0.135609 0.329353 0.0144186 0.0102048 0.124052 0 0 0 0 0 0 0 0 0.110986 
2.4983e+18 0.135677 0.329228 0.0144052 0.0101974 0.12402 0 0 0 0 0 0 0 0 0.111075 
2.4954e+18 0.135735 0.329118 0.0143918 0.0101899 0.123993 0 0 0 0 0 0 0 0 0.111154 
2.4925e+18 0.135786 0.329021 0.0143784 0.0101824 0.123969 0 0 0 0 0 0 0 0 0.111225 
2.4896e+18 0.135829 0.328934 0.0143649 0.0101748 0.123948 0 0 0 0 0 0 0 0 0.111289 
2.4867e+18 0.135867 0.328856 0.0143514 0.0101672 0.123929 0 0 0 0 0 0 0 0 0.111348 
2.4838e+18 0.1359 0.328785 0.0143378 0.0101596 0.123913 0 0 0 0 0 0 0 0 0.111402 
2.4809e+18 0.135928 0.328721 0.0143243 0.0101518 0.123898 0 0 0 0 0 0 0 0 0.111452 
2.478e+18 0.135953 0.328664 0.0143106 0.0101441 0.123886 0 0 0 0 0 0 0 0 0.111498 
2.4751e+18 0.135974 0.328611 0.014297 0.0101363 0.123874 0 0 0 0 0 0 0 0 0.11154 
2.4722e+18 0.135992 0.328564 0.0142833 0.0101285 0.123865 0 0 0 0 0 0 0 0 0.11158 
2.4693e+18 0.136007 0.328521 0.0142696 0.0101206 0.123856 0 0 0 0 0 0 0 0 0.111616 
2.4664e+18 0.136019 0.328482 0.0142559 0.0101127 0.123848 0 0 0 0 0 0 0 0 0.11165 
2.4635e+18 0.136029 0.328447 0.0142422 0.0101048 0.123842 0 0 0 0 0 0 0 0 0.111682 
2.4606e+18 0.136037 0.328415 0.0142284 0.0100968 0.123837 0 0 0 0 0 0 0 0 0.111711 
2.4577e+18 0.136042 0.328387 0.0142146 0.0100888 0.123832 0 0 0 0 0 0 0 0 0.111739 
2.4548e+18 0.136046 0.328362 0.0142008 0.0100808 0.123829 0 0 0 0 0 0 0 0 0.111764 
2.4519e+18 0.136047 0.328339 0.014187 0.0100727 0.123826 0 0 0 0 0 0 0 0 0.111788 
2.449e+18 0.136047 0.328319 0.0141731 0.0100646 0.123824 0 0 0 0 0 0 0 0 0.111809 
2.4461e+18 0.136045 0.328302 0.0141592 0.0100565 0.123822 0 0 0 0 0 0 0 0 0.11183 
2.4432e+18 0.136042 0.328287 0.0141453 0.0100484 0.123822 0 0 0 0 0 0 0 0 0.111848 
2.4403e+18 0.136037 0.328275 0.0141314 0.0100402 0.123822 0 0 0 0 0 0 0 0 0.111866 
2.4374e+18 0.136031 0.328265 0.0141175 0.010032 0.123823 0 0 0 0 0 0 0 0 0.111881 
2.4345e+18 0.136023 0.328257 0.0141036 0.0100238 0.123824 0 0 0 0 0 0 0 0 0.111896 
2.4316e+18 0.136014 0.328251 0.0140896 0.0100156 0.123826 0 0 0 0 0 0 0 0 0.111909 
2.4287e+18 0.136004 0.328247 0.0140756 0.0100074 0.123828 0 0 0 0 0 0 0 0 0.111921 
2.4258e+18 0.135993 0.328244 0.0140616 0.00999908 0.123831 0 0 0 0 0 0 0 0 0.111932 
2.4229e+18 0.13598 0.328244 0.0140476 0.00999078 0.123834 0 0 0 0 0 0 0 0 0.111942 
2.42e+18 0.135966 0.328245 0.0140336 0.00998247 0.123838 0 0 0 0 0 0 0 0 0.11195 
2.4171e+18 0.135952 0.328248 0.0140196 0.00997413 0.123843 0 0 0 0 0 0 0 0 0.111958 
2.4142e+18 0.135936 0.328252 0.0140055 0.00996577 0.123848 0 0 0 0 0 0 0 0 0.111964 
2.4113e+18 0.135919 0.328258 0.0139915 0.0099574 0.123853 0 0 0 0 0 0 0 0 0.11197 
2.4084e+18 0.135901 0.328266 0.0139774 0.009949 0.123859 0 0 0 0 0 0 0 0 0.111974 
2.4055e+18 0.135882 0.328275 0.0139633 0.00994059 0.123865 0 0 0 0 0 0 0 0 0.111978 
2.4026e+18 0.135862 0.328285 0.0139492 0.00993216 0.123871 0 0 0 0 0 0 0 0 0.111981 
2.3997e+18 0.135842 0.328297 0.0139351 0.00992371 0.123878 0 0 0 0 0 0 0 0 0.111983 
2.3968e+18 0.13582 0.32831 0.0139209 0.00991525 0.123886 0 0 0 0 0 0 0 0 0.111984 
2.3939e+18 0.135798 0.328325 0.0139068 0.00990677 0.123893 0 0 0 0 0 0 0 0 0.111984 
2.391e+18 0.135774 0.328341 0.0138926 0.00989827 0.123901 0 0 0 0 0 0 0 0 0.111983 
2.3881e+18 0.13575 0.328358 0.0138785 0.00988975 0.12391 0 0 0 0 0 0 0 0 0.111982 
2.3852e+18 0.135725 0.328376 0.0138643 0.00988122 0.123919 0 0 0 0 0 0 0 0 0.11198 
2.3823e+18 0.1357 0.328395 0.0138501 0.00987267 0.123928 0 0 0 0 0 0 0 0 0.111977 
2.3794e+18 0.135673 0.328416 0.0138359 0.00986411 0.123937 0 0 0 0 0 0 0 0 0.111973 
2.3765e+18 0.135646 0.328438 0.0138217 0.00985553 0.123947 0 0 0 0 0 0 0 0 0.111969 
2.3736e+18 0.135618 0.328461 0.0138075 0.00984694 0.123957 0 0 0 0 0 0 0 0 0.111964 
2.3707e+18 0.13559 0.328485 0.0137932 0.00983833 0.123967 0 0 0 0 0 0 0 0 0.111958 
2.3678e+18 0.135561 0.32851 0.013779 0.00982971 0.123978 0 0 0 0 0 0 0 0 0.111952 
2.3649e+18 0.135531 0.328536 0.0137647 0.00982107 0.123989 0 0 0 0 0 0 0 0 0.111945 
2.362e+18 0.1355 0.328563 0.0137504 0.00981242 0.124 0 0 0 0 0 0 0 0 0.111937 
2.3591e+18 0.135469 0.328591 0.0137362 0.00980375 0.124012 0 0 0 0 0 0 0 0 0.111929 
2.3562e+18 0.135437 0.32862 0.0137219 0.00979507 0.124024 0 0 0 0 0 0 0 0 0.11192 
2.3533e+18 0.135404 0.328651 0.0137076 0.00978638 0.124036 0 0 0 0 0 0 0 0 0.11191 
2.3504e+18 0.135371 0.328682 0.0136933 0.00977767 0.124048 0 0 0 0 0 0 0 0 0.1119 
2.3475e+18 0.135337 0.328714 0.0136789 0.00976895 0.124061 0 0 0 0 0 0 0 0 0.111889 
2.3446e+18 0.135302 0.328747 0.0136646 0.00976021 0.124074 0 0 0 0 0 0 0 0 0.111877 
2.3417e+18 0.135267 0.328781 0.0136503 0.00975147 0.124087 0 0 0 0 0 0 0 0 0.111865 
2.3388e+18 0.135231 0.328816 0.0136359 0.00974271 0.1241 0 0 0 0 0 0 0 0 0.111853 
2.3359e+18 0.135195 0.328851 0.0136216 0.00973393 0.124114 0 0 0 0 0 0 0 0 0.11184 
2.333e+18 0.135158 0.328888 0.0136072 0.00972514 0.124128 0 0 0 0 0 0 0 0 0.111826 
2.3301e+18 0.135121 0.328926 0.0135928 0.00971634 0.124142 0 0 0 0 0 0 0 0 0.111812 
2.3272e+18 0.135083 0.328964 0.0135784 0.00970753 0.124157 0 0 0 0 0 0 0 0 0.111797 
2.3243e+18 0.135089 0.32902 0.0136701 0.00969242 0.124163 0 0 0 0 0 0 0 0 0.111727 
2.3214e+18 0.135124 0.329088 0.0138278 0.00967333 0.124166 0 0 0 0 0 0 0 0 0.111623 
2.3185e+18 0.135144 0.329152 0.0139541 0.00965607 0.124171 0 0 0 0 0 0 0 0 0.111534 
2.3156e+18 0.135156 0.329213 0.0140614 0.0096399 0.124177 0 0 0 0 0 0 0 0 0.111454 
2.3127e+18 0.135161 0.329273 0.0141556 0.00962448 0.124185 0 0 0 0 0 0 0 0 0.111381 
2.3098e+18 0.135162 0.329333 0.01424 0.0096096 0.124193 0 0 0 0 0 0 0 0 0.111312 
2.3069e+18 0.135159 0.329392 0.0143168 0.00959515 0.124203 0 0 0 0 0 0 0 0 0.111247 
2.304e+18 0.135153 0.32945 0.0143874 0.00958105 0.124213 0 0 0 0 0 0 0 0 0.111184 
2.3011e+18 0.135144 0.329509 0.0144529 0.00956722 0.124224 0 0 0 0 0 0 0 0 0.111124 
2.2982e+18 0.135132 0.329568 0.014514 0.00955364 0.124235 0 0 0 0 0 0 0 0 0.111065 
2.2953e+18 0.135119 0.329627 0.0145713 0.00954025 0.124247 0 0 0 0 0 0 0 0 0.111007 
2.2924e+18 0.135104 0.329686 0.0146252 0.00952704 0.124259 0 0 0 0 0 0 0 0 0.110951 
2.2895e+18 0.135087 0.329746 0.0146763 0.00951399 0.124271 0 0 0 0 0 0 0 0 0.110896 
2.2866e+18 0.135068 0.329806 0.0147247 0.00950108 0.124284 0 0 0 0 0 0 0 0 0.110842 
2.2837e+18 0.135048 0.329866 0.0147707 0.00948829 0.124298 0 0 0 0 0 0 0 0 0.110789 
2.2808e+18 0.135026 0.329927 0.0148146 0.00947561 0.124311 0 0 0 0 0 0 0 0 0.110736 
2.2779e+18 0.135003 0.329988 0.0148565 0.00946303 0.124326 0 0 0 0 0 0 0 0 0.110684 
2.275e+18 0.134979 0.330049 0.0148966 0.00945053 0.12434 0 0 0 0 0 0 0 0 0.110632 
2.2721e+18 0.134954 0.330111 0.014935 0.00943813 0.124355 0 0 0 0 0 0 0 0 0.11058 
2.2692e+18 0.134927 0.330174 0.0149719 0.0094258 0.12437 0 0 0 0 0 0 0 0 0.11053 
2.2663e+18 0.1349 0.330236 0.0150073 0.00941354 0.124385 0 0 0 0 0 0 0 0 0.110479 
2.2634e+18 0.134871 0.3303 0.0150414 0.00940134 0.124401 0 0 0 0 0 0 0 0 0.110428 
2.2605e+18 0.134842 0.330364 0.0150742 0.00938921 0.124417 0 0 0 0 0 0 0 0 0.110378 
2.2576e+18 0.134811 0.330428 0.0151058 0.00937713 0.124433 0 0 0 0 0 0 0 0 0.110328 
2.2547e+18 0.13491 0.330351 0.0151937 0.00937588 0.124399 0 0 0 0 0 0 0 0 0.11034 
2.2518e+18 0.135002 0.330279 0.015276 0.00937443 0.124368 0 0 0 0 0 0 0 0 0.110351 
2.2489e+18 0.135075 0.330225 0.0153481 0.00937175 0.124344 0 0 0 0 0 0 0 0 0.110355 
2.246e+18 0.135136 0.330185 0.0154132 0.00936823 0.124324 0 0 0 0 0 0 0 0 0.110355 
2.2431e+18 0.135187 0.330154 0.0154727 0.00936411 0.124308 0 0 0 0 0 0 0 0 0.11035 
2.2402e+18 0.135231 0.330131 0.0155278 0.00935953 0.124295 0 0 0 0 0 0 0 0 0.110343 
2.2373e+18 0.135268 0.330113 0.0155793 0.00935458 0.124284 0 0 0 0 0 0 0 0 0.110334 
2.2344e+18 0.1353 0.330102 0.0156277 0.00934933 0.124275 0 0 0 0 0 0 0 0 0.110323 
2.2315e+18 0.135328 0.330094 0.0156735 0.00934382 0.124268 0 0 0 0 0 0 0 0 0.11031 
2.2286e+18 0.135351 0.330091 0.0157168 0.00933809 0.124262 0 0 0 0 0 0 0 0 0.110296 
2.2257e+18 0.135371 0.330091 0.015758 0.00933218 0.124258 0 0 0 0 0 0 0 0 0.110281 
2.2228e+18 0.135387 0.330094 0.0157973 0.00932611 0.124255 0 0 0 0 0 0 0 0 0.110264 
2.2199e+18 0.135401 0.3301 0.0158349 0.00931989 0.124252 0 0 0 0 0 0 0 0 0.110246 
2.217e+18 0.135412 0.330109 0.0158709 0.00931353 0.124251 0 0 0 0 0 0 0 0 0.110228 
2.2141e+18 0.135421 0.33012 0.0159055 0.00930707 0.124251 0 0 0 0 0 0 0 0 0.110208 
2.2112e+18 0.135427 0.330134 0.0159387 0.00930049 0.124251 0 0 0 0 0 0 0 0 0.110188 
2.2083e+18 0.135431 0.330149 0.0159706 0.00929382 0.124252 0 0 0 0 0 0 0 0 0.110167 
2.2054e+18 0.135434 0.330167 0.0160014 0.00928707 0.124254 0 0 0 0 0 0 0 0 0.110145 
2.2025e+18 0.135434 0.330186 0.016031 0.00928023 0.124257 0 0 0 0 0 0 0 0 0.110123 
2.1996e+18 0.135455 0.330158 0.0160471 0.00926988 0.124248 0 0 0 0 0 0 0 0 0.110138 
2.1967e+18 0.135507 0.330063 0.0160446 0.00925459 0.124221 0 0 0 0 0 0 0 0 0.110208 
2.1938e+18 0.13555 0.329986 0.0160457 0.00924031 0.1242 0 0 0 0 0 0 0 0 0.110264 
2.1909e+18 0.135586 0.329922 0.0160489 0.0092267 0.124182 0 0 0 0 0 0 0 0 0.11031 
2.188e+18 0.135616 0.329868 0.0160535 0.00921357 0.124166 0 0 0 0 0 0 0 0 0.110349 
2.1851e+18 0.135643 0.329821 0.0160591 0.00920078 0.124153 0 0 0 0 0 0 0 0 0.110383 
2.1822e+18 0.135665 0.329782 0.0160654 0.00918828 0.124142 0 0 0 0 0 0 0 0 0.110412 
2.1793e+18 0.135684 0.329747 0.0160721 0.00917599 0.124132 0 0 0 0 0 0 0 0 0.110436 
2.1764e+18 0.135701 0.329718 0.0160792 0.00916388 0.124123 0 0 0 0 0 0 0 0 0.110458 
2.1735e+18 0.135715 0.329693 0.0160864 0.00915192 0.124116 0 0 0 0 0 0 0 0 0.110476 
2.1706e+18 0.135726 0.329672 0.0160938 0.0091401 0.12411 0 0 0 0 0 0 0 0 0.110492 
2.1677e+18 0.135735 0.329654 0.0161013 0.00912837 0.124105 0 0 0 0 0 0 0 0 0.110506 
2.1648e+18 0.135742 0.32964 0.0161088 0.00911675 0.124101 0 0 0 0 0 0 0 0 0.110517 
2.1619e+18 0.135748 0.329628 0.0161163 0.0091052 0.124098 0 0 0 0 0 0 0 0 0.110526 
2.159e+18 0.135751 0.32962 0.0161237 0.00909372 0.124095 0 0 0 0 0 0 0 0 0.110534 
2.1561e+18 0.135753 0.329614 0.016131 0.00908231 0.124094 0 0 0 0 0 0 0 0 0.11054 
2.1532e+18 0.135753 0.32961 0.0161382 0.00907096 0.124093 0 0 0 0 0 0 0 0 0.110544 
2.1503e+18 0.135752 0.329609 0.0161453 0.00905965 0.124093 0 0 0 0 0 0 0 0 0.110547 
2.1474e+18 0.135749 0.32961 0.0161522 0.00904839 0.124093 0 0 0 0 0 0 0 0 0.110548 
2.1445e+18 0.135744 0.329613 0.016159 0.00903717 0.124094 0 0 0 0 0 0 0 0 0.110548 
2.1416e+18 0.135739 0.329618 0.0161656 0.00902599 0.124096 0 0 0 0 0 0 0 0 0.110547 
2.1387e+18 0.135732 0.329625 0.0161721 0.00901484 0.124098 0 0 0 0 0 0 0 0 0.110545 
2.1358e+18 0.135724 0.329634 0.0161784 0.00900372 0.124101 0 0 0 0 0 0 0 0 0.110542 
2.1329e+18 0.135714 0.329644 0.0161845 0.00899263 0.124104 0 0 0 0 0 0 0 0 0.110537 
2.13e+18 0.135704 0.329657 0.0161905 0.00898157 0.124108 0 0 0 0 0 0 0 0 0.110532 
2.1271e+18 0.135692 0.329671 0.0161962 0.00897052 0.124113 0 0 0 0 0 0 0 0 0.110525 
2.1242e+18 0.135679 0.329686 0.0162018 0.0089595 0.124117 0 0 0 0 0 0 0 0 0.110518 
2.1213e+18 0.135665 0.329703 0.0162072 0.0089485 0.124123 0 0 0 0 0 0 0 0 0.110509 
2.1184e+18 0.13565 0.329722 0.0162124 0.00893752 0.124128 0 0 0 0 0 0 0 0 0.1105 
2.1155e+18 0.135634 0.329742 0.0162174 0.00892655 0.124135 0 0 0 0 0 0 0 0 0.11049 
2.1126e+18 0.135617 0.329763 0.0162222 0.0089156 0.124141 0 0 0 0 0 0 0 0 0.110479 
2.1097e+18 0.135599 0.329786 0.0162269 0.00890467 0.124148 0 0 0 0 0 0 0 0 0.110467 
2.1068e+18 0.13558 0.32981 0.0162313 0.00889374 0.124156 0 0 0 0 0 0 0 0 0.110455 
2.1039e+18 0.13556 0.329835 0.0162356 0.00888283 0.124164 0 0 0 0 0 0 0 0 0.110441 
2.101e+18 0.135539 0.329862 0.0162396 0.00887193 0.124172 0 0 0 0 0 0 0 0 0.110427 
2.0981e+18 0.135517 0.32989 0.0162435 0.00886104 0.124181 0 0 0 0 0 0 0 0 0.110412 
2.0952e+18 0.135494 0.329919 0.0162472 0.00885016 0.12419 0 0 0 0 0 0 0 0 0.110397 
2.0923e+18 0.135471 0.329949 0.0162507 0.00883929 0.124199 0 0 0 0 0 0 0 0 0.110381 
2.0894e+18 0.135446 0.329981 0.016254 0.00882843 0.124209 0 0 0 0 0 0 0 0 0.110364 
2.0865e+18 0.135421 0.330014 0.0162571 0.00881758 0.124219 0 0 0 0 0 0 0 0 0.110346 
2.0836e+18 0.135395 0.330048 0.01626 0.00880673 0.12423 0 0 0 0 0 0 0 0 0.110328 
2.0807e+18 0.135368 0.330083 0.0162628 0.00879589 0.124241 0 0 0 0 0 0 0 0 0.110309 
2.0778e+18 0.13534 0.330119 0.0162654 0.00878506 0.124252 0 0 0 0 0 0 0 0 0.11029 
2.0749e+18 0.135311 0.330156 0.0162678 0.00877423 0.124263 0 0 0 0 0 0 0 0 0.110269 
2.072e+18 0.135282 0.330194 0.01627 0.00876341 0.124275 0 0 0 0 0 0 0 0 0.110249 
2.0691e+18 0.135252 0.330233 0.016272 0.00875259 0.124287 0 0 0 0 0 0 0 0 0.110227 
2.0662e+18 0.135221 0.330274 0.0162739 0.00874178 0.1243 0 0 0 0 0 0 0 0 0.110205 
2.0633e+18 0.13519 0.330315 0.0162756 0.00873097 0.124313 0 0 0 0 0 0 0 0 0.110183 
2.0604e+18 0.135157 0.330357 0.0162771 0.00872016 0.124326 0 0 0 0 0 0 0 0 0.11016 
2.0575e+18 0.135124 0.330401 0.0162785 0.00870936 0.124339 0 0 0 0 0 0 0 0 0.110136 
2.0546e+18 0.13509 0.330445 0.0162796 0.00869856 0.124353 0 0 0 0 0 0 0 0 0.110112 
2.0517e+18 0.135056 0.33049 0.0162806 0.00868777 0.124367 0 0 0 0 0 0 0 0 0.110087 
2.0488e+18 0.13502 0.330537 0.0162815 0.00867697 0.124381 0 0 0 0 0 0 0 0 0.110062 
2.0459e+18 0.134984 0.330584 0.0162822 0.00866618 0.124396 0 0 0 0 0 0 0 0 0.110036 
2.043e+18 0.134948 0.330632 0.0162827 0.0086554 0.124411 0 0 0 0 0 0 0 0 0.11001 
2.0401e+18 0.13491 0.330681 0.016283 0.00864461 0.124426 0 0 0 0 0 0 0 0 0.109983 
2.0372e+18 0.134872 0.330731 0.0162832 0.00863383 0.124441 0 0 0 0 0 0 0 0 0.109955 
2.0343e+18 0.134834 0.330782 0.0162833 0.00862304 0.124457 0 0 0 0 0 0 0 0 0.109927 
2.0314e+18 0.134794 0.330834 0.0162831 0.00861226 0.124473 0 0 0 0 0 0 0 0 0.109899 
2.0285e+18 0.134754 0.330887 0.0162829 0.00860148 0.124489 0 0 0 0 0 0 0 0 0.10987 
2.0256e+18 0.134713 0.33094 0.0162824 0.0085907 0.124506 0 0 0 0 0 0 0 0 0.10984 
2.0227e+18 0.134672 0.330995 0.0162818 0.00857992 0.124523 0 0 0 0 0 0 0 0 0.10981 
2.0198e+18 0.13463 0.33105 0.0162811 0.00856914 0.12454 0 0 0 0 0 0 0 0 0.10978 
2.0169e+18 0.134587 0.331107 0.0162802 0.00855837 0.124557 0 0 0 0 0 0 0 0 0.109749 
2.014e+18 0.134544 0.331164 0.0162791 0.00854759 0.124575 0 0 0 0 0 0 0 0 0.109717 
2.0111e+18 0.1345 0.331222 0.0162779 0.00853681 0.124593 0 0 0 0 0 0 0 0 0.109686 
2.0082e+18 0.134456 0.33128 0.0162766 0.00852604 0.124611 0 0 0 0 0 0 0 0 0.109653 
2.0053e+18 0.134411 0.33134 0.0162751 0.00851526 0.124629 0 0 0 0 0 0 0 0 0.10962 
2.0024e+18 0.134365 0.331401 0.0162735 0.00850448 0.124648 0 0 0 0 0 0 0 0 0.109587 
1.9995e+18 0.134319 0.331462 0.0162717 0.00849371 0.124666 0 0 0 0 0 0 0 0 0.109553 
1.9966e+18 0.134272 0.331524 0.0162698 0.00848293 0.124686 0 0 0 0 0 0 0 0 0.109519 
1.9937e+18 0.134224 0.331587 0.0162677 0.00847215 0.124705 0 0 0 0 0 0 0 0 0.109484 
1.9908e+18 0.134176 0.331651 0.0162656 0.00846137 0.124725 0 0 0 0 0 0 0 0 0.109449 
1.9879e+18 0.134127 0.331715 0.0162632 0.00845059 0.124744 0 0 0 0 0 0 0 0 0.109413 
1.985e+18 0.134078 0.331781 0.0162607 0.00843981 0.124764 0 0 0 0 0 0 0 0 0.109377 
1.9821e+18 0.134028 0.331847 0.0162581 0.00842903 0.124785 0 0 0 0 0 0 0 0 0.109341 
1.9792e+18 0.133977 0.331914 0.0162554 0.00841825 0.124805 0 0 0 0 0 0 0 0 0.109304 
1.9763e+18 0.133926 0.331981 0.0162525 0.00840746 0.124826 0 0 0 0 0 0 0 0 0.109266 
1.9734e+18 0.133875 0.33205 0.0162495 0.00839668 0.124847 0 0 0 0 0 0 0 0 0.109228 
1.9705e+18 0.133822 0.332119 0.0162464 0.00838589 0.124868 0 0 0 0 0 0 0 0 0.10919 
1.9676e+18 0.13377 0.332189 0.0162431 0.0083751 0.12489 0 0 0 0 0 0 0 0 0.109151 
1.9647e+18 0.133716 0.33226 0.0162397 0.00836432 0.124912 0 0 0 0 0 0 0 0 0.109112 
1.9618e+18 0.133662 0.332332 0.0162362 0.00835353 0.124934 0 0 0 0 0 0 0 0 0.109073 
1.9589e+18 0.133608 0.332404 0.0162325 0.00834273 0.124956 0 0 0 0 0 0 0 0 0.109033 
1.956e+18 0.133553 0.332477 0.0162287 0.00833194 0.124978 0 0 0 0 0 0 0 0 0.108992 
1.9531e+18 0.133497 0.332551 0.0162248 0.00832114 0.125001 0 0 0 0 0 0 0 0 0.108951 
1.9502e+18 0.133441 0.332626 0.0162208 0.00831035 0.125023 0 0 0 0 0 0 0 0 0.10891 
1.9473e+18 0.133384 0.332701 0.0162166 0.00829955 0.125047 0 0 0 0 0 0 0 0 0.108868 
1.9444e+18 0.133327 0.332777 0.0162123 0.00828875 0.12507 0 0 0 0 0 0 0 0 0.108826 
1.9415e+18 0.133269 0.332854 0.0162079 0.00827795 0.125093 0 0 0 0 0 0 0 0 0.108783 
1.9386e+18 0.133211 0.332931 0.0162034 0.00826714 0.125117 0 0 0 0 0 0 0 0 0.108741 
1.9357e+18 0.133152 0.33301 0.0161988 0.00825633 0.125141 0 0 0 0 0 0 0 0 0.108697 
1.9328e+18 0.133093 0.333089 0.016194 0.00824553 0.125165 0 0 0 0 0 0 0 0 0.108653 
1.9299e+18 0.133055 0.333121 0.0161797 0.00823088 0.125179 0 0 0 0 0 0 0 0 0.108645 
1.927e+18 0.13305 0.333084 0.0161516 0.00821058 0.125177 0 0 0 0 0 0 0 0 0.108688 
1.9241e+18 0.133035 0.333068 0.0161273 0.00819186 0.12518 0 0 0 0 0 0 0 0 0.108716 
1.9212e+18 0.133014 0.333065 0.0161053 0.0081741 0.125186 0 0 0 0 0 0 0 0 0.108735 
1.9183e+18 0.132989 0.333071 0.0160849 0.00815702 0.125194 0 0 0 0 0 0 0 0 0.108747 
1.9154e+18 0.132959 0.333084 0.0160657 0.00814045 0.125204 0 0 0 0 0 0 0 0 0.108753 
1.9125e+18 0.132927 0.333102 0.0160474 0.00812428 0.125215 0 0 0 0 0 0 0 0 0.108756 
1.9096e+18 0.132893 0.333126 0.0160298 0.00810844 0.125227 0 0 0 0 0 0 0 0 0.108755 
1.9067e+18 0.132923 0.333063 0.0160243 0.00809759 0.125213 0 0 0 0 0 0 0 0 0.108801 
1.9038e+18 0.133049 0.332872 0.0160364 0.00809413 0.12516 0 0 0 0 0 0 0 0 0.108919 
1.9009e+18 0.13314 0.332731 0.0160435 0.00808867 0.125122 0 0 0 0 0 0 0 0 0.109007 
1.898e+18 0.133209 0.33262 0.0160479 0.00808213 0.125093 0 0 0 0 0 0 0 0 0.109079 
1.8951e+18 0.133263 0.33253 0.0160505 0.00807489 0.125069 0 0 0 0 0 0 0 0 0.109138 
1.8922e+18 0.133307 0.332454 0.0160517 0.00806717 0.12505 0 0 0 0 0 0 0 0 0.109188 
1.8893e+18 0.133343 0.332391 0.016052 0.00805908 0.125035 0 0 0 0 0 0 0 0 0.109232 
1.8864e+18 0.133371 0.332338 0.0160514 0.00805072 0.125022 0 0 0 0 0 0 0 0 0.109269 
1.8835e+18 0.133394 0.332293 0.0160502 0.00804213 0.125012 0 0 0 0 0 0 0 0 0.109302 
1.8806e+18 0.133412 0.332255 0.0160485 0.00803336 0.125003 0 0 0 0 0 0 0 0 0.10933 
1.8777e+18 0.133425 0.332223 0.0160462 0.00802443 0.124997 0 0 0 0 0 0 0 0 0.109355 
1.8748e+18 0.133435 0.332197 0.0160435 0.00801537 0.124992 0 0 0 0 0 0 0 0 0.109376 
1.8719e+18 0.133441 0.332177 0.0160405 0.00800619 0.124989 0 0 0 0 0 0 0 0 0.109394 
1.869e+18 0.133443 0.33216 0.0160371 0.00799692 0.124987 0 0 0 0 0 0 0 0 0.109409 
1.8661e+18 0.133443 0.332148 0.0160334 0.00798756 0.124986 0 0 0 0 0 0 0 0 0.109422 
1.8632e+18 0.13344 0.33214 0.0160294 0.00797812 0.124987 0 0 0 0 0 0 0 0 0.109433 
1.8603e+18 0.133435 0.332136 0.0160251 0.00796861 0.124988 0 0 0 0 0 0 0 0 0.109441 
1.8574e+18 0.133427 0.332134 0.0160205 0.00795903 0.12499 0 0 0 0 0 0 0 0 0.109448 
1.8545e+18 0.133417 0.332137 0.0160158 0.0079494 0.124994 0 0 0 0 0 0 0 0 0.109452 
1.8516e+18 0.133406 0.332142 0.0160108 0.00793972 0.124998 0 0 0 0 0 0 0 0 0.109455 
1.8487e+18 0.133392 0.332149 0.0160056 0.00792998 0.125003 0 0 0 0 0 0 0 0 0.109456 
1.8458e+18 0.133376 0.33216 0.0160001 0.0079202 0.125008 0 0 0 0 0 0 0 0 0.109456 
1.8429e+18 0.133359 0.332173 0.0159945 0.00791038 0.125015 0 0 0 0 0 0 0 0 0.109454 
1.84e+18 0.133339 0.332188 0.0159887 0.00790052 0.125022 0 0 0 0 0 0 0 0 0.10945 
1.8371e+18 0.133319 0.332206 0.0159828 0.00789063 0.12503 0 0 0 0 0 0 0 0 0.109445 
1.8342e+18 0.133296 0.332226 0.0159766 0.0078807 0.125038 0 0 0 0 0 0 0 0 0.109439 
1.8313e+18 0.133273 0.332249 0.0159703 0.00787074 0.125047 0 0 0 0 0 0 0 0 0.109432 
1.8284e+18 0.133247 0.332273 0.0159638 0.00786074 0.125057 0 0 0 0 0 0 0 0 0.109423 
1.8255e+18 0.133221 0.332299 0.0159572 0.00785072 0.125067 0 0 0 0 0 0 0 0 0.109413 
1.8226e+18 0.133193 0.332328 0.0159504 0.00784067 0.125078 0 0 0 0 0 0 0 0 0.109402 
1.8197e+18 0.133163 0.332358 0.0159434 0.0078306 0.125089 0 0 0 0 0 0 0 0 0.109389 
1.8168e+18 0.133133 0.33239 0.0159363 0.0078205 0.125101 0 0 0 0 0 0 0 0 0.109376 
1.8139e+18 0.133101 0.332423 0.0159291 0.00781038 0.125114 0 0 0 0 0 0 0 0 0.109362 
1.811e+18 0.133068 0.332459 0.0159217 0.00780023 0.125126 0 0 0 0 0 0 0 0 0.109346 
1.8081e+18 0.133034 0.332496 0.0159142 0.00779007 0.12514 0 0 0 0 0 0 0 0 0.10933 
1.8052e+18 0.132999 0.332535 0.0159066 0.00777988 0.125154 0 0 0 0 0 0 0 0 0.109312 
1.8023e+18 0.132962 0.332576 0.0158988 0.00776967 0.125168 0 0 0 0 0 0 0 0 0.109294 
1.7994e+18 0.132925 0.332618 0.0158909 0.00775945 0.125183 0 0 0 0 0 0 0 0 0.109275 
1.7965e+18 0.132887 0.332661 0.0158829 0.0077492 0.125198 0 0 0 0 0 0 0 0 0.109254 
1.7936e+18 0.132847 0.332706 0.0158747 0.00773894 0.125213 0 0 0 0 0 0 0 0 0.109233 
1.7907e+18 0.132806 0.332753 0.0158664 0.00772866 0.12523 0 0 0 0 0 0 0 0 0.109211 
1.7878e+18 0.132765 0.332801 0.015858 0.00771836 0.125246 0 0 0 0 0 0 0 0 0.109188 
1.7849e+18 0.132722 0.33285 0.0158495 0.00770805 0.125263 0 0 0 0 0 0 0 0 0.109165 
1.782e+18 0.132679 0.332901 0.0158409 0.00769772 0.12528 0 0 0 0 0 0 0 0 0.10914 
1.7791e+18 0.132634 0.332953 0.0158321 0.00768738 0.125298 0 0 0 0 0 0 0 0 0.109115 
1.7762e+18 0.132589 0.333007 0.0158233 0.00767702 0.125316 0 0 0 0 0 0 0 0 0.109088 
1.7733e+18 0.132542 0.333062 0.0158143 0.00766664 0.125334 0 0 0 0 0 0 0 0 0.109061 
1.7704e+18 0.132495 0.333118 0.0158052 0.00765625 0.125353 0 0 0 0 0 0 0 0 0.109034 
1.7675e+18 0.132447 0.333176 0.015796 0.00764585 0.125372 0 0 0 0 0 0 0 0 0.109005 
1.7646e+18 0.132398 0.333235 0.0157867 0.00763544 0.125392 0 0 0 0 0 0 0 0 0.108976 
1.7617e+18 0.132348 0.333295 0.0157773 0.00762501 0.125411 0 0 0 0 0 0 0 0 0.108946 
1.7588e+18 0.132297 0.333356 0.0157678 0.00761457 0.125432 0 0 0 0 0 0 0 0 0.108915 
1.7559e+18 0.132246 0.333419 0.0157582 0.00760411 0.125452 0 0 0 0 0 0 0 0 0.108883 
1.753e+18 0.132193 0.333482 0.0157485 0.00759364 0.125473 0 0 0 0 0 0 0 0 0.108851 
1.7501e+18 0.13214 0.333547 0.0157386 0.00758317 0.125494 0 0 0 0 0 0 0 0 0.108818 
1.7472e+18 0.132215 0.333444 0.0157528 0.00758389 0.125463 0 0 0 0 0 0 0 0 0.108878 
1.7443e+18 0.132263 0.333376 0.0157621 0.00758238 0.125443 0 0 0 0 0 0 0 0 0.108918 
1.7414e+18 0.132294 0.333331 0.0157682 0.00757946 0.125429 0 0 0 0 0 0 0 0 0.108946 
1.7385e+18 0.132314 0.3333 0.0157722 0.00757565 0.12542 0 0 0 0 0 0 0 0 0.108966 
1.7356e+18 0.132326 0.333279 0.0157748 0.00757119 0.125415 0 0 0 0 0 0 0 0 0.10898 
1.7327e+18 0.132332 0.333267 0.0157762 0.00756625 0.125412 0 0 0 0 0 0 0 0 0.108989 
1.7298e+18 0.132332 0.333262 0.0157767 0.00756093 0.125411 0 0 0 0 0 0 0 0 0.108995 
1.7269e+18 0.132329 0.333263 0.0157764 0.00755529 0.125412 0 0 0 0 0 0 0 0 0.108997 
1.724e+18 0.132368 0.333181 0.0157647 0.00754436 0.125392 0 0 0 0 0 0 0 0 0.109059 
1.7211e+18 0.132434 0.333048 0.0157455 0.00752986 0.125359 0 0 0 0 0 0 0 0 0.109159 
1.7182e+18 0.132481 0.332949 0.0157291 0.00751674 0.125334 0 0 0 0 0 0 0 0 0.109235 
1.7153e+18 0.132525 0.332875 0.015736 0.00750368 0.125315 0 0 0 0 0 0 0 0 0.109285 
1.7124e+18 0.132654 0.332865 0.0159738 0.00748378 0.125284 0 0 0 0 0 0 0 0 0.109196 
1.7095e+18 0.132739 0.332844 0.0161182 0.00746679 0.125262 0 0 0 0 0 0 0 0 0.109154 
1.7066e+18 0.132807 0.332824 0.0162304 0.00745089 0.125244 0 0 0 0 0 0 0 0 0.109125 
1.7037e+18 0.132862 0.332807 0.0163248 0.00743564 0.12523 0 0 0 0 0 0 0 0 0.109101 
1.7008e+18 0.132908 0.332794 0.0164073 0.00742085 0.125218 0 0 0 0 0 0 0 0 0.10908 
1.6979e+18 0.132947 0.332785 0.016481 0.0074064 0.125208 0 0 0 0 0 0 0 0 0.10906 
1.695e+18 0.13298 0.33278 0.016548 0.00739224 0.1252 0 0 0 0 0 0 0 0 0.10904 
1.6921e+18 0.133008 0.332778 0.0166095 0.00737829 0.125194 0 0 0 0 0 0 0 0 0.10902 
1.6892e+18 0.133031 0.33278 0.0166665 0.00736454 0.125189 0 0 0 0 0 0 0 0 0.109 
1.6863e+18 0.13305 0.332785 0.0167196 0.00735094 0.125186 0 0 0 0 0 0 0 0 0.108979 
1.6834e+18 0.133065 0.332794 0.0167693 0.00733749 0.125184 0 0 0 0 0 0 0 0 0.108958 
1.6805e+18 0.133076 0.332805 0.016816 0.00732416 0.125183 0 0 0 0 0 0 0 0 0.108936 
1.6776e+18 0.133084 0.332819 0.0168601 0.00731093 0.125183 0 0 0 0 0 0 0 0 0.108913 
1.6747e+18 0.13309 0.332836 0.0169019 0.00729781 0.125185 0 0 0 0 0 0 0 0 0.10889 
1.6718e+18 0.133092 0.332855 0.0169415 0.00728476 0.125187 0 0 0 0 0 0 0 0 0.108866 
1.6689e+18 0.133092 0.332877 0.0169791 0.0072718 0.12519 0 0 0 0 0 0 0 0 0.108841 
1.666e+18 0.133089 0.332901 0.0170149 0.0072589 0.125194 0 0 0 0 0 0 0 0 0.108815 
1.6631e+18 0.133084 0.332928 0.0170491 0.00724606 0.125199 0 0 0 0 0 0 0 0 0.108789 
1.6602e+18 0.133077 0.332956 0.0170817 0.00723329 0.125205 0 0 0 0 0 0 0 0 0.108762 
1.6573e+18 0.133067 0.332987 0.0171128 0.00722057 0.125212 0 0 0 0 0 0 0 0 0.108734 
1.6544e+18 0.133056 0.33302 0.0171426 0.00720789 0.125219 0 0 0 0 0 0 0 0 0.108705 
1.6515e+18 0.133042 0.333055 0.0171712 0.00719526 0.125227 0 0 0 0 0 0 0 0 0.108676 
1.6486e+18 0.133026 0.333092 0.0171985 0.00718267 0.125236 0 0 0 0 0 0 0 0 0.108645 
1.6457e+18 0.133009 0.333131 0.0172247 0.00717013 0.125246 0 0 0 0 0 0 0 0 0.108614 
1.6428e+18 0.13299 0.333172 0.0172498 0.00715761 0.125256 0 0 0 0 0 0 0 0 0.108583 
1.6399e+18 0.132969 0.333214 0.0172739 0.00714513 0.125266 0 0 0 0 0 0 0 0 0.10855 
1.637e+18 0.132947 0.333258 0.017297 0.00713268 0.125278 0 0 0 0 0 0 0 0 0.108517 
1.6341e+18 0.132923 0.333304 0.0173192 0.00712026 0.12529 0 0 0 0 0 0 0 0 0.108483 
1.6312e+18 0.132897 0.333352 0.0173405 0.00710787 0.125302 0 0 0 0 0 0 0 0 0.108449 
1.6283e+18 0.13287 0.333402 0.017361 0.00709551 0.125315 0 0 0 0 0 0 0 0 0.108413 
1.6254e+18 0.132841 0.333453 0.0173806 0.00708316 0.125329 0 0 0 0 0 0 0 0 0.108377 
1.6225e+18 0.132811 0.333505 0.0173995 0.00707084 0.125343 0 0 0 0 0 0 0 0 0.10834 
1.6196e+18 0.132779 0.33356 0.0174176 0.00705855 0.125358 0 0 0 0 0 0 0 0 0.108303 
1.6167e+18 0.132746 0.333616 0.0174349 0.00704627 0.125373 0 0 0 0 0 0 0 0 0.108265 
1.6138e+18 0.132712 0.333673 0.0174516 0.00703401 0.125389 0 0 0 0 0 0 0 0 0.108226 
1.6109e+18 0.132676 0.333732 0.0174676 0.00702177 0.125406 0 0 0 0 0 0 0 0 0.108187 
1.608e+18 0.132639 0.333792 0.0174829 0.00700954 0.125422 0 0 0 0 0 0 0 0 0.108146 
1.6051e+18 0.132601 0.333854 0.0174976 0.00699733 0.12544 0 0 0 0 0 0 0 0 0.108106 
1.6022e+18 0.132561 0.333918 0.0175117 0.00698514 0.125457 0 0 0 0 0 0 0 0 0.108064 
1.5993e+18 0.13252 0.333982 0.0175252 0.00697296 0.125476 0 0 0 0 0 0 0 0 0.108022 
1.5964e+18 0.132478 0.334049 0.0175381 0.0069608 0.125494 0 0 0 0 0 0 0 0 0.107979 
1.5935e+18 0.132435 0.334116 0.0175505 0.00694865 0.125513 0 0 0 0 0 0 0 0 0.107936 
1.5906e+18 0.13239 0.334185 0.0175623 0.00693651 0.125533 0 0 0 0 0 0 0 0 0.107891 
1.5877e+18 0.132345 0.334256 0.0175735 0.00692438 0.125553 0 0 0 0 0 0 0 0 0.107847 
1.5848e+18 0.132298 0.334327 0.0175843 0.00691226 0.125574 0 0 0 0 0 0 0 0 0.107801 
1.5819e+18 0.13225 0.3344 0.0175945 0.00690016 0.125594 0 0 0 0 0 0 0 0 0.107755 
1.579e+18 0.132201 0.334475 0.0176042 0.00688806 0.125616 0 0 0 0 0 0 0 0 0.107709 
1.5761e+18 0.132151 0.334551 0.0176135 0.00687598 0.125637 0 0 0 0 0 0 0 0 0.107661 
1.5732e+18 0.132099 0.334628 0.0176223 0.0068639 0.12566 0 0 0 0 0 0 0 0 0.107613 
1.5703e+18 0.132063 0.334669 0.0176209 0.00684964 0.125675 0 0 0 0 0 0 0 0 0.107593 
1.5674e+18 0.13207 0.334612 0.0175929 0.00682946 0.125669 0 0 0 0 0 0 0 0 0.107648 
1.5645e+18 0.132062 0.33459 0.0175735 0.00681126 0.125671 0 0 0 0 0 0 0 0 0.107677 
1.5616e+18 0.132045 0.334586 0.0175582 0.00679404 0.125677 0 0 0 0 0 0 0 0 0.107692 
1.5587e+18 0.132022 0.334594 0.0175454 0.00677744 0.125685 0 0 0 0 0 0 0 0 0.107699 
1.5558e+18 0.131995 0.334611 0.0175343 0.00676128 0.125695 0 0 0 0 0 0 0 0 0.107699 
1.5529e+18 0.131964 0.334634 0.0175243 0.00674544 0.125707 0 0 0 0 0 0 0 0 0.107694 
1.55e+18 0.131931 0.334663 0.0175151 0.00672986 0.12572 0 0 0 0 0 0 0 0 0.107686 
1.5471e+18 0.131895 0.334697 0.0175066 0.0067145 0.125735 0 0 0 0 0 0 0 0 0.107674 
1.5442e+18 0.131857 0.334735 0.0174985 0.00669931 0.12575 0 0 0 0 0 0 0 0 0.107659 
1.5413e+18 0.131816 0.334776 0.0174908 0.00668427 0.125766 0 0 0 0 0 0 0 0 0.107641 
1.5384e+18 0.131793 0.334796 0.0174882 0.00667049 0.125775 0 0 0 0 0 0 0 0 0.107635 
1.5355e+18 0.132011 0.334461 0.0175028 0.00666089 0.12568 0 0 0 0 0 0 0 0 0.107848 
1.5326e+18 0.132139 0.334259 0.017511 0.00664988 0.125624 0 0 0 0 0 0 0 0 0.107978 
1.5297e+18 0.132231 0.334108 0.0175164 0.00663829 0.125583 0 0 0 0 0 0 0 0 0.108077 
1.5268e+18 0.132303 0.333989 0.01752 0.00662637 0.125551 0 0 0 0 0 0 0 0 0.108157 
1.5239e+18 0.13236 0.33389 0.0175223 0.00661424 0.125526 0 0 0 0 0 0 0 0 0.108224 
1.521e+18 0.132407 0.333808 0.0175236 0.00660194 0.125505 0 0 0 0 0 0 0 0 0.108281 
1.5181e+18 0.132445 0.333737 0.0175242 0.00658954 0.125487 0 0 0 0 0 0 0 0 0.108331 
1.5152e+18 0.132475 0.333678 0.017524 0.00657705 0.125473 0 0 0 0 0 0 0 0 0.108374 
1.5123e+18 0.1325 0.333627 0.0175232 0.0065645 0.125461 0 0 0 0 0 0 0 0 0.108412 
1.5094e+18 0.132519 0.333584 0.017522 0.0065519 0.125452 0 0 0 0 0 0 0 0 0.108445 
1.5065e+18 0.132534 0.333548 0.0175202 0.00653926 0.125444 0 0 0 0 0 0 0 0 0.108474 
1.5036e+18 0.132544 0.333518 0.017518 0.00652659 0.125438 0 0 0 0 0 0 0 0 0.108499 
1.5007e+18 0.132551 0.333494 0.0175155 0.0065139 0.125434 0 0 0 0 0 0 0 0 0.108521 
1.4978e+18 0.132553 0.333475 0.0175125 0.00650118 0.125432 0 0 0 0 0 0 0 0 0.10854 
1.4949e+18 0.132553 0.333461 0.0175092 0.00648845 0.125431 0 0 0 0 0 0 0 0 0.108555 
1.492e+18 0.13255 0.333451 0.0175055 0.00647571 0.125431 0 0 0 0 0 0 0 0 0.108568 
1.4891e+18 0.132543 0.333445 0.0175015 0.00646295 0.125432 0 0 0 0 0 0 0 0 0.108579 
1.4862e+18 0.132534 0.333444 0.0174973 0.00645019 0.125435 0 0 0 0 0 0 0 0 0.108587 
1.4833e+18 0.132523 0.333446 0.0174927 0.00643742 0.125438 0 0 0 0 0 0 0 0 0.108593 
1.4804e+18 0.132509 0.333452 0.0174878 0.00642465 0.125443 0 0 0 0 0 0 0 0 0.108596 
1.4775e+18 0.132493 0.333461 0.0174826 0.00641187 0.125449 0 0 0 0 0 0 0 0 0.108598 
1.4746e+18 0.132474 0.333473 0.0174772 0.00639909 0.125455 0 0 0 0 0 0 0 0 0.108598 
1.4717e+18 0.132453 0.333489 0.0174715 0.00638631 0.125463 0 0 0 0 0 0 0 0 0.108595 
1.4688e+18 0.13243 0.333507 0.0174655 0.00637353 0.125471 0 0 0 0 0 0 0 0 0.108591 
1.4659e+18 0.132406 0.333528 0.0174593 0.00636074 0.12548 0 0 0 0 0 0 0 0 0.108586 
1.463e+18 0.132379 0.333553 0.0174528 0.00634796 0.12549 0 0 0 0 0 0 0 0 0.108578 
1.4601e+18 0.13235 0.333579 0.0174461 0.00633518 0.125501 0 0 0 0 0 0 0 0 0.108569 
1.4572e+18 0.13232 0.333609 0.0174392 0.00632239 0.125512 0 0 0 0 0 0 0 0 0.108558 
1.4543e+18 0.132288 0.333641 0.017432 0.00630961 0.125525 0 0 0 0 0 0 0 0 0.108546 
1.4514e+18 0.132254 0.333676 0.0174246 0.00629683 0.125538 0 0 0 0 0 0 0 0 0.108533 
1.4485e+18 0.132218 0.333713 0.0174169 0.00628406 0.125551 0 0 0 0 0 0 0 0 0.108517 
1.4456e+18 0.132181 0.333752 0.017409 0.00627128 0.125566 0 0 0 0 0 0 0 0 0.108501 
1.4427e+18 0.132142 0.333794 0.0174009 0.00625851 0.125581 0 0 0 0 0 0 0 0 0.108483 
1.4398e+18 0.132192 0.333721 0.0174127 0.00625116 0.12556 0 0 0 0 0 0 0 0 0.108528 
1.4369e+18 0.132283 0.333593 0.0174339 0.00624652 0.125522 0 0 0 0 0 0 0 0 0.108602 
1.434e+18 0.132341 0.333508 0.0174479 0.00623999 0.125497 0 0 0 0 0 0 0 0 0.108653 
1.4311e+18 0.132382 0.333446 0.017458 0.00623251 0.12548 0 0 0 0 0 0 0 0 0.108692 
1.4282e+18 0.132411 0.3334 0.0174655 0.00622442 0.125467 0 0 0 0 0 0 0 0 0.108722 
1.4253e+18 0.132432 0.333365 0.0174712 0.00621591 0.125458 0 0 0 0 0 0 0 0 0.108745 
1.4224e+18 0.132446 0.333339 0.0174755 0.00620709 0.125452 0 0 0 0 0 0 0 0 0.108763 
1.4195e+18 0.132454 0.333321 0.0174785 0.00619801 0.125448 0 0 0 0 0 0 0 0 0.108777 
1.4166e+18 0.132457 0.333309 0.0174806 0.00618873 0.125446 0 0 0 0 0 0 0 0 0.108788 
1.4137e+18 0.132456 0.333303 0.0174817 0.00617928 0.125446 0 0 0 0 0 0 0 0 0.108795 
1.4108e+18 0.132451 0.333302 0.0174821 0.00616969 0.125447 0 0 0 0 0 0 0 0 0.1088 
1.4079e+18 0.132443 0.333306 0.0174818 0.00615997 0.12545 0 0 0 0 0 0 0 0 0.108801 
1.405e+18 0.132431 0.333314 0.0174808 0.00615015 0.125454 0 0 0 0 0 0 0 0 0.1088 
1.4021e+18 0.132417 0.333326 0.0174792 0.00614022 0.125459 0 0 0 0 0 0 0 0 0.108797 
1.3992e+18 0.1324 0.333342 0.0174771 0.00613022 0.125466 0 0 0 0 0 0 0 0 0.108792 
1.3963e+18 0.13238 0.333362 0.0174745 0.00612013 0.125473 0 0 0 0 0 0 0 0 0.108785 
1.3934e+18 0.132357 0.333385 0.0174714 0.00610998 0.125482 0 0 0 0 0 0 0 0 0.108776 
1.3905e+18 0.132403 0.333271 0.0174429 0.00609262 0.125458 0 0 0 0 0 0 0 0 0.108868 
1.3876e+18 0.132428 0.333199 0.0174209 0.00607714 0.125444 0 0 0 0 0 0 0 0 0.108929 
1.3847e+18 0.132439 0.33315 0.0174019 0.00606259 0.125436 0 0 0 0 0 0 0 0 0.108975 
1.3818e+18 0.132443 0.333115 0.0173846 0.00604856 0.125432 0 0 0 0 0 0 0 0 0.10901 
1.3789e+18 0.132441 0.333091 0.0173683 0.00603486 0.12543 0 0 0 0 0 0 0 0 0.109038 
1.376e+18 0.132434 0.333075 0.0173526 0.00602138 0.125431 0 0 0 0 0 0 0 0 0.10906 
1.3731e+18 0.132423 0.333067 0.0173373 0.00600807 0.125433 0 0 0 0 0 0 0 0 0.109078 
1.3702e+18 0.132409 0.333063 0.0173223 0.0059949 0.125437 0 0 0 0 0 0 0 0 0.109091 
1.3673e+18 0.132391 0.333066 0.0173075 0.00598182 0.125442 0 0 0 0 0 0 0 0 0.109102 
1.3644e+18 0.13237 0.333073 0.0172928 0.00596882 0.125448 0 0 0 0 0 0 0 0 0.109109 
1.3615e+18 0.132347 0.333084 0.0172781 0.00595589 0.125456 0 0 0 0 0 0 0 0 0.109113 
1.3586e+18 0.132321 0.3331 0.0172634 0.00594302 0.125465 0 0 0 0 0 0 0 0 0.109114 
1.3557e+18 0.132292 0.333119 0.0172488 0.00593019 0.125475 0 0 0 0 0 0 0 0 0.109113 
1.3528e+18 0.132262 0.333142 0.0172341 0.00591741 0.125486 0 0 0 0 0 0 0 0 0.10911 
1.3499e+18 0.132229 0.333168 0.0172194 0.00590465 0.125498 0 0 0 0 0 0 0 0 0.109105 
1.347e+18 0.132194 0.333198 0.0172046 0.00589193 0.12551 0 0 0 0 0 0 0 0 0.109097 
1.3441e+18 0.132157 0.333231 0.0171897 0.00587923 0.125524 0 0 0 0 0 0 0 0 0.109088 
1.3412e+18 0.132118 0.333267 0.0171747 0.00586655 0.125538 0 0 0 0 0 0 0 0 0.109077 
1.3383e+18 0.132077 0.333305 0.0171596 0.0058539 0.125554 0 0 0 0 0 0 0 0 0.109064 
1.3354e+18 0.132035 0.333347 0.0171445 0.00584126 0.12557 0 0 0 0 0 0 0 0 0.109049 
1.3325e+18 0.13199 0.333391 0.0171292 0.00582864 0.125587 0 0 0 0 0 0 0 0 0.109032 
1.3296e+18 0.131944 0.333438 0.0171138 0.00581603 0.125604 0 0 0 0 0 0 0 0 0.109014 
1.3267e+18 0.131896 0.333488 0.0170983 0.00580343 0.125622 0 0 0 0 0 0 0 0 0.108994 
1.3238e+18 0.131846 0.33354 0.0170826 0.00579084 0.125641 0 0 0 0 0 0 0 0 0.108973 
1.3209e+18 0.131795 0.333594 0.0170668 0.00577827 0.125661 0 0 0 0 0 0 0 0 0.10895 
1.318e+18 0.131742 0.333651 0.017051 0.0057657 0.125681 0 0 0 0 0 0 0 0 0.108925 
1.3151e+18 0.131688 0.33371 0.0170349 0.00575314 0.125702 0 0 0 0 0 0 0 0 0.1089 
1.3122e+18 0.131632 0.333772 0.0170188 0.00574059 0.125724 0 0 0 0 0 0 0 0 0.108872 
1.3093e+18 0.131574 0.333836 0.0170025 0.00572804 0.125746 0 0 0 0 0 0 0 0 0.108844 
1.3064e+18 0.131515 0.333902 0.0169861 0.0057155 0.125769 0 0 0 0 0 0 0 0 0.108814 
1.3035e+18 0.131455 0.333971 0.0169695 0.00570297 0.125793 0 0 0 0 0 0 0 0 0.108782 
1.3006e+18 0.131393 0.334041 0.0169528 0.00569044 0.125817 0 0 0 0 0 0 0 0 0.108749 
1.2977e+18 0.131329 0.334114 0.016936 0.00567792 0.125842 0 0 0 0 0 0 0 0 0.108715 
1.2948e+18 0.131264 0.334189 0.016919 0.0056654 0.125867 0 0 0 0 0 0 0 0 0.10868 
1.2919e+18 0.131198 0.334266 0.016902 0.00565288 0.125893 0 0 0 0 0 0 0 0 0.108643 
1.289e+18 0.131205 0.334244 0.016899 0.00564477 0.125889 0 0 0 0 0 0 0 0 0.108662 
1.2861e+18 0.131282 0.33413 0.0169092 0.00564082 0.125857 0 0 0 0 0 0 0 0 0.108731 
1.2832e+18 0.131317 0.33407 0.0169118 0.00563459 0.125842 0 0 0 0 0 0 0 0 0.108771 
1.2803e+18 0.131333 0.334037 0.0169108 0.00562729 0.125834 0 0 0 0 0 0 0 0 0.108795 
1.2774e+18 0.131337 0.334021 0.0169075 0.00561935 0.125832 0 0 0 0 0 0 0 0 0.10881 
1.2745e+18 0.131331 0.334018 0.0169026 0.00561096 0.125834 0 0 0 0 0 0 0 0 0.108818 
1.2716e+18 0.131318 0.334024 0.0168964 0.00560223 0.125838 0 0 0 0 0 0 0 0 0.10882 
1.2687e+18 0.131368 0.333909 0.01687 0.00558725 0.125811 0 0 0 0 0 0 0 0 0.108911 
1.2658e+18 0.131401 0.333825 0.016846 0.00557303 0.125793 0 0 0 0 0 0 0 0 0.108982 
1.2629e+18 0.131416 0.33377 0.0168246 0.00555967 0.125783 0 0 0 0 0 0 0 0 0.109031 
1.26e+18 0.13142 0.333733 0.0168044 0.00554673 0.125777 0 0 0 0 0 0 0 0 0.109069 
1.2571e+18 0.131417 0.33371 0.0167848 0.00553403 0.125776 0 0 0 0 0 0 0 0 0.109098 
1.2542e+18 0.131407 0.333697 0.0167656 0.00552148 0.125777 0 0 0 0 0 0 0 0 0.10912 
1.2513e+18 0.131392 0.333693 0.0167465 0.00550903 0.12578 0 0 0 0 0 0 0 0 0.109136 
1.2484e+18 0.131372 0.333696 0.0167276 0.00549666 0.125785 0 0 0 0 0 0 0 0 0.109147 
1.2455e+18 0.131348 0.333705 0.0167086 0.00548433 0.125793 0 0 0 0 0 0 0 0 0.109155 
1.2426e+18 0.13132 0.333721 0.0166897 0.00547204 0.125802 0 0 0 0 0 0 0 0 0.109158 
1.2397e+18 0.131289 0.333741 0.0166707 0.00545978 0.125812 0 0 0 0 0 0 0 0 0.109158 
1.2368e+18 0.131254 0.333767 0.0166516 0.00544754 0.125824 0 0 0 0 0 0 0 0 0.109155 
1.2339e+18 0.131217 0.333798 0.0166325 0.00543532 0.125837 0 0 0 0 0 0 0 0 0.109149 
1.231e+18 0.131176 0.333832 0.0166132 0.0054231 0.125851 0 0 0 0 0 0 0 0 0.10914 
1.2281e+18 0.131134 0.333871 0.0165938 0.0054109 0.125867 0 0 0 0 0 0 0 0 0.109129 
1.2252e+18 0.131088 0.333914 0.0165744 0.0053987 0.125883 0 0 0 0 0 0 0 0 0.109115 
1.2223e+18 0.13104 0.33396 0.0165548 0.00538651 0.125901 0 0 0 0 0 0 0 0 0.109099 
1.2194e+18 0.13099 0.33401 0.016535 0.00537432 0.125919 0 0 0 0 0 0 0 0 0.10908 
1.2165e+18 0.131014 0.33396 0.0165284 0.0053664 0.125907 0 0 0 0 0 0 0 0 0.109119 
1.2136e+18 0.131088 0.333842 0.0165306 0.00536141 0.125875 0 0 0 0 0 0 0 0 0.109196 
1.2107e+18 0.131125 0.333775 0.0165267 0.0053545 0.125857 0 0 0 0 0 0 0 0 0.109243 
1.2078e+18 0.131143 0.333733 0.0165199 0.0053467 0.125847 0 0 0 0 0 0 0 0 0.109277 
1.2049e+18 0.13115 0.333707 0.0165113 0.00533837 0.125843 0 0 0 0 0 0 0 0 0.109301 
1.202e+18 0.131149 0.333693 0.0165014 0.00532967 0.125841 0 0 0 0 0 0 0 0 0.109317 
1.1991e+18 0.13114 0.333688 0.0164905 0.0053207 0.125843 0 0 0 0 0 0 0 0 0.109329 
1.1962e+18 0.131126 0.333692 0.0164788 0.0053115 0.125847 0 0 0 0 0 0 0 0 0.109335 
1.1933e+18 0.131106 0.333703 0.0164663 0.00530214 0.125853 0 0 0 0 0 0 0 0 0.109338 
1.1904e+18 0.131082 0.33372 0.0164533 0.00529262 0.125861 0 0 0 0 0 0 0 0 0.109336 
1.1875e+18 0.131128 0.333604 0.0164213 0.00527689 0.125838 0 0 0 0 0 0 0 0 0.10943 
1.1846e+18 0.131155 0.333521 0.0163921 0.00526216 0.125823 0 0 0 0 0 0 0 0 0.109501 
1.1817e+18 0.131166 0.333468 0.016366 0.00524844 0.125815 0 0 0 0 0 0 0 0 0.109551 
1.1788e+18 0.131165 0.333433 0.0163412 0.0052352 0.125812 0 0 0 0 0 0 0 0 0.109589 
1.1759e+18 0.131158 0.333411 0.0163171 0.00522225 0.125813 0 0 0 0 0 0 0 0 0.109618 
1.173e+18 0.131171 0.333349 0.0162863 0.00520709 0.125802 0 0 0 0 0 0 0 0 0.109678 
1.1701e+18 0.131194 0.333269 0.016252 0.00519082 0.125785 0 0 0 0 0 0 0 0 0.109751 
1.1672e+18 0.131202 0.333215 0.0162205 0.0051755 0.125776 0 0 0 0 0 0 0 0 0.109806 
1.1643e+18 0.131201 0.333176 0.0161902 0.00516063 0.125772 0 0 0 0 0 0 0 0 0.109851 
1.1614e+18 0.131194 0.333148 0.0161607 0.00514604 0.12577 0 0 0 0 0 0 0 0 0.109887 
1.1585e+18 0.131182 0.333129 0.0161318 0.00513166 0.125771 0 0 0 0 0 0 0 0 0.109918 
1.1556e+18 0.131164 0.333118 0.0161031 0.00511743 0.125774 0 0 0 0 0 0 0 0 0.109944 
1.1527e+18 0.131143 0.333114 0.0160748 0.00510332 0.125779 0 0 0 0 0 0 0 0 0.109965 
1.1498e+18 0.131117 0.333116 0.0160467 0.00508932 0.125785 0 0 0 0 0 0 0 0 0.109981 
1.1469e+18 0.131088 0.333124 0.0160187 0.0050754 0.125794 0 0 0 0 0 0 0 0 0.109994 
1.144e+18 0.131056 0.333138 0.0159908 0.00506156 0.125803 0 0 0 0 0 0 0 0 0.110003 
1.1411e+18 0.13102 0.333156 0.015963 0.00504777 0.125815 0 0 0 0 0 0 0 0 0.110009 
1.1382e+18 0.130981 0.33318 0.0159353 0.00503405 0.125827 0 0 0 0 0 0 0 0 0.110012 
1.1353e+18 0.13094 0.333208 0.0159076 0.00502037 0.125841 0 0 0 0 0 0 0 0 0.110012 
1.1324e+18 0.130895 0.33324 0.0158799 0.00500673 0.125856 0 0 0 0 0 0 0 0 0.110009 
1.1295e+18 0.130848 0.333277 0.0158523 0.00499313 0.125872 0 0 0 0 0 0 0 0 0.110003 
1.1266e+18 0.130798 0.333318 0.0158246 0.00497957 0.12589 0 0 0 0 0 0 0 0 0.109994 
1.1237e+18 0.130746 0.333362 0.015797 0.00496604 0.125908 0 0 0 0 0 0 0 0 0.109983 
1.1208e+18 0.130692 0.333411 0.0157693 0.00495254 0.125928 0 0 0 0 0 0 0 0 0.10997 
1.1179e+18 0.130635 0.333463 0.0157416 0.00493906 0.125948 0 0 0 0 0 0 0 0 0.109954 
1.115e+18 0.130575 0.333519 0.0157139 0.00492561 0.12597 0 0 0 0 0 0 0 0 0.109936 
1.1121e+18 0.130518 0.333581 0.0156978 0.00491187 0.125992 0 0 0 0 0 0 0 0 0.109909 
1.1092e+18 0.130594 0.333633 0.0159083 0.00489467 0.125982 0 0 0 0 0 0 0 0 0.109791 
1.1063e+18 0.130776 0.333498 0.0160883 0.00488506 0.125924 0 0 0 0 0 0 0 0 0.109802 
1.1034e+18 0.130862 0.333442 0.0161896 0.00487408 0.125897 0 0 0 0 0 0 0 0 0.109799 
1.1005e+18 0.130915 0.333414 0.0162637 0.00486264 0.125882 0 0 0 0 0 0 0 0 0.109789 
1.0976e+18 0.130948 0.333403 0.0163224 0.00485095 0.125874 0 0 0 0 0 0 0 0 0.109775 
1.0947e+18 0.130967 0.333405 0.016371 0.00483911 0.125871 0 0 0 0 0 0 0 0 0.109757 
1.0918e+18 0.130976 0.333417 0.0164121 0.00482715 0.125871 0 0 0 0 0 0 0 0 0.109736 
1.0889e+18 0.130975 0.333437 0.0164473 0.00481511 0.125874 0 0 0 0 0 0 0 0 0.109713 
1.086e+18 0.130968 0.333465 0.0164779 0.00480301 0.12588 0 0 0 0 0 0 0 0 0.109687 
1.0831e+18 0.131007 0.333521 0.0164814 0.00493409 0.12588 0 0 0 0 0 0 0 0 0.109592 
1.0802e+18 0.131057 0.333553 0.016473 0.00506776 0.125874 0 0 0 0 0 0 0 0 0.109516 
1.0773e+18 0.13111 0.333493 0.0164523 0.00511565 0.125855 0 0 0 0 0 0 0 0 0.109542 
1.0744e+18 0.131149 0.333485 0.0164373 0.00519101 0.125846 0 0 0 0 0 0 0 0 0.10952 
1.0715e+18 0.131176 0.333495 0.0164249 0.00526531 0.125843 0 0 0 0 0 0 0 0 0.109486 
1.0686e+18 0.131195 0.333518 0.0164138 0.00533524 0.125842 0 0 0 0 0 0 0 0 0.109445 
1.0657e+18 0.131205 0.333549 0.0164035 0.0054004 0.125845 0 0 0 0 0 0 0 0 0.109401 
1.0628e+18 0.131208 0.333588 0.0163936 0.00546111 0.125851 0 0 0 0 0 0 0 0 0.109353 
1.0599e+18 0.13124 0.333599 0.0163891 0.00553579 0.125846 0 0 0 0 0 0 0 0 0.109315 
1.057e+18 0.13145 0.333432 0.0164141 0.00569369 0.125776 0 0 0 0 0 0 0 0 0.109342 
1.0541e+18 0.131564 0.333355 0.0164258 0.00579701 0.12574 0 0 0 0 0 0 0 0 0.109341 
1.0512e+18 0.131644 0.33331 0.016433 0.00588127 0.125717 0 0 0 0 0 0 0 0 0.10933 
1.0483e+18 0.131704 0.333283 0.0164375 0.00595432 0.1257 0 0 0 0 0 0 0 0 0.109312 
1.0454e+18 0.13175 0.333271 0.01644 0.00601954 0.125689 0 0 0 0 0 0 0 0 0.10929 
1.0425e+18 0.131784 0.33327 0.016441 0.00607881 0.125681 0 0 0 0 0 0 0 0 0.109265 
1.0396e+18 0.13181 0.333277 0.0164406 0.00613331 0.125677 0 0 0 0 0 0 0 0 0.109236 
1.0367e+18 0.131827 0.333293 0.0164391 0.00618385 0.125676 0 0 0 0 0 0 0 0 0.109204 
1.0338e+18 0.131837 0.333316 0.0164365 0.006231 0.125678 0 0 0 0 0 0 0 0 0.109169 
1.0309e+18 0.13184 0.333346 0.016433 0.0062752 0.125682 0 0 0 0 0 0 0 0 0.109132 
1.028e+18 0.131838 0.333382 0.0164286 0.00631679 0.125688 0 0 0 0 0 0 0 0 0.109093 
1.0251e+18 0.13183 0.333423 0.0164233 0.00635606 0.125696 0 0 0 0 0 0 0 0 0.109051 
1.0222e+18 0.131818 0.33347 0.0164173 0.00639321 0.125705 0 0 0 0 0 0 0 0 0.109007 
1.0193e+18 0.1318 0.333521 0.0164105 0.00642845 0.125717 0 0 0 0 0 0 0 0 0.108961 
1.0164e+18 0.131778 0.333578 0.0164031 0.00646192 0.12573 0 0 0 0 0 0 0 0 0.108913 
1.0135e+18 0.131752 0.333639 0.0163949 0.00649376 0.125745 0 0 0 0 0 0 0 0 0.108864 
1.0106e+18 0.131722 0.333705 0.0163861 0.0065241 0.125761 0 0 0 0 0 0 0 0 0.108812 
1.0077e+18 0.131688 0.333774 0.0163767 0.00655302 0.125779 0 0 0 0 0 0 0 0 0.108758 
1.0048e+18 0.13165 0.333848 0.0163667 0.00658062 0.125798 0 0 0 0 0 0 0 0 0.108703 
1.0019e+18 0.131609 0.333927 0.0163562 0.00660698 0.125819 0 0 0 0 0 0 0 0 0.108646 
9.99e+17 0.131564 0.334009 0.016345 0.00663218 0.12584 0 0 0 0 0 0 0 0 0.108587 
9.961e+17 0.13155 0.334006 0.0163183 0.00663091 0.125844 0 0 0 0 0 0 0 0 0.108601 
9.932e+17 0.131536 0.333999 0.0162897 0.00662673 0.125846 0 0 0 0 0 0 0 0 0.108619 
9.903e+17 0.131508 0.334022 0.0162651 0.00662937 0.125856 0 0 0 0 0 0 0 0 0.108614 
9.874e+17 0.131473 0.334061 0.0162421 0.00663476 0.125869 0 0 0 0 0 0 0 0 0.108597 
9.845e+17 0.131433 0.33411 0.0162198 0.00664155 0.125886 0 0 0 0 0 0 0 0 0.108571 
9.816e+17 0.131387 0.334168 0.016198 0.0066491 0.125904 0 0 0 0 0 0 0 0 0.10854 
9.787e+17 0.131446 0.334104 0.016194 0.00668565 0.125883 0 0 0 0 0 0 0 0 0.108567 
9.758e+17 0.13155 0.333988 0.0161981 0.00673477 0.125844 0 0 0 0 0 0 0 0 0.108617 
9.729e+17 0.131601 0.333936 0.0161942 0.00677056 0.125826 0 0 0 0 0 0 0 0 0.108636 
9.7e+17 0.131628 0.333914 0.016187 0.00680062 0.125818 0 0 0 0 0 0 0 0 0.10864 
9.671e+17 0.131639 0.333911 0.0161777 0.00682714 0.125815 0 0 0 0 0 0 0 0 0.108635 
9.642e+17 0.13164 0.333921 0.0161669 0.00685113 0.125817 0 0 0 0 0 0 0 0 0.108621 
9.613e+17 0.131631 0.333944 0.016155 0.00687315 0.125823 0 0 0 0 0 0 0 0 0.108602 
9.584e+17 0.131614 0.333976 0.0161421 0.00689354 0.125832 0 0 0 0 0 0 0 0 0.108578 
9.555e+17 0.131591 0.334017 0.0161283 0.00691253 0.125843 0 0 0 0 0 0 0 0 0.10855 
9.526e+17 0.131561 0.334065 0.0161138 0.00693029 0.125857 0 0 0 0 0 0 0 0 0.108517 
9.497e+17 0.131526 0.33412 0.0160986 0.00694696 0.125873 0 0 0 0 0 0 0 0 0.108481 
9.468e+17 0.131487 0.334182 0.0160828 0.00696263 0.12589 0 0 0 0 0 0 0 0 0.108441 
9.439e+17 0.131442 0.334249 0.0160665 0.00697737 0.12591 0 0 0 0 0 0 0 0 0.108398 
9.41e+17 0.131408 0.334287 0.0160442 0.00698339 0.125924 0 0 0 0 0 0 0 0 0.108381 
9.381e+17 0.131484 0.334142 0.0160173 0.00698291 0.125889 0 0 0 0 0 0 0 0 0.108484 
9.352e+17 0.131619 0.333949 0.0160104 0.00701114 0.125834 0 0 0 0 0 0 0 0 0.108598 
9.323e+17 0.131687 0.333849 0.0159978 0.00703098 0.125807 0 0 0 0 0 0 0 0 0.108658 
9.294e+17 0.131774 0.333683 0.0159688 0.0070275 0.125764 0 0 0 0 0 0 0 0 0.108778 
9.265e+17 0.131829 0.333577 0.015943 0.00702863 0.125738 0 0 0 0 0 0 0 0 0.108857 
9.236e+17 0.131936 0.333549 0.0161214 0.00700978 0.12571 0 0 0 0 0 0 0 0 0.108805 
9.207e+17 0.132002 0.333524 0.0162213 0.00699906 0.125692 0 0 0 0 0 0 0 0 0.108782 
9.178e+17 0.132046 0.333508 0.0162887 0.00699172 0.12568 0 0 0 0 0 0 0 0 0.108765 
9.149e+17 0.132075 0.333503 0.0163402 0.00698598 0.125674 0 0 0 0 0 0 0 0 0.108749 
9.12e+17 0.132092 0.333507 0.0163815 0.00698116 0.125671 0 0 0 0 0 0 0 0 0.10873 
9.091e+17 0.1321 0.333521 0.0164155 0.00697692 0.125671 0 0 0 0 0 0 0 0 0.108708 
9.062e+17 0.1321 0.333543 0.0164439 0.00697304 0.125675 0 0 0 0 0 0 0 0 0.108683 
9.033e+17 0.132092 0.333572 0.0164679 0.0069694 0.125681 0 0 0 0 0 0 0 0 0.108654 
9.004e+17 0.132077 0.33361 0.0164881 0.00696589 0.12569 0 0 0 0 0 0 0 0 0.108623 
8.975e+17 0.132056 0.333654 0.0165051 0.00696245 0.125702 0 0 0 0 0 0 0 0 0.108589 
8.946e+17 0.13203 0.333704 0.0165193 0.00695902 0.125715 0 0 0 0 0 0 0 0 0.108551 
8.917e+17 0.131998 0.333761 0.0165311 0.00695557 0.125731 0 0 0 0 0 0 0 0 0.108511 
8.888e+17 0.13196 0.333824 0.0165407 0.00695206 0.125748 0 0 0 0 0 0 0 0 0.108468 
8.859e+17 0.131918 0.333893 0.0165483 0.00694847 0.125767 0 0 0 0 0 0 0 0 0.108421 
8.83e+17 0.131871 0.333967 0.0165541 0.00694478 0.125789 0 0 0 0 0 0 0 0 0.108373 
8.801e+17 0.13182 0.334047 0.0165582 0.00694097 0.125812 0 0 0 0 0 0 0 0 0.108321 
8.772e+17 0.131765 0.334132 0.0165608 0.00693704 0.125836 0 0 0 0 0 0 0 0 0.108267 
8.743e+17 0.131851 0.334047 0.016596 0.00695941 0.125806 0 0 0 0 0 0 0 0 0.108296 
8.714e+17 0.131919 0.333984 0.0166256 0.00697873 0.125783 0 0 0 0 0 0 0 0 0.108314 
8.685e+17 0.132002 0.333842 0.0166197 0.00697126 0.125746 0 0 0 0 0 0 0 0 0.108411 
8.656e+17 0.132045 0.333767 0.0166168 0.00696687 0.125727 0 0 0 0 0 0 0 0 0.108461 
8.627e+17 0.132065 0.33373 0.0166146 0.00696379 0.125719 0 0 0 0 0 0 0 0 0.108486 
8.598e+17 0.13207 0.333717 0.0166119 0.00696093 0.125717 0 0 0 0 0 0 0 0 0.108497 
8.569e+17 0.132063 0.33372 0.0166082 0.00695798 0.12572 0 0 0 0 0 0 0 0 0.108497 
8.54e+17 0.132047 0.333738 0.0166036 0.00695484 0.125727 0 0 0 0 0 0 0 0 0.108489 
8.511e+17 0.132023 0.333767 0.0165979 0.00695147 0.125737 0 0 0 0 0 0 0 0 0.108474 
8.482e+17 0.131991 0.333806 0.0165912 0.00694783 0.12575 0 0 0 0 0 0 0 0 0.108452 
8.453e+17 0.131954 0.333854 0.0165836 0.00694394 0.125766 0 0 0 0 0 0 0 0 0.108426 
8.424e+17 0.13203 0.333763 0.0165999 0.00696023 0.125737 0 0 0 0 0 0 0 0 0.10847 
8.395e+17 0.132104 0.333676 0.0166155 0.00697657 0.125709 0 0 0 0 0 0 0 0 0.108511 
8.366e+17 0.132136 0.33364 0.0166229 0.00698666 0.125697 0 0 0 0 0 0 0 0 0.108527 
8.337e+17 0.132149 0.333629 0.0166262 0.00699384 0.125694 0 0 0 0 0 0 0 0 0.108529 
8.308e+17 0.132147 0.333636 0.0166267 0.00699918 0.125695 0 0 0 0 0 0 0 0 0.108521 
8.279e+17 0.132135 0.333657 0.016625 0.00700315 0.125702 0 0 0 0 0 0 0 0 0.108507 
8.25e+17 0.132114 0.333689 0.0166216 0.00700605 0.125712 0 0 0 0 0 0 0 0 0.108486 
8.221e+17 0.132084 0.333732 0.0166166 0.00700805 0.125725 0 0 0 0 0 0 0 0 0.108459 
8.192e+17 0.132052 0.333774 0.0166085 0.0070078 0.125738 0 0 0 0 0 0 0 0 0.108435 
8.163e+17 0.132069 0.333703 0.0165772 0.00698855 0.125725 0 0 0 0 0 0 0 0 0.108503 
8.134e+17 0.132053 0.333697 0.016555 0.00697726 0.125728 0 0 0 0 0 0 0 0 0.108521 
8.105e+17 0.132025 0.333715 0.0165348 0.00696783 0.125737 0 0 0 0 0 0 0 0 0.108522 
8.076e+17 0.131987 0.333749 0.0165151 0.00695919 0.125751 0 0 0 0 0 0 0 0 0.108513 
8.047e+17 0.131942 0.333794 0.0164954 0.00695091 0.125768 0 0 0 0 0 0 0 0 0.108496 
8.018e+17 0.13189 0.333851 0.0164757 0.00694279 0.125788 0 0 0 0 0 0 0 0 0.108471 
7.989e+17 0.131832 0.333916 0.0164556 0.0069347 0.12581 0 0 0 0 0 0 0 0 0.108441 
7.96e+17 0.131768 0.333991 0.0164352 0.00692658 0.125835 0 0 0 0 0 0 0 0 0.108406 
7.931e+17 0.131699 0.334073 0.0164143 0.00691837 0.125863 0 0 0 0 0 0 0 0 0.108366 
7.902e+17 0.131661 0.334116 0.0163997 0.00691565 0.125878 0 0 0 0 0 0 0 0 0.108346 
7.873e+17 0.131748 0.334002 0.0164082 0.00693276 0.125843 0 0 0 0 0 0 0 0 0.108407 
7.844e+17 0.131762 0.333981 0.0164037 0.00693914 0.125838 0 0 0 0 0 0 0 0 0.108419 
7.815e+17 0.131751 0.333993 0.0163949 0.00694214 0.125842 0 0 0 0 0 0 0 0 0.108414 
7.786e+17 0.131787 0.333891 0.0163625 0.00692549 0.125823 0 0 0 0 0 0 0 0 0.108499 
7.757e+17 0.131788 0.333854 0.0163356 0.00691374 0.125819 0 0 0 0 0 0 0 0 0.108539 
7.728e+17 0.131793 0.333802 0.0163026 0.00689701 0.125812 0 0 0 0 0 0 0 0 0.108593 
7.699e+17 0.131799 0.333742 0.0162652 0.00687672 0.125803 0 0 0 0 0 0 0 0 0.108657 
7.67e+17 0.131783 0.333722 0.0162315 0.00685976 0.125804 0 0 0 0 0 0 0 0 0.108692 
7.641e+17 0.131754 0.333723 0.016199 0.00684404 0.125811 0 0 0 0 0 0 0 0 0.108711 
7.612e+17 0.131898 0.333505 0.0161961 0.00685369 0.125749 0 0 0 0 0 0 0 0 0.108848 
7.583e+17 0.131947 0.333412 0.01618 0.00685235 0.125726 0 0 0 0 0 0 0 0 0.108915 
7.554e+17 0.131967 0.33336 0.0161606 0.00684836 0.125715 0 0 0 0 0 0 0 0 0.108958 
7.525e+17 0.131968 0.333334 0.0161393 0.00684299 0.125712 0 0 0 0 0 0 0 0 0.108986 
7.496e+17 0.131956 0.333327 0.0161167 0.00683668 0.125714 0 0 0 0 0 0 0 0 0.109003 
7.467e+17 0.131933 0.333336 0.016093 0.00682969 0.125722 0 0 0 0 0 0 0 0 0.10901 
7.438e+17 0.131899 0.333359 0.0160684 0.00682213 0.125733 0 0 0 0 0 0 0 0 0.109009 
7.409e+17 0.131858 0.333394 0.0160431 0.00681408 0.125748 0 0 0 0 0 0 0 0 0.109 
7.38e+17 0.131808 0.333441 0.016017 0.00680561 0.125766 0 0 0 0 0 0 0 0 0.108985 
7.351e+17 0.131751 0.333498 0.0159903 0.00679676 0.125787 0 0 0 0 0 0 0 0 0.108964 
7.322e+17 0.131743 0.333449 0.0159455 0.00677276 0.125783 0 0 0 0 0 0 0 0 0.109025 
7.293e+17 0.131707 0.333454 0.0159068 0.00675404 0.125793 0 0 0 0 0 0 0 0 0.109046 
7.264e+17 0.131657 0.333484 0.01587 0.00673717 0.125809 0 0 0 0 0 0 0 0 0.10905 
7.235e+17 0.131597 0.333531 0.0158339 0.00672108 0.12583 0 0 0 0 0 0 0 0 0.109042 
7.206e+17 0.131529 0.333591 0.0157982 0.00670538 0.125854 0 0 0 0 0 0 0 0 0.109026 
7.177e+17 0.131619 0.333445 0.0157875 0.00671119 0.125815 0 0 0 0 0 0 0 0 0.10912 
7.148e+17 0.13164 0.333393 0.0157673 0.00670907 0.125805 0 0 0 0 0 0 0 0 0.109163 
7.119e+17 0.131629 0.333383 0.0157432 0.00670377 0.125806 0 0 0 0 0 0 0 0 0.109182 
7.09e+17 0.13167 0.33343 0.0158888 0.00668503 0.125804 0 0 0 0 0 0 0 0 0.109096 
7.061e+17 0.131676 0.333488 0.0159823 0.00666854 0.125811 0 0 0 0 0 0 0 0 0.109025 
7.032e+17 0.131656 0.333555 0.0160389 0.00665366 0.125826 0 0 0 0 0 0 0 0 0.108964 
7.003e+17 0.131621 0.333631 0.0160783 0.00663926 0.125845 0 0 0 0 0 0 0 0 0.108903 
6.974e+17 0.131631 0.333647 0.0161232 0.00663167 0.125845 0 0 0 0 0 0 0 0 0.108876 
6.945e+17 0.131771 0.333447 0.0161534 0.00662179 0.125786 0 0 0 0 0 0 0 0 0.108996 
6.916e+17 0.131826 0.333367 0.0161721 0.00660952 0.125763 0 0 0 0 0 0 0 0 0.109044 
6.887e+17 0.131845 0.333338 0.016186 0.00659716 0.125756 0 0 0 0 0 0 0 0 0.109062 
6.858e+17 0.131843 0.333338 0.0161956 0.00658453 0.125757 0 0 0 0 0 0 0 0 0.109063 
6.829e+17 0.131824 0.33336 0.0162015 0.00657163 0.125764 0 0 0 0 0 0 0 0 0.109051 
6.8e+17 0.131793 0.333399 0.0162043 0.00655847 0.125777 0 0 0 0 0 0 0 0 0.10903 
6.771e+17 0.131751 0.333453 0.0162043 0.00654506 0.125795 0 0 0 0 0 0 0 0 0.109001 
6.742e+17 0.131698 0.333521 0.0162018 0.00653141 0.125816 0 0 0 0 0 0 0 0 0.108965 
6.713e+17 0.131637 0.3336 0.016197 0.00651754 0.125841 0 0 0 0 0 0 0 0 0.108922 
6.684e+17 0.131572 0.333679 0.0161878 0.00650217 0.125867 0 0 0 0 0 0 0 0 0.108882 
6.655e+17 0.131552 0.333654 0.016154 0.00647443 0.12587 0 0 0 0 0 0 0 0 0.108924 
6.626e+17 0.131507 0.333678 0.0161266 0.00645056 0.125884 0 0 0 0 0 0 0 0 0.10893 
6.597e+17 0.131627 0.333465 0.0161131 0.00643485 0.125829 0 0 0 0 0 0 0 0 0.109079 
6.568e+17 0.131686 0.333349 0.0161015 0.00642084 0.1258 0 0 0 0 0 0 0 0 0.109164 
6.539e+17 0.1317 0.3333 0.0160857 0.0064051 0.125791 0 0 0 0 0 0 0 0 0.109209 
6.51e+17 0.131689 0.333286 0.0160677 0.00638872 0.125793 0 0 0 0 0 0 0 0 0.109233 
6.481e+17 0.131661 0.333297 0.0160481 0.00637197 0.125801 0 0 0 0 0 0 0 0 0.109241 
6.452e+17 0.131618 0.333329 0.0160271 0.00635496 0.125816 0 0 0 0 0 0 0 0 0.109236 
6.423e+17 0.131617 0.333311 0.0160147 0.00634333 0.125814 0 0 0 0 0 0 0 0 0.109259 
6.394e+17 0.131686 0.333201 0.0160164 0.00634029 0.125784 0 0 0 0 0 0 0 0 0.109329 
6.365e+17 0.131693 0.333173 0.016007 0.0063315 0.125779 0 0 0 0 0 0 0 0 0.109355 
6.336e+17 0.131708 0.333112 0.0159826 0.00631449 0.125768 0 0 0 0 0 0 0 0 0.109411 
6.307e+17 0.131782 0.333094 0.0161232 0.00628517 0.12575 0 0 0 0 0 0 0 0 0.109374 
6.278e+17 0.131804 0.333107 0.0162016 0.00626075 0.125748 0 0 0 0 0 0 0 0 0.109341 
6.249e+17 0.131797 0.333141 0.016251 0.00623826 0.125755 0 0 0 0 0 0 0 0 0.109307 
6.22e+17 0.13177 0.333193 0.0162858 0.00621659 0.125768 0 0 0 0 0 0 0 0 0.109268 
6.191e+17 0.131729 0.333261 0.0163111 0.00619537 0.125788 0 0 0 0 0 0 0 0 0.109222 
6.162e+17 0.131675 0.333343 0.0163294 0.0061744 0.125812 0 0 0 0 0 0 0 0 0.109171 
6.133e+17 0.131609 0.333437 0.0163423 0.00615356 0.12584 0 0 0 0 0 0 0 0 0.109113 
6.104e+17 0.131658 0.333388 0.0163819 0.0061446 0.125823 0 0 0 0 0 0 0 0 0.109131 
6.075e+17 0.131681 0.333368 0.0164127 0.00613439 0.125816 0 0 0 0 0 0 0 0 0.109134 
6.046e+17 0.131688 0.333348 0.0164203 0.00611673 0.125812 0 0 0 0 0 0 0 0 0.109151 
6.017e+17 0.131693 0.333313 0.016412 0.00609384 0.125807 0 0 0 0 0 0 0 0 0.109187 
5.988e+17 0.131665 0.333334 0.0164068 0.00607314 0.125817 0 0 0 0 0 0 0 0 0.109185 
5.959e+17 0.131617 0.333384 0.0164003 0.00605286 0.125835 0 0 0 0 0 0 0 0 0.109164 
5.93e+17 0.131724 0.333239 0.0164292 0.00604841 0.125791 0 0 0 0 0 0 0 0 0.109246 
5.901e+17 0.131733 0.33322 0.0164372 0.00603622 0.125787 0 0 0 0 0 0 0 0 0.10926 
5.872e+17 0.131713 0.33324 0.016439 0.00602227 0.125795 0 0 0 0 0 0 0 0 0.109252 
5.843e+17 0.131673 0.333286 0.0164367 0.00600733 0.125811 0 0 0 0 0 0 0 0 0.109229 
5.814e+17 0.13168 0.333224 0.0164062 0.0059807 0.125802 0 0 0 0 0 0 0 0 0.109293 
5.785e+17 0.131675 0.333177 0.0163724 0.00595307 0.125798 0 0 0 0 0 0 0 0 0.10935 
5.756e+17 0.131651 0.333163 0.0163394 0.0059263 0.125802 0 0 0 0 0 0 0 0 0.109385 
5.727e+17 0.131603 0.333188 0.0163093 0.00590127 0.125817 0 0 0 0 0 0 0 0 0.109392 
5.698e+17 0.131539 0.333239 0.0162796 0.00587696 0.125838 0 0 0 0 0 0 0 0 0.109383 
5.669e+17 0.131607 0.333121 0.0162773 0.00586567 0.125808 0 0 0 0 0 0 0 0 0.109464 
5.64e+17 0.131614 0.333085 0.016265 0.00585044 0.125802 0 0 0 0 0 0 0 0 0.109498 
5.611e+17 0.131585 0.333099 0.0162473 0.00583319 0.125811 0 0 0 0 0 0 0 0 0.109504 
5.582e+17 0.131534 0.333144 0.0162264 0.005815 0.12583 0 0 0 0 0 0 0 0 0.109493 
5.553e+17 0.131519 0.333104 0.0161843 0.00578731 0.125829 0 0 0 0 0 0 0 0 0.109548 
5.524e+17 0.131622 0.332926 0.0161757 0.00577583 0.125782 0 0 0 0 0 0 0 0 0.10967 
5.495e+17 0.131635 0.332873 0.0161559 0.00575958 0.125773 0 0 0 0 0 0 0 0 0.109719 
5.466e+17 0.131614 0.332869 0.0161324 0.00574196 0.125778 0 0 0 0 0 0 0 0 0.109739 
5.437e+17 0.13157 0.332898 0.0161064 0.00572361 0.125792 0 0 0 0 0 0 0 0 0.10974 
5.408e+17 0.131508 0.332952 0.0160784 0.00570475 0.125814 0 0 0 0 0 0 0 0 0.109725 
5.379e+17 0.131432 0.333028 0.0160489 0.00568547 0.125843 0 0 0 0 0 0 0 0 0.109698 
5.35e+17 0.131376 0.333055 0.0160064 0.00566035 0.125859 0 0 0 0 0 0 0 0 0.10971 
5.321e+17 0.131336 0.333106 0.0159558 0.0056981 0.125876 0 0 0 0 0 0 0 0 0.109682 
5.292e+17 0.131493 0.333045 0.0159148 0.00594792 0.125833 0 0 0 0 0 0 0 0 0.10963 
5.263e+17 0.13153 0.333053 0.0158761 0.00606349 0.125826 0 0 0 0 0 0 0 0 0.109591 
5.234e+17 0.131565 0.333129 0.0159705 0.00611757 0.125829 0 0 0 0 0 0 0 0 0.109477 
5.205e+17 0.131563 0.33323 0.0160365 0.00616272 0.125843 0 0 0 0 0 0 0 0 0.109364 
5.176e+17 0.131692 0.333137 0.0160913 0.00623223 0.125802 0 0 0 0 0 0 0 0 0.109369 
5.147e+17 0.13177 0.333057 0.0161051 0.00626673 0.125774 0 0 0 0 0 0 0 0 0.109398 
5.118e+17 0.131827 0.332967 0.016093 0.00627692 0.12575 0 0 0 0 0 0 0 0 0.109457 
5.089e+17 0.131833 0.332964 0.0160842 0.00629478 0.125748 0 0 0 0 0 0 0 0 0.109454 
5.06e+17 0.131811 0.333002 0.0160723 0.00631167 0.125759 0 0 0 0 0 0 0 0 0.109427 
5.031e+17 0.131768 0.33307 0.0160572 0.00632672 0.125779 0 0 0 0 0 0 0 0 0.109384 
5.002e+17 0.131706 0.333162 0.0160391 0.00633978 0.125806 0 0 0 0 0 0 0 0 0.109327 
4.973e+17 0.131782 0.333088 0.0160471 0.00638352 0.125779 0 0 0 0 0 0 0 0 0.109351 
4.944e+17 0.131823 0.333007 0.0160225 0.00639105 0.12576 0 0 0 0 0 0 0 0 0.10941 
4.915e+17 0.13181 0.333013 0.0159982 0.00639977 0.125764 0 0 0 0 0 0 0 0 0.109412 
4.886e+17 0.131814 0.333006 0.0159808 0.00641671 0.125763 0 0 0 0 0 0 0 0 0.109416 
4.857e+17 0.131878 0.332929 0.0159759 0.00644753 0.125739 0 0 0 0 0 0 0 0 0.109454 
4.828e+17 0.131869 0.332944 0.0159593 0.00646587 0.125744 0 0 0 0 0 0 0 0 0.109444 
4.799e+17 0.131828 0.333 0.0159379 0.00647938 0.125761 0 0 0 0 0 0 0 0 0.109411 
4.77e+17 0.131868 0.33303 0.0160649 0.00645717 0.125757 0 0 0 0 0 0 0 0 0.109346 
4.741e+17 0.131845 0.333096 0.0161121 0.00644539 0.125771 0 0 0 0 0 0 0 0 0.109288 
4.712e+17 0.13179 0.333197 0.0161381 0.00643673 0.125798 0 0 0 0 0 0 0 0 0.109215 
4.683e+17 0.131876 0.333125 0.016191 0.00645513 0.125769 0 0 0 0 0 0 0 0 0.10923 
4.654e+17 0.131863 0.333171 0.0162143 0.00646061 0.125779 0 0 0 0 0 0 0 0 0.109188 
4.625e+17 0.131857 0.333157 0.0162044 0.00644682 0.12578 0 0 0 0 0 0 0 0 0.109206 
4.596e+17 0.131979 0.332963 0.0162043 0.00644316 0.125726 0 0 0 0 0 0 0 0 0.109332 
4.567e+17 0.132016 0.332899 0.0162005 0.00643942 0.12571 0 0 0 0 0 0 0 0 0.109376 
4.538e+17 0.132002 0.332906 0.0161908 0.00643358 0.125714 0 0 0 0 0 0 0 0 0.109378 
4.509e+17 0.131957 0.332957 0.0161768 0.0064264 0.125732 0 0 0 0 0 0 0 0 0.109354 
4.48e+17 0.131887 0.333042 0.0161591 0.00641808 0.12576 0 0 0 0 0 0 0 0 0.10931 
4.451e+17 0.131879 0.333008 0.0161251 0.00639894 0.125758 0 0 0 0 0 0 0 0 0.109355 
4.422e+17 0.131932 0.332918 0.0161169 0.00640065 0.125735 0 0 0 0 0 0 0 0 0.109415 
4.393e+17 0.131901 0.332943 0.0160965 0.00639434 0.125746 0 0 0 0 0 0 0 0 0.10941 
4.364e+17 0.131875 0.332965 0.0160793 0.0063916 0.125755 0 0 0 0 0 0 0 0 0.109405 
4.335e+17 0.131907 0.332914 0.0160726 0.00639801 0.125742 0 0 0 0 0 0 0 0 0.109437 
4.306e+17 0.131917 0.332851 0.0160356 0.00638214 0.125732 0 0 0 0 0 0 0 0 0.1095 
4.277e+17 0.131867 0.33289 0.0160028 0.00637038 0.125749 0 0 0 0 0 0 0 0 0.109494 
4.248e+17 0.131786 0.332975 0.0159681 0.00635803 0.125779 0 0 0 0 0 0 0 0 0.10946 
4.219e+17 0.131702 0.333055 0.0159276 0.00634194 0.12581 0 0 0 0 0 0 0 0 0.109433 
4.19e+17 0.131802 0.332855 0.0158906 0.00632939 0.125761 0 0 0 0 0 0 0 0 0.109582 
4.161e+17 0.131786 0.33282 0.0158434 0.0063096 0.125761 0 0 0 0 0 0 0 0 0.109633 
4.132e+17 0.131856 0.332764 0.0159187 0.00629468 0.125738 0 0 0 0 0 0 0 0 0.109642 
4.103e+17 0.131897 0.332753 0.0159954 0.00627951 0.125727 0 0 0 0 0 0 0 0 0.109622 
4.074e+17 0.131894 0.332752 0.0160113 0.00625656 0.125729 0 0 0 0 0 0 0 0 0.109626 
4.045e+17 0.131858 0.332781 0.0160073 0.00623113 0.125742 0 0 0 0 0 0 0 0 0.109619 
4.016e+17 0.131782 0.332869 0.0159976 0.0062074 0.125771 0 0 0 0 0 0 0 0 0.109578 
3.987e+17 0.131826 0.332807 0.0160125 0.006201 0.125754 0 0 0 0 0 0 0 0 0.109613 
3.958e+17 0.13179 0.332836 0.0159997 0.00618242 0.125767 0 0 0 0 0 0 0 0 0.109608 
3.929e+17 0.131837 0.332739 0.0159886 0.00616734 0.125743 0 0 0 0 0 0 0 0 0.109681 
3.9e+17 0.131826 0.332732 0.0159755 0.00615322 0.125746 0 0 0 0 0 0 0 0 0.109697 
3.871e+17 0.131761 0.332799 0.0159542 0.00613617 0.12577 0 0 0 0 0 0 0 0 0.10967 
3.842e+17 0.131786 0.332803 0.0160477 0.00609343 0.125766 0 0 0 0 0 0 0 0 0.109645 
3.813e+17 0.131841 0.332733 0.0160942 0.00606544 0.125744 0 0 0 0 0 0 0 0 0.109681 
3.784e+17 0.131848 0.332726 0.0161223 0.00604173 0.125742 0 0 0 0 0 0 0 0 0.109684 
3.755e+17 0.131855 0.332718 0.0161461 0.00602286 0.12574 0 0 0 0 0 0 0 0 0.109686 
3.726e+17 0.131906 0.332617 0.0161465 0.00599802 0.125716 0 0 0 0 0 0 0 0 0.109762 
3.697e+17 0.131868 0.332646 0.0161391 0.00597283 0.125729 0 0 0 0 0 0 0 0 0.109757 
3.668e+17 0.131787 0.332738 0.0161248 0.00594704 0.125761 0 0 0 0 0 0 0 0 0.109715 
3.639e+17 0.131794 0.332697 0.0161142 0.00592537 0.125754 0 0 0 0 0 0 0 0 0.109755 
3.61e+17 0.13177 0.332693 0.0160931 0.00590058 0.12576 0 0 0 0 0 0 0 0 0.109777 
3.581e+17 0.131775 0.332664 0.0160845 0.00588397 0.125755 0 0 0 0 0 0 0 0 0.109806 
3.552e+17 0.131779 0.332604 0.0160522 0.00585704 0.125747 0 0 0 0 0 0 0 0 0.10987 
3.523e+17 0.131751 0.332573 0.0160026 0.00582247 0.12575 0 0 0 0 0 0 0 0 0.109926 
3.494e+17 0.131766 0.332653 0.0159417 0.00600092 0.125758 0 0 0 0 0 0 0 0 0.109824 
3.465e+17 0.13182 0.332624 0.0159001 0.00610658 0.125742 0 0 0 0 0 0 0 0 0.109813 
3.436e+17 0.131866 0.332559 0.0158515 0.00616419 0.125724 0 0 0 0 0 0 0 0 0.109851 
3.407e+17 0.131927 0.332581 0.015949 0.00619966 0.125713 0 0 0 0 0 0 0 0 0.109779 
3.378e+17 0.13189 0.332686 0.015977 0.00622574 0.125736 0 0 0 0 0 0 0 0 0.109687 
3.349e+17 0.131897 0.332679 0.0159699 0.00623683 0.125735 0 0 0 0 0 0 0 0 0.10969 
3.32e+17 0.131896 0.332701 0.01597 0.0062619 0.125738 0 0 0 0 0 0 0 0 0.109665 
3.291e+17 0.131954 0.332611 0.015955 0.00627688 0.125714 0 0 0 0 0 0 0 0 0.109722 
3.262e+17 0.131968 0.332557 0.0159205 0.00627637 0.125704 0 0 0 0 0 0 0 0 0.109771 
3.233e+17 0.131901 0.332629 0.0158835 0.00627575 0.125729 0 0 0 0 0 0 0 0 0.109741 
3.204e+17 0.131985 0.332588 0.0159975 0.00626602 0.125705 0 0 0 0 0 0 0 0 0.109722 
3.175e+17 0.131998 0.332597 0.0160346 0.0062634 0.125704 0 0 0 0 0 0 0 0 0.1097 
3.146e+17 0.132014 0.332601 0.0160616 0.00626943 0.125702 0 0 0 0 0 0 0 0 0.109683 
3.117e+17 0.131979 0.332627 0.0160445 0.00625319 0.125714 0 0 0 0 0 0 0 0 0.109681 
3.088e+17 0.131958 0.332654 0.0160416 0.00625202 0.125723 0 0 0 0 0 0 0 0 0.109665 
3.059e+17 0.131957 0.332603 0.0160037 0.00622977 0.125717 0 0 0 0 0 0 0 0 0.109723 
3.03e+17 0.13201 0.3325 0.0159865 0.0062256 0.125692 0 0 0 0 0 0 0 0 0.109798 
3.001e+17 0.131955 0.332532 0.0159446 0.00620618 0.125709 0 0 0 0 0 0 0 0 0.109804 
2.972e+17 0.131945 0.332506 0.0159098 0.00619415 0.125709 0 0 0 0 0 0 0 0 0.109841 
2.943e+17 0.131911 0.332521 0.0158772 0.00618584 0.125719 0 0 0 0 0 0 0 0 0.109848 
2.914e+17 0.131943 0.332483 0.0159132 0.00616406 0.125707 0 0 0 0 0 0 0 0 0.109866 
2.885e+17 0.131886 0.332578 0.0159479 0.00613555 0.125734 0 0 0 0 0 0 0 0 0.109802 
2.856e+17 0.131937 0.332471 0.0159455 0.00610885 0.125708 0 0 0 0 0 0 0 0 0.109883 
2.827e+17 0.131955 0.332429 0.0159454 0.00609264 0.125699 0 0 0 0 0 0 0 0 0.109917 
2.798e+17 0.131919 0.332427 0.0159106 0.00606214 0.125708 0 0 0 0 0 0 0 0 0.109946 
2.769e+17 0.131915 0.33247 0.0159777 0.00603718 0.125715 0 0 0 0 0 0 0 0 0.1099 
2.74e+17 0.131954 0.332429 0.0160295 0.0060085 0.125701 0 0 0 0 0 0 0 0 0.109916 
2.711e+17 0.131929 0.332451 0.0160406 0.0059794 0.125711 0 0 0 0 0 0 0 0 0.109909 
2.682e+17 0.13193 0.332401 0.0160213 0.00594357 0.125704 0 0 0 0 0 0 0 0 0.109965 
2.653e+17 0.131937 0.332351 0.0160057 0.00591518 0.125697 0 0 0 0 0 0 0 0 0.110016 
2.624e+17 0.131924 0.332371 0.0159735 0.00594836 0.125703 0 0 0 0 0 0 0 0 0.110002 
2.595e+17 0.131947 0.332404 0.0159216 0.00607853 0.125703 0 0 0 0 0 0 0 0 0.109947 
2.566e+17 0.131958 0.332416 0.0158827 0.00615099 0.125703 0 0 0 0 0 0 0 0 0.109924 
2.537e+17 0.131986 0.332381 0.0158867 0.00615858 0.125692 0 0 0 0 0 0 0 0 0.109941 
2.508e+17 0.13201 0.332381 0.0159154 0.00617322 0.125687 0 0 0 0 0 0 0 0 0.109921 
2.479e+17 0.132037 0.332354 0.0159145 0.00619061 0.125678 0 0 0 0 0 0 0 0 0.109931 
2.45e+17 0.131969 0.332425 0.0158789 0.00618729 0.125704 0 0 0 0 0 0 0 0 0.109903 
2.421e+17 0.132026 0.3324 0.0159527 0.00618759 0.125688 0 0 0 0 0 0 0 0 0.109886 
2.392e+17 0.132053 0.33236 0.0159713 0.00617248 0.125677 0 0 0 0 0 0 0 0 0.109909 
2.363e+17 0.132049 0.332348 0.0159641 0.00615924 0.125677 0 0 0 0 0 0 0 0 0.109926 
2.334e+17 0.132053 0.332325 0.0159517 0.00615194 0.125674 0 0 0 0 0 0 0 0 0.109949 
2.305e+17 0.131998 0.332366 0.0159188 0.00613665 0.125692 0 0 0 0 0 0 0 0 0.109943 
2.276e+17 0.132024 0.332265 0.0158717 0.0061161 0.125674 0 0 0 0 0 0 0 0 0.110037 
2.247e+17 0.131976 0.332318 0.015879 0.0060834 0.125693 0 0 0 0 0 0 0 0 0.110013 
2.218e+17 0.132019 0.332266 0.0159172 0.00606347 0.125676 0 0 0 0 0 0 0 0 0.110039 
2.189e+17 0.13196 0.332311 0.0158945 0.00603216 0.125697 0 0 0 0 0 0 0 0 0.110033 
2.16e+17 0.132014 0.332242 0.0159443 0.00600093 0.125675 0 0 0 0 0 0 0 0 0.110069 
2.131e+17 0.131975 0.332285 0.0159647 0.00596143 0.125691 0 0 0 0 0 0 0 0 0.110049 
2.102e+17 0.131994 0.332234 0.015969 0.0059334 0.12568 0 0 0 0 0 0 0 0 0.110092 
2.073e+17 0.132026 0.332242 0.0159121 0.00605659 0.125675 0 0 0 0 0 0 0 0 0.110057 
2.044e+17 0.132058 0.332202 0.0158656 0.00611523 0.125662 0 0 0 0 0 0 0 0 0.110077 
2.015e+17 0.132048 0.332247 0.0158799 0.00613431 0.125672 0 0 0 0 0 0 0 0 0.110033 
1.986e+17 0.132073 0.332213 0.0158835 0.00613798 0.125662 0 0 0 0 0 0 0 0 0.110052 
1.957e+17 0.132065 0.332199 0.0158535 0.00613702 0.125662 0 0 0 0 0 0 0 0 0.110074 
1.928e+17 0.132065 0.332249 0.0159278 0.00612148 0.12567 0 0 0 0 0 0 0 0 0.110016 
1.899e+17 0.132098 0.332179 0.0159218 0.0061067 0.125653 0 0 0 0 0 0 0 0 0.110069 
1.87e+17 0.132052 0.332199 0.0158856 0.0060853 0.125667 0 0 0 0 0 0 0 0 0.110082 
1.841e+17 0.132006 0.33221 0.0158375 0.0060641 0.12568 0 0 0 0 0 0 0 0 0.110104 
1.812e+17 0.132064 0.332132 0.0158869 0.00602941 0.125657 0 0 0 0 0 0 0 0 0.110148 
1.783e+17 0.132041 0.332123 0.0158672 0.00599875 0.125662 0 0 0 0 0 0 0 0 0.110175 
1.754e+17 0.132048 0.332125 0.0159285 0.00595384 0.125661 0 0 0 0 0 0 0 0 0.110166 
1.725e+17 0.132054 0.332173 0.0158999 0.00604849 0.125667 0 0 0 0 0 0 0 0 0.110106 
1.696e+17 0.132087 0.332122 0.015852 0.00609663 0.125653 0 0 0 0 0 0 0 0 0.110138 
1.667e+17 0.132113 0.332107 0.0158694 0.00610798 0.125646 0 0 0 0 0 0 0 0 0.110135 
1.638e+17 0.132108 0.332097 0.0158524 0.0061059 0.125646 0 0 0 0 0 0 0 0 0.110149 
1.609e+17 0.132124 0.332095 0.0159019 0.00608479 0.125643 0 0 0 0 0 0 0 0 0.110138 
1.58e+17 0.132092 0.332102 0.0158777 0.00606111 0.125652 0 0 0 0 0 0 0 0 0.110154 
1.551e+17 0.132065 0.332078 0.0158273 0.00603558 0.125655 0 0 0 0 0 0 0 0 0.110202 
1.522e+17 0.132075 0.332057 0.015862 0.00599548 0.125651 0 0 0 0 0 0 0 0 0.110217 
1.493e+17 0.132071 0.33206 0.0159013 0.0059523 0.125653 0 0 0 0 0 0 0 0 0.110217 
1.464e+17 0.132134 0.332036 0.0158712 0.00606785 0.125636 0 0 0 0 0 0 0 0 0.110195 
1.435e+17 0.132125 0.332043 0.0158428 0.0060896 0.125639 0 0 0 0 0 0 0 0 0.110193 
1.406e+17 0.132124 0.332035 0.0158425 0.00607996 0.125639 0 0 0 0 0 0 0 0 0.110202 
1.377e+17 0.132122 0.332044 0.0158767 0.0060525 0.125641 0 0 0 0 0 0 0 0 0.110193 
1.348e+17 0.132108 0.332007 0.0158384 0.0060254 0.12564 0 0 0 0 0 0 0 0 0.110244 
1.319e+17 0.132113 0.331979 0.0158554 0.00598608 0.125636 0 0 0 0 0 0 0 0 0.110272 
1.29e+17 0.132132 0.332009 0.0158707 0.00603823 0.125636 0 0 0 0 0 0 0 0 0.110223 
1.261e+17 0.132151 0.331967 0.0158271 0.00606929 0.125627 0 0 0 0 0 0 0 0 0.110255 
1.232e+17 0.132137 0.331982 0.015831 0.00605767 0.125633 0 0 0 0 0 0 0 0 0.110249 
1.203e+17 0.13216 0.331948 0.0158605 0.00603097 0.125624 0 0 0 0 0 0 0 0 0.110269 
1.174e+17 0.132132 0.331943 0.0158446 0.00599131 0.12563 0 0 0 0 0 0 0 0 0.110296 
1.145e+17 0.132151 0.331962 0.0158575 0.0060352 0.125629 0 0 0 0 0 0 0 0 0.110258 
1.116e+17 0.132158 0.331931 0.0158144 0.00605618 0.125624 0 0 0 0 0 0 0 0 0.110287 
1.087e+17 0.132171 0.331921 0.0158491 0.00603407 0.12562 0 0 0 0 0 0 0 0 0.110288 
1.058e+17 0.132147 0.331901 0.0158215 0.00599731 0.125623 0 0 0 0 0 0 0 0 0.110328 
1.029e+17 0.132176 0.331908 0.0158456 0.00603293 0.125618 0 0 0 0 0 0 0 0 0.110297 
