3e+18 0.210235 0.31035 0.0120906 0 0 0 0 0 0 0 0 0.0209228 0.0894243 0.219068 
2.9971e+18 0.210183 0.310391 0.0120785 0 0 0 0 0 0 0 0 0.0209259 0.0894691 0.219031 
2.9942e+18 0.210131 0.310432 0.0120664 0 0 0 0 0 0 0 0 0.0209291 0.0895143 0.218994 
2.9913e+18 0.210078 0.310473 0.0120543 0 0 0 0 0 0 0 0 0.0209323 0.0895599 0.218956 
2.9884e+18 0.210025 0.310515 0.0120422 0 0 0 0 0 0 0 0 0.0209357 0.0896058 0.218919 
2.9855e+18 0.209972 0.310557 0.0120301 0 0 0 0 0 0 0 0 0.0209391 0.089652 0.21888 
2.9826e+18 0.209918 0.310599 0.012018 0 0 0 0 0 0 0 0 0.0209426 0.0896986 0.218842 
2.9797e+18 0.209863 0.310641 0.0120059 0 0 0 0 0 0 0 0 0.0209462 0.0897456 0.218804 
2.9768e+18 0.209809 0.310684 0.0119938 0 0 0 0 0 0 0 0 0.0209498 0.0897929 0.218765 
2.9739e+18 0.209754 0.310727 0.0119817 0 0 0 0 0 0 0 0 0.0209536 0.0898405 0.218725 
2.971e+18 0.209698 0.31077 0.0119696 0 0 0 0 0 0 0 0 0.0209574 0.0898885 0.218686 
2.9681e+18 0.209642 0.310813 0.0119575 0 0 0 0 0 0 0 0 0.0209613 0.0899368 0.218646 
2.9652e+18 0.209586 0.310857 0.0119454 0 0 0 0 0 0 0 0 0.0209652 0.0899855 0.218606 
2.9623e+18 0.20953 0.310901 0.0119332 0 0 0 0 0 0 0 0 0.0209692 0.0900345 0.218566 
2.9594e+18 0.209473 0.310945 0.0119211 0 0 0 0 0 0 0 0 0.0209733 0.0900839 0.218525 
2.9565e+18 0.209415 0.31099 0.011909 0 0 0 0 0 0 0 0 0.0209775 0.0901336 0.218484 
2.9536e+18 0.209358 0.311034 0.0118969 0 0 0 0 0 0 0 0 0.0209817 0.0901837 0.218443 
2.9507e+18 0.2093 0.311079 0.0118848 0 0 0 0 0 0 0 0 0.020986 0.0902341 0.218401 
2.9478e+18 0.209242 0.311124 0.0118727 0 0 0 0 0 0 0 0 0.0209903 0.0902848 0.218359 
2.9449e+18 0.209183 0.31117 0.0118606 0 0 0 0 0 0 0 0 0.0209948 0.0903359 0.218317 
2.942e+18 0.209124 0.311215 0.0118485 0 0 0 0 0 0 0 0 0.0209992 0.0903873 0.218274 
2.9391e+18 0.209064 0.311261 0.0118364 0 0 0 0 0 0 0 0 0.0210038 0.0904391 0.218232 
2.9362e+18 0.209004 0.311307 0.0118243 0 0 0 0 0 0 0 0 0.0210084 0.0904912 0.218189 
2.9333e+18 0.208944 0.311354 0.0118121 0 0 0 0 0 0 0 0 0.0210131 0.0905436 0.218145 
2.9304e+18 0.208884 0.3114 0.0118 0 0 0 0 0 0 0 0 0.0210178 0.0905964 0.218102 
2.9275e+18 0.208823 0.311447 0.0117879 0 0 0 0 0 0 0 0 0.0210225 0.0906495 0.218058 
2.9246e+18 0.208762 0.311495 0.0117758 0 0 0 0 0 0 0 0 0.0210274 0.090703 0.218013 
2.9217e+18 0.2087 0.311542 0.0117637 0 0 0 0 0 0 0 0 0.0210323 0.0907568 0.217969 
2.9188e+18 0.208638 0.31159 0.0117516 0 0 0 0 0 0 0 0 0.0210372 0.0908109 0.217924 
2.9159e+18 0.208576 0.311638 0.0117395 0 0 0 0 0 0 0 0 0.0210422 0.0908654 0.217879 
2.913e+18 0.208513 0.311686 0.0117274 0 0 0 0 0 0 0 0 0.0210472 0.0909202 0.217833 
2.9101e+18 0.20845 0.311734 0.0117153 0 0 0 0 0 0 0 0 0.0210523 0.0909754 0.217788 
2.9072e+18 0.208387 0.311783 0.0117031 0 0 0 0 0 0 0 0 0.0210575 0.0910309 0.217741 
2.9043e+18 0.208323 0.311832 0.011691 0 0 0 0 0 0 0 0 0.0210626 0.0910867 0.217695 
2.9014e+18 0.208259 0.311881 0.0116789 0 0 0 0 0 0 0 0 0.0210679 0.0911429 0.217648 
2.8985e+18 0.208195 0.311931 0.0116668 0 0 0 0 0 0 0 0 0.0210732 0.0911994 0.217601 
2.8956e+18 0.20813 0.311981 0.0116547 0 0 0 0 0 0 0 0 0.0210785 0.0912562 0.217554 
2.8927e+18 0.208065 0.312031 0.0116426 0 0 0 0 0 0 0 0 0.0210838 0.0913133 0.217507 
2.8898e+18 0.208 0.312081 0.0116305 0 0 0 0 0 0 0 0 0.0210893 0.0913708 0.217459 
2.8869e+18 0.207934 0.312132 0.0116184 0 0 0 0 0 0 0 0 0.0210947 0.0914287 0.217411 
2.884e+18 0.207868 0.312183 0.0116063 0 0 0 0 0 0 0 0 0.0211002 0.0914868 0.217362 
2.8811e+18 0.207802 0.312234 0.0115941 0 0 0 0 0 0 0 0 0.0211057 0.0915453 0.217313 
2.8782e+18 0.207735 0.312285 0.011582 0 0 0 0 0 0 0 0 0.0211113 0.0916042 0.217264 
2.8753e+18 0.207668 0.312337 0.0115699 0 0 0 0 0 0 0 0 0.0211169 0.0916633 0.217215 
2.8724e+18 0.207601 0.312389 0.0115578 0 0 0 0 0 0 0 0 0.0211226 0.0917228 0.217165 
2.8695e+18 0.207533 0.312441 0.0115457 0 0 0 0 0 0 0 0 0.0211282 0.0917826 0.217115 
2.8666e+18 0.207465 0.312493 0.0115336 0 0 0 0 0 0 0 0 0.0211339 0.0918428 0.217065 
2.8637e+18 0.207396 0.312546 0.0115215 0 0 0 0 0 0 0 0 0.0211397 0.0919033 0.217015 
2.8608e+18 0.207328 0.312599 0.0115094 0 0 0 0 0 0 0 0 0.0211455 0.0919641 0.216964 
2.8579e+18 0.207259 0.312652 0.0114973 0 0 0 0 0 0 0 0 0.0211513 0.0920253 0.216913 
2.855e+18 0.207189 0.312706 0.0114852 0 0 0 0 0 0 0 0 0.0211571 0.0920867 0.216861 
2.8521e+18 0.207119 0.31276 0.0114731 0 0 0 0 0 0 0 0 0.021163 0.0921485 0.216809 
2.8492e+18 0.207049 0.312814 0.0114609 0 0 0 0 0 0 0 0 0.0211689 0.0922107 0.216757 
2.8463e+18 0.206979 0.312868 0.0114488 0 0 0 0 0 0 0 0 0.0211749 0.0922732 0.216705 
2.8434e+18 0.206908 0.312923 0.0114367 0 0 0 0 0 0 0 0 0.0211808 0.0923359 0.216652 
2.8405e+18 0.206837 0.312977 0.0114246 0 0 0 0 0 0 0 0 0.0211868 0.0923991 0.216599 
2.8376e+18 0.206766 0.313033 0.0114125 0 0 0 0 0 0 0 0 0.0211928 0.0924625 0.216546 
2.8347e+18 0.206694 0.313088 0.0114004 0 0 0 0 0 0 0 0 0.0211989 0.0925263 0.216493 
2.8318e+18 0.206622 0.313144 0.0113883 0 0 0 0 0 0 0 0 0.0212049 0.0925904 0.216439 
2.8289e+18 0.20655 0.3132 0.0113762 0 0 0 0 0 0 0 0 0.021211 0.0926548 0.216385 
2.826e+18 0.206477 0.313256 0.0113641 0 0 0 0 0 0 0 0 0.0212171 0.0927196 0.21633 
2.8231e+18 0.206404 0.313313 0.011352 0 0 0 0 0 0 0 0 0.0212233 0.0927847 0.216275 
2.8202e+18 0.206331 0.313369 0.0113399 0 0 0 0 0 0 0 0 0.0212294 0.0928501 0.21622 
2.8173e+18 0.206257 0.313427 0.0113278 0 0 0 0 0 0 0 0 0.0212356 0.0929158 0.216165 
2.8144e+18 0.206183 0.313484 0.0113157 0 0 0 0 0 0 0 0 0.0212418 0.0929819 0.216109 
2.8115e+18 0.206109 0.313542 0.0113036 0 0 0 0 0 0 0 0 0.021248 0.0930483 0.216053 
2.8086e+18 0.206442 0.313576 0.0113091 0 0 0 0 0 0 0 0 0.0210058 0.0928375 0.216139 
2.8057e+18 0.206794 0.313611 0.0113154 0 0 0 0 0 0 0 0 0.0207511 0.0926151 0.216229 
2.8028e+18 0.207108 0.313649 0.01132 0 0 0 0 0 0 0 0 0.0205176 0.0924185 0.216306 
2.7999e+18 0.207394 0.313691 0.0113233 0 0 0 0 0 0 0 0 0.0203009 0.0922422 0.216372 
2.797e+18 0.207657 0.313734 0.0113255 0 0 0 0 0 0 0 0 0.0200977 0.0920823 0.216429 
2.7941e+18 0.2079 0.31378 0.0113269 0 0 0 0 0 0 0 0 0.0199059 0.0919362 0.216478 
2.7912e+18 0.208126 0.313827 0.0113276 0 0 0 0 0 0 0 0 0.0197237 0.0918016 0.216522 
2.7883e+18 0.208338 0.313876 0.0113276 0 0 0 0 0 0 0 0 0.0195498 0.0916772 0.21656 
2.7854e+18 0.208537 0.313925 0.011327 0 0 0 0 0 0 0 0 0.0193834 0.0915617 0.216593 
2.7825e+18 0.208724 0.313976 0.011326 0 0 0 0 0 0 0 0 0.0192234 0.0914541 0.216622 
2.7796e+18 0.208902 0.314028 0.0113245 0 0 0 0 0 0 0 0 0.0190694 0.0913535 0.216647 
2.7767e+18 0.209071 0.314081 0.0113227 0 0 0 0 0 0 0 0 0.0189206 0.0912593 0.216669 
2.7738e+18 0.209231 0.314134 0.0113204 0 0 0 0 0 0 0 0 0.0187767 0.091171 0.216687 
2.7709e+18 0.209383 0.314189 0.0113179 0 0 0 0 0 0 0 0 0.0186373 0.0910881 0.216703 
2.768e+18 0.209529 0.314244 0.011315 0 0 0 0 0 0 0 0 0.0185019 0.09101 0.216716 
2.7651e+18 0.209668 0.314299 0.0113119 0 0 0 0 0 0 0 0 0.0183703 0.0909366 0.216726 
2.7622e+18 0.2098 0.314356 0.0113085 0 0 0 0 0 0 0 0 0.0182423 0.0908674 0.216734 
2.7593e+18 0.209928 0.314412 0.0113049 0 0 0 0 0 0 0 0 0.0181176 0.0908022 0.21674 
2.7564e+18 0.210049 0.31447 0.0113011 0 0 0 0 0 0 0 0 0.017996 0.0907407 0.216744 
2.7535e+18 0.210166 0.314528 0.011297 0 0 0 0 0 0 0 0 0.0178773 0.0906828 0.216746 
2.7506e+18 0.210278 0.314586 0.0112928 0 0 0 0 0 0 0 0 0.0177614 0.0906281 0.216747 
2.7477e+18 0.210385 0.314645 0.0112883 0 0 0 0 0 0 0 0 0.017648 0.0905767 0.216745 
2.7448e+18 0.210489 0.314704 0.0112838 0 0 0 0 0 0 0 0 0.0175372 0.0905282 0.216742 
2.7419e+18 0.210588 0.314764 0.011279 0 0 0 0 0 0 0 0 0.0174287 0.0904825 0.216737 
2.739e+18 0.210683 0.314824 0.0112741 0 0 0 0 0 0 0 0 0.0173225 0.0904396 0.216731 
2.7361e+18 0.210774 0.314884 0.011269 0 0 0 0 0 0 0 0 0.0172185 0.0903992 0.216724 
2.7332e+18 0.210862 0.314945 0.0112638 0 0 0 0 0 0 0 0 0.0171165 0.0903613 0.216715 
2.7303e+18 0.210947 0.315006 0.0112585 0 0 0 0 0 0 0 0 0.0170165 0.0903258 0.216705 
2.7274e+18 0.211065 0.315075 0.0112508 7.5139e-05 0 0 0 0 0 0 0 0.0169217 0.0902784 0.21666 
2.7245e+18 0.211214 0.315151 0.0112408 0.000223006 0 0 0 0 0 0 0 0.0168326 0.0902199 0.216583 
2.7216e+18 0.211343 0.315224 0.0112317 0.000336681 0 0 0 0 0 0 0 0.0167444 0.0901704 0.216519 
2.7187e+18 0.211459 0.315295 0.011223 0.000431735 0 0 0 0 0 0 0 0.0166575 0.0901269 0.216461 
2.7158e+18 0.211566 0.315366 0.0112145 0.000514569 0 0 0 0 0 0 0 0.016572 0.0900879 0.216409 
2.7129e+18 0.211665 0.315436 0.0112062 0.00058857 0 0 0 0 0 0 0 0.016488 0.0900527 0.216359 
2.71e+18 0.211759 0.315505 0.011198 0.00065579 0 0 0 0 0 0 0 0.0164054 0.0900207 0.21631 
2.7071e+18 0.211847 0.315574 0.0111899 0.00071759 0 0 0 0 0 0 0 0.0163243 0.0899917 0.216263 
2.7042e+18 0.21193 0.315643 0.0111818 0.000774924 0 0 0 0 0 0 0 0.0162445 0.0899654 0.216218 
2.7013e+18 0.212009 0.315711 0.0111737 0.000828496 0 0 0 0 0 0 0 0.0161662 0.0899415 0.216173 
2.6984e+18 0.212083 0.31578 0.0111656 0.000878842 0 0 0 0 0 0 0 0.0160891 0.08992 0.216128 
2.6955e+18 0.212154 0.315848 0.0111575 0.00092638 0 0 0 0 0 0 0 0.0160134 0.0899006 0.216084 
2.6926e+18 0.212221 0.315917 0.0111494 0.000971447 0 0 0 0 0 0 0 0.0159389 0.0898833 0.216039 
2.6897e+18 0.212286 0.315985 0.0111413 0.00101432 0 0 0 0 0 0 0 0.0158657 0.089868 0.215996 
2.6868e+18 0.212346 0.316054 0.0111332 0.00105521 0 0 0 0 0 0 0 0.0157936 0.0898545 0.215952 
2.6839e+18 0.212404 0.316122 0.0111251 0.00109433 0 0 0 0 0 0 0 0.0157228 0.0898428 0.215908 
2.681e+18 0.212459 0.316191 0.0111169 0.00113184 0 0 0 0 0 0 0 0.015653 0.0898329 0.215864 
2.6781e+18 0.212512 0.31626 0.0111088 0.00116786 0 0 0 0 0 0 0 0.0155844 0.0898246 0.21582 
2.6752e+18 0.212561 0.316328 0.0111006 0.00120253 0 0 0 0 0 0 0 0.0155169 0.0898179 0.215775 
2.6723e+18 0.212609 0.316397 0.0110924 0.00123594 0 0 0 0 0 0 0 0.0154505 0.0898128 0.215731 
2.6694e+18 0.212653 0.316466 0.0110841 0.00126819 0 0 0 0 0 0 0 0.0153851 0.0898092 0.215686 
2.6665e+18 0.212696 0.316535 0.0110758 0.00129937 0 0 0 0 0 0 0 0.0153207 0.0898071 0.215641 
2.6636e+18 0.212736 0.316604 0.0110676 0.00132954 0 0 0 0 0 0 0 0.0152574 0.0898064 0.215596 
2.6607e+18 0.212774 0.316673 0.0110592 0.00135877 0 0 0 0 0 0 0 0.015195 0.089807 0.215551 
2.6578e+18 0.21281 0.316742 0.0110509 0.001387 0 0 0 0 0 0 0 0.0151337 0.0898088 0.215505 
2.6549e+18 0.212892 0.316637 0.0110335 0.00134237 0 0 0 0 0 0 0 0.0151302 0.0896948 0.215646 
2.652e+18 0.21297 0.316534 0.0110162 0.0012976 0 0 0 0 0 0 0 0.015127 0.0895845 0.215784 
2.6491e+18 0.213046 0.316435 0.0109991 0.00125259 0 0 0 0 0 0 0 0.0151241 0.0894778 0.215918 
2.6462e+18 0.213117 0.316337 0.0109822 0.00120728 0 0 0 0 0 0 0 0.0151214 0.0893746 0.216049 
2.6433e+18 0.213186 0.316243 0.0109654 0.00116156 0 0 0 0 0 0 0 0.0151189 0.0892748 0.216178 
2.6404e+18 0.213251 0.316151 0.0109487 0.00111535 0 0 0 0 0 0 0 0.0151167 0.0891781 0.216304 
2.6375e+18 0.213313 0.31606 0.0109321 0.00106854 0 0 0 0 0 0 0 0.0151148 0.0890845 0.216427 
2.6346e+18 0.213372 0.315972 0.0109156 0.001021 0 0 0 0 0 0 0 0.0151131 0.0889939 0.216549 
2.6317e+18 0.213428 0.315886 0.0108993 0.000972614 0 0 0 0 0 0 0 0.0151116 0.0889062 0.216668 
2.6288e+18 0.213481 0.315802 0.0108831 0.000923215 0 0 0 0 0 0 0 0.0151104 0.0888213 0.216785 
2.6259e+18 0.213531 0.315719 0.010867 0.000872626 0 0 0 0 0 0 0 0.0151094 0.088739 0.216901 
2.623e+18 0.213578 0.315639 0.010851 0.00082063 0 0 0 0 0 0 0 0.0151085 0.0886593 0.217015 
2.6201e+18 0.213623 0.315559 0.0108351 0.000766965 0 0 0 0 0 0 0 0.0151079 0.0885822 0.217128 
2.6172e+18 0.213664 0.315481 0.0108194 0.0007113 0 0 0 0 0 0 0 0.0151075 0.0885076 0.21724 
2.6143e+18 0.213702 0.315404 0.0108038 0.000653217 0 0 0 0 0 0 0 0.0151071 0.0884353 0.217352 
2.6114e+18 0.213737 0.315328 0.0107883 0.000592161 0 0 0 0 0 0 0 0.0151069 0.0883653 0.217463 
2.6085e+18 0.213768 0.315253 0.010773 0.000527367 0 0 0 0 0 0 0 0.0151068 0.0882977 0.217575 
2.6056e+18 0.213796 0.315178 0.0107579 0.000457738 0 0 0 0 0 0 0 0.0151066 0.0882322 0.217687 
2.6027e+18 0.21382 0.315103 0.010743 0.000381575 0 0 0 0 0 0 0 0.0151064 0.088169 0.217802 
2.5998e+18 0.213839 0.315028 0.0107283 0.000295992 0 0 0 0 0 0 0 0.0151059 0.0881079 0.21792 
2.5969e+18 0.213851 0.31495 0.010714 0.000195266 0 0 0 0 0 0 0 0.0151048 0.088049 0.218046 
2.594e+18 0.213851 0.314866 0.0107005 6.40646e-05 0 0 0 0 0 0 0 0.0151023 0.0879924 0.218189 
2.5911e+18 0.213871 0.3148 0.0106856 0 0 0 0 0 0 0 0 0.0151033 0.0879372 0.218288 
2.5882e+18 0.213909 0.314752 0.0106694 0 0 0 0 0 0 0 0 0.0151078 0.0878834 0.218347 
2.5853e+18 0.213946 0.314706 0.0106533 0 0 0 0 0 0 0 0 0.0151126 0.0878314 0.218405 
2.5824e+18 0.21398 0.31466 0.0106371 0 0 0 0 0 0 0 0 0.0151177 0.0877811 0.218461 
2.5795e+18 0.214013 0.314615 0.0106211 0 0 0 0 0 0 0 0 0.0151232 0.0877325 0.218516 
2.5766e+18 0.214045 0.314572 0.010605 0 0 0 0 0 0 0 0 0.0151291 0.0876855 0.218569 
2.5737e+18 0.214074 0.31453 0.0105891 0 0 0 0 0 0 0 0 0.0151352 0.0876402 0.21862 
2.5708e+18 0.214102 0.314489 0.0105731 0 0 0 0 0 0 0 0 0.0151417 0.0875966 0.218671 
2.5679e+18 0.214129 0.314449 0.0105572 0 0 0 0 0 0 0 0 0.0151485 0.0875545 0.21872 
2.565e+18 0.214153 0.31441 0.0105413 0 0 0 0 0 0 0 0 0.0151555 0.0875139 0.218768 
2.5621e+18 0.214177 0.314372 0.0105255 0 0 0 0 0 0 0 0 0.0151629 0.0874749 0.218814 
2.5592e+18 0.214198 0.314335 0.0105097 0 0 0 0 0 0 0 0 0.0151706 0.0874373 0.218859 
2.5563e+18 0.214218 0.314299 0.0104939 0 0 0 0 0 0 0 0 0.0151785 0.0874012 0.218903 
2.5534e+18 0.214237 0.314264 0.0104781 0 0 0 0 0 0 0 0 0.0151868 0.0873666 0.218946 
2.5505e+18 0.214254 0.31423 0.0104624 0 0 0 0 0 0 0 0 0.0151953 0.0873334 0.218987 
2.5476e+18 0.21427 0.314197 0.0104468 0 0 0 0 0 0 0 0 0.015204 0.0873015 0.219027 
2.5447e+18 0.214285 0.314165 0.0104311 0 0 0 0 0 0 0 0 0.0152131 0.0872711 0.219067 
2.5418e+18 0.214298 0.314134 0.0104155 0 0 0 0 0 0 0 0 0.0152223 0.0872419 0.219105 
2.5389e+18 0.214309 0.314103 0.0103999 0 0 0 0 0 0 0 0 0.0152319 0.0872142 0.219141 
2.536e+18 0.21432 0.314074 0.0103843 0 0 0 0 0 0 0 0 0.0152417 0.0871877 0.219177 
2.5331e+18 0.214329 0.314046 0.0103688 0 0 0 0 0 0 0 0 0.0152517 0.0871625 0.219212 
2.5302e+18 0.214336 0.314018 0.0103533 0 0 0 0 0 0 0 0 0.0152619 0.0871386 0.219245 
2.5273e+18 0.214343 0.313991 0.0103378 0 0 0 0 0 0 0 0 0.0152724 0.0871159 0.219277 
2.5244e+18 0.214348 0.313966 0.0103223 0 0 0 0 0 0 0 0 0.0152831 0.0870945 0.219309 
2.5215e+18 0.214352 0.313941 0.0103069 0 0 0 0 0 0 0 0 0.0152941 0.0870743 0.219339 
2.5186e+18 0.214354 0.313917 0.0102915 0 0 0 0 0 0 0 0 0.0153052 0.0870553 0.219368 
2.5157e+18 0.214356 0.313894 0.0102761 0 0 0 0 0 0 0 0 0.0153166 0.0870375 0.219396 
2.5128e+18 0.214356 0.313871 0.0102608 0 0 0 0 0 0 0 0 0.0153281 0.0870209 0.219424 
2.5099e+18 0.214355 0.31385 0.0102454 0 0 0 0 0 0 0 0 0.0153399 0.0870054 0.21945 
2.507e+18 0.214353 0.313829 0.0102301 0 0 0 0 0 0 0 0 0.0153518 0.086991 0.219475 
2.5041e+18 0.21435 0.313809 0.0102148 0 0 0 0 0 0 0 0 0.015364 0.0869778 0.219499 
2.5012e+18 0.214346 0.31379 0.0101996 0 0 0 0 0 0 0 0 0.0153763 0.0869657 0.219522 
2.4983e+18 0.21434 0.313771 0.0101843 0 0 0 0 0 0 0 0 0.0153888 0.0869547 0.219545 
2.4954e+18 0.214334 0.313754 0.0101691 0 0 0 0 0 0 0 0 0.0154015 0.0869448 0.219566 
2.4925e+18 0.214326 0.313737 0.0101539 0 0 0 0 0 0 0 0 0.0154144 0.086936 0.219587 
2.4896e+18 0.214317 0.313721 0.0101387 0 0 0 0 0 0 0 0 0.0154275 0.0869282 0.219606 
2.4867e+18 0.214307 0.313706 0.0101235 0 0 0 0 0 0 0 0 0.0154407 0.0869215 0.219625 
2.4838e+18 0.214297 0.313691 0.0101084 0 0 0 0 0 0 0 0 0.015454 0.0869158 0.219642 
2.4809e+18 0.214285 0.313678 0.0100933 0 0 0 0 0 0 0 0 0.0154676 0.0869112 0.219659 
2.478e+18 0.214272 0.313665 0.0100782 0 0 0 0 0 0 0 0 0.0154813 0.0869076 0.219675 
2.4751e+18 0.214258 0.313652 0.0100631 0 0 0 0 0 0 0 0 0.0154951 0.086905 0.21969 
2.4722e+18 0.214243 0.313641 0.010048 0 0 0 0 0 0 0 0 0.0155091 0.0869033 0.219704 
2.4693e+18 0.214227 0.31363 0.010033 0 0 0 0 0 0 0 0 0.0155232 0.0869027 0.219717 
2.4664e+18 0.21421 0.31362 0.0100179 0 0 0 0 0 0 0 0 0.0155375 0.0869031 0.219729 
2.4635e+18 0.214192 0.313611 0.0100029 0 0 0 0 0 0 0 0 0.0155519 0.0869044 0.219741 
2.4606e+18 0.214173 0.313602 0.00998792 0 0 0 0 0 0 0 0 0.0155664 0.0869067 0.219752 
2.4577e+18 0.214153 0.313594 0.00997294 0 0 0 0 0 0 0 0 0.0155811 0.0869099 0.219761 
2.4548e+18 0.214132 0.313587 0.00995798 0 0 0 0 0 0 0 0 0.0155959 0.0869141 0.21977 
2.4519e+18 0.214111 0.313581 0.00994304 0 0 0 0 0 0 0 0 0.0156108 0.0869192 0.219778 
2.449e+18 0.214088 0.313575 0.00992811 0 0 0 0 0 0 0 0 0.0156259 0.0869253 0.219786 
2.4461e+18 0.214064 0.31357 0.0099132 0 0 0 0 0 0 0 0 0.015641 0.0869322 0.219792 
2.4432e+18 0.21404 0.313566 0.0098983 0 0 0 0 0 0 0 0 0.0156563 0.0869401 0.219798 
2.4403e+18 0.214015 0.313562 0.00988342 0 0 0 0 0 0 0 0 0.0156717 0.0869489 0.219803 
2.4374e+18 0.213988 0.313559 0.00986855 0 0 0 0 0 0 0 0 0.0156872 0.0869586 0.219807 
2.4345e+18 0.213961 0.313557 0.0098537 0 0 0 0 0 0 0 0 0.0157028 0.0869692 0.21981 
2.4316e+18 0.213933 0.313555 0.00983887 0 0 0 0 0 0 0 0 0.0157185 0.0869806 0.219813 
2.4287e+18 0.213904 0.313554 0.00982405 0 0 0 0 0 0 0 0 0.0157342 0.0869929 0.219814 
2.4258e+18 0.213874 0.313554 0.00980924 0 0 0 0 0 0 0 0 0.0157501 0.0870061 0.219815 
2.4229e+18 0.213844 0.313555 0.00979445 0 0 0 0 0 0 0 0 0.0157661 0.0870202 0.219815 
2.42e+18 0.213812 0.313556 0.00977967 0 0 0 0 0 0 0 0 0.0157822 0.0870351 0.219815 
2.4171e+18 0.21378 0.313557 0.00976491 0 0 0 0 0 0 0 0 0.0157984 0.0870508 0.219813 
2.4142e+18 0.213747 0.31356 0.00975016 0 0 0 0 0 0 0 0 0.0158146 0.0870675 0.219811 
2.4113e+18 0.213713 0.313563 0.00973542 0 0 0 0 0 0 0 0 0.0158309 0.0870849 0.219808 
2.4084e+18 0.213678 0.313567 0.0097207 0 0 0 0 0 0 0 0 0.0158474 0.0871032 0.219805 
2.4055e+18 0.213642 0.313571 0.00970599 0 0 0 0 0 0 0 0 0.0158638 0.0871223 0.2198 
2.4026e+18 0.213606 0.313576 0.00969129 0 0 0 0 0 0 0 0 0.0158804 0.0871422 0.219795 
2.3997e+18 0.213569 0.313582 0.00967661 0 0 0 0 0 0 0 0 0.015897 0.0871629 0.219789 
2.3968e+18 0.213531 0.313588 0.00966194 0 0 0 0 0 0 0 0 0.0159137 0.0871845 0.219783 
2.3939e+18 0.213492 0.313595 0.00964728 0 0 0 0 0 0 0 0 0.0159305 0.0872068 0.219775 
2.391e+18 0.213452 0.313603 0.00963264 0 0 0 0 0 0 0 0 0.0159473 0.08723 0.219767 
2.3881e+18 0.213412 0.313611 0.00961801 0 0 0 0 0 0 0 0 0.0159642 0.0872539 0.219758 
2.3852e+18 0.213371 0.31362 0.00960339 0 0 0 0 0 0 0 0 0.0159812 0.0872786 0.219749 
2.3823e+18 0.213329 0.31363 0.00958878 0 0 0 0 0 0 0 0 0.0159982 0.0873042 0.219739 
2.3794e+18 0.213286 0.31364 0.00957418 0 0 0 0 0 0 0 0 0.0160153 0.0873305 0.219728 
2.3765e+18 0.213243 0.313651 0.0095596 0 0 0 0 0 0 0 0 0.0160324 0.0873575 0.219716 
2.3736e+18 0.213199 0.313663 0.00954503 0 0 0 0 0 0 0 0 0.0160496 0.0873854 0.219703 
2.3707e+18 0.213154 0.313675 0.00953047 0 0 0 0 0 0 0 0 0.0160668 0.087414 0.21969 
2.3678e+18 0.213108 0.313688 0.00951592 0 0 0 0 0 0 0 0 0.0160841 0.0874434 0.219677 
2.3649e+18 0.213062 0.313701 0.00950138 0 0 0 0 0 0 0 0 0.0161014 0.0874735 0.219662 
2.362e+18 0.213015 0.313715 0.00948685 0 0 0 0 0 0 0 0 0.0161188 0.0875044 0.219647 
2.3591e+18 0.212967 0.31373 0.00947234 0 0 0 0 0 0 0 0 0.0161361 0.087536 0.219631 
2.3562e+18 0.212919 0.313745 0.00945783 0 0 0 0 0 0 0 0 0.0161536 0.0875684 0.219614 
2.3533e+18 0.212869 0.313761 0.00944334 0 0 0 0 0 0 0 0 0.0161711 0.0876016 0.219597 
2.3504e+18 0.212819 0.313778 0.00942886 0 0 0 0 0 0 0 0 0.0161886 0.0876354 0.219579 
2.3475e+18 0.212769 0.313795 0.00941439 0 0 0 0 0 0 0 0 0.0162061 0.08767 0.21956 
2.3446e+18 0.212717 0.313813 0.00939993 0 0 0 0 0 0 0 0 0.0162237 0.0877054 0.219541 
2.3417e+18 0.212665 0.313831 0.00938548 0 0 0 0 0 0 0 0 0.0162413 0.0877414 0.219521 
2.3388e+18 0.212612 0.31385 0.00937104 0 0 0 0 0 0 0 0 0.0162589 0.0877782 0.2195 
2.3359e+18 0.212559 0.31387 0.00935661 0 0 0 0 0 0 0 0 0.0162766 0.0878158 0.219479 
2.333e+18 0.212505 0.31389 0.00934219 0 0 0 0 0 0 0 0 0.0162942 0.087854 0.219457 
2.3301e+18 0.21245 0.313911 0.00932778 0 0 0 0 0 0 0 0 0.0163119 0.0878929 0.219434 
2.3272e+18 0.212395 0.313932 0.00931338 0 0 0 0 0 0 0 0 0.0163297 0.0879326 0.219411 
2.3243e+18 0.212338 0.313954 0.00929899 0 0 0 0 0 0 0 0 0.0163474 0.087973 0.219387 
2.3214e+18 0.212282 0.313977 0.00928461 0 0 0 0 0 0 0 0 0.0163651 0.088014 0.219362 
2.3185e+18 0.212224 0.314 0.00927024 0 0 0 0 0 0 0 0 0.0163829 0.0880558 0.219337 
2.3156e+18 0.212166 0.314024 0.00925588 0 0 0 0 0 0 0 0 0.0164007 0.0880983 0.219311 
2.3127e+18 0.212107 0.314049 0.00924153 0 0 0 0 0 0 0 0 0.0164185 0.0881415 0.219284 
2.3098e+18 0.212048 0.314074 0.00922719 0 0 0 0 0 0 0 0 0.0164363 0.0881854 0.219257 
2.3069e+18 0.211987 0.3141 0.00921286 0 0 0 0 0 0 0 0 0.0164541 0.0882299 0.219229 
2.304e+18 0.211927 0.314126 0.00919854 0 0 0 0 0 0 0 0 0.0164719 0.0882752 0.2192 
2.3011e+18 0.211865 0.314153 0.00918422 0 0 0 0 0 0 0 0 0.0164897 0.0883211 0.219171 
2.2982e+18 0.211803 0.314181 0.00916992 0 0 0 0 0 0 0 0 0.0165076 0.0883677 0.219141 
2.2953e+18 0.21174 0.314209 0.00915563 0 0 0 0 0 0 0 0 0.0165254 0.0884151 0.21911 
2.2924e+18 0.211677 0.314238 0.00914134 0 0 0 0 0 0 0 0 0.0165432 0.088463 0.219079 
2.2895e+18 0.211613 0.314267 0.00912707 0 0 0 0 0 0 0 0 0.0165611 0.0885117 0.219047 
2.2866e+18 0.211548 0.314297 0.0091128 0 0 0 0 0 0 0 0 0.0165789 0.088561 0.219014 
2.2837e+18 0.211483 0.314328 0.00909854 0 0 0 0 0 0 0 0 0.0165967 0.088611 0.218981 
2.2808e+18 0.211417 0.314359 0.00908429 0 0 0 0 0 0 0 0 0.0166145 0.0886617 0.218948 
2.2779e+18 0.211351 0.314391 0.00907005 0 0 0 0 0 0 0 0 0.0166323 0.0887131 0.218913 
2.275e+18 0.211284 0.314423 0.00905582 0 0 0 0 0 0 0 0 0.0166501 0.0887651 0.218878 
2.2721e+18 0.211216 0.314456 0.0090416 0 0 0 0 0 0 0 0 0.0166679 0.0888178 0.218842 
2.2692e+18 0.211391 0.314443 0.009036 0 0 0 0 0 0 0 0 0.0165584 0.0886938 0.218914 
2.2663e+18 0.211788 0.314389 0.0090382 0 0 0 0 0 0 0 0 0.0163318 0.08841 0.219081 
2.2634e+18 0.212121 0.314349 0.00903817 0 0 0 0 0 0 0 0 0.016137 0.088173 0.21922 
2.2605e+18 0.212411 0.314318 0.00903661 0 0 0 0 0 0 0 0 0.0159641 0.0879682 0.219339 
2.2576e+18 0.212669 0.314294 0.00903392 0 0 0 0 0 0 0 0 0.0158075 0.0877874 0.219442 
2.2547e+18 0.212901 0.314276 0.00903036 0 0 0 0 0 0 0 0 0.0156637 0.0876255 0.219534 
2.2518e+18 0.213112 0.314262 0.00902611 0 0 0 0 0 0 0 0 0.0155303 0.0874788 0.219617 
2.2489e+18 0.213307 0.314252 0.00902127 0 0 0 0 0 0 0 0 0.0154056 0.0873449 0.219691 
2.246e+18 0.213486 0.314245 0.00901594 0 0 0 0 0 0 0 0 0.0152883 0.087222 0.219759 
2.2431e+18 0.213653 0.314241 0.00901019 0 0 0 0 0 0 0 0 0.0151775 0.0871086 0.21982 
2.2402e+18 0.213808 0.314239 0.00900408 0 0 0 0 0 0 0 0 0.0150725 0.0870036 0.219877 
2.2373e+18 0.213954 0.314239 0.00899764 0 0 0 0 0 0 0 0 0.0149725 0.0869061 0.219929 
2.2344e+18 0.21409 0.314242 0.00899091 0 0 0 0 0 0 0 0 0.0148771 0.0868154 0.219976 
2.2315e+18 0.214218 0.314246 0.00898393 0 0 0 0 0 0 0 0 0.0147858 0.0867308 0.22002 
2.2286e+18 0.214338 0.314252 0.00897672 0 0 0 0 0 0 0 0 0.0146984 0.0866518 0.22006 
2.2257e+18 0.214451 0.31426 0.0089693 0 0 0 0 0 0 0 0 0.0146145 0.086578 0.220097 
2.2228e+18 0.214558 0.314268 0.00896168 0 0 0 0 0 0 0 0 0.0145337 0.0865091 0.22013 
2.2199e+18 0.214659 0.314279 0.00895389 0 0 0 0 0 0 0 0 0.014456 0.0864446 0.220161 
2.217e+18 0.214754 0.31429 0.00894594 0 0 0 0 0 0 0 0 0.0143811 0.0863842 0.22019 
2.2141e+18 0.214844 0.314303 0.00893783 0 0 0 0 0 0 0 0 0.0143089 0.0863279 0.220215 
2.2112e+18 0.214929 0.314317 0.00892959 0 0 0 0 0 0 0 0 0.0142391 0.0862752 0.220239 
2.2083e+18 0.21501 0.314332 0.00892122 0 0 0 0 0 0 0 0 0.0141716 0.086226 0.22026 
2.2054e+18 0.215086 0.314349 0.00891272 0 0 0 0 0 0 0 0 0.0141063 0.0861802 0.220279 
2.2025e+18 0.215157 0.314366 0.00890411 0 0 0 0 0 0 0 0 0.0140432 0.0861375 0.220296 
2.1996e+18 0.215225 0.314384 0.00889539 0 0 0 0 0 0 0 0 0.013982 0.0860978 0.220311 
2.1967e+18 0.215289 0.314403 0.00888658 0 0 0 0 0 0 0 0 0.0139227 0.086061 0.220325 
2.1938e+18 0.215349 0.314423 0.00887767 0 0 0 0 0 0 0 0 0.0138652 0.086027 0.220336 
2.1909e+18 0.215405 0.314444 0.00886867 0 0 0 0 0 0 0 0 0.0138095 0.0859957 0.220346 
2.188e+18 0.215458 0.314466 0.00885958 0 0 0 0 0 0 0 0 0.0137554 0.0859669 0.220354 
2.1851e+18 0.215508 0.314488 0.00885042 0 0 0 0 0 0 0 0 0.0137029 0.0859405 0.22036 
2.1822e+18 0.215555 0.314511 0.00884117 0 0 0 0 0 0 0 0 0.013652 0.0859166 0.220365 
2.1793e+18 0.215598 0.314536 0.00883186 0 0 0 0 0 0 0 0 0.0136025 0.0858949 0.220369 
2.1764e+18 0.215639 0.31456 0.00882248 0 0 0 0 0 0 0 0 0.0135545 0.0858755 0.220371 
2.1735e+18 0.215677 0.314586 0.00881303 0 0 0 0 0 0 0 0 0.0135078 0.0858582 0.220371 
2.1706e+18 0.215712 0.314612 0.00880352 0 0 0 0 0 0 0 0 0.0134624 0.085843 0.220371 
2.1677e+18 0.215744 0.31464 0.00879394 0 0 0 0 0 0 0 0 0.0134183 0.0858298 0.220368 
2.1648e+18 0.215774 0.314667 0.00878431 0 0 0 0 0 0 0 0 0.0133755 0.0858186 0.220365 
2.1619e+18 0.215801 0.314696 0.00877463 0 0 0 0 0 0 0 0 0.0133338 0.0858093 0.22036 
2.159e+18 0.215826 0.314725 0.00876489 0 0 0 0 0 0 0 0 0.0132933 0.0858019 0.220354 
2.1561e+18 0.215848 0.314755 0.00875511 0 0 0 0 0 0 0 0 0.0132539 0.0857963 0.220347 
2.1532e+18 0.215868 0.314785 0.00874527 0 0 0 0 0 0 0 0 0.0132157 0.0857925 0.220338 
2.1503e+18 0.215886 0.314817 0.00873539 0 0 0 0 0 0 0 0 0.0131785 0.0857905 0.220329 
2.1474e+18 0.215901 0.314848 0.00872546 0 0 0 0 0 0 0 0 0.0131423 0.0857901 0.220318 
2.1445e+18 0.215914 0.314881 0.00871549 0 0 0 0 0 0 0 0 0.0131071 0.0857914 0.220306 
2.1416e+18 0.215926 0.314914 0.00870547 0 0 0 0 0 0 0 0 0.0130729 0.0857944 0.220293 
2.1387e+18 0.215935 0.314948 0.00869542 0 0 0 0 0 0 0 0 0.0130397 0.0857989 0.220279 
2.1358e+18 0.215942 0.314982 0.00868533 0 0 0 0 0 0 0 0 0.0130074 0.085805 0.220264 
2.1329e+18 0.215947 0.315017 0.0086752 0 0 0 0 0 0 0 0 0.012976 0.0858127 0.220248 
2.13e+18 0.21595 0.315053 0.00866503 0 0 0 0 0 0 0 0 0.0129454 0.0858218 0.22023 
2.1271e+18 0.215951 0.315089 0.00865483 0 0 0 0 0 0 0 0 0.0129158 0.0858325 0.220212 
2.1242e+18 0.21595 0.315126 0.0086446 0 0 0 0 0 0 0 0 0.0128869 0.0858445 0.220193 
2.1213e+18 0.215948 0.315163 0.00863433 0 0 0 0 0 0 0 0 0.0128589 0.0858581 0.220172 
2.1184e+18 0.215943 0.315201 0.00862403 0 0 0 0 0 0 0 0 0.0128317 0.085873 0.220151 
2.1155e+18 0.215937 0.31524 0.0086137 0 0 0 0 0 0 0 0 0.0128053 0.0858893 0.220129 
2.1126e+18 0.215929 0.315279 0.00860334 0 0 0 0 0 0 0 0 0.0127796 0.085907 0.220105 
2.1097e+18 0.215919 0.315319 0.00859296 0 0 0 0 0 0 0 0 0.0127547 0.0859261 0.220081 
2.1068e+18 0.215908 0.315359 0.00858254 0 0 0 0 0 0 0 0 0.0127305 0.0859464 0.220056 
2.1039e+18 0.215895 0.3154 0.0085721 0 0 0 0 0 0 0 0 0.0127071 0.0859681 0.22003 
2.101e+18 0.21588 0.315441 0.00856163 0 0 0 0 0 0 0 0 0.0126843 0.0859911 0.220003 
2.0981e+18 0.215864 0.315483 0.00855113 0 0 0 0 0 0 0 0 0.0126622 0.0860153 0.219975 
2.0952e+18 0.215846 0.315526 0.00854061 0 0 0 0 0 0 0 0 0.0126408 0.0860408 0.219946 
2.0923e+18 0.215827 0.315569 0.00853007 0 0 0 0 0 0 0 0 0.01262 0.0860675 0.219917 
2.0894e+18 0.215806 0.315613 0.0085195 0 0 0 0 0 0 0 0 0.0125998 0.0860955 0.219886 
2.0865e+18 0.215783 0.315657 0.00850891 0 0 0 0 0 0 0 0 0.0125803 0.0861246 0.219855 
2.0836e+18 0.215759 0.315702 0.0084983 0 0 0 0 0 0 0 0 0.0125615 0.086155 0.219822 
2.0807e+18 0.215734 0.315748 0.00848766 0 0 0 0 0 0 0 0 0.0125432 0.0861866 0.219789 
2.0778e+18 0.215707 0.315794 0.00847701 0 0 0 0 0 0 0 0 0.0125255 0.0862193 0.219755 
2.0749e+18 0.215678 0.31584 0.00846633 0 0 0 0 0 0 0 0 0.0125083 0.0862531 0.21972 
2.072e+18 0.215648 0.315888 0.00845564 0 0 0 0 0 0 0 0 0.0124918 0.0862881 0.219684 
2.0691e+18 0.215617 0.315935 0.00844492 0 0 0 0 0 0 0 0 0.0124758 0.0863243 0.219648 
2.0662e+18 0.215584 0.315984 0.00843419 0 0 0 0 0 0 0 0 0.0124603 0.0863616 0.21961 
2.0633e+18 0.21555 0.316033 0.00842343 0 0 0 0 0 0 0 0 0.0124454 0.0863999 0.219572 
2.0604e+18 0.215515 0.316082 0.00841266 0 0 0 0 0 0 0 0 0.012431 0.0864394 0.219533 
2.0575e+18 0.215478 0.316132 0.00840187 0 0 0 0 0 0 0 0 0.0124171 0.08648 0.219493 
2.0546e+18 0.21544 0.316183 0.00839107 0 0 0 0 0 0 0 0 0.0124037 0.0865216 0.219452 
2.0517e+18 0.2154 0.316234 0.00838024 0 0 0 0 0 0 0 0 0.0123908 0.0865643 0.219411 
2.0488e+18 0.21536 0.316285 0.0083694 0 0 0 0 0 0 0 0 0.0123783 0.0866081 0.219369 
2.0459e+18 0.215318 0.316338 0.00835855 0 0 0 0 0 0 0 0 0.0123664 0.0866529 0.219325 
2.043e+18 0.215274 0.31639 0.00834768 0 0 0 0 0 0 0 0 0.0123549 0.0866988 0.219282 
2.0401e+18 0.21523 0.316444 0.00833679 0 0 0 0 0 0 0 0 0.0123439 0.0867457 0.219237 
2.0372e+18 0.215184 0.316498 0.00832589 0 0 0 0 0 0 0 0 0.0123333 0.0867936 0.219191 
2.0343e+18 0.215137 0.316552 0.00831497 0 0 0 0 0 0 0 0 0.0123231 0.0868425 0.219145 
2.0314e+18 0.215089 0.316607 0.00830404 0 0 0 0 0 0 0 0 0.0123134 0.0868925 0.219098 
2.0285e+18 0.215039 0.316663 0.0082931 0 0 0 0 0 0 0 0 0.0123041 0.0869434 0.21905 
2.0256e+18 0.214989 0.316719 0.00828214 0 0 0 0 0 0 0 0 0.0122952 0.0869954 0.219002 
2.0227e+18 0.214937 0.316776 0.00827117 0 0 0 0 0 0 0 0 0.0122867 0.0870483 0.218952 
2.0198e+18 0.214884 0.316833 0.00826018 0 0 0 0 0 0 0 0 0.0122786 0.0871022 0.218902 
2.0169e+18 0.21483 0.316891 0.00824918 0 0 0 0 0 0 0 0 0.0122709 0.0871571 0.218851 
2.014e+18 0.214774 0.31695 0.00823817 0 0 0 0 0 0 0 0 0.0122635 0.087213 0.2188 
2.0111e+18 0.214718 0.317009 0.00822715 0 0 0 0 0 0 0 0 0.0122566 0.0872698 0.218747 
2.0082e+18 0.21466 0.317068 0.00821611 0 0 0 0 0 0 0 0 0.01225 0.0873276 0.218694 
2.0053e+18 0.214601 0.317128 0.00820507 0 0 0 0 0 0 0 0 0.0122438 0.0873863 0.21864 
2.0024e+18 0.214542 0.317189 0.00819401 0 0 0 0 0 0 0 0 0.0122379 0.087446 0.218585 
1.9995e+18 0.214481 0.317251 0.00818294 0 0 0 0 0 0 0 0 0.0122324 0.0875066 0.21853 
1.9966e+18 0.214419 0.317312 0.00817186 0 0 0 0 0 0 0 0 0.0122272 0.0875681 0.218474 
1.9937e+18 0.214355 0.317375 0.00816076 0 0 0 0 0 0 0 0 0.0122223 0.0876306 0.218417 
1.9908e+18 0.214291 0.317438 0.00814966 0 0 0 0 0 0 0 0 0.0122177 0.0876939 0.218359 
1.9879e+18 0.214226 0.317502 0.00813855 0 0 0 0 0 0 0 0 0.0122135 0.0877582 0.218301 
1.985e+18 0.214159 0.317566 0.00812742 0 0 0 0 0 0 0 0 0.0122096 0.0878235 0.218242 
1.9821e+18 0.214092 0.317631 0.00811629 0 0 0 0 0 0 0 0 0.012206 0.0878896 0.218182 
1.9792e+18 0.214024 0.317696 0.00810514 0 0 0 0 0 0 0 0 0.0122027 0.0879566 0.218121 
1.9763e+18 0.213954 0.317762 0.00809399 0 0 0 0 0 0 0 0 0.0121997 0.0880245 0.21806 
1.9734e+18 0.213884 0.317828 0.00808282 0 0 0 0 0 0 0 0 0.012197 0.0880933 0.217998 
1.9705e+18 0.213812 0.317895 0.00807165 0 0 0 0 0 0 0 0 0.0121945 0.0881631 0.217935 
1.9676e+18 0.213739 0.317963 0.00806047 0 0 0 0 0 0 0 0 0.0121924 0.0882336 0.217871 
1.9647e+18 0.213666 0.318031 0.00804927 0 0 0 0 0 0 0 0 0.0121905 0.0883051 0.217807 
1.9618e+18 0.213591 0.3181 0.00803807 0 0 0 0 0 0 0 0 0.0121889 0.0883775 0.217742 
1.9589e+18 0.213516 0.31817 0.00802686 0 0 0 0 0 0 0 0 0.0121875 0.0884507 0.217676 
1.956e+18 0.213439 0.31824 0.00801564 0 0 0 0 0 0 0 0 0.0121864 0.0885248 0.21761 
1.9531e+18 0.213362 0.31831 0.00800442 0 0 0 0 0 0 0 0 0.0121855 0.0885997 0.217543 
1.9502e+18 0.213283 0.318382 0.00799318 0 0 0 0 0 0 0 0 0.0121849 0.0886756 0.217475 
1.9473e+18 0.213204 0.318453 0.00798194 0 0 0 0 0 0 0 0 0.0121845 0.0887522 0.217406 
1.9444e+18 0.213156 0.318461 0.00796678 0 0 0 0 0 0 0 0 0.012207 0.0887791 0.217397 
1.9415e+18 0.213155 0.318379 0.00794612 0 0 0 0 0 0 0 0 0.0122612 0.0887358 0.21747 
1.9386e+18 0.213149 0.318303 0.00792579 0 0 0 0 0 0 0 0 0.0123136 0.0886978 0.217537 
1.9357e+18 0.21314 0.318233 0.00790575 0 0 0 0 0 0 0 0 0.0123642 0.0886647 0.217598 
1.9328e+18 0.213128 0.318168 0.00788597 0 0 0 0 0 0 0 0 0.0124134 0.0886362 0.217655 
1.9299e+18 0.213113 0.318107 0.00786643 0 0 0 0 0 0 0 0 0.0124612 0.0886118 0.217707 
1.927e+18 0.213094 0.318052 0.00784711 0 0 0 0 0 0 0 0 0.0125077 0.0885913 0.217755 
1.9241e+18 0.213074 0.318 0.00782798 0 0 0 0 0 0 0 0 0.0125531 0.0885745 0.217799 
1.9212e+18 0.21305 0.317952 0.00780905 0 0 0 0 0 0 0 0 0.0125974 0.0885612 0.217839 
1.9183e+18 0.213025 0.317908 0.00779028 0 0 0 0 0 0 0 0 0.0126408 0.0885512 0.217875 
1.9154e+18 0.212997 0.317868 0.00777168 0 0 0 0 0 0 0 0 0.0126832 0.0885442 0.217908 
1.9125e+18 0.212966 0.31783 0.00775322 0 0 0 0 0 0 0 0 0.0127249 0.0885402 0.217938 
1.9096e+18 0.212934 0.317796 0.00773491 0 0 0 0 0 0 0 0 0.0127657 0.0885391 0.217965 
1.9067e+18 0.2129 0.317765 0.00771672 0 0 0 0 0 0 0 0 0.0128059 0.0885406 0.217989 
1.9038e+18 0.212863 0.317737 0.00769866 0 0 0 0 0 0 0 0 0.0128453 0.0885448 0.21801 
1.9009e+18 0.212825 0.317711 0.00768072 0 0 0 0 0 0 0 0 0.0128842 0.0885514 0.218028 
1.898e+18 0.212785 0.317688 0.00766288 0 0 0 0 0 0 0 0 0.0129224 0.0885605 0.218044 
1.8951e+18 0.212743 0.317667 0.00764515 0 0 0 0 0 0 0 0 0.0129601 0.0885718 0.218058 
1.8922e+18 0.21302 0.317555 0.00763611 0 0 0 0 0 0 0 0 0.0128519 0.0883382 0.218236 
1.8893e+18 0.213484 0.317391 0.00763231 0 0 0 0 0 0 0 0 0.0126555 0.0879621 0.218507 
1.8864e+18 0.213853 0.317258 0.00762616 0 0 0 0 0 0 0 0 0.0125001 0.0876615 0.218727 
1.8835e+18 0.214164 0.317145 0.00761864 0 0 0 0 0 0 0 0 0.0123694 0.0874072 0.218914 
1.8806e+18 0.214434 0.317046 0.00761021 0 0 0 0 0 0 0 0 0.0122557 0.0871851 0.219079 
1.8777e+18 0.214673 0.316957 0.00760112 0 0 0 0 0 0 0 0 0.0121549 0.0869875 0.219227 
1.8748e+18 0.214889 0.316876 0.00759153 0 0 0 0 0 0 0 0 0.0120641 0.0868093 0.219361 
1.8719e+18 0.215084 0.316803 0.00758154 0 0 0 0 0 0 0 0 0.0119815 0.0866472 0.219484 
1.869e+18 0.215263 0.316736 0.00757124 0 0 0 0 0 0 0 0 0.0119057 0.0864986 0.219597 
1.8661e+18 0.215427 0.316673 0.00756067 0 0 0 0 0 0 0 0 0.0118357 0.0863617 0.219702 
1.8632e+18 0.215579 0.316616 0.00754989 0 0 0 0 0 0 0 0 0.0117708 0.0862351 0.2198 
1.8603e+18 0.215719 0.316563 0.00753891 0 0 0 0 0 0 0 0 0.0117104 0.0861177 0.21989 
1.8574e+18 0.215849 0.316513 0.00752778 0 0 0 0 0 0 0 0 0.011654 0.0860085 0.219975 
1.8545e+18 0.21597 0.316468 0.0075165 0 0 0 0 0 0 0 0 0.0116012 0.0859069 0.220055 
1.8516e+18 0.216082 0.316425 0.00750511 0 0 0 0 0 0 0 0 0.0115516 0.0858121 0.220129 
1.8487e+18 0.216187 0.316385 0.0074936 0 0 0 0 0 0 0 0 0.011505 0.0857236 0.220199 
1.8458e+18 0.216285 0.316349 0.007482 0 0 0 0 0 0 0 0 0.011461 0.0856411 0.220264 
1.8429e+18 0.216376 0.316315 0.00747031 0 0 0 0 0 0 0 0 0.0114197 0.085564 0.220325 
1.84e+18 0.216461 0.316283 0.00745855 0 0 0 0 0 0 0 0 0.0113806 0.0854921 0.220383 
1.8371e+18 0.21654 0.316254 0.00744671 0 0 0 0 0 0 0 0 0.0113437 0.085425 0.220437 
1.8342e+18 0.216614 0.316227 0.00743482 0 0 0 0 0 0 0 0 0.0113088 0.0853625 0.220488 
1.8313e+18 0.216682 0.316203 0.00742286 0 0 0 0 0 0 0 0 0.0112759 0.0853044 0.220535 
1.8284e+18 0.216745 0.31618 0.00741085 0 0 0 0 0 0 0 0 0.0112448 0.0852503 0.220579 
1.8255e+18 0.216804 0.31616 0.0073988 0 0 0 0 0 0 0 0 0.0112153 0.0852002 0.22062 
1.8226e+18 0.216858 0.316142 0.0073867 0 0 0 0 0 0 0 0 0.0111874 0.0851539 0.220659 
1.8197e+18 0.216908 0.316125 0.00737456 0 0 0 0 0 0 0 0 0.0111611 0.0851111 0.220695 
1.8168e+18 0.216954 0.31611 0.00736238 0 0 0 0 0 0 0 0 0.0111362 0.0850718 0.220728 
1.8139e+18 0.216996 0.316097 0.00735017 0 0 0 0 0 0 0 0 0.0111127 0.0850359 0.220758 
1.811e+18 0.217034 0.316086 0.00733792 0 0 0 0 0 0 0 0 0.0110905 0.0850031 0.220786 
1.8081e+18 0.217068 0.316076 0.00732565 0 0 0 0 0 0 0 0 0.0110695 0.0849734 0.220812 
1.8052e+18 0.217099 0.316069 0.00731334 0 0 0 0 0 0 0 0 0.0110498 0.0849467 0.220836 
1.8023e+18 0.217127 0.316062 0.00730102 0 0 0 0 0 0 0 0 0.0110312 0.084923 0.220857 
1.7994e+18 0.217151 0.316057 0.00728866 0 0 0 0 0 0 0 0 0.0110137 0.084902 0.220876 
1.7965e+18 0.217172 0.316054 0.00727629 0 0 0 0 0 0 0 0 0.0109972 0.0848837 0.220893 
1.7936e+18 0.21719 0.316052 0.00726389 0 0 0 0 0 0 0 0 0.0109818 0.0848681 0.220908 
1.7907e+18 0.217205 0.316052 0.00725148 0 0 0 0 0 0 0 0 0.0109673 0.0848551 0.220921 
1.7878e+18 0.217217 0.316053 0.00723904 0 0 0 0 0 0 0 0 0.0109538 0.0848446 0.220932 
1.7849e+18 0.217226 0.316056 0.00722659 0 0 0 0 0 0 0 0 0.0109412 0.0848365 0.22094 
1.782e+18 0.217232 0.31606 0.00721412 0 0 0 0 0 0 0 0 0.0109294 0.0848308 0.220948 
1.7791e+18 0.217236 0.316065 0.00720164 0 0 0 0 0 0 0 0 0.0109185 0.0848275 0.220953 
1.7762e+18 0.217237 0.316072 0.00718914 0 0 0 0 0 0 0 0 0.0109084 0.0848264 0.220956 
1.7733e+18 0.217235 0.31608 0.00717662 0 0 0 0 0 0 0 0 0.0108991 0.0848276 0.220958 
1.7704e+18 0.217231 0.31609 0.0071641 0 0 0 0 0 0 0 0 0.0108905 0.084831 0.220958 
1.7675e+18 0.217225 0.3161 0.00715156 0 0 0 0 0 0 0 0 0.0108827 0.0848365 0.220956 
1.7646e+18 0.217216 0.316112 0.00713901 0 0 0 0 0 0 0 0 0.0108756 0.0848441 0.220952 
1.7617e+18 0.217205 0.316125 0.00712645 0 0 0 0 0 0 0 0 0.0108691 0.0848537 0.220947 
1.7588e+18 0.217191 0.31614 0.00711388 0 0 0 0 0 0 0 0 0.0108634 0.0848654 0.22094 
1.7559e+18 0.217175 0.316156 0.00710129 0 0 0 0 0 0 0 0 0.0108582 0.0848791 0.220932 
1.753e+18 0.217157 0.316173 0.0070887 0 0 0 0 0 0 0 0 0.0108537 0.0848948 0.220922 
1.7501e+18 0.217137 0.316191 0.0070761 0 0 0 0 0 0 0 0 0.0108498 0.0849123 0.22091 
1.7472e+18 0.217114 0.31621 0.00706349 0 0 0 0 0 0 0 0 0.0108465 0.0849318 0.220897 
1.7443e+18 0.21709 0.316231 0.00705088 0 0 0 0 0 0 0 0 0.0108437 0.0849531 0.220883 
1.7414e+18 0.217063 0.316253 0.00703825 0 0 0 0 0 0 0 0 0.0108415 0.0849762 0.220866 
1.7385e+18 0.217035 0.316276 0.00702562 0 0 0 0 0 0 0 0 0.0108398 0.0850012 0.220849 
1.7356e+18 0.217004 0.3163 0.00701298 0 0 0 0 0 0 0 0 0.0108387 0.0850279 0.22083 
1.7327e+18 0.216971 0.316325 0.00700034 0 0 0 0 0 0 0 0 0.010838 0.0850565 0.220809 
1.7298e+18 0.216937 0.316352 0.00698769 0 0 0 0 0 0 0 0 0.0108378 0.0850867 0.220787 
1.7269e+18 0.2169 0.316379 0.00697503 0 0 0 0 0 0 0 0 0.0108381 0.0851186 0.220763 
1.724e+18 0.216862 0.316408 0.00696236 0 0 0 0 0 0 0 0 0.0108388 0.0851523 0.220739 
1.7211e+18 0.216822 0.316438 0.0069497 0 0 0 0 0 0 0 0 0.01084 0.0851876 0.220712 
1.7182e+18 0.21678 0.316469 0.00693702 0 0 0 0 0 0 0 0 0.0108416 0.0852246 0.220685 
1.7153e+18 0.216736 0.316502 0.00692434 0 0 0 0 0 0 0 0 0.0108437 0.0852632 0.220655 
1.7124e+18 0.216691 0.316535 0.00691166 0 0 0 0 0 0 0 0 0.0108461 0.0853034 0.220625 
1.7095e+18 0.216643 0.316569 0.00689897 0 0 0 0 0 0 0 0 0.0108489 0.0853452 0.220593 
1.7066e+18 0.216594 0.316605 0.00688628 0 0 0 0 0 0 0 0 0.0108521 0.0853886 0.22056 
1.7037e+18 0.216543 0.316642 0.00687358 0 0 0 0 0 0 0 0 0.0108557 0.0854335 0.220526 
1.7008e+18 0.216491 0.31668 0.00686088 0 0 0 0 0 0 0 0 0.0108597 0.08548 0.22049 
1.6979e+18 0.216437 0.316718 0.00684818 0 0 0 0 0 0 0 0 0.0108639 0.085528 0.220453 
1.695e+18 0.216381 0.316758 0.00683547 0 0 0 0 0 0 0 0 0.0108686 0.0855776 0.220414 
1.6921e+18 0.216324 0.3168 0.00682276 0 0 0 0 0 0 0 0 0.0108735 0.0856286 0.220375 
1.6892e+18 0.216265 0.316842 0.00681004 0 0 0 0 0 0 0 0 0.0108788 0.0856812 0.220334 
1.6863e+18 0.216204 0.316885 0.00679733 0 0 0 0 0 0 0 0 0.0108844 0.0857352 0.220291 
1.6834e+18 0.216142 0.316929 0.00678461 0 0 0 0 0 0 0 0 0.0108902 0.0857907 0.220248 
1.6805e+18 0.216078 0.316975 0.00677188 0 0 0 0 0 0 0 0 0.0108964 0.0858476 0.220203 
1.6776e+18 0.216013 0.317021 0.00675916 0 0 0 0 0 0 0 0 0.0109028 0.085906 0.220157 
1.6747e+18 0.215946 0.317069 0.00674643 0 0 0 0 0 0 0 0 0.0109095 0.0859658 0.220109 
1.6718e+18 0.215878 0.317118 0.0067337 0 0 0 0 0 0 0 0 0.0109165 0.086027 0.220061 
1.6689e+18 0.215808 0.317168 0.00672096 0 0 0 0 0 0 0 0 0.0109238 0.0860897 0.220011 
1.666e+18 0.215737 0.317218 0.00670823 0 0 0 0 0 0 0 0 0.0109312 0.0861537 0.21996 
1.6631e+18 0.215664 0.31727 0.00669549 0 0 0 0 0 0 0 0 0.0109389 0.0862191 0.219908 
1.6602e+18 0.21559 0.317323 0.00668275 0 0 0 0 0 0 0 0 0.0109469 0.0862859 0.219854 
1.6573e+18 0.215514 0.317377 0.00667001 0 0 0 0 0 0 0 0 0.0109551 0.0863541 0.219799 
1.6544e+18 0.215437 0.317432 0.00665727 0 0 0 0 0 0 0 0 0.0109635 0.0864237 0.219743 
1.6515e+18 0.215359 0.317489 0.00664453 0 0 0 0 0 0 0 0 0.0109721 0.0864945 0.219686 
1.6486e+18 0.215279 0.317546 0.00663178 0 0 0 0 0 0 0 0 0.0109809 0.0865668 0.219628 
1.6457e+18 0.215197 0.317604 0.00661903 0 0 0 0 0 0 0 0 0.0109898 0.0866403 0.219568 
1.6428e+18 0.215115 0.317664 0.00660629 0 0 0 0 0 0 0 0 0.010999 0.0867152 0.219507 
1.6399e+18 0.215031 0.317724 0.00659354 0 0 0 0 0 0 0 0 0.0110084 0.0867914 0.219445 
1.637e+18 0.214945 0.317786 0.00658079 0 0 0 0 0 0 0 0 0.0110179 0.086869 0.219382 
1.6341e+18 0.214858 0.317848 0.00656803 0 0 0 0 0 0 0 0 0.0110276 0.0869478 0.219318 
1.6312e+18 0.21477 0.317912 0.00655528 0 0 0 0 0 0 0 0 0.0110375 0.0870279 0.219253 
1.6283e+18 0.214787 0.317945 0.00654573 0 0 0 0 0 0 0 0 0.0109992 0.0870279 0.219241 
1.6254e+18 0.215163 0.317875 0.00654697 0 0 0 0 0 0 0 0 0.0107961 0.0867541 0.219412 
1.6225e+18 0.215436 0.317836 0.00654513 0 0 0 0 0 0 0 0 0.0106385 0.0865599 0.219529 
1.6196e+18 0.215653 0.317815 0.00654163 0 0 0 0 0 0 0 0 0.0105057 0.0864092 0.219617 
1.6167e+18 0.215832 0.317806 0.00653704 0 0 0 0 0 0 0 0 0.0103894 0.0862874 0.219685 
1.6138e+18 0.215985 0.317806 0.00653168 0 0 0 0 0 0 0 0 0.0102851 0.0861867 0.219738 
1.6109e+18 0.216116 0.317812 0.00652571 0 0 0 0 0 0 0 0 0.01019 0.0861025 0.21978 
1.608e+18 0.21623 0.317823 0.00651928 0 0 0 0 0 0 0 0 0.0101025 0.0860315 0.219813 
1.6051e+18 0.21633 0.317839 0.00651245 0 0 0 0 0 0 0 0 0.0100212 0.0859717 0.219838 
1.6022e+18 0.216417 0.31786 0.0065053 0 0 0 0 0 0 0 0 0.00994527 0.0859215 0.219857 
1.5993e+18 0.216494 0.317883 0.00649787 0 0 0 0 0 0 0 0 0.00987397 0.0858796 0.21987 
1.5964e+18 0.216561 0.31791 0.0064902 0 0 0 0 0 0 0 0 0.00980676 0.0858452 0.219877 
1.5935e+18 0.216619 0.31794 0.00648231 0 0 0 0 0 0 0 0 0.00974322 0.0858175 0.21988 
1.5906e+18 0.21667 0.317973 0.00647423 0 0 0 0 0 0 0 0 0.00968298 0.0857959 0.219879 
1.5877e+18 0.216714 0.318007 0.00646598 0 0 0 0 0 0 0 0 0.00962575 0.0857799 0.219873 
1.5848e+18 0.216751 0.318045 0.00645758 0 0 0 0 0 0 0 0 0.00957127 0.085769 0.219864 
1.5819e+18 0.216782 0.318084 0.00644904 0 0 0 0 0 0 0 0 0.00951934 0.0857628 0.219852 
1.579e+18 0.216807 0.318126 0.00644038 0 0 0 0 0 0 0 0 0.00946977 0.0857612 0.219836 
1.5761e+18 0.216827 0.318169 0.00643159 0 0 0 0 0 0 0 0 0.0094224 0.0857638 0.219818 
1.5732e+18 0.216842 0.318214 0.0064227 0 0 0 0 0 0 0 0 0.0093771 0.0857704 0.219796 
1.5703e+18 0.216852 0.318261 0.00641371 0 0 0 0 0 0 0 0 0.00933373 0.0857808 0.219772 
1.5674e+18 0.216858 0.31831 0.00640462 0 0 0 0 0 0 0 0 0.0092922 0.0857947 0.219745 
1.5645e+18 0.216859 0.31836 0.00639545 0 0 0 0 0 0 0 0 0.0092524 0.0858122 0.219716 
1.5616e+18 0.216856 0.318413 0.00638619 0 0 0 0 0 0 0 0 0.00921424 0.0858329 0.219684 
1.5587e+18 0.216849 0.318466 0.00637686 0 0 0 0 0 0 0 0 0.00917765 0.0858567 0.21965 
1.5558e+18 0.216839 0.318521 0.00636746 0 0 0 0 0 0 0 0 0.00914255 0.0858837 0.219614 
1.5529e+18 0.216824 0.318578 0.00635798 0 0 0 0 0 0 0 0 0.00910887 0.0859136 0.219575 
1.55e+18 0.216807 0.318636 0.00634845 0 0 0 0 0 0 0 0 0.00907655 0.0859463 0.219535 
1.5471e+18 0.216785 0.318695 0.00633885 0 0 0 0 0 0 0 0 0.00904554 0.0859818 0.219492 
1.5442e+18 0.216761 0.318756 0.0063292 0 0 0 0 0 0 0 0 0.00901579 0.0860199 0.219447 
1.5413e+18 0.216733 0.318818 0.00631949 0 0 0 0 0 0 0 0 0.00898724 0.0860607 0.219401 
1.5384e+18 0.216705 0.318876 0.00630943 0 0 0 0 0 0 0 0 0.0089628 0.0861053 0.219351 
1.5355e+18 0.216793 0.31875 0.00629061 0 0 0 0 0 0 0 0 0.00898646 0.0859819 0.219489 
1.5326e+18 0.216869 0.318637 0.00627228 0 0 0 0 0 0 0 0 0.00900973 0.085878 0.219606 
1.5297e+18 0.216934 0.318537 0.00625444 0 0 0 0 0 0 0 0 0.00903118 0.0857872 0.219711 
1.5268e+18 0.21699 0.318448 0.006237 0 0 0 0 0 0 0 0 0.00905127 0.0857074 0.219804 
1.5239e+18 0.217037 0.318368 0.0062199 0 0 0 0 0 0 0 0 0.00907035 0.0856373 0.219887 
1.521e+18 0.217077 0.318297 0.00620308 0 0 0 0 0 0 0 0 0.00908865 0.0855758 0.219962 
1.5181e+18 0.21711 0.318233 0.0061865 0 0 0 0 0 0 0 0 0.00910637 0.085522 0.220029 
1.5152e+18 0.217136 0.318175 0.00617013 0 0 0 0 0 0 0 0 0.00912363 0.0854753 0.22009 
1.5123e+18 0.217157 0.318124 0.00615394 0 0 0 0 0 0 0 0 0.00914057 0.0854349 0.220144 
1.5094e+18 0.217173 0.318078 0.00613792 0 0 0 0 0 0 0 0 0.00915725 0.0854006 0.220192 
1.5065e+18 0.217183 0.318037 0.00612204 0 0 0 0 0 0 0 0 0.00917376 0.0853717 0.220235 
1.5036e+18 0.217189 0.318001 0.0061063 0 0 0 0 0 0 0 0 0.00919015 0.0853481 0.220272 
1.5007e+18 0.21719 0.317969 0.00609067 0 0 0 0 0 0 0 0 0.00920646 0.0853293 0.220306 
1.4978e+18 0.217187 0.317941 0.00607514 0 0 0 0 0 0 0 0 0.00922274 0.0853151 0.220334 
1.4949e+18 0.21718 0.317917 0.00605972 0 0 0 0 0 0 0 0 0.009239 0.0853053 0.220359 
1.492e+18 0.217168 0.317897 0.00604438 0 0 0 0 0 0 0 0 0.00925528 0.0852997 0.220379 
1.4891e+18 0.217154 0.317881 0.00602912 0 0 0 0 0 0 0 0 0.00927159 0.0852981 0.220396 
1.4862e+18 0.217135 0.317867 0.00601394 0 0 0 0 0 0 0 0 0.00928794 0.0853003 0.220409 
1.4833e+18 0.217113 0.317857 0.00599883 0 0 0 0 0 0 0 0 0.00930436 0.0853061 0.220419 
1.4804e+18 0.217088 0.31785 0.00598378 0 0 0 0 0 0 0 0 0.00932085 0.0853155 0.220425 
1.4775e+18 0.21706 0.317847 0.0059688 0 0 0 0 0 0 0 0 0.00933742 0.0853283 0.220428 
1.4746e+18 0.217028 0.317845 0.00595387 0 0 0 0 0 0 0 0 0.00935407 0.0853443 0.220428 
1.4717e+18 0.216993 0.317847 0.00593899 0 0 0 0 0 0 0 0 0.00937081 0.0853636 0.220425 
1.4688e+18 0.216956 0.317851 0.00592416 0 0 0 0 0 0 0 0 0.00938764 0.085386 0.220419 
1.4659e+18 0.216915 0.317858 0.00590937 0 0 0 0 0 0 0 0 0.00940457 0.0854113 0.22041 
1.463e+18 0.216872 0.317868 0.00589463 0 0 0 0 0 0 0 0 0.00942159 0.0854396 0.220399 
1.4601e+18 0.216826 0.31788 0.00587993 0 0 0 0 0 0 0 0 0.0094387 0.0854708 0.220385 
1.4572e+18 0.216777 0.317894 0.00586527 0 0 0 0 0 0 0 0 0.00945591 0.0855047 0.220368 
1.4543e+18 0.216726 0.317911 0.00585065 0 0 0 0 0 0 0 0 0.00947321 0.0855414 0.220348 
1.4514e+18 0.216672 0.31793 0.00583606 0 0 0 0 0 0 0 0 0.0094906 0.0855807 0.220326 
1.4485e+18 0.216616 0.317952 0.0058215 0 0 0 0 0 0 0 0 0.00950808 0.0856226 0.220302 
1.4456e+18 0.216557 0.317975 0.00580698 0 0 0 0 0 0 0 0 0.00952564 0.0856671 0.220275 
1.4427e+18 0.216495 0.318001 0.00579248 0 0 0 0 0 0 0 0 0.00954329 0.0857141 0.220246 
1.4398e+18 0.216432 0.318029 0.00577802 0 0 0 0 0 0 0 0 0.00956102 0.0857635 0.220215 
1.4369e+18 0.216366 0.318059 0.00576358 0 0 0 0 0 0 0 0 0.00957883 0.0858154 0.220181 
1.434e+18 0.216298 0.318091 0.00574916 0 0 0 0 0 0 0 0 0.00959671 0.0858696 0.220145 
1.4311e+18 0.216227 0.318125 0.00573478 0 0 0 0 0 0 0 0 0.00961466 0.0859262 0.220107 
1.4282e+18 0.216348 0.318089 0.00572535 0 0 0 0 0 0 0 0 0.00955527 0.0858309 0.220177 
1.4253e+18 0.216734 0.317955 0.00572283 0 0 0 0 0 0 0 0 0.00938717 0.0855244 0.220399 
1.4224e+18 0.217008 0.317866 0.00571748 0 0 0 0 0 0 0 0 0.00926326 0.0853095 0.220554 
1.4195e+18 0.217223 0.317799 0.00571073 0 0 0 0 0 0 0 0 0.00916213 0.0851422 0.220674 
1.4166e+18 0.217399 0.317748 0.00570308 0 0 0 0 0 0 0 0 0.00907568 0.0850059 0.220772 
1.4137e+18 0.217548 0.317708 0.00569481 0 0 0 0 0 0 0 0 0.0089998 0.084892 0.220853 
1.4108e+18 0.217675 0.317677 0.00568608 0 0 0 0 0 0 0 0 0.00893202 0.0847958 0.220921 
1.4079e+18 0.217784 0.317653 0.00567698 0 0 0 0 0 0 0 0 0.00887076 0.0847137 0.220978 
1.405e+18 0.217879 0.317635 0.00566759 0 0 0 0 0 0 0 0 0.00881492 0.0846437 0.221027 
1.4021e+18 0.217962 0.317623 0.00565796 0 0 0 0 0 0 0 0 0.00876369 0.0845841 0.221068 
1.3992e+18 0.218033 0.317615 0.00564811 0 0 0 0 0 0 0 0 0.00871645 0.0845336 0.221101 
1.3963e+18 0.218095 0.317612 0.0056381 0 0 0 0 0 0 0 0 0.00867273 0.0844912 0.221129 
1.3934e+18 0.218147 0.317613 0.00562793 0 0 0 0 0 0 0 0 0.00863214 0.0844562 0.221151 
1.3905e+18 0.218192 0.317617 0.00561762 0 0 0 0 0 0 0 0 0.00859439 0.084428 0.221168 
1.3876e+18 0.218229 0.317625 0.00560719 0 0 0 0 0 0 0 0 0.00855919 0.084406 0.221181 
1.3847e+18 0.218259 0.317637 0.00559666 0 0 0 0 0 0 0 0 0.00852635 0.0843898 0.221188 
1.3818e+18 0.218282 0.317651 0.00558603 0 0 0 0 0 0 0 0 0.00849568 0.0843791 0.221192 
1.3789e+18 0.2183 0.317668 0.00557531 0 0 0 0 0 0 0 0 0.008467 0.0843734 0.221192 
1.376e+18 0.218312 0.317688 0.00556452 0 0 0 0 0 0 0 0 0.0084402 0.0843726 0.221187 
1.3731e+18 0.218318 0.317711 0.00555365 0 0 0 0 0 0 0 0 0.00841513 0.0843763 0.22118 
1.3702e+18 0.218319 0.317736 0.00554271 0 0 0 0 0 0 0 0 0.0083917 0.0843844 0.221168 
1.3673e+18 0.218316 0.317764 0.00553172 0 0 0 0 0 0 0 0 0.00836981 0.0843967 0.221154 
1.3644e+18 0.218307 0.317794 0.00552066 0 0 0 0 0 0 0 0 0.00834937 0.0844131 0.221136 
1.3615e+18 0.218295 0.317826 0.00550956 0 0 0 0 0 0 0 0 0.0083303 0.0844333 0.221115 
1.3586e+18 0.218277 0.317861 0.0054984 0 0 0 0 0 0 0 0 0.00831253 0.0844572 0.221092 
1.3557e+18 0.218256 0.317898 0.00548719 0 0 0 0 0 0 0 0 0.00829599 0.0844847 0.221065 
1.3528e+18 0.218231 0.317938 0.00547595 0 0 0 0 0 0 0 0 0.00828063 0.0845158 0.221035 
1.3499e+18 0.218201 0.317979 0.00546466 0 0 0 0 0 0 0 0 0.00826638 0.0845502 0.221003 
1.347e+18 0.218168 0.318023 0.00545333 0 0 0 0 0 0 0 0 0.00825321 0.0845879 0.220968 
1.3441e+18 0.218131 0.318068 0.00544197 0 0 0 0 0 0 0 0 0.00824105 0.0846288 0.22093 
1.3412e+18 0.218091 0.318116 0.00543058 0 0 0 0 0 0 0 0 0.00822987 0.0846729 0.22089 
1.3383e+18 0.218047 0.318166 0.00541915 0 0 0 0 0 0 0 0 0.00821962 0.08472 0.220847 
1.3354e+18 0.218 0.318218 0.00540769 0 0 0 0 0 0 0 0 0.00821027 0.0847701 0.220802 
1.3325e+18 0.217949 0.318271 0.0053962 0 0 0 0 0 0 0 0 0.00820178 0.0848231 0.220755 
1.3296e+18 0.217895 0.318327 0.00538468 0 0 0 0 0 0 0 0 0.00819411 0.084879 0.220705 
1.3267e+18 0.217838 0.318385 0.00537314 0 0 0 0 0 0 0 0 0.00818724 0.0849378 0.220652 
1.3238e+18 0.217778 0.318444 0.00536157 0 0 0 0 0 0 0 0 0.00818112 0.0849993 0.220597 
1.3209e+18 0.217715 0.318506 0.00534998 0 0 0 0 0 0 0 0 0.00817573 0.0850634 0.22054 
1.318e+18 0.217649 0.318569 0.00533837 0 0 0 0 0 0 0 0 0.00817105 0.0851303 0.220481 
1.3151e+18 0.217579 0.318634 0.00532673 0 0 0 0 0 0 0 0 0.00816705 0.0851998 0.22042 
1.3122e+18 0.217507 0.318701 0.00531507 0 0 0 0 0 0 0 0 0.00816369 0.0852719 0.220356 
1.3093e+18 0.217433 0.31877 0.0053034 0 0 0 0 0 0 0 0 0.00816096 0.0853465 0.22029 
1.3064e+18 0.217355 0.31884 0.0052917 0 0 0 0 0 0 0 0 0.00815884 0.0854237 0.220222 
1.3035e+18 0.217275 0.318913 0.00527998 0 0 0 0 0 0 0 0 0.0081573 0.0855033 0.220152 
1.3006e+18 0.217192 0.318987 0.00526825 0 0 0 0 0 0 0 0 0.00815632 0.0855853 0.22008 
1.2977e+18 0.217106 0.319063 0.0052565 0 0 0 0 0 0 0 0 0.00815587 0.0856698 0.220005 
1.2948e+18 0.217018 0.319141 0.00524473 0 0 0 0 0 0 0 0 0.00815595 0.0857567 0.219929 
1.2919e+18 0.216927 0.31922 0.00523295 0 0 0 0 0 0 0 0 0.00815653 0.0858459 0.21985 
1.289e+18 0.216833 0.319302 0.00522115 0 0 0 0 0 0 0 0 0.00815759 0.0859375 0.21977 
1.2861e+18 0.216737 0.319385 0.00520933 0 0 0 0 0 0 0 0 0.00815911 0.0860314 0.219687 
1.2832e+18 0.216639 0.31947 0.0051975 0 0 0 0 0 0 0 0 0.00816109 0.0861276 0.219603 
1.2803e+18 0.216538 0.319556 0.00518566 0 0 0 0 0 0 0 0 0.00816349 0.086226 0.219516 
1.2774e+18 0.216435 0.319645 0.00517381 0 0 0 0 0 0 0 0 0.00816631 0.0863267 0.219427 
1.2745e+18 0.216329 0.319735 0.00516194 0 0 0 0 0 0 0 0 0.00816953 0.0864297 0.219337 
1.2716e+18 0.216221 0.319827 0.00515006 0 0 0 0 0 0 0 0 0.00817314 0.0865348 0.219244 
1.2687e+18 0.216111 0.31992 0.00513816 0 0 0 0 0 0 0 0 0.00817711 0.0866421 0.21915 
1.2658e+18 0.216529 0.319744 0.00513393 0 0 0 0 0 0 0 0 0.00801918 0.0862947 0.219414 
1.2629e+18 0.216979 0.319454 0.00512223 0 0 0 0 0 0 0 0 0.00791702 0.0858763 0.219774 
1.26e+18 0.217301 0.319243 0.00510979 0 0 0 0 0 0 0 0 0.00784516 0.0855748 0.220036 
1.2571e+18 0.217554 0.319075 0.00509708 0 0 0 0 0 0 0 0 0.00778869 0.0853368 0.220246 
1.2542e+18 0.217762 0.318936 0.00508424 0 0 0 0 0 0 0 0 0.00774198 0.085141 0.220419 
1.2513e+18 0.217936 0.318819 0.00507133 0 0 0 0 0 0 0 0 0.00770226 0.084976 0.220567 
1.2484e+18 0.218084 0.31872 0.00505839 0 0 0 0 0 0 0 0 0.00766788 0.0848353 0.220693 
1.2455e+18 0.218211 0.318634 0.00504543 0 0 0 0 0 0 0 0 0.00763778 0.0847143 0.220803 
1.2426e+18 0.21832 0.31856 0.00503246 0 0 0 0 0 0 0 0 0.00761126 0.0846099 0.220899 
1.2397e+18 0.218414 0.318496 0.00501948 0 0 0 0 0 0 0 0 0.00758778 0.0845198 0.220983 
1.2368e+18 0.218495 0.318441 0.0050065 0 0 0 0 0 0 0 0 0.00756694 0.0844422 0.221055 
1.2339e+18 0.218564 0.318394 0.00499351 0 0 0 0 0 0 0 0 0.00754845 0.0843757 0.221119 
1.231e+18 0.218622 0.318354 0.00498053 0 0 0 0 0 0 0 0 0.00753205 0.0843193 0.221173 
1.2281e+18 0.21867 0.318321 0.00496754 0 0 0 0 0 0 0 0 0.00751755 0.084272 0.22122 
1.2252e+18 0.218709 0.318293 0.00495456 0 0 0 0 0 0 0 0 0.00750477 0.0842332 0.221259 
1.2223e+18 0.21874 0.318272 0.00494157 0 0 0 0 0 0 0 0 0.00749359 0.0842022 0.221292 
1.2194e+18 0.218763 0.318256 0.00492859 0 0 0 0 0 0 0 0 0.00748386 0.0841784 0.221319 
1.2165e+18 0.218779 0.318245 0.0049156 0 0 0 0 0 0 0 0 0.0074755 0.0841614 0.221339 
1.2136e+18 0.218788 0.318238 0.00490262 0 0 0 0 0 0 0 0 0.0074684 0.0841509 0.221354 
1.2107e+18 0.218791 0.318236 0.00488964 0 0 0 0 0 0 0 0 0.00746249 0.0841465 0.221364 
1.2078e+18 0.218788 0.318238 0.00487665 0 0 0 0 0 0 0 0 0.0074577 0.0841478 0.221369 
1.2049e+18 0.218778 0.318245 0.00486367 0 0 0 0 0 0 0 0 0.00745395 0.0841546 0.221369 
1.202e+18 0.218763 0.318255 0.00485069 0 0 0 0 0 0 0 0 0.00745118 0.0841667 0.221364 
1.1991e+18 0.218743 0.318269 0.00483771 0 0 0 0 0 0 0 0 0.00744935 0.0841839 0.221355 
1.1962e+18 0.218718 0.318287 0.00482472 0 0 0 0 0 0 0 0 0.0074484 0.0842059 0.221341 
1.1933e+18 0.218687 0.318308 0.00481174 0 0 0 0 0 0 0 0 0.00744829 0.0842326 0.221324 
1.1904e+18 0.218652 0.318333 0.00479876 0 0 0 0 0 0 0 0 0.00744897 0.0842639 0.221302 
1.1875e+18 0.218612 0.318361 0.00478577 0 0 0 0 0 0 0 0 0.0074504 0.0842995 0.221277 
1.1846e+18 0.218568 0.318392 0.00477279 0 0 0 0 0 0 0 0 0.00745256 0.0843395 0.221248 
1.1817e+18 0.218519 0.318427 0.0047598 0 0 0 0 0 0 0 0 0.00745539 0.0843835 0.221215 
1.1788e+18 0.218466 0.318465 0.00474682 0 0 0 0 0 0 0 0 0.00745887 0.0844316 0.221178 
1.1759e+18 0.218409 0.318505 0.00473383 0 0 0 0 0 0 0 0 0.00746296 0.0844836 0.221139 
1.173e+18 0.218348 0.318549 0.00472085 0 0 0 0 0 0 0 0 0.00746765 0.0845395 0.221095 
1.1701e+18 0.218283 0.318596 0.00470786 0 0 0 0 0 0 0 0 0.0074729 0.0845991 0.221048 
1.1672e+18 0.218215 0.318646 0.00469487 0 0 0 0 0 0 0 0 0.00747868 0.0846624 0.220998 
1.1643e+18 0.218142 0.318698 0.00468189 0 0 0 0 0 0 0 0 0.00748497 0.0847293 0.220945 
1.1614e+18 0.218066 0.318754 0.0046689 0 0 0 0 0 0 0 0 0.00749174 0.0847998 0.220889 
1.1585e+18 0.217986 0.318812 0.00465591 0 0 0 0 0 0 0 0 0.00749898 0.0848737 0.220829 
1.1556e+18 0.217903 0.318873 0.00464292 0 0 0 0 0 0 0 0 0.00750666 0.0849509 0.220767 
1.1527e+18 0.217816 0.318937 0.00462994 0 0 0 0 0 0 0 0 0.00751476 0.0850316 0.220701 
1.1498e+18 0.217726 0.319003 0.00461695 0 0 0 0 0 0 0 0 0.00752326 0.0851155 0.220632 
1.1469e+18 0.217632 0.319072 0.00460396 0 0 0 0 0 0 0 0 0.00753215 0.0852027 0.220561 
1.144e+18 0.217828 0.319015 0.00459776 0 0 0 0 0 0 0 0 0.00743688 0.0850526 0.220667 
1.1411e+18 0.21811 0.318923 0.00459364 0 0 0 0 0 0 0 0 0.0073089 0.0848323 0.220826 
1.1382e+18 0.218295 0.318874 0.00458734 0 0 0 0 0 0 0 0 0.00721494 0.084693 0.220923 
1.1353e+18 0.218429 0.318849 0.00457994 0 0 0 0 0 0 0 0 0.00713831 0.0845956 0.220988 
1.1324e+18 0.218531 0.318839 0.00457187 0 0 0 0 0 0 0 0 0.00707285 0.0845256 0.221032 
1.1295e+18 0.218608 0.31884 0.00456331 0 0 0 0 0 0 0 0 0.00701546 0.0844757 0.22106 
1.1266e+18 0.218667 0.318851 0.00455439 0 0 0 0 0 0 0 0 0.00696431 0.0844417 0.221077 
1.1237e+18 0.21871 0.318869 0.00454519 0 0 0 0 0 0 0 0 0.00691822 0.0844207 0.221083 
1.1208e+18 0.218739 0.318893 0.00453576 0 0 0 0 0 0 0 0 0.00687636 0.084411 0.22108 
1.1179e+18 0.218758 0.318924 0.00452613 0 0 0 0 0 0 0 0 0.00683812 0.0844112 0.221069 
1.115e+18 0.218765 0.318959 0.00451634 0 0 0 0 0 0 0 0 0.00680306 0.08442 0.221052 
1.1121e+18 0.218764 0.319 0.0045064 0 0 0 0 0 0 0 0 0.00677082 0.0844369 0.221028 
1.1092e+18 0.218754 0.319045 0.00449634 0 0 0 0 0 0 0 0 0.0067411 0.084461 0.220999 
1.1063e+18 0.218736 0.319095 0.00448617 0 0 0 0 0 0 0 0 0.00671368 0.0844919 0.220964 
1.1034e+18 0.218711 0.319148 0.0044759 0 0 0 0 0 0 0 0 0.00668835 0.0845292 0.220923 
1.1005e+18 0.218679 0.319206 0.00446553 0 0 0 0 0 0 0 0 0.00666495 0.0845724 0.220878 
1.0976e+18 0.21864 0.319267 0.00445509 0 0 0 0 0 0 0 0 0.00664334 0.0846212 0.220829 
1.0947e+18 0.218596 0.319331 0.00444457 0 0 0 0 0 0 0 0 0.00662339 0.0846755 0.220774 
1.0918e+18 0.218545 0.319399 0.00443398 0 0 0 0 0 0 0 0 0.006605 0.0847349 0.220716 
1.0889e+18 0.218489 0.319471 0.00442333 0 0 0 0 0 0 0 0 0.00658806 0.0847992 0.220653 
1.086e+18 0.218427 0.319545 0.00441262 0 0 0 0 0 0 0 0 0.00657249 0.0848683 0.220587 
1.0831e+18 0.21836 0.319623 0.00440186 0 0 0 0 0 0 0 0 0.00655821 0.084942 0.220517 
1.0802e+18 0.218337 0.319638 0.0043886 0 0 0 0 0 0 0 0 0.00655873 0.0849602 0.220507 
1.0773e+18 0.21841 0.319516 0.00437014 0 0 0 0 0 0 0 0 0.00658933 0.0848564 0.220629 
1.0744e+18 0.218455 0.319428 0.00435274 0 0 0 0 0 0 0 0 0.00661491 0.0847856 0.220717 
1.0715e+18 0.21848 0.319363 0.00433602 0 0 0 0 0 0 0 0 0.00663756 0.0847376 0.220782 
1.0686e+18 0.218491 0.319315 0.00431978 0 0 0 0 0 0 0 0 0.00665838 0.0847071 0.220829 
1.0657e+18 0.218488 0.319281 0.0043039 0 0 0 0 0 0 0 0 0.00667797 0.0846908 0.220862 
1.0628e+18 0.218475 0.319258 0.00428829 0 0 0 0 0 0 0 0 0.00669675 0.0846865 0.220883 
1.0599e+18 0.218452 0.319246 0.0042729 0 0 0 0 0 0 0 0 0.00671496 0.0846927 0.220894 
1.057e+18 0.218421 0.319242 0.0042577 0 0 0 0 0 0 0 0 0.00673279 0.0847082 0.220896 
1.0541e+18 0.218382 0.319246 0.00424265 0 0 0 0 0 0 0 0 0.00675036 0.0847321 0.22089 
1.0512e+18 0.218336 0.319257 0.00422772 0 0 0 0 0 0 0 0 0.00676778 0.0847637 0.220876 
1.0483e+18 0.218283 0.319274 0.0042129 0 0 0 0 0 0 0 0 0.0067851 0.0848025 0.220855 
1.0454e+18 0.218224 0.319298 0.00419818 0 0 0 0 0 0 0 0 0.00680238 0.084848 0.220828 
1.0425e+18 0.218159 0.319327 0.00418355 0 0 0 0 0 0 0 0 0.00681965 0.0848998 0.220795 
1.0396e+18 0.218585 0.319116 0.00417894 0 0 0 0 0 0 0 0 0.00667773 0.0845374 0.221084 
1.0367e+18 0.218838 0.318994 0.0041711 0 0 0 0 0 0 0 0 0.00658878 0.0843235 0.221255 
1.0338e+18 0.219015 0.318912 0.00416194 0 0 0 0 0 0 0 0 0.00652259 0.084175 0.221375 
1.0309e+18 0.219148 0.318854 0.00415208 0 0 0 0 0 0 0 0 0.00646918 0.0840645 0.221465 
1.028e+18 0.21925 0.318812 0.00414177 0 0 0 0 0 0 0 0 0.00642434 0.0839806 0.221533 
1.0251e+18 0.219329 0.318783 0.00413115 0 0 0 0 0 0 0 0 0.00638586 0.0839172 0.221584 
1.0222e+18 0.21939 0.318765 0.00412029 0 0 0 0 0 0 0 0 0.00635236 0.0838703 0.221622 
1.0193e+18 0.219435 0.318757 0.00410926 0 0 0 0 0 0 0 0 0.00632295 0.0838375 0.221648 
1.0164e+18 0.219465 0.318756 0.00409807 0 0 0 0 0 0 0 0 0.00629697 0.083817 0.221664 
1.0135e+18 0.219484 0.318763 0.00408677 0 0 0 0 0 0 0 0 0.00627396 0.0838073 0.221671 
1.0106e+18 0.219492 0.318777 0.00407537 0 0 0 0 0 0 0 0 0.00625356 0.0838075 0.22167 
1.0077e+18 0.21949 0.318797 0.00406387 0 0 0 0 0 0 0 0 0.00623547 0.0838168 0.221661 
1.0048e+18 0.219478 0.318823 0.00405231 0 0 0 0 0 0 0 0 0.00621946 0.0838344 0.221645 
1.0019e+18 0.219458 0.318854 0.00404067 0 0 0 0 0 0 0 0 0.00620534 0.0838598 0.221623 
9.99e+17 0.21943 0.318891 0.00402898 0 0 0 0 0 0 0 0 0.00619295 0.0838926 0.221594 
9.961e+17 0.219394 0.318932 0.00401723 0 0 0 0 0 0 0 0 0.00618214 0.0839323 0.221559 
9.932e+17 0.219351 0.318979 0.00400544 0 0 0 0 0 0 0 0 0.0061728 0.0839787 0.221518 
9.903e+17 0.219301 0.31903 0.0039936 0 0 0 0 0 0 0 0 0.00616482 0.0840314 0.221472 
9.874e+17 0.219245 0.319086 0.00398173 0 0 0 0 0 0 0 0 0.00615811 0.0840902 0.221421 
9.845e+17 0.219182 0.319146 0.00396982 0 0 0 0 0 0 0 0 0.00615258 0.0841549 0.221365 
9.816e+17 0.219113 0.319211 0.00395787 0 0 0 0 0 0 0 0 0.00614817 0.0842252 0.221303 
9.787e+17 0.219038 0.319279 0.00394589 0 0 0 0 0 0 0 0 0.00614479 0.084301 0.221237 
9.758e+17 0.218957 0.319352 0.00393389 0 0 0 0 0 0 0 0 0.0061424 0.0843821 0.221166 
9.729e+17 0.218871 0.319429 0.00392186 0 0 0 0 0 0 0 0 0.00614093 0.0844684 0.22109 
9.7e+17 0.21878 0.31951 0.0039098 0 0 0 0 0 0 0 0 0.00614033 0.0845598 0.22101 
9.671e+17 0.218683 0.319594 0.00389772 0 0 0 0 0 0 0 0 0.00614055 0.0846561 0.220926 
9.642e+17 0.218581 0.319683 0.00388562 0 0 0 0 0 0 0 0 0.00614155 0.0847571 0.220837 
9.613e+17 0.218475 0.319775 0.0038735 0 0 0 0 0 0 0 0 0.00614328 0.084863 0.220744 
9.584e+17 0.218363 0.319871 0.00386136 0 0 0 0 0 0 0 0 0.0061457 0.0849734 0.220647 
9.555e+17 0.218246 0.31997 0.00384919 0 0 0 0 0 0 0 0 0.00614879 0.0850884 0.220546 
9.526e+17 0.218542 0.31987 0.00384581 0 0 0 0 0 0 0 0 0.00601764 0.084856 0.220714 
9.497e+17 0.218719 0.31983 0.00383998 0 0 0 0 0 0 0 0 0.0059235 0.0847251 0.220803 
9.468e+17 0.218824 0.319826 0.00383272 0 0 0 0 0 0 0 0 0.00585183 0.0846554 0.220843 
9.439e+17 0.218889 0.319842 0.0038247 0 0 0 0 0 0 0 0 0.00579252 0.0846202 0.220856 
9.41e+17 0.21895 0.319843 0.00381527 0 0 0 0 0 0 0 0 0.00574594 0.0845794 0.220881 
9.381e+17 0.219165 0.31964 0.00379895 0 0 0 0 0 0 0 0 0.0057386 0.0843513 0.221105 
9.352e+17 0.219316 0.3195 0.00378386 0 0 0 0 0 0 0 0 0.00572981 0.0841927 0.221262 
9.323e+17 0.219426 0.319398 0.00376939 0 0 0 0 0 0 0 0 0.00572157 0.084076 0.221379 
9.294e+17 0.219508 0.319321 0.00375527 0 0 0 0 0 0 0 0 0.00571442 0.0839892 0.221467 
9.265e+17 0.219567 0.319265 0.00374138 0 0 0 0 0 0 0 0 0.00570852 0.0839256 0.221534 
9.236e+17 0.219607 0.319224 0.00372766 0 0 0 0 0 0 0 0 0.0057039 0.083881 0.221584 
9.207e+17 0.219632 0.319197 0.00371405 0 0 0 0 0 0 0 0 0.00570053 0.0838526 0.221618 
9.178e+17 0.219642 0.319182 0.00370054 0 0 0 0 0 0 0 0 0.00569835 0.0838383 0.22164 
9.149e+17 0.219639 0.319177 0.0036871 0 0 0 0 0 0 0 0 0.00569731 0.0838366 0.22165 
9.12e+17 0.219626 0.319182 0.00367371 0 0 0 0 0 0 0 0 0.00569735 0.0838463 0.221649 
9.091e+17 0.219601 0.319195 0.00366036 0 0 0 0 0 0 0 0 0.0056984 0.0838664 0.221639 
9.062e+17 0.219567 0.319216 0.00364706 0 0 0 0 0 0 0 0 0.00570041 0.0838962 0.22162 
9.033e+17 0.219524 0.319245 0.00363378 0 0 0 0 0 0 0 0 0.00570333 0.0839351 0.221593 
9.004e+17 0.219472 0.319281 0.00362052 0 0 0 0 0 0 0 0 0.0057071 0.0839825 0.221558 
8.975e+17 0.219411 0.319323 0.00360729 0 0 0 0 0 0 0 0 0.00571168 0.0840379 0.221516 
8.946e+17 0.219343 0.319372 0.00359408 0 0 0 0 0 0 0 0 0.00571701 0.084101 0.221466 
8.917e+17 0.219343 0.319473 0.00378073 0 0 0 0 0 0 0 0 0.00573036 0.0841605 0.221293 
8.888e+17 0.219314 0.319566 0.00390948 0 0 0 0 0 0 0 0 0.00574245 0.0842302 0.221147 
8.859e+17 0.219265 0.319656 0.00400401 0 0 0 0 0 0 0 0 0.00575404 0.0843086 0.221015 
8.83e+17 0.219432 0.319657 0.00415741 0 0 0 0 0 0 0 0 0.00570981 0.0842169 0.220984 
8.801e+17 0.219799 0.319563 0.00434015 0 0 0 0 0 0 0 0 0.00560932 0.0839604 0.221068 
8.772e+17 0.220001 0.319532 0.00445562 0 0 0 0 0 0 0 0 0.00554602 0.0838289 0.221092 
8.743e+17 0.220137 0.319526 0.00454496 0 0 0 0 0 0 0 0 0.00549769 0.0837493 0.22109 
8.714e+17 0.220231 0.319539 0.00461914 0 0 0 0 0 0 0 0 0.00545835 0.0837019 0.22107 
8.685e+17 0.220296 0.319564 0.00468303 0 0 0 0 0 0 0 0 0.0054253 0.0836779 0.221038 
8.656e+17 0.220337 0.319599 0.00473933 0 0 0 0 0 0 0 0 0.00539707 0.0836725 0.220995 
8.627e+17 0.220359 0.319644 0.0047897 0 0 0 0 0 0 0 0 0.00537271 0.0836826 0.220942 
8.598e+17 0.220364 0.319697 0.00483525 0 0 0 0 0 0 0 0 0.00535158 0.0837062 0.220881 
8.569e+17 0.220356 0.319757 0.00487678 0 0 0 0 0 0 0 0 0.00533323 0.0837418 0.220812 
8.54e+17 0.220334 0.319825 0.00491488 0 0 0 0 0 0 0 0 0.00531731 0.0837882 0.220736 
8.511e+17 0.2203 0.319899 0.00495 0 0 0 0 0 0 0 0 0.00530354 0.0838447 0.220653 
8.482e+17 0.220255 0.319979 0.0049825 0 0 0 0 0 0 0 0 0.0052917 0.0839104 0.220564 
8.453e+17 0.2202 0.320065 0.00501266 0 0 0 0 0 0 0 0 0.00528161 0.0839849 0.220469 
8.424e+17 0.220135 0.320157 0.00504072 0 0 0 0 0 0 0 0 0.00527313 0.0840677 0.220367 
8.395e+17 0.220061 0.320254 0.00506687 0 0 0 0 0 0 0 0 0.00526611 0.0841584 0.22026 
8.366e+17 0.219978 0.320357 0.00509129 0 0 0 0 0 0 0 0 0.00526044 0.0842566 0.220148 
8.337e+17 0.219888 0.320465 0.0051141 0 0 0 0 0 0 0 0 0.00525603 0.0843621 0.220029 
8.308e+17 0.219789 0.320578 0.00513544 0 0 0 0 0 0 0 0 0.00525277 0.0844746 0.219906 
8.279e+17 0.219826 0.320484 0.00510711 0 0 0 0 0 0 0 0 0.00528291 0.0844059 0.220002 
8.25e+17 0.219836 0.320423 0.00508453 0 0 0 0 0 0 0 0 0.00530991 0.0843694 0.220062 
8.221e+17 0.219818 0.320398 0.00506865 0 0 0 0 0 0 0 0 0.0053331 0.084368 0.220083 
8.192e+17 0.220281 0.320129 0.00511595 0 0 0 0 0 0 0 0 0.00523094 0.0839623 0.220396 
8.163e+17 0.220534 0.319984 0.00514296 0 0 0 0 0 0 0 0 0.00517403 0.083742 0.220566 
8.134e+17 0.220701 0.319892 0.00516273 0 0 0 0 0 0 0 0 0.00513459 0.0835994 0.220673 
8.105e+17 0.220818 0.319833 0.00517885 0 0 0 0 0 0 0 0 0.00510441 0.0835019 0.220743 
8.076e+17 0.2209 0.319797 0.00519262 0 0 0 0 0 0 0 0 0.00508035 0.0834362 0.220787 
8.047e+17 0.220955 0.319778 0.00520465 0 0 0 0 0 0 0 0 0.00506079 0.0833952 0.220811 
8.018e+17 0.220988 0.319775 0.00521528 0 0 0 0 0 0 0 0 0.00504478 0.0833746 0.220817 
7.989e+17 0.221002 0.319785 0.00522474 0 0 0 0 0 0 0 0 0.0050317 0.0833714 0.220809 
7.96e+17 0.221 0.319807 0.00523317 0 0 0 0 0 0 0 0 0.00502111 0.0833836 0.220788 
7.931e+17 0.220983 0.319839 0.00524067 0 0 0 0 0 0 0 0 0.00501268 0.0834097 0.220755 
7.902e+17 0.220953 0.319881 0.00524733 0 0 0 0 0 0 0 0 0.00500615 0.0834483 0.220712 
7.873e+17 0.22091 0.319932 0.00525322 0 0 0 0 0 0 0 0 0.00500133 0.0834986 0.220658 
7.844e+17 0.220855 0.319992 0.00525837 0 0 0 0 0 0 0 0 0.00499805 0.0835598 0.220595 
7.815e+17 0.22079 0.320059 0.00526285 0 0 0 0 0 0 0 0 0.00499616 0.0836312 0.220523 
7.786e+17 0.220714 0.320135 0.00526668 0 0 0 0 0 0 0 0 0.00499554 0.0837124 0.220443 
7.757e+17 0.220629 0.320217 0.00526989 0 0 0 0 0 0 0 0 0.0049961 0.0838028 0.220355 
7.728e+17 0.220534 0.320307 0.00527252 0 0 0 0 0 0 0 0 0.00499774 0.083902 0.220259 
7.699e+17 0.22043 0.320404 0.00527458 0 0 0 0 0 0 0 0 0.00500037 0.0840098 0.220156 
7.67e+17 0.220539 0.320388 0.00529929 0 0 0 0 0 0 0 0 0.00494788 0.0839367 0.220188 
7.641e+17 0.220771 0.320309 0.00533646 0 0 0 0 0 0 0 0 0.00486267 0.0837602 0.220297 
7.612e+17 0.220881 0.320297 0.00536093 0 0 0 0 0 0 0 0 0.00480699 0.0836877 0.220327 
7.583e+17 0.220938 0.320314 0.00537994 0 0 0 0 0 0 0 0 0.00476383 0.0836613 0.220322 
7.554e+17 0.220961 0.320352 0.00539556 0 0 0 0 0 0 0 0 0.00472839 0.0836647 0.220294 
7.525e+17 0.220958 0.320404 0.00540874 0 0 0 0 0 0 0 0 0.00469847 0.0836905 0.220248 
7.496e+17 0.220935 0.32047 0.00541999 0 0 0 0 0 0 0 0 0.00467283 0.0837344 0.220188 
7.467e+17 0.220894 0.320546 0.00542966 0 0 0 0 0 0 0 0 0.00465069 0.0837939 0.220115 
7.438e+17 0.220933 0.320507 0.00541996 0 0 0 0 0 0 0 0 0.00464788 0.0837514 0.220161 
7.409e+17 0.221023 0.32039 0.00539636 0 0 0 0 0 0 0 0 0.00465976 0.0836411 0.220286 
7.38e+17 0.221061 0.320331 0.00537902 0 0 0 0 0 0 0 0 0.00466779 0.0835894 0.22035 
7.351e+17 0.221068 0.320305 0.00536452 0 0 0 0 0 0 0 0 0.00467474 0.0835727 0.220379 
7.322e+17 0.221052 0.320303 0.00535161 0 0 0 0 0 0 0 0 0.00468153 0.0835813 0.220382 
7.293e+17 0.221016 0.32032 0.00533964 0 0 0 0 0 0 0 0 0.00468857 0.0836104 0.220365 
7.264e+17 0.220964 0.320352 0.00532826 0 0 0 0 0 0 0 0 0.00469604 0.0836568 0.220331 
7.235e+17 0.220897 0.320398 0.00531725 0 0 0 0 0 0 0 0 0.00470403 0.0837184 0.220283 
7.206e+17 0.220872 0.320423 0.00531115 0 0 0 0 0 0 0 0 0.00469953 0.0837448 0.22026 
7.177e+17 0.22122 0.320238 0.00533721 0 0 0 0 0 0 0 0 0.0046052 0.0834488 0.220488 
7.148e+17 0.221369 0.320171 0.00534761 0 0 0 0 0 0 0 0 0.00455513 0.0833276 0.220577 
7.119e+17 0.221453 0.320145 0.00535334 0 0 0 0 0 0 0 0 0.00451879 0.0832653 0.220618 
7.09e+17 0.221496 0.320144 0.00535647 0 0 0 0 0 0 0 0 0.00449031 0.0832394 0.22063 
7.061e+17 0.22151 0.320163 0.00535784 0 0 0 0 0 0 0 0 0.00446725 0.0832403 0.220619 
7.032e+17 0.2215 0.320199 0.00535788 0 0 0 0 0 0 0 0 0.00444831 0.0832628 0.22059 
7.003e+17 0.22147 0.320248 0.00535684 0 0 0 0 0 0 0 0 0.00443268 0.0833037 0.220546 
6.974e+17 0.221423 0.320309 0.0053549 0 0 0 0 0 0 0 0 0.00441984 0.0833609 0.220488 
6.945e+17 0.221359 0.320382 0.00535218 0 0 0 0 0 0 0 0 0.00440938 0.0834329 0.220417 
6.916e+17 0.221282 0.320465 0.00534876 0 0 0 0 0 0 0 0 0.00440101 0.0835183 0.220334 
6.887e+17 0.22119 0.320559 0.00534471 0 0 0 0 0 0 0 0 0.0043945 0.0836163 0.22024 
6.858e+17 0.221087 0.320661 0.00534008 0 0 0 0 0 0 0 0 0.00438966 0.0837262 0.220136 
6.829e+17 0.220971 0.320773 0.00533491 0 0 0 0 0 0 0 0 0.00438632 0.0838473 0.220022 
6.8e+17 0.220844 0.320894 0.00532924 0 0 0 0 0 0 0 0 0.00438435 0.0839791 0.219899 
6.771e+17 0.220913 0.320903 0.00533938 0 0 0 0 0 0 0 0 0.00433471 0.0839404 0.219908 
6.742e+17 0.221182 0.320742 0.00534618 0 0 0 0 0 0 0 0 0.00426916 0.0837014 0.220105 
6.713e+17 0.221432 0.320528 0.00533012 0 0 0 0 0 0 0 0 0.00424496 0.0834496 0.220346 
6.684e+17 0.221569 0.320413 0.00531729 0 0 0 0 0 0 0 0 0.00422654 0.0833126 0.220479 
6.655e+17 0.221648 0.320349 0.00530537 0 0 0 0 0 0 0 0 0.00421233 0.083235 0.220555 
6.626e+17 0.221687 0.320319 0.00529375 0 0 0 0 0 0 0 0 0.00420139 0.0831974 0.220595 
6.597e+17 0.221695 0.320315 0.00528218 0 0 0 0 0 0 0 0 0.00419312 0.0831904 0.220606 
6.568e+17 0.221678 0.320331 0.00527055 0 0 0 0 0 0 0 0 0.00418711 0.0832083 0.220595 
6.539e+17 0.22164 0.320366 0.00525878 0 0 0 0 0 0 0 0 0.00418309 0.0832475 0.220564 
6.51e+17 0.221582 0.320415 0.00524684 0 0 0 0 0 0 0 0 0.00418081 0.0833055 0.220516 
6.481e+17 0.221507 0.32048 0.0052347 0 0 0 0 0 0 0 0 0.00418009 0.0833804 0.220453 
6.452e+17 0.221417 0.320557 0.00522236 0 0 0 0 0 0 0 0 0.00418077 0.0834708 0.220375 
6.423e+17 0.221311 0.320646 0.00520979 0 0 0 0 0 0 0 0 0.00418274 0.0835757 0.220284 
6.394e+17 0.221522 0.320547 0.00521962 0 0 0 0 0 0 0 0 0.00411334 0.0834015 0.220416 
6.365e+17 0.22166 0.320495 0.00522494 0 0 0 0 0 0 0 0 0.00405828 0.0832944 0.220493 
6.336e+17 0.221711 0.320497 0.00522499 0 0 0 0 0 0 0 0 0.00402046 0.0832641 0.220507 
6.307e+17 0.221718 0.32053 0.00522248 0 0 0 0 0 0 0 0 0.00399126 0.0832751 0.220486 
6.278e+17 0.221692 0.320584 0.00521831 0 0 0 0 0 0 0 0 0.00396774 0.0833156 0.220441 
6.249e+17 0.22164 0.320656 0.0052129 0 0 0 0 0 0 0 0 0.00394847 0.0833795 0.220376 
6.22e+17 0.221567 0.320744 0.00520651 0 0 0 0 0 0 0 0 0.00393258 0.0834634 0.220293 
6.191e+17 0.221475 0.320845 0.0051993 0 0 0 0 0 0 0 0 0.00391953 0.083565 0.220195 
6.162e+17 0.221482 0.320815 0.00517679 0 0 0 0 0 0 0 0 0.00392579 0.0835453 0.220231 
6.133e+17 0.221512 0.320749 0.00514873 0 0 0 0 0 0 0 0 0.00394018 0.0834957 0.220303 
6.104e+17 0.221486 0.320743 0.005125 0 0 0 0 0 0 0 0 0.00395103 0.0835072 0.220312 
6.075e+17 0.221485 0.320734 0.00510645 0 0 0 0 0 0 0 0 0.00394946 0.0835031 0.220328 
6.046e+17 0.221813 0.320524 0.00510975 0 0 0 0 0 0 0 0 0.00387573 0.0832075 0.220579 
6.017e+17 0.221936 0.320452 0.00510308 0 0 0 0 0 0 0 0 0.00383942 0.0831 0.220672 
5.988e+17 0.22199 0.320429 0.00509384 0 0 0 0 0 0 0 0 0.00381401 0.0830567 0.22071 
5.959e+17 0.222001 0.320437 0.00508324 0 0 0 0 0 0 0 0 0.00379488 0.0830544 0.220712 
5.93e+17 0.221979 0.320471 0.00507172 0 0 0 0 0 0 0 0 0.00378015 0.0830832 0.220687 
5.901e+17 0.22193 0.320525 0.0050595 0 0 0 0 0 0 0 0 0.00376881 0.0831376 0.220639 
5.872e+17 0.221858 0.320596 0.00504671 0 0 0 0 0 0 0 0 0.00376024 0.0832142 0.220571 
5.843e+17 0.221765 0.320685 0.00503342 0 0 0 0 0 0 0 0 0.00375401 0.0833107 0.220486 
5.814e+17 0.221654 0.320788 0.0050197 0 0 0 0 0 0 0 0 0.00374981 0.0834252 0.220384 
5.785e+17 0.221304 0.320655 0.00500944 0 0 0 0 0 0 0 0 0.00408134 0.083583 0.220376 
5.756e+17 0.22167 0.320851 0.00500829 0 0 0 0 0 0 0 0 0.00368685 0.0834432 0.220349 
5.727e+17 0.221766 0.320832 0.00500855 0 0 0 0 0 0 0 0 0.00363469 0.0833757 0.220392 
5.698e+17 0.221774 0.320871 0.00500415 0 0 0 0 0 0 0 0 0.00359902 0.0833873 0.220369 
5.669e+17 0.221933 0.320708 0.00497792 0 0 0 0 0 0 0 0 0.00359456 0.0832147 0.22055 
5.64e+17 0.222004 0.320631 0.00495518 0 0 0 0 0 0 0 0 0.00359052 0.0831355 0.220639 
5.611e+17 0.221673 0.320229 0.00493864 0 0 0 0 0 0 0 0 0.00410065 0.083162 0.220835 
5.582e+17 0.22145 0.320023 0.00492166 0 0 0 0 0 0 0 0 0.00439497 0.0832092 0.220923 
5.553e+17 0.221249 0.319902 0.00490456 0 0 0 0 0 0 0 0 0.00461249 0.0832799 0.220957 
5.524e+17 0.221046 0.319828 0.00488739 0 0 0 0 0 0 0 0 0.00479772 0.0833732 0.220956 
5.495e+17 0.220833 0.319788 0.00487014 0 0 0 0 0 0 0 0 0.00496426 0.0834871 0.220928 
5.466e+17 0.221222 0.319839 0.00486768 0 0 0 0 0 0 0 0 0.00465727 0.0832692 0.221012 
5.437e+17 0.221385 0.319882 0.00486015 0 0 0 0 0 0 0 0 0.00450998 0.0831883 0.221035 
5.408e+17 0.221397 0.319909 0.00484991 0 0 0 0 0 0 0 0 0.00447631 0.0831932 0.221024 
5.379e+17 0.221331 0.319934 0.00483846 0 0 0 0 0 0 0 0 0.00449879 0.0832455 0.220991 
5.35e+17 0.221213 0.319962 0.00482622 0 0 0 0 0 0 0 0 0.00455304 0.0833314 0.22094 
5.321e+17 0.221058 0.320001 0.00481334 0 0 0 0 0 0 0 0 0.00462581 0.0834442 0.220871 
5.292e+17 0.220875 0.320051 0.00479994 0 0 0 0 0 0 0 0 0.00470951 0.0835801 0.220784 
5.263e+17 0.220766 0.31984 0.00477105 0 0 0 0 0 0 0 0 0.00492381 0.0835519 0.220919 
5.234e+17 0.220631 0.319697 0.00474399 0 0 0 0 0 0 0 0 0.00510698 0.0835713 0.220994 
5.205e+17 0.221119 0.319597 0.0047369 0 0 0 0 0 0 0 0 0.00483872 0.0832243 0.221221 
5.176e+17 0.221225 0.319543 0.00472215 0 0 0 0 0 0 0 0 0.00479756 0.0831349 0.2213 
5.147e+17 0.221225 0.319513 0.0047061 0 0 0 0 0 0 0 0 0.00481098 0.0831217 0.22133 
5.118e+17 0.221162 0.319503 0.00468943 0 0 0 0 0 0 0 0 0.00485234 0.0831567 0.221325 
5.089e+17 0.221055 0.319513 0.00467233 0 0 0 0 0 0 0 0 0.00491048 0.0832281 0.221293 
5.06e+17 0.220912 0.319542 0.00465488 0 0 0 0 0 0 0 0 0.0049794 0.0833294 0.221237 
5.031e+17 0.220741 0.319588 0.00463714 0 0 0 0 0 0 0 0 0.00505543 0.0834567 0.221159 
5.002e+17 0.220639 0.319642 0.00462186 0 0 0 0 0 0 0 0 0.00507903 0.0835439 0.221096 
4.973e+17 0.220943 0.319672 0.00461854 0 0 0 0 0 0 0 0 0.00484565 0.0833687 0.22117 
4.944e+17 0.220973 0.319736 0.00460793 0 0 0 0 0 0 0 0 0.00477402 0.0833782 0.221139 
4.915e+17 0.22101 0.319616 0.00458493 0 0 0 0 0 0 0 0 0.00482393 0.0833008 0.221249 
4.886e+17 0.221009 0.319476 0.00455886 0 0 0 0 0 0 0 0 0.00491315 0.083239 0.221363 
4.857e+17 0.220936 0.319417 0.00453536 0 0 0 0 0 0 0 0 0.004995 0.0832575 0.221395 
4.828e+17 0.220816 0.319401 0.00451272 0 0 0 0 0 0 0 0 0.00507753 0.0833241 0.221381 
4.799e+17 0.220662 0.319416 0.00449043 0 0 0 0 0 0 0 0 0.0051617 0.0834271 0.221333 
4.77e+17 0.221005 0.319363 0.00448338 0 0 0 0 0 0 0 0 0.00495956 0.0831913 0.221481 
4.741e+17 0.221063 0.319374 0.0044692 0 0 0 0 0 0 0 0 0.0049043 0.0831605 0.221498 
4.712e+17 0.221026 0.319413 0.00445316 0 0 0 0 0 0 0 0 0.0048934 0.0832009 0.221467 
4.683e+17 0.220931 0.319473 0.00443612 0 0 0 0 0 0 0 0 0.0049068 0.0832873 0.221402 
4.654e+17 0.220791 0.319554 0.00441843 0 0 0 0 0 0 0 0 0.00493618 0.0834095 0.221309 
4.625e+17 0.220616 0.319653 0.00440021 0 0 0 0 0 0 0 0 0.0049769 0.083562 0.221193 
4.596e+17 0.220763 0.319486 0.00437531 0 0 0 0 0 0 0 0 0.00498421 0.0833948 0.221372 
4.567e+17 0.221021 0.319337 0.00435673 0 0 0 0 0 0 0 0 0.00490451 0.0831689 0.221569 
4.538e+17 0.22107 0.319286 0.00433635 0 0 0 0 0 0 0 0 0.00489713 0.0831159 0.221631 
4.509e+17 0.221032 0.319282 0.00431552 0 0 0 0 0 0 0 0 0.0049156 0.0831381 0.221632 
4.48e+17 0.220936 0.319313 0.0042944 0 0 0 0 0 0 0 0 0.00494943 0.0832114 0.221591 
4.451e+17 0.220795 0.319371 0.00427304 0 0 0 0 0 0 0 0 0.00499377 0.0833249 0.221516 
4.422e+17 0.220773 0.319414 0.00425589 0 0 0 0 0 0 0 0 0.00496942 0.0833577 0.221486 
4.393e+17 0.221052 0.319461 0.00449116 0 0 0 0 0 0 0 0 0.00485047 0.083225 0.221412 
4.364e+17 0.221084 0.319548 0.00460745 0 0 0 0 0 0 0 0 0.00481799 0.0832545 0.221295 
4.335e+17 0.221062 0.319584 0.00466564 0 0 0 0 0 0 0 0 0.00483415 0.0832892 0.221231 
4.306e+17 0.221075 0.319462 0.00467077 0 0 0 0 0 0 0 0 0.00491468 0.0832292 0.221319 
4.277e+17 0.220993 0.319456 0.00468831 0 0 0 0 0 0 0 0 0.00498261 0.0832802 0.221288 
4.248e+17 0.221244 0.31939 0.00474387 0 0 0 0 0 0 0 0 0.00488243 0.0831011 0.221383 
4.219e+17 0.221339 0.319388 0.00478282 0 0 0 0 0 0 0 0 0.00483524 0.0830462 0.221392 
4.19e+17 0.221317 0.319434 0.00481015 0 0 0 0 0 0 0 0 0.00482864 0.083085 0.221335 
4.161e+17 0.221225 0.319515 0.00483097 0 0 0 0 0 0 0 0 0.00484238 0.0831811 0.221237 
4.132e+17 0.221082 0.319624 0.00484708 0 0 0 0 0 0 0 0 0.00486937 0.0833211 0.221104 
4.103e+17 0.221159 0.319678 0.00488073 0 0 0 0 0 0 0 0 0.00479173 0.0833012 0.22107 
4.074e+17 0.221376 0.319521 0.00488401 0 0 0 0 0 0 0 0 0.00475708 0.0830979 0.221249 
4.045e+17 0.221423 0.319455 0.00488179 0 0 0 0 0 0 0 0 0.0047699 0.0830411 0.221311 
4.016e+17 0.22137 0.319467 0.00488054 0 0 0 0 0 0 0 0 0.0047959 0.0830812 0.221286 
3.987e+17 0.221253 0.319527 0.00487842 0 0 0 0 0 0 0 0 0.00483185 0.0831826 0.221206 
3.958e+17 0.221414 0.31951 0.00489815 0 0 0 0 0 0 0 0 0.00474099 0.0830786 0.221256 
3.929e+17 0.221462 0.319547 0.00491113 0 0 0 0 0 0 0 0 0.00468615 0.0830673 0.221237 
3.9e+17 0.221395 0.319635 0.00491709 0 0 0 0 0 0 0 0 0.00467059 0.0831505 0.221149 
3.871e+17 0.221287 0.319717 0.00491437 0 0 0 0 0 0 0 0 0.00468474 0.083255 0.221057 
3.842e+17 0.221254 0.319627 0.00488612 0 0 0 0 0 0 0 0 0.00475842 0.0832346 0.221126 
3.813e+17 0.22157 0.31949 0.00489568 0 0 0 0 0 0 0 0 0.0046427 0.08298 0.221317 
3.784e+17 0.221579 0.319501 0.00489154 0 0 0 0 0 0 0 0 0.00462573 0.0829812 0.221313 
3.755e+17 0.221493 0.319568 0.00488452 0 0 0 0 0 0 0 0 0.00463201 0.0830658 0.221241 
3.726e+17 0.221343 0.319677 0.00487556 0 0 0 0 0 0 0 0 0.00465217 0.0832087 0.221119 
3.697e+17 0.221503 0.319681 0.00488694 0 0 0 0 0 0 0 0 0.00454308 0.0831134 0.221159 
3.668e+17 0.221567 0.319636 0.0048752 0 0 0 0 0 0 0 0 0.00452485 0.0830542 0.221217 
3.639e+17 0.221571 0.31958 0.00485258 0 0 0 0 0 0 0 0 0.00455137 0.0830269 0.22127 
3.61e+17 0.221467 0.319624 0.00483336 0 0 0 0 0 0 0 0 0.00458237 0.0831116 0.221216 
3.581e+17 0.221663 0.319569 0.00483497 0 0 0 0 0 0 0 0 0.00448624 0.0829677 0.221314 
3.552e+17 0.221649 0.31962 0.00482752 0 0 0 0 0 0 0 0 0.00445449 0.0830002 0.221276 
3.523e+17 0.221534 0.319728 0.00481637 0 0 0 0 0 0 0 0 0.00444976 0.083121 0.221167 
3.494e+17 0.221405 0.3198 0.00479569 0 0 0 0 0 0 0 0 0.0044766 0.0832326 0.221086 
3.465e+17 0.221733 0.319592 0.00478342 0 0 0 0 0 0 0 0 0.00439385 0.0829373 0.221344 
3.436e+17 0.221724 0.319599 0.00476548 0 0 0 0 0 0 0 0 0.00438556 0.0829467 0.221345 
3.407e+17 0.221611 0.319679 0.00474628 0 0 0 0 0 0 0 0 0.00439593 0.0830533 0.221261 
3.378e+17 0.221693 0.319692 0.00473979 0 0 0 0 0 0 0 0 0.00432605 0.0830098 0.221279 
3.349e+17 0.22168 0.319763 0.00473042 0 0 0 0 0 0 0 0 0.00427854 0.0830502 0.221228 
3.32e+17 0.221689 0.319702 0.00469986 0 0 0 0 0 0 0 0 0.00430154 0.0830168 0.221291 
3.291e+17 0.221727 0.31967 0.00467778 0 0 0 0 0 0 0 0 0.00428663 0.0829793 0.221336 
3.262e+17 0.221826 0.319647 0.00466445 0 0 0 0 0 0 0 0 0.00422805 0.0829086 0.22139 
3.233e+17 0.221742 0.319731 0.00464552 0 0 0 0 0 0 0 0 0.00421577 0.0829993 0.221312 
3.204e+17 0.221566 0.319876 0.00462453 0 0 0 0 0 0 0 0 0.00422174 0.0831724 0.221163 
3.175e+17 0.221846 0.319698 0.00460596 0 0 0 0 0 0 0 0 0.00414752 0.0829201 0.221388 
3.146e+17 0.221829 0.319697 0.00457906 0 0 0 0 0 0 0 0 0.0041467 0.0829301 0.221397 
3.117e+17 0.221748 0.319764 0.00455492 0 0 0 0 0 0 0 0 0.00414258 0.0830107 0.221335 
3.088e+17 0.221857 0.319759 0.00454268 0 0 0 0 0 0 0 0 0.00406374 0.0829417 0.221378 
3.059e+17 0.221741 0.319882 0.00452254 0 0 0 0 0 0 0 0 0.00404445 0.0830684 0.221263 
3.03e+17 0.221873 0.319744 0.00448921 0 0 0 0 0 0 0 0 0.00403724 0.0829249 0.221421 
3.001e+17 0.22194 0.319722 0.00446697 0 0 0 0 0 0 0 0 0.00399539 0.0828741 0.221469 
2.972e+17 0.221827 0.319821 0.00444123 0 0 0 0 0 0 0 0 0.00398958 0.0829884 0.221375 
2.943e+17 0.221871 0.319859 0.00442507 0 0 0 0 0 0 0 0 0.00392309 0.0829783 0.221369 
2.914e+17 0.221743 0.31954 0.00449242 0 0 0 0 0 0 0 0 0.0042715 0.0829231 0.221522 
2.885e+17 0.221469 0.319385 0.00459074 0 0 0 0 0 0 0 0 0.00461669 0.0830342 0.221495 
2.856e+17 0.221685 0.319427 0.0046728 0 0 0 0 0 0 0 0 0.00447429 0.0829274 0.221487 
2.827e+17 0.221492 0.319465 0.00471454 0 0 0 0 0 0 0 0 0.00459792 0.0830694 0.221375 
2.798e+17 0.221625 0.319289 0.00472911 0 0 0 0 0 0 0 0 0.00463893 0.0829118 0.221535 
2.769e+17 0.221567 0.319254 0.00474439 0 0 0 0 0 0 0 0 0.00471051 0.0829358 0.221533 
2.74e+17 0.221492 0.319292 0.00476089 0 0 0 0 0 0 0 0 0.00474111 0.0830033 0.221472 
2.711e+17 0.221541 0.319278 0.00477199 0 0 0 0 0 0 0 0 0.00472161 0.0829694 0.22149 
2.682e+17 0.221401 0.319193 0.00475819 0 0 0 0 0 0 0 0 0.00487184 0.0830197 0.221514 
2.653e+17 0.221558 0.319191 0.0047696 0 0 0 0 0 0 0 0 0.00476952 0.0829247 0.221558 
2.624e+17 0.221365 0.319283 0.00476694 0 0 0 0 0 0 0 0 0.00483316 0.0830872 0.221431 
2.595e+17 0.221566 0.319136 0.00475688 0 0 0 0 0 0 0 0 0.00479536 0.0828986 0.221604 
2.566e+17 0.221421 0.319163 0.00474277 0 0 0 0 0 0 0 0 0.00486796 0.083002 0.221546 
2.537e+17 0.221511 0.319209 0.00474455 0 0 0 0 0 0 0 0 0.00477206 0.0829691 0.221539 
2.508e+17 0.221418 0.319146 0.00471738 0 0 0 0 0 0 0 0 0.00486884 0.0829991 0.221569 
2.479e+17 0.221549 0.319119 0.00470891 0 0 0 0 0 0 0 0 0.00479209 0.082908 0.221632 
2.45e+17 0.221428 0.319212 0.00469479 0 0 0 0 0 0 0 0 0.00480061 0.0830255 0.221534 
2.421e+17 0.221543 0.319105 0.00467131 0 0 0 0 0 0 0 0 0.00478652 0.0829073 0.221658 
2.392e+17 0.221552 0.319123 0.00465361 0 0 0 0 0 0 0 0 0.00475848 0.0829106 0.221657 
2.363e+17 0.221446 0.319228 0.00463624 0 0 0 0 0 0 0 0 0.00474635 0.0830242 0.221556 
2.334e+17 0.22159 0.319095 0.00460706 0 0 0 0 0 0 0 0 0.0047277 0.0828759 0.221711 
2.305e+17 0.221428 0.31919 0.00458053 0 0 0 0 0 0 0 0 0.00475745 0.0830188 0.221605 
2.276e+17 0.221563 0.319124 0.00455589 0 0 0 0 0 0 0 0 0.00470015 0.0829063 0.221707 
2.247e+17 0.221601 0.319123 0.00453038 0 0 0 0 0 0 0 0 0.00466126 0.0828827 0.221732 
2.218e+17 0.221453 0.319231 0.00450183 0 0 0 0 0 0 0 0 0.00467082 0.0830228 0.221622 
2.189e+17 0.221594 0.319131 0.00446971 0 0 0 0 0 0 0 0 0.00462979 0.0828915 0.221754 
2.16e+17 0.221665 0.319229 0.00462583 0 0 0 0 0 0 0 0 0.00458068 0.0829058 0.221619 
2.131e+17 0.221726 0.31919 0.00465941 0 0 0 0 0 0 0 0 0.0045806 0.0828551 0.221648 
2.102e+17 0.221677 0.31928 0.00468765 0 0 0 0 0 0 0 0 0.00456134 0.0829304 0.221551 
2.073e+17 0.221789 0.319232 0.00469747 0 0 0 0 0 0 0 0 0.00452286 0.082843 0.221614 
2.044e+17 0.221811 0.319284 0.00470804 0 0 0 0 0 0 0 0 0.00447274 0.0828558 0.221576 
2.015e+17 0.221869 0.319257 0.00470069 0 0 0 0 0 0 0 0 0.00444809 0.0828101 0.221616 
1.986e+17 0.2217 0.319215 0.0046973 0 0 0 0 0 0 0 0 0.00459236 0.0828983 0.221595 
1.957e+17 0.22156 0.319027 0.00468049 0 0 0 0 0 0 0 0 0.00481575 0.0829026 0.221695 
1.928e+17 0.221519 0.319055 0.00467279 0 0 0 0 0 0 0 0 0.00481821 0.0829424 0.221665 
1.899e+17 0.221537 0.318938 0.00464927 0 0 0 0 0 0 0 0 0.00487861 0.0828805 0.221766 
1.87e+17 0.221518 0.31892 0.00462858 0 0 0 0 0 0 0 0 0.00489391 0.0828846 0.221784 
1.841e+17 0.2215 0.318907 0.0046045 0 0 0 0 0 0 0 0 0.00490343 0.0828914 0.221799 
1.812e+17 0.221504 0.318856 0.00457433 0 0 0 0 0 0 0 0 0.00492155 0.0828664 0.221852 
1.783e+17 0.221461 0.318902 0.00454782 0 0 0 0 0 0 0 0 0.00490519 0.0829142 0.221818 
1.754e+17 0.221464 0.318863 0.0045125 0 0 0 0 0 0 0 0 0.00491347 0.0828956 0.221864 
1.725e+17 0.221511 0.318865 0.00461394 0 0 0 0 0 0 0 0 0.00492498 0.0828777 0.221822 
1.696e+17 0.221502 0.318907 0.00465504 0 0 0 0 0 0 0 0 0.00491821 0.0829075 0.221765 
1.667e+17 0.221578 0.318924 0.00467553 0 0 0 0 0 0 0 0 0.00486121 0.0828724 0.221764 
1.638e+17 0.221631 0.318903 0.00467356 0 0 0 0 0 0 0 0 0.00483788 0.0828334 0.221795 
1.609e+17 0.221639 0.318909 0.00466245 0 0 0 0 0 0 0 0 0.0048214 0.0828332 0.221798 
1.58e+17 0.22161 0.31894 0.00464434 0 0 0 0 0 0 0 0 0.00480894 0.0828662 0.221774 
1.551e+17 0.221691 0.318947 0.00462742 0 0 0 0 0 0 0 0 0.00473917 0.0828203 0.221803 
1.522e+17 0.221653 0.319016 0.00460269 0 0 0 0 0 0 0 0 0.00470306 0.0828757 0.221753 
1.493e+17 0.221591 0.318893 0.00457314 0 0 0 0 0 0 0 0 0.00481889 0.08286 0.221837 
1.464e+17 0.221483 0.318797 0.00453785 0 0 0 0 0 0 0 0 0.00494559 0.082884 0.221891 
1.435e+17 0.22152 0.31877 0.0046247 0 0 0 0 0 0 0 0 0.00497822 0.0828592 0.221873 
1.406e+17 0.221454 0.318768 0.00465099 0 0 0 0 0 0 0 0 0.00503511 0.0829039 0.221838 
1.377e+17 0.221509 0.318738 0.00465456 0 0 0 0 0 0 0 0 0.00501927 0.0828595 0.221874 
1.348e+17 0.221547 0.318709 0.00464208 0 0 0 0 0 0 0 0 0.0050067 0.0828249 0.221912 
1.319e+17 0.221565 0.318706 0.00462079 0 0 0 0 0 0 0 0 0.00498513 0.0828141 0.22193 
1.29e+17 0.221572 0.318723 0.00459261 0 0 0 0 0 0 0 0 0.00495331 0.082818 0.221933 
1.261e+17 0.221571 0.31876 0.0045589 0 0 0 0 0 0 0 0 0.00491095 0.0828357 0.221923 
1.232e+17 0.221637 0.318763 0.00460688 0 0 0 0 0 0 0 0 0.00488355 0.0828029 0.221914 
1.203e+17 0.221551 0.318702 0.00463737 0 0 0 0 0 0 0 0 0.00499985 0.082834 0.221914 
1.174e+17 0.221528 0.318626 0.00463436 0 0 0 0 0 0 0 0 0.00506731 0.0828176 0.221961 
1.145e+17 0.221495 0.318612 0.0046149 0 0 0 0 0 0 0 0 0.00508966 0.0828331 0.22197 
1.116e+17 0.22151 0.318582 0.00458216 0 0 0 0 0 0 0 0 0.00508467 0.0828115 0.222012 
1.087e+17 0.221472 0.318603 0.00456405 0 0 0 0 0 0 0 0 0.0050853 0.0828459 0.221993 
1.058e+17 0.221521 0.318655 0.00462858 0 0 0 0 0 0 0 0 0.00504257 0.0828471 0.221935 
1.029e+17 0.221551 0.318675 0.00462146 0 0 0 0 0 0 0 0 0.00500208 0.0828397 0.221932 
