3e+18 0.612453 0 0.387547
2.9971e+18 0.61244 0 0.38756
2.9942e+18 0.612427 0 0.387573
2.9913e+18 0.612414 0 0.387586
2.9884e+18 0.6124 0 0.3876
2.9855e+18 0.612386 0 0.387614
2.9826e+18 0.612372 0 0.387628
2.9797e+18 0.612358 0 0.387642
2.9768e+18 0.612344 0 0.387656
2.9739e+18 0.61233 0 0.38767
2.971e+18 0.612316 0 0.387684
2.9681e+18 0.612301 0 0.387699
2.9652e+18 0.612286 0 0.387714
2.9623e+18 0.612271 0 0.387729
2.9594e+18 0.612256 0 0.387744
2.9565e+18 0.612241 0 0.387759
2.9536e+18 0.612226 0 0.387774
2.9507e+18 0.61221 0 0.38779
2.9478e+18 0.612195 0 0.387805
2.9449e+18 0.612179 0 0.387821
2.942e+18 0.612163 0 0.387837
2.9391e+18 0.612148 0 0.387852
2.9362e+18 0.612132 0 0.387868
2.9333e+18 0.612115 0 0.387885
2.9304e+18 0.612099 0 0.387901
2.9275e+18 0.612083 0 0.387917
2.9246e+18 0.612066 0 0.387934
2.9217e+18 0.61205 0 0.38795
2.9188e+18 0.612033 0 0.387967
2.9159e+18 0.612016 0 0.387984
2.913e+18 0.611999 0 0.388001
2.9101e+18 0.611982 0 0.388018
2.9072e+18 0.611965 0 0.388035
2.9043e+18 0.611948 0 0.388052
2.9014e+18 0.61193 0 0.38807
2.8985e+18 0.611913 0 0.388087
2.8956e+18 0.611895 0 0.388105
2.8927e+18 0.611878 0 0.388122
2.8898e+18 0.61186 0 0.38814
2.8869e+18 0.611842 0 0.388158
2.884e+18 0.611824 0 0.388176
2.8811e+18 0.611806 0 0.388194
2.8782e+18 0.611788 0 0.388212
2.8753e+18 0.61177 0 0.38823
2.8724e+18 0.611752 0 0.388248
2.8695e+18 0.611734 0 0.388266
2.8666e+18 0.611715 0 0.388285
2.8637e+18 0.611697 0 0.388303
2.8608e+18 0.611678 0 0.388322
2.8579e+18 0.61166 0 0.38834
2.855e+18 0.611641 0 0.388359
2.8521e+18 0.611622 0 0.388378
2.8492e+18 0.611604 0 0.388396
2.8463e+18 0.611585 0 0.388415
2.8434e+18 0.611566 0 0.388434
2.8405e+18 0.611547 0 0.388453
2.8376e+18 0.611528 0 0.388472
2.8347e+18 0.611509 0 0.388491
2.8318e+18 0.611489 0 0.388511
2.8289e+18 0.61147 0 0.38853
2.826e+18 0.611451 0 0.388549
2.8231e+18 0.611431 0 0.388569
2.8202e+18 0.611412 0 0.388588
2.8173e+18 0.611393 0 0.388607
2.8144e+18 0.611373 0 0.388627
2.8115e+18 0.611353 0 0.388647
2.8086e+18 0.611786 0 0.388214
2.8057e+18 0.612241 0 0.387759
2.8028e+18 0.612656 0 0.387344
2.7999e+18 0.613041 0 0.386959
2.797e+18 0.613401 0 0.386599
2.7941e+18 0.613741 0 0.386259
2.7912e+18 0.614062 0 0.385938
2.7883e+18 0.614368 0 0.385632
2.7854e+18 0.614661 0 0.385339
2.7825e+18 0.614942 0 0.385058
2.7796e+18 0.615212 0 0.384788
2.7767e+18 0.615472 0 0.384528
2.7738e+18 0.615724 0 0.384276
2.7709e+18 0.615967 0 0.384033
2.768e+18 0.616203 0 0.383797
2.7651e+18 0.616432 0 0.383568
2.7622e+18 0.616654 0 0.383346
2.7593e+18 0.616871 0 0.383129
2.7564e+18 0.617081 0 0.382919
2.7535e+18 0.617287 0 0.382713
2.7506e+18 0.617487 0 0.382513
2.7477e+18 0.617683 0 0.382317
2.7448e+18 0.617874 0 0.382126
2.7419e+18 0.61806 0 0.38194
2.739e+18 0.618243 0 0.381757
2.7361e+18 0.618422 0 0.381578
2.7332e+18 0.618597 0 0.381403
2.7303e+18 0.618768 0 0.381232
2.7274e+18 0.618988 0 0.381012
2.7245e+18 0.619253 0 0.380747
2.7216e+18 0.61949 0 0.38051
2.7187e+18 0.619711 0 0.380289
2.7158e+18 0.619919 0 0.380081
2.7129e+18 0.620119 0 0.379881
2.71e+18 0.62031 0 0.37969
2.7071e+18 0.620495 0 0.379505
2.7042e+18 0.620673 0 0.379327
2.7013e+18 0.620847 0 0.379153
2.6984e+18 0.621015 0 0.378985
2.6955e+18 0.621179 0 0.378821
2.6926e+18 0.621339 0 0.378661
2.6897e+18 0.621495 0 0.378505
2.6868e+18 0.621647 0 0.378353
2.6839e+18 0.621796 0 0.378204
2.681e+18 0.621942 0 0.378058
2.6781e+18 0.622084 0 0.377916
2.6752e+18 0.622223 0 0.377777
2.6723e+18 0.62236 0 0.37764
2.6694e+18 0.622493 0 0.377507
2.6665e+18 0.622625 0 0.377375
2.6636e+18 0.622753 0 0.377247
2.6607e+18 0.622879 0 0.377121
2.6578e+18 0.623002 0 0.376997
2.6549e+18 0.622975 0 0.377025
2.652e+18 0.622947 0 0.377053
2.6491e+18 0.622918 0 0.377082
2.6462e+18 0.622888 0 0.377112
2.6433e+18 0.622857 0 0.377143
2.6404e+18 0.622825 0 0.377175
2.6375e+18 0.622792 0 0.377208
2.6346e+18 0.622758 0 0.377242
2.6317e+18 0.622723 0 0.377277
2.6288e+18 0.622686 0 0.377314
2.6259e+18 0.622648 0 0.377352
2.623e+18 0.622608 0 0.377392
2.6201e+18 0.622567 0 0.377433
2.6172e+18 0.622523 0 0.377477
2.6143e+18 0.622477 0 0.377523
2.6114e+18 0.622429 0 0.377571
2.6085e+18 0.622378 0 0.377622
2.6056e+18 0.622322 0 0.377678
2.6027e+18 0.622262 0 0.377738
2.5998e+18 0.622195 0 0.377805
2.5969e+18 0.622118 0 0.377882
2.594e+18 0.62202 0 0.37798
2.5911e+18 0.621966 0 0.378034
2.5882e+18 0.621955 0 0.378045
2.5853e+18 0.621943 0 0.378057
2.5824e+18 0.62193 0 0.37807
2.5795e+18 0.621916 0 0.378084
2.5766e+18 0.621902 0 0.378098
2.5737e+18 0.621887 0 0.378113
2.5708e+18 0.621872 0 0.378128
2.5679e+18 0.621856 0 0.378144
2.565e+18 0.621839 0 0.378161
2.5621e+18 0.621821 0 0.378179
2.5592e+18 0.621803 0 0.378197
2.5563e+18 0.621785 0 0.378215
2.5534e+18 0.621766 0 0.378234
2.5505e+18 0.621746 0 0.378254
2.5476e+18 0.621726 0 0.378274
2.5447e+18 0.621705 0 0.378295
2.5418e+18 0.621684 0 0.378316
2.5389e+18 0.621662 0 0.378338
2.536e+18 0.62164 0 0.37836
2.5331e+18 0.621617 0 0.378383
2.5302e+18 0.621593 0 0.378407
2.5273e+18 0.62157 0 0.37843
2.5244e+18 0.621545 0 0.378455
2.5215e+18 0.621521 0 0.378479
2.5186e+18 0.621496 0 0.378504
2.5157e+18 0.62147 0 0.37853
2.5128e+18 0.621444 0 0.378556
2.5099e+18 0.621418 0 0.378582
2.507e+18 0.621391 0 0.378609
2.5041e+18 0.621363 0 0.378637
2.5012e+18 0.621336 0 0.378664
2.4983e+18 0.621308 0 0.378692
2.4954e+18 0.621279 0 0.378721
2.4925e+18 0.621251 0 0.378749
2.4896e+18 0.621222 0 0.378778
2.4867e+18 0.621192 0 0.378808
2.4838e+18 0.621162 0 0.378838
2.4809e+18 0.621132 0 0.378868
2.478e+18 0.621102 0 0.378898
2.4751e+18 0.621071 0 0.378929
2.4722e+18 0.62104 0 0.37896
2.4693e+18 0.621008 0 0.378992
2.4664e+18 0.620976 0 0.379024
2.4635e+18 0.620944 0 0.379056
2.4606e+18 0.620912 0 0.379088
2.4577e+18 0.62088 0 0.37912
2.4548e+18 0.620847 0 0.379153
2.4519e+18 0.620814 0 0.379186
2.449e+18 0.62078 0 0.37922
2.4461e+18 0.620746 0 0.379254
2.4432e+18 0.620713 0 0.379287
2.4403e+18 0.620678 0 0.379322
2.4374e+18 0.620644 0 0.379356
2.4345e+18 0.620609 0 0.379391
2.4316e+18 0.620574 0 0.379426
2.4287e+18 0.620539 0 0.379461
2.4258e+18 0.620504 0 0.379496
2.4229e+18 0.620469 0 0.379531
2.42e+18 0.620433 0 0.379567
2.4171e+18 0.620397 0 0.379603
2.4142e+18 0.620361 0 0.379639
2.4113e+18 0.620324 0 0.379676
2.4084e+18 0.620288 0 0.379712
2.4055e+18 0.620251 0 0.379749
2.4026e+18 0.620214 0 0.379786
2.3997e+18 0.620177 0 0.379823
2.3968e+18 0.62014 0 0.37986
2.3939e+18 0.620103 0 0.379897
2.391e+18 0.620065 0 0.379935
2.3881e+18 0.620028 0 0.379972
2.3852e+18 0.61999 0 0.38001
2.3823e+18 0.619952 0 0.380048
2.3794e+18 0.619914 0 0.380086
2.3765e+18 0.619876 0 0.380124
2.3736e+18 0.619837 0 0.380163
2.3707e+18 0.619799 0 0.380201
2.3678e+18 0.61976 0 0.38024
2.3649e+18 0.619721 0 0.380279
2.362e+18 0.619682 0 0.380318
2.3591e+18 0.619643 0 0.380357
2.3562e+18 0.619604 0 0.380396
2.3533e+18 0.619565 0 0.380435
2.3504e+18 0.619526 0 0.380474
2.3475e+18 0.619486 0 0.380514
2.3446e+18 0.619447 0 0.380553
2.3417e+18 0.619407 0 0.380593
2.3388e+18 0.619368 0 0.380632
2.3359e+18 0.619328 0 0.380672
2.333e+18 0.619288 0 0.380712
2.3301e+18 0.619248 0 0.380752
2.3272e+18 0.619208 0 0.380792
2.3243e+18 0.619168 0 0.380832
2.3214e+18 0.619128 0 0.380872
2.3185e+18 0.619088 0 0.380912
2.3156e+18 0.619047 0 0.380953
2.3127e+18 0.619007 0 0.380993
2.3098e+18 0.618967 0 0.381033
2.3069e+18 0.618926 0 0.381074
2.304e+18 0.618886 0 0.381114
2.3011e+18 0.618845 0 0.381155
2.2982e+18 0.618805 0 0.381195
2.2953e+18 0.618764 0 0.381236
2.2924e+18 0.618723 0 0.381277
2.2895e+18 0.618683 0 0.381317
2.2866e+18 0.618642 0 0.381358
2.2837e+18 0.618601 0 0.381399
2.2808e+18 0.61856 0 0.38144
2.2779e+18 0.618519 0 0.381481
2.275e+18 0.618479 0 0.381521
2.2721e+18 0.618438 0 0.381562
2.2692e+18 0.618628 0 0.381372
2.2663e+18 0.619032 0 0.380968
2.2634e+18 0.619377 0 0.380623
2.2605e+18 0.619681 0 0.380319
2.2576e+18 0.619956 0 0.380044
2.2547e+18 0.620208 0 0.379792
2.2518e+18 0.62044 0 0.37956
2.2489e+18 0.620657 0 0.379343
2.246e+18 0.62086 0 0.37914
2.2431e+18 0.621051 0 0.378949
2.2402e+18 0.621232 0 0.378768
2.2373e+18 0.621403 0 0.378597
2.2344e+18 0.621566 0 0.378434
2.2315e+18 0.621722 0 0.378278
2.2286e+18 0.621871 0 0.378129
2.2257e+18 0.622013 0 0.377987
2.2228e+18 0.622149 0 0.377851
2.2199e+18 0.62228 0 0.37772
2.217e+18 0.622406 0 0.377594
2.2141e+18 0.622527 0 0.377473
2.2112e+18 0.622643 0 0.377357
2.2083e+18 0.622756 0 0.377244
2.2054e+18 0.622864 0 0.377136
2.2025e+18 0.622968 0 0.377032
2.1996e+18 0.623069 0 0.376931
2.1967e+18 0.623167 0 0.376833
2.1938e+18 0.623261 0 0.376739
2.1909e+18 0.623352 0 0.376648
2.188e+18 0.62344 0 0.37656
2.1851e+18 0.623525 0 0.376475
2.1822e+18 0.623607 0 0.376393
2.1793e+18 0.623687 0 0.376313
2.1764e+18 0.623764 0 0.376236
2.1735e+18 0.623838 0 0.376162
2.1706e+18 0.623911 0 0.376089
2.1677e+18 0.623981 0 0.376019
2.1648e+18 0.624048 0 0.375952
2.1619e+18 0.624114 0 0.375886
2.159e+18 0.624177 0 0.375823
2.1561e+18 0.624239 0 0.375761
2.1532e+18 0.624298 0 0.375702
2.1503e+18 0.624356 0 0.375644
2.1474e+18 0.624411 0 0.375589
2.1445e+18 0.624465 0 0.375535
2.1416e+18 0.624517 0 0.375483
2.1387e+18 0.624568 0 0.375432
2.1358e+18 0.624616 0 0.375384
2.1329e+18 0.624663 0 0.375337
2.13e+18 0.624709 0 0.375291
2.1271e+18 0.624753 0 0.375247
2.1242e+18 0.624795 0 0.375205
2.1213e+18 0.624836 0 0.375164
2.1184e+18 0.624876 0 0.375124
2.1155e+18 0.624914 0 0.375086
2.1126e+18 0.624951 0 0.375049
2.1097e+18 0.624986 0 0.375014
2.1068e+18 0.62502 0 0.37498
2.1039e+18 0.625053 0 0.374947
2.101e+18 0.625084 0 0.374916
2.0981e+18 0.625115 0 0.374885
2.0952e+18 0.625144 0 0.374856
2.0923e+18 0.625172 0 0.374828
2.0894e+18 0.625198 0 0.374802
2.0865e+18 0.625224 0 0.374776
2.0836e+18 0.625249 0 0.374751
2.0807e+18 0.625272 0 0.374728
2.0778e+18 0.625295 0 0.374705
2.0749e+18 0.625316 0 0.374684
2.072e+18 0.625336 0 0.374664
2.0691e+18 0.625356 0 0.374644
2.0662e+18 0.625374 0 0.374626
2.0633e+18 0.625391 0 0.374609
2.0604e+18 0.625408 0 0.374592
2.0575e+18 0.625423 0 0.374577
2.0546e+18 0.625438 0 0.374562
2.0517e+18 0.625452 0 0.374548
2.0488e+18 0.625465 0 0.374535
2.0459e+18 0.625477 0 0.374523
2.043e+18 0.625488 0 0.374512
2.0401e+18 0.625498 0 0.374502
2.0372e+18 0.625508 0 0.374492
2.0343e+18 0.625517 0 0.374483
2.0314e+18 0.625525 0 0.374475
2.0285e+18 0.625532 0 0.374468
2.0256e+18 0.625539 0 0.374461
2.0227e+18 0.625544 0 0.374456
2.0198e+18 0.625549 0 0.374451
2.0169e+18 0.625554 0 0.374446
2.014e+18 0.625557 0 0.374443
2.0111e+18 0.625561 0 0.374439
2.0082e+18 0.625563 0 0.374437
2.0053e+18 0.625565 0 0.374435
2.0024e+18 0.625566 0 0.374434
1.9995e+18 0.625566 0 0.374434
1.9966e+18 0.625566 0 0.374434
1.9937e+18 0.625565 0 0.374435
1.9908e+18 0.625564 0 0.374436
1.9879e+18 0.625562 0 0.374438
1.985e+18 0.625559 0 0.374441
1.9821e+18 0.625556 0 0.374444
1.9792e+18 0.625552 0 0.374448
1.9763e+18 0.625548 0 0.374452
1.9734e+18 0.625543 0 0.374457
1.9705e+18 0.625538 0 0.374462
1.9676e+18 0.625532 0 0.374468
1.9647e+18 0.625526 0 0.374474
1.9618e+18 0.625519 0 0.374481
1.9589e+18 0.625512 0 0.374488
1.956e+18 0.625505 0 0.374495
1.9531e+18 0.625496 0 0.374504
1.9502e+18 0.625488 0 0.374512
1.9473e+18 0.625479 0 0.374521
1.9444e+18 0.625432 0 0.374568
1.9415e+18 0.625333 0 0.374667
1.9386e+18 0.625237 0 0.374763
1.9357e+18 0.625144 0 0.374856
1.9328e+18 0.625053 0 0.374947
1.9299e+18 0.624964 0 0.375036
1.927e+18 0.624878 0 0.375122
1.9241e+18 0.624793 0 0.375207
1.9212e+18 0.624709 0 0.375291
1.9183e+18 0.624627 0 0.375373
1.9154e+18 0.624546 0 0.375454
1.9125e+18 0.624467 0 0.375533
1.9096e+18 0.624389 0 0.375611
1.9067e+18 0.624311 0 0.375689
1.9038e+18 0.624235 0 0.375765
1.9009e+18 0.62416 0 0.37584
1.898e+18 0.624086 0 0.375914
1.8951e+18 0.624012 0 0.375988
1.8922e+18 0.624205 0 0.375795
1.8893e+18 0.624559 0 0.375441
1.8864e+18 0.624837 0 0.375163
1.8835e+18 0.625069 0 0.374931
1.8806e+18 0.62527 0 0.37473
1.8777e+18 0.625447 0 0.374553
1.8748e+18 0.625606 0 0.374394
1.8719e+18 0.62575 0 0.37425
1.869e+18 0.625881 0 0.374119
1.8661e+18 0.626001 0 0.373999
1.8632e+18 0.626111 0 0.373889
1.8603e+18 0.626214 0 0.373786
1.8574e+18 0.626309 0 0.373691
1.8545e+18 0.626397 0 0.373603
1.8516e+18 0.626479 0 0.373521
1.8487e+18 0.626556 0 0.373444
1.8458e+18 0.626628 0 0.373372
1.8429e+18 0.626695 0 0.373305
1.84e+18 0.626758 0 0.373242
1.8371e+18 0.626817 0 0.373183
1.8342e+18 0.626872 0 0.373128
1.8313e+18 0.626923 0 0.373077
1.8284e+18 0.626971 0 0.373029
1.8255e+18 0.627016 0 0.372984
1.8226e+18 0.627059 0 0.372941
1.8197e+18 0.627098 0 0.372902
1.8168e+18 0.627134 0 0.372866
1.8139e+18 0.627168 0 0.372832
1.811e+18 0.6272 0 0.3728
1.8081e+18 0.627229 0 0.372771
1.8052e+18 0.627256 0 0.372744
1.8023e+18 0.627281 0 0.372719
1.7994e+18 0.627304 0 0.372696
1.7965e+18 0.627325 0 0.372675
1.7936e+18 0.627344 0 0.372656
1.7907e+18 0.627361 0 0.372639
1.7878e+18 0.627377 0 0.372623
1.7849e+18 0.62739 0 0.37261
1.782e+18 0.627403 0 0.372597
1.7791e+18 0.627413 0 0.372587
1.7762e+18 0.627422 0 0.372578
1.7733e+18 0.62743 0 0.37257
1.7704e+18 0.627436 0 0.372564
1.7675e+18 0.627441 0 0.372559
1.7646e+18 0.627445 0 0.372555
1.7617e+18 0.627447 0 0.372553
1.7588e+18 0.627448 0 0.372552
1.7559e+18 0.627448 0 0.372552
1.753e+18 0.627447 0 0.372553
1.7501e+18 0.627444 0 0.372556
1.7472e+18 0.627441 0 0.372559
1.7443e+18 0.627436 0 0.372564
1.7414e+18 0.62743 0 0.37257
1.7385e+18 0.627424 0 0.372576
1.7356e+18 0.627416 0 0.372584
1.7327e+18 0.627408 0 0.372592
1.7298e+18 0.627398 0 0.372602
1.7269e+18 0.627388 0 0.372612
1.724e+18 0.627377 0 0.372623
1.7211e+18 0.627365 0 0.372635
1.7182e+18 0.627352 0 0.372648
1.7153e+18 0.627338 0 0.372662
1.7124e+18 0.627324 0 0.372676
1.7095e+18 0.627309 0 0.372691
1.7066e+18 0.627293 0 0.372707
1.7037e+18 0.627277 0 0.372723
1.7008e+18 0.627259 0 0.372741
1.6979e+18 0.627242 0 0.372758
1.695e+18 0.627223 0 0.372777
1.6921e+18 0.627204 0 0.372796
1.6892e+18 0.627184 0 0.372816
1.6863e+18 0.627164 0 0.372836
1.6834e+18 0.627143 0 0.372857
1.6805e+18 0.627121 0 0.372879
1.6776e+18 0.627099 0 0.372901
1.6747e+18 0.627077 0 0.372923
1.6718e+18 0.627054 0 0.372946
1.6689e+18 0.62703 0 0.37297
1.666e+18 0.627006 0 0.372994
1.6631e+18 0.626982 0 0.373018
1.6602e+18 0.626957 0 0.373043
1.6573e+18 0.626931 0 0.373069
1.6544e+18 0.626905 0 0.373095
1.6515e+18 0.626879 0 0.373121
1.6486e+18 0.626853 0 0.373147
1.6457e+18 0.626825 0 0.373175
1.6428e+18 0.626798 0 0.373202
1.6399e+18 0.62677 0 0.37323
1.637e+18 0.626742 0 0.373258
1.6341e+18 0.626714 0 0.373286
1.6312e+18 0.626685 0 0.373315
1.6283e+18 0.626744 0 0.373256
1.6254e+18 0.627103 0 0.372897
1.6225e+18 0.627379 0 0.372621
1.6196e+18 0.62761 0 0.37239
1.6167e+18 0.62781 0 0.37219
1.6138e+18 0.627988 0 0.372012
1.6109e+18 0.62815 0 0.37185
1.608e+18 0.628298 0 0.371702
1.6051e+18 0.628434 0 0.371566
1.6022e+18 0.62856 0 0.37144
1.5993e+18 0.628679 0 0.371321
1.5964e+18 0.628789 0 0.371211
1.5935e+18 0.628893 0 0.371107
1.5906e+18 0.628991 0 0.371009
1.5877e+18 0.629084 0 0.370916
1.5848e+18 0.629171 0 0.370829
1.5819e+18 0.629254 0 0.370746
1.579e+18 0.629332 0 0.370668
1.5761e+18 0.629407 0 0.370593
1.5732e+18 0.629478 0 0.370522
1.5703e+18 0.629545 0 0.370455
1.5674e+18 0.629609 0 0.370391
1.5645e+18 0.62967 0 0.37033
1.5616e+18 0.629728 0 0.370272
1.5587e+18 0.629783 0 0.370217
1.5558e+18 0.629835 0 0.370165
1.5529e+18 0.629885 0 0.370115
1.55e+18 0.629932 0 0.370068
1.5471e+18 0.629977 0 0.370023
1.5442e+18 0.63002 0 0.36998
1.5413e+18 0.63006 0 0.36994
1.5384e+18 0.630095 0 0.369905
1.5355e+18 0.63005 0 0.36995
1.5326e+18 0.630007 0 0.369993
1.5297e+18 0.629966 0 0.370034
1.5268e+18 0.629926 0 0.370074
1.5239e+18 0.629888 0 0.370112
1.521e+18 0.629851 0 0.370149
1.5181e+18 0.629814 0 0.370186
1.5152e+18 0.629778 0 0.370222
1.5123e+18 0.629742 0 0.370258
1.5094e+18 0.629706 0 0.370294
1.5065e+18 0.62967 0 0.37033
1.5036e+18 0.629634 0 0.370366
1.5007e+18 0.629598 0 0.370402
1.4978e+18 0.629562 0 0.370438
1.4949e+18 0.629526 0 0.370474
1.492e+18 0.629489 0 0.370511
1.4891e+18 0.629452 0 0.370548
1.4862e+18 0.629415 0 0.370585
1.4833e+18 0.629377 0 0.370623
1.4804e+18 0.629339 0 0.370661
1.4775e+18 0.629301 0 0.370699
1.4746e+18 0.629263 0 0.370737
1.4717e+18 0.629224 0 0.370776
1.4688e+18 0.629185 0 0.370815
1.4659e+18 0.629146 0 0.370854
1.463e+18 0.629106 0 0.370894
1.4601e+18 0.629066 0 0.370934
1.4572e+18 0.629025 0 0.370975
1.4543e+18 0.628985 0 0.371015
1.4514e+18 0.628944 0 0.371056
1.4485e+18 0.628903 0 0.371097
1.4456e+18 0.628861 0 0.371139
1.4427e+18 0.628819 0 0.371181
1.4398e+18 0.628777 0 0.371223
1.4369e+18 0.628735 0 0.371265
1.434e+18 0.628693 0 0.371307
1.4311e+18 0.62865 0 0.37135
1.4282e+18 0.628749 0 0.371251
1.4253e+18 0.629047 0 0.370953
1.4224e+18 0.629263 0 0.370737
1.4195e+18 0.629437 0 0.370563
1.4166e+18 0.629585 0 0.370415
1.4137e+18 0.629712 0 0.370288
1.4108e+18 0.629825 0 0.370175
1.4079e+18 0.629926 0 0.370074
1.405e+18 0.630017 0 0.369983
1.4021e+18 0.6301 0 0.3699
1.3992e+18 0.630175 0 0.369825
1.3963e+18 0.630243 0 0.369757
1.3934e+18 0.630306 0 0.369694
1.3905e+18 0.630364 0 0.369636
1.3876e+18 0.630417 0 0.369583
1.3847e+18 0.630465 0 0.369535
1.3818e+18 0.63051 0 0.36949
1.3789e+18 0.630551 0 0.369449
1.376e+18 0.630588 0 0.369412
1.3731e+18 0.630622 0 0.369378
1.3702e+18 0.630653 0 0.369347
1.3673e+18 0.630682 0 0.369318
1.3644e+18 0.630707 0 0.369293
1.3615e+18 0.630731 0 0.369269
1.3586e+18 0.630751 0 0.369249
1.3557e+18 0.63077 0 0.36923
1.3528e+18 0.630786 0 0.369214
1.3499e+18 0.630801 0 0.369199
1.347e+18 0.630813 0 0.369187
1.3441e+18 0.630823 0 0.369177
1.3412e+18 0.630832 0 0.369168
1.3383e+18 0.630839 0 0.369161
1.3354e+18 0.630844 0 0.369156
1.3325e+18 0.630848 0 0.369152
1.3296e+18 0.63085 0 0.36915
1.3267e+18 0.63085 0 0.36915
1.3238e+18 0.63085 0 0.36915
1.3209e+18 0.630847 0 0.369153
1.318e+18 0.630844 0 0.369156
1.3151e+18 0.630839 0 0.369161
1.3122e+18 0.630833 0 0.369167
1.3093e+18 0.630826 0 0.369174
1.3064e+18 0.630818 0 0.369182
1.3035e+18 0.630809 0 0.369191
1.3006e+18 0.630798 0 0.369202
1.2977e+18 0.630787 0 0.369213
1.2948e+18 0.630775 0 0.369225
1.2919e+18 0.630761 0 0.369239
1.289e+18 0.630747 0 0.369253
1.2861e+18 0.630732 0 0.369268
1.2832e+18 0.630716 0 0.369284
1.2803e+18 0.630699 0 0.369301
1.2774e+18 0.630682 0 0.369318
1.2745e+18 0.630664 0 0.369336
1.2716e+18 0.630645 0 0.369355
1.2687e+18 0.630625 0 0.369375
1.2658e+18 0.630909 0 0.369091
1.2629e+18 0.631097 0 0.368903
1.26e+18 0.631228 0 0.368772
1.2571e+18 0.631328 0 0.368672
1.2542e+18 0.631409 0 0.368591
1.2513e+18 0.631477 0 0.368523
1.2484e+18 0.631533 0 0.368467
1.2455e+18 0.631582 0 0.368418
1.2426e+18 0.631623 0 0.368377
1.2397e+18 0.631659 0 0.368341
1.2368e+18 0.631689 0 0.368311
1.2339e+18 0.631714 0 0.368286
1.231e+18 0.631736 0 0.368264
1.2281e+18 0.631753 0 0.368247
1.2252e+18 0.631768 0 0.368232
1.2223e+18 0.631779 0 0.368221
1.2194e+18 0.631787 0 0.368213
1.2165e+18 0.631793 0 0.368207
1.2136e+18 0.631796 0 0.368204
1.2107e+18 0.631797 0 0.368203
1.2078e+18 0.631795 0 0.368205
1.2049e+18 0.631792 0 0.368208
1.202e+18 0.631786 0 0.368214
1.1991e+18 0.631779 0 0.368221
1.1962e+18 0.63177 0 0.36823
1.1933e+18 0.631759 0 0.368241
1.1904e+18 0.631747 0 0.368253
1.1875e+18 0.631733 0 0.368267
1.1846e+18 0.631718 0 0.368282
1.1817e+18 0.631701 0 0.368299
1.1788e+18 0.631684 0 0.368316
1.1759e+18 0.631665 0 0.368335
1.173e+18 0.631644 0 0.368356
1.1701e+18 0.631623 0 0.368377
1.1672e+18 0.6316 0 0.3684
1.1643e+18 0.631577 0 0.368423
1.1614e+18 0.631553 0 0.368447
1.1585e+18 0.631527 0 0.368473
1.1556e+18 0.631501 0 0.368499
1.1527e+18 0.631474 0 0.368526
1.1498e+18 0.631446 0 0.368554
1.1469e+18 0.631417 0 0.368583
1.144e+18 0.63158 0 0.36842
1.1411e+18 0.631804 0 0.368196
1.1382e+18 0.631964 0 0.368036
1.1353e+18 0.632092 0 0.367908
1.1324e+18 0.6322 0 0.3678
1.1295e+18 0.632292 0 0.367708
1.1266e+18 0.632373 0 0.367627
1.1237e+18 0.632445 0 0.367555
1.1208e+18 0.632509 0 0.367491
1.1179e+18 0.632566 0 0.367434
1.115e+18 0.632617 0 0.367383
1.1121e+18 0.632664 0 0.367336
1.1092e+18 0.632705 0 0.367295
1.1063e+18 0.632742 0 0.367258
1.1034e+18 0.632775 0 0.367225
1.1005e+18 0.632805 0 0.367195
1.0976e+18 0.632832 0 0.367168
1.0947e+18 0.632855 0 0.367145
1.0918e+18 0.632875 0 0.367125
1.0889e+18 0.632893 0 0.367107
1.086e+18 0.632909 0 0.367091
1.0831e+18 0.632921 0 0.367079
1.0802e+18 0.632911 0 0.367089
1.0773e+18 0.632853 0 0.367147
1.0744e+18 0.632803 0 0.367197
1.0715e+18 0.632756 0 0.367244
1.0686e+18 0.632712 0 0.367288
1.0657e+18 0.632669 0 0.367331
1.0628e+18 0.632627 0 0.367373
1.0599e+18 0.632586 0 0.367414
1.057e+18 0.632545 0 0.367455
1.0541e+18 0.632503 0 0.367497
1.0512e+18 0.632462 0 0.367538
1.0483e+18 0.63242 0 0.36758
1.0454e+18 0.632378 0 0.367622
1.0425e+18 0.632336 0 0.367664
1.0396e+18 0.63259 0 0.36741
1.0367e+18 0.632744 0 0.367256
1.0338e+18 0.632855 0 0.367145
1.0309e+18 0.632943 0 0.367057
1.028e+18 0.633014 0 0.366986
1.0251e+18 0.633074 0 0.366926
1.0222e+18 0.633124 0 0.366876
1.0193e+18 0.633166 0 0.366834
1.0164e+18 0.633202 0 0.366798
1.0135e+18 0.633232 0 0.366768
1.0106e+18 0.633257 0 0.366743
1.0077e+18 0.633278 0 0.366722
1.0048e+18 0.633295 0 0.366705
1.0019e+18 0.633308 0 0.366692
9.99e+17 0.633318 0 0.366682
9.961e+17 0.633325 0 0.366675
9.932e+17 0.63333 0 0.36667
9.903e+17 0.633331 0 0.366669
9.874e+17 0.63333 0 0.36667
9.845e+17 0.633327 0 0.366673
9.816e+17 0.633322 0 0.366678
9.787e+17 0.633315 0 0.366685
9.758e+17 0.633305 0 0.366695
9.729e+17 0.633294 0 0.366706
9.7e+17 0.633282 0 0.366718
9.671e+17 0.633268 0 0.366732
9.642e+17 0.633252 0 0.366748
9.613e+17 0.633235 0 0.366765
9.584e+17 0.633216 0 0.366784
9.555e+17 0.633196 0 0.366804
9.526e+17 0.633426 0 0.366574
9.497e+17 0.633587 0 0.366413
9.468e+17 0.633705 0 0.366295
9.439e+17 0.633801 0 0.366199
9.41e+17 0.633875 0 0.366125
9.381e+17 0.633888 0 0.366112
9.352e+17 0.633901 0 0.366099
9.323e+17 0.63391 0 0.36609
9.294e+17 0.633917 0 0.366083
9.265e+17 0.63392 0 0.36608
9.236e+17 0.633919 0 0.366081
9.207e+17 0.633916 0 0.366084
9.178e+17 0.63391 0 0.36609
9.149e+17 0.633902 0 0.366098
9.12e+17 0.633891 0 0.366109
9.091e+17 0.633878 0 0.366122
9.062e+17 0.633862 0 0.366138
9.033e+17 0.633845 0 0.366155
9.004e+17 0.633826 0 0.366174
8.975e+17 0.633805 0 0.366195
8.946e+17 0.633783 0 0.366217
8.917e+17 0.633901 0 0.366099
8.888e+17 0.633976 0 0.366024
8.859e+17 0.634026 0 0.365974
8.83e+17 0.634222 0 0.365778
8.801e+17 0.634544 0 0.365456
8.772e+17 0.634745 0 0.365255
8.743e+17 0.634898 0 0.365102
8.714e+17 0.635023 0 0.364977
8.685e+17 0.635128 0 0.364872
8.656e+17 0.635219 0 0.364781
8.627e+17 0.635297 0 0.364703
8.598e+17 0.635366 0 0.364634
8.569e+17 0.635427 0 0.364573
8.54e+17 0.635481 0 0.364519
8.511e+17 0.635528 0 0.364472
8.482e+17 0.635569 0 0.364431
8.453e+17 0.635606 0 0.364394
8.424e+17 0.635637 0 0.364363
8.395e+17 0.635665 0 0.364335
8.366e+17 0.635689 0 0.364311
8.337e+17 0.635709 0 0.364291
8.308e+17 0.635725 0 0.364275
8.279e+17 0.635658 0 0.364342
8.25e+17 0.635599 0 0.364401
8.221e+17 0.635549 0 0.364451
8.192e+17 0.635777 0 0.364223
8.163e+17 0.635904 0 0.364096
8.134e+17 0.635992 0 0.364008
8.105e+17 0.63606 0 0.36394
8.076e+17 0.636113 0 0.363887
8.047e+17 0.636157 0 0.363843
8.018e+17 0.636192 0 0.363808
7.989e+17 0.636221 0 0.363779
7.96e+17 0.636244 0 0.363756
7.931e+17 0.636262 0 0.363738
7.902e+17 0.636275 0 0.363725
7.873e+17 0.636285 0 0.363715
7.844e+17 0.636291 0 0.363709
7.815e+17 0.636293 0 0.363707
7.786e+17 0.636293 0 0.363707
7.757e+17 0.636289 0 0.363711
7.728e+17 0.636284 0 0.363716
7.699e+17 0.636275 0 0.363725
7.67e+17 0.636385 0 0.363615
7.641e+17 0.636565 0 0.363435
7.612e+17 0.63668 0 0.36332
7.583e+17 0.636768 0 0.363232
7.554e+17 0.636839 0 0.363161
7.525e+17 0.636897 0 0.363103
7.496e+17 0.636947 0 0.363053
7.467e+17 0.636988 0 0.363012
7.438e+17 0.636988 0 0.363012
7.409e+17 0.636956 0 0.363044
7.38e+17 0.636932 0 0.363068
7.351e+17 0.63691 0 0.36309
7.322e+17 0.636889 0 0.363111
7.293e+17 0.636866 0 0.363134
7.264e+17 0.636842 0 0.363158
7.235e+17 0.636817 0 0.363183
7.206e+17 0.636818 0 0.363182
7.177e+17 0.637009 0 0.362991
7.148e+17 0.637106 0 0.362894
7.119e+17 0.637174 0 0.362826
7.09e+17 0.637224 0 0.362776
7.061e+17 0.637263 0 0.362737
7.032e+17 0.637292 0 0.362708
7.003e+17 0.637315 0 0.362685
6.974e+17 0.637331 0 0.362669
6.945e+17 0.637343 0 0.362657
6.916e+17 0.637349 0 0.362651
6.887e+17 0.637352 0 0.362648
6.858e+17 0.637351 0 0.362649
6.829e+17 0.637346 0 0.362654
6.8e+17 0.637338 0 0.362662
6.771e+17 0.637431 0 0.362569
6.742e+17 0.637558 0 0.362442
6.713e+17 0.637599 0 0.362401
6.684e+17 0.637626 0 0.362374
6.655e+17 0.637644 0 0.362356
6.626e+17 0.637655 0 0.362345
6.597e+17 0.637659 0 0.362341
6.568e+17 0.637658 0 0.362342
6.539e+17 0.637653 0 0.362347
6.51e+17 0.637644 0 0.362356
6.481e+17 0.637632 0 0.362368
6.452e+17 0.637616 0 0.362384
6.423e+17 0.637597 0 0.362403
6.394e+17 0.637728 0 0.362272
6.365e+17 0.637829 0 0.362171
6.336e+17 0.637892 0 0.362108
6.307e+17 0.637938 0 0.362062
6.278e+17 0.637971 0 0.362029
6.249e+17 0.637996 0 0.362004
6.22e+17 0.638013 0 0.361987
6.191e+17 0.638024 0 0.361976
6.162e+17 0.637997 0 0.362003
6.133e+17 0.637954 0 0.362046
6.104e+17 0.637917 0 0.362083
6.075e+17 0.637905 0 0.362095
6.046e+17 0.638044 0 0.361956
6.017e+17 0.638104 0 0.361896
5.988e+17 0.63814 0 0.36186
5.959e+17 0.638163 0 0.361837
5.93e+17 0.638176 0 0.361824
5.901e+17 0.638182 0 0.361818
5.872e+17 0.638181 0 0.361819
5.843e+17 0.638176 0 0.361824
5.814e+17 0.638166 0 0.361834
5.785e+17 0.637599 0 0.362401
5.756e+17 0.63826 0 0.36174
5.727e+17 0.63835 0 0.36165
5.698e+17 0.638406 0 0.361594
5.669e+17 0.638401 0 0.361599
5.64e+17 0.638394 0 0.361606
5.611e+17 0.637532 0 0.362468
5.582e+17 0.637027 0 0.362973
5.553e+17 0.636648 0 0.363352
5.524e+17 0.636321 0 0.363679
5.495e+17 0.636025 0 0.363975
5.466e+17 0.636543 0 0.363457
5.437e+17 0.636785 0 0.363215
5.408e+17 0.636831 0 0.363169
5.379e+17 0.636782 0 0.363218
5.35e+17 0.636677 0 0.363323
5.321e+17 0.63654 0 0.36346
5.292e+17 0.636384 0 0.363616
5.263e+17 0.636007 0 0.363993
5.234e+17 0.63568 0 0.36432
5.205e+17 0.636137 0 0.363863
5.176e+17 0.636197 0 0.363803
5.147e+17 0.636162 0 0.363838
5.118e+17 0.636077 0 0.363923
5.089e+17 0.635963 0 0.364037
5.06e+17 0.635829 0 0.364171
5.031e+17 0.635681 0 0.364319
5.002e+17 0.635625 0 0.364375
4.973e+17 0.636018 0 0.363982
4.944e+17 0.636128 0 0.363872
4.915e+17 0.636031 0 0.363969
4.886e+17 0.635865 0 0.364135
4.857e+17 0.635709 0 0.364291
4.828e+17 0.63555 0 0.36445
4.799e+17 0.635386 0 0.364614
4.77e+17 0.635727 0 0.364273
4.741e+17 0.635808 0 0.364192
4.712e+17 0.635811 0 0.364189
4.683e+17 0.63577 0 0.36423
4.654e+17 0.6357 0 0.3643
4.625e+17 0.63561 0 0.36439
4.596e+17 0.635587 0 0.364413
4.567e+17 0.635715 0 0.364285
4.538e+17 0.635713 0 0.364287
4.509e+17 0.635664 0 0.364336
4.48e+17 0.635586 0 0.364414
4.451e+17 0.635489 0 0.364511
4.422e+17 0.635514 0 0.364486
4.393e+17 0.635898 0 0.364102
4.364e+17 0.636039 0 0.363961
4.335e+17 0.636054 0 0.363946
4.306e+17 0.635926 0 0.364074
4.277e+17 0.635823 0 0.364177
4.248e+17 0.63604 0 0.36396
4.219e+17 0.636149 0 0.363851
4.19e+17 0.636178 0 0.363822
4.161e+17 0.636165 0 0.363835
4.132e+17 0.636124 0 0.363876
4.103e+17 0.636279 0 0.363721
4.074e+17 0.636349 0 0.363651
4.045e+17 0.636327 0 0.363673
4.016e+17 0.636279 0 0.363721
3.987e+17 0.636211 0 0.363789
3.958e+17 0.636381 0 0.363619
3.929e+17 0.636481 0 0.363519
3.9e+17 0.636506 0 0.363494
3.871e+17 0.636475 0 0.363525
3.842e+17 0.63633 0 0.36367
3.813e+17 0.636541 0 0.363459
3.784e+17 0.636564 0 0.363436
3.755e+17 0.636543 0 0.363457
3.726e+17 0.636494 0 0.363506
3.697e+17 0.636687 0 0.363313
3.668e+17 0.63671 0 0.36329
3.639e+17 0.636649 0 0.363351
3.61e+17 0.636577 0 0.363423
3.581e+17 0.636743 0 0.363257
3.552e+17 0.636787 0 0.363213
3.523e+17 0.636779 0 0.363221
3.494e+17 0.636712 0 0.363288
3.465e+17 0.636853 0 0.363147
3.436e+17 0.636851 0 0.363149
3.407e+17 0.636812 0 0.363188
3.378e+17 0.636924 0 0.363076
3.349e+17 0.636992 0 0.363008
3.32e+17 0.636931 0 0.363069
3.291e+17 0.636939 0 0.363061
3.262e+17 0.637027 0 0.362973
3.233e+17 0.637027 0 0.362973
3.204e+17 0.636991 0 0.363009
3.175e+17 0.637111 0 0.362889
3.146e+17 0.63709 0 0.36291
3.117e+17 0.637072 0 0.362928
3.088e+17 0.637195 0 0.362805
3.059e+17 0.637204 0 0.362796
3.03e+17 0.637196 0 0.362804
3.001e+17 0.637249 0 0.362751
2.972e+17 0.637232 0 0.362768
2.943e+17 0.637329 0 0.362671
2.914e+17 0.636804 0 0.363196
2.885e+17 0.636299 0 0.363701
2.856e+17 0.636602 0 0.363398
2.827e+17 0.63642 0 0.36358
2.798e+17 0.63637 0 0.36363
2.769e+17 0.63626 0 0.36374
2.74e+17 0.636216 0 0.363784
2.711e+17 0.636257 0 0.363743
2.682e+17 0.635993 0 0.364007
2.653e+17 0.636174 0 0.363826
2.624e+17 0.636057 0 0.363943
2.595e+17 0.63612 0 0.36388
2.566e+17 0.635981 0 0.364019
2.537e+17 0.636141 0 0.363859
2.508e+17 0.635957 0 0.364043
2.479e+17 0.63608 0 0.36392
2.45e+17 0.636047 0 0.363953
2.421e+17 0.636057 0 0.363943
2.392e+17 0.636087 0 0.363913
2.363e+17 0.636087 0 0.363913
2.334e+17 0.636101 0 0.363899
2.305e+17 0.636022 0 0.363978
2.276e+17 0.636102 0 0.363898
2.247e+17 0.636146 0 0.363854
2.218e+17 0.636099 0 0.363901
2.189e+17 0.636147 0 0.363853
2.16e+17 0.636346 0 0.363654
2.131e+17 0.636373 0 0.363627
2.102e+17 0.63642 0 0.36358
2.073e+17 0.636494 0 0.363506
2.044e+17 0.636583 0 0.363417
2.015e+17 0.636619 0 0.363381
1.986e+17 0.63637 0 0.36363
1.957e+17 0.635984 0 0.364016
1.928e+17 0.63597 0 0.36403
1.899e+17 0.635853 0 0.364147
1.87e+17 0.635809 0 0.364191
1.841e+17 0.635772 0 0.364228
1.812e+17 0.635718 0 0.364282
1.783e+17 0.63572 0 0.36428
1.754e+17 0.635678 0 0.364322
1.725e+17 0.635736 0 0.364264
1.696e+17 0.635775 0 0.364225
1.667e+17 0.635885 0 0.364115
1.638e+17 0.635922 0 0.364078
1.609e+17 0.635939 0 0.364061
1.58e+17 0.635942 0 0.364058
1.551e+17 0.636044 0 0.363956
1.522e+17 0.63608 0 0.36392
1.493e+17 0.635864 0 0.364136
1.464e+17 0.635623 0 0.364377
1.435e+17 0.635635 0 0.364365
1.406e+17 0.635556 0 0.364444
1.377e+17 0.635585 0 0.364415
1.348e+17 0.635596 0 0.364404
1.319e+17 0.635613 0 0.364387
1.29e+17 0.635642 0 0.364358
1.261e+17 0.635683 0 0.364317
1.232e+17 0.635765 0 0.364235
1.203e+17 0.635591 0 0.364409
1.174e+17 0.635476 0 0.364524
1.145e+17 0.63542 0 0.36458
1.116e+17 0.635402 0 0.364598
1.087e+17 0.635383 0 0.364617
1.058e+17 0.635501 0 0.364499
1.029e+17 0.635561 0 0.364439
