3e+18 217.33 169.663 776.064 141.464 1419.13 145.872 0.665063 0.174173 0.160764
2.9971e+18 217.311 169.676 776.073 141.438 1419.12 145.864 0.665013 0.174163 0.160824
2.9942e+18 217.294 169.689 776.083 141.414 1419.11 145.857 0.664965 0.174154 0.160881
2.9913e+18 217.277 169.702 776.092 141.391 1419.1 145.851 0.66492 0.174146 0.160934
2.9884e+18 217.261 169.715 776.101 141.369 1419.09 145.848 0.664876 0.17414 0.160984
2.9855e+18 217.245 169.728 776.11 141.349 1419.08 145.845 0.664835 0.174135 0.161031
2.9826e+18 217.229 169.741 776.119 141.329 1419.07 145.844 0.664795 0.17413 0.161075
2.9797e+18 217.215 169.754 776.128 141.31 1419.06 145.844 0.664757 0.174127 0.161116
2.9768e+18 217.2 169.767 776.137 141.293 1419.05 145.846 0.66472 0.174124 0.161156
2.9739e+18 217.186 169.78 776.146 141.276 1419.05 145.848 0.664685 0.174123 0.161193
2.971e+18 217.172 169.793 776.155 141.26 1419.04 145.85 0.664651 0.174122 0.161228
2.9681e+18 217.159 169.806 776.164 141.244 1419.03 145.854 0.664618 0.174121 0.161261
2.9652e+18 217.146 169.819 776.173 141.23 1419.03 145.858 0.664586 0.174122 0.161292
2.9623e+18 217.133 169.832 776.182 141.216 1419.02 145.864 0.664556 0.174123 0.161322
2.9594e+18 217.121 169.844 776.191 141.202 1419.02 145.869 0.664526 0.174124 0.16135
2.9565e+18 217.109 169.857 776.2 141.189 1419.01 145.876 0.664498 0.174126 0.161376
2.9536e+18 217.097 169.87 776.209 141.177 1419.01 145.882 0.66447 0.174129 0.161401
2.9507e+18 217.085 169.883 776.218 141.165 1419 145.89 0.664443 0.174132 0.161424
2.9478e+18 217.074 169.895 776.227 141.154 1419 145.898 0.664418 0.174136 0.161446
2.9449e+18 217.063 169.908 776.236 141.143 1419 145.906 0.664393 0.17414 0.161467
2.942e+18 217.052 169.921 776.245 141.132 1419 145.915 0.664368 0.174145 0.161487
2.9391e+18 217.041 169.934 776.254 141.123 1418.99 145.924 0.664345 0.17415 0.161505
2.9362e+18 217.031 169.946 776.262 141.113 1418.99 145.933 0.664322 0.174156 0.161522
2.9333e+18 217.02 169.959 776.271 141.104 1418.99 145.943 0.6643 0.174162 0.161538
2.9304e+18 217.01 169.972 776.28 141.095 1418.99 145.953 0.664279 0.174168 0.161553
2.9275e+18 217 169.984 776.289 141.087 1418.99 145.964 0.664258 0.174175 0.161567
2.9246e+18 216.991 169.997 776.298 141.079 1418.98 145.974 0.664238 0.174183 0.161579
2.9217e+18 216.981 170.01 776.307 141.071 1418.98 145.986 0.664219 0.17419 0.161591
2.9188e+18 216.972 170.022 776.316 141.064 1418.98 145.997 0.6642 0.174198 0.161602
2.9159e+18 216.963 170.035 776.325 141.057 1418.98 146.009 0.664182 0.174207 0.161612
2.913e+18 216.954 170.048 776.333 141.05 1418.98 146.021 0.664164 0.174216 0.16162
2.9101e+18 216.945 170.06 776.342 141.044 1418.98 146.033 0.664147 0.174225 0.161628
2.9072e+18 216.936 170.073 776.351 141.038 1418.98 146.045 0.66413 0.174234 0.161635
2.9043e+18 216.928 170.085 776.36 141.032 1418.98 146.058 0.664114 0.174244 0.161642
2.9014e+18 216.919 170.098 776.369 141.027 1418.98 146.07 0.664098 0.174255 0.161647
2.8985e+18 216.911 170.111 776.377 141.022 1418.98 146.083 0.664083 0.174265 0.161651
2.8956e+18 216.903 170.123 776.386 141.017 1418.98 146.097 0.664069 0.174276 0.161655
2.8927e+18 216.895 170.136 776.395 141.013 1418.99 146.11 0.664055 0.174287 0.161658
2.8898e+18 216.887 170.148 776.404 141.008 1418.99 146.124 0.664041 0.174299 0.16166
2.8869e+18 216.879 170.161 776.413 141.004 1418.99 146.137 0.664028 0.17431 0.161662
2.884e+18 216.872 170.173 776.421 141.001 1418.99 146.151 0.664015 0.174323 0.161662
2.8811e+18 216.864 170.186 776.43 140.997 1418.99 146.165 0.664003 0.174335 0.161662
2.8782e+18 216.857 170.199 776.439 140.994 1418.99 146.18 0.663991 0.174348 0.161661
2.8753e+18 216.85 170.211 776.448 140.991 1419 146.194 0.66398 0.174361 0.16166
2.8724e+18 216.843 170.224 776.457 140.988 1419 146.209 0.663969 0.174374 0.161658
2.8695e+18 216.836 170.236 776.465 140.985 1419 146.223 0.663958 0.174387 0.161655
2.8666e+18 216.829 170.249 776.474 140.983 1419 146.238 0.663948 0.174401 0.161651
2.8637e+18 216.822 170.261 776.483 140.981 1419.01 146.253 0.663938 0.174415 0.161647
2.8608e+18 216.816 170.274 776.492 140.979 1419.01 146.268 0.663928 0.17443 0.161642
2.8579e+18 216.809 170.286 776.5 140.978 1419.01 146.283 0.663919 0.174444 0.161636
2.855e+18 216.803 170.299 776.509 140.976 1419.02 146.299 0.663911 0.174459 0.16163
2.8521e+18 216.796 170.311 776.518 140.975 1419.02 146.314 0.663902 0.174474 0.161623
2.8492e+18 216.79 170.324 776.527 140.974 1419.02 146.329 0.663894 0.17449 0.161616
2.8463e+18 216.784 170.336 776.535 140.973 1419.03 146.345 0.663887 0.174505 0.161608
2.8434e+18 216.778 170.349 776.544 140.972 1419.03 146.361 0.66388 0.174521 0.161599
2.8405e+18 216.772 170.361 776.553 140.972 1419.04 146.377 0.663873 0.174537 0.16159
2.8376e+18 216.766 170.374 776.562 140.972 1419.04 146.393 0.663866 0.174554 0.16158
2.8347e+18 216.761 170.386 776.57 140.972 1419.04 146.409 0.66386 0.17457 0.16157
2.8318e+18 216.755 170.399 776.579 140.972 1419.05 146.425 0.663854 0.174587 0.161559
2.8289e+18 216.75 170.411 776.588 140.972 1419.05 146.441 0.663849 0.174604 0.161547
2.826e+18 216.744 170.424 776.597 140.973 1419.06 146.457 0.663843 0.174621 0.161535
2.8231e+18 216.739 170.436 776.605 140.974 1419.06 146.474 0.663839 0.174639 0.161523
2.8202e+18 216.734 170.449 776.614 140.975 1419.07 146.49 0.663834 0.174657 0.161509
2.8173e+18 216.729 170.461 776.623 140.976 1419.07 146.507 0.66383 0.174675 0.161496
2.8144e+18 216.724 170.474 776.632 140.977 1419.08 146.523 0.663826 0.174693 0.161481
2.8115e+18 216.719 170.486 776.64 140.978 1419.08 146.54 0.663822 0.174711 0.161466
2.8086e+18 216.714 170.499 776.649 140.98 1419.09 146.557 0.663819 0.17473 0.161451
2.8057e+18 216.709 170.511 776.658 140.982 1419.1 146.573 0.663816 0.174749 0.161435
2.8028e+18 216.704 170.524 776.667 140.984 1419.1 146.59 0.663813 0.174768 0.161419
2.7999e+18 216.7 170.536 776.675 140.986 1419.11 146.607 0.663811 0.174787 0.161402
2.797e+18 216.695 170.549 776.684 140.988 1419.11 146.624 0.663809 0.174807 0.161385
2.7941e+18 216.691 170.561 776.693 140.991 1419.12 146.641 0.663807 0.174826 0.161367
2.7912e+18 216.686 170.574 776.702 140.994 1419.13 146.659 0.663805 0.174846 0.161348
2.7883e+18 216.682 170.586 776.711 140.996 1419.13 146.676 0.663804 0.174867 0.16133
2.7854e+18 216.678 170.599 776.719 140.999 1419.14 146.693 0.663803 0.174887 0.16131
2.7825e+18 216.674 170.612 776.728 141.002 1419.15 146.711 0.663802 0.174907 0.16129
2.7796e+18 216.67 170.624 776.737 141.006 1419.15 146.728 0.663802 0.174928 0.16127
2.7767e+18 216.666 170.637 776.746 141.009 1419.16 146.745 0.663802 0.174949 0.161249
2.7738e+18 216.662 170.649 776.754 141.013 1419.17 146.763 0.663802 0.17497 0.161228
2.7709e+18 216.658 170.662 776.763 141.017 1419.17 146.78 0.663802 0.174992 0.161206
2.768e+18 216.654 170.674 776.772 141.021 1419.18 146.798 0.663803 0.175013 0.161184
2.7651e+18 216.651 170.687 776.781 141.025 1419.19 146.816 0.663804 0.175035 0.161161
2.7622e+18 216.647 170.699 776.79 141.029 1419.2 146.833 0.663805 0.175057 0.161138
2.7593e+18 216.644 170.712 776.798 141.033 1419.2 146.851 0.663807 0.175079 0.161114
2.7564e+18 216.64 170.724 776.807 141.038 1419.21 146.869 0.663808 0.175101 0.16109
2.7535e+18 216.637 170.737 776.816 141.042 1419.22 146.887 0.66381 0.175124 0.161066
2.7506e+18 216.634 170.75 776.825 141.047 1419.23 146.905 0.663813 0.175146 0.161041
2.7477e+18 216.63 170.762 776.834 141.052 1419.23 146.923 0.663815 0.175169 0.161016
2.7448e+18 216.627 170.775 776.842 141.057 1419.24 146.941 0.663818 0.175192 0.16099
2.7419e+18 216.624 170.787 776.851 141.063 1419.25 146.959 0.663821 0.175216 0.160963
2.739e+18 216.621 170.8 776.86 141.068 1419.26 146.977 0.663824 0.175239 0.160937
2.7361e+18 216.618 170.813 776.869 141.074 1419.27 146.995 0.663828 0.175263 0.16091
2.7332e+18 216.615 170.825 776.878 141.079 1419.28 147.013 0.663831 0.175287 0.160882
2.7303e+18 216.613 170.838 776.886 141.085 1419.28 147.031 0.663835 0.175311 0.160854
2.7274e+18 216.61 170.85 776.895 141.091 1419.29 147.049 0.66384 0.175335 0.160826
2.7245e+18 216.607 170.863 776.904 141.097 1419.3 147.068 0.663844 0.175359 0.160797
2.7216e+18 216.604 170.876 776.913 141.104 1419.31 147.086 0.663849 0.175384 0.160767
2.7187e+18 216.602 170.888 776.922 141.11 1419.32 147.104 0.663854 0.175408 0.160738
2.7158e+18 216.599 170.901 776.931 141.117 1419.33 147.123 0.663859 0.175433 0.160708
2.7129e+18 216.597 170.914 776.94 141.123 1419.34 147.141 0.663865 0.175458 0.160677
2.71e+18 216.595 170.926 776.948 141.13 1419.35 147.16 0.66387 0.175484 0.160646
2.7071e+18 216.592 170.939 776.957 141.137 1419.36 147.178 0.663876 0.175509 0.160615
2.7042e+18 216.59 170.952 776.966 141.144 1419.37 147.197 0.663882 0.175535 0.160583
2.7013e+18 216.588 170.964 776.975 141.151 1419.38 147.215 0.663889 0.17556 0.160551
2.6984e+18 216.586 170.977 776.984 141.159 1419.39 147.234 0.663895 0.175586 0.160518
2.6955e+18 216.584 170.99 776.993 141.166 1419.4 147.252 0.663902 0.175612 0.160485
2.6926e+18 216.582 171.002 777.002 141.174 1419.41 147.271 0.663909 0.175639 0.160452
2.6897e+18 216.58 171.015 777.011 141.182 1419.42 147.29 0.663917 0.175665 0.160418
2.6868e+18 216.578 171.028 777.02 141.189 1419.43 147.308 0.663924 0.175692 0.160384
2.6839e+18 216.576 171.041 777.028 141.198 1419.44 147.327 0.663932 0.175718 0.160349
2.681e+18 216.575 171.053 777.037 141.206 1419.45 147.346 0.66394 0.175745 0.160315
2.6781e+18 216.573 171.066 777.046 141.214 1419.46 147.365 0.663948 0.175773 0.160279
2.6752e+18 216.571 171.079 777.055 141.222 1419.47 147.383 0.663957 0.1758 0.160243
2.6723e+18 216.57 171.092 777.064 141.231 1419.48 147.402 0.663965 0.175827 0.160207
2.6694e+18 216.568 171.105 777.073 141.24 1419.49 147.421 0.663974 0.175855 0.160171
2.6665e+18 216.567 171.117 777.082 141.248 1419.5 147.44 0.663983 0.175883 0.160134
2.6636e+18 216.565 171.13 777.091 141.257 1419.51 147.459 0.663993 0.175911 0.160097
2.6607e+18 216.564 171.143 777.1 141.266 1419.52 147.478 0.664002 0.175939 0.160059
2.6578e+18 216.563 171.156 777.109 141.276 1419.53 147.497 0.664012 0.175967 0.160021
2.6549e+18 216.561 171.169 777.118 141.285 1419.54 147.516 0.664022 0.175995 0.159983
2.652e+18 216.56 171.182 777.127 141.294 1419.55 147.535 0.664032 0.176024 0.159944
2.6491e+18 216.559 171.194 777.136 141.304 1419.56 147.554 0.664043 0.176053 0.159905
2.6462e+18 216.558 171.207 777.145 141.314 1419.58 147.573 0.664053 0.176082 0.159865
2.6433e+18 216.557 171.22 777.154 141.323 1419.59 147.592 0.664064 0.176111 0.159825
2.6404e+18 216.556 171.233 777.163 141.333 1419.6 147.611 0.664075 0.17614 0.159785
2.6375e+18 216.555 171.246 777.172 141.343 1419.61 147.63 0.664087 0.176169 0.159744
2.6346e+18 216.554 171.259 777.181 141.354 1419.62 147.65 0.664098 0.176199 0.159703
2.6317e+18 216.554 171.272 777.19 141.364 1419.63 147.669 0.66411 0.176228 0.159662
2.6288e+18 216.553 171.285 777.199 141.374 1419.65 147.688 0.664122 0.176258 0.15962
2.6259e+18 216.552 171.298 777.208 141.385 1419.66 147.707 0.664134 0.176288 0.159578
2.623e+18 216.551 171.311 777.218 141.396 1419.67 147.726 0.664146 0.176318 0.159535
2.6201e+18 216.551 171.324 777.227 141.406 1419.68 147.746 0.664159 0.176349 0.159493
2.6172e+18 216.55 171.337 777.236 141.417 1419.69 147.765 0.664172 0.176379 0.159449
2.6143e+18 216.55 171.35 777.245 141.428 1419.71 147.784 0.664184 0.17641 0.159406
2.6114e+18 216.549 171.363 777.254 141.44 1419.72 147.804 0.664198 0.176441 0.159362
2.6085e+18 216.549 171.376 777.263 141.451 1419.73 147.823 0.664211 0.176471 0.159318
2.6056e+18 216.549 171.389 777.272 141.462 1419.74 147.842 0.664225 0.176503 0.159273
2.6027e+18 216.548 171.402 777.281 141.474 1419.76 147.862 0.664238 0.176534 0.159228
2.5998e+18 216.548 171.415 777.291 141.486 1419.77 147.881 0.664252 0.176565 0.159182
2.5969e+18 216.548 171.428 777.3 141.497 1419.78 147.9 0.664267 0.176597 0.159137
2.594e+18 216.548 171.441 777.309 141.509 1419.8 147.92 0.664281 0.176628 0.159091
2.5911e+18 216.548 171.455 777.318 141.521 1419.81 147.939 0.664296 0.17666 0.159044
2.5882e+18 216.548 171.468 777.327 141.533 1419.82 147.959 0.66431 0.176692 0.158998
2.5853e+18 216.548 171.481 777.337 141.546 1419.83 147.978 0.664325 0.176724 0.15895
2.5824e+18 216.548 171.494 777.346 141.558 1419.85 147.998 0.664341 0.176756 0.158903
2.5795e+18 216.548 171.507 777.355 141.571 1419.86 148.017 0.664356 0.176789 0.158855
2.5766e+18 216.548 171.52 777.364 141.583 1419.87 148.037 0.664372 0.176821 0.158807
2.5737e+18 216.548 171.534 777.374 141.596 1419.89 148.056 0.664387 0.176854 0.158758
2.5708e+18 216.548 171.547 777.383 141.609 1419.9 148.076 0.664403 0.176887 0.15871
2.5679e+18 216.549 171.56 777.392 141.622 1419.92 148.096 0.66442 0.17692 0.15866
2.565e+18 216.549 171.573 777.401 141.635 1419.93 148.115 0.664436 0.176953 0.158611
2.5621e+18 216.549 171.587 777.411 141.648 1419.94 148.135 0.664453 0.176986 0.158561
2.5592e+18 216.55 171.6 777.42 141.661 1419.96 148.155 0.664469 0.17702 0.158511
2.5563e+18 216.55 171.613 777.429 141.675 1419.97 148.174 0.664486 0.177053 0.15846
2.5534e+18 216.551 171.627 777.439 141.688 1419.99 148.194 0.664504 0.177087 0.158409
2.5505e+18 216.552 171.64 777.448 141.702 1420 148.214 0.664521 0.177121 0.158358
2.5476e+18 216.552 171.653 777.457 141.716 1420.01 148.233 0.664539 0.177155 0.158306
2.5447e+18 216.553 171.667 777.467 141.73 1420.03 148.253 0.664556 0.177189 0.158254
2.5418e+18 216.553 171.68 777.476 141.744 1420.04 148.273 0.664574 0.177223 0.158202
2.5389e+18 216.554 171.694 777.486 141.758 1420.06 148.292 0.664593 0.177258 0.15815
2.536e+18 216.555 171.707 777.495 141.772 1420.07 148.312 0.664611 0.177292 0.158097
2.5331e+18 216.556 171.721 777.504 141.787 1420.09 148.332 0.664629 0.177327 0.158043
2.5302e+18 216.557 171.734 777.514 141.801 1420.1 148.352 0.664648 0.177362 0.15799
2.5273e+18 216.558 171.748 777.523 141.816 1420.12 148.372 0.664667 0.177397 0.157936
2.5244e+18 216.559 171.761 777.533 141.831 1420.13 148.391 0.664686 0.177432 0.157881
2.5215e+18 216.56 171.775 777.542 141.845 1420.15 148.411 0.664706 0.177467 0.157827
2.5186e+18 216.561 171.788 777.552 141.86 1420.16 148.431 0.664725 0.177503 0.157772
2.5157e+18 216.562 171.802 777.561 141.875 1420.18 148.451 0.664745 0.177538 0.157717
2.5128e+18 216.545 171.816 777.571 141.86 1420.17 148.541 0.664711 0.177519 0.157772
2.5099e+18 216.498 171.829 777.58 141.786 1420.11 148.572 0.664552 0.177414 0.158034
2.507e+18 216.459 171.842 777.59 141.728 1420.07 148.604 0.664428 0.177334 0.158238
2.5041e+18 216.426 171.855 777.599 141.681 1420.04 148.637 0.664323 0.177271 0.158407
2.5012e+18 216.397 171.869 777.608 141.64 1420.01 148.669 0.664231 0.177217 0.158551
2.4983e+18 216.371 171.882 777.617 141.604 1419.98 148.701 0.66415 0.177172 0.158678
2.4954e+18 216.346 171.895 777.626 141.571 1419.96 148.732 0.664076 0.177133 0.158791
2.4925e+18 216.324 171.908 777.635 141.542 1419.94 148.764 0.664009 0.177098 0.158893
2.4896e+18 216.303 171.921 777.644 141.516 1419.92 148.795 0.663947 0.177068 0.158985
2.4867e+18 216.283 171.933 777.653 141.492 1419.91 148.825 0.663889 0.177042 0.159069
2.4838e+18 216.264 171.946 777.662 141.469 1419.89 148.856 0.663835 0.177018 0.159146
2.4809e+18 216.246 171.959 777.671 141.449 1419.88 148.886 0.663785 0.176998 0.159217
2.478e+18 216.229 171.972 777.68 141.43 1419.87 148.916 0.663738 0.17698 0.159283
2.4751e+18 216.213 171.984 777.689 141.412 1419.86 148.945 0.663693 0.176963 0.159344
2.4722e+18 216.198 171.997 777.698 141.395 1419.85 148.975 0.663651 0.176949 0.1594
2.4693e+18 216.183 172.01 777.707 141.38 1419.84 149.004 0.663611 0.176937 0.159452
2.4664e+18 216.169 172.022 777.715 141.365 1419.83 149.033 0.663573 0.176926 0.159501
2.4635e+18 216.155 172.035 777.724 141.352 1419.83 149.062 0.663537 0.176917 0.159546
2.4606e+18 216.142 172.047 777.733 141.339 1419.82 149.091 0.663503 0.17691 0.159588
2.4577e+18 216.129 172.06 777.742 141.327 1419.82 149.119 0.66347 0.176903 0.159627
2.4548e+18 216.117 172.072 777.75 141.316 1419.81 149.148 0.663439 0.176898 0.159663
2.4519e+18 216.105 172.084 777.759 141.306 1419.81 149.176 0.663409 0.176894 0.159697
2.449e+18 216.093 172.097 777.768 141.296 1419.8 149.204 0.663381 0.176891 0.159728
2.4461e+18 216.082 172.109 777.776 141.287 1419.8 149.232 0.663354 0.176889 0.159757
2.4432e+18 216.071 172.122 777.785 141.279 1419.79 149.26 0.663328 0.176888 0.159783
2.4403e+18 216.061 172.134 777.794 141.271 1419.79 149.288 0.663303 0.176888 0.159808
2.4374e+18 216.051 172.146 777.802 141.264 1419.79 149.316 0.66328 0.176889 0.159831
2.4345e+18 216.041 172.159 777.811 141.257 1419.79 149.343 0.663257 0.176891 0.159851
2.4316e+18 216.031 172.171 777.82 141.251 1419.79 149.371 0.663236 0.176894 0.15987
2.4287e+18 216.022 172.183 777.828 141.245 1419.79 149.398 0.663215 0.176897 0.159887
2.4258e+18 216.013 172.195 777.837 141.24 1419.79 149.426 0.663196 0.176902 0.159903
2.4229e+18 216.004 172.208 777.845 141.235 1419.79 149.453 0.663177 0.176906 0.159917
2.42e+18 215.996 172.22 777.854 141.23 1419.79 149.48 0.663159 0.176912 0.159929
2.4171e+18 215.988 172.232 777.862 141.226 1419.79 149.507 0.663142 0.176918 0.15994
2.4142e+18 215.98 172.244 777.871 141.223 1419.79 149.534 0.663126 0.176925 0.159949
2.4113e+18 215.972 172.256 777.879 141.22 1419.79 149.561 0.66311 0.176933 0.159957
2.4084e+18 215.964 172.269 777.888 141.217 1419.79 149.588 0.663095 0.176941 0.159964
2.4055e+18 215.957 172.281 777.896 141.214 1419.79 149.615 0.663081 0.17695 0.159969
2.4026e+18 215.95 172.293 777.905 141.212 1419.79 149.642 0.663068 0.176959 0.159973
2.3997e+18 215.943 172.305 777.914 141.21 1419.79 149.668 0.663055 0.176969 0.159975
2.3968e+18 215.936 172.317 777.922 141.209 1419.8 149.695 0.663044 0.176979 0.159977
2.3939e+18 215.929 172.329 777.93 141.208 1419.8 149.722 0.663032 0.17699 0.159977
2.391e+18 215.923 172.341 777.939 141.207 1419.8 149.748 0.663022 0.177002 0.159976
2.3881e+18 215.917 172.354 777.947 141.207 1419.81 149.774 0.663012 0.177014 0.159974
2.3852e+18 215.911 172.366 777.956 141.207 1419.81 149.801 0.663002 0.177026 0.159971
2.3823e+18 215.905 172.378 777.964 141.207 1419.81 149.827 0.662993 0.177039 0.159967
2.3794e+18 215.899 172.39 777.973 141.207 1419.82 149.854 0.662985 0.177053 0.159962
2.3765e+18 215.894 172.402 777.981 141.208 1419.82 149.88 0.662977 0.177067 0.159956
2.3736e+18 215.888 172.414 777.99 141.209 1419.83 149.906 0.66297 0.177081 0.159949
2.3707e+18 215.883 172.426 777.998 141.211 1419.83 149.932 0.662964 0.177096 0.15994
2.3678e+18 215.878 172.438 778.007 141.212 1419.84 149.958 0.662957 0.177111 0.159931
2.3649e+18 215.873 172.45 778.015 141.214 1419.84 149.984 0.662952 0.177127 0.159921
2.362e+18 215.868 172.462 778.024 141.216 1419.85 150.01 0.662947 0.177143 0.15991
2.3591e+18 215.863 172.474 778.032 141.219 1419.85 150.036 0.662942 0.17716 0.159898
2.3562e+18 215.859 172.487 778.041 141.221 1419.86 150.062 0.662938 0.177176 0.159885
2.3533e+18 215.855 172.499 778.049 141.224 1419.86 150.088 0.662935 0.177194 0.159871
2.3504e+18 215.85 172.511 778.057 141.227 1419.87 150.114 0.662932 0.177212 0.159857
2.3475e+18 215.846 172.523 778.066 141.231 1419.87 150.14 0.662929 0.17723 0.159841
2.3446e+18 215.842 172.535 778.074 141.234 1419.88 150.166 0.662927 0.177248 0.159825
2.3417e+18 215.838 172.547 778.083 141.238 1419.89 150.191 0.662925 0.177267 0.159808
2.3388e+18 215.835 172.559 778.091 141.243 1419.89 150.217 0.662924 0.177286 0.15979
2.3359e+18 215.831 172.571 778.1 141.247 1419.9 150.243 0.662924 0.177306 0.159771
2.333e+18 215.828 172.583 778.108 141.252 1419.91 150.268 0.662923 0.177326 0.159751
2.3301e+18 215.824 172.595 778.117 141.256 1419.92 150.294 0.662923 0.177346 0.159731
2.3272e+18 215.821 172.607 778.125 141.261 1419.92 150.32 0.662924 0.177366 0.15971
2.3243e+18 215.82 172.62 778.134 141.286 1419.93 150.296 0.663014 0.177376 0.15961
2.3214e+18 215.82 172.632 778.142 141.321 1419.95 150.241 0.66316 0.17738 0.159461
2.3185e+18 215.82 172.644 778.151 141.352 1419.96 150.2 0.663279 0.177387 0.159334
2.3156e+18 215.82 172.656 778.159 141.38 1419.97 150.168 0.663384 0.177396 0.159221
2.3127e+18 215.819 172.668 778.167 141.405 1419.98 150.142 0.663477 0.177407 0.159116
2.3098e+18 215.819 172.68 778.176 141.429 1419.99 150.12 0.663563 0.177419 0.159017
2.3069e+18 215.818 172.692 778.184 141.452 1420 150.101 0.663643 0.177433 0.158924
2.304e+18 215.818 172.704 778.193 141.473 1420.02 150.084 0.663719 0.177447 0.158834
2.3011e+18 215.817 172.716 778.201 141.495 1420.03 150.07 0.66379 0.177462 0.158748
2.2982e+18 215.817 172.728 778.21 141.515 1420.04 150.058 0.663858 0.177478 0.158664
2.2953e+18 215.816 172.74 778.218 141.535 1420.05 150.048 0.663923 0.177495 0.158582
2.2924e+18 215.816 172.752 778.226 141.555 1420.06 150.038 0.663986 0.177512 0.158502
2.2895e+18 215.815 172.764 778.235 141.575 1420.07 150.031 0.664046 0.17753 0.158423
2.2866e+18 215.815 172.776 778.243 141.594 1420.08 150.024 0.664105 0.177549 0.158346
2.2837e+18 215.815 172.788 778.252 141.613 1420.09 150.018 0.664162 0.177568 0.158269
2.2808e+18 215.815 172.8 778.26 141.631 1420.11 150.013 0.664218 0.177588 0.158194
2.2779e+18 215.814 172.812 778.268 141.65 1420.12 150.008 0.664273 0.177608 0.158119
2.275e+18 215.814 172.824 778.277 141.669 1420.13 150.005 0.664326 0.177629 0.158045
2.2721e+18 215.814 172.836 778.285 141.687 1420.14 150.002 0.664378 0.17765 0.157972
2.2692e+18 215.814 172.848 778.293 141.705 1420.15 149.999 0.66443 0.177671 0.157899
2.2663e+18 215.815 172.86 778.302 141.723 1420.17 149.998 0.66448 0.177693 0.157827
2.2634e+18 215.815 172.872 778.31 141.742 1420.18 149.996 0.66453 0.177715 0.157755
2.2605e+18 215.815 172.884 778.319 141.76 1420.19 149.995 0.664579 0.177738 0.157683
2.2576e+18 215.815 172.896 778.327 141.778 1420.2 149.995 0.664627 0.177761 0.157612
2.2547e+18 215.798 172.908 778.336 141.776 1420.19 150.082 0.664658 0.177713 0.157629
2.2518e+18 215.781 172.92 778.344 141.775 1420.18 150.168 0.664686 0.177669 0.157645
2.2489e+18 215.767 172.932 778.352 141.775 1420.17 150.244 0.664715 0.177634 0.157651
2.246e+18 215.754 172.943 778.36 141.778 1420.16 150.313 0.664744 0.177606 0.15765
2.2431e+18 215.743 172.955 778.369 141.781 1420.16 150.378 0.664773 0.177583 0.157643
2.2402e+18 215.733 172.967 778.377 141.785 1420.16 150.439 0.664802 0.177565 0.157633
2.2373e+18 215.723 172.979 778.385 141.79 1420.15 150.497 0.664831 0.177549 0.15762
2.2344e+18 215.714 172.99 778.393 141.796 1420.15 150.553 0.664859 0.177536 0.157604
2.2315e+18 215.706 173.002 778.401 141.802 1420.15 150.607 0.664888 0.177526 0.157586
2.2286e+18 215.698 173.013 778.409 141.808 1420.15 150.66 0.664917 0.177518 0.157566
2.2257e+18 215.691 173.025 778.417 141.815 1420.15 150.711 0.664945 0.177511 0.157544
2.2228e+18 215.684 173.036 778.425 141.823 1420.16 150.761 0.664974 0.177506 0.15752
2.2199e+18 215.677 173.048 778.433 141.83 1420.16 150.809 0.665002 0.177503 0.157495
2.217e+18 215.671 173.059 778.441 141.838 1420.16 150.857 0.66503 0.177501 0.157468
2.2141e+18 215.665 173.071 778.449 141.846 1420.16 150.905 0.665059 0.177501 0.157441
2.2112e+18 215.66 173.082 778.457 141.855 1420.17 150.951 0.665087 0.177502 0.157412
2.2083e+18 215.654 173.093 778.465 141.864 1420.17 150.997 0.665115 0.177504 0.157381
2.2054e+18 215.649 173.105 778.473 141.873 1420.18 151.042 0.665143 0.177506 0.15735
2.2025e+18 215.645 173.116 778.481 141.882 1420.18 151.086 0.665172 0.17751 0.157318
2.1996e+18 215.635 173.127 778.489 141.881 1420.18 151.102 0.665162 0.177497 0.15734
2.1967e+18 215.617 173.139 778.497 141.864 1420.16 151.076 0.665101 0.177459 0.15744
2.1938e+18 215.602 173.15 778.505 141.851 1420.15 151.059 0.665052 0.177428 0.15752
2.1909e+18 215.588 173.161 778.513 141.841 1420.14 151.047 0.665011 0.177403 0.157586
2.188e+18 215.575 173.172 778.52 141.833 1420.14 151.039 0.664978 0.177381 0.157642
2.1851e+18 215.563 173.183 778.528 141.826 1420.13 151.035 0.664949 0.177362 0.15769
2.1822e+18 215.552 173.194 778.536 141.821 1420.13 151.032 0.664924 0.177345 0.157731
2.1793e+18 215.541 173.205 778.544 141.817 1420.12 151.031 0.664903 0.177331 0.157766
2.1764e+18 215.531 173.216 778.551 141.814 1420.12 151.032 0.664884 0.177319 0.157797
2.1735e+18 215.522 173.227 778.559 141.812 1420.12 151.034 0.664868 0.177309 0.157823
2.1706e+18 215.513 173.238 778.567 141.81 1420.11 151.037 0.664854 0.1773 0.157846
2.1677e+18 215.505 173.249 778.574 141.809 1420.11 151.041 0.664842 0.177293 0.157865
2.1648e+18 215.497 173.26 778.582 141.809 1420.11 151.046 0.664832 0.177287 0.157881
2.1619e+18 215.489 173.271 778.589 141.809 1420.11 151.052 0.664823 0.177283 0.157895
2.159e+18 215.482 173.281 778.597 141.81 1420.11 151.058 0.664816 0.177279 0.157905
2.1561e+18 215.475 173.292 778.605 141.812 1420.11 151.065 0.664809 0.177277 0.157914
2.1532e+18 215.468 173.303 778.612 141.813 1420.11 151.072 0.664805 0.177275 0.15792
2.1503e+18 215.462 173.314 778.62 141.816 1420.12 151.08 0.664801 0.177275 0.157924
2.1474e+18 215.455 173.324 778.627 141.818 1420.12 151.088 0.664798 0.177276 0.157926
2.1445e+18 215.449 173.335 778.635 141.822 1420.12 151.096 0.664796 0.177277 0.157926
2.1416e+18 215.444 173.346 778.642 141.825 1420.12 151.105 0.664796 0.17728 0.157925
2.1387e+18 215.438 173.356 778.65 141.829 1420.13 151.114 0.664796 0.177283 0.157921
2.1358e+18 215.433 173.367 778.657 141.833 1420.13 151.124 0.664796 0.177287 0.157916
2.1329e+18 215.428 173.378 778.664 141.838 1420.13 151.133 0.664798 0.177292 0.15791
2.13e+18 215.424 173.388 778.672 141.842 1420.14 151.143 0.6648 0.177297 0.157902
2.1271e+18 215.419 173.399 778.679 141.847 1420.14 151.153 0.664803 0.177304 0.157893
2.1242e+18 215.415 173.41 778.687 141.853 1420.15 151.164 0.664807 0.177311 0.157882
2.1213e+18 215.411 173.42 778.694 141.859 1420.15 151.174 0.664812 0.177318 0.15787
2.1184e+18 215.407 173.431 778.702 141.865 1420.15 151.185 0.664816 0.177326 0.157857
2.1155e+18 215.403 173.442 778.709 141.871 1420.16 151.196 0.664822 0.177335 0.157843
2.1126e+18 215.399 173.452 778.716 141.877 1420.17 151.207 0.664828 0.177345 0.157827
2.1097e+18 215.396 173.463 778.724 141.884 1420.17 151.218 0.664835 0.177355 0.15781
2.1068e+18 215.393 173.473 778.731 141.891 1420.18 151.23 0.664842 0.177366 0.157792
2.1039e+18 215.39 173.484 778.739 141.898 1420.18 151.241 0.66485 0.177377 0.157773
2.101e+18 215.387 173.494 778.746 141.906 1420.19 151.253 0.664858 0.177389 0.157753
2.0981e+18 215.384 173.505 778.754 141.914 1420.2 151.265 0.664867 0.177401 0.157732
2.0952e+18 215.381 173.516 778.761 141.922 1420.2 151.276 0.664876 0.177414 0.15771
2.0923e+18 215.379 173.526 778.768 141.93 1420.21 151.288 0.664886 0.177428 0.157687
2.0894e+18 215.377 173.537 778.776 141.938 1420.22 151.301 0.664896 0.177441 0.157663
2.0865e+18 215.375 173.547 778.783 141.947 1420.23 151.313 0.664907 0.177456 0.157637
2.0836e+18 215.373 173.558 778.79 141.956 1420.23 151.325 0.664918 0.177471 0.157611
2.0807e+18 215.371 173.568 778.798 141.965 1420.24 151.338 0.664929 0.177486 0.157584
2.0778e+18 215.369 173.579 778.805 141.975 1420.25 151.35 0.664941 0.177502 0.157557
2.0749e+18 215.367 173.59 778.813 141.984 1420.26 151.363 0.664953 0.177519 0.157528
2.072e+18 215.366 173.6 778.82 141.994 1420.27 151.375 0.664966 0.177536 0.157498
2.0691e+18 215.365 173.611 778.828 142.004 1420.27 151.388 0.664979 0.177553 0.157468
2.0662e+18 215.364 173.621 778.835 142.014 1420.28 151.401 0.664993 0.177571 0.157436
2.0633e+18 215.362 173.632 778.842 142.024 1420.29 151.414 0.665006 0.177589 0.157404
2.0604e+18 215.362 173.643 778.85 142.035 1420.3 151.427 0.665021 0.177608 0.157371
2.0575e+18 215.361 173.653 778.857 142.046 1420.31 151.44 0.665035 0.177627 0.157337
2.0546e+18 215.36 173.664 778.865 142.057 1420.32 151.453 0.66505 0.177647 0.157303
2.0517e+18 215.359 173.674 778.872 142.068 1420.33 151.466 0.665066 0.177667 0.157267
2.0488e+18 215.359 173.685 778.879 142.079 1420.34 151.479 0.665081 0.177687 0.157231
2.0459e+18 215.359 173.696 778.887 142.091 1420.35 151.493 0.665098 0.177708 0.157194
2.043e+18 215.358 173.706 778.894 142.103 1420.36 151.506 0.665114 0.177729 0.157157
2.0401e+18 215.358 173.717 778.902 142.115 1420.37 151.52 0.665131 0.177751 0.157118
2.0372e+18 215.358 173.728 778.909 142.127 1420.38 151.533 0.665148 0.177773 0.157079
2.0343e+18 215.359 173.738 778.917 142.139 1420.39 151.547 0.665165 0.177796 0.157039
2.0314e+18 215.359 173.749 778.924 142.152 1420.4 151.56 0.665183 0.177819 0.156998
2.0285e+18 215.359 173.76 778.932 142.165 1420.42 151.574 0.665201 0.177842 0.156957
2.0256e+18 215.36 173.77 778.939 142.177 1420.43 151.587 0.66522 0.177865 0.156915
2.0227e+18 215.36 173.781 778.947 142.191 1420.44 151.601 0.665239 0.177889 0.156872
2.0198e+18 215.361 173.792 778.954 142.204 1420.45 151.615 0.665258 0.177914 0.156828
2.0169e+18 215.362 173.802 778.962 142.217 1420.46 151.629 0.665277 0.177939 0.156784
2.014e+18 215.362 173.813 778.969 142.231 1420.47 151.643 0.665297 0.177964 0.156739
2.0111e+18 215.363 173.824 778.977 142.245 1420.49 151.657 0.665317 0.177989 0.156694
2.0082e+18 215.364 173.835 778.984 142.259 1420.5 151.671 0.665338 0.178015 0.156647
2.0053e+18 215.366 173.846 778.992 142.273 1420.51 151.685 0.665358 0.178041 0.1566
2.0024e+18 215.367 173.856 778.999 142.287 1420.52 151.699 0.665379 0.178068 0.156553
1.9995e+18 215.368 173.867 779.007 142.302 1420.54 151.713 0.665401 0.178095 0.156504
1.9966e+18 215.37 173.878 779.015 142.317 1420.55 151.727 0.665422 0.178122 0.156455
1.9937e+18 215.371 173.889 779.022 142.332 1420.56 151.741 0.665444 0.17815 0.156406
1.9908e+18 215.373 173.9 779.03 142.347 1420.58 151.755 0.665467 0.178178 0.156356
1.9879e+18 215.375 173.911 779.038 142.362 1420.59 151.769 0.665489 0.178206 0.156305
1.985e+18 215.377 173.922 779.045 142.377 1420.6 151.784 0.665512 0.178235 0.156253
1.9821e+18 215.378 173.933 779.053 142.393 1420.62 151.798 0.665535 0.178264 0.156201
1.9792e+18 215.381 173.944 779.061 142.409 1420.63 151.812 0.665559 0.178293 0.156148
1.9763e+18 215.383 173.955 779.068 142.425 1420.64 151.827 0.665582 0.178323 0.156095
1.9734e+18 215.385 173.966 779.076 142.441 1420.66 151.841 0.665606 0.178353 0.156041
1.9705e+18 215.387 173.977 779.084 142.457 1420.67 151.855 0.665631 0.178383 0.155986
1.9676e+18 215.39 173.988 779.091 142.474 1420.69 151.87 0.665655 0.178414 0.15593
1.9647e+18 215.392 173.999 779.099 142.49 1420.7 151.884 0.66568 0.178445 0.155875
1.9618e+18 215.395 174.01 779.107 142.507 1420.72 151.899 0.665706 0.178476 0.155818
1.9589e+18 215.397 174.021 779.115 142.524 1420.73 151.913 0.665731 0.178508 0.155761
1.956e+18 215.4 174.032 779.122 142.541 1420.75 151.928 0.665757 0.17854 0.155703
1.9531e+18 215.403 174.043 779.13 142.559 1420.76 151.943 0.665783 0.178572 0.155645
1.9502e+18 215.406 174.054 779.138 142.576 1420.78 151.957 0.665809 0.178605 0.155586
1.9473e+18 215.409 174.066 779.146 142.594 1420.79 151.972 0.665836 0.178638 0.155526
1.9444e+18 215.412 174.077 779.154 142.612 1420.81 151.987 0.665863 0.178671 0.155466
1.9415e+18 215.415 174.088 779.162 142.63 1420.82 152.001 0.66589 0.178705 0.155405
1.9386e+18 215.418 174.099 779.17 142.648 1420.84 152.016 0.665918 0.178739 0.155344
1.9357e+18 215.421 174.111 779.177 142.667 1420.86 152.031 0.665946 0.178773 0.155282
1.9328e+18 215.425 174.122 779.185 142.685 1420.87 152.046 0.665974 0.178807 0.155219
1.9299e+18 215.421 174.133 779.193 142.686 1420.88 152.024 0.665966 0.178827 0.155207
1.927e+18 215.405 174.145 779.201 142.661 1420.87 151.948 0.665907 0.178824 0.155269
1.9241e+18 215.393 174.156 779.209 142.643 1420.86 151.887 0.665862 0.178829 0.155309
1.9212e+18 215.383 174.167 779.217 142.63 1420.86 151.835 0.665827 0.178837 0.155336
1.9183e+18 215.375 174.179 779.225 142.62 1420.86 151.79 0.665799 0.178849 0.155352
1.9154e+18 215.367 174.19 779.233 142.613 1420.86 151.749 0.665776 0.178862 0.155362
1.9125e+18 215.361 174.201 779.241 142.608 1420.86 151.712 0.665757 0.178878 0.155365
1.9096e+18 215.355 174.213 779.249 142.605 1420.86 151.678 0.665741 0.178895 0.155364
1.9067e+18 215.337 174.224 779.257 142.582 1420.85 151.692 0.665694 0.178875 0.155431
1.9038e+18 215.302 174.235 779.264 142.53 1420.81 151.778 0.665602 0.1788 0.155598
1.9009e+18 215.274 174.246 779.272 142.49 1420.78 151.844 0.66553 0.178746 0.155725
1.898e+18 215.25 174.257 779.28 142.458 1420.76 151.9 0.66547 0.178704 0.155827
1.8951e+18 215.229 174.268 779.287 142.43 1420.74 151.95 0.665418 0.17867 0.155911
1.8922e+18 215.21 174.279 779.295 142.407 1420.72 151.995 0.665374 0.178643 0.155983
1.8893e+18 215.193 174.289 779.303 142.386 1420.71 152.036 0.665334 0.178621 0.156045
1.8864e+18 215.178 174.3 779.31 142.368 1420.7 152.075 0.665299 0.178603 0.156099
1.8835e+18 215.164 174.311 779.317 142.352 1420.69 152.112 0.665267 0.178588 0.156145
1.8806e+18 215.15 174.321 779.325 142.338 1420.68 152.147 0.665238 0.178576 0.156186
1.8777e+18 215.138 174.332 779.332 142.325 1420.67 152.181 0.665212 0.178567 0.156221
1.8748e+18 215.126 174.342 779.34 142.314 1420.67 152.214 0.665189 0.17856 0.156251
1.8719e+18 215.116 174.353 779.347 142.305 1420.66 152.246 0.665167 0.178556 0.156277
1.869e+18 215.106 174.363 779.354 142.296 1420.66 152.276 0.665148 0.178553 0.156299
1.8661e+18 215.096 174.374 779.361 142.288 1420.65 152.307 0.665131 0.178552 0.156317
1.8632e+18 215.087 174.384 779.369 142.282 1420.65 152.336 0.665115 0.178552 0.156333
1.8603e+18 215.079 174.394 779.376 142.276 1420.65 152.365 0.665101 0.178554 0.156345
1.8574e+18 215.071 174.405 779.383 142.271 1420.65 152.393 0.665088 0.178558 0.156354
1.8545e+18 215.063 174.415 779.391 142.267 1420.65 152.421 0.665077 0.178562 0.15636
1.8516e+18 215.056 174.425 779.398 142.264 1420.65 152.448 0.665067 0.178568 0.156364
1.8487e+18 215.05 174.436 779.405 142.262 1420.65 152.475 0.665059 0.178575 0.156366
1.8458e+18 215.044 174.446 779.412 142.26 1420.65 152.501 0.665051 0.178583 0.156365
1.8429e+18 215.038 174.456 779.419 142.259 1420.65 152.528 0.665045 0.178593 0.156362
1.84e+18 215.032 174.467 779.427 142.258 1420.66 152.553 0.66504 0.178603 0.156357
1.8371e+18 215.027 174.477 779.434 142.258 1420.66 152.579 0.665036 0.178614 0.15635
1.8342e+18 215.022 174.487 779.441 142.259 1420.66 152.604 0.665032 0.178626 0.156341
1.8313e+18 215.018 174.497 779.448 142.26 1420.67 152.63 0.66503 0.178639 0.156331
1.8284e+18 215.014 174.508 779.455 142.262 1420.67 152.654 0.665029 0.178653 0.156318
1.8255e+18 215.01 174.518 779.463 142.264 1420.67 152.679 0.665029 0.178667 0.156304
1.8226e+18 215.006 174.528 779.47 142.267 1420.68 152.704 0.665029 0.178683 0.156288
1.8197e+18 215.003 174.538 779.477 142.27 1420.68 152.728 0.66503 0.178699 0.156271
1.8168e+18 214.999 174.549 779.484 142.274 1420.69 152.752 0.665032 0.178716 0.156252
1.8139e+18 214.997 174.559 779.491 142.278 1420.7 152.776 0.665035 0.178734 0.156231
1.811e+18 214.994 174.569 779.498 142.282 1420.7 152.8 0.665039 0.178752 0.156209
1.8081e+18 214.991 174.579 779.506 142.287 1420.71 152.824 0.665043 0.178771 0.156185
1.8052e+18 214.989 174.59 779.513 142.293 1420.72 152.847 0.665048 0.178791 0.156161
1.8023e+18 214.987 174.6 779.52 142.299 1420.72 152.871 0.665054 0.178811 0.156134
1.7994e+18 214.986 174.61 779.527 142.305 1420.73 152.894 0.665061 0.178832 0.156107
1.7965e+18 214.984 174.621 779.534 142.312 1420.74 152.917 0.665068 0.178854 0.156078
1.7936e+18 214.983 174.631 779.542 142.319 1420.75 152.94 0.665076 0.178876 0.156048
1.7907e+18 214.982 174.641 779.549 142.326 1420.76 152.963 0.665085 0.178899 0.156016
1.7878e+18 214.981 174.652 779.556 142.334 1420.77 152.986 0.665094 0.178923 0.155983
1.7849e+18 214.98 174.662 779.563 142.342 1420.78 153.009 0.665104 0.178947 0.155949
1.782e+18 214.98 174.672 779.571 142.351 1420.79 153.032 0.665114 0.178971 0.155914
1.7791e+18 214.979 174.683 779.578 142.36 1420.8 153.055 0.665125 0.178997 0.155878
1.7762e+18 214.979 174.693 779.585 142.369 1420.81 153.077 0.665137 0.179022 0.155841
1.7733e+18 214.979 174.704 779.592 142.379 1420.82 153.1 0.665149 0.179049 0.155802
1.7704e+18 214.979 174.714 779.6 142.389 1420.83 153.122 0.665162 0.179076 0.155762
1.7675e+18 214.98 174.724 779.607 142.399 1420.84 153.144 0.665175 0.179103 0.155722
1.7646e+18 214.98 174.735 779.614 142.41 1420.85 153.167 0.665189 0.179131 0.15568
1.7617e+18 214.981 174.745 779.622 142.421 1420.86 153.189 0.665204 0.179159 0.155637
1.7588e+18 214.982 174.756 779.629 142.432 1420.87 153.211 0.665219 0.179188 0.155593
1.7559e+18 214.983 174.766 779.637 142.444 1420.88 153.233 0.665235 0.179217 0.155548
1.753e+18 214.984 174.777 779.644 142.456 1420.9 153.255 0.665251 0.179247 0.155502
1.7501e+18 214.985 174.788 779.651 142.468 1420.91 153.277 0.665268 0.179278 0.155455
1.7472e+18 214.965 174.798 779.659 142.449 1420.89 153.418 0.665227 0.179233 0.15554
1.7443e+18 214.95 174.809 779.666 142.436 1420.88 153.536 0.665199 0.179204 0.155597
1.7414e+18 214.938 174.819 779.673 142.427 1420.87 153.64 0.665178 0.179184 0.155637
1.7385e+18 214.927 174.829 779.681 142.422 1420.87 153.734 0.665162 0.179172 0.155666
1.7356e+18 214.918 174.84 779.688 142.418 1420.87 153.821 0.66515 0.179164 0.155686
1.7327e+18 214.91 174.85 779.695 142.416 1420.86 153.904 0.665142 0.179159 0.155699
1.7298e+18 214.902 174.86 779.702 142.416 1420.86 153.983 0.665135 0.179158 0.155707
1.7269e+18 214.896 174.871 779.709 142.416 1420.86 154.059 0.66513 0.17916 0.15571
1.724e+18 214.879 174.881 779.717 142.394 1420.85 154.078 0.66507 0.179131 0.155799
1.7211e+18 214.854 174.891 779.724 142.358 1420.83 154.058 0.664975 0.179084 0.155942
1.7182e+18 214.835 174.901 779.731 142.33 1420.81 154.053 0.6649 0.179049 0.15605
1.7153e+18 214.818 174.911 779.738 142.312 1420.79 154.049 0.664857 0.179021 0.156122
1.7124e+18 214.81 174.921 779.744 142.343 1420.79 153.971 0.665028 0.178978 0.155995
1.7095e+18 214.801 174.93 779.751 142.358 1420.79 153.924 0.665119 0.178946 0.155935
1.7066e+18 214.791 174.94 779.758 142.368 1420.79 153.888 0.665186 0.178921 0.155893
1.7037e+18 214.783 174.95 779.765 142.376 1420.78 153.86 0.665241 0.1789 0.155859
1.7008e+18 214.774 174.959 779.772 142.383 1420.78 153.837 0.665289 0.178883 0.155829
1.6979e+18 214.767 174.969 779.778 142.39 1420.78 153.817 0.665332 0.178869 0.1558
1.695e+18 214.76 174.978 779.785 142.397 1420.78 153.8 0.665371 0.178857 0.155771
1.6921e+18 214.753 174.988 779.791 142.404 1420.78 153.786 0.665409 0.178848 0.155743
1.6892e+18 214.747 174.997 779.798 142.411 1420.78 153.774 0.665444 0.178842 0.155714
1.6863e+18 214.741 175.007 779.805 142.418 1420.78 153.763 0.665479 0.178837 0.155684
1.6834e+18 214.736 175.016 779.811 142.426 1420.78 153.754 0.665512 0.178834 0.155654
1.6805e+18 214.731 175.025 779.818 142.434 1420.78 153.746 0.665544 0.178833 0.155623
1.6776e+18 214.727 175.034 779.824 142.442 1420.79 153.74 0.665576 0.178833 0.15559
1.6747e+18 214.723 175.044 779.831 142.45 1420.79 153.734 0.665608 0.178835 0.155557
1.6718e+18 214.719 175.053 779.837 142.459 1420.79 153.73 0.665639 0.178839 0.155523
1.6689e+18 214.716 175.062 779.843 142.468 1420.8 153.726 0.66567 0.178843 0.155487
1.666e+18 214.713 175.071 779.85 142.477 1420.8 153.723 0.6657 0.178849 0.15545
1.6631e+18 214.71 175.08 779.856 142.487 1420.81 153.721 0.665731 0.178856 0.155413
1.6602e+18 214.708 175.09 779.863 142.497 1420.81 153.719 0.665761 0.178865 0.155374
1.6573e+18 214.705 175.099 779.869 142.507 1420.82 153.718 0.665792 0.178874 0.155334
1.6544e+18 214.704 175.108 779.876 142.518 1420.83 153.717 0.665822 0.178885 0.155293
1.6515e+18 214.702 175.117 779.882 142.529 1420.83 153.717 0.665853 0.178896 0.155251
1.6486e+18 214.701 175.126 779.888 142.54 1420.84 153.718 0.665884 0.178909 0.155208
1.6457e+18 214.7 175.135 779.895 142.551 1420.85 153.719 0.665914 0.178922 0.155163
1.6428e+18 214.699 175.144 779.901 142.563 1420.86 153.72 0.665945 0.178937 0.155118
1.6399e+18 214.698 175.154 779.907 142.575 1420.87 153.722 0.665976 0.178952 0.155072
1.637e+18 214.698 175.163 779.914 142.587 1420.87 153.724 0.666007 0.178968 0.155024
1.6341e+18 214.698 175.172 779.92 142.6 1420.88 153.726 0.666039 0.178985 0.154976
1.6312e+18 214.698 175.181 779.927 142.613 1420.89 153.729 0.66607 0.179003 0.154926
1.6283e+18 214.699 175.19 779.933 142.626 1420.9 153.732 0.666102 0.179022 0.154876
1.6254e+18 214.699 175.199 779.939 142.64 1420.91 153.735 0.666134 0.179042 0.154825
1.6225e+18 214.7 175.208 779.946 142.654 1420.92 153.739 0.666166 0.179062 0.154772
1.6196e+18 214.701 175.218 779.952 142.668 1420.93 153.743 0.666198 0.179083 0.154719
1.6167e+18 214.702 175.227 779.959 142.683 1420.94 153.747 0.666231 0.179105 0.154664
1.6138e+18 214.704 175.236 779.965 142.697 1420.96 153.751 0.666264 0.179127 0.154609
1.6109e+18 214.705 175.245 779.972 142.712 1420.97 153.756 0.666297 0.179151 0.154552
1.608e+18 214.707 175.254 779.978 142.728 1420.98 153.76 0.66633 0.179175 0.154495
1.6051e+18 214.709 175.264 779.985 142.743 1420.99 153.765 0.666364 0.179199 0.154437
1.6022e+18 214.712 175.273 779.991 142.759 1421 153.771 0.666398 0.179225 0.154377
1.5993e+18 214.714 175.282 779.998 142.775 1421.02 153.776 0.666432 0.179251 0.154317
1.5964e+18 214.716 175.291 780.004 142.792 1421.03 153.781 0.666467 0.179278 0.154256
1.5935e+18 214.719 175.301 780.011 142.809 1421.04 153.787 0.666501 0.179305 0.154194
1.5906e+18 214.722 175.31 780.017 142.826 1421.06 153.793 0.666536 0.179333 0.154131
1.5877e+18 214.725 175.32 780.024 142.843 1421.07 153.799 0.666572 0.179361 0.154067
1.5848e+18 214.729 175.329 780.03 142.861 1421.08 153.805 0.666607 0.179391 0.154002
1.5819e+18 214.732 175.338 780.037 142.878 1421.1 153.811 0.666643 0.179421 0.153936
1.579e+18 214.736 175.348 780.043 142.897 1421.11 153.818 0.66668 0.179451 0.153869
1.5761e+18 214.739 175.357 780.05 142.915 1421.13 153.825 0.666716 0.179482 0.153802
1.5732e+18 214.743 175.367 780.057 142.934 1421.14 153.831 0.666753 0.179514 0.153733
1.5703e+18 214.741 175.376 780.063 142.937 1421.15 153.812 0.666761 0.179535 0.153704
1.5674e+18 214.722 175.386 780.07 142.899 1421.13 153.723 0.66669 0.179527 0.153783
1.5645e+18 214.708 175.395 780.077 142.876 1421.12 153.656 0.666646 0.17953 0.153824
1.5616e+18 214.698 175.405 780.083 142.859 1421.12 153.602 0.666616 0.179538 0.153846
1.5587e+18 214.69 175.414 780.09 142.848 1421.11 153.554 0.666594 0.17955 0.153855
1.5558e+18 214.683 175.424 780.097 142.839 1421.11 153.512 0.666579 0.179565 0.153856
1.5529e+18 214.678 175.433 780.103 142.834 1421.12 153.473 0.666569 0.179582 0.153849
1.55e+18 214.673 175.443 780.11 142.83 1421.12 153.437 0.666563 0.179601 0.153837
1.5471e+18 214.669 175.452 780.116 142.828 1421.12 153.404 0.666559 0.179621 0.15382
1.5442e+18 214.666 175.462 780.123 142.828 1421.13 153.373 0.666559 0.179643 0.153798
1.5413e+18 214.663 175.471 780.13 142.829 1421.13 153.343 0.666561 0.179666 0.153773
1.5384e+18 214.658 175.48 780.136 142.826 1421.13 153.328 0.666556 0.179679 0.153764
1.5355e+18 214.608 175.49 780.143 142.749 1421.07 153.364 0.666389 0.179543 0.154068
1.5326e+18 214.575 175.499 780.149 142.7 1421.03 153.383 0.666282 0.179463 0.154255
1.5297e+18 214.549 175.508 780.156 142.661 1421.01 153.395 0.6662 0.179405 0.154395
1.5268e+18 214.526 175.517 780.162 142.63 1420.98 153.403 0.666131 0.179359 0.15451
1.5239e+18 214.507 175.526 780.168 142.602 1420.96 153.409 0.666072 0.179322 0.154605
1.521e+18 214.489 175.534 780.174 142.579 1420.95 153.412 0.66602 0.179292 0.154687
1.5181e+18 214.473 175.543 780.18 142.558 1420.93 153.414 0.665974 0.179267 0.154758
1.5152e+18 214.459 175.551 780.186 142.539 1420.92 153.415 0.665933 0.179247 0.15482
1.5123e+18 214.446 175.56 780.192 142.522 1420.91 153.416 0.665895 0.17923 0.154874
1.5094e+18 214.433 175.568 780.198 142.508 1420.9 153.416 0.665862 0.179217 0.154922
1.5065e+18 214.422 175.577 780.204 142.494 1420.89 153.415 0.665831 0.179206 0.154963
1.5036e+18 214.412 175.585 780.21 142.483 1420.89 153.414 0.665803 0.179198 0.154999
1.5007e+18 214.402 175.593 780.215 142.472 1420.88 153.412 0.665778 0.179192 0.15503
1.4978e+18 214.394 175.602 780.221 142.463 1420.88 153.411 0.665755 0.179188 0.155057
1.4949e+18 214.385 175.61 780.227 142.454 1420.87 153.409 0.665734 0.179187 0.155079
1.492e+18 214.378 175.618 780.233 142.447 1420.87 153.407 0.665715 0.179187 0.155098
1.4891e+18 214.371 175.626 780.238 142.441 1420.87 153.405 0.665698 0.179189 0.155113
1.4862e+18 214.364 175.635 780.244 142.436 1420.87 153.403 0.665683 0.179193 0.155124
1.4833e+18 214.358 175.643 780.25 142.432 1420.87 153.4 0.66567 0.179198 0.155133
1.4804e+18 214.353 175.651 780.256 142.428 1420.87 153.398 0.665658 0.179204 0.155138
1.4775e+18 214.348 175.659 780.261 142.425 1420.87 153.395 0.665648 0.179212 0.15514
1.4746e+18 214.343 175.667 780.267 142.424 1420.87 153.393 0.665639 0.179222 0.15514
1.4717e+18 214.339 175.675 780.273 142.422 1420.87 153.39 0.665631 0.179232 0.155136
1.4688e+18 214.336 175.683 780.278 142.422 1420.88 153.388 0.665625 0.179244 0.155131
1.4659e+18 214.332 175.692 780.284 142.422 1420.88 153.385 0.66562 0.179257 0.155122
1.463e+18 214.329 175.7 780.29 142.423 1420.88 153.382 0.665617 0.179272 0.155112
1.4601e+18 214.327 175.708 780.295 142.425 1420.89 153.38 0.665614 0.179287 0.155099
1.4572e+18 214.325 175.716 780.301 142.427 1420.89 153.377 0.665613 0.179304 0.155084
1.4543e+18 214.323 175.724 780.307 142.43 1420.9 153.375 0.665613 0.179321 0.155066
1.4514e+18 214.321 175.732 780.313 142.433 1420.91 153.372 0.665614 0.17934 0.155047
1.4485e+18 214.32 175.74 780.318 142.437 1420.91 153.369 0.665616 0.179359 0.155025
1.4456e+18 214.319 175.749 780.324 142.442 1420.92 153.367 0.665619 0.17938 0.155001
1.4427e+18 214.319 175.757 780.33 142.447 1420.93 153.364 0.665623 0.179401 0.154976
1.4398e+18 214.304 175.765 780.336 142.43 1420.91 153.432 0.665589 0.179371 0.15504
1.4369e+18 214.281 175.773 780.341 142.403 1420.89 153.534 0.665537 0.179317 0.155146
1.434e+18 214.265 175.781 780.347 142.384 1420.87 153.613 0.665499 0.179282 0.155219
1.4311e+18 214.251 175.789 780.352 142.369 1420.86 153.68 0.665469 0.179257 0.155274
1.4282e+18 214.24 175.797 780.358 142.357 1420.85 153.739 0.665445 0.179239 0.155316
1.4253e+18 214.229 175.805 780.363 142.348 1420.85 153.793 0.665424 0.179226 0.15535
1.4224e+18 214.221 175.812 780.369 142.341 1420.84 153.843 0.665407 0.179217 0.155376
1.4195e+18 214.213 175.82 780.374 142.335 1420.84 153.889 0.665392 0.179211 0.155396
1.4166e+18 214.206 175.828 780.379 142.33 1420.84 153.934 0.66538 0.179208 0.155411
1.4137e+18 214.2 175.835 780.385 142.327 1420.83 153.976 0.66537 0.179208 0.155422
1.4108e+18 214.194 175.843 780.39 142.324 1420.83 154.017 0.665362 0.17921 0.155428
1.4079e+18 214.189 175.851 780.395 142.323 1420.84 154.056 0.665356 0.179214 0.15543
1.405e+18 214.185 175.858 780.401 142.322 1420.84 154.094 0.665351 0.17922 0.155429
1.4021e+18 214.181 175.866 780.406 142.323 1420.84 154.131 0.665348 0.179227 0.155425
1.3992e+18 214.178 175.873 780.411 142.324 1420.84 154.167 0.665346 0.179237 0.155418
1.3963e+18 214.175 175.881 780.417 142.326 1420.85 154.201 0.665345 0.179247 0.155407
1.3934e+18 214.173 175.889 780.422 142.329 1420.85 154.236 0.665346 0.17926 0.155394
1.3905e+18 214.15 175.896 780.427 142.286 1420.82 154.173 0.665249 0.179225 0.155526
1.3876e+18 214.133 175.904 780.433 142.257 1420.81 154.136 0.665181 0.179206 0.155614
1.3847e+18 214.12 175.911 780.438 142.234 1420.8 154.111 0.665127 0.179194 0.155678
1.3818e+18 214.109 175.918 780.443 142.217 1420.79 154.093 0.665083 0.179188 0.155728
1.3789e+18 214.1 175.926 780.448 142.202 1420.78 154.079 0.665046 0.179186 0.155768
1.376e+18 214.091 175.933 780.453 142.19 1420.78 154.069 0.665014 0.179187 0.1558
1.3731e+18 214.084 175.94 780.458 142.179 1420.77 154.06 0.664985 0.17919 0.155825
1.3702e+18 214.078 175.948 780.463 142.171 1420.77 154.053 0.66496 0.179195 0.155845
1.3673e+18 214.072 175.955 780.468 142.164 1420.77 154.048 0.664938 0.179203 0.155859
1.3644e+18 214.067 175.962 780.474 142.158 1420.77 154.044 0.664919 0.179212 0.155869
1.3615e+18 214.063 175.969 780.479 142.153 1420.77 154.04 0.664901 0.179223 0.155875
1.3586e+18 214.059 175.977 780.484 142.15 1420.78 154.038 0.664887 0.179236 0.155878
1.3557e+18 214.056 175.984 780.489 142.147 1420.78 154.036 0.664874 0.17925 0.155876
1.3528e+18 214.053 175.991 780.494 142.146 1420.78 154.034 0.664863 0.179265 0.155872
1.3499e+18 214.051 175.999 780.499 142.145 1420.79 154.033 0.664853 0.179282 0.155864
1.347e+18 214.049 176.006 780.504 142.145 1420.79 154.033 0.664846 0.179301 0.155854
1.3441e+18 214.047 176.013 780.509 142.147 1420.8 154.032 0.66484 0.17932 0.15584
1.3412e+18 214.046 176.021 780.514 142.148 1420.8 154.033 0.664835 0.179341 0.155824
1.3383e+18 214.046 176.028 780.52 142.151 1420.81 154.033 0.664832 0.179362 0.155805
1.3354e+18 214.045 176.035 780.525 142.155 1420.81 154.033 0.664831 0.179385 0.155784
1.3325e+18 214.046 176.043 780.53 142.159 1420.82 154.034 0.66483 0.179409 0.15576
1.3296e+18 214.046 176.05 780.535 142.164 1420.83 154.035 0.664831 0.179434 0.155734
1.3267e+18 214.047 176.058 780.54 142.169 1420.84 154.036 0.664834 0.17946 0.155706
1.3238e+18 214.048 176.065 780.546 142.175 1420.85 154.038 0.664837 0.179488 0.155675
1.3209e+18 214.05 176.073 780.551 142.182 1420.86 154.039 0.664842 0.179516 0.155643
1.318e+18 214.051 176.08 780.556 142.19 1420.87 154.041 0.664847 0.179545 0.155608
1.3151e+18 214.054 176.088 780.562 142.198 1420.88 154.043 0.664854 0.179575 0.155571
1.3122e+18 214.056 176.096 780.567 142.206 1420.89 154.044 0.664863 0.179606 0.155532
1.3093e+18 214.059 176.103 780.572 142.216 1420.9 154.046 0.664872 0.179637 0.155491
1.3064e+18 214.062 176.111 780.578 142.226 1420.91 154.048 0.664882 0.17967 0.155448
1.3035e+18 214.065 176.119 780.583 142.236 1420.93 154.051 0.664893 0.179704 0.155403
1.3006e+18 214.069 176.127 780.589 142.247 1420.94 154.053 0.664905 0.179738 0.155356
1.2977e+18 214.072 176.135 780.594 142.259 1420.95 154.055 0.664919 0.179774 0.155308
1.2948e+18 214.076 176.143 780.6 142.271 1420.97 154.057 0.664933 0.17981 0.155257
1.2919e+18 214.081 176.151 780.605 142.284 1420.98 154.06 0.664948 0.179847 0.155205
1.289e+18 214.072 176.159 780.611 142.275 1420.98 154.126 0.664928 0.179841 0.155231
1.2861e+18 214.05 176.166 780.617 142.244 1420.95 154.253 0.664873 0.179796 0.155331
1.2832e+18 214.036 176.174 780.622 142.227 1420.94 154.347 0.664839 0.179774 0.155387
1.2803e+18 214.026 176.182 780.627 142.215 1420.93 154.426 0.664815 0.179763 0.155422
1.2774e+18 214.017 176.19 780.633 142.207 1420.93 154.496 0.664797 0.17976 0.155443
1.2745e+18 214.011 176.197 780.638 142.202 1420.93 154.56 0.664784 0.179762 0.155454
1.2716e+18 214.006 176.205 780.644 142.199 1420.93 154.62 0.664775 0.179769 0.155457
1.2687e+18 213.985 176.213 780.649 142.164 1420.91 154.587 0.664682 0.179731 0.155587
1.2658e+18 213.968 176.22 780.654 142.136 1420.89 154.566 0.664607 0.179705 0.155688
1.2629e+18 213.956 176.228 780.659 142.116 1420.88 154.557 0.664551 0.17969 0.155759
1.26e+18 213.945 176.235 780.665 142.101 1420.87 154.554 0.664505 0.179682 0.155813
1.2571e+18 213.937 176.243 780.67 142.089 1420.87 154.555 0.664467 0.179679 0.155854
1.2542e+18 213.93 176.25 780.675 142.079 1420.86 154.558 0.664434 0.179681 0.155885
1.2513e+18 213.924 176.257 780.68 142.072 1420.86 154.563 0.664406 0.179686 0.155909
1.2484e+18 213.918 176.265 780.685 142.066 1420.86 154.569 0.664382 0.179693 0.155925
1.2455e+18 213.914 176.272 780.69 142.062 1420.86 154.575 0.664361 0.179704 0.155935
1.2426e+18 213.911 176.279 780.695 142.059 1420.87 154.583 0.664343 0.179716 0.15594
1.2397e+18 213.908 176.287 780.701 142.058 1420.87 154.59 0.664328 0.179731 0.15594
1.2368e+18 213.906 176.294 780.706 142.058 1420.87 154.598 0.664316 0.179748 0.155936
1.2339e+18 213.905 176.301 780.711 142.059 1420.88 154.606 0.664306 0.179767 0.155927
1.231e+18 213.904 176.309 780.716 142.061 1420.89 154.615 0.664298 0.179787 0.155914
1.2281e+18 213.904 176.316 780.721 142.065 1420.89 154.624 0.664292 0.17981 0.155898
1.2252e+18 213.904 176.323 780.726 142.069 1420.9 154.632 0.664288 0.179833 0.155879
1.2223e+18 213.904 176.331 780.732 142.074 1420.91 154.641 0.664286 0.179858 0.155855
1.2194e+18 213.906 176.338 780.737 142.08 1420.92 154.65 0.664286 0.179885 0.155829
1.2165e+18 213.894 176.346 780.742 142.066 1420.91 154.725 0.664248 0.179868 0.155884
1.2136e+18 213.874 176.353 780.747 142.038 1420.89 154.845 0.664185 0.179821 0.155994
1.2107e+18 213.86 176.361 780.752 142.02 1420.87 154.936 0.664142 0.179796 0.156062
1.2078e+18 213.849 176.368 780.757 142.008 1420.87 155.014 0.664108 0.179782 0.156109
1.2049e+18 213.841 176.375 780.763 141.999 1420.86 155.084 0.664081 0.179775 0.156144
1.202e+18 213.834 176.382 780.768 141.992 1420.86 155.149 0.664059 0.179773 0.156168
1.1991e+18 213.829 176.389 780.772 141.988 1420.86 155.21 0.66404 0.179776 0.156184
1.1962e+18 213.824 176.396 780.777 141.985 1420.86 155.267 0.664025 0.179781 0.156193
1.1933e+18 213.821 176.404 780.782 141.984 1420.86 155.322 0.664013 0.17979 0.156197
1.1904e+18 213.818 176.411 780.787 141.985 1420.86 155.375 0.664004 0.179802 0.156195
1.1875e+18 213.794 176.418 780.792 141.936 1420.84 155.33 0.663903 0.179769 0.156328
1.1846e+18 213.774 176.425 780.797 141.898 1420.82 155.301 0.663823 0.179747 0.15643
1.1817e+18 213.76 176.432 780.802 141.871 1420.8 155.288 0.663762 0.179736 0.156502
1.1788e+18 213.749 176.438 780.807 141.849 1420.79 155.282 0.663712 0.179732 0.156556
1.1759e+18 213.739 176.445 780.812 141.832 1420.79 155.281 0.66367 0.179733 0.156597
1.173e+18 213.726 176.452 780.816 141.809 1420.77 155.244 0.663601 0.179716 0.156683
1.1701e+18 213.711 176.459 780.821 141.784 1420.76 155.19 0.663519 0.179693 0.156787
1.1672e+18 213.699 176.465 780.826 141.763 1420.75 155.15 0.663453 0.179681 0.156866
1.1643e+18 213.689 176.472 780.83 141.746 1420.74 155.118 0.663397 0.179674 0.156929
1.1614e+18 213.681 176.479 780.835 141.731 1420.74 155.09 0.663347 0.179671 0.156982
1.1585e+18 213.673 176.485 780.84 141.718 1420.73 155.065 0.663301 0.179673 0.157026
1.1556e+18 213.667 176.492 780.844 141.707 1420.73 155.042 0.663261 0.179677 0.157062
1.1527e+18 213.661 176.498 780.849 141.698 1420.73 155.022 0.663224 0.179684 0.157092
1.1498e+18 213.656 176.505 780.853 141.69 1420.73 155.003 0.663191 0.179693 0.157116
1.1469e+18 213.652 176.511 780.858 141.684 1420.73 154.985 0.663161 0.179705 0.157134
1.144e+18 213.649 176.518 780.863 141.679 1420.73 154.968 0.663133 0.179719 0.157147
1.1411e+18 213.647 176.525 780.867 141.675 1420.73 154.953 0.663109 0.179735 0.157156
1.1382e+18 213.645 176.531 780.872 141.672 1420.74 154.938 0.663087 0.179753 0.15716
1.1353e+18 213.643 176.538 780.876 141.671 1420.74 154.924 0.663068 0.179773 0.157159
1.1324e+18 213.642 176.545 780.881 141.67 1420.75 154.91 0.663051 0.179794 0.157155
1.1295e+18 213.642 176.551 780.886 141.671 1420.75 154.897 0.663036 0.179818 0.157147
1.1266e+18 213.642 176.558 780.891 141.672 1420.76 154.885 0.663023 0.179842 0.157135
1.1237e+18 213.643 176.565 780.895 141.675 1420.77 154.873 0.663012 0.179869 0.157119
1.1208e+18 213.644 176.572 780.9 141.679 1420.78 154.861 0.663003 0.179897 0.1571
1.1179e+18 213.646 176.578 780.905 141.683 1420.79 154.85 0.662997 0.179926 0.157077
1.115e+18 213.648 176.585 780.91 141.689 1420.8 154.839 0.662992 0.179957 0.157051
1.1121e+18 213.651 176.592 780.915 141.698 1420.81 154.824 0.662999 0.179988 0.157013
1.1092e+18 213.653 176.599 780.919 141.738 1420.82 154.75 0.663181 0.179975 0.156844
1.1063e+18 213.629 176.606 780.924 141.728 1420.79 154.803 0.663249 0.179891 0.15686
1.1034e+18 213.616 176.613 780.929 141.725 1420.78 154.834 0.663292 0.179853 0.156855
1.1005e+18 213.607 176.619 780.933 141.725 1420.77 154.858 0.663327 0.179832 0.156841
1.0976e+18 213.601 176.625 780.938 141.727 1420.77 154.877 0.663359 0.17982 0.156821
1.0947e+18 213.596 176.632 780.942 141.731 1420.77 154.893 0.663389 0.179815 0.156796
1.0918e+18 213.592 176.638 780.947 141.736 1420.77 154.908 0.663418 0.179816 0.156766
1.0889e+18 213.59 176.645 780.951 141.742 1420.77 154.921 0.663447 0.17982 0.156733
1.086e+18 213.589 176.651 780.956 141.749 1420.78 154.934 0.663475 0.179829 0.156696
1.0831e+18 213.591 176.657 780.96 141.781 1420.79 154.891 0.663612 0.179828 0.15656
1.0802e+18 213.59 176.663 780.964 141.805 1420.79 154.825 0.663729 0.17982 0.156451
1.0773e+18 213.576 176.67 780.969 141.788 1420.78 154.732 0.663719 0.179793 0.156488
1.0744e+18 213.569 176.676 780.973 141.79 1420.77 154.654 0.663762 0.17978 0.156458
1.0715e+18 213.565 176.682 780.977 141.798 1420.78 154.584 0.663816 0.179775 0.156409
1.0686e+18 213.563 176.688 780.981 141.808 1420.78 154.521 0.663874 0.179775 0.156351
1.0657e+18 213.562 176.694 780.986 141.82 1420.78 154.461 0.663934 0.179779 0.156287
1.0628e+18 213.562 176.7 780.99 141.834 1420.79 154.405 0.663994 0.179787 0.156219
1.0599e+18 213.558 176.706 780.994 141.844 1420.79 154.366 0.664056 0.17978 0.156164
1.057e+18 213.532 176.712 780.998 141.831 1420.76 154.411 0.664117 0.17968 0.156203
1.0541e+18 213.517 176.717 781.002 141.828 1420.74 154.425 0.66417 0.179629 0.156201
1.0512e+18 213.507 176.723 781.006 141.828 1420.73 154.43 0.66422 0.179595 0.156185
1.0483e+18 213.499 176.728 781.01 141.831 1420.73 154.431 0.664268 0.179571 0.156161
1.0454e+18 213.493 176.734 781.013 141.836 1420.72 154.429 0.664316 0.179555 0.156129
1.0425e+18 213.488 176.739 781.017 141.843 1420.72 154.427 0.664363 0.179545 0.156092
1.0396e+18 213.485 176.744 781.021 141.851 1420.72 154.423 0.66441 0.179539 0.156051
1.0367e+18 213.483 176.749 781.025 141.859 1420.72 154.419 0.664457 0.179537 0.156005
1.0338e+18 213.482 176.754 781.028 141.869 1420.73 154.414 0.664504 0.17954 0.155956
1.0309e+18 213.481 176.76 781.032 141.88 1420.73 154.409 0.664552 0.179545 0.155903
1.028e+18 213.482 176.765 781.035 141.893 1420.74 154.403 0.6646 0.179554 0.155847
1.0251e+18 213.483 176.77 781.039 141.905 1420.75 154.398 0.664648 0.179565 0.155787
1.0222e+18 213.485 176.775 781.043 141.919 1420.75 154.392 0.664696 0.179579 0.155725
1.0193e+18 213.488 176.781 781.046 141.934 1420.76 154.387 0.664745 0.179596 0.155659
1.0164e+18 213.491 176.786 781.05 141.95 1420.77 154.381 0.664795 0.179615 0.155591
1.0135e+18 213.495 176.791 781.054 141.966 1420.78 154.375 0.664845 0.179636 0.15552
1.0106e+18 213.499 176.796 781.057 141.983 1420.8 154.37 0.664895 0.179659 0.155446
1.0077e+18 213.504 176.802 781.061 142.001 1420.81 154.364 0.664947 0.179684 0.155369
1.0048e+18 213.51 176.807 781.065 142.02 1420.82 154.358 0.664998 0.179712 0.15529
1.0019e+18 213.516 176.813 781.069 142.04 1420.84 154.352 0.665051 0.179741 0.155208
9.99e+17 213.523 176.818 781.073 142.06 1420.85 154.347 0.665104 0.179772 0.155124
9.961e+17 213.518 176.824 781.077 142.054 1420.85 154.287 0.66508 0.179777 0.155144
9.932e+17 213.513 176.829 781.081 142.047 1420.85 154.221 0.665049 0.17978 0.15517
9.903e+17 213.512 176.835 781.085 142.048 1420.85 154.17 0.665043 0.179794 0.155163
9.874e+17 213.513 176.841 781.088 142.054 1420.86 154.127 0.665049 0.179813 0.155138
9.845e+17 213.516 176.846 781.092 142.062 1420.87 154.087 0.665061 0.179837 0.155102
9.816e+17 213.519 176.852 781.096 142.073 1420.88 154.051 0.665079 0.179863 0.155057
9.787e+17 213.506 176.858 781.1 142.06 1420.87 154.083 0.665072 0.179833 0.155095
9.758e+17 213.486 176.863 781.104 142.038 1420.84 154.15 0.665055 0.179778 0.155168
9.729e+17 213.475 176.869 781.108 142.028 1420.83 154.188 0.665053 0.179752 0.155195
9.7e+17 213.468 176.874 781.112 142.023 1420.83 154.216 0.66506 0.17974 0.1552
9.671e+17 213.463 176.879 781.115 142.023 1420.83 154.238 0.665071 0.179736 0.155192
9.642e+17 213.46 176.884 781.119 142.026 1420.83 154.256 0.665087 0.179739 0.155174
9.613e+17 213.459 176.89 781.123 142.031 1420.83 154.271 0.665106 0.179747 0.155146
9.584e+17 213.459 176.895 781.126 142.038 1420.84 154.285 0.665128 0.17976 0.155112
9.555e+17 213.46 176.9 781.13 142.047 1420.84 154.297 0.665153 0.179776 0.155071
9.526e+17 213.463 176.906 781.134 142.057 1420.85 154.308 0.66518 0.179795 0.155024
9.497e+17 213.466 176.911 781.138 142.069 1420.86 154.318 0.665209 0.179818 0.154973
9.468e+17 213.47 176.916 781.141 142.083 1420.87 154.327 0.665241 0.179843 0.154916
9.439e+17 213.475 176.922 781.145 142.097 1420.89 154.335 0.665274 0.179872 0.154855
9.41e+17 213.475 176.927 781.149 142.1 1420.89 154.32 0.665279 0.179891 0.15483
9.381e+17 213.448 176.933 781.153 142.05 1420.86 154.287 0.665181 0.179842 0.154977
9.352e+17 213.417 176.938 781.157 141.999 1420.82 154.341 0.665097 0.179763 0.155139
9.323e+17 213.399 176.943 781.16 141.971 1420.8 154.372 0.66505 0.179724 0.155226
9.294e+17 213.374 176.948 781.163 141.928 1420.77 154.334 0.66494 0.179663 0.155397
9.265e+17 213.357 176.952 781.167 141.898 1420.75 154.311 0.664865 0.179625 0.15551
9.236e+17 213.35 176.957 781.17 141.915 1420.74 154.227 0.664979 0.179585 0.155436
9.207e+17 213.343 176.961 781.173 141.921 1420.74 154.168 0.665037 0.17956 0.155403
9.178e+17 213.337 176.966 781.176 141.924 1420.73 154.121 0.665078 0.179543 0.155379
9.149e+17 213.333 176.97 781.179 141.928 1420.73 154.079 0.665111 0.179534 0.155355
9.12e+17 213.33 176.974 781.182 141.933 1420.73 154.04 0.665142 0.17953 0.155328
9.091e+17 213.329 176.978 781.185 141.939 1420.73 154.005 0.665173 0.17953 0.155297
9.062e+17 213.328 176.983 781.188 141.946 1420.74 153.971 0.665203 0.179536 0.155261
9.033e+17 213.328 176.987 781.191 141.954 1420.74 153.939 0.665235 0.179545 0.155221
9.004e+17 213.33 176.991 781.194 141.963 1420.75 153.909 0.665267 0.179558 0.155176
8.975e+17 213.332 176.995 781.197 141.974 1420.76 153.879 0.6653 0.179574 0.155127
8.946e+17 213.336 176.999 781.2 141.986 1420.76 153.85 0.665334 0.179593 0.155073
8.917e+17 213.34 177.004 781.203 141.999 1420.77 153.822 0.665369 0.179615 0.155015
8.888e+17 213.345 177.008 781.206 142.014 1420.79 153.795 0.665406 0.17964 0.154954
8.859e+17 213.35 177.012 781.209 142.029 1420.8 153.769 0.665444 0.179668 0.154888
8.83e+17 213.357 177.017 781.212 142.046 1420.81 153.743 0.665484 0.179698 0.154818
8.801e+17 213.364 177.021 781.215 142.063 1420.83 153.717 0.665525 0.179731 0.154744
8.772e+17 213.371 177.026 781.218 142.082 1420.84 153.692 0.665567 0.179766 0.154667
8.743e+17 213.356 177.03 781.221 142.067 1420.82 153.763 0.665569 0.179722 0.154709
8.714e+17 213.344 177.035 781.224 142.057 1420.81 153.826 0.665576 0.17969 0.154735
8.685e+17 213.32 177.039 781.227 142.014 1420.78 153.793 0.66549 0.179637 0.154872
8.656e+17 213.305 177.043 781.23 141.989 1420.77 153.771 0.665445 0.17961 0.154944
8.627e+17 213.296 177.047 781.233 141.975 1420.76 153.755 0.665421 0.179598 0.154981
8.598e+17 213.291 177.051 781.236 141.967 1420.75 153.742 0.665409 0.179596 0.154995
8.569e+17 213.287 177.055 781.239 141.963 1420.75 153.729 0.665405 0.1796 0.154996
8.54e+17 213.286 177.059 781.241 141.962 1420.75 153.716 0.665407 0.17961 0.154984
8.511e+17 213.286 177.063 781.244 141.965 1420.76 153.703 0.665414 0.179624 0.154962
8.482e+17 213.288 177.067 781.247 141.97 1420.76 153.691 0.665425 0.179643 0.154932
8.453e+17 213.29 177.071 781.25 141.976 1420.77 153.678 0.66544 0.179666 0.154894
8.424e+17 213.275 177.075 781.253 141.957 1420.75 153.748 0.665419 0.179624 0.154957
8.395e+17 213.26 177.079 781.255 141.939 1420.74 153.821 0.665399 0.179584 0.155016
8.366e+17 213.252 177.083 781.258 141.931 1420.73 153.871 0.665394 0.179567 0.155038
8.337e+17 213.247 177.087 781.261 141.928 1420.73 153.911 0.665397 0.179562 0.155041
8.308e+17 213.245 177.09 781.263 141.928 1420.73 153.945 0.665404 0.179565 0.155031
8.279e+17 213.245 177.094 781.266 141.931 1420.73 153.975 0.665416 0.179574 0.15501
8.25e+17 213.246 177.097 781.268 141.937 1420.73 154.002 0.665432 0.179588 0.15498
8.221e+17 213.249 177.101 781.271 141.945 1420.74 154.028 0.665451 0.179607 0.154942
8.192e+17 213.251 177.105 781.273 141.952 1420.75 154.045 0.665466 0.179626 0.154908
8.163e+17 213.239 177.109 781.276 141.926 1420.74 153.979 0.665388 0.179607 0.155004
8.134e+17 213.235 177.112 781.279 141.918 1420.73 153.949 0.665358 0.179612 0.15503
8.105e+17 213.234 177.116 781.281 141.916 1420.74 153.928 0.665343 0.179625 0.155032
8.076e+17 213.236 177.12 781.284 141.918 1420.74 153.912 0.665337 0.179644 0.155019
8.047e+17 213.239 177.124 781.287 141.923 1420.75 153.898 0.665338 0.179669 0.154994
8.018e+17 213.243 177.128 781.289 141.931 1420.76 153.886 0.665344 0.179697 0.154959
7.989e+17 213.249 177.132 781.292 141.941 1420.77 153.875 0.665354 0.179729 0.154916
7.96e+17 213.256 177.136 781.295 141.953 1420.79 153.864 0.665369 0.179765 0.154866
7.931e+17 213.263 177.14 781.298 141.967 1420.8 153.855 0.665388 0.179804 0.154809
7.902e+17 213.265 177.144 781.301 141.974 1420.81 153.872 0.665396 0.179825 0.154779
7.873e+17 213.247 177.148 781.304 141.947 1420.79 153.985 0.665357 0.179776 0.154867
7.844e+17 213.24 177.152 781.307 141.94 1420.78 154.05 0.665347 0.179768 0.154885
7.815e+17 213.239 177.156 781.31 141.94 1420.78 154.101 0.665348 0.179775 0.154877
7.786e+17 213.219 177.16 781.312 141.898 1420.76 154.057 0.665255 0.179747 0.154998
7.757e+17 213.209 177.164 781.315 141.876 1420.75 154.038 0.665203 0.179742 0.155055
7.728e+17 213.199 177.168 781.318 141.853 1420.74 153.994 0.665136 0.179731 0.155133
7.699e+17 213.188 177.172 781.32 141.828 1420.73 153.934 0.665058 0.179718 0.155224
7.67e+17 213.182 177.176 781.323 141.814 1420.72 153.89 0.665006 0.17972 0.155274
7.641e+17 213.179 177.179 781.326 141.804 1420.72 153.854 0.664968 0.17973 0.155302
7.612e+17 213.148 177.183 781.328 141.751 1420.68 153.948 0.664861 0.179642 0.155497
7.583e+17 213.132 177.186 781.331 141.724 1420.66 153.987 0.664799 0.179609 0.155592
7.554e+17 213.123 177.19 781.333 141.706 1420.65 154.015 0.664753 0.179593 0.155654
7.525e+17 213.116 177.193 781.335 141.693 1420.64 154.037 0.664717 0.179588 0.155694
7.496e+17 213.113 177.196 781.337 141.685 1420.64 154.055 0.66469 0.179592 0.155718
7.467e+17 213.111 177.199 781.34 141.68 1420.64 154.071 0.664669 0.179602 0.155728
7.438e+17 213.111 177.203 781.342 141.678 1420.65 154.086 0.664655 0.179618 0.155727
7.409e+17 213.113 177.206 781.344 141.68 1420.65 154.099 0.664646 0.179639 0.155715
7.38e+17 213.116 177.209 781.346 141.684 1420.66 154.111 0.664641 0.179665 0.155693
7.351e+17 213.121 177.213 781.349 141.69 1420.67 154.122 0.664641 0.179696 0.155663
7.322e+17 213.11 177.216 781.351 141.662 1420.66 154.05 0.66456 0.179691 0.155749
7.293e+17 213.107 177.22 781.354 141.651 1420.66 154.008 0.664515 0.179704 0.15578
7.264e+17 213.108 177.223 781.356 141.647 1420.66 153.977 0.664487 0.179728 0.155785
7.235e+17 213.111 177.227 781.359 141.647 1420.67 153.951 0.664468 0.179757 0.155774
7.206e+17 213.115 177.231 781.361 141.651 1420.68 153.928 0.664457 0.179792 0.155751
7.177e+17 213.092 177.234 781.364 141.61 1420.65 154.029 0.664377 0.179736 0.155886
7.148e+17 213.081 177.238 781.366 141.59 1420.64 154.087 0.664332 0.179721 0.155947
7.119e+17 213.077 177.241 781.369 141.58 1420.64 154.128 0.664302 0.179724 0.155974
7.09e+17 213.08 177.245 781.371 141.608 1420.64 154.092 0.664429 0.17972 0.155851
7.061e+17 213.084 177.248 781.374 141.631 1420.65 154.07 0.66452 0.179731 0.15575
7.032e+17 213.09 177.252 781.376 141.651 1420.67 154.058 0.664587 0.179751 0.155662
7.003e+17 213.097 177.255 781.379 141.671 1420.68 154.05 0.664646 0.179778 0.155576
6.974e+17 213.096 177.259 781.381 141.679 1420.68 154.084 0.664684 0.179778 0.155538
6.945e+17 213.067 177.262 781.383 141.633 1420.64 154.106 0.664597 0.179694 0.155709
6.916e+17 213.054 177.265 781.386 141.613 1420.63 154.114 0.664561 0.179662 0.155777
6.887e+17 213.048 177.268 781.388 141.604 1420.62 154.123 0.664547 0.179651 0.155802
6.858e+17 213.045 177.271 781.39 141.602 1420.62 154.131 0.664544 0.179652 0.155804
6.829e+17 213.046 177.274 781.392 141.605 1420.62 154.139 0.664549 0.179663 0.155788
6.8e+17 213.048 177.277 781.394 141.611 1420.63 154.147 0.664561 0.179681 0.155758
6.771e+17 213.053 177.28 781.396 141.62 1420.64 154.154 0.664577 0.179706 0.155716
6.742e+17 213.059 177.283 781.398 141.632 1420.65 154.161 0.664598 0.179737 0.155664
6.713e+17 213.067 177.286 781.4 141.647 1420.67 154.167 0.664624 0.179773 0.155603
6.684e+17 213.074 177.29 781.403 141.66 1420.68 154.165 0.664644 0.17981 0.155546
6.655e+17 213.066 177.293 781.405 141.636 1420.67 154.083 0.66458 0.179814 0.155606
6.626e+17 213.066 177.297 781.408 141.63 1420.68 154.026 0.66455 0.179835 0.155615
6.597e+17 213.035 177.3 781.41 141.573 1420.64 154.024 0.664417 0.179756 0.155827
6.568e+17 213.017 177.303 781.412 141.538 1420.61 154.034 0.664337 0.179715 0.155948
6.539e+17 213.007 177.306 781.414 141.518 1420.6 154.034 0.664285 0.179702 0.156013
6.51e+17 213.002 177.309 781.416 141.507 1420.6 154.03 0.66425 0.179704 0.156047
6.481e+17 213.001 177.312 781.418 141.501 1420.6 154.025 0.664226 0.179716 0.156058
6.452e+17 213.003 177.315 781.42 141.501 1420.6 154.019 0.664211 0.179737 0.156052
6.423e+17 212.997 177.318 781.423 141.49 1420.6 154.052 0.664182 0.179735 0.156084
6.394e+17 212.98 177.321 781.425 141.462 1420.58 154.146 0.664124 0.179692 0.156185
6.365e+17 212.974 177.324 781.426 141.45 1420.57 154.202 0.664094 0.179685 0.156221
6.336e+17 212.963 177.326 781.428 141.425 1420.56 154.201 0.664029 0.179669 0.156302
6.307e+17 212.958 177.329 781.43 141.434 1420.55 154.114 0.664109 0.179643 0.156248
6.278e+17 212.957 177.331 781.432 141.443 1420.56 154.061 0.664158 0.17964 0.156202
6.249e+17 212.959 177.334 781.434 141.452 1420.56 154.023 0.664197 0.17965 0.156153
6.22e+17 212.963 177.336 781.435 141.464 1420.57 153.992 0.664234 0.179669 0.156097
6.191e+17 212.97 177.339 781.437 141.478 1420.58 153.965 0.664271 0.179697 0.156032
6.162e+17 212.978 177.341 781.439 141.495 1420.6 153.94 0.664311 0.179731 0.155958
6.133e+17 212.988 177.344 781.441 141.514 1420.61 153.916 0.664352 0.179772 0.155876
6.104e+17 212.978 177.347 781.443 141.504 1420.6 153.983 0.664351 0.179747 0.155902
6.075e+17 212.973 177.35 781.445 141.499 1420.6 154.042 0.664357 0.179737 0.155906
6.046e+17 212.968 177.352 781.447 141.49 1420.59 154.046 0.664338 0.179732 0.15593
6.017e+17 212.961 177.355 781.449 141.475 1420.58 154.012 0.664294 0.179724 0.155981
5.988e+17 212.961 177.358 781.45 141.474 1420.59 153.995 0.664284 0.179738 0.155978
5.959e+17 212.965 177.36 781.452 141.479 1420.6 153.982 0.664287 0.179764 0.155949
5.93e+17 212.944 177.363 781.454 141.447 1420.57 154.094 0.664232 0.179702 0.156066
5.901e+17 212.939 177.365 781.456 141.44 1420.56 154.147 0.664219 0.179696 0.156085
5.872e+17 212.94 177.368 781.457 141.441 1420.57 154.189 0.664219 0.179707 0.156074
5.843e+17 212.944 177.37 781.459 141.448 1420.58 154.224 0.664228 0.179729 0.156042
5.814e+17 212.931 177.372 781.461 141.416 1420.56 154.167 0.664149 0.179718 0.156133
5.785e+17 212.923 177.375 781.462 141.393 1420.55 154.101 0.664075 0.179711 0.156214
5.756e+17 212.919 177.377 781.464 141.379 1420.55 154.043 0.664019 0.179717 0.156264
5.727e+17 212.92 177.38 781.466 141.374 1420.55 154 0.663987 0.179738 0.156275
5.698e+17 212.924 177.382 781.468 141.376 1420.56 153.962 0.663969 0.179769 0.156261
5.669e+17 212.906 177.385 781.469 141.342 1420.54 154.035 0.663897 0.179725 0.156378
5.64e+17 212.898 177.387 781.471 141.326 1420.53 154.076 0.663856 0.179718 0.156426
5.611e+17 212.898 177.389 781.473 141.321 1420.53 154.102 0.663834 0.179731 0.156435
5.582e+17 212.901 177.392 781.474 141.324 1420.54 154.121 0.663825 0.179757 0.156418
5.553e+17 212.893 177.394 781.476 141.299 1420.53 154.06 0.663748 0.179755 0.156497
5.524e+17 212.867 177.397 781.478 141.249 1420.49 154.14 0.66364 0.179689 0.156672
5.495e+17 212.857 177.399 781.479 141.228 1420.48 154.18 0.663583 0.179675 0.156742
5.466e+17 212.855 177.401 781.48 141.217 1420.48 154.21 0.663547 0.179682 0.15677
5.437e+17 212.856 177.403 781.482 141.214 1420.48 154.235 0.663526 0.179703 0.156771
5.408e+17 212.861 177.405 781.483 141.218 1420.49 154.257 0.663515 0.179735 0.15675
5.379e+17 212.869 177.407 781.485 141.226 1420.51 154.277 0.663514 0.179775 0.156711
5.35e+17 212.87 177.41 781.487 141.22 1420.51 154.245 0.663473 0.179799 0.156728
5.321e+17 212.874 177.412 781.489 141.229 1420.52 154.18 0.663489 0.179823 0.156689
5.292e+17 212.864 177.415 781.491 141.244 1420.51 154.161 0.663625 0.179761 0.156614
5.263e+17 212.863 177.417 781.492 141.255 1420.51 154.157 0.663691 0.179751 0.156558
5.234e+17 212.871 177.42 781.494 141.295 1420.52 154.104 0.663849 0.179755 0.156396
5.205e+17 212.882 177.422 781.495 141.334 1420.54 154.057 0.66399 0.179776 0.156234
5.176e+17 212.867 177.424 781.497 141.328 1420.52 154.082 0.664042 0.179717 0.156241
5.147e+17 212.853 177.426 781.498 141.311 1420.5 154.052 0.664039 0.179678 0.156284
5.118e+17 212.84 177.428 781.5 141.288 1420.49 153.975 0.663991 0.179642 0.156367
5.089e+17 212.838 177.43 781.501 141.287 1420.48 153.926 0.663996 0.179641 0.156363
5.06e+17 212.841 177.431 781.502 141.294 1420.49 153.882 0.664019 0.179656 0.156325
5.031e+17 212.848 177.433 781.503 141.308 1420.5 153.843 0.664054 0.179684 0.156263
5.002e+17 212.859 177.435 781.504 141.328 1420.52 153.806 0.664096 0.179723 0.156181
4.973e+17 212.847 177.437 781.506 141.315 1420.5 153.871 0.6641 0.179685 0.156216
4.944e+17 212.833 177.439 781.507 141.288 1420.49 153.835 0.664043 0.179657 0.1563
4.915e+17 212.832 177.44 781.508 141.283 1420.49 153.809 0.664033 0.179664 0.156303
4.886e+17 212.829 177.442 781.509 141.279 1420.48 153.818 0.664029 0.179662 0.156309
4.857e+17 212.817 177.443 781.51 141.261 1420.47 153.885 0.66401 0.179627 0.156363
4.828e+17 212.817 177.445 781.511 141.262 1420.47 153.918 0.664018 0.179634 0.156348
4.799e+17 212.823 177.446 781.512 141.272 1420.48 153.942 0.66404 0.179659 0.156301
4.77e+17 212.825 177.448 781.514 141.294 1420.48 153.835 0.66414 0.179652 0.156208
4.741e+17 212.832 177.449 781.515 141.314 1420.5 153.771 0.664202 0.179673 0.156125
4.712e+17 212.844 177.451 781.516 141.339 1420.51 153.722 0.664267 0.179711 0.156022
4.683e+17 212.833 177.453 781.517 141.33 1420.5 153.789 0.664287 0.17967 0.156043
4.654e+17 212.837 177.454 781.518 141.343 1420.51 153.809 0.664333 0.179684 0.155982
4.625e+17 212.832 177.456 781.519 141.33 1420.5 153.754 0.664306 0.179685 0.156009
4.596e+17 212.805 177.457 781.52 141.282 1420.46 153.746 0.664203 0.179609 0.156188
4.567e+17 212.795 177.458 781.521 141.262 1420.45 153.743 0.664164 0.179585 0.156251
4.538e+17 212.795 177.459 781.522 141.259 1420.45 153.734 0.664154 0.179592 0.156254
4.509e+17 212.8 177.46 781.522 141.266 1420.46 153.725 0.664163 0.179617 0.15622
4.48e+17 212.81 177.462 781.523 141.281 1420.48 153.714 0.664185 0.179657 0.156158
4.451e+17 212.803 177.463 781.524 141.26 1420.47 153.656 0.664124 0.179655 0.156221
4.422e+17 212.789 177.464 781.525 141.233 1420.45 153.702 0.664072 0.179621 0.156307
4.393e+17 212.791 177.465 781.526 141.232 1420.45 153.715 0.664063 0.179637 0.1563
4.364e+17 212.792 177.467 781.527 141.231 1420.46 153.751 0.664057 0.179651 0.156292
4.335e+17 212.784 177.468 781.528 141.216 1420.44 153.839 0.664031 0.179631 0.156338
4.306e+17 212.774 177.469 781.528 141.191 1420.43 153.818 0.663955 0.179617 0.156428
4.277e+17 212.778 177.47 781.529 141.191 1420.44 153.822 0.663939 0.179641 0.15642
4.248e+17 212.787 177.471 781.53 141.202 1420.45 153.827 0.663944 0.179685 0.156371
4.219e+17 212.796 177.473 781.531 141.21 1420.47 153.817 0.663939 0.179728 0.156333
4.19e+17 212.767 177.475 781.532 141.149 1420.43 153.829 0.663796 0.179659 0.156546
4.161e+17 212.761 177.476 781.533 141.128 1420.42 153.805 0.663723 0.179658 0.156619
4.132e+17 212.752 177.477 781.534 141.122 1420.41 153.812 0.663743 0.179625 0.156632
4.103e+17 212.749 177.478 781.535 141.126 1420.41 153.822 0.663786 0.179611 0.156603
4.074e+17 212.747 177.479 781.535 141.122 1420.4 153.79 0.663779 0.179613 0.156608
4.045e+17 212.749 177.48 781.536 141.121 1420.41 153.747 0.66377 0.179631 0.156599
4.016e+17 212.759 177.481 781.537 141.134 1420.42 153.716 0.663787 0.179673 0.156539
3.987e+17 212.749 177.482 781.538 141.117 1420.41 153.794 0.663762 0.179649 0.156589
3.958e+17 212.752 177.483 781.538 141.116 1420.41 153.803 0.663751 0.179667 0.156582
3.929e+17 212.737 177.485 781.539 141.087 1420.39 153.838 0.66368 0.179634 0.156687
3.9e+17 212.735 177.486 781.54 141.078 1420.39 153.883 0.663654 0.179636 0.15671
3.871e+17 212.743 177.487 781.541 141.087 1420.4 153.915 0.663657 0.179671 0.156672
3.842e+17 212.741 177.488 781.541 141.092 1420.4 153.781 0.663699 0.179665 0.156635
3.813e+17 212.73 177.489 781.542 141.075 1420.39 153.746 0.663678 0.179635 0.156688
3.784e+17 212.728 177.49 781.543 141.071 1420.39 153.743 0.663677 0.179632 0.156691
3.755e+17 212.726 177.491 781.543 141.068 1420.38 153.777 0.663676 0.179629 0.156695
3.726e+17 212.711 177.491 781.544 141.035 1420.36 153.773 0.663604 0.179594 0.156802
3.697e+17 212.713 177.492 781.544 141.034 1420.37 153.771 0.663592 0.179613 0.156795
3.668e+17 212.724 177.493 781.545 141.048 1420.38 153.768 0.663606 0.179658 0.156736
3.639e+17 212.717 177.494 781.546 141.03 1420.37 153.798 0.663559 0.179649 0.156793
3.61e+17 212.715 177.495 781.546 141.019 1420.37 153.81 0.66352 0.179657 0.156824
3.581e+17 212.71 177.496 781.547 141.006 1420.37 153.886 0.663484 0.17965 0.156866
3.552e+17 212.7 177.496 781.547 140.978 1420.35 153.89 0.663404 0.179638 0.156957
3.523e+17 212.694 177.497 781.548 140.956 1420.35 153.84 0.66332 0.179642 0.157038
3.494e+17 212.704 177.498 781.549 140.991 1420.36 153.756 0.663456 0.179654 0.156891
3.465e+17 212.699 177.499 781.549 140.991 1420.35 153.761 0.663492 0.179632 0.156876
3.436e+17 212.689 177.5 781.55 140.973 1420.34 153.75 0.663465 0.179605 0.15693
3.407e+17 212.69 177.5 781.55 140.996 1420.34 153.726 0.663583 0.17959 0.156827
3.378e+17 212.703 177.501 781.55 141.028 1420.36 153.705 0.66368 0.179624 0.156696
3.349e+17 212.701 177.501 781.551 141.025 1420.36 153.659 0.663679 0.179621 0.1567
3.32e+17 212.703 177.502 781.551 141.031 1420.36 153.683 0.66371 0.179626 0.156664
3.291e+17 212.689 177.503 781.552 141.006 1420.34 153.692 0.663664 0.179591 0.156745
3.262e+17 212.681 177.503 781.552 140.985 1420.33 153.657 0.663607 0.179577 0.156816
3.233e+17 212.69 177.503 781.552 140.994 1420.35 153.636 0.663613 0.179613 0.156773
3.204e+17 212.683 177.504 781.553 140.997 1420.34 153.588 0.663676 0.179579 0.156745
3.175e+17 212.683 177.504 781.553 141.001 1420.34 153.582 0.663708 0.179578 0.156715
3.146e+17 212.683 177.504 781.553 141.005 1420.34 153.629 0.663736 0.179574 0.15669
3.117e+17 212.686 177.504 781.553 141.004 1420.34 153.584 0.663722 0.179591 0.156687
3.088e+17 212.688 177.505 781.553 141.007 1420.35 153.622 0.663732 0.179604 0.156664
3.059e+17 212.68 177.505 781.554 140.982 1420.33 153.567 0.663657 0.179596 0.156747
3.03e+17 212.666 177.505 781.554 140.951 1420.31 153.613 0.663586 0.179559 0.156854
3.001e+17 212.669 177.505 781.554 140.946 1420.32 153.59 0.663552 0.179585 0.156863
2.972e+17 212.664 177.506 781.554 140.929 1420.31 153.616 0.6635 0.179584 0.156915
2.943e+17 212.665 177.506 781.554 140.923 1420.31 153.673 0.663475 0.179599 0.156926
2.914e+17 212.659 177.506 781.554 140.914 1420.3 153.665 0.663467 0.179582 0.156952
2.885e+17 212.67 177.507 781.555 140.935 1420.32 153.627 0.663519 0.17962 0.156861
2.856e+17 212.655 177.507 781.555 140.902 1420.3 153.606 0.663441 0.179583 0.156976
2.827e+17 212.649 177.507 781.555 140.887 1420.29 153.656 0.663406 0.17957 0.157024
2.798e+17 212.647 177.507 781.555 140.873 1420.29 153.628 0.663351 0.179583 0.157066
2.769e+17 212.652 177.507 781.555 140.887 1420.3 153.642 0.663407 0.179593 0.157
2.74e+17 212.646 177.508 781.555 140.878 1420.29 153.641 0.663404 0.179574 0.157022
2.711e+17 212.648 177.508 781.555 140.877 1420.29 153.644 0.6634 0.179587 0.157013
2.682e+17 212.64 177.508 781.555 140.854 1420.28 153.611 0.663329 0.179578 0.157093
2.653e+17 212.632 177.508 781.556 140.832 1420.27 153.634 0.663268 0.179567 0.157166
2.624e+17 212.634 177.508 781.555 140.834 1420.27 153.636 0.663278 0.179576 0.157146
2.595e+17 212.638 177.508 781.556 140.851 1420.28 153.596 0.663358 0.179576 0.157067
2.566e+17 212.639 177.508 781.556 140.857 1420.28 153.634 0.663391 0.179575 0.157034
2.537e+17 212.633 177.508 781.556 140.848 1420.27 153.546 0.663382 0.17956 0.157058
2.508e+17 212.632 177.508 781.556 140.851 1420.27 153.521 0.663416 0.179553 0.157031
2.479e+17 212.628 177.508 781.555 140.844 1420.26 153.544 0.663415 0.17954 0.157045
2.45e+17 212.637 177.508 781.555 140.853 1420.27 153.513 0.663419 0.179577 0.157004
2.421e+17 212.632 177.508 781.555 140.855 1420.27 153.523 0.663466 0.179554 0.15698
2.392e+17 212.627 177.507 781.555 140.844 1420.26 153.485 0.663448 0.179539 0.157013
2.363e+17 212.624 177.507 781.555 140.834 1420.26 153.474 0.663424 0.179539 0.157037
2.334e+17 212.621 177.506 781.555 140.823 1420.25 153.513 0.663396 0.179534 0.15707
2.305e+17 212.625 177.506 781.554 140.823 1420.26 153.531 0.663378 0.179561 0.157061
2.276e+17 212.611 177.506 781.554 140.785 1420.24 153.538 0.663271 0.179534 0.157195
2.247e+17 212.617 177.506 781.554 140.79 1420.25 153.493 0.663277 0.179561 0.157162
2.218e+17 212.61 177.506 781.554 140.778 1420.23 153.535 0.663265 0.179537 0.157198
2.189e+17 212.615 177.505 781.554 140.777 1420.24 153.527 0.663244 0.179567 0.15719
2.16e+17 212.605 177.505 781.554 140.761 1420.23 153.534 0.663223 0.179536 0.157241
2.131e+17 212.61 177.505 781.553 140.765 1420.23 153.502 0.663229 0.179558 0.157213
2.102e+17 212.603 177.504 781.553 140.746 1420.22 153.557 0.663183 0.179543 0.157274
2.073e+17 212.603 177.504 781.553 140.756 1420.22 153.474 0.66324 0.179535 0.157224
2.044e+17 212.597 177.503 781.552 140.745 1420.21 153.483 0.663229 0.179518 0.157254
2.015e+17 212.603 177.503 781.552 140.758 1420.22 153.464 0.663278 0.179531 0.157191
1.986e+17 212.598 177.503 781.552 140.748 1420.21 153.443 0.663266 0.179517 0.157217
1.957e+17 212.595 177.502 781.551 140.737 1420.21 153.447 0.663233 0.179518 0.157249
1.928e+17 212.602 177.501 781.551 140.756 1420.22 153.42 0.663306 0.179528 0.157165
1.899e+17 212.592 177.501 781.551 140.733 1420.2 153.429 0.663253 0.179505 0.157242
1.87e+17 212.594 177.5 781.55 140.725 1420.21 153.432 0.663216 0.179525 0.157259
1.841e+17 212.595 177.5 781.55 140.714 1420.21 153.465 0.663165 0.179543 0.157292
1.812e+17 212.584 177.499 781.549 140.695 1420.19 153.448 0.663136 0.17951 0.157354
1.783e+17 212.582 177.499 781.549 140.682 1420.19 153.477 0.663091 0.179517 0.157392
1.754e+17 212.582 177.498 781.549 140.682 1420.19 153.442 0.663105 0.179516 0.15738
1.725e+17 212.588 177.497 781.548 140.701 1420.19 153.406 0.663182 0.179524 0.157294
1.696e+17 212.581 177.496 781.548 140.686 1420.18 153.406 0.663155 0.179504 0.157341
1.667e+17 212.579 177.496 781.547 140.684 1420.18 153.398 0.66317 0.179494 0.157336
1.638e+17 212.577 177.495 781.546 140.675 1420.18 153.405 0.66315 0.179494 0.157356
1.609e+17 212.577 177.494 781.546 140.677 1420.18 153.376 0.663171 0.17949 0.157339
1.58e+17 212.577 177.493 781.545 140.668 1420.18 153.377 0.663135 0.179502 0.157362
1.551e+17 212.574 177.492 781.545 140.647 1420.17 153.408 0.663061 0.179507 0.157432
1.522e+17 212.57 177.492 781.544 140.638 1420.16 153.394 0.663046 0.179501 0.157453
1.493e+17 212.57 177.491 781.544 140.635 1420.16 153.394 0.663043 0.179504 0.157453
1.464e+17 212.567 177.49 781.543 140.64 1420.16 153.359 0.6631 0.17948 0.157421
1.435e+17 212.568 177.489 781.542 140.638 1420.16 153.374 0.663097 0.179485 0.157418
1.406e+17 212.567 177.488 781.542 140.631 1420.15 153.361 0.663084 0.179484 0.157431
1.377e+17 212.568 177.487 781.541 140.632 1420.16 153.33 0.663094 0.179488 0.157418
1.348e+17 212.562 177.486 781.54 140.61 1420.15 153.36 0.663022 0.179486 0.157492
1.319e+17 212.558 177.485 781.54 140.596 1420.14 153.373 0.662989 0.17948 0.157531
1.29e+17 212.562 177.484 781.539 140.611 1420.14 153.317 0.663058 0.179481 0.157461
1.261e+17 212.557 177.483 781.538 140.596 1420.14 153.325 0.663026 0.179467 0.157507
1.232e+17 212.558 177.482 781.537 140.596 1420.14 153.311 0.663027 0.179475 0.157498
1.203e+17 212.554 177.481 781.537 140.585 1420.13 153.317 0.663011 0.179462 0.157527
1.174e+17 212.553 177.48 781.536 140.572 1420.13 153.326 0.662963 0.179472 0.157565
1.145e+17 212.555 177.479 781.535 140.583 1420.13 153.29 0.663019 0.17947 0.157511
1.116e+17 212.551 177.478 781.534 140.569 1420.12 153.297 0.662984 0.179463 0.157553
1.087e+17 212.55 177.476 781.533 140.565 1420.12 153.285 0.662988 0.179457 0.157555
1.058e+17 212.547 177.475 781.533 140.547 1420.11 153.303 0.662926 0.179462 0.157612
1.029e+17 212.548 177.474 781.532 140.556 1420.11 153.271 0.662977 0.179455 0.157568
