3e+18 26.9548 190.496 960.071 64.8967 1618.51 103.232 0.612453 0 0.387547
2.9971e+18 26.9496 190.447 960.03 64.8955 1618.53 103.228 0.61244 0 0.38756
2.9942e+18 26.9445 190.399 959.989 64.8943 1618.55 103.224 0.612427 0 0.387573
2.9913e+18 26.9393 190.351 959.948 64.893 1618.56 103.221 0.612414 0 0.387586
2.9884e+18 26.9341 190.304 959.908 64.8917 1618.58 103.217 0.6124 0 0.3876
2.9855e+18 26.929 190.256 959.868 64.8903 1618.6 103.214 0.612386 0 0.387614
2.9826e+18 26.9239 190.209 959.828 64.8889 1618.62 103.21 0.612372 0 0.387628
2.9797e+18 26.9188 190.163 959.788 64.8875 1618.63 103.206 0.612358 0 0.387642
2.9768e+18 26.9137 190.117 959.749 64.8859 1618.65 103.203 0.612344 0 0.387656
2.9739e+18 26.9086 190.071 959.71 64.8844 1618.67 103.199 0.61233 0 0.38767
2.971e+18 26.9035 190.025 959.671 64.8828 1618.69 103.196 0.612316 0 0.387684
2.9681e+18 26.8984 189.98 959.633 64.8811 1618.71 103.192 0.612301 0 0.387699
2.9652e+18 26.8934 189.935 959.595 64.8794 1618.72 103.188 0.612286 0 0.387714
2.9623e+18 26.8883 189.89 959.557 64.8776 1618.74 103.184 0.612271 0 0.387729
2.9594e+18 26.8833 189.846 959.519 64.8758 1618.76 103.181 0.612256 0 0.387744
2.9565e+18 26.8783 189.802 959.481 64.874 1618.78 103.177 0.612241 0 0.387759
2.9536e+18 26.8733 189.758 959.444 64.8721 1618.8 103.173 0.612226 0 0.387774
2.9507e+18 26.8683 189.714 959.407 64.8702 1618.82 103.17 0.61221 0 0.38779
2.9478e+18 26.8633 189.671 959.371 64.8682 1618.84 103.166 0.612195 0 0.387805
2.9449e+18 26.8583 189.628 959.334 64.8662 1618.86 103.162 0.612179 0 0.387821
2.942e+18 26.8534 189.586 959.298 64.8642 1618.87 103.158 0.612163 0 0.387837
2.9391e+18 26.8484 189.544 959.262 64.8621 1618.89 103.155 0.612148 0 0.387852
2.9362e+18 26.8435 189.502 959.227 64.86 1618.91 103.151 0.612132 0 0.387868
2.9333e+18 26.8385 189.46 959.191 64.8578 1618.93 103.147 0.612115 0 0.387885
2.9304e+18 26.8336 189.419 959.156 64.8556 1618.95 103.143 0.612099 0 0.387901
2.9275e+18 26.8287 189.378 959.121 64.8534 1618.97 103.14 0.612083 0 0.387917
2.9246e+18 26.8238 189.338 959.087 64.8511 1618.99 103.136 0.612066 0 0.387934
2.9217e+18 26.8189 189.297 959.053 64.8488 1619.01 103.132 0.61205 0 0.38795
2.9188e+18 26.814 189.257 959.019 64.8465 1619.03 103.128 0.612033 0 0.387967
2.9159e+18 26.8092 189.218 958.985 64.8441 1619.05 103.124 0.612016 0 0.387984
2.913e+18 26.8043 189.178 958.951 64.8417 1619.07 103.12 0.611999 0 0.388001
2.9101e+18 26.7994 189.139 958.918 64.8393 1619.09 103.117 0.611982 0 0.388018
2.9072e+18 26.7946 189.1 958.885 64.8368 1619.11 103.113 0.611965 0 0.388035
2.9043e+18 26.7898 189.062 958.853 64.8343 1619.13 103.109 0.611948 0 0.388052
2.9014e+18 26.7849 189.024 958.82 64.8318 1619.15 103.105 0.61193 0 0.38807
2.8985e+18 26.7801 188.986 958.788 64.8292 1619.17 103.101 0.611913 0 0.388087
2.8956e+18 26.7753 188.948 958.756 64.8266 1619.19 103.097 0.611895 0 0.388105
2.8927e+18 26.7705 188.911 958.724 64.824 1619.22 103.093 0.611878 0 0.388122
2.8898e+18 26.7657 188.874 958.693 64.8213 1619.24 103.09 0.61186 0 0.38814
2.8869e+18 26.7609 188.838 958.662 64.8187 1619.26 103.086 0.611842 0 0.388158
2.884e+18 26.7562 188.801 958.631 64.816 1619.28 103.082 0.611824 0 0.388176
2.8811e+18 26.7514 188.765 958.601 64.8133 1619.3 103.078 0.611806 0 0.388194
2.8782e+18 26.7466 188.73 958.57 64.8105 1619.32 103.074 0.611788 0 0.388212
2.8753e+18 26.7419 188.694 958.54 64.8077 1619.34 103.07 0.61177 0 0.38823
2.8724e+18 26.7371 188.659 958.51 64.8049 1619.36 103.066 0.611752 0 0.388248
2.8695e+18 26.7324 188.624 958.481 64.8021 1619.39 103.062 0.611734 0 0.388266
2.8666e+18 26.7277 188.59 958.451 64.7993 1619.41 103.058 0.611715 0 0.388285
2.8637e+18 26.723 188.556 958.422 64.7964 1619.43 103.054 0.611697 0 0.388303
2.8608e+18 26.7182 188.522 958.394 64.7935 1619.45 103.05 0.611678 0 0.388322
2.8579e+18 26.7135 188.488 958.365 64.7906 1619.47 103.046 0.61166 0 0.38834
2.855e+18 26.7088 188.455 958.337 64.7877 1619.5 103.042 0.611641 0 0.388359
2.8521e+18 26.7041 188.422 958.309 64.7848 1619.52 103.038 0.611622 0 0.388378
2.8492e+18 26.6994 188.39 958.281 64.7818 1619.54 103.034 0.611604 0 0.388396
2.8463e+18 26.6948 188.357 958.254 64.7788 1619.56 103.03 0.611585 0 0.388415
2.8434e+18 26.6901 188.325 958.226 64.7758 1619.59 103.026 0.611566 0 0.388434
2.8405e+18 26.6854 188.294 958.2 64.7728 1619.61 103.022 0.611547 0 0.388453
2.8376e+18 26.6808 188.262 958.173 64.7698 1619.63 103.018 0.611528 0 0.388472
2.8347e+18 26.6761 188.231 958.146 64.7667 1619.66 103.014 0.611509 0 0.388491
2.8318e+18 26.6714 188.2 958.12 64.7636 1619.68 103.01 0.611489 0 0.388511
2.8289e+18 26.6668 188.17 958.094 64.7606 1619.7 103.006 0.61147 0 0.38853
2.826e+18 26.6621 188.14 958.069 64.7575 1619.73 103.002 0.611451 0 0.388549
2.8231e+18 26.6575 188.11 958.043 64.7544 1619.75 102.998 0.611431 0 0.388569
2.8202e+18 26.6529 188.08 958.018 64.7512 1619.77 102.994 0.611412 0 0.388588
2.8173e+18 26.6482 188.051 957.993 64.7481 1619.8 102.99 0.611393 0 0.388607
2.8144e+18 26.6436 188.022 957.969 64.745 1619.82 102.986 0.611373 0 0.388627
2.8115e+18 26.639 187.993 957.944 64.7418 1619.85 102.982 0.611353 0 0.388647
2.8086e+18 27.8713 203.73 971.321 64.8875 1619.88 103.139 0.611786 0 0.388214
2.8057e+18 27.839 203.487 971.114 65.0406 1619.92 103.303 0.612241 0 0.387759
2.8028e+18 27.8098 203.264 970.925 65.1807 1619.96 103.452 0.612656 0 0.387344
2.7999e+18 27.7831 203.058 970.75 65.3107 1620 103.589 0.613041 0 0.386959
2.797e+18 27.7583 202.866 970.586 65.4325 1620.04 103.717 0.613401 0 0.386599
2.7941e+18 27.7352 202.684 970.431 65.5474 1620.08 103.838 0.613741 0 0.386259
2.7912e+18 27.7134 202.512 970.285 65.6564 1620.11 103.951 0.614062 0 0.385938
2.7883e+18 27.6928 202.348 970.145 65.7603 1620.15 104.06 0.614368 0 0.385632
2.7854e+18 27.6733 202.191 970.012 65.8598 1620.19 104.163 0.614661 0 0.385339
2.7825e+18 27.6547 202.04 969.884 65.9553 1620.23 104.262 0.614942 0 0.385058
2.7796e+18 27.6369 201.895 969.761 66.0473 1620.26 104.357 0.615212 0 0.384788
2.7767e+18 27.6198 201.755 969.642 66.136 1620.3 104.449 0.615472 0 0.384528
2.7738e+18 27.6035 201.62 969.527 66.2218 1620.34 104.538 0.615724 0 0.384276
2.7709e+18 27.5877 201.489 969.416 66.3049 1620.37 104.623 0.615967 0 0.384033
2.768e+18 27.5725 201.362 969.308 66.3855 1620.41 104.707 0.616203 0 0.383797
2.7651e+18 27.5578 201.239 969.203 66.4639 1620.44 104.787 0.616432 0 0.383568
2.7622e+18 27.5436 201.119 969.101 66.54 1620.48 104.866 0.616654 0 0.383346
2.7593e+18 27.5298 201.002 969.001 66.6142 1620.52 104.943 0.616871 0 0.383129
2.7564e+18 27.5164 200.888 968.905 66.6865 1620.55 105.017 0.617081 0 0.382919
2.7535e+18 27.5035 200.776 968.81 66.7571 1620.59 105.09 0.617287 0 0.382713
2.7506e+18 27.4908 200.668 968.718 66.8259 1620.63 105.162 0.617487 0 0.382513
2.7477e+18 27.4785 200.562 968.627 66.8932 1620.66 105.231 0.617683 0 0.382317
2.7448e+18 27.4666 200.458 968.539 66.959 1620.7 105.3 0.617874 0 0.382126
2.7419e+18 27.4549 200.356 968.452 67.0234 1620.73 105.367 0.61806 0 0.38194
2.739e+18 27.4435 200.256 968.368 67.0864 1620.77 105.432 0.618243 0 0.381757
2.7361e+18 27.4324 200.158 968.285 67.1481 1620.81 105.497 0.618422 0 0.381578
2.7332e+18 27.4216 200.063 968.203 67.2085 1620.84 105.56 0.618597 0 0.381403
2.7303e+18 27.411 199.969 968.123 67.2678 1620.88 105.622 0.618768 0 0.381232
2.7274e+18 27.4006 199.865 968.036 67.3389 1620.92 105.662 0.618988 0 0.381012
2.7245e+18 27.3906 199.754 967.94 67.4211 1620.97 105.681 0.619253 0 0.380747
2.7216e+18 27.3809 199.648 967.851 67.496 1621.02 105.708 0.61949 0 0.38051
2.7187e+18 27.3713 199.548 967.766 67.5663 1621.07 105.738 0.619711 0 0.380289
2.7158e+18 27.3619 199.451 967.683 67.6334 1621.11 105.771 0.619919 0 0.380081
2.7129e+18 27.3528 199.356 967.603 67.6978 1621.16 105.806 0.620119 0 0.379881
2.71e+18 27.3438 199.264 967.524 67.76 1621.2 105.842 0.62031 0 0.37969
2.7071e+18 27.335 199.174 967.448 67.8202 1621.24 105.878 0.620495 0 0.379505
2.7042e+18 27.3264 199.086 967.373 67.8788 1621.28 105.915 0.620673 0 0.379327
2.7013e+18 27.3179 199 967.3 67.9358 1621.33 105.952 0.620847 0 0.379153
2.6984e+18 27.3096 198.915 967.228 67.9913 1621.37 105.989 0.621015 0 0.378985
2.6955e+18 27.3015 198.832 967.157 68.0455 1621.41 106.026 0.621179 0 0.378821
2.6926e+18 27.2934 198.751 967.088 68.0984 1621.45 106.063 0.621339 0 0.378661
2.6897e+18 27.2855 198.67 967.02 68.1502 1621.49 106.101 0.621495 0 0.378505
2.6868e+18 27.2778 198.592 966.953 68.2009 1621.53 106.138 0.621647 0 0.378353
2.6839e+18 27.2702 198.514 966.887 68.2505 1621.56 106.175 0.621796 0 0.378204
2.681e+18 27.2626 198.438 966.822 68.2991 1621.6 106.212 0.621942 0 0.378058
2.6781e+18 27.2553 198.363 966.758 68.3468 1621.64 106.249 0.622084 0 0.377916
2.6752e+18 27.248 198.289 966.696 68.3935 1621.68 106.285 0.622223 0 0.377777
2.6723e+18 27.2408 198.216 966.634 68.4394 1621.72 106.322 0.62236 0 0.37764
2.6694e+18 27.2337 198.144 966.573 68.4844 1621.76 106.358 0.622493 0 0.377507
2.6665e+18 27.2268 198.073 966.512 68.5286 1621.8 106.395 0.622625 0 0.377375
2.6636e+18 27.2199 198.004 966.453 68.572 1621.83 106.431 0.622753 0 0.377247
2.6607e+18 27.2131 197.935 966.395 68.6146 1621.87 106.467 0.622879 0 0.377121
2.6578e+18 27.2064 197.867 966.337 68.6564 1621.91 106.502 0.623002 0 0.376997
2.6549e+18 28.8567 236.666 999.316 68.6589 1621.86 106.451 0.622975 0 0.377025
2.652e+18 28.8313 236.333 999.033 68.661 1621.81 106.401 0.622947 0 0.377053
2.6491e+18 28.8065 236.006 998.755 68.6626 1621.77 106.352 0.622918 0 0.377082
2.6462e+18 28.7823 235.685 998.482 68.6638 1621.72 106.304 0.622888 0 0.377112
2.6433e+18 28.7586 235.37 998.214 68.6646 1621.68 106.258 0.622857 0 0.377143
2.6404e+18 28.7354 235.06 997.951 68.6649 1621.64 106.213 0.622825 0 0.377175
2.6375e+18 28.7127 234.755 997.692 68.6647 1621.59 106.168 0.622792 0 0.377208
2.6346e+18 28.6905 234.455 997.437 68.6641 1621.55 106.125 0.622758 0 0.377242
2.6317e+18 28.6687 234.16 997.186 68.663 1621.51 106.083 0.622723 0 0.377277
2.6288e+18 28.6474 233.87 996.939 68.6614 1621.47 106.042 0.622686 0 0.377314
2.6259e+18 28.6264 233.584 996.696 68.6593 1621.43 106.002 0.622648 0 0.377352
2.623e+18 28.6059 233.302 996.457 68.6566 1621.4 105.963 0.622608 0 0.377392
2.6201e+18 28.5857 233.024 996.221 68.6533 1621.36 105.926 0.622567 0 0.377433
2.6172e+18 28.5659 232.75 995.988 68.6494 1621.32 105.889 0.622523 0 0.377477
2.6143e+18 28.5464 232.48 995.758 68.6448 1621.28 105.854 0.622477 0 0.377523
2.6114e+18 28.5272 232.214 995.532 68.6394 1621.24 105.82 0.622429 0 0.377571
2.6085e+18 28.5084 231.951 995.308 68.6331 1621.21 105.787 0.622378 0 0.377622
2.6056e+18 28.4897 231.691 995.087 68.6258 1621.17 105.756 0.622322 0 0.377678
2.6027e+18 28.4713 231.434 994.869 68.6171 1621.13 105.727 0.622262 0 0.377738
2.5998e+18 28.4531 231.18 994.653 68.6066 1621.09 105.7 0.622195 0 0.377805
2.5969e+18 28.4349 230.929 994.439 68.5935 1621.05 105.678 0.622118 0 0.377882
2.594e+18 28.4166 230.679 994.227 68.5752 1621 105.662 0.62202 0 0.37798
2.5911e+18 28.3997 230.437 994.021 68.5676 1620.97 105.633 0.621966 0 0.378034
2.5882e+18 28.384 230.201 993.821 68.57 1620.95 105.591 0.621955 0 0.378045
2.5853e+18 28.3686 229.969 993.623 68.5721 1620.93 105.549 0.621943 0 0.378057
2.5824e+18 28.3535 229.739 993.428 68.5738 1620.91 105.508 0.62193 0 0.37807
2.5795e+18 28.3386 229.511 993.234 68.5753 1620.89 105.467 0.621916 0 0.378084
2.5766e+18 28.324 229.286 993.043 68.5765 1620.87 105.427 0.621902 0 0.378098
2.5737e+18 28.3095 229.063 992.854 68.5774 1620.85 105.386 0.621887 0 0.378113
2.5708e+18 28.2953 228.843 992.667 68.578 1620.83 105.346 0.621872 0 0.378128
2.5679e+18 28.2813 228.625 992.481 68.5784 1620.81 105.306 0.621856 0 0.378144
2.565e+18 28.2676 228.409 992.298 68.5784 1620.8 105.267 0.621839 0 0.378161
2.5621e+18 28.254 228.196 992.116 68.5782 1620.78 105.228 0.621821 0 0.378179
2.5592e+18 28.2407 227.984 991.937 68.5778 1620.76 105.189 0.621803 0 0.378197
2.5563e+18 28.2275 227.775 991.759 68.5771 1620.75 105.15 0.621785 0 0.378215
2.5534e+18 28.2146 227.568 991.583 68.5762 1620.73 105.111 0.621766 0 0.378234
2.5505e+18 28.2018 227.363 991.408 68.575 1620.71 105.073 0.621746 0 0.378254
2.5476e+18 28.1892 227.16 991.236 68.5735 1620.7 105.035 0.621726 0 0.378274
2.5447e+18 28.1768 226.959 991.065 68.5719 1620.68 104.997 0.621705 0 0.378295
2.5418e+18 28.1646 226.759 990.895 68.57 1620.67 104.96 0.621684 0 0.378316
2.5389e+18 28.1526 226.562 990.728 68.5679 1620.65 104.922 0.621662 0 0.378338
2.536e+18 28.1407 226.366 990.562 68.5655 1620.64 104.885 0.62164 0 0.37836
2.5331e+18 28.1291 226.173 990.397 68.563 1620.63 104.848 0.621617 0 0.378383
2.5302e+18 28.1175 225.981 990.234 68.5602 1620.61 104.811 0.621593 0 0.378407
2.5273e+18 28.1062 225.791 990.072 68.5573 1620.6 104.775 0.62157 0 0.37843
2.5244e+18 28.095 225.603 989.912 68.5541 1620.59 104.738 0.621545 0 0.378455
2.5215e+18 28.084 225.416 989.753 68.5507 1620.58 104.702 0.621521 0 0.378479
2.5186e+18 28.0731 225.231 989.596 68.5472 1620.56 104.666 0.621496 0 0.378504
2.5157e+18 28.0623 225.048 989.44 68.5434 1620.55 104.63 0.62147 0 0.37853
2.5128e+18 28.0518 224.866 989.286 68.5395 1620.54 104.594 0.621444 0 0.378556
2.5099e+18 28.0413 224.686 989.133 68.5354 1620.53 104.558 0.621418 0 0.378582
2.507e+18 28.0311 224.507 988.981 68.5311 1620.52 104.523 0.621391 0 0.378609
2.5041e+18 28.0209 224.33 988.831 68.5266 1620.51 104.487 0.621363 0 0.378637
2.5012e+18 28.0109 224.155 988.682 68.522 1620.5 104.452 0.621336 0 0.378664
2.4983e+18 28.001 223.981 988.534 68.5171 1620.49 104.417 0.621308 0 0.378692
2.4954e+18 27.9913 223.809 988.387 68.5122 1620.48 104.382 0.621279 0 0.378721
2.4925e+18 27.9817 223.638 988.242 68.507 1620.47 104.347 0.621251 0 0.378749
2.4896e+18 27.9722 223.468 988.098 68.5017 1620.46 104.313 0.621222 0 0.378778
2.4867e+18 27.9629 223.3 987.955 68.4962 1620.46 104.278 0.621192 0 0.378808
2.4838e+18 27.9537 223.133 987.813 68.4906 1620.45 104.244 0.621162 0 0.378838
2.4809e+18 27.9446 222.968 987.673 68.4849 1620.44 104.209 0.621132 0 0.378868
2.478e+18 27.9356 222.804 987.534 68.479 1620.43 104.175 0.621102 0 0.378898
2.4751e+18 27.9268 222.642 987.395 68.4729 1620.43 104.141 0.621071 0 0.378929
2.4722e+18 27.9181 222.481 987.258 68.4667 1620.42 104.107 0.62104 0 0.37896
2.4693e+18 27.9095 222.321 987.123 68.4604 1620.41 104.073 0.621008 0 0.378992
2.4664e+18 27.901 222.162 986.988 68.4539 1620.41 104.04 0.620976 0 0.379024
2.4635e+18 27.8926 222.005 986.854 68.4473 1620.4 104.006 0.620944 0 0.379056
2.4606e+18 27.8843 221.849 986.721 68.4406 1620.4 103.973 0.620912 0 0.379088
2.4577e+18 27.8762 221.694 986.59 68.4337 1620.39 103.939 0.62088 0 0.37912
2.4548e+18 27.8681 221.541 986.459 68.4267 1620.39 103.906 0.620847 0 0.379153
2.4519e+18 27.8602 221.388 986.33 68.4196 1620.38 103.873 0.620814 0 0.379186
2.449e+18 27.8523 221.237 986.202 68.4124 1620.38 103.839 0.62078 0 0.37922
2.4461e+18 27.8446 221.087 986.074 68.405 1620.37 103.806 0.620746 0 0.379254
2.4432e+18 27.837 220.939 985.948 68.3976 1620.37 103.773 0.620713 0 0.379287
2.4403e+18 27.8294 220.791 985.823 68.39 1620.37 103.741 0.620678 0 0.379322
2.4374e+18 27.822 220.645 985.698 68.3823 1620.36 103.708 0.620644 0 0.379356
2.4345e+18 27.8147 220.5 985.575 68.3745 1620.36 103.675 0.620609 0 0.379391
2.4316e+18 27.8074 220.356 985.452 68.3667 1620.36 103.642 0.620574 0 0.379426
2.4287e+18 27.8003 220.213 985.331 68.3587 1620.35 103.61 0.620539 0 0.379461
2.4258e+18 27.7932 220.071 985.211 68.3506 1620.35 103.577 0.620504 0 0.379496
2.4229e+18 27.7863 219.931 985.091 68.3424 1620.35 103.545 0.620469 0 0.379531
2.42e+18 27.7794 219.791 984.972 68.3341 1620.35 103.513 0.620433 0 0.379567
2.4171e+18 27.7727 219.653 984.855 68.3257 1620.35 103.48 0.620397 0 0.379603
2.4142e+18 27.766 219.515 984.738 68.3172 1620.35 103.448 0.620361 0 0.379639
2.4113e+18 27.7594 219.379 984.622 68.3086 1620.35 103.416 0.620324 0 0.379676
2.4084e+18 27.7529 219.244 984.507 68.3 1620.35 103.384 0.620288 0 0.379712
2.4055e+18 27.7465 219.109 984.393 68.2912 1620.34 103.352 0.620251 0 0.379749
2.4026e+18 27.7401 218.976 984.28 68.2824 1620.34 103.32 0.620214 0 0.379786
2.3997e+18 27.7339 218.844 984.168 68.2735 1620.35 103.288 0.620177 0 0.379823
2.3968e+18 27.7277 218.713 984.056 68.2645 1620.35 103.256 0.62014 0 0.37986
2.3939e+18 27.7216 218.583 983.945 68.2554 1620.35 103.225 0.620103 0 0.379897
2.391e+18 27.7156 218.454 983.836 68.2463 1620.35 103.193 0.620065 0 0.379935
2.3881e+18 27.7097 218.326 983.727 68.2371 1620.35 103.161 0.620028 0 0.379972
2.3852e+18 27.7038 218.199 983.619 68.2278 1620.35 103.13 0.61999 0 0.38001
2.3823e+18 27.698 218.072 983.511 68.2184 1620.35 103.098 0.619952 0 0.380048
2.3794e+18 27.6923 217.947 983.405 68.209 1620.36 103.067 0.619914 0 0.380086
2.3765e+18 27.6867 217.823 983.299 68.1995 1620.36 103.035 0.619876 0 0.380124
2.3736e+18 27.6812 217.7 983.195 68.1899 1620.36 103.004 0.619837 0 0.380163
2.3707e+18 27.6757 217.577 983.091 68.1803 1620.36 102.973 0.619799 0 0.380201
2.3678e+18 27.6703 217.456 982.988 68.1706 1620.37 102.941 0.61976 0 0.38024
2.3649e+18 27.665 217.335 982.885 68.1608 1620.37 102.91 0.619721 0 0.380279
2.362e+18 27.6597 217.216 982.784 68.151 1620.37 102.879 0.619682 0 0.380318
2.3591e+18 27.6545 217.097 982.683 68.1411 1620.38 102.848 0.619643 0 0.380357
2.3562e+18 27.6494 216.98 982.583 68.1312 1620.38 102.817 0.619604 0 0.380396
2.3533e+18 27.6443 216.863 982.483 68.1212 1620.39 102.786 0.619565 0 0.380435
2.3504e+18 27.6393 216.747 982.385 68.1112 1620.39 102.755 0.619526 0 0.380474
2.3475e+18 27.6344 216.632 982.287 68.1011 1620.4 102.724 0.619486 0 0.380514
2.3446e+18 27.6295 216.518 982.19 68.0909 1620.4 102.693 0.619447 0 0.380553
2.3417e+18 27.6248 216.404 982.094 68.0807 1620.41 102.662 0.619407 0 0.380593
2.3388e+18 27.62 216.292 981.998 68.0705 1620.41 102.631 0.619368 0 0.380632
2.3359e+18 27.6154 216.18 981.903 68.0602 1620.42 102.6 0.619328 0 0.380672
2.333e+18 27.6108 216.07 981.809 68.0499 1620.43 102.57 0.619288 0 0.380712
2.3301e+18 27.6062 215.96 981.716 68.0395 1620.43 102.539 0.619248 0 0.380752
2.3272e+18 27.6017 215.851 981.623 68.0291 1620.44 102.508 0.619208 0 0.380792
2.3243e+18 27.5973 215.743 981.531 68.0187 1620.45 102.477 0.619168 0 0.380832
2.3214e+18 27.5929 215.636 981.44 68.0082 1620.46 102.447 0.619128 0 0.380872
2.3185e+18 27.5886 215.529 981.35 67.9976 1620.46 102.416 0.619088 0 0.380912
2.3156e+18 27.5844 215.423 981.26 67.9871 1620.47 102.386 0.619047 0 0.380953
2.3127e+18 27.5802 215.319 981.171 67.9765 1620.48 102.355 0.619007 0 0.380993
2.3098e+18 27.5761 215.215 981.082 67.9658 1620.49 102.325 0.618967 0 0.381033
2.3069e+18 27.572 215.111 980.995 67.9552 1620.5 102.294 0.618926 0 0.381074
2.304e+18 27.568 215.009 980.908 67.9445 1620.51 102.264 0.618886 0 0.381114
2.3011e+18 27.564 214.907 980.821 67.9337 1620.52 102.233 0.618845 0 0.381155
2.2982e+18 27.5601 214.807 980.736 67.923 1620.52 102.203 0.618805 0 0.381195
2.2953e+18 27.5562 214.707 980.651 67.9122 1620.53 102.172 0.618764 0 0.381236
2.2924e+18 27.5524 214.608 980.566 67.9014 1620.54 102.142 0.618723 0 0.381277
2.2895e+18 27.5486 214.509 980.483 67.8905 1620.55 102.112 0.618683 0 0.381317
2.2866e+18 27.5449 214.411 980.4 67.8797 1620.57 102.081 0.618642 0 0.381358
2.2837e+18 27.5413 214.315 980.317 67.8688 1620.58 102.051 0.618601 0 0.381399
2.2808e+18 27.5377 214.218 980.236 67.8579 1620.59 102.021 0.61856 0 0.38144
2.2779e+18 27.5341 214.123 980.155 67.8469 1620.6 101.991 0.618519 0 0.381481
2.275e+18 27.5306 214.029 980.074 67.836 1620.61 101.96 0.618479 0 0.381521
2.2721e+18 27.5271 213.935 979.995 67.825 1620.62 101.93 0.618438 0 0.381562
2.2692e+18 28.2325 225.596 989.906 67.891 1620.63 101.997 0.618628 0 0.381372
2.2663e+18 28.1929 225.236 989.601 68.0276 1620.63 102.153 0.619032 0 0.380968
2.2634e+18 28.1594 224.917 989.33 68.1446 1620.63 102.283 0.619377 0 0.380623
2.2605e+18 28.1299 224.626 989.082 68.2483 1620.63 102.397 0.619681 0 0.380319
2.2576e+18 28.1034 224.356 988.853 68.3421 1620.64 102.498 0.619956 0 0.380044
2.2547e+18 28.0793 224.103 988.637 68.428 1620.64 102.589 0.620208 0 0.379792
2.2518e+18 28.0571 223.862 988.433 68.5075 1620.65 102.673 0.62044 0 0.37956
2.2489e+18 28.0365 223.633 988.238 68.5817 1620.66 102.75 0.620657 0 0.379343
2.246e+18 28.0173 223.413 988.051 68.6513 1620.66 102.822 0.62086 0 0.37914
2.2431e+18 27.9992 223.202 987.871 68.717 1620.67 102.889 0.621051 0 0.378949
2.2402e+18 27.9822 222.997 987.698 68.7792 1620.68 102.953 0.621232 0 0.378768
2.2373e+18 27.966 222.799 987.529 68.8383 1620.69 103.012 0.621403 0 0.378597
2.2344e+18 27.9507 222.607 987.366 68.8945 1620.7 103.069 0.621566 0 0.378434
2.2315e+18 27.9361 222.42 987.207 68.9482 1620.71 103.123 0.621722 0 0.378278
2.2286e+18 27.9222 222.238 987.052 68.9996 1620.72 103.174 0.621871 0 0.378129
2.2257e+18 27.9089 222.06 986.901 69.0488 1620.73 103.223 0.622013 0 0.377987
2.2228e+18 27.8962 221.886 986.753 69.0961 1620.74 103.27 0.622149 0 0.377851
2.2199e+18 27.884 221.716 986.609 69.1415 1620.76 103.315 0.62228 0 0.37772
2.217e+18 27.8723 221.55 986.467 69.1852 1620.77 103.358 0.622406 0 0.377594
2.2141e+18 27.861 221.387 986.329 69.2273 1620.78 103.4 0.622527 0 0.377473
2.2112e+18 27.8502 221.227 986.193 69.2679 1620.79 103.44 0.622643 0 0.377357
2.2083e+18 27.8397 221.07 986.059 69.307 1620.8 103.479 0.622756 0 0.377244
2.2054e+18 27.8297 220.915 985.928 69.3448 1620.82 103.516 0.622864 0 0.377136
2.2025e+18 27.82 220.764 985.799 69.3813 1620.83 103.552 0.622968 0 0.377032
2.1996e+18 27.8106 220.614 985.672 69.4166 1620.84 103.587 0.623069 0 0.376931
2.1967e+18 27.8015 220.468 985.547 69.4508 1620.86 103.621 0.623167 0 0.376833
2.1938e+18 27.7928 220.323 985.425 69.4838 1620.87 103.654 0.623261 0 0.376739
2.1909e+18 27.7843 220.181 985.304 69.5158 1620.88 103.686 0.623352 0 0.376648
2.188e+18 27.7761 220.04 985.184 69.5467 1620.9 103.717 0.62344 0 0.37656
2.1851e+18 27.7682 219.902 985.067 69.5767 1620.91 103.747 0.623525 0 0.376475
2.1822e+18 27.7605 219.766 984.951 69.6058 1620.93 103.777 0.623607 0 0.376393
2.1793e+18 27.753 219.631 984.837 69.6339 1620.94 103.805 0.623687 0 0.376313
2.1764e+18 27.7458 219.499 984.724 69.6612 1620.96 103.833 0.623764 0 0.376236
2.1735e+18 27.7388 219.368 984.612 69.6877 1620.97 103.86 0.623838 0 0.376162
2.1706e+18 27.7321 219.238 984.503 69.7133 1620.99 103.887 0.623911 0 0.376089
2.1677e+18 27.7255 219.111 984.394 69.7382 1621 103.913 0.623981 0 0.376019
2.1648e+18 27.7191 218.985 984.287 69.7623 1621.02 103.938 0.624048 0 0.375952
2.1619e+18 27.713 218.86 984.181 69.7857 1621.03 103.963 0.624114 0 0.375886
2.159e+18 27.707 218.737 984.076 69.8084 1621.05 103.987 0.624177 0 0.375823
2.1561e+18 27.7012 218.615 983.973 69.8304 1621.07 104.01 0.624239 0 0.375761
2.1532e+18 27.6955 218.495 983.871 69.8517 1621.08 104.034 0.624298 0 0.375702
2.1503e+18 27.6901 218.376 983.77 69.8724 1621.1 104.056 0.624356 0 0.375644
2.1474e+18 27.6848 218.259 983.67 69.8924 1621.12 104.078 0.624411 0 0.375589
2.1445e+18 27.6796 218.143 983.571 69.9119 1621.13 104.1 0.624465 0 0.375535
2.1416e+18 27.6746 218.028 983.474 69.9307 1621.15 104.121 0.624517 0 0.375483
2.1387e+18 27.6698 217.914 983.377 69.949 1621.17 104.142 0.624568 0 0.375432
2.1358e+18 27.6651 217.802 983.282 69.9667 1621.18 104.162 0.624616 0 0.375384
2.1329e+18 27.6605 217.691 983.187 69.9839 1621.2 104.182 0.624663 0 0.375337
2.13e+18 27.6561 217.581 983.094 70.0005 1621.22 104.202 0.624709 0 0.375291
2.1271e+18 27.6518 217.472 983.001 70.0166 1621.24 104.221 0.624753 0 0.375247
2.1242e+18 27.6477 217.364 982.909 70.0322 1621.25 104.24 0.624795 0 0.375205
2.1213e+18 27.6436 217.257 982.819 70.0473 1621.27 104.258 0.624836 0 0.375164
2.1184e+18 27.6397 217.152 982.729 70.0619 1621.29 104.277 0.624876 0 0.375124
2.1155e+18 27.6359 217.047 982.64 70.0761 1621.31 104.295 0.624914 0 0.375086
2.1126e+18 27.6323 216.944 982.552 70.0898 1621.33 104.312 0.624951 0 0.375049
2.1097e+18 27.6287 216.842 982.465 70.103 1621.35 104.329 0.624986 0 0.375014
2.1068e+18 27.6253 216.74 982.379 70.1158 1621.37 104.346 0.62502 0 0.37498
2.1039e+18 27.622 216.64 982.294 70.1282 1621.39 104.363 0.625053 0 0.374947
2.101e+18 27.6187 216.541 982.209 70.1401 1621.41 104.379 0.625084 0 0.374916
2.0981e+18 27.6156 216.442 982.126 70.1516 1621.43 104.396 0.625115 0 0.374885
2.0952e+18 27.6126 216.345 982.043 70.1628 1621.45 104.411 0.625144 0 0.374856
2.0923e+18 27.6097 216.248 981.961 70.1735 1621.47 104.427 0.625172 0 0.374828
2.0894e+18 27.6069 216.153 981.88 70.1839 1621.49 104.442 0.625198 0 0.374802
2.0865e+18 27.6041 216.058 981.799 70.1938 1621.51 104.458 0.625224 0 0.374776
2.0836e+18 27.6015 215.964 981.72 70.2035 1621.53 104.473 0.625249 0 0.374751
2.0807e+18 27.599 215.872 981.641 70.2127 1621.55 104.487 0.625272 0 0.374728
2.0778e+18 27.5965 215.78 981.563 70.2216 1621.57 104.502 0.625295 0 0.374705
2.0749e+18 27.5941 215.689 981.485 70.2301 1621.59 104.516 0.625316 0 0.374684
2.072e+18 27.5919 215.598 981.409 70.2384 1621.61 104.53 0.625336 0 0.374664
2.0691e+18 27.5897 215.509 981.333 70.2462 1621.63 104.544 0.625356 0 0.374644
2.0662e+18 27.5876 215.421 981.257 70.2538 1621.65 104.558 0.625374 0 0.374626
2.0633e+18 27.5855 215.333 981.183 70.261 1621.67 104.571 0.625391 0 0.374609
2.0604e+18 27.5836 215.246 981.109 70.2679 1621.7 104.584 0.625408 0 0.374592
2.0575e+18 27.5817 215.16 981.036 70.2746 1621.72 104.597 0.625423 0 0.374577
2.0546e+18 27.5799 215.075 980.964 70.2809 1621.74 104.61 0.625438 0 0.374562
2.0517e+18 27.5782 214.991 980.892 70.2869 1621.76 104.623 0.625452 0 0.374548
2.0488e+18 27.5765 214.907 980.821 70.2927 1621.79 104.636 0.625465 0 0.374535
2.0459e+18 27.5749 214.824 980.751 70.2981 1621.81 104.648 0.625477 0 0.374523
2.043e+18 27.5734 214.742 980.681 70.3033 1621.83 104.66 0.625488 0 0.374512
2.0401e+18 27.572 214.661 980.612 70.3082 1621.86 104.672 0.625498 0 0.374502
2.0372e+18 27.5706 214.581 980.544 70.3129 1621.88 104.684 0.625508 0 0.374492
2.0343e+18 27.5693 214.501 980.476 70.3172 1621.9 104.696 0.625517 0 0.374483
2.0314e+18 27.5681 214.422 980.409 70.3214 1621.93 104.708 0.625525 0 0.374475
2.0285e+18 27.5669 214.344 980.342 70.3253 1621.95 104.719 0.625532 0 0.374468
2.0256e+18 27.5658 214.266 980.276 70.3289 1621.98 104.731 0.625539 0 0.374461
2.0227e+18 27.5647 214.19 980.211 70.3323 1622 104.742 0.625544 0 0.374456
2.0198e+18 27.5637 214.114 980.147 70.3355 1622.03 104.753 0.625549 0 0.374451
2.0169e+18 27.5628 214.039 980.083 70.3384 1622.05 104.764 0.625554 0 0.374446
2.014e+18 27.5619 213.964 980.019 70.3411 1622.08 104.775 0.625557 0 0.374443
2.0111e+18 27.5611 213.89 979.957 70.3436 1622.1 104.785 0.625561 0 0.374439
2.0082e+18 27.5603 213.817 979.895 70.3459 1622.13 104.796 0.625563 0 0.374437
2.0053e+18 27.5596 213.745 979.833 70.348 1622.15 104.806 0.625565 0 0.374435
2.0024e+18 27.5589 213.673 979.772 70.3498 1622.18 104.817 0.625566 0 0.374434
1.9995e+18 27.5583 213.602 979.712 70.3515 1622.2 104.827 0.625566 0 0.374434
1.9966e+18 27.5578 213.532 979.652 70.3529 1622.23 104.837 0.625566 0 0.374434
1.9937e+18 27.5573 213.463 979.593 70.3542 1622.26 104.847 0.625565 0 0.374435
1.9908e+18 27.5568 213.394 979.535 70.3553 1622.28 104.857 0.625564 0 0.374436
1.9879e+18 27.5564 213.326 979.477 70.3562 1622.31 104.867 0.625562 0 0.374438
1.985e+18 27.556 213.258 979.419 70.3569 1622.34 104.876 0.625559 0 0.374441
1.9821e+18 27.5557 213.191 979.363 70.3574 1622.37 104.886 0.625556 0 0.374444
1.9792e+18 27.5554 213.125 979.306 70.3578 1622.39 104.895 0.625552 0 0.374448
1.9763e+18 27.5552 213.06 979.251 70.3579 1622.42 104.905 0.625548 0 0.374452
1.9734e+18 27.555 212.995 979.196 70.3579 1622.45 104.914 0.625543 0 0.374457
1.9705e+18 27.5549 212.931 979.141 70.3578 1622.48 104.923 0.625538 0 0.374462
1.9676e+18 27.5548 212.867 979.087 70.3575 1622.51 104.932 0.625532 0 0.374468
1.9647e+18 27.5547 212.805 979.034 70.357 1622.54 104.941 0.625526 0 0.374474
1.9618e+18 27.5547 212.743 978.981 70.3564 1622.56 104.95 0.625519 0 0.374481
1.9589e+18 27.5547 212.681 978.929 70.3556 1622.59 104.959 0.625512 0 0.374488
1.956e+18 27.5548 212.62 978.877 70.3547 1622.62 104.967 0.625505 0 0.374495
1.9531e+18 27.5549 212.56 978.826 70.3536 1622.65 104.976 0.625496 0 0.374504
1.9502e+18 27.555 212.5 978.775 70.3524 1622.68 104.984 0.625488 0 0.374512
1.9473e+18 27.5552 212.442 978.725 70.3511 1622.71 104.993 0.625479 0 0.374521
1.9444e+18 28.3109 237.048 999.64 70.3398 1622.71 104.95 0.625432 0 0.374568
1.9415e+18 28.2906 236.688 999.335 70.3147 1622.67 104.834 0.625333 0 0.374667
1.9386e+18 28.2714 236.342 999.041 70.2903 1622.64 104.722 0.625237 0 0.374763
1.9357e+18 28.2532 236.008 998.757 70.2665 1622.6 104.614 0.625144 0 0.374856
1.9328e+18 28.2359 235.685 998.482 70.2432 1622.57 104.509 0.625053 0 0.374947
1.9299e+18 28.2193 235.371 998.215 70.2204 1622.54 104.406 0.624964 0 0.375036
1.927e+18 28.2036 235.067 997.957 70.198 1622.51 104.307 0.624878 0 0.375122
1.9241e+18 28.1885 234.771 997.705 70.176 1622.48 104.209 0.624793 0 0.375207
1.9212e+18 28.1741 234.483 997.461 70.1543 1622.46 104.114 0.624709 0 0.375291
1.9183e+18 28.1603 234.203 997.222 70.133 1622.43 104.021 0.624627 0 0.375373
1.9154e+18 28.147 233.93 996.99 70.1119 1622.41 103.93 0.624546 0 0.375454
1.9125e+18 28.1343 233.663 996.763 70.0912 1622.39 103.84 0.624467 0 0.375533
1.9096e+18 28.1221 233.402 996.542 70.0706 1622.37 103.752 0.624389 0 0.375611
1.9067e+18 28.1103 233.147 996.325 70.0503 1622.35 103.666 0.624311 0 0.375689
1.9038e+18 28.099 232.898 996.113 70.0302 1622.34 103.581 0.624235 0 0.375765
1.9009e+18 28.0882 232.654 995.906 70.0102 1622.32 103.497 0.62416 0 0.37584
1.898e+18 28.0777 232.415 995.703 69.9905 1622.31 103.414 0.624086 0 0.375914
1.8951e+18 28.0676 232.181 995.504 69.9709 1622.29 103.333 0.624012 0 0.375988
1.8922e+18 28.4872 240.92 1002.93 70.041 1622.26 103.369 0.624205 0 0.375795
1.8893e+18 28.4329 240.356 1002.45 70.1649 1622.21 103.476 0.624559 0 0.375441
1.8864e+18 28.3886 239.868 1002.04 70.2632 1622.17 103.552 0.624837 0 0.375163
1.8835e+18 28.3506 239.426 1001.66 70.3459 1622.13 103.609 0.625069 0 0.374931
1.8806e+18 28.3169 239.018 1001.32 70.4177 1622.1 103.654 0.62527 0 0.37473
1.8777e+18 28.2864 238.635 1000.99 70.4815 1622.07 103.69 0.625447 0 0.374553
1.8748e+18 28.2585 238.273 1000.68 70.5389 1622.05 103.719 0.625606 0 0.374394
1.8719e+18 28.2328 237.927 1000.39 70.591 1622.02 103.743 0.62575 0 0.37425
1.869e+18 28.2088 237.596 1000.11 70.6388 1622 103.763 0.625881 0 0.374119
1.8661e+18 28.1865 237.277 999.836 70.6829 1621.98 103.779 0.626001 0 0.373999
1.8632e+18 28.1654 236.97 999.574 70.7237 1621.96 103.792 0.626111 0 0.373889
1.8603e+18 28.1456 236.672 999.321 70.7615 1621.94 103.803 0.626214 0 0.373786
1.8574e+18 28.1269 236.383 999.076 70.7969 1621.93 103.812 0.626309 0 0.373691
1.8545e+18 28.1092 236.102 998.837 70.8299 1621.91 103.818 0.626397 0 0.373603
1.8516e+18 28.0924 235.829 998.605 70.8607 1621.9 103.823 0.626479 0 0.373521
1.8487e+18 28.0764 235.563 998.378 70.8897 1621.89 103.827 0.626556 0 0.373444
1.8458e+18 28.0612 235.303 998.157 70.9169 1621.88 103.829 0.626628 0 0.373372
1.8429e+18 28.0467 235.049 997.942 70.9424 1621.86 103.83 0.626695 0 0.373305
1.84e+18 28.0329 234.801 997.731 70.9664 1621.85 103.83 0.626758 0 0.373242
1.8371e+18 28.0196 234.558 997.524 70.989 1621.85 103.828 0.626817 0 0.373183
1.8342e+18 28.007 234.32 997.322 71.0103 1621.84 103.827 0.626872 0 0.373128
1.8313e+18 27.9949 234.086 997.123 71.0303 1621.83 103.824 0.626923 0 0.373077
1.8284e+18 27.9834 233.857 996.929 71.0491 1621.82 103.82 0.626971 0 0.373029
1.8255e+18 27.9723 233.633 996.738 71.0668 1621.82 103.816 0.627016 0 0.372984
1.8226e+18 27.9617 233.412 996.551 71.0835 1621.81 103.811 0.627059 0 0.372941
1.8197e+18 27.9516 233.196 996.366 71.0991 1621.8 103.806 0.627098 0 0.372902
1.8168e+18 27.9419 232.983 996.185 71.1138 1621.8 103.8 0.627134 0 0.372866
1.8139e+18 27.9326 232.773 996.007 71.1276 1621.8 103.793 0.627168 0 0.372832
1.811e+18 27.9237 232.568 995.832 71.1405 1621.79 103.786 0.6272 0 0.3728
1.8081e+18 27.9152 232.365 995.66 71.1525 1621.79 103.779 0.627229 0 0.372771
1.8052e+18 27.907 232.165 995.491 71.1638 1621.79 103.771 0.627256 0 0.372744
1.8023e+18 27.8992 231.969 995.324 71.1743 1621.79 103.763 0.627281 0 0.372719
1.7994e+18 27.8917 231.776 995.159 71.1841 1621.79 103.754 0.627304 0 0.372696
1.7965e+18 27.8846 231.585 994.997 71.1932 1621.79 103.745 0.627325 0 0.372675
1.7936e+18 27.8778 231.397 994.838 71.2016 1621.79 103.736 0.627344 0 0.372656
1.7907e+18 27.8712 231.212 994.681 71.2093 1621.79 103.726 0.627361 0 0.372639
1.7878e+18 27.865 231.03 994.526 71.2165 1621.79 103.716 0.627377 0 0.372623
1.7849e+18 27.859 230.85 994.373 71.223 1621.79 103.706 0.62739 0 0.37261
1.782e+18 27.8534 230.673 994.222 71.2289 1621.79 103.696 0.627403 0 0.372597
1.7791e+18 27.848 230.498 994.073 71.2343 1621.79 103.685 0.627413 0 0.372587
1.7762e+18 27.8428 230.325 993.926 71.2391 1621.8 103.674 0.627422 0 0.372578
1.7733e+18 27.8379 230.155 993.782 71.2434 1621.8 103.663 0.62743 0 0.37257
1.7704e+18 27.8333 229.987 993.639 71.2472 1621.8 103.651 0.627436 0 0.372564
1.7675e+18 27.8289 229.821 993.498 71.2505 1621.81 103.64 0.627441 0 0.372559
1.7646e+18 27.8247 229.657 993.358 71.2534 1621.81 103.628 0.627445 0 0.372555
1.7617e+18 27.8207 229.495 993.221 71.2557 1621.82 103.616 0.627447 0 0.372553
1.7588e+18 27.817 229.336 993.085 71.2576 1621.83 103.604 0.627448 0 0.372552
1.7559e+18 27.8135 229.178 992.951 71.2591 1621.83 103.591 0.627448 0 0.372552
1.753e+18 27.8101 229.022 992.819 71.2602 1621.84 103.579 0.627447 0 0.372553
1.7501e+18 27.807 228.868 992.688 71.2609 1621.85 103.566 0.627444 0 0.372556
1.7472e+18 27.8041 228.717 992.559 71.2611 1621.85 103.553 0.627441 0 0.372559
1.7443e+18 27.8014 228.566 992.431 71.261 1621.86 103.54 0.627436 0 0.372564
1.7414e+18 27.7989 228.418 992.305 71.2605 1621.87 103.526 0.62743 0 0.37257
1.7385e+18 27.7965 228.272 992.181 71.2597 1621.88 103.513 0.627424 0 0.372576
1.7356e+18 27.7944 228.127 992.058 71.2585 1621.89 103.499 0.627416 0 0.372584
1.7327e+18 27.7924 227.984 991.936 71.257 1621.9 103.486 0.627408 0 0.372592
1.7298e+18 27.7906 227.843 991.816 71.2551 1621.91 103.472 0.627398 0 0.372602
1.7269e+18 27.7889 227.703 991.697 71.2529 1621.92 103.458 0.627388 0 0.372612
1.724e+18 27.7875 227.565 991.58 71.2504 1621.93 103.444 0.627377 0 0.372623
1.7211e+18 27.7861 227.428 991.464 71.2476 1621.94 103.43 0.627365 0 0.372635
1.7182e+18 27.785 227.293 991.349 71.2445 1621.96 103.415 0.627352 0 0.372648
1.7153e+18 27.784 227.16 991.236 71.2412 1621.97 103.401 0.627338 0 0.372662
1.7124e+18 27.7831 227.028 991.124 71.2375 1621.98 103.386 0.627324 0 0.372676
1.7095e+18 27.7824 226.898 991.013 71.2336 1622 103.371 0.627309 0 0.372691
1.7066e+18 27.7819 226.769 990.904 71.2294 1622.01 103.356 0.627293 0 0.372707
1.7037e+18 27.7815 226.642 990.796 71.225 1622.02 103.341 0.627277 0 0.372723
1.7008e+18 27.7812 226.516 990.689 71.2203 1622.04 103.326 0.627259 0 0.372741
1.6979e+18 27.7811 226.392 990.583 71.2154 1622.05 103.311 0.627242 0 0.372758
1.695e+18 27.7811 226.269 990.478 71.2102 1622.07 103.296 0.627223 0 0.372777
1.6921e+18 27.7812 226.147 990.375 71.2049 1622.09 103.281 0.627204 0 0.372796
1.6892e+18 27.7815 226.027 990.273 71.1993 1622.1 103.265 0.627184 0 0.372816
1.6863e+18 27.7818 225.908 990.172 71.1935 1622.12 103.25 0.627164 0 0.372836
1.6834e+18 27.7823 225.79 990.072 71.1875 1622.14 103.234 0.627143 0 0.372857
1.6805e+18 27.783 225.674 989.973 71.1813 1622.16 103.218 0.627121 0 0.372879
1.6776e+18 27.7837 225.559 989.875 71.1749 1622.17 103.202 0.627099 0 0.372901
1.6747e+18 27.7846 225.446 989.779 71.1683 1622.19 103.186 0.627077 0 0.372923
1.6718e+18 27.7856 225.333 989.683 71.1615 1622.21 103.17 0.627054 0 0.372946
1.6689e+18 27.7867 225.222 989.589 71.1546 1622.23 103.154 0.62703 0 0.37297
1.666e+18 27.7879 225.113 989.496 71.1475 1622.25 103.138 0.627006 0 0.372994
1.6631e+18 27.7892 225.004 989.404 71.1402 1622.27 103.121 0.626982 0 0.373018
1.6602e+18 27.7906 224.897 989.312 71.1327 1622.29 103.105 0.626957 0 0.373043
1.6573e+18 27.7921 224.791 989.222 71.1251 1622.32 103.089 0.626931 0 0.373069
1.6544e+18 27.7937 224.686 989.133 71.1174 1622.34 103.072 0.626905 0 0.373095
1.6515e+18 27.7954 224.582 989.045 71.1095 1622.36 103.055 0.626879 0 0.373121
1.6486e+18 27.7972 224.48 988.958 71.1015 1622.38 103.039 0.626853 0 0.373147
1.6457e+18 27.7992 224.379 988.872 71.0933 1622.41 103.022 0.626825 0 0.373175
1.6428e+18 27.8012 224.279 988.787 71.085 1622.43 103.005 0.626798 0 0.373202
1.6399e+18 27.8033 224.18 988.703 71.0766 1622.45 102.988 0.62677 0 0.37323
1.637e+18 27.8054 224.082 988.62 71.068 1622.48 102.971 0.626742 0 0.373258
1.6341e+18 27.8077 223.985 988.538 71.0594 1622.5 102.954 0.626714 0 0.373286
1.6312e+18 27.8101 223.89 988.456 71.0506 1622.53 102.936 0.626685 0 0.373315
1.6283e+18 28.1146 231.135 994.615 71.0713 1622.54 102.969 0.626744 0 0.373256
1.6254e+18 28.0734 230.739 994.278 71.1927 1622.53 103.173 0.627103 0 0.372897
1.6225e+18 28.0432 230.417 994.005 71.286 1622.53 103.328 0.627379 0 0.372621
1.6196e+18 28.0191 230.138 993.767 71.3641 1622.54 103.458 0.62761 0 0.37239
1.6167e+18 27.9989 229.885 993.552 71.4319 1622.55 103.571 0.62781 0 0.37219
1.6138e+18 27.9815 229.651 993.354 71.4924 1622.55 103.672 0.627988 0 0.372012
1.6109e+18 27.9664 229.433 993.168 71.5471 1622.57 103.763 0.62815 0 0.37185
1.608e+18 27.953 229.227 992.993 71.5972 1622.58 103.848 0.628298 0 0.371702
1.6051e+18 27.9411 229.031 992.827 71.6434 1622.59 103.927 0.628434 0 0.371566
1.6022e+18 27.9304 228.844 992.668 71.6864 1622.61 104 0.62856 0 0.37144
1.5993e+18 27.9209 228.665 992.515 71.7265 1622.63 104.07 0.628679 0 0.371321
1.5964e+18 27.9122 228.492 992.368 71.764 1622.64 104.136 0.628789 0 0.371211
1.5935e+18 27.9044 228.324 992.226 71.7993 1622.66 104.199 0.628893 0 0.371107
1.5906e+18 27.8974 228.163 992.088 71.8326 1622.68 104.259 0.628991 0 0.371009
1.5877e+18 27.891 228.006 991.955 71.864 1622.7 104.316 0.629084 0 0.370916
1.5848e+18 27.8853 227.853 991.825 71.8938 1622.72 104.371 0.629171 0 0.370829
1.5819e+18 27.8801 227.704 991.699 71.922 1622.74 104.424 0.629254 0 0.370746
1.579e+18 27.8755 227.559 991.576 71.9487 1622.77 104.475 0.629332 0 0.370668
1.5761e+18 27.8713 227.418 991.455 71.9741 1622.79 104.525 0.629407 0 0.370593
1.5732e+18 27.8676 227.28 991.338 71.9982 1622.81 104.573 0.629478 0 0.370522
1.5703e+18 27.8644 227.145 991.223 72.0211 1622.84 104.619 0.629545 0 0.370455
1.5674e+18 27.8615 227.013 991.111 72.0429 1622.86 104.664 0.629609 0 0.370391
1.5645e+18 27.859 226.884 991.001 72.0637 1622.88 104.708 0.62967 0 0.37033
1.5616e+18 27.8568 226.757 990.893 72.0835 1622.91 104.751 0.629728 0 0.370272
1.5587e+18 27.855 226.633 990.788 72.1023 1622.94 104.792 0.629783 0 0.370217
1.5558e+18 27.8536 226.511 990.684 72.1202 1622.96 104.833 0.629835 0 0.370165
1.5529e+18 27.8524 226.391 990.583 72.1372 1622.99 104.872 0.629885 0 0.370115
1.55e+18 27.8515 226.274 990.483 72.1534 1623.02 104.911 0.629932 0 0.370068
1.5471e+18 27.8509 226.159 990.385 72.1689 1623.04 104.949 0.629977 0 0.370023
1.5442e+18 27.8505 226.046 990.289 72.1836 1623.07 104.986 0.63002 0 0.36998
1.5413e+18 27.8504 225.934 990.194 72.1975 1623.1 105.022 0.63006 0 0.36994
1.5384e+18 28.2729 243.395 1005.04 72.2064 1623.12 105.052 0.630095 0 0.369905
1.5355e+18 28.2451 242.898 1004.61 72.2026 1623.07 104.937 0.63005 0 0.36995
1.5326e+18 28.2203 242.437 1004.22 72.1953 1623.02 104.829 0.630007 0 0.369993
1.5297e+18 28.1981 242.004 1003.85 72.1882 1622.97 104.729 0.629966 0 0.370034
1.5268e+18 28.1778 241.596 1003.51 72.1813 1622.93 104.635 0.629926 0 0.370074
1.5239e+18 28.1593 241.209 1003.18 72.1743 1622.9 104.547 0.629888 0 0.370112
1.521e+18 28.1423 240.841 1002.86 72.1673 1622.86 104.463 0.629851 0 0.370149
1.5181e+18 28.1267 240.488 1002.56 72.1601 1622.84 104.383 0.629814 0 0.370186
1.5152e+18 28.1122 240.15 1002.28 72.1528 1622.81 104.306 0.629778 0 0.370222
1.5123e+18 28.0989 239.824 1002 72.1453 1622.78 104.232 0.629742 0 0.370258
1.5094e+18 28.0866 239.51 1001.73 72.1376 1622.76 104.16 0.629706 0 0.370294
1.5065e+18 28.0751 239.207 1001.48 72.1297 1622.74 104.091 0.62967 0 0.37033
1.5036e+18 28.0645 238.913 1001.23 72.1215 1622.73 104.023 0.629634 0 0.370366
1.5007e+18 28.0547 238.629 1000.98 72.1132 1622.71 103.957 0.629598 0 0.370402
1.4978e+18 28.0456 238.352 1000.75 72.1045 1622.7 103.893 0.629562 0 0.370438
1.4949e+18 28.0372 238.084 1000.52 72.0957 1622.68 103.831 0.629526 0 0.370474
1.492e+18 28.0294 237.822 1000.3 72.0866 1622.67 103.769 0.629489 0 0.370511
1.4891e+18 28.0222 237.568 1000.08 72.0773 1622.66 103.709 0.629452 0 0.370548
1.4862e+18 28.0155 237.32 999.872 72.0678 1622.65 103.649 0.629415 0 0.370585
1.4833e+18 28.0094 237.078 999.666 72.058 1622.65 103.591 0.629377 0 0.370623
1.4804e+18 28.0038 236.841 999.465 72.048 1622.64 103.534 0.629339 0 0.370661
1.4775e+18 27.9987 236.61 999.269 72.0378 1622.64 103.477 0.629301 0 0.370699
1.4746e+18 27.9941 236.384 999.077 72.0273 1622.63 103.421 0.629263 0 0.370737
1.4717e+18 27.9899 236.163 998.889 72.0167 1622.63 103.366 0.629224 0 0.370776
1.4688e+18 27.9861 235.947 998.705 72.0058 1622.63 103.312 0.629185 0 0.370815
1.4659e+18 27.9827 235.735 998.525 71.9948 1622.63 103.258 0.629146 0 0.370854
1.463e+18 27.9797 235.528 998.349 71.9836 1622.63 103.204 0.629106 0 0.370894
1.4601e+18 27.977 235.325 998.176 71.9721 1622.64 103.151 0.629066 0 0.370934
1.4572e+18 27.9748 235.125 998.007 71.9605 1622.64 103.099 0.629025 0 0.370975
1.4543e+18 27.9728 234.93 997.84 71.9487 1622.64 103.047 0.628985 0 0.371015
1.4514e+18 27.9712 234.738 997.677 71.9368 1622.65 102.995 0.628944 0 0.371056
1.4485e+18 27.9699 234.55 997.517 71.9246 1622.66 102.944 0.628903 0 0.371097
1.4456e+18 27.969 234.365 997.36 71.9123 1622.66 102.893 0.628861 0 0.371139
1.4427e+18 27.9683 234.184 997.206 71.8999 1622.67 102.843 0.628819 0 0.371181
1.4398e+18 27.9679 234.006 997.055 71.8873 1622.68 102.792 0.628777 0 0.371223
1.4369e+18 27.9678 233.831 996.906 71.8745 1622.69 102.743 0.628735 0 0.371265
1.434e+18 27.9679 233.659 996.76 71.8617 1622.7 102.693 0.628693 0 0.371307
1.4311e+18 27.9683 233.49 996.616 71.8486 1622.71 102.643 0.62865 0 0.37135
1.4282e+18 28.1727 239.323 1001.57 71.8837 1622.7 102.683 0.628749 0 0.371251
1.4253e+18 28.1267 238.836 1001.16 71.9863 1622.66 102.846 0.629047 0 0.370953
1.4224e+18 28.0938 238.441 1000.83 72.061 1622.64 102.96 0.629263 0 0.370737
1.4195e+18 28.0677 238.094 1000.53 72.1213 1622.62 103.048 0.629437 0 0.370563
1.4166e+18 28.0459 237.778 1000.26 72.1723 1622.61 103.121 0.629585 0 0.370415
1.4137e+18 28.0273 237.484 1000.01 72.2166 1622.6 103.183 0.629712 0 0.370288
1.4108e+18 28.0111 237.207 999.776 72.2558 1622.59 103.236 0.629825 0 0.370175
1.4079e+18 27.9969 236.945 999.553 72.2908 1622.58 103.283 0.629926 0 0.370074
1.405e+18 27.9843 236.695 999.341 72.3223 1622.58 103.325 0.630017 0 0.369983
1.4021e+18 27.9732 236.455 999.136 72.351 1622.58 103.363 0.6301 0 0.3699
1.3992e+18 27.9632 236.223 998.94 72.377 1622.58 103.397 0.630175 0 0.369825
1.3963e+18 27.9544 236 998.75 72.4008 1622.58 103.428 0.630243 0 0.369757
1.3934e+18 27.9465 235.784 998.566 72.4226 1622.59 103.456 0.630306 0 0.369694
1.3905e+18 27.9395 235.574 998.388 72.4426 1622.59 103.482 0.630364 0 0.369636
1.3876e+18 27.9333 235.37 998.214 72.4609 1622.6 103.506 0.630417 0 0.369583
1.3847e+18 27.9279 235.171 998.046 72.4777 1622.6 103.528 0.630465 0 0.369535
1.3818e+18 27.9231 234.978 997.881 72.4931 1622.61 103.548 0.63051 0 0.36949
1.3789e+18 27.919 234.789 997.721 72.5072 1622.62 103.567 0.630551 0 0.369449
1.376e+18 27.9154 234.605 997.564 72.5202 1622.63 103.584 0.630588 0 0.369412
1.3731e+18 27.9125 234.425 997.411 72.532 1622.64 103.6 0.630622 0 0.369378
1.3702e+18 27.91 234.249 997.261 72.5427 1622.66 103.615 0.630653 0 0.369347
1.3673e+18 27.9081 234.076 997.115 72.5525 1622.67 103.629 0.630682 0 0.369318
1.3644e+18 27.9066 233.907 996.971 72.5613 1622.68 103.642 0.630707 0 0.369293
1.3615e+18 27.9056 233.742 996.831 72.5692 1622.7 103.653 0.630731 0 0.369269
1.3586e+18 27.905 233.58 996.693 72.5763 1622.71 103.664 0.630751 0 0.369249
1.3557e+18 27.9048 233.421 996.558 72.5826 1622.73 103.674 0.63077 0 0.36923
1.3528e+18 27.905 233.265 996.425 72.5881 1622.75 103.684 0.630786 0 0.369214
1.3499e+18 27.9055 233.112 996.295 72.5929 1622.77 103.692 0.630801 0 0.369199
1.347e+18 27.9065 232.961 996.167 72.5971 1622.78 103.7 0.630813 0 0.369187
1.3441e+18 27.9078 232.814 996.041 72.6006 1622.8 103.707 0.630823 0 0.369177
1.3412e+18 27.9094 232.668 995.918 72.6034 1622.82 103.714 0.630832 0 0.369168
1.3383e+18 27.9113 232.526 995.797 72.6056 1622.85 103.72 0.630839 0 0.369161
1.3354e+18 27.9135 232.386 995.678 72.6073 1622.87 103.725 0.630844 0 0.369156
1.3325e+18 27.9161 232.248 995.561 72.6084 1622.89 103.73 0.630848 0 0.369152
1.3296e+18 27.9189 232.113 995.446 72.609 1622.91 103.735 0.63085 0 0.36915
1.3267e+18 27.922 231.98 995.333 72.6091 1622.94 103.739 0.63085 0 0.36915
1.3238e+18 27.9254 231.849 995.221 72.6087 1622.96 103.742 0.63085 0 0.36915
1.3209e+18 27.929 231.72 995.112 72.6078 1622.99 103.745 0.630847 0 0.369153
1.318e+18 27.9329 231.593 995.004 72.6065 1623.01 103.748 0.630844 0 0.369156
1.3151e+18 27.937 231.469 994.898 72.6047 1623.04 103.75 0.630839 0 0.369161
1.3122e+18 27.9414 231.346 994.794 72.6026 1623.07 103.751 0.630833 0 0.369167
1.3093e+18 27.946 231.226 994.692 72.6 1623.1 103.753 0.630826 0 0.369174
1.3064e+18 27.9508 231.107 994.591 72.597 1623.13 103.754 0.630818 0 0.369182
1.3035e+18 27.9559 230.99 994.492 72.5937 1623.16 103.754 0.630809 0 0.369191
1.3006e+18 27.9611 230.875 994.394 72.59 1623.19 103.755 0.630798 0 0.369202
1.2977e+18 27.9666 230.762 994.298 72.586 1623.22 103.754 0.630787 0 0.369213
1.2948e+18 27.9722 230.651 994.203 72.5816 1623.25 103.754 0.630775 0 0.369225
1.2919e+18 27.978 230.542 994.11 72.577 1623.28 103.753 0.630761 0 0.369239
1.289e+18 27.9841 230.434 994.019 72.572 1623.32 103.752 0.630747 0 0.369253
1.2861e+18 27.9903 230.328 993.929 72.5667 1623.35 103.751 0.630732 0 0.369268
1.2832e+18 27.9967 230.224 993.84 72.5612 1623.39 103.749 0.630716 0 0.369284
1.2803e+18 28.0032 230.121 993.753 72.5554 1623.42 103.747 0.630699 0 0.369301
1.2774e+18 28.0099 230.02 993.667 72.5493 1623.46 103.745 0.630682 0 0.369318
1.2745e+18 28.0168 229.92 993.582 72.543 1623.5 103.743 0.630664 0 0.369336
1.2716e+18 28.0238 229.823 993.499 72.5364 1623.53 103.74 0.630645 0 0.369355
1.2687e+18 28.031 229.727 993.418 72.5296 1623.57 103.737 0.630625 0 0.369375
1.2658e+18 28.3996 247.423 1008.46 72.6299 1623.51 103.889 0.630909 0 0.369091
1.2629e+18 28.3311 246.57 1007.73 72.7033 1623.4 103.89 0.631097 0 0.368903
1.26e+18 28.2808 245.888 1007.15 72.7549 1623.32 103.877 0.631228 0 0.368772
1.2571e+18 28.2406 245.302 1006.66 72.7951 1623.25 103.857 0.631328 0 0.368672
1.2542e+18 28.2071 244.779 1006.21 72.828 1623.2 103.835 0.631409 0 0.368591
1.2513e+18 28.1784 244.304 1005.81 72.8557 1623.15 103.811 0.631477 0 0.368523
1.2484e+18 28.1535 243.865 1005.43 72.8792 1623.11 103.787 0.631533 0 0.368467
1.2455e+18 28.1317 243.455 1005.09 72.8995 1623.08 103.762 0.631582 0 0.368418
1.2426e+18 28.1124 243.07 1004.76 72.917 1623.05 103.737 0.631623 0 0.368377
1.2397e+18 28.0953 242.707 1004.45 72.9321 1623.02 103.711 0.631659 0 0.368341
1.2368e+18 28.0801 242.361 1004.16 72.9452 1623 103.686 0.631689 0 0.368311
1.2339e+18 28.0666 242.031 1003.88 72.9565 1622.98 103.66 0.631714 0 0.368286
1.231e+18 28.0546 241.716 1003.61 72.9661 1622.97 103.634 0.631736 0 0.368264
1.2281e+18 28.044 241.413 1003.35 72.9743 1622.95 103.608 0.631753 0 0.368247
1.2252e+18 28.0346 241.122 1003.1 72.9811 1622.94 103.582 0.631768 0 0.368232
1.2223e+18 28.0263 240.841 1002.86 72.9867 1622.93 103.555 0.631779 0 0.368221
1.2194e+18 28.019 240.57 1002.63 72.9911 1622.93 103.529 0.631787 0 0.368213
1.2165e+18 28.0128 240.307 1002.41 72.9945 1622.92 103.502 0.631793 0 0.368207
1.2136e+18 28.0074 240.053 1002.2 72.9968 1622.92 103.475 0.631796 0 0.368204
1.2107e+18 28.0028 239.806 1001.99 72.9983 1622.92 103.449 0.631797 0 0.368203
1.2078e+18 27.9991 239.567 1001.78 72.9989 1622.92 103.422 0.631795 0 0.368205
1.2049e+18 27.9961 239.334 1001.58 72.9987 1622.92 103.395 0.631792 0 0.368208
1.202e+18 27.9938 239.108 1001.39 72.9977 1622.92 103.367 0.631786 0 0.368214
1.1991e+18 27.9921 238.887 1001.2 72.996 1622.93 103.34 0.631779 0 0.368221
1.1962e+18 27.9911 238.672 1001.02 72.9935 1622.93 103.313 0.63177 0 0.36823
1.1933e+18 27.9907 238.463 1000.84 72.9905 1622.94 103.285 0.631759 0 0.368241
1.1904e+18 27.9909 238.258 1000.67 72.9868 1622.95 103.257 0.631747 0 0.368253
1.1875e+18 27.9916 238.059 1000.5 72.9826 1622.96 103.229 0.631733 0 0.368267
1.1846e+18 27.9928 237.864 1000.33 72.9777 1622.97 103.201 0.631718 0 0.368282
1.1817e+18 27.9946 237.673 1000.17 72.9724 1622.99 103.173 0.631701 0 0.368299
1.1788e+18 27.9968 237.487 1000.01 72.9665 1623 103.145 0.631684 0 0.368316
1.1759e+18 27.9995 237.304 999.859 72.9602 1623.02 103.116 0.631665 0 0.368335
1.173e+18 28.0026 237.126 999.707 72.9534 1623.04 103.088 0.631644 0 0.368356
1.1701e+18 28.0061 236.952 999.559 72.9462 1623.05 103.059 0.631623 0 0.368377
1.1672e+18 28.0101 236.781 999.414 72.9385 1623.07 103.03 0.6316 0 0.3684
1.1643e+18 28.0144 236.613 999.271 72.9305 1623.09 103.001 0.631577 0 0.368423
1.1614e+18 28.0192 236.45 999.132 72.922 1623.12 102.972 0.631553 0 0.368447
1.1585e+18 28.0243 236.289 998.996 72.9132 1623.14 102.942 0.631527 0 0.368473
1.1556e+18 28.0298 236.132 998.862 72.9041 1623.16 102.913 0.631501 0 0.368499
1.1527e+18 28.0356 235.978 998.731 72.8946 1623.19 102.883 0.631474 0 0.368526
1.1498e+18 28.0417 235.826 998.602 72.8849 1623.21 102.853 0.631446 0 0.368554
1.1469e+18 28.0482 235.678 998.477 72.8748 1623.24 102.823 0.631417 0 0.368583
1.144e+18 28.1494 239.76 1001.95 72.9308 1623.23 102.945 0.63158 0 0.36842
1.1411e+18 28.1145 239.34 1001.59 73.0072 1623.2 103.114 0.631804 0 0.368196
1.1382e+18 28.0917 239.005 1001.3 73.0619 1623.19 103.235 0.631964 0 0.368036
1.1353e+18 28.075 238.711 1001.05 73.1054 1623.18 103.332 0.632092 0 0.367908
1.1324e+18 28.0623 238.445 1000.83 73.1418 1623.19 103.414 0.6322 0 0.3678
1.1295e+18 28.0525 238.199 1000.62 73.1729 1623.19 103.485 0.632292 0 0.367708
1.1266e+18 28.0449 237.968 1000.42 73.2001 1623.2 103.549 0.632373 0 0.367627
1.1237e+18 28.0391 237.749 1000.24 73.224 1623.21 103.606 0.632445 0 0.367555
1.1208e+18 28.0349 237.541 1000.06 73.2451 1623.22 103.659 0.632509 0 0.367491
1.1179e+18 28.032 237.342 999.891 73.264 1623.24 103.707 0.632566 0 0.367434
1.115e+18 28.0302 237.151 999.728 73.2807 1623.26 103.752 0.632617 0 0.367383
1.1121e+18 28.0295 236.967 999.572 73.2957 1623.28 103.794 0.632664 0 0.367336
1.1092e+18 28.0297 236.789 999.421 73.309 1623.3 103.833 0.632705 0 0.367295
1.1063e+18 28.0308 236.617 999.274 73.3209 1623.32 103.869 0.632742 0 0.367258
1.1034e+18 28.0326 236.45 999.133 73.3314 1623.35 103.904 0.632775 0 0.367225
1.1005e+18 28.0352 236.288 998.995 73.3407 1623.37 103.937 0.632805 0 0.367195
1.0976e+18 28.0384 236.131 998.861 73.3488 1623.4 103.967 0.632832 0 0.367168
1.0947e+18 28.0423 235.978 998.731 73.3559 1623.43 103.997 0.632855 0 0.367145
1.0918e+18 28.0467 235.828 998.604 73.362 1623.46 104.025 0.632875 0 0.367125
1.0889e+18 28.0517 235.683 998.481 73.3671 1623.49 104.051 0.632893 0 0.367107
1.086e+18 28.0572 235.541 998.36 73.3714 1623.52 104.076 0.632909 0 0.367091
1.0831e+18 28.0632 235.403 998.243 73.3748 1623.55 104.1 0.632921 0 0.367079
1.0802e+18 28.2334 245.547 1006.86 73.373 1623.56 104.066 0.632911 0 0.367089
1.0773e+18 28.208 244.964 1006.37 73.3604 1623.5 103.907 0.632853 0 0.367147
1.0744e+18 28.1889 244.464 1005.94 73.3488 1623.46 103.772 0.632803 0 0.367197
1.0715e+18 28.174 244.019 1005.57 73.3377 1623.43 103.653 0.632756 0 0.367244
1.0686e+18 28.1623 243.614 1005.22 73.3265 1623.41 103.546 0.632712 0 0.367288
1.0657e+18 28.153 243.241 1004.9 73.3154 1623.39 103.446 0.632669 0 0.367331
1.0628e+18 28.1458 242.893 1004.61 73.304 1623.38 103.352 0.632627 0 0.367373
1.0599e+18 28.1403 242.565 1004.33 73.2924 1623.37 103.263 0.632586 0 0.367414
1.057e+18 28.1363 242.256 1004.07 73.2805 1623.37 103.177 0.632545 0 0.367455
1.0541e+18 28.1336 241.961 1003.82 73.2684 1623.37 103.096 0.632503 0 0.367497
1.0512e+18 28.1321 241.681 1003.58 73.2559 1623.37 103.016 0.632462 0 0.367538
1.0483e+18 28.1317 241.413 1003.35 73.2432 1623.37 102.939 0.63242 0 0.36758
1.0454e+18 28.1322 241.155 1003.13 73.2302 1623.38 102.864 0.632378 0 0.367622
1.0425e+18 28.1336 240.908 1002.92 73.2169 1623.39 102.791 0.632336 0 0.367664
1.0396e+18 28.1774 244.147 1005.68 73.3065 1623.31 102.964 0.63259 0 0.36741
1.0367e+18 28.1432 243.675 1005.27 73.3612 1623.27 103.058 0.632744 0 0.367256
1.0338e+18 28.1189 243.275 1004.93 73.4008 1623.24 103.12 0.632855 0 0.367145
1.0309e+18 28.1004 242.917 1004.63 73.4318 1623.22 103.165 0.632943 0 0.367057
1.028e+18 28.0859 242.589 1004.35 73.457 1623.21 103.199 0.633014 0 0.366986
1.0251e+18 28.0743 242.283 1004.09 73.4778 1623.2 103.226 0.633074 0 0.366926
1.0222e+18 28.0652 241.995 1003.85 73.4953 1623.19 103.247 0.633124 0 0.366876
1.0193e+18 28.0581 241.722 1003.61 73.5099 1623.19 103.263 0.633166 0 0.366834
1.0164e+18 28.0527 241.462 1003.39 73.5222 1623.19 103.276 0.633202 0 0.366798
1.0135e+18 28.0489 241.213 1003.18 73.5324 1623.2 103.286 0.633232 0 0.366768
1.0106e+18 28.0464 240.975 1002.98 73.5408 1623.2 103.293 0.633257 0 0.366743
1.0077e+18 28.0452 240.745 1002.78 73.5475 1623.21 103.298 0.633278 0 0.366722
1.0048e+18 28.0451 240.524 1002.6 73.5528 1623.22 103.302 0.633295 0 0.366705
1.0019e+18 28.0461 240.31 1002.41 73.5568 1623.24 103.303 0.633308 0 0.366692
9.99e+17 28.048 240.103 1002.24 73.5596 1623.25 103.303 0.633318 0 0.366682
9.961e+17 28.0507 239.903 1002.07 73.5612 1623.27 103.302 0.633325 0 0.366675
9.932e+17 28.0544 239.708 1001.9 73.5618 1623.29 103.299 0.63333 0 0.36667
9.903e+17 28.0588 239.52 1001.74 73.5615 1623.31 103.296 0.633331 0 0.366669
9.874e+17 28.0639 239.336 1001.59 73.5602 1623.33 103.291 0.63333 0 0.36667
9.845e+17 28.0698 239.158 1001.43 73.5582 1623.36 103.285 0.633327 0 0.366673
9.816e+17 28.0763 238.984 1001.29 73.5553 1623.39 103.279 0.633322 0 0.366678
9.787e+17 28.0835 238.815 1001.14 73.5517 1623.41 103.272 0.633315 0 0.366685
9.758e+17 28.0912 238.651 1001 73.5475 1623.44 103.263 0.633305 0 0.366695
9.729e+17 28.0996 238.491 1000.87 73.5425 1623.48 103.254 0.633294 0 0.366706
9.7e+17 28.1084 238.334 1000.73 73.537 1623.51 103.245 0.633282 0 0.366718
9.671e+17 28.1178 238.182 1000.6 73.5309 1623.54 103.234 0.633268 0 0.366732
9.642e+17 28.1277 238.033 1000.48 73.5243 1623.58 103.223 0.633252 0 0.366748
9.613e+17 28.1381 237.888 1000.35 73.5171 1623.62 103.212 0.633235 0 0.366765
9.584e+17 28.149 237.746 1000.23 73.5095 1623.66 103.2 0.633216 0 0.366784
9.555e+17 28.1603 237.608 1000.12 73.5014 1623.7 103.187 0.633196 0 0.366804
9.526e+17 28.2024 240.552 1002.62 73.5802 1623.67 103.41 0.633426 0 0.366574
9.497e+17 28.1799 240.201 1002.32 73.6348 1623.66 103.568 0.633587 0 0.366413
9.468e+17 28.1667 239.914 1002.08 73.6747 1623.66 103.689 0.633705 0 0.366295
9.439e+17 28.1586 239.662 1001.86 73.7065 1623.68 103.79 0.633801 0 0.366199
9.41e+17 28.2719 247.854 1008.83 73.7319 1623.68 103.853 0.633875 0 0.366125
9.381e+17 28.2295 247.101 1008.19 73.7445 1623.59 103.729 0.633888 0 0.366112
9.352e+17 28.1996 246.502 1007.68 73.7545 1623.54 103.637 0.633901 0 0.366099
9.323e+17 28.177 245.989 1007.24 73.7621 1623.49 103.562 0.63391 0 0.36609
9.294e+17 28.1595 245.534 1006.85 73.7676 1623.46 103.496 0.633917 0 0.366083
9.265e+17 28.1459 245.122 1006.5 73.7713 1623.44 103.436 0.63392 0 0.36608
9.236e+17 28.1354 244.743 1006.18 73.7734 1623.42 103.38 0.633919 0 0.366081
9.207e+17 28.1275 244.391 1005.88 73.774 1623.41 103.327 0.633916 0 0.366084
9.178e+17 28.1218 244.061 1005.6 73.7733 1623.4 103.277 0.63391 0 0.36609
9.149e+17 28.118 243.751 1005.34 73.7714 1623.4 103.228 0.633902 0 0.366098
9.12e+17 28.1159 243.456 1005.09 73.7683 1623.4 103.18 0.633891 0 0.366109
9.091e+17 28.1154 243.177 1004.85 73.7643 1623.4 103.133 0.633878 0 0.366122
9.062e+17 28.1162 242.91 1004.62 73.7593 1623.41 103.087 0.633862 0 0.366138
9.033e+17 28.1184 242.655 1004.41 73.7534 1623.42 103.041 0.633845 0 0.366155
9.004e+17 28.1217 242.41 1004.2 73.7467 1623.43 102.996 0.633826 0 0.366174
8.975e+17 28.1261 242.175 1004 73.7392 1623.45 102.951 0.633805 0 0.366195
8.946e+17 28.1315 241.948 1003.81 73.731 1623.47 102.907 0.633783 0 0.366217
8.917e+17 28.3242 241.933 1003.79 73.7571 1623.52 102.803 0.633901 0 0.366099
8.888e+17 28.3323 241.711 1003.6 73.7723 1623.57 102.715 0.633976 0 0.366024
8.859e+17 28.3409 241.498 1003.42 73.7809 1623.62 102.637 0.634026 0 0.365974
8.83e+17 28.3918 244.164 1005.69 73.8373 1623.64 102.652 0.634222 0 0.365778
8.801e+17 28.3545 243.648 1005.25 73.9355 1623.62 102.768 0.634544 0 0.365456
8.772e+17 28.3349 243.265 1004.93 73.996 1623.62 102.831 0.634745 0 0.365255
8.743e+17 28.3228 242.938 1004.65 74.0414 1623.64 102.874 0.634898 0 0.365102
8.714e+17 28.3151 242.643 1004.4 74.0778 1623.65 102.906 0.635023 0 0.364977
8.685e+17 28.3106 242.371 1004.17 74.1079 1623.67 102.931 0.635128 0 0.364872
8.656e+17 28.3086 242.118 1003.95 74.1333 1623.69 102.95 0.635219 0 0.364781
8.627e+17 28.3088 241.879 1003.75 74.1549 1623.72 102.964 0.635297 0 0.364703
8.598e+17 28.3107 241.652 1003.55 74.1734 1623.75 102.975 0.635366 0 0.364634
8.569e+17 28.3141 241.436 1003.37 74.1892 1623.78 102.984 0.635427 0 0.364573
8.54e+17 28.3189 241.229 1003.19 74.2026 1623.81 102.99 0.635481 0 0.364519
8.511e+17 28.325 241.03 1003.03 74.214 1623.84 102.994 0.635528 0 0.364472
8.482e+17 28.3322 240.839 1002.86 74.2236 1623.88 102.996 0.635569 0 0.364431
8.453e+17 28.3404 240.655 1002.71 74.2315 1623.92 102.996 0.635606 0 0.364394
8.424e+17 28.3496 240.477 1002.56 74.2379 1623.96 102.995 0.635637 0 0.364363
8.395e+17 28.3597 240.306 1002.41 74.2429 1624.01 102.993 0.635665 0 0.364335
8.366e+17 28.3707 240.14 1002.27 74.2467 1624.05 102.99 0.635689 0 0.364311
8.337e+17 28.3824 239.979 1002.13 74.2493 1624.1 102.985 0.635709 0 0.364291
8.308e+17 28.3949 239.823 1002 74.2509 1624.15 102.979 0.635725 0 0.364275
8.279e+17 28.4636 246.242 1007.46 74.2343 1624.11 102.794 0.635658 0 0.364342
8.25e+17 28.4489 245.706 1007 74.2188 1624.08 102.629 0.635599 0 0.364401
8.221e+17 28.4407 245.259 1006.62 74.2046 1624.06 102.489 0.635549 0 0.364451
8.192e+17 28.43 247.173 1008.25 74.285 1623.96 102.588 0.635777 0 0.364223
8.163e+17 28.3935 246.593 1007.75 74.3294 1623.91 102.617 0.635904 0 0.364096
8.134e+17 28.3693 246.114 1007.35 74.3598 1623.88 102.622 0.635992 0 0.364008
8.105e+17 28.3522 245.694 1006.99 74.3825 1623.86 102.617 0.63606 0 0.36394
8.076e+17 28.3399 245.315 1006.67 74.4001 1623.85 102.605 0.636113 0 0.363887
8.047e+17 28.3315 244.968 1006.37 74.4139 1623.84 102.589 0.636157 0 0.363843
8.018e+17 28.3262 244.646 1006.1 74.4246 1623.84 102.57 0.636192 0 0.363808
7.989e+17 28.3234 244.345 1005.84 74.4327 1623.85 102.548 0.636221 0 0.363779
7.96e+17 28.3229 244.061 1005.6 74.4387 1623.86 102.525 0.636244 0 0.363756
7.931e+17 28.3243 243.792 1005.37 74.4428 1623.87 102.501 0.636262 0 0.363738
7.902e+17 28.3276 243.537 1005.16 74.4451 1623.89 102.475 0.636275 0 0.363725
7.873e+17 28.3324 243.293 1004.95 74.446 1623.91 102.447 0.636285 0 0.363715
7.844e+17 28.3387 243.061 1004.75 74.4455 1623.94 102.419 0.636291 0 0.363709
7.815e+17 28.3463 242.838 1004.56 74.4438 1623.97 102.39 0.636293 0 0.363707
7.786e+17 28.3552 242.624 1004.38 74.4409 1624 102.359 0.636293 0 0.363707
7.757e+17 28.3653 242.419 1004.21 74.4369 1624.04 102.328 0.636289 0 0.363711
7.728e+17 28.3764 242.221 1004.04 74.432 1624.07 102.296 0.636284 0 0.363716
7.699e+17 28.3886 242.031 1003.88 74.4262 1624.11 102.264 0.636275 0 0.363725
7.67e+17 28.4201 244.138 1005.67 74.4613 1624.11 102.349 0.636385 0 0.363615
7.641e+17 28.3912 243.69 1005.29 74.52 1624.09 102.506 0.636565 0 0.363435
7.612e+17 28.3784 243.355 1005 74.5565 1624.1 102.603 0.63668 0 0.36332
7.583e+17 28.3726 243.067 1004.76 74.5835 1624.11 102.676 0.636768 0 0.363232
7.554e+17 28.3711 242.809 1004.54 74.6046 1624.13 102.736 0.636839 0 0.363161
7.525e+17 28.3729 242.571 1004.34 74.6215 1624.16 102.785 0.636897 0 0.363103
7.496e+17 28.3772 242.35 1004.15 74.635 1624.19 102.828 0.636947 0 0.363053
7.467e+17 28.3837 242.142 1003.97 74.6459 1624.22 102.866 0.636988 0 0.363012
7.438e+17 28.4395 247.654 1008.66 74.648 1624.2 102.793 0.636988 0 0.363012
7.409e+17 28.415 247.006 1008.1 74.6428 1624.15 102.64 0.636956 0 0.363044
7.38e+17 28.4013 246.499 1007.67 74.6378 1624.13 102.523 0.636932 0 0.363068
7.351e+17 28.3938 246.067 1007.31 74.6321 1624.11 102.424 0.63691 0 0.36309
7.322e+17 28.3905 245.684 1006.98 74.6256 1624.11 102.334 0.636889 0 0.363111
7.293e+17 28.3906 245.338 1006.69 74.6181 1624.12 102.251 0.636866 0 0.363134
7.264e+17 28.3933 245.019 1006.42 74.6096 1624.13 102.172 0.636842 0 0.363158
7.235e+17 28.3984 244.724 1006.17 74.6003 1624.14 102.096 0.636817 0 0.363183
7.206e+17 28.4376 246.656 1007.81 74.6 1624.15 102.052 0.636818 0 0.363182
7.177e+17 28.3895 246.029 1007.27 74.6661 1624.09 102.212 0.637009 0 0.362991
7.148e+17 28.3691 245.603 1006.91 74.6985 1624.07 102.278 0.637106 0 0.362894
7.119e+17 28.3579 245.242 1006.61 74.7203 1624.06 102.318 0.637174 0 0.362826
7.09e+17 28.3523 244.921 1006.33 74.7359 1624.06 102.345 0.637224 0 0.362776
7.061e+17 28.3507 244.628 1006.08 74.7472 1624.07 102.362 0.637263 0 0.362737
7.032e+17 28.3523 244.356 1005.85 74.7553 1624.09 102.373 0.637292 0 0.362708
7.003e+17 28.3565 244.102 1005.64 74.7606 1624.11 102.379 0.637315 0 0.362685
6.974e+17 28.3631 243.863 1005.43 74.7637 1624.14 102.381 0.637331 0 0.362669
6.945e+17 28.3716 243.637 1005.24 74.7649 1624.17 102.38 0.637343 0 0.362657
6.916e+17 28.3819 243.422 1005.06 74.7643 1624.2 102.377 0.637349 0 0.362651
6.887e+17 28.3939 243.217 1004.88 74.7623 1624.24 102.371 0.637352 0 0.362648
6.858e+17 28.4074 243.021 1004.72 74.7588 1624.29 102.363 0.637351 0 0.362649
6.829e+17 28.4223 242.834 1004.56 74.7542 1624.33 102.353 0.637346 0 0.362654
6.8e+17 28.4384 242.654 1004.41 74.7485 1624.38 102.341 0.637338 0 0.362662
6.771e+17 28.4622 244.363 1005.86 74.778 1624.39 102.448 0.637431 0 0.362569
6.742e+17 28.4735 248.864 1009.68 74.8241 1624.33 102.534 0.637558 0 0.362442
6.713e+17 28.4281 248.053 1009 74.8449 1624.24 102.452 0.637599 0 0.362401
6.684e+17 28.4028 247.467 1008.5 74.8578 1624.2 102.395 0.637626 0 0.362374
6.655e+17 28.3875 246.987 1008.09 74.8657 1624.17 102.346 0.637644 0 0.362356
6.626e+17 28.3788 246.571 1007.74 74.8701 1624.16 102.3 0.637655 0 0.362345
6.597e+17 28.375 246.201 1007.42 74.8717 1624.15 102.256 0.637659 0 0.362341
6.568e+17 28.3751 245.865 1007.14 74.8709 1624.16 102.213 0.637658 0 0.362342
6.539e+17 28.3785 245.557 1006.87 74.8681 1624.17 102.17 0.637653 0 0.362347
6.51e+17 28.3846 245.27 1006.63 74.8636 1624.19 102.127 0.637644 0 0.362356
6.481e+17 28.3932 245.003 1006.4 74.8575 1624.22 102.084 0.637632 0 0.362368
6.452e+17 28.404 244.752 1006.19 74.8501 1624.25 102.04 0.637616 0 0.362384
6.423e+17 28.4167 244.515 1005.99 74.8414 1624.29 101.996 0.637597 0 0.362403
6.394e+17 28.4158 245.903 1007.17 74.8861 1624.25 102.138 0.637728 0 0.362272
6.365e+17 28.3974 245.49 1006.82 74.9194 1624.24 102.248 0.637829 0 0.362171
6.336e+17 28.391 245.159 1006.54 74.9395 1624.24 102.318 0.637892 0 0.362108
6.307e+17 28.391 244.87 1006.29 74.9529 1624.26 102.368 0.637938 0 0.362062
6.278e+17 28.3954 244.609 1006.07 74.9618 1624.28 102.408 0.637971 0 0.362029
6.249e+17 28.4033 244.369 1005.86 74.9674 1624.31 102.439 0.637996 0 0.362004
6.22e+17 28.4139 244.145 1005.67 74.9703 1624.35 102.464 0.638013 0 0.361987
6.191e+17 28.4269 243.935 1005.5 74.971 1624.39 102.484 0.638024 0 0.361976
6.162e+17 28.4602 247.925 1008.89 74.9646 1624.38 102.37 0.637997 0 0.362003
6.133e+17 28.4458 247.317 1008.37 74.954 1624.35 102.205 0.637954 0 0.362046
6.104e+17 28.4424 246.853 1007.98 74.9431 1624.34 102.078 0.637917 0 0.362083
6.075e+17 28.4628 248.163 1009.09 74.94 1624.34 102 0.637905 0 0.362095
6.046e+17 28.4133 247.465 1008.5 74.9908 1624.26 102.124 0.638044 0 0.361956
6.017e+17 28.3945 246.998 1008.1 75.012 1624.23 102.159 0.638104 0 0.361896
5.988e+17 28.3859 246.608 1007.77 75.0241 1624.22 102.173 0.63814 0 0.36186
5.959e+17 28.3839 246.266 1007.48 75.0308 1624.23 102.176 0.638163 0 0.361837
5.93e+17 28.3866 245.957 1007.21 75.0338 1624.24 102.171 0.638176 0 0.361824
5.901e+17 28.3932 245.674 1006.97 75.0339 1624.26 102.163 0.638182 0 0.361818
5.872e+17 28.403 245.412 1006.75 75.0315 1624.29 102.15 0.638181 0 0.361819
5.843e+17 28.4156 245.168 1006.54 75.0271 1624.33 102.134 0.638176 0 0.361824
5.814e+17 28.4307 244.939 1006.35 75.0209 1624.37 102.115 0.638166 0 0.361834
5.785e+17 28.4537 246.213 1007.43 74.8426 1624.28 102.133 0.637599 0 0.362401
5.756e+17 28.4494 245.888 1007.15 75.0494 1624.4 102.246 0.63826 0 0.36174
5.727e+17 28.4367 245.505 1006.83 75.0788 1624.4 102.376 0.63835 0 0.36165
5.698e+17 28.4365 245.205 1006.57 75.0955 1624.42 102.464 0.638406 0 0.361594
5.669e+17 28.4377 248.42 1009.31 75.1003 1624.35 102.327 0.638401 0 0.361599
5.64e+17 28.4211 247.838 1008.81 75.1009 1624.31 102.226 0.638394 0 0.361606
5.611e+17 28.4104 248.713 1009.56 74.8357 1624.09 102.191 0.637532 0 0.362468
5.582e+17 28.396 248.191 1009.11 74.6793 1623.98 102.153 0.637027 0 0.362973
5.553e+17 28.3904 247.751 1008.74 74.5608 1623.9 102.115 0.636648 0 0.363352
5.524e+17 28.3905 247.362 1008.41 74.4578 1623.85 102.078 0.636321 0 0.363679
5.495e+17 28.3949 247.008 1008.11 74.3635 1623.82 102.041 0.636025 0 0.363975
5.466e+17 28.3923 248.021 1008.97 74.5284 1623.87 102.168 0.636543 0 0.363457
5.437e+17 28.3844 247.641 1008.65 74.6047 1623.9 102.243 0.636785 0 0.363215
5.408e+17 28.3839 247.304 1008.36 74.6186 1623.92 102.291 0.636831 0 0.363169
5.379e+17 28.3876 246.99 1008.09 74.6017 1623.92 102.328 0.636782 0 0.363218
5.35e+17 28.3948 246.693 1007.84 74.567 1623.93 102.358 0.636677 0 0.363323
5.321e+17 28.4048 246.413 1007.6 74.5217 1623.94 102.384 0.63654 0 0.36346
5.292e+17 28.4177 246.147 1007.37 74.47 1623.95 102.406 0.636384 0 0.363616
5.263e+17 28.4224 248.968 1009.77 74.3561 1623.84 102.248 0.636007 0 0.363993
5.234e+17 28.4093 248.356 1009.25 74.256 1623.76 102.112 0.63568 0 0.36432
5.205e+17 28.3805 249.024 1009.82 74.4062 1623.74 102.213 0.636137 0 0.363863
5.176e+17 28.3649 248.529 1009.4 74.4271 1623.72 102.226 0.636197 0 0.363803
5.147e+17 28.359 248.109 1009.04 74.4164 1623.7 102.225 0.636162 0 0.363838
5.118e+17 28.3593 247.734 1008.72 74.3892 1623.69 102.218 0.636077 0 0.363923
5.089e+17 28.3645 247.393 1008.43 74.3517 1623.69 102.208 0.635963 0 0.364037
5.06e+17 28.3737 247.079 1008.17 74.3074 1623.69 102.196 0.635829 0 0.364171
5.031e+17 28.3863 246.786 1007.92 74.2584 1623.7 102.181 0.635681 0 0.364319
5.002e+17 28.4105 247.777 1008.76 74.2387 1623.72 102.2 0.635625 0 0.364375
4.973e+17 28.3905 247.307 1008.36 74.3644 1623.76 102.373 0.636018 0 0.363982
4.944e+17 28.3926 246.981 1008.08 74.3978 1623.79 102.458 0.636128 0 0.363872
4.915e+17 28.3958 249.535 1010.25 74.3709 1623.73 102.385 0.636031 0 0.363969
4.886e+17 28.376 248.87 1009.69 74.3222 1623.66 102.272 0.635865 0 0.364135
4.857e+17 28.3707 248.374 1009.27 74.2738 1623.63 102.193 0.635709 0 0.364291
4.828e+17 28.3733 247.958 1008.91 74.2231 1623.61 102.126 0.63555 0 0.36445
4.799e+17 28.3817 247.593 1008.6 74.1699 1623.61 102.065 0.635386 0 0.364614
4.77e+17 28.3641 248.234 1009.15 74.2811 1623.6 102.212 0.635727 0 0.364273
4.741e+17 28.3593 247.836 1008.81 74.3065 1623.61 102.266 0.635808 0 0.364192
4.712e+17 28.3638 247.497 1008.52 74.3059 1623.63 102.297 0.635811 0 0.364189
4.683e+17 28.3742 247.192 1008.26 74.2907 1623.65 102.316 0.63577 0 0.36423
4.654e+17 28.3892 246.913 1008.03 74.2658 1623.68 102.329 0.6357 0 0.3643
4.625e+17 28.408 246.654 1007.81 74.234 1623.72 102.336 0.63561 0 0.36439
4.596e+17 28.4062 249.883 1010.55 74.2326 1623.64 102.25 0.635587 0 0.364413
4.567e+17 28.3691 249.14 1009.92 74.2788 1623.59 102.256 0.635715 0 0.364285
4.538e+17 28.3578 248.63 1009.49 74.2795 1623.56 102.237 0.635713 0 0.364287
4.509e+17 28.3577 248.212 1009.13 74.2635 1623.56 102.214 0.635664 0 0.364336
4.48e+17 28.3651 247.849 1008.82 74.2374 1623.57 102.188 0.635586 0 0.364414
4.451e+17 28.3782 247.526 1008.55 74.2041 1623.58 102.16 0.635489 0 0.364511
4.422e+17 28.3924 248.227 1009.14 74.2106 1623.6 102.197 0.635514 0 0.364486
4.393e+17 28.4274 247.974 1008.93 74.321 1623.65 102.265 0.635898 0 0.364102
4.364e+17 28.4344 247.624 1008.63 74.3574 1623.7 102.293 0.636039 0 0.363961
4.335e+17 28.4549 249.836 1010.51 74.3578 1623.72 102.258 0.636054 0 0.363946
4.306e+17 28.4362 249.09 1009.88 74.3193 1623.66 102.086 0.635926 0 0.364074
4.277e+17 28.4382 248.595 1009.46 74.2844 1623.65 101.972 0.635823 0 0.364177
4.248e+17 28.4223 248.996 1009.8 74.3527 1623.64 102.028 0.63604 0 0.36396
4.219e+17 28.4147 248.529 1009.4 74.385 1623.65 102.054 0.636149 0 0.363851
4.19e+17 28.4204 248.152 1009.08 74.3902 1623.67 102.054 0.636178 0 0.363822
4.161e+17 28.434 247.823 1008.8 74.3814 1623.7 102.043 0.636165 0 0.363835
4.132e+17 28.4535 247.529 1008.55 74.3633 1623.75 102.026 0.636124 0 0.363876
4.103e+17 28.4611 248.074 1009.01 74.4093 1623.78 102.121 0.636279 0 0.363721
4.074e+17 28.44 249.67 1010.37 74.4358 1623.72 102.066 0.636349 0 0.363651
4.045e+17 28.4273 249.064 1009.85 74.4299 1623.69 101.99 0.636327 0 0.363673
4.016e+17 28.4304 248.613 1009.47 74.4129 1623.69 101.928 0.636279 0 0.363721
3.987e+17 28.443 248.236 1009.15 74.3881 1623.71 101.87 0.636211 0 0.363789
3.958e+17 28.4368 248.63 1009.49 74.4413 1623.72 101.96 0.636381 0 0.363619
3.929e+17 28.4363 248.218 1009.14 74.4708 1623.74 102.023 0.636481 0 0.363519
3.9e+17 28.4492 247.887 1008.85 74.4748 1623.78 102.052 0.636506 0 0.363494
3.871e+17 28.4761 249.754 1010.44 74.4614 1623.81 102.033 0.636475 0 0.363525
3.842e+17 28.4637 249.006 1009.81 74.4182 1623.76 101.84 0.63633 0 0.36367
3.813e+17 28.4327 249.144 1009.92 74.4888 1623.71 101.923 0.636541 0 0.363459
3.784e+17 28.4322 248.689 1009.54 74.4949 1623.72 101.918 0.636564 0 0.363436
3.755e+17 28.4441 248.319 1009.22 74.4848 1623.75 101.899 0.636543 0 0.363457
3.726e+17 28.4645 248 1008.95 74.465 1623.79 101.874 0.636494 0 0.363506
3.697e+17 28.459 248.328 1009.23 74.5258 1623.8 102.018 0.636687 0 0.363313
3.668e+17 28.4582 249.766 1010.45 74.5345 1623.78 101.988 0.63671 0 0.36329
3.639e+17 28.449 249.125 1009.91 74.5163 1623.76 101.874 0.636649 0 0.363351
3.61e+17 28.4588 248.681 1009.53 74.4914 1623.77 101.792 0.636577 0 0.363423
3.581e+17 28.4442 248.884 1009.7 74.5454 1623.76 101.896 0.636743 0 0.363257
3.552e+17 28.4497 248.481 1009.36 74.557 1623.78 101.931 0.636787 0 0.363213
3.523e+17 28.4681 248.153 1009.08 74.5505 1623.82 101.941 0.636779 0 0.363221
3.494e+17 28.4918 249.618 1010.33 74.5268 1623.85 101.873 0.636712 0 0.363288
3.465e+17 28.4491 249.454 1010.19 74.5784 1623.77 101.887 0.636853 0 0.363147
3.436e+17 28.4491 248.959 1009.77 74.5769 1623.77 101.856 0.636851 0 0.363149
3.407e+17 28.4644 248.575 1009.44 74.5614 1623.8 101.819 0.636812 0 0.363188
3.378e+17 28.4639 248.8 1009.63 74.5962 1623.81 101.911 0.636924 0 0.363076
3.349e+17 28.4713 248.408 1009.3 74.6154 1623.85 101.986 0.636992 0 0.363008
3.32e+17 28.4694 249.474 1010.2 74.598 1623.82 101.854 0.636931 0 0.363069
3.291e+17 28.4661 249.557 1010.27 74.6014 1623.8 101.813 0.636939 0 0.363061
3.262e+17 28.4554 249.012 1009.81 74.63 1623.8 101.869 0.637027 0 0.362973
3.233e+17 28.4695 248.631 1009.49 74.6269 1623.83 101.874 0.637027 0 0.362973
3.204e+17 28.4958 248.316 1009.22 74.6107 1623.89 101.863 0.636991 0 0.363009
3.175e+17 28.4662 249.748 1010.44 74.6549 1623.82 101.885 0.637111 0 0.362889
3.146e+17 28.4656 249.195 1009.97 74.6479 1623.82 101.821 0.63709 0 0.36291
3.117e+17 28.4817 249.397 1010.14 74.64 1623.84 101.794 0.637072 0 0.362928
3.088e+17 28.4721 248.867 1009.69 74.6792 1623.85 101.909 0.637195 0 0.362805
3.059e+17 28.4925 248.522 1009.39 74.6781 1623.9 101.942 0.637204 0 0.362796
3.03e+17 28.4757 249.812 1010.49 74.6804 1623.84 101.825 0.637196 0 0.362804
3.001e+17 28.4673 249.243 1010.01 74.6977 1623.83 101.846 0.637249 0 0.362751
2.972e+17 28.4851 248.852 1009.67 74.6889 1623.87 101.83 0.637232 0 0.362768
2.943e+17 28.4883 248.951 1009.76 74.7186 1623.89 101.94 0.637329 0 0.362671
2.914e+17 28.484 250.509 1011.08 74.555 1623.73 101.844 0.636804 0 0.363196
2.885e+17 28.4815 249.872 1010.54 74.391 1623.64 101.76 0.636299 0 0.363701
2.856e+17 28.4759 249.859 1010.53 74.4821 1623.68 101.837 0.636602 0 0.363398
2.827e+17 28.4917 249.427 1010.16 74.419 1623.68 101.854 0.63642 0 0.36358
2.798e+17 28.4685 250.434 1011.02 74.4063 1623.61 101.79 0.63637 0 0.36363
2.769e+17 28.4672 249.859 1010.53 74.3696 1623.59 101.769 0.63626 0 0.36374
2.74e+17 28.4786 249.89 1010.56 74.3522 1623.6 101.793 0.636216 0 0.363784
2.711e+17 28.4773 250.56 1011.13 74.3642 1623.6 101.818 0.636257 0 0.363743
2.682e+17 28.4742 249.869 1010.54 74.2807 1623.54 101.7 0.635993 0 0.364007
2.653e+17 28.466 249.764 1010.45 74.3372 1623.55 101.781 0.636174 0 0.363826
2.624e+17 28.4883 249.359 1010.11 74.2952 1623.59 101.787 0.636057 0 0.363943
2.595e+17 28.463 250.171 1010.8 74.3192 1623.53 101.757 0.63612 0 0.36388
2.566e+17 28.4747 249.66 1010.36 74.2727 1623.53 101.712 0.635981 0 0.364019
2.537e+17 28.476 249.588 1010.3 74.3215 1623.56 101.817 0.636141 0 0.363859
2.508e+17 28.4766 250.019 1010.67 74.2638 1623.52 101.696 0.635957 0 0.364043
2.479e+17 28.4665 249.819 1010.5 74.3032 1623.51 101.753 0.63608 0 0.36392
2.45e+17 28.4868 249.812 1010.49 74.289 1623.55 101.778 0.636047 0 0.363953
2.421e+17 28.4685 250.075 1010.71 74.295 1623.51 101.732 0.636057 0 0.363943
2.392e+17 28.4711 249.913 1010.58 74.3037 1623.51 101.756 0.636087 0 0.363913
2.363e+17 28.4936 250.549 1011.12 74.2995 1623.56 101.8 0.636087 0 0.363913
2.334e+17 28.4682 250.04 1010.68 74.308 1623.5 101.741 0.636101 0 0.363899
2.305e+17 28.4892 249.58 1010.29 74.2793 1623.53 101.721 0.636022 0 0.363978
2.276e+17 28.476 250.188 1010.81 74.307 1623.51 101.735 0.636102 0 0.363898
2.247e+17 28.4741 249.934 1010.59 74.3208 1623.51 101.755 0.636146 0 0.363854
2.218e+17 28.4989 250.432 1011.02 74.3023 1623.55 101.756 0.636099 0 0.363901
2.189e+17 28.4779 249.949 1010.61 74.3207 1623.51 101.729 0.636147 0 0.363853
2.16e+17 28.4955 249.841 1010.52 74.3729 1623.57 101.749 0.636346 0 0.363654
2.131e+17 28.4905 250.306 1010.91 74.3796 1623.56 101.663 0.636373 0 0.363627
2.102e+17 28.5046 249.776 1010.46 74.3893 1623.6 101.665 0.63642 0 0.36358
2.073e+17 28.4948 250.181 1010.8 74.4127 1623.58 101.636 0.636494 0 0.363506
2.044e+17 28.5009 249.919 1010.58 74.4375 1623.61 101.673 0.636583 0 0.363417
2.015e+17 28.4967 250.297 1010.9 74.4487 1623.6 101.631 0.636619 0 0.363381
1.986e+17 28.5061 250.656 1011.21 74.3685 1623.57 101.659 0.63637 0 0.36363
1.957e+17 28.4926 250.588 1011.15 74.2491 1623.46 101.617 0.635984 0 0.364016
1.928e+17 28.4994 250.29 1010.9 74.2424 1623.47 101.685 0.63597 0 0.36403
1.899e+17 28.4861 250.495 1011.07 74.2077 1623.42 101.648 0.635853 0 0.364147
1.87e+17 28.4871 250.8 1011.33 74.1936 1623.41 101.664 0.635809 0 0.364191
1.841e+17 28.4871 250.384 1010.98 74.1815 1623.4 101.677 0.635772 0 0.364228
1.812e+17 28.4824 250.571 1011.14 74.1654 1623.37 101.657 0.635718 0 0.364282
1.783e+17 28.493 250.903 1011.42 74.1643 1623.39 101.7 0.63572 0 0.36428
1.754e+17 28.488 250.372 1010.97 74.1518 1623.37 101.676 0.635678 0 0.364322
1.725e+17 28.4925 250.558 1011.12 74.1639 1623.38 101.615 0.635736 0 0.364264
1.696e+17 28.5008 250.737 1011.28 74.1716 1623.4 101.6 0.635775 0 0.364225
1.667e+17 28.4997 250.483 1011.06 74.2038 1623.41 101.632 0.635885 0 0.364115
1.638e+17 28.4957 250.512 1011.09 74.2147 1623.4 101.608 0.635922 0 0.364078
1.609e+17 28.4978 250.554 1011.12 74.2187 1623.41 101.584 0.635939 0 0.364061
1.58e+17 28.5052 250.605 1011.16 74.2179 1623.42 101.56 0.635942 0 0.364058
1.551e+17 28.5029 250.809 1011.34 74.2499 1623.43 101.598 0.636044 0 0.363956
1.522e+17 28.5144 250.341 1010.94 74.2588 1623.46 101.615 0.63608 0 0.36392
1.493e+17 28.5063 250.834 1011.36 74.1925 1623.39 101.631 0.635864 0 0.364136
1.464e+17 28.5022 250.699 1011.24 74.1177 1623.33 101.632 0.635623 0 0.364377
1.435e+17 28.5019 250.779 1011.31 74.1164 1623.33 101.616 0.635635 0 0.364365
1.406e+17 28.5078 250.649 1011.2 74.088 1623.32 101.583 0.635556 0 0.364444
1.377e+17 28.5033 251.066 1011.56 74.0963 1623.31 101.579 0.635585 0 0.364415
1.348e+17 28.4989 250.963 1011.47 74.0994 1623.3 101.565 0.635596 0 0.364404
1.319e+17 28.499 250.881 1011.4 74.1044 1623.3 101.561 0.635613 0 0.364387
1.29e+17 28.5021 250.799 1011.33 74.1125 1623.31 101.568 0.635642 0 0.364358
1.261e+17 28.5082 250.713 1011.26 74.1244 1623.32 101.587 0.635683 0 0.364317
1.232e+17 28.5088 250.919 1011.43 74.1466 1623.33 101.536 0.635765 0 0.364235
1.203e+17 28.5093 251.005 1011.5 74.0893 1623.29 101.531 0.635591 0 0.364409
1.174e+17 28.5036 251.198 1011.67 74.0526 1623.26 101.535 0.635476 0 0.364524
1.145e+17 28.5053 250.93 1011.44 74.0342 1623.24 101.544 0.63542 0 0.36458
1.116e+17 28.5025 251.044 1011.54 74.0289 1623.23 101.539 0.635402 0 0.364598
1.087e+17 28.5106 251.082 1011.57 74.0211 1623.24 101.523 0.635383 0 0.364617
1.058e+17 28.5164 250.857 1011.38 74.0526 1623.27 101.52 0.635501 0 0.364499
1.029e+17 28.519 250.859 1011.38 74.0696 1623.28 101.504 0.635561 0 0.364439
