3e+18 217.33 6.37177e+16 6.37177e+16 207.845 217.33 
2.9971e+18 217.311 6.35846e+16 6.35846e+16 207.856 217.311 
2.9942e+18 217.294 6.34581e+16 6.34581e+16 207.866 217.294 
2.9913e+18 217.277 6.33377e+16 6.33377e+16 207.876 217.277 
2.9884e+18 217.261 6.32227e+16 6.32227e+16 207.886 217.261 
2.9855e+18 217.245 6.31128e+16 6.31128e+16 207.896 217.245 
2.9826e+18 217.229 6.30076e+16 6.30076e+16 207.905 217.229 
2.9797e+18 217.215 6.29067e+16 6.29067e+16 207.914 217.215 
2.9768e+18 217.2 6.28098e+16 6.28098e+16 207.923 217.2 
2.9739e+18 217.186 6.27168e+16 6.27168e+16 207.932 217.186 
2.971e+18 217.172 6.26273e+16 6.26273e+16 207.94 217.172 
2.9681e+18 217.159 6.25413e+16 6.25413e+16 207.948 217.159 
2.9652e+18 217.146 6.24584e+16 6.24584e+16 207.957 217.146 
2.9623e+18 217.133 6.23787e+16 6.23787e+16 207.965 217.133 
2.9594e+18 217.121 6.23019e+16 6.23019e+16 207.973 217.121 
2.9565e+18 217.109 6.22278e+16 6.22278e+16 207.98 217.109 
2.9536e+18 217.097 6.21565e+16 6.21565e+16 207.988 217.097 
2.9507e+18 217.085 6.20878e+16 6.20878e+16 207.995 217.085 
2.9478e+18 217.074 6.20215e+16 6.20215e+16 208.002 217.074 
2.9449e+18 217.063 6.19577e+16 6.19577e+16 208.009 217.063 
2.942e+18 217.052 6.18962e+16 6.18962e+16 208.016 217.052 
2.9391e+18 217.041 6.18369e+16 6.18369e+16 208.023 217.041 
2.9362e+18 217.031 6.17798e+16 6.17798e+16 208.03 217.031 
2.9333e+18 217.02 6.17248e+16 6.17248e+16 208.037 217.02 
2.9304e+18 217.01 6.16719e+16 6.16719e+16 208.043 217.01 
2.9275e+18 217 6.16209e+16 6.16209e+16 208.05 217 
2.9246e+18 216.991 6.15719e+16 6.15719e+16 208.056 216.991 
2.9217e+18 216.981 6.15248e+16 6.15248e+16 208.062 216.981 
2.9188e+18 216.972 6.14796e+16 6.14796e+16 208.068 216.972 
2.9159e+18 216.963 6.14361e+16 6.14361e+16 208.074 216.963 
2.913e+18 216.954 6.13944e+16 6.13944e+16 208.08 216.954 
2.9101e+18 216.945 6.13545e+16 6.13545e+16 208.086 216.945 
2.9072e+18 216.936 6.13162e+16 6.13162e+16 208.091 216.936 
2.9043e+18 216.928 6.12796e+16 6.12796e+16 208.097 216.928 
2.9014e+18 216.919 6.12446e+16 6.12446e+16 208.102 216.919 
2.8985e+18 216.911 6.12112e+16 6.12112e+16 208.108 216.911 
2.8956e+18 216.903 6.11793e+16 6.11793e+16 208.113 216.903 
2.8927e+18 216.895 6.1149e+16 6.1149e+16 208.118 216.895 
2.8898e+18 216.887 6.11202e+16 6.11202e+16 208.123 216.887 
2.8869e+18 216.879 6.10928e+16 6.10928e+16 208.128 216.879 
2.884e+18 216.872 6.1067e+16 6.1067e+16 208.133 216.872 
2.8811e+18 216.864 6.10425e+16 6.10425e+16 208.138 216.864 
2.8782e+18 216.857 6.10195e+16 6.10195e+16 208.143 216.857 
2.8753e+18 216.85 6.09979e+16 6.09979e+16 208.147 216.85 
2.8724e+18 216.843 6.09776e+16 6.09776e+16 208.152 216.843 
2.8695e+18 216.836 6.09587e+16 6.09587e+16 208.156 216.836 
2.8666e+18 216.829 6.09411e+16 6.09411e+16 208.161 216.829 
2.8637e+18 216.822 6.09248e+16 6.09248e+16 208.165 216.822 
2.8608e+18 216.816 6.09098e+16 6.09098e+16 208.17 216.815 
2.8579e+18 216.809 6.08961e+16 6.08961e+16 208.174 216.809 
2.855e+18 216.803 6.08837e+16 6.08837e+16 208.178 216.803 
2.8521e+18 216.796 6.08725e+16 6.08725e+16 208.182 216.796 
2.8492e+18 216.79 6.08626e+16 6.08626e+16 208.186 216.79 
2.8463e+18 216.784 6.08539e+16 6.08539e+16 208.19 216.784 
2.8434e+18 216.778 6.08463e+16 6.08463e+16 208.194 216.778 
2.8405e+18 216.772 6.084e+16 6.084e+16 208.197 216.772 
2.8376e+18 216.766 6.08349e+16 6.08349e+16 208.201 216.766 
2.8347e+18 216.761 6.08309e+16 6.08309e+16 208.205 216.761 
2.8318e+18 216.755 6.08281e+16 6.08281e+16 208.208 216.755 
2.8289e+18 216.75 6.08265e+16 6.08265e+16 208.212 216.75 
2.826e+18 216.744 6.08259e+16 6.08259e+16 208.215 216.744 
2.8231e+18 216.739 6.08265e+16 6.08265e+16 208.219 216.739 
2.8202e+18 216.734 6.08283e+16 6.08283e+16 208.222 216.734 
2.8173e+18 216.729 6.08311e+16 6.08311e+16 208.225 216.729 
2.8144e+18 216.724 6.0835e+16 6.0835e+16 208.228 216.724 
2.8115e+18 216.719 6.084e+16 6.084e+16 208.231 216.719 
2.8086e+18 216.714 6.08461e+16 6.08461e+16 208.234 216.714 
2.8057e+18 216.709 6.08532e+16 6.08532e+16 208.237 216.709 
2.8028e+18 216.704 6.08614e+16 6.08614e+16 208.24 216.704 
2.7999e+18 216.7 6.08707e+16 6.08707e+16 208.243 216.7 
2.797e+18 216.695 6.0881e+16 6.0881e+16 208.246 216.695 
2.7941e+18 216.691 6.08923e+16 6.08923e+16 208.249 216.691 
2.7912e+18 216.686 6.09047e+16 6.09047e+16 208.252 216.686 
2.7883e+18 216.682 6.0918e+16 6.0918e+16 208.254 216.682 
2.7854e+18 216.678 6.09324e+16 6.09324e+16 208.257 216.678 
2.7825e+18 216.674 6.09478e+16 6.09478e+16 208.259 216.674 
2.7796e+18 216.67 6.09642e+16 6.09642e+16 208.262 216.67 
2.7767e+18 216.666 6.09816e+16 6.09816e+16 208.264 216.666 
2.7738e+18 216.662 6.1e+16 6.1e+16 208.267 216.662 
2.7709e+18 216.658 6.10194e+16 6.10194e+16 208.269 216.658 
2.768e+18 216.654 6.10397e+16 6.10397e+16 208.271 216.654 
2.7651e+18 216.651 6.1061e+16 6.1061e+16 208.273 216.651 
2.7622e+18 216.647 6.10832e+16 6.10832e+16 208.275 216.647 
2.7593e+18 216.644 6.11065e+16 6.11065e+16 208.278 216.644 
2.7564e+18 216.64 6.11306e+16 6.11306e+16 208.28 216.64 
2.7535e+18 216.637 6.11557e+16 6.11557e+16 208.282 216.637 
2.7506e+18 216.634 6.11818e+16 6.11818e+16 208.284 216.634 
2.7477e+18 216.63 6.12088e+16 6.12088e+16 208.285 216.63 
2.7448e+18 216.627 6.12367e+16 6.12367e+16 208.287 216.627 
2.7419e+18 216.624 6.12655e+16 6.12655e+16 208.289 216.624 
2.739e+18 216.621 6.12952e+16 6.12952e+16 208.291 216.621 
2.7361e+18 216.618 6.13259e+16 6.13259e+16 208.293 216.618 
2.7332e+18 216.615 6.13575e+16 6.13575e+16 208.294 216.615 
2.7303e+18 216.613 6.139e+16 6.139e+16 208.296 216.613 
2.7274e+18 216.61 6.14234e+16 6.14234e+16 208.297 216.61 
2.7245e+18 216.607 6.14576e+16 6.14576e+16 208.299 216.607 
2.7216e+18 216.604 6.14928e+16 6.14928e+16 208.3 216.604 
2.7187e+18 216.602 6.15289e+16 6.15289e+16 208.302 216.602 
2.7158e+18 216.599 6.15658e+16 6.15658e+16 208.303 216.599 
2.7129e+18 216.597 6.16036e+16 6.16036e+16 208.305 216.597 
2.71e+18 216.595 6.16423e+16 6.16423e+16 208.306 216.595 
2.7071e+18 216.592 6.16819e+16 6.16819e+16 208.307 216.592 
2.7042e+18 216.59 6.17223e+16 6.17223e+16 208.308 216.59 
2.7013e+18 216.588 6.17637e+16 6.17637e+16 208.31 216.588 
2.6984e+18 216.586 6.18058e+16 6.18058e+16 208.311 216.586 
2.6955e+18 216.584 6.18489e+16 6.18489e+16 208.312 216.584 
2.6926e+18 216.582 6.18927e+16 6.18927e+16 208.313 216.582 
2.6897e+18 216.58 6.19375e+16 6.19375e+16 208.314 216.58 
2.6868e+18 216.578 6.1983e+16 6.1983e+16 208.315 216.578 
2.6839e+18 216.576 6.20295e+16 6.20295e+16 208.316 216.576 
2.681e+18 216.575 6.20767e+16 6.20767e+16 208.317 216.575 
2.6781e+18 216.573 6.21248e+16 6.21248e+16 208.318 216.573 
2.6752e+18 216.571 6.21738e+16 6.21738e+16 208.318 216.571 
2.6723e+18 216.57 6.22235e+16 6.22235e+16 208.319 216.57 
2.6694e+18 216.568 6.22741e+16 6.22741e+16 208.32 216.568 
2.6665e+18 216.567 6.23256e+16 6.23256e+16 208.321 216.567 
2.6636e+18 216.565 6.23778e+16 6.23778e+16 208.321 216.565 
2.6607e+18 216.564 6.24309e+16 6.24309e+16 208.322 216.564 
2.6578e+18 216.563 6.24848e+16 6.24848e+16 208.322 216.563 
2.6549e+18 216.561 6.25395e+16 6.25395e+16 208.323 216.561 
2.652e+18 216.56 6.2595e+16 6.2595e+16 208.324 216.56 
2.6491e+18 216.559 6.26513e+16 6.26513e+16 208.324 216.559 
2.6462e+18 216.558 6.27085e+16 6.27085e+16 208.324 216.558 
2.6433e+18 216.557 6.27664e+16 6.27664e+16 208.325 216.557 
2.6404e+18 216.556 6.28252e+16 6.28252e+16 208.325 216.556 
2.6375e+18 216.555 6.28847e+16 6.28847e+16 208.326 216.555 
2.6346e+18 216.554 6.2945e+16 6.2945e+16 208.326 216.554 
2.6317e+18 216.554 6.30062e+16 6.30062e+16 208.326 216.554 
2.6288e+18 216.553 6.30681e+16 6.30681e+16 208.326 216.553 
2.6259e+18 216.552 6.31308e+16 6.31308e+16 208.327 216.552 
2.623e+18 216.551 6.31943e+16 6.31943e+16 208.327 216.551 
2.6201e+18 216.551 6.32586e+16 6.32586e+16 208.327 216.551 
2.6172e+18 216.55 6.33237e+16 6.33237e+16 208.327 216.55 
2.6143e+18 216.55 6.33896e+16 6.33896e+16 208.327 216.55 
2.6114e+18 216.549 6.34562e+16 6.34562e+16 208.327 216.549 
2.6085e+18 216.549 6.35236e+16 6.35236e+16 208.327 216.549 
2.6056e+18 216.549 6.35918e+16 6.35918e+16 208.327 216.549 
2.6027e+18 216.548 6.36608e+16 6.36608e+16 208.327 216.548 
2.5998e+18 216.548 6.37306e+16 6.37306e+16 208.327 216.548 
2.5969e+18 216.548 6.38011e+16 6.38011e+16 208.327 216.548 
2.594e+18 216.548 6.38724e+16 6.38724e+16 208.327 216.548 
2.5911e+18 216.548 6.39444e+16 6.39444e+16 208.327 216.548 
2.5882e+18 216.548 6.40172e+16 6.40172e+16 208.327 216.548 
2.5853e+18 216.548 6.40908e+16 6.40908e+16 208.326 216.548 
2.5824e+18 216.548 6.41651e+16 6.41651e+16 208.326 216.548 
2.5795e+18 216.548 6.42402e+16 6.42402e+16 208.326 216.548 
2.5766e+18 216.548 6.43161e+16 6.43161e+16 208.325 216.548 
2.5737e+18 216.548 6.43927e+16 6.43927e+16 208.325 216.548 
2.5708e+18 216.548 6.447e+16 6.447e+16 208.325 216.548 
2.5679e+18 216.549 6.45482e+16 6.45482e+16 208.324 216.549 
2.565e+18 216.549 6.4627e+16 6.4627e+16 208.324 216.549 
2.5621e+18 216.549 6.47066e+16 6.47066e+16 208.324 216.549 
2.5592e+18 216.55 6.4787e+16 6.4787e+16 208.323 216.55 
2.5563e+18 216.55 6.48681e+16 6.48681e+16 208.323 216.55 
2.5534e+18 216.551 6.495e+16 6.495e+16 208.322 216.551 
2.5505e+18 216.552 6.50326e+16 6.50326e+16 208.322 216.551 
2.5476e+18 216.552 6.51159e+16 6.51159e+16 208.321 216.552 
2.5447e+18 216.553 6.52e+16 6.52e+16 208.32 216.553 
2.5418e+18 216.553 6.52848e+16 6.52848e+16 208.32 216.553 
2.5389e+18 216.554 6.53703e+16 6.53703e+16 208.319 216.554 
2.536e+18 216.555 6.54566e+16 6.54566e+16 208.319 216.555 
2.5331e+18 216.556 6.55436e+16 6.55436e+16 208.318 216.556 
2.5302e+18 216.557 6.56314e+16 6.56314e+16 208.317 216.557 
2.5273e+18 216.558 6.57199e+16 6.57199e+16 208.316 216.558 
2.5244e+18 216.559 6.58091e+16 6.58091e+16 208.316 216.559 
2.5215e+18 216.56 6.5899e+16 6.5899e+16 208.315 216.56 
2.5186e+18 216.561 6.59897e+16 6.59897e+16 208.314 216.561 
2.5157e+18 216.562 6.60811e+16 6.60811e+16 208.313 216.562 
2.5128e+18 216.545 6.58659e+16 6.58659e+16 208.333 216.546 
2.5099e+18 216.498 6.51942e+16 6.51942e+16 208.378 216.497 
2.507e+18 216.459 6.46617e+16 6.46617e+16 208.416 216.459 
2.5041e+18 216.426 6.42132e+16 6.42132e+16 208.448 216.426 
2.5012e+18 216.397 6.38223e+16 6.38223e+16 208.477 216.397 
2.4983e+18 216.371 6.34743e+16 6.34743e+16 208.502 216.371 
2.4954e+18 216.346 6.31601e+16 6.31601e+16 208.526 216.346 
2.4925e+18 216.324 6.28734e+16 6.28734e+16 208.548 216.324 
2.4896e+18 216.303 6.26096e+16 6.26096e+16 208.569 216.303 
2.4867e+18 216.283 6.23655e+16 6.23655e+16 208.588 216.283 
2.4838e+18 216.264 6.21383e+16 6.21383e+16 208.606 216.264 
2.4809e+18 216.246 6.19263e+16 6.19263e+16 208.623 216.246 
2.478e+18 216.229 6.17275e+16 6.17275e+16 208.64 216.229 
2.4751e+18 216.213 6.15409e+16 6.15409e+16 208.655 216.213 
2.4722e+18 216.198 6.13651e+16 6.13651e+16 208.67 216.198 
2.4693e+18 216.183 6.11994e+16 6.11994e+16 208.685 216.183 
2.4664e+18 216.169 6.10429e+16 6.10429e+16 208.698 216.169 
2.4635e+18 216.155 6.08948e+16 6.08948e+16 208.711 216.155 
2.4606e+18 216.142 6.07547e+16 6.07547e+16 208.724 216.142 
2.4577e+18 216.129 6.0622e+16 6.0622e+16 208.736 216.129 
2.4548e+18 216.117 6.04962e+16 6.04962e+16 208.748 216.117 
2.4519e+18 216.105 6.03769e+16 6.03769e+16 208.759 216.105 
2.449e+18 216.093 6.02638e+16 6.02638e+16 208.77 216.093 
2.4461e+18 216.082 6.01565e+16 6.01565e+16 208.781 216.082 
2.4432e+18 216.071 6.00548e+16 6.00548e+16 208.791 216.071 
2.4403e+18 216.061 5.99583e+16 5.99583e+16 208.801 216.061 
2.4374e+18 216.051 5.98669e+16 5.98669e+16 208.81 216.051 
2.4345e+18 216.041 5.97803e+16 5.97803e+16 208.82 216.041 
2.4316e+18 216.031 5.96983e+16 5.96983e+16 208.829 216.031 
2.4287e+18 216.022 5.96207e+16 5.96207e+16 208.837 216.022 
2.4258e+18 216.013 5.95474e+16 5.95474e+16 208.846 216.013 
2.4229e+18 216.004 5.94783e+16 5.94783e+16 208.854 216.004 
2.42e+18 215.996 5.94131e+16 5.94131e+16 208.862 215.996 
2.4171e+18 215.988 5.93517e+16 5.93517e+16 208.869 215.988 
2.4142e+18 215.98 5.9294e+16 5.9294e+16 208.877 215.98 
2.4113e+18 215.972 5.924e+16 5.924e+16 208.884 215.972 
2.4084e+18 215.964 5.91894e+16 5.91894e+16 208.891 215.964 
2.4055e+18 215.957 5.91423e+16 5.91423e+16 208.898 215.957 
2.4026e+18 215.95 5.90984e+16 5.90984e+16 208.904 215.95 
2.3997e+18 215.943 5.90577e+16 5.90577e+16 208.911 215.943 
2.3968e+18 215.936 5.90202e+16 5.90202e+16 208.917 215.936 
2.3939e+18 215.929 5.89857e+16 5.89857e+16 208.923 215.929 
2.391e+18 215.923 5.89542e+16 5.89542e+16 208.929 215.923 
2.3881e+18 215.917 5.89256e+16 5.89256e+16 208.935 215.917 
2.3852e+18 215.911 5.88998e+16 5.88998e+16 208.94 215.911 
2.3823e+18 215.905 5.88768e+16 5.88768e+16 208.945 215.905 
2.3794e+18 215.899 5.88565e+16 5.88565e+16 208.95 215.899 
2.3765e+18 215.894 5.88389e+16 5.88389e+16 208.955 215.894 
2.3736e+18 215.888 5.88239e+16 5.88239e+16 208.96 215.888 
2.3707e+18 215.883 5.88115e+16 5.88115e+16 208.965 215.883 
2.3678e+18 215.878 5.88016e+16 5.88016e+16 208.97 215.878 
2.3649e+18 215.873 5.87942e+16 5.87942e+16 208.974 215.873 
2.362e+18 215.868 5.87892e+16 5.87892e+16 208.978 215.868 
2.3591e+18 215.863 5.87865e+16 5.87865e+16 208.982 215.863 
2.3562e+18 215.859 5.87863e+16 5.87863e+16 208.986 215.859 
2.3533e+18 215.855 5.87883e+16 5.87883e+16 208.99 215.855 
2.3504e+18 215.85 5.87926e+16 5.87926e+16 208.994 215.85 
2.3475e+18 215.846 5.87991e+16 5.87991e+16 208.997 215.846 
2.3446e+18 215.842 5.88079e+16 5.88079e+16 209.001 215.842 
2.3417e+18 215.838 5.88188e+16 5.88188e+16 209.004 215.838 
2.3388e+18 215.835 5.88318e+16 5.88318e+16 209.007 215.835 
2.3359e+18 215.831 5.8847e+16 5.8847e+16 209.011 215.831 
2.333e+18 215.828 5.88643e+16 5.88643e+16 209.014 215.828 
2.3301e+18 215.824 5.88836e+16 5.88836e+16 209.016 215.824 
2.3272e+18 215.821 5.8905e+16 5.8905e+16 209.019 215.821 
2.3243e+18 215.82 5.88443e+16 5.88443e+16 209.034 215.82 
2.3214e+18 215.82 5.87333e+16 5.87333e+16 209.055 215.82 
2.3185e+18 215.82 5.86494e+16 5.86494e+16 209.073 215.82 
2.3156e+18 215.82 5.85827e+16 5.85827e+16 209.089 215.82 
2.3127e+18 215.819 5.85284e+16 5.85284e+16 209.103 215.819 
2.3098e+18 215.819 5.84838e+16 5.84838e+16 209.116 215.819 
2.3069e+18 215.818 5.84472e+16 5.84472e+16 209.128 215.818 
2.304e+18 215.818 5.84174e+16 5.84174e+16 209.14 215.818 
2.3011e+18 215.817 5.83936e+16 5.83936e+16 209.15 215.817 
2.2982e+18 215.817 5.83751e+16 5.83751e+16 209.16 215.817 
2.2953e+18 215.816 5.83614e+16 5.83614e+16 209.17 215.816 
2.2924e+18 215.816 5.83523e+16 5.83523e+16 209.179 215.816 
2.2895e+18 215.815 5.83472e+16 5.83472e+16 209.187 215.815 
2.2866e+18 215.815 5.8346e+16 5.8346e+16 209.195 215.815 
2.2837e+18 215.815 5.83485e+16 5.83485e+16 209.203 215.815 
2.2808e+18 215.815 5.83544e+16 5.83544e+16 209.211 215.815 
2.2779e+18 215.814 5.83636e+16 5.83636e+16 209.218 215.814 
2.275e+18 215.814 5.8376e+16 5.8376e+16 209.225 215.814 
2.2721e+18 215.814 5.83914e+16 5.83914e+16 209.231 215.814 
2.2692e+18 215.814 5.84097e+16 5.84097e+16 209.238 215.814 
2.2663e+18 215.815 5.84309e+16 5.84309e+16 209.244 215.815 
2.2634e+18 215.815 5.84548e+16 5.84548e+16 209.25 215.815 
2.2605e+18 215.815 5.84813e+16 5.84813e+16 209.256 215.815 
2.2576e+18 215.815 5.85104e+16 5.85104e+16 209.261 215.815 
2.2547e+18 215.798 5.81282e+16 5.81282e+16 209.295 215.798 
2.2518e+18 215.781 5.77662e+16 5.77662e+16 209.327 215.781 
2.2489e+18 215.767 5.74613e+16 5.74613e+16 209.355 215.767 
2.246e+18 215.754 5.71963e+16 5.71963e+16 209.38 215.754 
2.2431e+18 215.743 5.69611e+16 5.69611e+16 209.403 215.743 
2.2402e+18 215.733 5.67498e+16 5.67498e+16 209.425 215.733 
2.2373e+18 215.723 5.65581e+16 5.65581e+16 209.444 215.723 
2.2344e+18 215.714 5.63829e+16 5.63829e+16 209.463 215.714 
2.2315e+18 215.706 5.62221e+16 5.62221e+16 209.481 215.706 
2.2286e+18 215.698 5.60738e+16 5.60738e+16 209.497 215.698 
2.2257e+18 215.691 5.59367e+16 5.59367e+16 209.513 215.691 
2.2228e+18 215.684 5.58097e+16 5.58097e+16 209.528 215.684 
2.2199e+18 215.677 5.56919e+16 5.56919e+16 209.543 215.677 
2.217e+18 215.671 5.55825e+16 5.55825e+16 209.557 215.671 
2.2141e+18 215.665 5.54809e+16 5.54809e+16 209.57 215.665 
2.2112e+18 215.66 5.53866e+16 5.53866e+16 209.583 215.66 
2.2083e+18 215.654 5.5299e+16 5.5299e+16 209.595 215.654 
2.2054e+18 215.649 5.52178e+16 5.52178e+16 209.607 215.649 
2.2025e+18 215.645 5.51426e+16 5.51426e+16 209.618 215.645 
2.1996e+18 215.635 5.4975e+16 5.4975e+16 209.635 215.634 
2.1967e+18 215.617 5.46746e+16 5.46746e+16 209.658 215.617 
2.1938e+18 215.602 5.4413e+16 5.4413e+16 209.679 215.602 
2.1909e+18 215.588 5.41789e+16 5.41789e+16 209.698 215.588 
2.188e+18 215.575 5.39661e+16 5.39661e+16 209.716 215.575 
2.1851e+18 215.563 5.37708e+16 5.37708e+16 209.733 215.563 
2.1822e+18 215.552 5.35901e+16 5.35901e+16 209.749 215.552 
2.1793e+18 215.541 5.34222e+16 5.34222e+16 209.765 215.541 
2.1764e+18 215.531 5.32656e+16 5.32656e+16 209.779 215.531 
2.1735e+18 215.522 5.31191e+16 5.31191e+16 209.793 215.522 
2.1706e+18 215.513 5.29818e+16 5.29818e+16 209.807 215.513 
2.1677e+18 215.505 5.2853e+16 5.2853e+16 209.82 215.505 
2.1648e+18 215.497 5.2732e+16 5.2732e+16 209.833 215.497 
2.1619e+18 215.489 5.26184e+16 5.26184e+16 209.845 215.489 
2.159e+18 215.482 5.25116e+16 5.25116e+16 209.856 215.482 
2.1561e+18 215.475 5.24112e+16 5.24112e+16 209.868 215.475 
2.1532e+18 215.468 5.23171e+16 5.23171e+16 209.878 215.468 
2.1503e+18 215.462 5.22287e+16 5.22287e+16 209.889 215.461 
2.1474e+18 215.455 5.21459e+16 5.21459e+16 209.899 215.455 
2.1445e+18 215.449 5.20684e+16 5.20684e+16 209.909 215.449 
2.1416e+18 215.444 5.19961e+16 5.19961e+16 209.919 215.444 
2.1387e+18 215.438 5.19287e+16 5.19287e+16 209.928 215.438 
2.1358e+18 215.433 5.1866e+16 5.1866e+16 209.937 215.433 
2.1329e+18 215.428 5.18079e+16 5.18079e+16 209.945 215.428 
2.13e+18 215.424 5.17543e+16 5.17543e+16 209.954 215.424 
2.1271e+18 215.419 5.1705e+16 5.1705e+16 209.962 215.419 
2.1242e+18 215.415 5.16599e+16 5.16599e+16 209.97 215.415 
2.1213e+18 215.411 5.16189e+16 5.16189e+16 209.978 215.411 
2.1184e+18 215.407 5.15818e+16 5.15818e+16 209.985 215.407 
2.1155e+18 215.403 5.15486e+16 5.15486e+16 209.992 215.403 
2.1126e+18 215.399 5.15192e+16 5.15192e+16 209.999 215.399 
2.1097e+18 215.396 5.14935e+16 5.14935e+16 210.006 215.396 
2.1068e+18 215.393 5.14714e+16 5.14714e+16 210.012 215.393 
2.1039e+18 215.39 5.14529e+16 5.14529e+16 210.018 215.39 
2.101e+18 215.387 5.14378e+16 5.14378e+16 210.025 215.387 
2.0981e+18 215.384 5.14261e+16 5.14261e+16 210.03 215.384 
2.0952e+18 215.381 5.14178e+16 5.14178e+16 210.036 215.381 
2.0923e+18 215.379 5.14128e+16 5.14128e+16 210.042 215.379 
2.0894e+18 215.377 5.1411e+16 5.1411e+16 210.047 215.377 
2.0865e+18 215.375 5.14124e+16 5.14124e+16 210.052 215.375 
2.0836e+18 215.373 5.14169e+16 5.14169e+16 210.057 215.373 
2.0807e+18 215.371 5.14245e+16 5.14245e+16 210.062 215.371 
2.0778e+18 215.369 5.14351e+16 5.14351e+16 210.066 215.369 
2.0749e+18 215.367 5.14487e+16 5.14487e+16 210.071 215.367 
2.072e+18 215.366 5.14653e+16 5.14653e+16 210.075 215.366 
2.0691e+18 215.365 5.14847e+16 5.14847e+16 210.079 215.365 
2.0662e+18 215.364 5.15071e+16 5.15071e+16 210.083 215.364 
2.0633e+18 215.362 5.15323e+16 5.15323e+16 210.087 215.362 
2.0604e+18 215.362 5.15603e+16 5.15603e+16 210.09 215.362 
2.0575e+18 215.361 5.15911e+16 5.15911e+16 210.094 215.361 
2.0546e+18 215.36 5.16246e+16 5.16246e+16 210.097 215.36 
2.0517e+18 215.359 5.16608e+16 5.16608e+16 210.1 215.359 
2.0488e+18 215.359 5.16997e+16 5.16997e+16 210.103 215.359 
2.0459e+18 215.359 5.17413e+16 5.17413e+16 210.106 215.359 
2.043e+18 215.358 5.17854e+16 5.17854e+16 210.109 215.358 
2.0401e+18 215.358 5.18322e+16 5.18322e+16 210.112 215.358 
2.0372e+18 215.358 5.18816e+16 5.18816e+16 210.114 215.358 
2.0343e+18 215.359 5.19335e+16 5.19335e+16 210.116 215.358 
2.0314e+18 215.359 5.1988e+16 5.1988e+16 210.119 215.359 
2.0285e+18 215.359 5.20449e+16 5.20449e+16 210.121 215.359 
2.0256e+18 215.36 5.21044e+16 5.21044e+16 210.123 215.36 
2.0227e+18 215.36 5.21663e+16 5.21663e+16 210.125 215.36 
2.0198e+18 215.361 5.22306e+16 5.22306e+16 210.126 215.361 
2.0169e+18 215.362 5.22974e+16 5.22974e+16 210.128 215.362 
2.014e+18 215.362 5.23666e+16 5.23666e+16 210.129 215.362 
2.0111e+18 215.363 5.24382e+16 5.24382e+16 210.131 215.363 
2.0082e+18 215.364 5.25121e+16 5.25121e+16 210.132 215.364 
2.0053e+18 215.366 5.25884e+16 5.25884e+16 210.133 215.366 
2.0024e+18 215.367 5.26671e+16 5.26671e+16 210.134 215.367 
1.9995e+18 215.368 5.2748e+16 5.2748e+16 210.135 215.368 
1.9966e+18 215.37 5.28313e+16 5.28313e+16 210.136 215.37 
1.9937e+18 215.371 5.29169e+16 5.29169e+16 210.137 215.371 
1.9908e+18 215.373 5.30047e+16 5.30047e+16 210.137 215.373 
1.9879e+18 215.375 5.30949e+16 5.30949e+16 210.138 215.375 
1.985e+18 215.377 5.31872e+16 5.31872e+16 210.138 215.377 
1.9821e+18 215.378 5.32818e+16 5.32818e+16 210.138 215.378 
1.9792e+18 215.381 5.33786e+16 5.33786e+16 210.139 215.38 
1.9763e+18 215.383 5.34777e+16 5.34777e+16 210.139 215.383 
1.9734e+18 215.385 5.35789e+16 5.35789e+16 210.139 215.385 
1.9705e+18 215.387 5.36823e+16 5.36823e+16 210.138 215.387 
1.9676e+18 215.39 5.37879e+16 5.37879e+16 210.138 215.39 
1.9647e+18 215.392 5.38957e+16 5.38957e+16 210.138 215.392 
1.9618e+18 215.395 5.40056e+16 5.40056e+16 210.138 215.395 
1.9589e+18 215.397 5.41176e+16 5.41176e+16 210.137 215.397 
1.956e+18 215.4 5.42318e+16 5.42318e+16 210.137 215.4 
1.9531e+18 215.403 5.43481e+16 5.43481e+16 210.136 215.403 
1.9502e+18 215.406 5.44666e+16 5.44666e+16 210.135 215.406 
1.9473e+18 215.409 5.45871e+16 5.45871e+16 210.134 215.409 
1.9444e+18 215.412 5.47097e+16 5.47097e+16 210.134 215.412 
1.9415e+18 215.415 5.48344e+16 5.48344e+16 210.133 215.415 
1.9386e+18 215.418 5.49612e+16 5.49612e+16 210.131 215.418 
1.9357e+18 215.421 5.509e+16 5.509e+16 210.13 215.421 
1.9328e+18 215.425 5.52209e+16 5.52209e+16 210.129 215.425 
1.9299e+18 215.421 5.52435e+16 5.52435e+16 210.131 215.421 
1.927e+18 215.405 5.51062e+16 5.51062e+16 210.136 215.405 
1.9241e+18 215.393 5.50169e+16 5.50169e+16 210.141 215.393 
1.9212e+18 215.383 5.49582e+16 5.49582e+16 210.144 215.383 
1.9183e+18 215.375 5.49217e+16 5.49217e+16 210.147 215.375 
1.9154e+18 215.367 5.49023e+16 5.49023e+16 210.149 215.367 
1.9125e+18 215.361 5.48969e+16 5.48969e+16 210.151 215.361 
1.9096e+18 215.355 5.49032e+16 5.49032e+16 210.153 215.355 
1.9067e+18 215.337 5.46365e+16 5.46365e+16 210.168 215.337 
1.9038e+18 215.302 5.39671e+16 5.39671e+16 210.204 215.302 
1.9009e+18 215.274 5.34519e+16 5.34519e+16 210.232 215.274 
1.898e+18 215.25 5.30274e+16 5.30274e+16 210.256 215.25 
1.8951e+18 215.229 5.26649e+16 5.26649e+16 210.277 215.229 
1.8922e+18 215.21 5.23489e+16 5.23489e+16 210.296 215.21 
1.8893e+18 215.193 5.20697e+16 5.20697e+16 210.312 215.193 
1.8864e+18 215.178 5.18205e+16 5.18205e+16 210.328 215.178 
1.8835e+18 215.164 5.15968e+16 5.15968e+16 210.342 215.164 
1.8806e+18 215.15 5.13951e+16 5.13951e+16 210.355 215.15 
1.8777e+18 215.138 5.12127e+16 5.12127e+16 210.367 215.138 
1.8748e+18 215.126 5.10474e+16 5.10474e+16 210.378 215.126 
1.8719e+18 215.116 5.08976e+16 5.08976e+16 210.388 215.116 
1.869e+18 215.106 5.07619e+16 5.07619e+16 210.398 215.106 
1.8661e+18 215.096 5.0639e+16 5.0639e+16 210.407 215.096 
1.8632e+18 215.087 5.05281e+16 5.05281e+16 210.416 215.087 
1.8603e+18 215.079 5.04282e+16 5.04282e+16 210.424 215.079 
1.8574e+18 215.071 5.03387e+16 5.03387e+16 210.432 215.071 
1.8545e+18 215.063 5.02589e+16 5.02589e+16 210.439 215.063 
1.8516e+18 215.056 5.01883e+16 5.01883e+16 210.445 215.056 
1.8487e+18 215.05 5.01264e+16 5.01264e+16 210.452 215.05 
1.8458e+18 215.044 5.00727e+16 5.00727e+16 210.458 215.044 
1.8429e+18 215.038 5.00269e+16 5.00269e+16 210.463 215.038 
1.84e+18 215.032 4.99887e+16 4.99887e+16 210.468 215.032 
1.8371e+18 215.027 4.99576e+16 4.99576e+16 210.473 215.027 
1.8342e+18 215.022 4.99335e+16 4.99335e+16 210.478 215.022 
1.8313e+18 215.018 4.99161e+16 4.99161e+16 210.482 215.018 
1.8284e+18 215.014 4.99051e+16 4.99051e+16 210.486 215.013 
1.8255e+18 215.01 4.99004e+16 4.99004e+16 210.49 215.01 
1.8226e+18 215.006 4.99017e+16 4.99017e+16 210.493 215.006 
1.8197e+18 215.003 4.99088e+16 4.99088e+16 210.496 215.003 
1.8168e+18 214.999 4.99217e+16 4.99217e+16 210.499 214.999 
1.8139e+18 214.997 4.994e+16 4.994e+16 210.502 214.996 
1.811e+18 214.994 4.99638e+16 4.99638e+16 210.504 214.994 
1.8081e+18 214.991 4.99928e+16 4.99928e+16 210.506 214.991 
1.8052e+18 214.989 5.0027e+16 5.0027e+16 210.508 214.989 
1.8023e+18 214.987 5.00662e+16 5.00662e+16 210.51 214.987 
1.7994e+18 214.986 5.01103e+16 5.01103e+16 210.512 214.986 
1.7965e+18 214.984 5.01591e+16 5.01591e+16 210.513 214.984 
1.7936e+18 214.983 5.02128e+16 5.02128e+16 210.514 214.983 
1.7907e+18 214.982 5.0271e+16 5.0271e+16 210.515 214.982 
1.7878e+18 214.981 5.03337e+16 5.03337e+16 210.516 214.981 
1.7849e+18 214.98 5.0401e+16 5.0401e+16 210.516 214.98 
1.782e+18 214.98 5.04726e+16 5.04726e+16 210.517 214.98 
1.7791e+18 214.979 5.05485e+16 5.05485e+16 210.517 214.979 
1.7762e+18 214.979 5.06286e+16 5.06286e+16 210.517 214.979 
1.7733e+18 214.979 5.0713e+16 5.0713e+16 210.517 214.979 
1.7704e+18 214.979 5.08014e+16 5.08014e+16 210.517 214.979 
1.7675e+18 214.98 5.08939e+16 5.08939e+16 210.516 214.98 
1.7646e+18 214.98 5.09904e+16 5.09904e+16 210.516 214.98 
1.7617e+18 214.981 5.10909e+16 5.10909e+16 210.515 214.981 
1.7588e+18 214.982 5.11953e+16 5.11953e+16 210.514 214.982 
1.7559e+18 214.983 5.13035e+16 5.13035e+16 210.513 214.983 
1.753e+18 214.984 5.14155e+16 5.14155e+16 210.512 214.984 
1.7501e+18 214.985 5.15313e+16 5.15313e+16 210.51 214.985 
1.7472e+18 214.965 5.10911e+16 5.10911e+16 210.536 214.965 
1.7443e+18 214.95 5.07662e+16 5.07662e+16 210.556 214.95 
1.7414e+18 214.938 5.05155e+16 5.05155e+16 210.573 214.938 
1.7385e+18 214.927 5.03133e+16 5.03133e+16 210.587 214.927 
1.7356e+18 214.918 5.01467e+16 5.01467e+16 210.599 214.918 
1.7327e+18 214.91 5.00079e+16 5.00079e+16 210.61 214.91 
1.7298e+18 214.902 4.98918e+16 4.98918e+16 210.62 214.902 
1.7269e+18 214.896 4.9795e+16 4.9795e+16 210.629 214.896 
1.724e+18 214.879 4.94709e+16 4.94709e+16 210.647 214.879 
1.7211e+18 214.854 4.90083e+16 4.90083e+16 210.669 214.854 
1.7182e+18 214.835 4.86429e+16 4.86429e+16 210.688 214.835 
1.7153e+18 214.818 4.83138e+16 4.83138e+16 210.706 214.818 
1.7124e+18 214.81 4.77741e+16 4.77741e+16 210.751 214.81 
1.7095e+18 214.801 4.73637e+16 4.73637e+16 210.783 214.801 
1.7066e+18 214.791 4.70137e+16 4.70137e+16 210.81 214.791 
1.7037e+18 214.783 4.67061e+16 4.67061e+16 210.834 214.783 
1.7008e+18 214.774 4.64319e+16 4.64319e+16 210.856 214.774 
1.6979e+18 214.767 4.61855e+16 4.61855e+16 210.876 214.767 
1.695e+18 214.76 4.59631e+16 4.59631e+16 210.894 214.76 
1.6921e+18 214.753 4.5762e+16 4.5762e+16 210.911 214.753 
1.6892e+18 214.747 4.55798e+16 4.55798e+16 210.927 214.747 
1.6863e+18 214.741 4.54149e+16 4.54149e+16 210.941 214.741 
1.6834e+18 214.736 4.52658e+16 4.52658e+16 210.955 214.736 
1.6805e+18 214.731 4.51314e+16 4.51314e+16 210.968 214.731 
1.6776e+18 214.727 4.50106e+16 4.50106e+16 210.98 214.727 
1.6747e+18 214.723 4.49026e+16 4.49026e+16 210.992 214.723 
1.6718e+18 214.719 4.48067e+16 4.48067e+16 211.002 214.719 
1.6689e+18 214.716 4.47222e+16 4.47222e+16 211.012 214.716 
1.666e+18 214.713 4.46485e+16 4.46485e+16 211.022 214.713 
1.6631e+18 214.71 4.45851e+16 4.45851e+16 211.031 214.71 
1.6602e+18 214.708 4.45317e+16 4.45317e+16 211.039 214.708 
1.6573e+18 214.705 4.44877e+16 4.44877e+16 211.047 214.705 
1.6544e+18 214.704 4.44528e+16 4.44528e+16 211.055 214.704 
1.6515e+18 214.702 4.44268e+16 4.44268e+16 211.062 214.702 
1.6486e+18 214.701 4.44092e+16 4.44092e+16 211.068 214.701 
1.6457e+18 214.7 4.43999e+16 4.43999e+16 211.074 214.7 
1.6428e+18 214.699 4.43985e+16 4.43985e+16 211.08 214.699 
1.6399e+18 214.698 4.44049e+16 4.44049e+16 211.085 214.698 
1.637e+18 214.698 4.44188e+16 4.44188e+16 211.09 214.698 
1.6341e+18 214.698 4.44401e+16 4.44401e+16 211.095 214.698 
1.6312e+18 214.698 4.44685e+16 4.44685e+16 211.099 214.698 
1.6283e+18 214.699 4.45039e+16 4.45039e+16 211.103 214.699 
1.6254e+18 214.699 4.45461e+16 4.45461e+16 211.107 214.699 
1.6225e+18 214.7 4.4595e+16 4.4595e+16 211.11 214.7 
1.6196e+18 214.701 4.46505e+16 4.46505e+16 211.113 214.701 
1.6167e+18 214.702 4.47124e+16 4.47124e+16 211.116 214.702 
1.6138e+18 214.704 4.47806e+16 4.47806e+16 211.118 214.704 
1.6109e+18 214.705 4.4855e+16 4.4855e+16 211.12 214.705 
1.608e+18 214.707 4.49354e+16 4.49354e+16 211.122 214.707 
1.6051e+18 214.709 4.50219e+16 4.50219e+16 211.124 214.709 
1.6022e+18 214.712 4.51142e+16 4.51142e+16 211.125 214.712 
1.5993e+18 214.714 4.52123e+16 4.52123e+16 211.126 214.714 
1.5964e+18 214.716 4.53162e+16 4.53162e+16 211.127 214.716 
1.5935e+18 214.719 4.54256e+16 4.54256e+16 211.128 214.719 
1.5906e+18 214.722 4.55406e+16 4.55406e+16 211.128 214.722 
1.5877e+18 214.725 4.56611e+16 4.56611e+16 211.128 214.725 
1.5848e+18 214.729 4.5787e+16 4.5787e+16 211.128 214.729 
1.5819e+18 214.732 4.59182e+16 4.59182e+16 211.128 214.732 
1.579e+18 214.736 4.60547e+16 4.60547e+16 211.127 214.736 
1.5761e+18 214.739 4.61965e+16 4.61965e+16 211.127 214.739 
1.5732e+18 214.743 4.63434e+16 4.63434e+16 211.126 214.743 
1.5703e+18 214.741 4.63949e+16 4.63949e+16 211.126 214.741 
1.5674e+18 214.722 4.61807e+16 4.61807e+16 211.13 214.722 
1.5645e+18 214.708 4.60632e+16 4.60632e+16 211.133 214.708 
1.5616e+18 214.698 4.59966e+16 4.59966e+16 211.134 214.698 
1.5587e+18 214.69 4.59639e+16 4.59639e+16 211.135 214.69 
1.5558e+18 214.683 4.59564e+16 4.59564e+16 211.136 214.683 
1.5529e+18 214.678 4.59691e+16 4.59691e+16 211.136 214.678 
1.55e+18 214.673 4.59988e+16 4.59988e+16 211.135 214.673 
1.5471e+18 214.669 4.60433e+16 4.60433e+16 211.135 214.669 
1.5442e+18 214.666 4.61007e+16 4.61007e+16 211.134 214.666 
1.5413e+18 214.663 4.617e+16 4.617e+16 211.132 214.663 
1.5384e+18 214.658 4.61499e+16 4.61499e+16 211.135 214.658 
1.5355e+18 214.608 4.48477e+16 4.48477e+16 211.191 214.608 
1.5326e+18 214.575 4.40273e+16 4.40273e+16 211.227 214.575 
1.5297e+18 214.549 4.33963e+16 4.33963e+16 211.255 214.549 
1.5268e+18 214.526 4.28768e+16 4.28768e+16 211.278 214.526 
1.5239e+18 214.507 4.24344e+16 4.24344e+16 211.298 214.507 
1.521e+18 214.489 4.20502e+16 4.20502e+16 211.316 214.489 
1.5181e+18 214.473 4.17126e+16 4.17126e+16 211.331 214.473 
1.5152e+18 214.459 4.14138e+16 4.14138e+16 211.345 214.459 
1.5123e+18 214.446 4.1148e+16 4.1148e+16 211.358 214.446 
1.5094e+18 214.433 4.09113e+16 4.09113e+16 211.369 214.433 
1.5065e+18 214.422 4.07002e+16 4.07002e+16 211.38 214.422 
1.5036e+18 214.412 4.05124e+16 4.05124e+16 211.389 214.412 
1.5007e+18 214.402 4.03458e+16 4.03458e+16 211.398 214.402 
1.4978e+18 214.394 4.01986e+16 4.01986e+16 211.406 214.393 
1.4949e+18 214.385 4.00695e+16 4.00695e+16 211.413 214.385 
1.492e+18 214.378 3.99573e+16 3.99573e+16 211.42 214.378 
1.4891e+18 214.371 3.9861e+16 3.9861e+16 211.426 214.371 
1.4862e+18 214.364 3.97797e+16 3.97797e+16 211.431 214.364 
1.4833e+18 214.358 3.97125e+16 3.97125e+16 211.436 214.358 
1.4804e+18 214.353 3.9659e+16 3.9659e+16 211.44 214.353 
1.4775e+18 214.348 3.96183e+16 3.96183e+16 211.443 214.348 
1.4746e+18 214.343 3.95901e+16 3.95901e+16 211.447 214.343 
1.4717e+18 214.339 3.95739e+16 3.95739e+16 211.45 214.339 
1.4688e+18 214.336 3.95691e+16 3.95691e+16 211.452 214.336 
1.4659e+18 214.332 3.95755e+16 3.95755e+16 211.454 214.332 
1.463e+18 214.329 3.95926e+16 3.95926e+16 211.455 214.329 
1.4601e+18 214.327 3.96202e+16 3.96202e+16 211.456 214.327 
1.4572e+18 214.325 3.9658e+16 3.9658e+16 211.457 214.325 
1.4543e+18 214.323 3.97056e+16 3.97056e+16 211.458 214.323 
1.4514e+18 214.321 3.97629e+16 3.97629e+16 211.458 214.321 
1.4485e+18 214.32 3.98295e+16 3.98295e+16 211.458 214.32 
1.4456e+18 214.319 3.99054e+16 3.99054e+16 211.457 214.319 
1.4427e+18 214.319 3.99903e+16 3.99903e+16 211.456 214.319 
1.4398e+18 214.304 3.96085e+16 3.96085e+16 211.474 214.304 
1.4369e+18 214.281 3.9002e+16 3.9002e+16 211.501 214.281 
1.434e+18 214.265 3.8572e+16 3.8572e+16 211.52 214.265 
1.4311e+18 214.251 3.82362e+16 3.82362e+16 211.536 214.251 
1.4282e+18 214.24 3.79632e+16 3.79632e+16 211.549 214.24 
1.4253e+18 214.229 3.7737e+16 3.7737e+16 211.561 214.229 
1.4224e+18 214.221 3.75481e+16 3.75481e+16 211.571 214.221 
1.4195e+18 214.213 3.73902e+16 3.73902e+16 211.579 214.213 
1.4166e+18 214.206 3.7259e+16 3.7259e+16 211.587 214.206 
1.4137e+18 214.2 3.71514e+16 3.71514e+16 211.594 214.2 
1.4108e+18 214.194 3.70649e+16 3.70649e+16 211.6 214.194 
1.4079e+18 214.189 3.69977e+16 3.69977e+16 211.605 214.189 
1.405e+18 214.185 3.69483e+16 3.69483e+16 211.609 214.185 
1.4021e+18 214.181 3.69155e+16 3.69155e+16 211.613 214.181 
1.3992e+18 214.178 3.68982e+16 3.68982e+16 211.616 214.178 
1.3963e+18 214.175 3.68956e+16 3.68956e+16 211.619 214.175 
1.3934e+18 214.173 3.69069e+16 3.69069e+16 211.621 214.173 
1.3905e+18 214.15 3.64641e+16 3.64641e+16 211.634 214.15 
1.3876e+18 214.133 3.6165e+16 3.6165e+16 211.643 214.133 
1.3847e+18 214.12 3.59459e+16 3.59459e+16 211.651 214.12 
1.3818e+18 214.109 3.57776e+16 3.57776e+16 211.656 214.109 
1.3789e+18 214.1 3.56468e+16 3.56468e+16 211.661 214.1 
1.376e+18 214.091 3.55462e+16 3.55462e+16 211.665 214.091 
1.3731e+18 214.084 3.54711e+16 3.54711e+16 211.667 214.084 
1.3702e+18 214.078 3.54183e+16 3.54183e+16 211.67 214.078 
1.3673e+18 214.072 3.53856e+16 3.53856e+16 211.671 214.072 
1.3644e+18 214.067 3.53711e+16 3.53711e+16 211.672 214.067 
1.3615e+18 214.063 3.53736e+16 3.53736e+16 211.673 214.063 
1.3586e+18 214.059 3.53918e+16 3.53918e+16 211.673 214.059 
1.3557e+18 214.056 3.5425e+16 3.5425e+16 211.673 214.056 
1.3528e+18 214.053 3.54723e+16 3.54723e+16 211.672 214.053 
1.3499e+18 214.051 3.55332e+16 3.55332e+16 211.671 214.051 
1.347e+18 214.049 3.5607e+16 3.5607e+16 211.669 214.049 
1.3441e+18 214.047 3.56932e+16 3.56932e+16 211.667 214.047 
1.3412e+18 214.046 3.57916e+16 3.57916e+16 211.664 214.046 
1.3383e+18 214.046 3.59016e+16 3.59016e+16 211.662 214.046 
1.3354e+18 214.045 3.60229e+16 3.60229e+16 211.659 214.045 
1.3325e+18 214.046 3.61552e+16 3.61552e+16 211.655 214.046 
1.3296e+18 214.046 3.62984e+16 3.62984e+16 211.651 214.046 
1.3267e+18 214.047 3.6452e+16 3.6452e+16 211.647 214.047 
1.3238e+18 214.048 3.6616e+16 3.6616e+16 211.643 214.048 
1.3209e+18 214.05 3.679e+16 3.679e+16 211.638 214.05 
1.318e+18 214.051 3.6974e+16 3.6974e+16 211.633 214.051 
1.3151e+18 214.054 3.71676e+16 3.71676e+16 211.628 214.054 
1.3122e+18 214.056 3.73708e+16 3.73708e+16 211.623 214.056 
1.3093e+18 214.059 3.75835e+16 3.75835e+16 211.617 214.059 
1.3064e+18 214.062 3.78053e+16 3.78053e+16 211.611 214.062 
1.3035e+18 214.065 3.80364e+16 3.80364e+16 211.605 214.065 
1.3006e+18 214.069 3.82764e+16 3.82764e+16 211.598 214.069 
1.2977e+18 214.072 3.85254e+16 3.85254e+16 211.592 214.072 
1.2948e+18 214.076 3.87831e+16 3.87831e+16 211.585 214.076 
1.2919e+18 214.081 3.90495e+16 3.90495e+16 211.578 214.081 
1.289e+18 214.072 3.88605e+16 3.88605e+16 211.586 214.072 
1.2861e+18 214.05 3.82437e+16 3.82437e+16 211.61 214.05 
1.2832e+18 214.036 3.78797e+16 3.78797e+16 211.624 214.036 
1.2803e+18 214.026 3.76385e+16 3.76385e+16 211.634 214.026 
1.2774e+18 214.017 3.74761e+16 3.74761e+16 211.642 214.017 
1.2745e+18 214.011 3.73708e+16 3.73708e+16 211.648 214.011 
1.2716e+18 214.006 3.73104e+16 3.73104e+16 211.652 214.006 
1.2687e+18 213.985 3.68026e+16 3.68026e+16 211.668 213.985 
1.2658e+18 213.968 3.6417e+16 3.6417e+16 211.681 213.968 
1.2629e+18 213.956 3.61493e+16 3.61493e+16 211.691 213.956 
1.26e+18 213.945 3.59551e+16 3.59551e+16 211.697 213.945 
1.2571e+18 213.937 3.5815e+16 3.5815e+16 211.703 213.937 
1.2542e+18 213.93 3.57181e+16 3.57181e+16 211.707 213.93 
1.2513e+18 213.924 3.56574e+16 3.56574e+16 211.71 213.924 
1.2484e+18 213.918 3.56283e+16 3.56283e+16 211.712 213.918 
1.2455e+18 213.914 3.56272e+16 3.56272e+16 211.713 213.914 
1.2426e+18 213.911 3.56514e+16 3.56514e+16 211.713 213.911 
1.2397e+18 213.908 3.56989e+16 3.56989e+16 211.712 213.908 
1.2368e+18 213.906 3.5768e+16 3.5768e+16 211.711 213.906 
1.2339e+18 213.905 3.58572e+16 3.58572e+16 211.709 213.905 
1.231e+18 213.904 3.59654e+16 3.59654e+16 211.707 213.904 
1.2281e+18 213.904 3.60916e+16 3.60916e+16 211.704 213.904 
1.2252e+18 213.904 3.6235e+16 3.6235e+16 211.701 213.904 
1.2223e+18 213.904 3.63948e+16 3.63948e+16 211.697 213.904 
1.2194e+18 213.906 3.65704e+16 3.65704e+16 211.693 213.906 
1.2165e+18 213.894 3.62724e+16 3.62724e+16 211.704 213.894 
1.2136e+18 213.874 3.56571e+16 3.56571e+16 211.726 213.874 
1.2107e+18 213.86 3.52801e+16 3.52801e+16 211.74 213.86 
1.2078e+18 213.849 3.50202e+16 3.50202e+16 211.751 213.849 
1.2049e+18 213.841 3.48369e+16 3.48369e+16 211.758 213.841 
1.202e+18 213.834 3.47103e+16 3.47103e+16 211.764 213.834 
1.1991e+18 213.829 3.46293e+16 3.46293e+16 211.768 213.829 
1.1962e+18 213.824 3.45864e+16 3.45864e+16 211.771 213.824 
1.1933e+18 213.821 3.45766e+16 3.45766e+16 211.773 213.821 
1.1904e+18 213.818 3.45963e+16 3.45963e+16 211.775 213.818 
1.1875e+18 213.794 3.40868e+16 3.40868e+16 211.785 213.794 
1.1846e+18 213.774 3.37117e+16 3.37117e+16 211.793 213.774 
1.1817e+18 213.76 3.34652e+16 3.34652e+16 211.798 213.76 
1.1788e+18 213.749 3.32955e+16 3.32955e+16 211.801 213.749 
1.1759e+18 213.739 3.31817e+16 3.31817e+16 211.803 213.739 
1.173e+18 213.726 3.29048e+16 3.29048e+16 211.811 213.726 
1.1701e+18 213.711 3.256e+16 3.256e+16 211.821 213.711 
1.1672e+18 213.699 3.23245e+16 3.23245e+16 211.827 213.699 
1.1643e+18 213.689 3.21531e+16 3.21531e+16 211.832 213.689 
1.1614e+18 213.681 3.203e+16 3.203e+16 211.835 213.681 
1.1585e+18 213.673 3.19468e+16 3.19468e+16 211.837 213.673 
1.1556e+18 213.667 3.18984e+16 3.18984e+16 211.838 213.667 
1.1527e+18 213.661 3.18813e+16 3.18813e+16 211.838 213.661 
1.1498e+18 213.656 3.18927e+16 3.18927e+16 211.837 213.656 
1.1469e+18 213.652 3.19307e+16 3.19307e+16 211.835 213.652 
1.144e+18 213.649 3.19935e+16 3.19935e+16 211.833 213.649 
1.1411e+18 213.647 3.20798e+16 3.20798e+16 211.83 213.647 
1.1382e+18 213.645 3.21884e+16 3.21884e+16 211.827 213.645 
1.1353e+18 213.643 3.23183e+16 3.23183e+16 211.823 213.643 
1.1324e+18 213.642 3.24687e+16 3.24687e+16 211.818 213.642 
1.1295e+18 213.642 3.26388e+16 3.26388e+16 211.813 213.642 
1.1266e+18 213.642 3.2828e+16 3.2828e+16 211.807 213.642 
1.1237e+18 213.643 3.30357e+16 3.30357e+16 211.801 213.643 
1.1208e+18 213.644 3.32613e+16 3.32613e+16 211.795 213.644 
1.1179e+18 213.646 3.35044e+16 3.35044e+16 211.788 213.646 
1.115e+18 213.648 3.37646e+16 3.37646e+16 211.78 213.648 
1.1121e+18 213.651 3.40255e+16 3.40255e+16 211.774 213.651 
1.1092e+18 213.653 3.36474e+16 3.36474e+16 211.801 213.653 
1.1063e+18 213.629 3.24203e+16 3.24203e+16 211.85 213.629 
1.1034e+18 213.616 3.17868e+16 3.17868e+16 211.876 213.616 
1.1005e+18 213.607 3.13682e+16 3.13682e+16 211.894 213.607 
1.0976e+18 213.601 3.10765e+16 3.10765e+16 211.908 213.601 
1.0947e+18 213.596 3.08742e+16 3.08742e+16 211.919 213.596 
1.0918e+18 213.592 3.07408e+16 3.07408e+16 211.927 213.592 
1.0889e+18 213.59 3.06638e+16 3.06638e+16 211.933 213.59 
1.086e+18 213.589 3.06349e+16 3.06349e+16 211.938 213.589 
1.0831e+18 213.591 3.05243e+16 3.05243e+16 211.951 213.591 
1.0802e+18 213.59 3.03228e+16 3.03228e+16 211.965 213.59 
1.0773e+18 213.576 2.98797e+16 2.98797e+16 211.979 213.576 
1.0744e+18 213.569 2.96191e+16 2.96191e+16 211.99 213.569 
1.0715e+18 213.565 2.94485e+16 2.94485e+16 212 213.565 
1.0686e+18 213.563 2.93429e+16 2.93429e+16 212.007 213.563 
1.0657e+18 213.562 2.92902e+16 2.92902e+16 212.013 213.562 
1.0628e+18 213.562 2.92827e+16 2.92827e+16 212.018 213.562 
1.0599e+18 213.558 2.9095e+16 2.9095e+16 212.028 213.558 
1.057e+18 213.532 2.77635e+16 2.77635e+16 212.076 213.532 
1.0541e+18 213.517 2.70341e+16 2.70341e+16 212.103 213.517 
1.0512e+18 213.507 2.65161e+16 2.65161e+16 212.124 213.507 
1.0483e+18 213.499 2.61262e+16 2.61262e+16 212.14 213.499 
1.0454e+18 213.493 2.58289e+16 2.58289e+16 212.153 213.493 
1.0425e+18 213.488 2.56048e+16 2.56048e+16 212.164 213.488 
1.0396e+18 213.485 2.5442e+16 2.5442e+16 212.173 213.485 
1.0367e+18 213.483 2.53322e+16 2.53322e+16 212.18 213.483 
1.0338e+18 213.482 2.52697e+16 2.52697e+16 212.185 213.482 
1.0309e+18 213.481 2.525e+16 2.525e+16 212.19 213.481 
1.028e+18 213.482 2.52696e+16 2.52696e+16 212.193 213.482 
1.0251e+18 213.483 2.53258e+16 2.53258e+16 212.195 213.483 
1.0222e+18 213.485 2.54163e+16 2.54163e+16 212.196 213.485 
1.0193e+18 213.488 2.55393e+16 2.55393e+16 212.196 213.488 
1.0164e+18 213.491 2.56932e+16 2.56932e+16 212.195 213.491 
1.0135e+18 213.495 2.58765e+16 2.58765e+16 212.194 213.495 
1.0106e+18 213.499 2.60882e+16 2.60882e+16 212.191 213.499 
1.0077e+18 213.504 2.63272e+16 2.63272e+16 212.188 213.504 
1.0048e+18 213.51 2.65925e+16 2.65925e+16 212.184 213.51 
1.0019e+18 213.516 2.68834e+16 2.68834e+16 212.18 213.516 
9.99e+17 213.523 2.71992e+16 2.71992e+16 212.175 213.523 
9.961e+17 213.518 2.7169e+16 2.7169e+16 212.176 213.518 
9.932e+17 213.513 2.713e+16 2.713e+16 212.176 213.513 
9.903e+17 213.512 2.72233e+16 2.72233e+16 212.175 213.512 
9.874e+17 213.513 2.73899e+16 2.73899e+16 212.171 213.513 
9.845e+17 213.516 2.76096e+16 2.76096e+16 212.167 213.516 
9.816e+17 213.519 2.78725e+16 2.78725e+16 212.162 213.519 
9.787e+17 213.506 2.73404e+16 2.73404e+16 212.179 213.506 
9.758e+17 213.486 2.64683e+16 2.64683e+16 212.205 213.486 
9.729e+17 213.475 2.60068e+16 2.60068e+16 212.219 213.475 
9.7e+17 213.468 2.57325e+16 2.57325e+16 212.229 213.468 
9.671e+17 213.463 2.5579e+16 2.5579e+16 212.235 213.463 
9.642e+17 213.46 2.55153e+16 2.55153e+16 212.239 213.46 
9.613e+17 213.459 2.55239e+16 2.55239e+16 212.242 213.459 
9.584e+17 213.459 2.55935e+16 2.55935e+16 212.242 213.459 
9.555e+17 213.46 2.57164e+16 2.57164e+16 212.241 213.46 
9.526e+17 213.463 2.58872e+16 2.58872e+16 212.239 213.463 
9.497e+17 213.466 2.61015e+16 2.61015e+16 212.236 213.466 
9.468e+17 213.47 2.63561e+16 2.63561e+16 212.232 213.47 
9.439e+17 213.475 2.66484e+16 2.66484e+16 212.227 213.475 
9.41e+17 213.475 2.68119e+16 2.68119e+16 212.223 213.475 
9.381e+17 213.448 2.59831e+16 2.59831e+16 212.239 213.448 
9.352e+17 213.417 2.47541e+16 2.47541e+16 212.268 213.417 
9.323e+17 213.399 2.40873e+16 2.40873e+16 212.284 213.399 
9.294e+17 213.374 2.31567e+16 2.31567e+16 212.306 213.374 
9.265e+17 213.357 2.25415e+16 2.25415e+16 212.32 213.357 
9.236e+17 213.35 2.17511e+16 2.17511e+16 212.353 213.35 
9.207e+17 213.343 2.12186e+16 2.12186e+16 212.373 213.343 
9.178e+17 213.337 2.08399e+16 2.08399e+16 212.388 213.337 
9.149e+17 213.333 2.05707e+16 2.05707e+16 212.399 213.333 
9.12e+17 213.33 2.03901e+16 2.03901e+16 212.407 213.33 
9.091e+17 213.329 2.02854e+16 2.02854e+16 212.413 213.329 
9.062e+17 213.328 2.02478e+16 2.02478e+16 212.418 213.328 
9.033e+17 213.328 2.02707e+16 2.02707e+16 212.42 213.328 
9.004e+17 213.33 2.03492e+16 2.03492e+16 212.421 213.33 
8.975e+17 213.332 2.04794e+16 2.04794e+16 212.42 213.332 
8.946e+17 213.336 2.06579e+16 2.06579e+16 212.419 213.336 
8.917e+17 213.34 2.08822e+16 2.08822e+16 212.416 213.34 
8.888e+17 213.345 2.11501e+16 2.11501e+16 212.412 213.345 
8.859e+17 213.35 2.14594e+16 2.14594e+16 212.407 213.35 
8.83e+17 213.357 2.18087e+16 2.18087e+16 212.401 213.356 
8.801e+17 213.364 2.21965e+16 2.21965e+16 212.394 213.364 
8.772e+17 213.371 2.26215e+16 2.26215e+16 212.387 213.371 
8.743e+17 213.356 2.18147e+16 2.18147e+16 212.409 213.356 
8.714e+17 213.344 2.11789e+16 2.11789e+16 212.428 213.344 
8.685e+17 213.32 2.02509e+16 2.02509e+16 212.447 213.32 
8.656e+17 213.305 1.97221e+16 1.97221e+16 212.458 213.305 
8.627e+17 213.296 1.94239e+16 1.94239e+16 212.465 213.296 
8.598e+17 213.291 1.92722e+16 1.92722e+16 212.469 213.291 
8.569e+17 213.287 1.92307e+16 1.92307e+16 212.47 213.287 
8.54e+17 213.286 1.92791e+16 1.92791e+16 212.469 213.286 
8.511e+17 213.286 1.94046e+16 1.94046e+16 212.467 213.286 
8.482e+17 213.288 1.95982e+16 1.95982e+16 212.463 213.288 
8.453e+17 213.29 1.98534e+16 1.98534e+16 212.458 213.29 
8.424e+17 213.275 1.90956e+16 1.90956e+16 212.477 213.275 
8.395e+17 213.26 1.83724e+16 1.83724e+16 212.495 213.26 
8.366e+17 213.252 1.80123e+16 1.80123e+16 212.504 213.252 
8.337e+17 213.247 1.78369e+16 1.78369e+16 212.51 213.247 
8.308e+17 213.245 1.77895e+16 1.77895e+16 212.512 213.245 
8.279e+17 213.245 1.78425e+16 1.78425e+16 212.512 213.245 
8.25e+17 213.246 1.79799e+16 1.79799e+16 212.51 213.246 
8.221e+17 213.249 1.81914e+16 1.81914e+16 212.507 213.249 
8.192e+17 213.251 1.84166e+16 1.84166e+16 212.502 213.251 
8.163e+17 213.239 1.80416e+16 1.80416e+16 212.508 213.239 
8.134e+17 213.235 1.80377e+16 1.80377e+16 212.507 213.235 
8.105e+17 213.234 1.81763e+16 1.81763e+16 212.503 213.234 
8.076e+17 213.236 1.84138e+16 1.84138e+16 212.498 213.236 
8.047e+17 213.239 1.87313e+16 1.87313e+16 212.491 213.239 
8.018e+17 213.243 1.91181e+16 1.91181e+16 212.483 213.243 
7.989e+17 213.249 1.95674e+16 1.95674e+16 212.473 213.249 
7.96e+17 213.256 2.00742e+16 2.00742e+16 212.463 213.255 
7.931e+17 213.263 2.0635e+16 2.0635e+16 212.451 213.263 
7.902e+17 213.265 2.08917e+16 2.08917e+16 212.446 213.265 
7.873e+17 213.247 1.9931e+16 1.9931e+16 212.468 213.247 
7.844e+17 213.24 1.96878e+16 1.96878e+16 212.474 213.24 
7.815e+17 213.239 1.96952e+16 1.96952e+16 212.475 213.239 
7.786e+17 213.219 1.90859e+16 1.90859e+16 212.482 213.219 
7.757e+17 213.209 1.88801e+16 1.88801e+16 212.483 213.209 
7.728e+17 213.199 1.86096e+16 1.86096e+16 212.485 213.199 
7.699e+17 213.188 1.83134e+16 1.83134e+16 212.489 213.188 
7.67e+17 213.182 1.82661e+16 1.82661e+16 212.487 213.182 
7.641e+17 213.179 1.83667e+16 1.83667e+16 212.483 213.179 
7.612e+17 213.148 1.67536e+16 1.67536e+16 212.515 213.148 
7.583e+17 213.132 1.61018e+16 1.61018e+16 212.527 213.132 
7.554e+17 213.123 1.57547e+16 1.57547e+16 212.532 213.123 
7.525e+17 213.116 1.56e+16 1.56e+16 212.534 213.116 
7.496e+17 213.113 1.55908e+16 1.55908e+16 212.533 213.112 
7.467e+17 213.111 1.57017e+16 1.57017e+16 212.529 213.111 
7.438e+17 213.111 1.59166e+16 1.59166e+16 212.524 213.111 
7.409e+17 213.113 1.62242e+16 1.62242e+16 212.516 213.113 
7.38e+17 213.116 1.66165e+16 1.66165e+16 212.508 213.116 
7.351e+17 213.121 1.70872e+16 1.70872e+16 212.497 213.121 
7.322e+17 213.11 1.69132e+16 1.69132e+16 212.496 213.11 
7.293e+17 213.107 1.70859e+16 1.70859e+16 212.489 213.107 
7.264e+17 213.108 1.74321e+16 1.74321e+16 212.48 213.108 
7.235e+17 213.111 1.78956e+16 1.78956e+16 212.468 213.111 
7.206e+17 213.115 1.84543e+16 1.84543e+16 212.455 213.115 
7.177e+17 213.092 1.72992e+16 1.72992e+16 212.476 213.092 
7.148e+17 213.081 1.69094e+16 1.69094e+16 212.482 213.081 
7.119e+17 213.077 1.68669e+16 1.68669e+16 212.481 213.077 
7.09e+17 213.08 1.65966e+16 1.65966e+16 212.496 213.08 
7.061e+17 213.084 1.66135e+16 1.66135e+16 212.502 213.084 
7.032e+17 213.09 1.68449e+16 1.68449e+16 212.502 213.09 
7.003e+17 213.097 1.72233e+16 1.72233e+16 212.499 213.097 
6.974e+17 213.096 1.70985e+16 1.70985e+16 212.505 213.096 
6.945e+17 213.067 1.53919e+16 1.53919e+16 212.537 213.067 
6.916e+17 213.054 1.46715e+16 1.46715e+16 212.551 213.054 
6.887e+17 213.048 1.43595e+16 1.43595e+16 212.557 213.048 
6.858e+17 213.045 1.4295e+16 1.4295e+16 212.559 213.045 
6.829e+17 213.046 1.44143e+16 1.44143e+16 212.557 213.046 
6.8e+17 213.048 1.46835e+16 1.46835e+16 212.553 213.048 
6.771e+17 213.053 1.50818e+16 1.50818e+16 212.546 213.053 
6.742e+17 213.059 1.5595e+16 1.5595e+16 212.537 213.059 
6.713e+17 213.067 1.62128e+16 1.62128e+16 212.527 213.067 
6.684e+17 213.074 1.6848e+16 1.6848e+16 212.516 213.074 
6.655e+17 213.066 1.68145e+16 1.68145e+16 212.511 213.066 
6.626e+17 213.066 1.7131e+16 1.7131e+16 212.503 213.066 
6.597e+17 213.035 1.54336e+16 1.54336e+16 212.53 213.035 
6.568e+17 213.017 1.45139e+16 1.45139e+16 212.544 213.017 
6.539e+17 213.007 1.41572e+16 1.41572e+16 212.548 213.007 
6.51e+17 213.002 1.4108e+16 1.4108e+16 212.547 213.002 
6.481e+17 213.001 1.42785e+16 1.42785e+16 212.542 213.001 
6.452e+17 213.003 1.46246e+16 1.46246e+16 212.534 213.003 
6.423e+17 212.997 1.44914e+16 1.44914e+16 212.535 212.997 
6.394e+17 212.98 1.35158e+16 1.35158e+16 212.551 212.98 
6.365e+17 212.974 1.32919e+16 1.32919e+16 212.554 212.974 
6.336e+17 212.963 1.28927e+16 1.28927e+16 212.558 212.963 
6.307e+17 212.958 1.21046e+16 1.21046e+16 212.579 212.958 
6.278e+17 212.957 1.18652e+16 1.18652e+16 212.587 212.957 
6.249e+17 212.959 1.19373e+16 1.19373e+16 212.589 212.959 
6.22e+17 212.963 1.22288e+16 1.22288e+16 212.586 212.963 
6.191e+17 212.97 1.26985e+16 1.26985e+16 212.58 212.97 
6.162e+17 212.978 1.3322e+16 1.3322e+16 212.571 212.978 
6.133e+17 212.988 1.40835e+16 1.40835e+16 212.559 212.988 
6.104e+17 212.978 1.34005e+16 1.34005e+16 212.573 212.978 
6.075e+17 212.973 1.30287e+16 1.30287e+16 212.58 212.973 
6.046e+17 212.968 1.28004e+16 1.28004e+16 212.584 212.968 
6.017e+17 212.961 1.25404e+16 1.25404e+16 212.586 212.961 
5.988e+17 212.961 1.27544e+16 1.27544e+16 212.582 212.961 
5.959e+17 212.965 1.32299e+16 1.32299e+16 212.574 212.965 
5.93e+17 212.944 1.17442e+16 1.17442e+16 212.598 212.944 
5.901e+17 212.939 1.15136e+16 1.15136e+16 212.602 212.939 
5.872e+17 212.94 1.16754e+16 1.16754e+16 212.599 212.94 
5.843e+17 212.944 1.2101e+16 1.2101e+16 212.593 212.944 
5.814e+17 212.931 1.1728e+16 1.1728e+16 212.593 212.931 
5.785e+17 212.923 1.15148e+16 1.15148e+16 212.592 212.923 
5.756e+17 212.919 1.15946e+16 1.15946e+16 212.588 212.919 
5.727e+17 212.92 1.20197e+16 1.20197e+16 212.578 212.92 
5.698e+17 212.924 1.26821e+16 1.26821e+16 212.566 212.924 
5.669e+17 212.906 1.15425e+16 1.15425e+16 212.581 212.906 
5.64e+17 212.898 1.12623e+16 1.12623e+16 212.583 212.898 
5.611e+17 212.898 1.14892e+16 1.14892e+16 212.578 212.898 
5.582e+17 212.901 1.20262e+16 1.20262e+16 212.568 212.901 
5.553e+17 212.893 1.19171e+16 1.19171e+16 212.565 212.893 
5.524e+17 212.867 1.0237e+16 1.0237e+16 212.586 212.867 
5.495e+17 212.857 9.84544e+15 9.84544e+15 212.589 212.857 
5.466e+17 212.855 9.95981e+15 9.95981e+15 212.584 212.854 
5.437e+17 212.856 1.04057e+16 1.04057e+16 212.575 212.856 
5.408e+17 212.861 1.1112e+16 1.1112e+16 212.563 212.861 
5.379e+17 212.869 1.20398e+16 1.20398e+16 212.547 212.869 
5.35e+17 212.87 1.25761e+16 1.25761e+16 212.536 212.87 
5.321e+17 212.874 1.31413e+16 1.31413e+16 212.527 212.874 
5.292e+17 212.864 1.15967e+16 1.15967e+16 212.559 212.864 
5.263e+17 212.863 1.13304e+16 1.13304e+16 212.567 212.863 
5.234e+17 212.871 1.1265e+16 1.1265e+16 212.578 212.871 
5.205e+17 212.882 1.16574e+16 1.16574e+16 212.581 212.882 
5.176e+17 212.867 1.0018e+16 1.0018e+16 212.61 212.867 
5.147e+17 212.853 8.9116e+15 8.9116e+15 212.626 212.853 
5.118e+17 212.84 7.95531e+15 7.95531e+15 212.638 212.84 
5.089e+17 212.838 7.8653e+15 7.8653e+15 212.639 212.838 
5.06e+17 212.841 8.21743e+15 8.21743e+15 212.635 212.841 
5.031e+17 212.848 8.90903e+15 8.90903e+15 212.626 212.848 
5.002e+17 212.859 9.88663e+15 9.88663e+15 212.613 212.859 
4.973e+17 212.847 8.78175e+15 8.78175e+15 212.63 212.847 
4.944e+17 212.833 7.96792e+15 7.96792e+15 212.638 212.833 
4.915e+17 212.832 8.09473e+15 8.09473e+15 212.635 212.832 
4.886e+17 212.829 7.99898e+15 7.99898e+15 212.635 212.829 
4.857e+17 212.817 7.00717e+15 7.00717e+15 212.648 212.817 
4.828e+17 212.817 7.15166e+15 7.15166e+15 212.646 212.817 
4.799e+17 212.823 7.80364e+15 7.80364e+15 212.637 212.823 
4.77e+17 212.825 7.39144e+15 7.39144e+15 212.65 212.825 
4.741e+17 212.832 7.83928e+15 7.83928e+15 212.648 212.832 
4.712e+17 212.844 8.80109e+15 8.80109e+15 212.638 212.844 
4.683e+17 212.833 7.48918e+15 7.48918e+15 212.659 212.833 
4.654e+17 212.837 7.78298e+15 7.78298e+15 212.657 212.837 
4.625e+17 212.832 7.70366e+15 7.70366e+15 212.656 212.832 
4.596e+17 212.805 5.43896e+15 5.43896e+15 212.681 212.805 
4.567e+17 212.795 4.7047e+15 4.7047e+15 212.689 212.795 
4.538e+17 212.795 4.85649e+15 4.85649e+15 212.685 212.795 
4.509e+17 212.8 5.56434e+15 5.56434e+15 212.676 212.8 
4.48e+17 212.81 6.70492e+15 6.70492e+15 212.661 212.81 
4.451e+17 212.803 6.57707e+15 6.57707e+15 212.658 212.803 
4.422e+17 212.789 5.49408e+15 5.49408e+15 212.669 212.789 
4.393e+17 212.791 5.93836e+15 5.93836e+15 212.661 212.791 
4.364e+17 212.792 6.28716e+15 6.28716e+15 212.656 212.792 
4.335e+17 212.784 5.65333e+15 5.65333e+15 212.662 212.784 
4.306e+17 212.774 5.19078e+15 5.19078e+15 212.663 212.774 
4.277e+17 212.778 5.93892e+15 5.93892e+15 212.652 212.778 
4.248e+17 212.787 7.2641e+15 7.2641e+15 212.634 212.787 
4.219e+17 212.796 8.59668e+15 8.59668e+15 212.616 212.796 
4.19e+17 212.767 6.3311e+15 6.3311e+15 212.635 212.767 
4.161e+17 212.761 6.2874e+15 6.2874e+15 212.631 212.761 
4.132e+17 212.752 5.07774e+15 5.07774e+15 212.648 212.752 
4.103e+17 212.749 4.45074e+15 4.45074e+15 212.658 212.749 
4.074e+17 212.747 4.42263e+15 4.42263e+15 212.658 212.747 
4.045e+17 212.749 4.96668e+15 4.96668e+15 212.65 212.749 
4.016e+17 212.759 6.30648e+15 6.30648e+15 212.634 212.759 
3.987e+17 212.749 5.36972e+15 5.36972e+15 212.643 212.749 
3.958e+17 212.752 5.91819e+15 5.91819e+15 212.635 212.752 
3.929e+17 212.737 4.7474e+15 4.7474e+15 212.645 212.737 
3.9e+17 212.735 4.8122e+15 4.8122e+15 212.642 212.735 
3.871e+17 212.743 5.97122e+15 5.97122e+15 212.628 212.743 
3.842e+17 212.741 5.51382e+15 5.51382e+15 212.636 212.741 
3.813e+17 212.73 4.28772e+15 4.28772e+15 212.649 212.73 
3.784e+17 212.728 4.07712e+15 4.07712e+15 212.651 212.728 
3.755e+17 212.726 3.86102e+15 3.86102e+15 212.654 212.726 
3.726e+17 212.711 2.55296e+15 2.55296e+15 212.663 212.711 
3.697e+17 212.713 3.18653e+15 3.18653e+15 212.655 212.713 
3.668e+17 212.724 4.77432e+15 4.77432e+15 212.637 212.724 
3.639e+17 212.717 4.35282e+15 4.35282e+15 212.638 212.717 
3.61e+17 212.715 4.60051e+15 4.60051e+15 212.633 212.715 
3.581e+17 212.71 4.31015e+15 4.31015e+15 212.633 212.71 
3.552e+17 212.7 3.83224e+15 3.83224e+15 212.632 212.7 
3.523e+17 212.694 3.99172e+15 3.99172e+15 212.625 212.694 
3.494e+17 212.704 4.55301e+15 4.55301e+15 212.625 212.704 
3.465e+17 212.699 3.75952e+15 3.75952e+15 212.634 212.699 
3.436e+17 212.689 2.7786e+15 2.7786e+15 212.641 212.689 
3.407e+17 212.69 2.0398e+15 2.0398e+15 212.656 212.69 
3.378e+17 212.703 3.27816e+15 3.27816e+15 212.648 212.703 
3.349e+17 212.701 3.1351e+15 3.1351e+15 212.649 212.701 
3.32e+17 212.703 3.3008e+15 3.3008e+15 212.649 212.703 
3.291e+17 212.689 1.87033e+15 1.87033e+15 212.659 212.689 
3.262e+17 212.681 1.32794e+15 1.32794e+15 212.66 212.681 
3.233e+17 212.69 2.86246e+15 2.86246e+15 212.644 212.69 
3.204e+17 212.683 1.16544e+15 1.16544e+15 212.665 212.683 
3.175e+17 212.683 9.89466e+14 9.89466e+14 212.668 212.683 
3.146e+17 212.683 7.87744e+14 7.87744e+14 212.671 212.683 
3.117e+17 212.686 1.51388e+15 1.51388e+15 212.662 212.686 
3.088e+17 212.688 2.011e+15 2.011e+15 212.657 212.688 
3.059e+17 212.68 1.6568e+15 1.6568e+15 212.655 212.68 
3.03e+17 212.666 8.47612e+13 8.47612e+13 212.664 212.666 
3.001e+17 212.669 1.2294e+15 1.2294e+15 212.65 212.669 
2.972e+17 212.664 1.20511e+15 1.20511e+15 212.646 212.664 
2.943e+17 212.665 1.8817e+15 1.8817e+15 212.637 212.665 
2.914e+17 212.659 1.01618e+15 1.01618e+15 212.644 212.659 
2.885e+17 212.67 2.63794e+15 2.63794e+15 212.633 212.67 
2.856e+17 212.655 8.93598e+14 8.93598e+14 212.642 212.655 
2.827e+17 212.649 2.66184e+14 2.66184e+14 212.645 212.649 
2.798e+17 212.647 8.81626e+14 8.81626e+14 212.635 212.647 
2.769e+17 212.652 1.183e+15 1.183e+15 212.636 212.652 
2.74e+17 212.646 6.31804e+13 6.31804e+13 212.645 212.646 
2.711e+17 212.648 6.44262e+14 6.44262e+14 212.639 212.648 
2.682e+17 212.64 1.71271e+14 1.71271e+14 212.638 212.64 
2.653e+17 212.632 -3.98424e+14 -3.98424e+14 212.637 212.632 
2.624e+17 212.634 1.3483e+14 1.3483e+14 212.632 212.634 
2.595e+17 212.638 2.82633e+14 2.82633e+14 212.634 212.638 
2.566e+17 212.639 3.69957e+14 3.69957e+14 212.634 212.639 
2.537e+17 212.633 -4.19504e+14 -4.19504e+14 212.638 212.633 
2.508e+17 212.632 -8.54686e+14 -8.54686e+14 212.643 212.632 
2.479e+17 212.628 -1.53288e+15 -1.53288e+15 212.647 212.628 
2.45e+17 212.637 5.24946e+14 5.24946e+14 212.63 212.637 
2.421e+17 212.632 -9.12827e+14 -9.12827e+14 212.643 212.632 
2.392e+17 212.627 -1.80483e+15 -1.80483e+15 212.648 212.627 
2.363e+17 212.624 -1.81433e+15 -1.81433e+15 212.646 212.624 
2.334e+17 212.621 -2.05e+15 -2.05e+15 212.644 212.621 
2.305e+17 212.625 -4.71738e+14 -4.71738e+14 212.631 212.625 
2.276e+17 212.611 -1.94894e+15 -1.94894e+15 212.633 212.611 
2.247e+17 212.617 -3.90635e+14 -3.90635e+14 212.622 212.617 
2.218e+17 212.61 -1.90572e+15 -1.90572e+15 212.631 212.61 
2.189e+17 212.615 -1.02294e+14 -1.02294e+14 212.616 212.615 
2.16e+17 212.605 -2.11415e+15 -2.11415e+15 212.628 212.605 
2.131e+17 212.61 -8.187e+14 -8.187e+14 212.619 212.61 
2.102e+17 212.603 -1.80937e+15 -1.80937e+15 212.622 212.603 
2.073e+17 212.603 -2.03906e+15 -2.03906e+15 212.624 212.603 
2.044e+17 212.597 -2.97826e+15 -2.97826e+15 212.628 212.597 
2.015e+17 212.603 -2.12885e+15 -2.12885e+15 212.624 212.603 
1.986e+17 212.598 -3.04353e+15 -3.04353e+15 212.628 212.598 
1.957e+17 212.595 -2.87965e+15 -2.87965e+15 212.623 212.595 
1.928e+17 212.602 -2.34443e+15 -2.34443e+15 212.624 212.602 
1.899e+17 212.592 -3.93326e+15 -3.93326e+15 212.629 212.592 
1.87e+17 212.594 -2.43456e+15 -2.43456e+15 212.617 212.594 
1.841e+17 212.595 -9.57012e+14 -9.57012e+14 212.604 212.595 
1.812e+17 212.584 -3.50335e+15 -3.50335e+15 212.616 212.584 
1.783e+17 212.582 -2.9414e+15 -2.9414e+15 212.608 212.582 
1.754e+17 212.582 -3.23933e+15 -3.23933e+15 212.611 212.582 
1.725e+17 212.588 -2.36178e+15 -2.36178e+15 212.609 212.588 
1.696e+17 212.581 -3.64321e+15 -3.64321e+15 212.612 212.581 
1.667e+17 212.579 -4.45078e+15 -4.45078e+15 212.616 212.579 
1.638e+17 212.577 -4.29562e+15 -4.29562e+15 212.612 212.577 
1.609e+17 212.577 -4.83061e+15 -4.83061e+15 212.615 212.577 
1.58e+17 212.577 -3.65103e+15 -3.65103e+15 212.606 212.577 
1.551e+17 212.574 -2.98847e+15 -2.98847e+15 212.597 212.573 
1.522e+17 212.57 -3.63201e+15 -3.63201e+15 212.598 212.57 
1.493e+17 212.57 -3.49993e+15 -3.49993e+15 212.596 212.57 
1.464e+17 212.567 -5.35388e+15 -5.35388e+15 212.606 212.567 
1.435e+17 212.568 -4.68127e+15 -4.68127e+15 212.601 212.568 
1.406e+17 212.567 -4.61432e+15 -4.61432e+15 212.599 212.567 
1.377e+17 212.568 -4.35305e+15 -4.35305e+15 212.597 212.568 
1.348e+17 212.562 -4.28782e+15 -4.28782e+15 212.591 212.562 
1.319e+17 212.558 -4.93384e+15 -4.93384e+15 212.591 212.558 
1.29e+17 212.562 -4.73402e+15 -4.73402e+15 212.593 212.562 
1.261e+17 212.557 -5.79425e+15 -5.79425e+15 212.593 212.557 
1.232e+17 212.558 -4.82252e+15 -4.82252e+15 212.588 212.558 
1.203e+17 212.554 -6.30463e+15 -6.30463e+15 212.591 212.554 
1.174e+17 212.553 -5.13171e+15 -5.13171e+15 212.583 212.553 
1.145e+17 212.555 -5.15526e+15 -5.15526e+15 212.585 212.555 
1.116e+17 212.551 -5.60468e+15 -5.60468e+15 212.582 212.551 
1.087e+17 212.55 -6.33275e+15 -6.33275e+15 212.584 212.55 
1.058e+17 212.547 -5.44913e+15 -5.44913e+15 212.576 212.547 
1.029e+17 212.548 -6.25787e+15 -6.25787e+15 212.58 212.548 
