3e+18 217.33 1.27988e+17
2.9971e+18 217.311 1.24801e+17
2.9942e+18 217.294 1.19607e+17
2.9913e+18 217.277 1.15533e+17
2.9884e+18 217.261 1.11676e+17
2.9855e+18 217.245 1.08154e+17
2.9826e+18 217.229 1.04873e+17
2.9797e+18 217.215 1.01866e+17
2.9768e+18 217.2 9.90502e+16
2.9739e+18 217.186 9.64156e+16
2.971e+18 217.172 9.39379e+16
2.9681e+18 217.159 9.16011e+16
2.9652e+18 217.146 8.93902e+16
2.9623e+18 217.133 8.72927e+16
2.9594e+18 217.121 8.52975e+16
2.9565e+18 217.109 8.33953e+16
2.9536e+18 217.097 8.15777e+16
2.9507e+18 217.085 7.98376e+16
2.9478e+18 217.074 7.81685e+16
2.9449e+18 217.063 7.65647e+16
2.942e+18 217.052 7.50213e+16
2.9391e+18 217.041 7.35337e+16
2.9362e+18 217.031 7.20978e+16
2.9333e+18 217.02 7.07102e+16
2.9304e+18 217.01 6.93674e+16
2.9275e+18 217 6.80665e+16
2.9246e+18 216.991 6.68049e+16
2.9217e+18 216.981 6.55801e+16
2.9188e+18 216.972 6.43898e+16
2.9159e+18 216.963 6.32321e+16
2.913e+18 216.954 6.21051e+16
2.9101e+18 216.945 6.10071e+16
2.9072e+18 216.936 5.99364e+16
2.9043e+18 216.928 5.88916e+16
2.9014e+18 216.919 5.78715e+16
2.8985e+18 216.911 5.68746e+16
2.8956e+18 216.903 5.59e+16
2.8927e+18 216.895 5.49464e+16
2.8898e+18 216.887 5.4013e+16
2.8869e+18 216.879 5.30987e+16
2.884e+18 216.872 5.22028e+16
2.8811e+18 216.864 5.13243e+16
2.8782e+18 216.857 5.04626e+16
2.8753e+18 216.85 4.9617e+16
2.8724e+18 216.843 4.87867e+16
2.8695e+18 216.836 4.79711e+16
2.8666e+18 216.829 4.71697e+16
2.8637e+18 216.822 4.63819e+16
2.8608e+18 216.816 4.56071e+16
2.8579e+18 216.809 4.48449e+16
2.855e+18 216.803 4.40949e+16
2.8521e+18 216.796 4.33565e+16
2.8492e+18 216.79 4.26294e+16
2.8463e+18 216.784 4.19131e+16
2.8434e+18 216.778 4.12073e+16
2.8405e+18 216.772 4.05116e+16
2.8376e+18 216.766 3.98258e+16
2.8347e+18 216.761 3.91494e+16
2.8318e+18 216.755 3.84822e+16
2.8289e+18 216.75 3.78238e+16
2.826e+18 216.744 3.71741e+16
2.8231e+18 216.739 3.65327e+16
2.8202e+18 216.734 3.58994e+16
2.8173e+18 216.729 3.52739e+16
2.8144e+18 216.724 3.46561e+16
2.8115e+18 216.719 3.40456e+16
2.8086e+18 216.714 3.34424e+16
2.8057e+18 216.709 3.28461e+16
2.8028e+18 216.704 3.22566e+16
2.7999e+18 216.7 3.16738e+16
2.797e+18 216.695 3.10974e+16
2.7941e+18 216.691 3.05272e+16
2.7912e+18 216.686 2.99632e+16
2.7883e+18 216.682 2.94051e+16
2.7854e+18 216.678 2.88529e+16
2.7825e+18 216.674 2.83062e+16
2.7796e+18 216.67 2.77651e+16
2.7767e+18 216.666 2.72294e+16
2.7738e+18 216.662 2.6699e+16
2.7709e+18 216.658 2.61737e+16
2.768e+18 216.654 2.56534e+16
2.7651e+18 216.651 2.5138e+16
2.7622e+18 216.647 2.46274e+16
2.7593e+18 216.644 2.41215e+16
2.7564e+18 216.64 2.36202e+16
2.7535e+18 216.637 2.31234e+16
2.7506e+18 216.634 2.26309e+16
2.7477e+18 216.63 2.21428e+16
2.7448e+18 216.627 2.16589e+16
2.7419e+18 216.624 2.1179e+16
2.739e+18 216.621 2.07033e+16
2.7361e+18 216.618 2.02315e+16
2.7332e+18 216.615 1.97635e+16
2.7303e+18 216.613 1.92994e+16
2.7274e+18 216.61 1.8839e+16
2.7245e+18 216.607 1.83822e+16
2.7216e+18 216.604 1.79291e+16
2.7187e+18 216.602 1.74795e+16
2.7158e+18 216.599 1.70333e+16
2.7129e+18 216.597 1.65905e+16
2.71e+18 216.595 1.61511e+16
2.7071e+18 216.592 1.57149e+16
2.7042e+18 216.59 1.5282e+16
2.7013e+18 216.588 1.48522e+16
2.6984e+18 216.586 1.44255e+16
2.6955e+18 216.584 1.40019e+16
2.6926e+18 216.582 1.35813e+16
2.6897e+18 216.58 1.31637e+16
2.6868e+18 216.578 1.27489e+16
2.6839e+18 216.576 1.2337e+16
2.681e+18 216.575 1.1928e+16
2.6781e+18 216.573 1.15217e+16
2.6752e+18 216.571 1.11181e+16
2.6723e+18 216.57 1.07172e+16
2.6694e+18 216.568 1.03189e+16
2.6665e+18 216.567 9.9233e+15
2.6636e+18 216.565 9.53022e+15
2.6607e+18 216.564 9.13967e+15
2.6578e+18 216.563 8.7516e+15
2.6549e+18 216.561 8.36599e+15
2.652e+18 216.56 7.9828e+15
2.6491e+18 216.559 7.60199e+15
2.6462e+18 216.558 7.22353e+15
2.6433e+18 216.557 6.84739e+15
2.6404e+18 216.556 6.47353e+15
2.6375e+18 216.555 6.10193e+15
2.6346e+18 216.554 5.73255e+15
2.6317e+18 216.554 5.36537e+15
2.6288e+18 216.553 5.00035e+15
2.6259e+18 216.552 4.63747e+15
2.623e+18 216.551 4.2767e+15
2.6201e+18 216.551 3.91801e+15
2.6172e+18 216.55 3.56137e+15
2.6143e+18 216.55 3.20677e+15
2.6114e+18 216.549 2.85417e+15
2.6085e+18 216.549 2.50355e+15
2.6056e+18 216.549 2.15488e+15
2.6027e+18 216.548 1.80815e+15
2.5998e+18 216.548 1.46332e+15
2.5969e+18 216.548 1.12039e+15
2.594e+18 216.548 7.79312e+14
2.5911e+18 216.548 4.40081e+14
2.5882e+18 216.548 1.0267e+14
2.5853e+18 216.548 -2.3294e+14
2.5824e+18 216.548 -5.6677e+14
2.5795e+18 216.548 -8.98841e+14
2.5766e+18 216.548 -1.22917e+15
2.5737e+18 216.548 -1.55778e+15
2.5708e+18 216.548 -1.88468e+15
2.5679e+18 216.549 -2.20991e+15
2.565e+18 216.549 -2.53346e+15
2.5621e+18 216.549 -2.85537e+15
2.5592e+18 216.55 -3.17565e+15
2.5563e+18 216.55 -3.49431e+15
2.5534e+18 216.551 -3.81138e+15
2.5505e+18 216.552 -4.12685e+15
2.5476e+18 216.552 -4.44079e+15
2.5447e+18 216.553 -4.75308e+15
2.5418e+18 216.553 -5.06422e+15
2.5389e+18 216.554 -5.37242e+15
2.536e+18 216.555 -5.68438e+15
2.5331e+18 216.556 -5.97523e+15
2.5302e+18 216.557 -6.33784e+15
2.5273e+18 216.558 -6.42567e+15
2.5244e+18 216.559 -7.53207e+15
2.5215e+18 216.56 -4.83031e+15
2.5186e+18 216.561 -1.6334e+16
2.5157e+18 216.562 2.51846e+16
2.5128e+18 216.545 2.47437e+17
2.5099e+18 216.498 3.24996e+17
2.507e+18 216.459 2.35475e+17
2.5041e+18 216.426 2.1692e+17
2.5012e+18 216.397 1.91971e+17
2.4983e+18 216.371 1.76082e+17
2.4954e+18 216.346 1.62443e+17
2.4925e+18 216.324 1.51422e+17
2.4896e+18 216.303 1.4203e+17
2.4867e+18 216.283 1.33953e+17
2.4838e+18 216.264 1.26878e+17
2.4809e+18 216.246 1.20611e+17
2.478e+18 216.229 1.14997e+17
2.4751e+18 216.213 1.09926e+17
2.4722e+18 216.198 1.05307e+17
2.4693e+18 216.183 1.01073e+17
2.4664e+18 216.169 9.7169e+16
2.4635e+18 216.155 9.35488e+16
2.4606e+18 216.142 9.01815e+16
2.4577e+18 216.129 8.70157e+16
2.4548e+18 216.117 8.41059e+16
2.4519e+18 216.105 8.13148e+16
2.449e+18 216.093 7.8629e+16
2.4461e+18 216.082 7.61475e+16
2.4432e+18 216.071 7.37727e+16
2.4403e+18 216.061 7.15156e+16
2.4374e+18 216.051 6.93599e+16
2.4345e+18 216.041 6.72985e+16
2.4316e+18 216.031 6.5323e+16
2.4287e+18 216.022 6.34267e+16
2.4258e+18 216.013 6.16034e+16
2.4229e+18 216.004 5.98475e+16
2.42e+18 215.996 5.81542e+16
2.4171e+18 215.988 5.6519e+16
2.4142e+18 215.98 5.49379e+16
2.4113e+18 215.972 5.34073e+16
2.4084e+18 215.964 5.1924e+16
2.4055e+18 215.957 5.04849e+16
2.4026e+18 215.95 4.90875e+16
2.3997e+18 215.943 4.7729e+16
2.3968e+18 215.936 4.64074e+16
2.3939e+18 215.929 4.51205e+16
2.391e+18 215.923 4.38664e+16
2.3881e+18 215.917 4.26434e+16
2.3852e+18 215.911 4.14497e+16
2.3823e+18 215.905 4.02839e+16
2.3794e+18 215.899 3.91446e+16
2.3765e+18 215.894 3.80305e+16
2.3736e+18 215.888 3.69404e+16
2.3707e+18 215.883 3.58731e+16
2.3678e+18 215.878 3.48277e+16
2.3649e+18 215.873 3.3803e+16
2.362e+18 215.868 3.27983e+16
2.3591e+18 215.863 3.18126e+16
2.3562e+18 215.859 3.08452e+16
2.3533e+18 215.855 2.98953e+16
2.3504e+18 215.85 2.8962e+16
2.3475e+18 215.846 2.80457e+16
2.3446e+18 215.842 2.71414e+16
2.3417e+18 215.838 2.62649e+16
2.3388e+18 215.835 2.53548e+16
2.3359e+18 215.831 2.46376e+16
2.333e+18 215.828 2.3265e+16
2.3301e+18 215.824 2.44008e+16
2.3272e+18 215.821 1.62356e+16
2.3243e+18 215.82 2.69683e+13
2.3214e+18 215.82 -1.87974e+15
2.3185e+18 215.82 2.10438e+15
2.3156e+18 215.82 2.81413e+15
2.3127e+18 215.819 3.57193e+15
2.3098e+18 215.819 3.84516e+15
2.3069e+18 215.818 3.94915e+15
2.304e+18 215.818 3.89546e+15
2.3011e+18 215.817 3.74433e+15
2.2982e+18 215.817 3.50258e+15
2.2953e+18 215.816 3.21463e+15
2.2924e+18 215.816 2.89168e+15
2.2895e+18 215.815 2.51956e+15
2.2866e+18 215.815 2.12427e+15
2.2837e+18 215.815 1.7055e+15
2.2808e+18 215.815 1.27225e+15
2.2779e+18 215.814 8.15105e+14
2.275e+18 215.814 3.83602e+14
2.2721e+18 215.814 -1.94368e+14
2.2692e+18 215.814 -2.66447e+14
2.2663e+18 215.815 -2.25898e+15
2.2634e+18 215.815 2.89009e+15
2.2605e+18 215.815 -1.86336e+16
2.2576e+18 215.815 5.93716e+16
2.2547e+18 215.798 1.36545e+17
2.2518e+18 215.781 1.03564e+17
2.2489e+18 215.767 9.36072e+16
2.246e+18 215.754 8.29127e+16
2.2431e+18 215.743 7.5557e+16
2.2402e+18 215.733 6.9346e+16
2.2373e+18 215.723 6.42131e+16
2.2344e+18 215.714 5.97954e+16
2.2315e+18 215.706 5.59407e+16
2.2286e+18 215.698 5.25193e+16
2.2257e+18 215.691 4.9446e+16
2.2228e+18 215.684 4.66532e+16
2.2199e+18 215.677 4.41009e+16
2.217e+18 215.671 4.17185e+16
2.2141e+18 215.665 3.95993e+16
2.2112e+18 215.66 3.7261e+16
2.2083e+18 215.654 3.63969e+16
2.2054e+18 215.649 3.06002e+16
2.2025e+18 215.645 4.37101e+16
2.1996e+18 215.635 1.02727e+17
2.1967e+18 215.617 1.21758e+17
2.1938e+18 215.602 9.97599e+16
2.1909e+18 215.588 9.34246e+16
2.188e+18 215.575 8.56027e+16
2.1851e+18 215.563 7.99309e+16
2.1822e+18 215.552 7.48934e+16
2.1793e+18 215.541 7.05634e+16
2.1764e+18 215.531 6.67361e+16
2.1735e+18 215.522 6.32805e+16
2.1706e+18 215.513 6.01254e+16
2.1677e+18 215.505 5.72604e+16
2.1648e+18 215.497 5.46025e+16
2.1619e+18 215.489 5.21304e+16
2.159e+18 215.482 4.98152e+16
2.1561e+18 215.475 4.76368e+16
2.1532e+18 215.468 4.5578e+16
2.1503e+18 215.462 4.36247e+16
2.1474e+18 215.455 4.17651e+16
2.1445e+18 215.449 3.99893e+16
2.1416e+18 215.444 3.82888e+16
2.1387e+18 215.438 3.66564e+16
2.1358e+18 215.433 3.50859e+16
2.1329e+18 215.428 3.35717e+16
2.13e+18 215.424 3.21093e+16
2.1271e+18 215.419 3.06943e+16
2.1242e+18 215.415 2.93231e+16
2.1213e+18 215.411 2.79926e+16
2.1184e+18 215.407 2.66996e+16
2.1155e+18 215.403 2.54418e+16
2.1126e+18 215.399 2.42166e+16
2.1097e+18 215.396 2.3022e+16
2.1068e+18 215.393 2.18561e+16
2.1039e+18 215.39 2.07172e+16
2.101e+18 215.387 1.96037e+16
2.0981e+18 215.384 1.85141e+16
2.0952e+18 215.381 1.74472e+16
2.0923e+18 215.379 1.64017e+16
2.0894e+18 215.377 1.53765e+16
2.0865e+18 215.375 1.43707e+16
2.0836e+18 215.373 1.33832e+16
2.0807e+18 215.371 1.24132e+16
2.0778e+18 215.369 1.14599e+16
2.0749e+18 215.367 1.05226e+16
2.072e+18 215.366 9.60044e+15
2.0691e+18 215.365 8.69292e+15
2.0662e+18 215.364 7.79938e+15
2.0633e+18 215.362 6.91926e+15
2.0604e+18 215.362 6.05203e+15
2.0575e+18 215.361 5.19719e+15
2.0546e+18 215.36 4.35428e+15
2.0517e+18 215.359 3.52285e+15
2.0488e+18 215.359 2.7025e+15
2.0459e+18 215.359 1.89284e+15
2.043e+18 215.358 1.0935e+15
2.0401e+18 215.358 3.04131e+14
2.0372e+18 215.358 -4.75589e+14
2.0343e+18 215.359 -1.24597e+15
2.0314e+18 215.359 -2.00731e+15
2.0285e+18 215.359 -2.75988e+15
2.0256e+18 215.36 -3.50394e+15
2.0227e+18 215.36 -4.23975e+15
2.0198e+18 215.361 -4.96755e+15
2.0169e+18 215.362 -5.68756e+15
2.014e+18 215.362 -6.39999e+15
2.0111e+18 215.363 -7.10506e+15
2.0082e+18 215.364 -7.80296e+15
2.0053e+18 215.366 -8.49387e+15
2.0024e+18 215.367 -9.17797e+15
1.9995e+18 215.368 -9.85544e+15
1.9966e+18 215.37 -1.05264e+16
1.9937e+18 215.371 -1.11911e+16
1.9908e+18 215.373 -1.18496e+16
1.9879e+18 215.375 -1.25021e+16
1.985e+18 215.377 -1.31487e+16
1.9821e+18 215.378 -1.37896e+16
1.9792e+18 215.381 -1.44248e+16
1.9763e+18 215.383 -1.50545e+16
1.9734e+18 215.385 -1.56789e+16
1.9705e+18 215.387 -1.62979e+16
1.9676e+18 215.39 -1.69118e+16
1.9647e+18 215.392 -1.75207e+16
1.9618e+18 215.395 -1.81245e+16
1.9589e+18 215.397 -1.87236e+16
1.956e+18 215.4 -1.93173e+16
1.9531e+18 215.403 -1.99088e+16
1.9502e+18 215.406 -2.04865e+16
1.9473e+18 215.409 -2.10942e+16
1.9444e+18 215.412 -2.15685e+16
1.9415e+18 215.415 -2.25195e+16
1.9386e+18 215.418 -2.16713e+16
1.9357e+18 215.421 -2.75176e+16
1.9328e+18 215.425 -8.35986e+15
1.9299e+18 215.421 7.77125e+16
1.927e+18 215.405 1.05542e+17
1.9241e+18 215.393 7.2604e+16
1.9212e+18 215.383 6.49399e+16
1.9183e+18 215.375 5.43079e+16
1.9154e+18 215.367 4.99177e+16
1.9125e+18 215.361 3.54517e+16
1.9096e+18 215.355 6.29157e+16
1.9067e+18 215.337 2.01088e+17
1.9038e+18 215.302 2.36917e+17
1.9009e+18 215.274 1.72609e+17
1.898e+18 215.25 1.56155e+17
1.8951e+18 215.229 1.36744e+17
1.8922e+18 215.21 1.23773e+17
1.8893e+18 215.193 1.12681e+17
1.8864e+18 215.178 1.03567e+17
1.8835e+18 215.164 9.57221e+16
1.8806e+18 215.15 8.88943e+16
1.8777e+18 215.138 8.28481e+16
1.8748e+18 215.126 7.74376e+16
1.8719e+18 215.116 7.25261e+16
1.869e+18 215.106 6.81018e+16
1.8661e+18 215.096 6.39857e+16
1.8632e+18 215.087 6.01325e+16
1.8603e+18 215.079 5.66083e+16
1.8574e+18 215.071 5.32958e+16
1.8545e+18 215.063 5.01888e+16
1.8516e+18 215.056 4.72579e+16
1.8487e+18 215.05 4.44847e+16
1.8458e+18 215.044 4.18522e+16
1.8429e+18 215.038 3.9346e+16
1.84e+18 215.032 3.6954e+16
1.8371e+18 215.027 3.46653e+16
1.8342e+18 215.022 3.24709e+16
1.8313e+18 215.018 3.03625e+16
1.8284e+18 215.014 2.83331e+16
1.8255e+18 215.01 2.63763e+16
1.8226e+18 215.006 2.44866e+16
1.8197e+18 215.003 2.2659e+16
1.8168e+18 214.999 2.08891e+16
1.8139e+18 214.997 1.91728e+16
1.811e+18 214.994 1.75065e+16
1.8081e+18 214.991 1.5887e+16
1.8052e+18 214.989 1.43113e+16
1.8023e+18 214.987 1.27767e+16
1.7994e+18 214.986 1.12809e+16
1.7965e+18 214.984 9.82154e+15
1.7936e+18 214.983 8.3966e+15
1.7907e+18 214.982 7.00421e+15
1.7878e+18 214.981 5.64264e+15
1.7849e+18 214.98 4.31032e+15
1.782e+18 214.98 3.0057e+15
1.7791e+18 214.979 1.72773e+15
1.7762e+18 214.979 4.7401e+14
1.7733e+18 214.979 -7.52426e+14
1.7704e+18 214.979 -1.96832e+15
1.7675e+18 214.98 -3.11627e+15
1.7646e+18 214.98 -4.41521e+15
1.7617e+18 214.981 -5.0525e+15
1.7588e+18 214.982 -8.06509e+15
1.7559e+18 214.983 -2.12276e+15
1.753e+18 214.984 -2.95141e+16
1.7501e+18 214.985 6.75806e+16
1.7472e+18 214.965 1.44125e+17
1.7443e+18 214.95 8.87934e+16
1.7414e+18 214.938 8.11089e+16
1.7385e+18 214.927 6.81229e+16
1.7356e+18 214.918 5.94949e+16
1.7327e+18 214.91 5.55271e+16
1.7298e+18 214.902 3.88413e+16
1.7269e+18 214.896 7.52841e+16
1.724e+18 214.879 1.58919e+17
1.7211e+18 214.854 1.56998e+17
1.7182e+18 214.835 1.28142e+17
1.7153e+18 214.818 8.18342e+16
1.7124e+18 214.81 5.41092e+16
1.7095e+18 214.801 6.88567e+16
1.7066e+18 214.791 6.20584e+16
1.7037e+18 214.783 5.92672e+16
1.7008e+18 214.774 5.50619e+16
1.6979e+18 214.767 5.13076e+16
1.695e+18 214.76 4.76362e+16
1.6921e+18 214.753 4.41853e+16
1.6892e+18 214.747 4.09132e+16
1.6863e+18 214.741 3.78182e+16
1.6834e+18 214.736 3.48877e+16
1.6805e+18 214.731 3.21025e+16
1.6776e+18 214.727 2.945e+16
1.6747e+18 214.723 2.69174e+16
1.6718e+18 214.719 2.44936e+16
1.6689e+18 214.716 2.21686e+16
1.666e+18 214.713 1.99337e+16
1.6631e+18 214.71 1.77812e+16
1.6602e+18 214.708 1.57042e+16
1.6573e+18 214.705 1.36966e+16
1.6544e+18 214.704 1.17531e+16
1.6515e+18 214.702 9.86878e+15
1.6486e+18 214.701 8.03943e+15
1.6457e+18 214.7 6.26117e+15
1.6428e+18 214.699 4.53055e+15
1.6399e+18 214.698 2.84447e+15
1.637e+18 214.698 1.2001e+15
1.6341e+18 214.698 -4.05098e+14
1.6312e+18 214.698 -1.97344e+15
1.6283e+18 214.699 -3.50704e+15
1.6254e+18 214.699 -5.00783e+15
1.6225e+18 214.7 -6.47755e+15
1.6196e+18 214.701 -7.91784e+15
1.6167e+18 214.702 -9.33018e+15
1.6138e+18 214.704 -1.07159e+16
1.6109e+18 214.705 -1.20764e+16
1.608e+18 214.707 -1.34127e+16
1.6051e+18 214.709 -1.47259e+16
1.6022e+18 214.712 -1.60171e+16
1.5993e+18 214.714 -1.72872e+16
1.5964e+18 214.716 -1.85368e+16
1.5935e+18 214.719 -1.97678e+16
1.5906e+18 214.722 -2.09771e+16
1.5877e+18 214.725 -2.21795e+16
1.5848e+18 214.729 -2.33237e+16
1.5819e+18 214.732 -2.46036e+16
1.579e+18 214.736 -2.52988e+16
1.5761e+18 214.739 -2.81009e+16
1.5732e+18 214.743 -2.29666e+16
1.5703e+18 214.741 8.56358e+16
1.5674e+18 214.722 1.29773e+17
1.5645e+18 214.708 7.37081e+16
1.5616e+18 214.698 6.46597e+16
1.5587e+18 214.69 5.09734e+16
1.5558e+18 214.683 4.27492e+16
1.5529e+18 214.678 3.53134e+16
1.55e+18 214.673 3.02685e+16
1.5471e+18 214.669 2.22024e+16
1.5442e+18 214.666 2.90158e+16
1.5413e+18 214.663 -1.6783e+16
1.5384e+18 214.658 2.09474e+17
1.5355e+18 214.608 3.33364e+17
1.5326e+18 214.575 1.82958e+17
1.5297e+18 214.549 1.72355e+17
1.5268e+18 214.526 1.43688e+17
1.5239e+18 214.507 1.28863e+17
1.521e+18 214.489 1.15427e+17
1.5181e+18 214.473 1.04921e+17
1.5152e+18 214.459 9.58342e+16
1.5123e+18 214.446 8.79491e+16
1.5094e+18 214.433 8.10242e+16
1.5065e+18 214.422 7.4799e+16
1.5036e+18 214.412 6.91533e+16
1.5007e+18 214.402 6.39796e+16
1.4978e+18 214.394 5.92013e+16
1.4949e+18 214.385 5.47579e+16
1.492e+18 214.378 5.06014e+16
1.4891e+18 214.371 4.66937e+16
1.4862e+18 214.364 4.30034e+16
1.4833e+18 214.358 3.95048e+16
1.4804e+18 214.353 3.61765e+16
1.4775e+18 214.348 3.30003e+16
1.4746e+18 214.343 2.99609e+16
1.4717e+18 214.339 2.70454e+16
1.4688e+18 214.336 2.42416e+16
1.4659e+18 214.332 2.15423e+16
1.463e+18 214.329 1.89298e+16
1.4601e+18 214.327 1.643e+16
1.4572e+18 214.325 1.39119e+16
1.4543e+18 214.323 1.18332e+16
1.4514e+18 214.321 8.45869e+15
1.4485e+18 214.32 1.02398e+16
1.4456e+18 214.319 -6.92205e+15
1.4427e+18 214.319 4.68905e+16
1.4398e+18 214.304 1.48569e+17
1.4369e+18 214.281 1.40243e+17
1.434e+18 214.265 1.0052e+17
1.4311e+18 214.251 8.73651e+16
1.4282e+18 214.24 7.44782e+16
1.4253e+18 214.229 6.54325e+16
1.4224e+18 214.221 5.77447e+16
1.4195e+18 214.213 5.1281e+16
1.4166e+18 214.206 4.56226e+16
1.4137e+18 214.2 4.05597e+16
1.4108e+18 214.194 3.60729e+16
1.4079e+18 214.189 3.17473e+16
1.405e+18 214.185 2.83355e+16
1.4021e+18 214.181 2.28424e+16
1.3992e+18 214.178 2.65015e+16
1.3963e+18 214.175 -3.05729e+15
1.3934e+18 214.173 9.2223e+16
1.3905e+18 214.15 1.58893e+17
1.3876e+18 214.133 9.39729e+16
1.3847e+18 214.12 8.49543e+16
1.3818e+18 214.109 7.0368e+16
1.3789e+18 214.1 6.16889e+16
1.376e+18 214.091 5.3968e+16
1.3731e+18 214.084 4.76051e+16
1.3702e+18 214.078 4.19957e+16
1.3673e+18 214.072 3.70224e+16
1.3644e+18 214.067 3.25045e+16
1.3615e+18 214.063 2.83578e+16
1.3586e+18 214.059 2.45106e+16
1.3557e+18 214.056 2.09123e+16
1.3528e+18 214.053 1.75239e+16
1.3499e+18 214.051 1.43151e+16
1.347e+18 214.049 1.12619e+16
1.3441e+18 214.047 8.34499e+15
1.3412e+18 214.046 5.54849e+15
1.3383e+18 214.046 2.85933e+15
1.3354e+18 214.045 2.66551e+14
1.3325e+18 214.046 -2.2391e+15
1.3296e+18 214.046 -4.66554e+15
1.3267e+18 214.047 -7.01955e+15
1.3238e+18 214.048 -9.30706e+15
1.3209e+18 214.05 -1.15331e+16
1.318e+18 214.051 -1.37026e+16
1.3151e+18 214.054 -1.58178e+16
1.3122e+18 214.056 -1.7889e+16
1.3093e+18 214.059 -1.98938e+16
1.3064e+18 214.062 -2.19309e+16
1.3035e+18 214.065 -2.36448e+16
1.3006e+18 214.069 -2.63735e+16
1.2977e+18 214.072 -2.51348e+16
1.2948e+18 214.076 -3.85319e+16
1.2919e+18 214.081 2.85424e+15
1.289e+18 214.072 1.25593e+17
1.2861e+18 214.05 1.35448e+17
1.2832e+18 214.036 7.83145e+16
1.2803e+18 214.026 6.37059e+16
1.2774e+18 214.017 5.38195e+16
1.2745e+18 214.011 2.3268e+16
1.2716e+18 214.006 9.17022e+16
1.2687e+18 213.985 1.48312e+17
1.2658e+18 213.968 9.6566e+16
1.2629e+18 213.956 8.0111e+16
1.26e+18 213.945 6.50845e+16
1.2571e+18 213.937 5.46518e+16
1.2542e+18 213.93 4.58469e+16
1.2513e+18 213.924 3.84738e+16
1.2484e+18 213.918 3.20128e+16
1.2455e+18 213.914 2.62665e+16
1.2426e+18 213.911 2.10687e+16
1.2397e+18 213.908 1.63042e+16
1.2368e+18 213.906 1.19195e+16
1.2339e+18 213.905 7.75172e+15
1.231e+18 213.904 4.13981e+15
1.2281e+18 213.904 -3.89831e+14
1.2252e+18 213.904 -5.01028e+14
1.2223e+18 213.904 -1.62395e+16
1.2194e+18 213.906 2.71002e+16
1.2165e+18 213.894 1.29179e+17
1.2136e+18 213.874 1.25898e+17
1.2107e+18 213.86 7.85793e+16
1.2078e+18 213.849 6.57936e+16
1.2049e+18 213.841 5.17942e+16
1.202e+18 213.834 4.28949e+16
1.1991e+18 213.829 3.2781e+16
1.1962e+18 213.824 3.32787e+16
1.1933e+18 213.821 -2.43438e+14
1.1904e+18 213.818 9.68193e+16
1.1875e+18 213.794 1.75496e+17
1.1846e+18 213.774 1.08363e+17
1.1817e+18 213.76 9.06871e+16
1.1788e+18 213.749 6.82326e+16
1.1759e+18 213.739 7.55778e+16
1.173e+18 213.726 1.02671e+17
1.1701e+18 213.711 9.35599e+16
1.1672e+18 213.699 7.38787e+16
1.1643e+18 213.689 6.47407e+16
1.1614e+18 213.681 5.57895e+16
1.1585e+18 213.673 4.84929e+16
1.1556e+18 213.667 4.18898e+16
1.1527e+18 213.661 3.59259e+16
1.1498e+18 213.656 3.04473e+16
1.1469e+18 213.652 2.53414e+16
1.144e+18 213.649 2.0546e+16
1.1411e+18 213.647 1.60444e+16
1.1382e+18 213.645 1.17715e+16
1.1353e+18 213.643 7.70417e+15
1.1324e+18 213.642 3.81906e+15
1.1295e+18 213.642 8.54896e+13
1.1266e+18 213.642 -3.47114e+15
1.1237e+18 213.643 -7.02226e+15
1.1208e+18 213.644 -9.99226e+15
1.1179e+18 213.646 -1.45843e+16
1.115e+18 213.648 -1.26233e+16
1.1121e+18 213.651 -4.27923e+16
1.1092e+18 213.653 8.69372e+16
1.1063e+18 213.629 1.53331e+17
1.1034e+18 213.616 6.1727e+16
1.1005e+18 213.607 5.5847e+16
1.0976e+18 213.601 3.80306e+16
1.0947e+18 213.596 2.87562e+16
1.0918e+18 213.592 1.89632e+16
1.0889e+18 213.59 1.54047e+16
1.086e+18 213.589 -4.62063e+15
1.0831e+18 213.591 -2.32388e+16
1.0802e+18 213.59 6.3447e+16
1.0773e+18 213.576 8.67411e+16
1.0744e+18 213.569 2.92414e+16
1.0715e+18 213.565 2.36592e+16
1.0686e+18 213.563 1.04785e+16
1.0657e+18 213.562 6.41592e+15
1.0628e+18 213.562 -1.2464e+16
1.0599e+18 213.558 1.17758e+17
1.057e+18 213.532 1.66837e+17
1.0541e+18 213.517 7.29341e+16
1.0512e+18 213.507 6.58493e+16
1.0483e+18 213.499 4.70197e+16
1.0454e+18 213.493 3.65374e+16
1.0425e+18 213.488 2.68117e+16
1.0396e+18 213.485 1.87667e+16
1.0367e+18 213.483 1.15821e+16
1.0338e+18 213.482 5.13135e+15
1.0309e+18 213.481 -7.76196e+14
1.028e+18 213.482 -6.24269e+15
1.0251e+18 213.483 -1.13505e+16
1.0222e+18 213.485 -1.61563e+16
1.0193e+18 213.488 -2.07132e+16
1.0164e+18 213.491 -2.50274e+16
1.0135e+18 213.495 -2.9235e+16
1.0106e+18 213.499 -3.29561e+16
1.0077e+18 213.504 -3.77115e+16
1.0048e+18 213.51 -3.79105e+16
1.0019e+18 213.516 -5.44888e+16
9.99e+17 213.523 -9.37315e+15
9.961e+17 213.518 4.58203e+16
9.932e+17 213.513 2.02776e+16
9.903e+17 213.512 -2.7179e+15
9.874e+17 213.513 -8.3218e+15
9.845e+17 213.516 -3.47066e+16
9.816e+17 213.519 2.40552e+16
9.787e+17 213.506 1.38079e+17
9.758e+17 213.486 1.14473e+17
9.729e+17 213.475 5.77725e+16
9.7e+17 213.468 4.16114e+16
9.671e+17 213.463 2.48601e+16
9.642e+17 213.46 1.33043e+16
9.613e+17 213.459 3.38262e+15
9.584e+17 213.459 -5.02341e+15
9.555e+17 213.46 -1.24913e+16
9.526e+17 213.463 -1.90965e+16
9.497e+17 213.466 -2.55208e+16
9.468e+17 213.47 -2.9996e+16
9.439e+17 213.475 -3.96311e+16
9.41e+17 213.475 8.79282e+16
9.381e+17 213.448 2.37164e+17
9.352e+17 213.417 1.6438e+17
9.323e+17 213.399 1.42098e+17
9.294e+17 213.374 1.64189e+17
9.265e+17 213.357 7.64695e+16
9.236e+17 213.35 4.20825e+16
9.207e+17 213.343 4.54437e+16
9.178e+17 213.337 3.31848e+16
9.149e+17 213.333 2.45294e+16
9.12e+17 213.33 1.56114e+16
9.091e+17 213.329 7.58487e+15
9.062e+17 213.328 6.88754e+13
9.033e+17 213.328 -6.92284e+15
9.004e+17 213.33 -1.34937e+16
8.975e+17 213.332 -1.97105e+16
8.946e+17 213.336 -2.554e+16
8.917e+17 213.34 -3.12848e+16
8.888e+17 213.345 -3.60426e+16
8.859e+17 213.35 -4.33184e+16
8.83e+17 213.357 -4.01604e+16
8.801e+17 213.364 -7.50107e+16
8.772e+17 213.371 3.28292e+16
8.743e+17 213.356 1.04747e+17
8.714e+17 213.344 1.24234e+17
8.685e+17 213.32 1.50325e+17
8.656e+17 213.305 7.11137e+16
8.627e+17 213.296 5.12224e+16
8.598e+17 213.291 3.02503e+16
8.569e+17 213.287 1.66713e+16
8.54e+17 213.286 2.98986e+15
8.511e+17 213.286 -1.2233e+15
8.482e+17 213.288 -3.25994e+16
8.453e+17 213.29 4.26537e+16
8.424e+17 213.275 1.27696e+17
8.395e+17 213.26 7.64374e+16
8.366e+17 213.252 4.1036e+16
8.337e+17 213.247 2.33288e+16
8.308e+17 213.245 8.85644e+15
8.279e+17 213.245 -3.91128e+15
8.25e+17 213.246 -9.90307e+15
8.221e+17 213.249 -3.40679e+16
8.192e+17 213.251 4.14839e+16
8.163e+17 213.239 7.14473e+16
8.134e+17 213.235 5.0836e+15
8.105e+17 213.234 -1.30411e+15
8.076e+17 213.236 -1.64071e+16
8.047e+17 213.239 -2.57861e+16
8.018e+17 213.243 -3.47268e+16
7.989e+17 213.249 -4.26401e+16
7.96e+17 213.256 -4.93957e+16
7.931e+17 213.263 -5.76733e+16
7.902e+17 213.265 7.20182e+16
7.873e+17 213.247 1.14921e+17
7.844e+17 213.24 -7.42502e+15
7.815e+17 213.239 8.26793e+16
7.786e+17 213.219 1.16948e+17
7.757e+17 213.209 5.60665e+16
7.728e+17 213.199 7.91482e+16
7.699e+17 213.188 6.80358e+16
7.67e+17 213.182 -4.01404e+15
7.641e+17 213.179 1.3384e+17
7.612e+17 213.148 1.9472e+17
7.583e+17 213.132 6.65208e+16
7.554e+17 213.123 5.91819e+16
7.525e+17 213.116 3.33789e+16
7.496e+17 213.113 1.86418e+16
7.467e+17 213.111 5.05387e+15
7.438e+17 213.111 -8.24767e+15
7.409e+17 213.113 -1.33301e+16
7.38e+17 213.116 -4.40137e+16
7.351e+17 213.121 2.52212e+16
7.322e+17 213.11 6.4162e+16
7.293e+17 213.107 -2.73433e+15
7.264e+17 213.108 -2.70036e+15
7.235e+17 213.111 -5.65025e+16
7.206e+17 213.115 7.47339e+16
7.177e+17 213.092 1.47161e+17
7.148e+17 213.081 4.12223e+16
7.119e+17 213.077 6.2196e+15
7.09e+17 213.08 -3.32097e+16
7.061e+17 213.084 -3.39039e+16
7.032e+17 213.09 -4.49412e+16
7.003e+17 213.097 -5.22754e+16
6.974e+17 213.096 1.25188e+17
6.945e+17 213.067 1.76144e+17
6.916e+17 213.054 4.93398e+16
6.887e+17 213.048 3.26372e+16
6.858e+17 213.045 5.6592e+15
6.829e+17 213.046 -1.07293e+16
6.8e+17 213.048 -2.52521e+16
6.771e+17 213.053 -3.90095e+16
6.742e+17 213.059 -4.56754e+16
6.713e+17 213.067 -7.30998e+16
6.684e+17 213.074 1.88975e+16
6.655e+17 213.066 1.34438e+16
6.626e+17 213.066 1.07506e+17
6.597e+17 213.035 2.09578e+17
6.568e+17 213.017 8.03601e+16
6.539e+17 213.007 4.88091e+16
6.51e+17 213.002 2.00682e+16
6.481e+17 213.001 -5.26466e+15
6.452e+17 213.003 -2.79196e+15
6.423e+17 212.997 9.6058e+16
6.394e+17 212.98 8.45178e+16
6.365e+17 212.974 5.17763e+16
6.336e+17 212.963 6.77101e+16
6.307e+17 212.958 1.58536e+16
6.278e+17 212.957 -4.13567e+15
6.249e+17 212.959 -2.21385e+16
6.22e+17 212.963 -3.92333e+16
6.191e+17 212.97 -4.5917e+16
6.162e+17 212.978 -8.37976e+16
6.133e+17 212.988 8.29988e+14
6.104e+17 212.978 7.14602e+16
6.075e+17 212.973 2.54542e+16
6.046e+17 212.968 4.86629e+16
6.017e+17 212.961 3.5456e+16
5.988e+17 212.961 -5.02475e+16
5.959e+17 212.965 7.27167e+16
5.93e+17 212.944 1.17248e+17
5.901e+17 212.939 2.05775e+14
5.872e+17 212.94 -3.05798e+16
5.843e+17 212.944 2.83273e+16
5.814e+17 212.931 9.20295e+16
5.785e+17 212.923 3.75545e+16
5.756e+17 212.919 1.80153e+16
5.727e+17 212.92 -4.68801e+16
5.698e+17 212.924 5.62219e+16
5.669e+17 212.906 1.16058e+17
5.64e+17 212.898 1.60347e+16
5.611e+17 212.898 -1.72659e+16
5.582e+17 212.901 -6.7263e+15
5.553e+17 212.893 1.4635e+17
5.524e+17 212.867 1.42598e+17
5.495e+17 212.857 2.67238e+16
5.466e+17 212.855 5.28949e+15
5.437e+17 212.856 -2.11299e+16
5.408e+17 212.861 -5.3467e+16
5.379e+17 212.869 -2.55319e+16
5.35e+17 212.87 -2.97457e+16
5.321e+17 212.874 2.32177e+16
5.292e+17 212.864 6.20437e+16
5.263e+17 212.863 -2.67263e+16
5.234e+17 212.871 -9.68925e+16
5.205e+17 212.882 1.22709e+16
5.176e+17 212.867 1.21423e+17
5.147e+17 212.853 9.50266e+16
5.118e+17 212.84 5.97783e+16
5.089e+17 212.838 -1.38651e+16
5.06e+17 212.841 -2.97137e+16
5.031e+17 212.848 -8.33913e+16
5.002e+17 212.859 -2.44159e+14
4.973e+17 212.847 1.20403e+17
4.944e+17 212.833 4.83289e+16
4.915e+17 212.832 -5.60994e+15
4.886e+17 212.829 6.63392e+16
4.857e+17 212.817 5.45923e+16
4.828e+17 212.817 -3.69174e+16
4.799e+17 212.823 -2.87048e+16
4.77e+17 212.825 -1.93703e+16
4.741e+17 212.832 -9.67888e+16
4.712e+17 212.844 1.17306e+16
4.683e+17 212.833 4.51593e+16
4.654e+17 212.837 -4.40691e+16
4.625e+17 212.832 1.38547e+17
4.596e+17 212.805 1.53663e+17
4.567e+17 212.795 1.92405e+16
4.538e+17 212.795 -1.29343e+16
4.509e+17 212.8 -7.00954e+16
4.48e+17 212.81 -2.41654e+16
4.451e+17 212.803 1.02756e+17
4.422e+17 212.789 4.71871e+16
4.393e+17 212.791 -3.18732e+16
4.364e+17 212.792 2.49585e+16
4.335e+17 212.784 8.13995e+16
4.306e+17 212.774 2.27512e+16
4.277e+17 212.778 -4.88205e+16
4.248e+17 212.787 -1.06663e+17
4.219e+17 212.796 9.44942e+16
4.19e+17 212.767 1.5384e+17
4.161e+17 212.761 2.82521e+16
4.132e+17 212.752 5.17383e+16
4.103e+17 212.749 7.41794e+15
4.074e+17 212.747 1.31585e+16
4.045e+17 212.749 -6.97499e+16
4.016e+17 212.759 1.00954e+16
3.987e+17 212.749 3.00648e+16
3.958e+17 212.752 3.36394e+16
3.929e+17 212.737 8.80137e+16
3.9e+17 212.735 -4.01221e+16
3.871e+17 212.743 -3.66885e+16
3.842e+17 212.741 5.86418e+16
3.813e+17 212.73 5.61278e+16
3.784e+17 212.728 -8.24251e+15
3.755e+17 212.726 7.62478e+16
3.726e+17 212.711 6.69232e+16
3.697e+17 212.713 -8.3909e+16
3.668e+17 212.724 -1.0363e+16
3.639e+17 212.717 4.6154e+16
3.61e+17 212.715 1.1259e+16
3.581e+17 212.71 5.8098e+16
3.552e+17 212.7 7.27119e+16
3.523e+17 212.694 -3.13824e+16
3.494e+17 212.704 -3.3884e+16
3.465e+17 212.699 7.80388e+16
3.436e+17 212.689 4.3754e+16
3.407e+17 212.69 -7.87613e+16
3.378e+17 212.703 -3.77402e+16
3.349e+17 212.701 2.97548e+15
3.32e+17 212.703 3.29486e+16
3.291e+17 212.689 1.10904e+17
3.262e+17 212.681 -2.70653e+16
3.233e+17 212.69 -1.24201e+16
3.204e+17 212.683 3.96998e+16
3.175e+17 212.683 -8.55486e+15
3.146e+17 212.683 -2.80544e+15
3.117e+17 212.686 -2.86184e+16
3.088e+17 212.688 9.35505e+15
3.059e+17 212.68 1.07787e+17
3.03e+17 212.666 3.29002e+16
3.001e+17 212.669 -3.00308e+15
2.972e+17 212.664 1.30657e+16
2.943e+17 212.665 3.20104e+16
2.914e+17 212.659 -3.80797e+16
2.885e+17 212.67 2.6905e+15
2.856e+17 212.655 1.07834e+17
2.827e+17 212.649 2.00458e+16
2.798e+17 212.647 -2.44201e+16
2.769e+17 212.652 9.92937e+15
2.74e+17 212.646 1.86787e+16
2.711e+17 212.648 6.73814e+15
2.682e+17 212.64 7.35028e+16
2.653e+17 212.632 1.92637e+16
2.624e+17 212.634 -2.7506e+16
2.595e+17 212.638 -2.26238e+16
2.566e+17 212.639 2.48083e+16
2.537e+17 212.633 1.95231e+16
2.508e+17 212.632 2.77749e+16
2.479e+17 212.628 -2.18715e+16
2.45e+17 212.637 -3.19436e+16
2.421e+17 212.632 5.44634e+16
2.392e+17 212.627 2.01534e+16
2.363e+17 212.624 3.34774e+16
2.334e+17 212.621 -2.62263e+16
2.305e+17 212.625 4.84233e+16
2.276e+17 212.611 2.98326e+16
2.247e+17 212.617 -2.53508e+15
2.218e+17 212.61 9.30213e+15
2.189e+17 212.615 1.63315e+16
2.16e+17 212.605 2.08711e+16
2.131e+17 212.61 -5.99704e+14
2.102e+17 212.603 3.06329e+16
2.073e+17 212.603 2.00868e+16
2.044e+17 212.597 1.28127e+15
2.015e+17 212.603 -1.64508e+16
1.986e+17 212.598 5.32563e+16
1.957e+17 212.595 -3.76948e+16
1.928e+17 212.602 1.50662e+16
1.899e+17 212.592 4.68297e+16
1.87e+17 212.594 -3.94442e+16
1.841e+17 212.595 4.86305e+16
1.812e+17 212.584 5.24745e+16
1.783e+17 212.582 4.79077e+15
1.754e+17 212.582 -3.29522e+16
1.725e+17 212.588 2.15213e+15
1.696e+17 212.581 4.8108e+16
1.667e+17 212.579 6.13707e+15
1.638e+17 212.577 1.10246e+16
1.609e+17 212.577 -5.90751e+15
1.58e+17 212.577 9.93171e+15
1.551e+17 212.574 3.20637e+16
1.522e+17 212.57 4.56382e+15
1.493e+17 212.57 1.32771e+16
1.464e+17 212.567 1.01748e+16
1.435e+17 212.568 1.19389e+15
1.406e+17 212.567 -1.73917e+15
1.377e+17 212.568 9.65897e+15
1.348e+17 212.562 4.9549e+16
1.319e+17 212.558 -1.40453e+16
1.29e+17 212.562 8.21616e+15
1.261e+17 212.557 1.81571e+16
1.232e+17 212.558 2.15252e+15
1.203e+17 212.554 3.31469e+16
1.174e+17 212.553 -1.88928e+16
1.145e+17 212.555 7.01728e+15
1.116e+17 212.551 2.45952e+16
1.087e+17 212.55 1.33687e+16
1.058e+17 212.547 9.63928e+15
1.029e+17 212.548 -1.4741e+16
