3e+18 26.9548 7.84652e+16 7.84652e+16 15.275 415.664 
2.9971e+18 26.9496 7.86336e+16 7.86336e+16 15.256 415.72 
2.9942e+18 26.9445 7.88024e+16 7.88024e+16 15.2371 415.775 
2.9913e+18 26.9393 7.89716e+16 7.89716e+16 15.2181 415.831 
2.9884e+18 26.9341 7.91413e+16 7.91413e+16 15.1992 415.886 
2.9855e+18 26.929 7.93114e+16 7.93114e+16 15.1802 415.941 
2.9826e+18 26.9239 7.94819e+16 7.94819e+16 15.1613 415.996 
2.9797e+18 26.9188 7.96528e+16 7.96528e+16 15.1423 416.051 
2.9768e+18 26.9137 7.98241e+16 7.98241e+16 15.1234 416.105 
2.9739e+18 26.9086 7.99959e+16 7.99959e+16 15.1044 416.16 
2.971e+18 26.9035 8.01681e+16 8.01681e+16 15.0855 416.214 
2.9681e+18 26.8984 8.03407e+16 8.03407e+16 15.0665 416.268 
2.9652e+18 26.8934 8.05138e+16 8.05138e+16 15.0476 416.322 
2.9623e+18 26.8883 8.06873e+16 8.06873e+16 15.0286 416.375 
2.9594e+18 26.8833 8.08611e+16 8.08611e+16 15.0097 416.429 
2.9565e+18 26.8783 8.10355e+16 8.10355e+16 14.9907 416.482 
2.9536e+18 26.8733 8.12102e+16 8.12102e+16 14.9718 416.535 
2.9507e+18 26.8683 8.13854e+16 8.13854e+16 14.9528 416.588 
2.9478e+18 26.8633 8.1561e+16 8.1561e+16 14.9338 416.641 
2.9449e+18 26.8583 8.1737e+16 8.1737e+16 14.9149 416.693 
2.942e+18 26.8534 8.19135e+16 8.19135e+16 14.8959 416.745 
2.9391e+18 26.8484 8.20904e+16 8.20904e+16 14.877 416.798 
2.9362e+18 26.8435 8.22677e+16 8.22677e+16 14.858 416.85 
2.9333e+18 26.8385 8.24454e+16 8.24454e+16 14.839 416.901 
2.9304e+18 26.8336 8.26236e+16 8.26236e+16 14.8201 416.953 
2.9275e+18 26.8287 8.28022e+16 8.28022e+16 14.8011 417.005 
2.9246e+18 26.8238 8.29812e+16 8.29812e+16 14.7821 417.056 
2.9217e+18 26.8189 8.31606e+16 8.31606e+16 14.7632 417.107 
2.9188e+18 26.814 8.33405e+16 8.33405e+16 14.7442 417.158 
2.9159e+18 26.8092 8.35208e+16 8.35208e+16 14.7252 417.209 
2.913e+18 26.8043 8.37016e+16 8.37016e+16 14.7063 417.259 
2.9101e+18 26.7994 8.38828e+16 8.38828e+16 14.6873 417.31 
2.9072e+18 26.7946 8.40644e+16 8.40644e+16 14.6683 417.36 
2.9043e+18 26.7898 8.42464e+16 8.42464e+16 14.6494 417.41 
2.9014e+18 26.7849 8.44289e+16 8.44289e+16 14.6304 417.46 
2.8985e+18 26.7801 8.46118e+16 8.46118e+16 14.6114 417.51 
2.8956e+18 26.7753 8.47952e+16 8.47952e+16 14.5924 417.559 
2.8927e+18 26.7705 8.49789e+16 8.49789e+16 14.5735 417.609 
2.8898e+18 26.7657 8.51632e+16 8.51632e+16 14.5545 417.658 
2.8869e+18 26.7609 8.53478e+16 8.53478e+16 14.5355 417.707 
2.884e+18 26.7562 8.55329e+16 8.55329e+16 14.5165 417.756 
2.8811e+18 26.7514 8.57184e+16 8.57184e+16 14.4976 417.805 
2.8782e+18 26.7466 8.59044e+16 8.59044e+16 14.4786 417.853 
2.8753e+18 26.7419 8.60907e+16 8.60907e+16 14.4596 417.902 
2.8724e+18 26.7371 8.62776e+16 8.62776e+16 14.4406 417.95 
2.8695e+18 26.7324 8.64648e+16 8.64648e+16 14.4216 417.998 
2.8666e+18 26.7277 8.66525e+16 8.66525e+16 14.4026 418.046 
2.8637e+18 26.723 8.68407e+16 8.68407e+16 14.3836 418.093 
2.8608e+18 26.7182 8.70293e+16 8.70293e+16 14.3647 418.141 
2.8579e+18 26.7135 8.72183e+16 8.72183e+16 14.3457 418.188 
2.855e+18 26.7088 8.74077e+16 8.74077e+16 14.3267 418.236 
2.8521e+18 26.7041 8.75976e+16 8.75976e+16 14.3077 418.283 
2.8492e+18 26.6994 8.7788e+16 8.7788e+16 14.2887 418.33 
2.8463e+18 26.6948 8.79787e+16 8.79787e+16 14.2697 418.376 
2.8434e+18 26.6901 8.81699e+16 8.81699e+16 14.2507 418.423 
2.8405e+18 26.6854 8.83616e+16 8.83616e+16 14.2317 418.469 
2.8376e+18 26.6808 8.85537e+16 8.85537e+16 14.2127 418.516 
2.8347e+18 26.6761 8.87462e+16 8.87462e+16 14.1937 418.562 
2.8318e+18 26.6714 8.89392e+16 8.89392e+16 14.1747 418.608 
2.8289e+18 26.6668 8.91326e+16 8.91326e+16 14.1557 418.654 
2.826e+18 26.6621 8.93265e+16 8.93265e+16 14.1367 418.699 
2.8231e+18 26.6575 8.95208e+16 8.95208e+16 14.1177 418.745 
2.8202e+18 26.6529 8.97156e+16 8.97156e+16 14.0987 418.79 
2.8173e+18 26.6482 8.99108e+16 8.99108e+16 14.0797 418.835 
2.8144e+18 26.6436 9.01064e+16 9.01064e+16 14.0607 418.88 
2.8115e+18 26.639 9.03025e+16 9.03025e+16 14.0417 418.925 
2.8086e+18 27.8713 5.71073e+16 5.71073e+16 19.913 405.58 
2.8057e+18 27.839 5.72087e+16 5.72087e+16 19.8748 405.821 
2.8028e+18 27.8098 5.73195e+16 5.73195e+16 19.8384 406.043 
2.7999e+18 27.7831 5.74377e+16 5.74377e+16 19.8035 406.25 
2.797e+18 27.7583 5.75622e+16 5.75622e+16 19.7697 406.447 
2.7941e+18 27.7352 5.76917e+16 5.76917e+16 19.7369 406.633 
2.7912e+18 27.7134 5.78257e+16 5.78257e+16 19.7049 406.811 
2.7883e+18 27.6928 5.79636e+16 5.79636e+16 19.6735 406.983 
2.7854e+18 27.6733 5.8105e+16 5.8105e+16 19.6428 407.148 
2.7825e+18 27.6547 5.82495e+16 5.82495e+16 19.6126 407.307 
2.7796e+18 27.6369 5.83969e+16 5.83969e+16 19.5829 407.462 
2.7767e+18 27.6198 5.85468e+16 5.85468e+16 19.5536 407.612 
2.7738e+18 27.6035 5.86992e+16 5.86992e+16 19.5246 407.758 
2.7709e+18 27.5877 5.88539e+16 5.88539e+16 19.4961 407.9 
2.768e+18 27.5725 5.90107e+16 5.90107e+16 19.4678 408.039 
2.7651e+18 27.5578 5.91695e+16 5.91695e+16 19.4398 408.175 
2.7622e+18 27.5436 5.93302e+16 5.93302e+16 19.4121 408.308 
2.7593e+18 27.5298 5.94926e+16 5.94926e+16 19.3846 408.438 
2.7564e+18 27.5164 5.96569e+16 5.96569e+16 19.3573 408.566 
2.7535e+18 27.5035 5.98227e+16 5.98227e+16 19.3303 408.691 
2.7506e+18 27.4908 5.99902e+16 5.99902e+16 19.3034 408.815 
2.7477e+18 27.4785 6.01591e+16 6.01591e+16 19.2767 408.935 
2.7448e+18 27.4666 6.03296e+16 6.03296e+16 19.2502 409.054 
2.7419e+18 27.4549 6.05015e+16 6.05015e+16 19.2238 409.171 
2.739e+18 27.4435 6.06748e+16 6.06748e+16 19.1976 409.287 
2.7361e+18 27.4324 6.08494e+16 6.08494e+16 19.1715 409.4 
2.7332e+18 27.4216 6.10253e+16 6.10253e+16 19.1456 409.512 
2.7303e+18 27.411 6.12026e+16 6.12026e+16 19.1197 409.622 
2.7274e+18 27.4006 6.13763e+16 6.13763e+16 19.0947 409.748 
2.7245e+18 27.3906 6.15468e+16 6.15468e+16 19.0705 409.888 
2.7216e+18 27.3809 6.17208e+16 6.17208e+16 19.046 410.018 
2.7187e+18 27.3713 6.18973e+16 6.18973e+16 19.0216 410.143 
2.7158e+18 27.3619 6.20758e+16 6.20758e+16 18.9971 410.264 
2.7129e+18 27.3528 6.22561e+16 6.22561e+16 18.9726 410.381 
2.71e+18 27.3438 6.24379e+16 6.24379e+16 18.9481 410.496 
2.7071e+18 27.335 6.26213e+16 6.26213e+16 18.9237 410.608 
2.7042e+18 27.3264 6.2806e+16 6.2806e+16 18.8993 410.719 
2.7013e+18 27.3179 6.29921e+16 6.29921e+16 18.8749 410.827 
2.6984e+18 27.3096 6.31794e+16 6.31794e+16 18.8506 410.933 
2.6955e+18 27.3015 6.33681e+16 6.33681e+16 18.8263 411.038 
2.6926e+18 27.2934 6.35579e+16 6.35579e+16 18.802 411.141 
2.6897e+18 27.2855 6.37489e+16 6.37489e+16 18.7778 411.243 
2.6868e+18 27.2778 6.3941e+16 6.3941e+16 18.7536 411.344 
2.6839e+18 27.2702 6.41342e+16 6.41342e+16 18.7294 411.443 
2.681e+18 27.2626 6.43286e+16 6.43286e+16 18.7053 411.541 
2.6781e+18 27.2553 6.4524e+16 6.4524e+16 18.6812 411.637 
2.6752e+18 27.248 6.47205e+16 6.47205e+16 18.6571 411.733 
2.6723e+18 27.2408 6.49181e+16 6.49181e+16 18.633 411.828 
2.6694e+18 27.2337 6.51166e+16 6.51166e+16 18.609 411.921 
2.6665e+18 27.2268 6.53163e+16 6.53163e+16 18.585 412.014 
2.6636e+18 27.2199 6.55169e+16 6.55169e+16 18.561 412.105 
2.6607e+18 27.2131 6.57185e+16 6.57185e+16 18.5371 412.196 
2.6578e+18 27.2064 6.59209e+16 6.59209e+16 18.5131 412.284 
2.6549e+18 28.8567 3.98412e+16 3.98412e+16 23.6084 379.265 
2.652e+18 28.8313 3.99709e+16 3.99709e+16 23.5717 379.508 
2.6491e+18 28.8065 4.01034e+16 4.01034e+16 23.5352 379.747 
2.6462e+18 28.7823 4.02389e+16 4.02389e+16 23.4989 379.982 
2.6433e+18 28.7586 4.0377e+16 4.0377e+16 23.4629 380.213 
2.6404e+18 28.7354 4.05178e+16 4.05178e+16 23.4271 380.44 
2.6375e+18 28.7127 4.06611e+16 4.06611e+16 23.3915 380.664 
2.6346e+18 28.6905 4.08069e+16 4.08069e+16 23.3561 380.883 
2.6317e+18 28.6687 4.0955e+16 4.0955e+16 23.3208 381.1 
2.6288e+18 28.6474 4.11054e+16 4.11054e+16 23.2858 381.313 
2.6259e+18 28.6264 4.1258e+16 4.1258e+16 23.2509 381.523 
2.623e+18 28.6059 4.14127e+16 4.14127e+16 23.2161 381.729 
2.6201e+18 28.5857 4.15694e+16 4.15694e+16 23.1815 381.933 
2.6172e+18 28.5659 4.17281e+16 4.17281e+16 23.1471 382.133 
2.6143e+18 28.5464 4.18887e+16 4.18887e+16 23.1128 382.331 
2.6114e+18 28.5272 4.20511e+16 4.20511e+16 23.0786 382.526 
2.6085e+18 28.5084 4.22151e+16 4.22151e+16 23.0445 382.718 
2.6056e+18 28.4897 4.23807e+16 4.23807e+16 23.0105 382.906 
2.6027e+18 28.4713 4.25476e+16 4.25476e+16 22.9767 383.092 
2.5998e+18 28.4531 4.27156e+16 4.27156e+16 22.9429 383.275 
2.5969e+18 28.4349 4.28841e+16 4.28841e+16 22.9092 383.453 
2.594e+18 28.4166 4.30517e+16 4.30517e+16 22.8755 383.626 
2.5911e+18 28.3997 4.32273e+16 4.32273e+16 22.8421 383.804 
2.5882e+18 28.384 4.34103e+16 4.34103e+16 22.8092 383.986 
2.5853e+18 28.3686 4.35951e+16 4.35951e+16 22.7764 384.166 
2.5824e+18 28.3535 4.37815e+16 4.37815e+16 22.7436 384.344 
2.5795e+18 28.3386 4.39696e+16 4.39696e+16 22.7109 384.521 
2.5766e+18 28.324 4.41593e+16 4.41593e+16 22.6784 384.696 
2.5737e+18 28.3095 4.43506e+16 4.43506e+16 22.6459 384.869 
2.5708e+18 28.2953 4.45435e+16 4.45435e+16 22.6134 385.04 
2.5679e+18 28.2813 4.47379e+16 4.47379e+16 22.5811 385.21 
2.565e+18 28.2676 4.4934e+16 4.4934e+16 22.5488 385.379 
2.5621e+18 28.254 4.51316e+16 4.51316e+16 22.5166 385.545 
2.5592e+18 28.2407 4.53307e+16 4.53307e+16 22.4844 385.711 
2.5563e+18 28.2275 4.55313e+16 4.55313e+16 22.4524 385.875 
2.5534e+18 28.2146 4.57334e+16 4.57334e+16 22.4204 386.037 
2.5505e+18 28.2018 4.59371e+16 4.59371e+16 22.3884 386.198 
2.5476e+18 28.1892 4.61422e+16 4.61422e+16 22.3565 386.358 
2.5447e+18 28.1768 4.63487e+16 4.63487e+16 22.3247 386.516 
2.5418e+18 28.1646 4.65568e+16 4.65568e+16 22.2929 386.673 
2.5389e+18 28.1526 4.67662e+16 4.67662e+16 22.2612 386.829 
2.536e+18 28.1407 4.69772e+16 4.69772e+16 22.2295 386.983 
2.5331e+18 28.1291 4.71895e+16 4.71895e+16 22.1979 387.136 
2.5302e+18 28.1175 4.74033e+16 4.74033e+16 22.1663 387.288 
2.5273e+18 28.1062 4.76185e+16 4.76185e+16 22.1348 387.439 
2.5244e+18 28.095 4.78351e+16 4.78351e+16 22.1034 387.588 
2.5215e+18 28.084 4.8053e+16 4.8053e+16 22.0719 387.737 
2.5186e+18 28.0731 4.82724e+16 4.82724e+16 22.0406 387.884 
2.5157e+18 28.0623 4.84932e+16 4.84932e+16 22.0092 388.03 
2.5128e+18 28.0518 4.87153e+16 4.87153e+16 21.9779 388.175 
2.5099e+18 28.0413 4.89388e+16 4.89388e+16 21.9467 388.319 
2.507e+18 28.0311 4.91637e+16 4.91637e+16 21.9155 388.462 
2.5041e+18 28.0209 4.93899e+16 4.93899e+16 21.8843 388.603 
2.5012e+18 28.0109 4.96175e+16 4.96175e+16 21.8531 388.744 
2.4983e+18 28.001 4.98464e+16 4.98464e+16 21.822 388.884 
2.4954e+18 27.9913 5.00767e+16 5.00767e+16 21.791 389.023 
2.4925e+18 27.9817 5.03082e+16 5.03082e+16 21.7599 389.16 
2.4896e+18 27.9722 5.05412e+16 5.05412e+16 21.7289 389.297 
2.4867e+18 27.9629 5.07754e+16 5.07754e+16 21.698 389.433 
2.4838e+18 27.9537 5.1011e+16 5.1011e+16 21.667 389.568 
2.4809e+18 27.9446 5.12479e+16 5.12479e+16 21.6361 389.702 
2.478e+18 27.9356 5.14861e+16 5.14861e+16 21.6052 389.835 
2.4751e+18 27.9268 5.17257e+16 5.17257e+16 21.5744 389.967 
2.4722e+18 27.9181 5.19665e+16 5.19665e+16 21.5436 390.099 
2.4693e+18 27.9095 5.22086e+16 5.22086e+16 21.5128 390.229 
2.4664e+18 27.901 5.24521e+16 5.24521e+16 21.482 390.359 
2.4635e+18 27.8926 5.26968e+16 5.26968e+16 21.4512 390.487 
2.4606e+18 27.8843 5.29429e+16 5.29429e+16 21.4205 390.615 
2.4577e+18 27.8762 5.31902e+16 5.31902e+16 21.3898 390.742 
2.4548e+18 27.8681 5.34388e+16 5.34388e+16 21.3591 390.869 
2.4519e+18 27.8602 5.36887e+16 5.36887e+16 21.3285 390.994 
2.449e+18 27.8523 5.39399e+16 5.39399e+16 21.2978 391.119 
2.4461e+18 27.8446 5.41924e+16 5.41924e+16 21.2672 391.243 
2.4432e+18 27.837 5.44462e+16 5.44462e+16 21.2366 391.366 
2.4403e+18 27.8294 5.47012e+16 5.47012e+16 21.206 391.488 
2.4374e+18 27.822 5.49575e+16 5.49575e+16 21.1755 391.61 
2.4345e+18 27.8147 5.52151e+16 5.52151e+16 21.1449 391.73 
2.4316e+18 27.8074 5.5474e+16 5.5474e+16 21.1144 391.851 
2.4287e+18 27.8003 5.57341e+16 5.57341e+16 21.0839 391.97 
2.4258e+18 27.7932 5.59956e+16 5.59956e+16 21.0534 392.089 
2.4229e+18 27.7863 5.62582e+16 5.62582e+16 21.0229 392.207 
2.42e+18 27.7794 5.65222e+16 5.65222e+16 20.9925 392.324 
2.4171e+18 27.7727 5.67874e+16 5.67874e+16 20.962 392.44 
2.4142e+18 27.766 5.70539e+16 5.70539e+16 20.9316 392.556 
2.4113e+18 27.7594 5.73217e+16 5.73217e+16 20.9012 392.672 
2.4084e+18 27.7529 5.75907e+16 5.75907e+16 20.8708 392.786 
2.4055e+18 27.7465 5.7861e+16 5.7861e+16 20.8404 392.9 
2.4026e+18 27.7401 5.81325e+16 5.81325e+16 20.81 393.013 
2.3997e+18 27.7339 5.84054e+16 5.84054e+16 20.7796 393.126 
2.3968e+18 27.7277 5.86794e+16 5.86794e+16 20.7493 393.238 
2.3939e+18 27.7216 5.89548e+16 5.89548e+16 20.7189 393.349 
2.391e+18 27.7156 5.92314e+16 5.92314e+16 20.6886 393.46 
2.3881e+18 27.7097 5.95092e+16 5.95092e+16 20.6582 393.57 
2.3852e+18 27.7038 5.97883e+16 5.97883e+16 20.6279 393.68 
2.3823e+18 27.698 6.00687e+16 6.00687e+16 20.5976 393.789 
2.3794e+18 27.6923 6.03504e+16 6.03504e+16 20.5673 393.897 
2.3765e+18 27.6867 6.06333e+16 6.06333e+16 20.537 394.005 
2.3736e+18 27.6812 6.09174e+16 6.09174e+16 20.5067 394.112 
2.3707e+18 27.6757 6.12028e+16 6.12028e+16 20.4764 394.218 
2.3678e+18 27.6703 6.14895e+16 6.14895e+16 20.4461 394.324 
2.3649e+18 27.665 6.17775e+16 6.17775e+16 20.4159 394.43 
2.362e+18 27.6597 6.20666e+16 6.20666e+16 20.3856 394.535 
2.3591e+18 27.6545 6.23571e+16 6.23571e+16 20.3553 394.639 
2.3562e+18 27.6494 6.26488e+16 6.26488e+16 20.3251 394.743 
2.3533e+18 27.6443 6.29418e+16 6.29418e+16 20.2948 394.846 
2.3504e+18 27.6393 6.3236e+16 6.3236e+16 20.2646 394.949 
2.3475e+18 27.6344 6.35315e+16 6.35315e+16 20.2344 395.051 
2.3446e+18 27.6295 6.38282e+16 6.38282e+16 20.2041 395.152 
2.3417e+18 27.6248 6.41263e+16 6.41263e+16 20.1739 395.253 
2.3388e+18 27.62 6.44255e+16 6.44255e+16 20.1436 395.354 
2.3359e+18 27.6154 6.47261e+16 6.47261e+16 20.1134 395.454 
2.333e+18 27.6108 6.50279e+16 6.50279e+16 20.0832 395.554 
2.3301e+18 27.6062 6.53309e+16 6.53309e+16 20.053 395.653 
2.3272e+18 27.6017 6.56352e+16 6.56352e+16 20.0228 395.751 
2.3243e+18 27.5973 6.59408e+16 6.59408e+16 19.9925 395.849 
2.3214e+18 27.5929 6.62476e+16 6.62476e+16 19.9623 395.947 
2.3185e+18 27.5886 6.65558e+16 6.65558e+16 19.9321 396.044 
2.3156e+18 27.5844 6.68651e+16 6.68651e+16 19.9019 396.14 
2.3127e+18 27.5802 6.71758e+16 6.71758e+16 19.8717 396.237 
2.3098e+18 27.5761 6.74877e+16 6.74877e+16 19.8415 396.332 
2.3069e+18 27.572 6.78008e+16 6.78008e+16 19.8112 396.427 
2.304e+18 27.568 6.81153e+16 6.81153e+16 19.781 396.522 
2.3011e+18 27.564 6.8431e+16 6.8431e+16 19.7508 396.616 
2.2982e+18 27.5601 6.87479e+16 6.87479e+16 19.7206 396.71 
2.2953e+18 27.5562 6.90662e+16 6.90662e+16 19.6904 396.804 
2.2924e+18 27.5524 6.93857e+16 6.93857e+16 19.6602 396.896 
2.2895e+18 27.5486 6.97065e+16 6.97065e+16 19.6299 396.989 
2.2866e+18 27.5449 7.00285e+16 7.00285e+16 19.5997 397.081 
2.2837e+18 27.5413 7.03518e+16 7.03518e+16 19.5695 397.172 
2.2808e+18 27.5377 7.06764e+16 7.06764e+16 19.5393 397.264 
2.2779e+18 27.5341 7.10023e+16 7.10023e+16 19.5091 397.354 
2.275e+18 27.5306 7.13294e+16 7.13294e+16 19.4788 397.445 
2.2721e+18 27.5271 7.16579e+16 7.16579e+16 19.4486 397.534 
2.2692e+18 28.2325 3.84252e+16 3.84252e+16 23.9061 387.627 
2.2663e+18 28.1929 3.85811e+16 3.85811e+16 23.8545 387.931 
2.2634e+18 28.1594 3.87585e+16 3.87585e+16 23.8066 388.203 
2.2605e+18 28.1299 3.89509e+16 3.89509e+16 23.7611 388.453 
2.2576e+18 28.1034 3.91546e+16 3.91546e+16 23.7174 388.687 
2.2547e+18 28.0793 3.93675e+16 3.93675e+16 23.6751 388.907 
2.2518e+18 28.0571 3.95881e+16 3.95881e+16 23.6339 389.117 
2.2489e+18 28.0365 3.98152e+16 3.98152e+16 23.5937 389.319 
2.246e+18 28.0173 4.00481e+16 4.00481e+16 23.5542 389.512 
2.2431e+18 27.9992 4.02861e+16 4.02861e+16 23.5154 389.7 
2.2402e+18 27.9822 4.05289e+16 4.05289e+16 23.4772 389.881 
2.2373e+18 27.966 4.07761e+16 4.07761e+16 23.4394 390.058 
2.2344e+18 27.9507 4.10273e+16 4.10273e+16 23.4022 390.229 
2.2315e+18 27.9361 4.12823e+16 4.12823e+16 23.3652 390.397 
2.2286e+18 27.9222 4.15408e+16 4.15408e+16 23.3287 390.561 
2.2257e+18 27.9089 4.18028e+16 4.18028e+16 23.2924 390.721 
2.2228e+18 27.8962 4.20681e+16 4.20681e+16 23.2565 390.879 
2.2199e+18 27.884 4.23365e+16 4.23365e+16 23.2208 391.033 
2.217e+18 27.8723 4.26079e+16 4.26079e+16 23.1853 391.185 
2.2141e+18 27.861 4.28822e+16 4.28822e+16 23.15 391.334 
2.2112e+18 27.8502 4.31594e+16 4.31594e+16 23.1149 391.48 
2.2083e+18 27.8397 4.34394e+16 4.34394e+16 23.08 391.624 
2.2054e+18 27.8297 4.3722e+16 4.3722e+16 23.0453 391.766 
2.2025e+18 27.82 4.40073e+16 4.40073e+16 23.0107 391.906 
2.1996e+18 27.8106 4.42952e+16 4.42952e+16 22.9762 392.045 
2.1967e+18 27.8015 4.45856e+16 4.45856e+16 22.9419 392.181 
2.1938e+18 27.7928 4.48786e+16 4.48786e+16 22.9076 392.315 
2.1909e+18 27.7843 4.51739e+16 4.51739e+16 22.8735 392.448 
2.188e+18 27.7761 4.54717e+16 4.54717e+16 22.8395 392.579 
2.1851e+18 27.7682 4.57719e+16 4.57719e+16 22.8055 392.709 
2.1822e+18 27.7605 4.60745e+16 4.60745e+16 22.7717 392.837 
2.1793e+18 27.753 4.63794e+16 4.63794e+16 22.7379 392.964 
2.1764e+18 27.7458 4.66866e+16 4.66866e+16 22.7042 393.09 
2.1735e+18 27.7388 4.69961e+16 4.69961e+16 22.6705 393.214 
2.1706e+18 27.7321 4.73078e+16 4.73078e+16 22.637 393.337 
2.1677e+18 27.7255 4.76218e+16 4.76218e+16 22.6034 393.458 
2.1648e+18 27.7191 4.79381e+16 4.79381e+16 22.5699 393.579 
2.1619e+18 27.713 4.82565e+16 4.82565e+16 22.5365 393.698 
2.159e+18 27.707 4.85772e+16 4.85772e+16 22.5031 393.816 
2.1561e+18 27.7012 4.89e+16 4.89e+16 22.4698 393.933 
2.1532e+18 27.6955 4.9225e+16 4.9225e+16 22.4364 394.049 
2.1503e+18 27.6901 4.95522e+16 4.95522e+16 22.4031 394.164 
2.1474e+18 27.6848 4.98815e+16 4.98815e+16 22.3699 394.278 
2.1445e+18 27.6796 5.0213e+16 5.0213e+16 22.3366 394.391 
2.1416e+18 27.6746 5.05466e+16 5.05466e+16 22.3034 394.503 
2.1387e+18 27.6698 5.08823e+16 5.08823e+16 22.2702 394.614 
2.1358e+18 27.6651 5.12201e+16 5.12201e+16 22.2371 394.725 
2.1329e+18 27.6605 5.156e+16 5.156e+16 22.2039 394.834 
2.13e+18 27.6561 5.1902e+16 5.1902e+16 22.1708 394.943 
2.1271e+18 27.6518 5.22461e+16 5.22461e+16 22.1376 395.05 
2.1242e+18 27.6477 5.25923e+16 5.25923e+16 22.1045 395.157 
2.1213e+18 27.6436 5.29406e+16 5.29406e+16 22.0714 395.263 
2.1184e+18 27.6397 5.3291e+16 5.3291e+16 22.0383 395.369 
2.1155e+18 27.6359 5.36434e+16 5.36434e+16 22.0052 395.473 
2.1126e+18 27.6323 5.39978e+16 5.39978e+16 21.972 395.577 
2.1097e+18 27.6287 5.43544e+16 5.43544e+16 21.9389 395.68 
2.1068e+18 27.6253 5.4713e+16 5.4713e+16 21.9058 395.783 
2.1039e+18 27.622 5.50736e+16 5.50736e+16 21.8727 395.884 
2.101e+18 27.6187 5.54363e+16 5.54363e+16 21.8396 395.985 
2.0981e+18 27.6156 5.5801e+16 5.5801e+16 21.8065 396.086 
2.0952e+18 27.6126 5.61678e+16 5.61678e+16 21.7734 396.185 
2.0923e+18 27.6097 5.65366e+16 5.65366e+16 21.7403 396.284 
2.0894e+18 27.6069 5.69075e+16 5.69075e+16 21.7071 396.383 
2.0865e+18 27.6041 5.72804e+16 5.72804e+16 21.674 396.48 
2.0836e+18 27.6015 5.76553e+16 5.76553e+16 21.6408 396.577 
2.0807e+18 27.599 5.80322e+16 5.80322e+16 21.6077 396.674 
2.0778e+18 27.5965 5.84112e+16 5.84112e+16 21.5745 396.77 
2.0749e+18 27.5941 5.87922e+16 5.87922e+16 21.5413 396.865 
2.072e+18 27.5919 5.91752e+16 5.91752e+16 21.5081 396.96 
2.0691e+18 27.5897 5.95603e+16 5.95603e+16 21.4749 397.054 
2.0662e+18 27.5876 5.99474e+16 5.99474e+16 21.4417 397.148 
2.0633e+18 27.5855 6.03365e+16 6.03365e+16 21.4085 397.241 
2.0604e+18 27.5836 6.07276e+16 6.07276e+16 21.3752 397.333 
2.0575e+18 27.5817 6.11207e+16 6.11207e+16 21.3419 397.425 
2.0546e+18 27.5799 6.15159e+16 6.15159e+16 21.3086 397.517 
2.0517e+18 27.5782 6.19131e+16 6.19131e+16 21.2753 397.607 
2.0488e+18 27.5765 6.23123e+16 6.23123e+16 21.242 397.698 
2.0459e+18 27.5749 6.27135e+16 6.27135e+16 21.2087 397.788 
2.043e+18 27.5734 6.31167e+16 6.31167e+16 21.1753 397.877 
2.0401e+18 27.572 6.3522e+16 6.3522e+16 21.1419 397.966 
2.0372e+18 27.5706 6.39292e+16 6.39292e+16 21.1085 398.054 
2.0343e+18 27.5693 6.43385e+16 6.43385e+16 21.0751 398.142 
2.0314e+18 27.5681 6.47499e+16 6.47499e+16 21.0417 398.23 
2.0285e+18 27.5669 6.51632e+16 6.51632e+16 21.0082 398.317 
2.0256e+18 27.5658 6.55785e+16 6.55785e+16 20.9747 398.403 
2.0227e+18 27.5647 6.59959e+16 6.59959e+16 20.9412 398.489 
2.0198e+18 27.5637 6.64153e+16 6.64153e+16 20.9077 398.575 
2.0169e+18 27.5628 6.68367e+16 6.68367e+16 20.8741 398.66 
2.014e+18 27.5619 6.72602e+16 6.72602e+16 20.8405 398.745 
2.0111e+18 27.5611 6.76856e+16 6.76856e+16 20.8069 398.829 
2.0082e+18 27.5603 6.81131e+16 6.81131e+16 20.7733 398.913 
2.0053e+18 27.5596 6.85427e+16 6.85427e+16 20.7397 398.996 
2.0024e+18 27.5589 6.89742e+16 6.89742e+16 20.706 399.079 
1.9995e+18 27.5583 6.94078e+16 6.94078e+16 20.6723 399.162 
1.9966e+18 27.5578 6.98434e+16 6.98434e+16 20.6386 399.244 
1.9937e+18 27.5573 7.0281e+16 7.0281e+16 20.6048 399.326 
1.9908e+18 27.5568 7.07206e+16 7.07206e+16 20.571 399.407 
1.9879e+18 27.5564 7.11623e+16 7.11623e+16 20.5372 399.488 
1.985e+18 27.556 7.1606e+16 7.1606e+16 20.5034 399.568 
1.9821e+18 27.5557 7.20518e+16 7.20518e+16 20.4695 399.648 
1.9792e+18 27.5554 7.24996e+16 7.24996e+16 20.4357 399.728 
1.9763e+18 27.5552 7.29494e+16 7.29494e+16 20.4018 399.808 
1.9734e+18 27.555 7.34013e+16 7.34013e+16 20.3678 399.887 
1.9705e+18 27.5549 7.38552e+16 7.38552e+16 20.3339 399.965 
1.9676e+18 27.5548 7.43111e+16 7.43111e+16 20.2999 400.043 
1.9647e+18 27.5547 7.47691e+16 7.47691e+16 20.2659 400.121 
1.9618e+18 27.5547 7.52292e+16 7.52292e+16 20.2318 400.199 
1.9589e+18 27.5547 7.56912e+16 7.56912e+16 20.1978 400.276 
1.956e+18 27.5548 7.61554e+16 7.61554e+16 20.1637 400.352 
1.9531e+18 27.5549 7.66216e+16 7.66216e+16 20.1296 400.429 
1.9502e+18 27.555 7.70898e+16 7.70898e+16 20.0954 400.505 
1.9473e+18 27.5552 7.75601e+16 7.75601e+16 20.0612 400.581 
1.9444e+18 28.3109 4.97588e+16 4.97588e+16 23.5103 379.666 
1.9415e+18 28.2906 5.01254e+16 5.01254e+16 23.4619 379.937 
1.9386e+18 28.2714 5.04985e+16 5.04985e+16 23.414 380.199 
1.9357e+18 28.2532 5.08779e+16 5.08779e+16 23.3666 380.453 
1.9328e+18 28.2359 5.1263e+16 5.1263e+16 23.3196 380.7 
1.9299e+18 28.2193 5.16536e+16 5.16536e+16 23.2731 380.941 
1.927e+18 28.2036 5.20494e+16 5.20494e+16 23.2269 381.175 
1.9241e+18 28.1885 5.24501e+16 5.24501e+16 23.1811 381.403 
1.9212e+18 28.1741 5.28556e+16 5.28556e+16 23.1356 381.627 
1.9183e+18 28.1603 5.32656e+16 5.32656e+16 23.0903 381.845 
1.9154e+18 28.147 5.36801e+16 5.36801e+16 23.0453 382.059 
1.9125e+18 28.1343 5.40988e+16 5.40988e+16 23.0006 382.269 
1.9096e+18 28.1221 5.45216e+16 5.45216e+16 22.9561 382.474 
1.9067e+18 28.1103 5.49484e+16 5.49484e+16 22.9118 382.675 
1.9038e+18 28.099 5.53792e+16 5.53792e+16 22.8677 382.873 
1.9009e+18 28.0882 5.58138e+16 5.58138e+16 22.8238 383.068 
1.898e+18 28.0777 5.62522e+16 5.62522e+16 22.7801 383.259 
1.8951e+18 28.0676 5.66943e+16 5.66943e+16 22.7365 383.447 
1.8922e+18 28.4872 2.4366e+16 2.4366e+16 26.1995 375.987 
1.8893e+18 28.4329 2.45289e+16 2.45289e+16 26.1334 376.423 
1.8864e+18 28.3886 2.47351e+16 2.47351e+16 26.0734 376.804 
1.8835e+18 28.3506 2.49686e+16 2.49686e+16 26.0171 377.149 
1.8806e+18 28.3169 2.52219e+16 2.52219e+16 25.9634 377.469 
1.8777e+18 28.2864 2.54907e+16 2.54907e+16 25.9115 377.771 
1.8748e+18 28.2585 2.57725e+16 2.57725e+16 25.861 378.057 
1.8719e+18 28.2328 2.60654e+16 2.60654e+16 25.8118 378.331 
1.869e+18 28.2088 2.63681e+16 2.63681e+16 25.7635 378.594 
1.8661e+18 28.1865 2.66798e+16 2.66798e+16 25.7161 378.848 
1.8632e+18 28.1654 2.69995e+16 2.69995e+16 25.6694 379.094 
1.8603e+18 28.1456 2.73269e+16 2.73269e+16 25.6232 379.332 
1.8574e+18 28.1269 2.76613e+16 2.76613e+16 25.5776 379.564 
1.8545e+18 28.1092 2.80025e+16 2.80025e+16 25.5325 379.79 
1.8516e+18 28.0924 2.83501e+16 2.83501e+16 25.4878 380.011 
1.8487e+18 28.0764 2.87039e+16 2.87039e+16 25.4434 380.226 
1.8458e+18 28.0612 2.90635e+16 2.90635e+16 25.3994 380.437 
1.8429e+18 28.0467 2.94289e+16 2.94289e+16 25.3557 380.643 
1.84e+18 28.0329 2.97998e+16 2.97998e+16 25.3122 380.846 
1.8371e+18 28.0196 3.01762e+16 3.01762e+16 25.269 381.045 
1.8342e+18 28.007 3.05579e+16 3.05579e+16 25.2259 381.24 
1.8313e+18 27.9949 3.09447e+16 3.09447e+16 25.1831 381.431 
1.8284e+18 27.9834 3.13366e+16 3.13366e+16 25.1405 381.62 
1.8255e+18 27.9723 3.17334e+16 3.17334e+16 25.098 381.805 
1.8226e+18 27.9617 3.21352e+16 3.21352e+16 25.0556 381.988 
1.8197e+18 27.9516 3.25418e+16 3.25418e+16 25.0134 382.168 
1.8168e+18 27.9419 3.29532e+16 3.29532e+16 24.9713 382.345 
1.8139e+18 27.9326 3.33693e+16 3.33693e+16 24.9293 382.519 
1.811e+18 27.9237 3.379e+16 3.379e+16 24.8874 382.692 
1.8081e+18 27.9152 3.42154e+16 3.42154e+16 24.8456 382.862 
1.8052e+18 27.907 3.46453e+16 3.46453e+16 24.8038 383.029 
1.8023e+18 27.8992 3.50797e+16 3.50797e+16 24.7622 383.195 
1.7994e+18 27.8917 3.55186e+16 3.55186e+16 24.7205 383.358 
1.7965e+18 27.8846 3.5962e+16 3.5962e+16 24.679 383.52 
1.7936e+18 27.8778 3.64098e+16 3.64098e+16 24.6375 383.68 
1.7907e+18 27.8712 3.68619e+16 3.68619e+16 24.596 383.837 
1.7878e+18 27.865 3.73185e+16 3.73185e+16 24.5546 383.993 
1.7849e+18 27.859 3.77793e+16 3.77793e+16 24.5132 384.148 
1.782e+18 27.8534 3.82445e+16 3.82445e+16 24.4718 384.3 
1.7791e+18 27.848 3.8714e+16 3.8714e+16 24.4305 384.451 
1.7762e+18 27.8428 3.91878e+16 3.91878e+16 24.3891 384.6 
1.7733e+18 27.8379 3.96659e+16 3.96659e+16 24.3478 384.748 
1.7704e+18 27.8333 4.01481e+16 4.01481e+16 24.3065 384.895 
1.7675e+18 27.8289 4.06347e+16 4.06347e+16 24.2652 385.04 
1.7646e+18 27.8247 4.11254e+16 4.11254e+16 24.2239 385.183 
1.7617e+18 27.8207 4.16204e+16 4.16204e+16 24.1826 385.325 
1.7588e+18 27.817 4.21195e+16 4.21195e+16 24.1413 385.466 
1.7559e+18 27.8135 4.26228e+16 4.26228e+16 24.1 385.606 
1.753e+18 27.8101 4.31303e+16 4.31303e+16 24.0586 385.744 
1.7501e+18 27.807 4.3642e+16 4.3642e+16 24.0173 385.881 
1.7472e+18 27.8041 4.41578e+16 4.41578e+16 23.976 386.017 
1.7443e+18 27.8014 4.46778e+16 4.46778e+16 23.9346 386.151 
1.7414e+18 27.7989 4.52019e+16 4.52019e+16 23.8932 386.285 
1.7385e+18 27.7965 4.57302e+16 4.57302e+16 23.8518 386.417 
1.7356e+18 27.7944 4.62625e+16 4.62625e+16 23.8104 386.548 
1.7327e+18 27.7924 4.67991e+16 4.67991e+16 23.7689 386.678 
1.7298e+18 27.7906 4.73397e+16 4.73397e+16 23.7274 386.807 
1.7269e+18 27.7889 4.78845e+16 4.78845e+16 23.6859 386.935 
1.724e+18 27.7875 4.84333e+16 4.84333e+16 23.6444 387.063 
1.7211e+18 27.7861 4.89863e+16 4.89863e+16 23.6028 387.189 
1.7182e+18 27.785 4.95434e+16 4.95434e+16 23.5612 387.314 
1.7153e+18 27.784 5.01046e+16 5.01046e+16 23.5196 387.438 
1.7124e+18 27.7831 5.06699e+16 5.06699e+16 23.4779 387.561 
1.7095e+18 27.7824 5.12393e+16 5.12393e+16 23.4362 387.683 
1.7066e+18 27.7819 5.18128e+16 5.18128e+16 23.3945 387.805 
1.7037e+18 27.7815 5.23904e+16 5.23904e+16 23.3527 387.925 
1.7008e+18 27.7812 5.29721e+16 5.29721e+16 23.3109 388.045 
1.6979e+18 27.7811 5.3558e+16 5.3558e+16 23.269 388.164 
1.695e+18 27.7811 5.41479e+16 5.41479e+16 23.2271 388.282 
1.6921e+18 27.7812 5.47419e+16 5.47419e+16 23.1851 388.399 
1.6892e+18 27.7815 5.534e+16 5.534e+16 23.1431 388.515 
1.6863e+18 27.7818 5.59422e+16 5.59422e+16 23.1011 388.631 
1.6834e+18 27.7823 5.65485e+16 5.65485e+16 23.059 388.746 
1.6805e+18 27.783 5.7159e+16 5.7159e+16 23.0169 388.86 
1.6776e+18 27.7837 5.77735e+16 5.77735e+16 22.9747 388.973 
1.6747e+18 27.7846 5.83921e+16 5.83921e+16 22.9325 389.085 
1.6718e+18 27.7856 5.90148e+16 5.90148e+16 22.8902 389.197 
1.6689e+18 27.7867 5.96417e+16 5.96417e+16 22.8479 389.308 
1.666e+18 27.7879 6.02727e+16 6.02727e+16 22.8055 389.419 
1.6631e+18 27.7892 6.09077e+16 6.09077e+16 22.7631 389.528 
1.6602e+18 27.7906 6.15469e+16 6.15469e+16 22.7206 389.637 
1.6573e+18 27.7921 6.21902e+16 6.21902e+16 22.6781 389.746 
1.6544e+18 27.7937 6.28377e+16 6.28377e+16 22.6355 389.853 
1.6515e+18 27.7954 6.34892e+16 6.34892e+16 22.5929 389.96 
1.6486e+18 27.7972 6.41449e+16 6.41449e+16 22.5502 390.067 
1.6457e+18 27.7992 6.48047e+16 6.48047e+16 22.5074 390.172 
1.6428e+18 27.8012 6.54686e+16 6.54686e+16 22.4646 390.278 
1.6399e+18 27.8033 6.61367e+16 6.61367e+16 22.4218 390.382 
1.637e+18 27.8054 6.68089e+16 6.68089e+16 22.3789 390.486 
1.6341e+18 27.8077 6.74853e+16 6.74853e+16 22.3359 390.589 
1.6312e+18 27.8101 6.81658e+16 6.81658e+16 22.2929 390.692 
1.6283e+18 28.1146 3.71681e+16 3.71681e+16 25.1117 384.548 
1.6254e+18 28.0734 3.75707e+16 3.75707e+16 25.0433 384.877 
1.6225e+18 28.0432 3.80172e+16 3.80172e+16 24.9826 385.149 
1.6196e+18 28.0191 3.84892e+16 3.84892e+16 24.926 385.39 
1.6167e+18 27.9989 3.89794e+16 3.89794e+16 24.872 385.612 
1.6138e+18 27.9815 3.9484e+16 3.9484e+16 24.8199 385.818 
1.6109e+18 27.9664 4.00007e+16 4.00007e+16 24.7691 386.013 
1.608e+18 27.953 4.0528e+16 4.0528e+16 24.7194 386.2 
1.6051e+18 27.9411 4.1065e+16 4.1065e+16 24.6706 386.378 
1.6022e+18 27.9304 4.16108e+16 4.16108e+16 24.6225 386.551 
1.5993e+18 27.9209 4.21651e+16 4.21651e+16 24.5749 386.718 
1.5964e+18 27.9122 4.27273e+16 4.27273e+16 24.5278 386.88 
1.5935e+18 27.9044 4.32971e+16 4.32971e+16 24.4811 387.037 
1.5906e+18 27.8974 4.38743e+16 4.38743e+16 24.4347 387.191 
1.5877e+18 27.891 4.44587e+16 4.44587e+16 24.3886 387.342 
1.5848e+18 27.8853 4.50501e+16 4.50501e+16 24.3428 387.489 
1.5819e+18 27.8801 4.56483e+16 4.56483e+16 24.2971 387.634 
1.579e+18 27.8755 4.62533e+16 4.62533e+16 24.2517 387.775 
1.5761e+18 27.8713 4.68649e+16 4.68649e+16 24.2064 387.915 
1.5732e+18 27.8676 4.7483e+16 4.7483e+16 24.1611 388.052 
1.5703e+18 27.8644 4.81076e+16 4.81076e+16 24.116 388.187 
1.5674e+18 27.8615 4.87386e+16 4.87386e+16 24.071 388.319 
1.5645e+18 27.859 4.93759e+16 4.93759e+16 24.0261 388.45 
1.5616e+18 27.8568 5.00195e+16 5.00195e+16 23.9812 388.58 
1.5587e+18 27.855 5.06693e+16 5.06693e+16 23.9363 388.707 
1.5558e+18 27.8536 5.13254e+16 5.13254e+16 23.8914 388.833 
1.5529e+18 27.8524 5.19876e+16 5.19876e+16 23.8466 388.957 
1.55e+18 27.8515 5.26559e+16 5.26559e+16 23.8018 389.08 
1.5471e+18 27.8509 5.33304e+16 5.33304e+16 23.757 389.202 
1.5442e+18 27.8505 5.40109e+16 5.40109e+16 23.7122 389.322 
1.5413e+18 27.8504 5.46975e+16 5.46975e+16 23.6673 389.441 
1.5384e+18 28.2729 2.73233e+16 2.73233e+16 26.1873 374.62 
1.5355e+18 28.2451 2.78044e+16 2.78044e+16 26.1267 374.996 
1.5326e+18 28.2203 2.83067e+16 2.83067e+16 26.0678 375.345 
1.5297e+18 28.1981 2.88268e+16 2.88268e+16 26.0101 375.675 
1.5268e+18 28.1778 2.93626e+16 2.93626e+16 25.9534 375.987 
1.5239e+18 28.1593 2.99125e+16 2.99125e+16 25.8975 376.285 
1.521e+18 28.1423 3.04754e+16 3.04754e+16 25.8424 376.571 
1.5181e+18 28.1267 3.10504e+16 3.10504e+16 25.7878 376.845 
1.5152e+18 28.1122 3.16367e+16 3.16367e+16 25.7338 377.11 
1.5123e+18 28.0989 3.22339e+16 3.22339e+16 25.6802 377.366 
1.5094e+18 28.0866 3.28414e+16 3.28414e+16 25.6269 377.614 
1.5065e+18 28.0751 3.34588e+16 3.34588e+16 25.5741 377.855 
1.5036e+18 28.0645 3.40858e+16 3.40858e+16 25.5215 378.09 
1.5007e+18 28.0547 3.47222e+16 3.47222e+16 25.4692 378.318 
1.4978e+18 28.0456 3.53676e+16 3.53676e+16 25.4171 378.541 
1.4949e+18 28.0372 3.6022e+16 3.6022e+16 25.3653 378.759 
1.492e+18 28.0294 3.6685e+16 3.6685e+16 25.3136 378.972 
1.4891e+18 28.0222 3.73566e+16 3.73566e+16 25.262 379.18 
1.4862e+18 28.0155 3.80366e+16 3.80366e+16 25.2106 379.384 
1.4833e+18 28.0094 3.8725e+16 3.8725e+16 25.1593 379.584 
1.4804e+18 28.0038 3.94215e+16 3.94215e+16 25.1081 379.781 
1.4775e+18 27.9987 4.01261e+16 4.01261e+16 25.057 379.973 
1.4746e+18 27.9941 4.08388e+16 4.08388e+16 25.006 380.163 
1.4717e+18 27.9899 4.15594e+16 4.15594e+16 24.9551 380.349 
1.4688e+18 27.9861 4.2288e+16 4.2288e+16 24.9042 380.532 
1.4659e+18 27.9827 4.30243e+16 4.30243e+16 24.8533 380.713 
1.463e+18 27.9797 4.37685e+16 4.37685e+16 24.8025 380.89 
1.4601e+18 27.977 4.45204e+16 4.45204e+16 24.7516 381.065 
1.4572e+18 27.9748 4.528e+16 4.528e+16 24.7009 381.237 
1.4543e+18 27.9728 4.60473e+16 4.60473e+16 24.6501 381.407 
1.4514e+18 27.9712 4.68222e+16 4.68222e+16 24.5993 381.575 
1.4485e+18 27.9699 4.76048e+16 4.76048e+16 24.5485 381.741 
1.4456e+18 27.969 4.83949e+16 4.83949e+16 24.4977 381.904 
1.4427e+18 27.9683 4.91925e+16 4.91925e+16 24.4469 382.065 
1.4398e+18 27.9679 4.99977e+16 4.99977e+16 24.396 382.224 
1.4369e+18 27.9678 5.08105e+16 5.08105e+16 24.3452 382.382 
1.434e+18 27.9679 5.16307e+16 5.16307e+16 24.2943 382.537 
1.4311e+18 27.9683 5.24584e+16 5.24584e+16 24.2433 382.691 
1.4282e+18 28.1727 2.25584e+16 2.25584e+16 26.5741 377.724 
1.4253e+18 28.1267 2.30067e+16 2.30067e+16 26.4996 378.103 
1.4224e+18 28.0938 2.35187e+16 2.35187e+16 26.4339 378.417 
1.4195e+18 28.0677 2.40667e+16 2.40667e+16 26.3726 378.696 
1.4166e+18 28.0459 2.46406e+16 2.46406e+16 26.3139 378.953 
1.4137e+18 28.0273 2.52352e+16 2.52352e+16 26.2571 379.195 
1.4108e+18 28.0111 2.58477e+16 2.58477e+16 26.2017 379.423 
1.4079e+18 27.9969 2.64761e+16 2.64761e+16 26.1473 379.642 
1.405e+18 27.9843 2.71192e+16 2.71192e+16 26.0938 379.853 
1.4021e+18 27.9732 2.7776e+16 2.7776e+16 26.0408 380.056 
1.3992e+18 27.9632 2.84458e+16 2.84458e+16 25.9884 380.253 
1.3963e+18 27.9544 2.91282e+16 2.91282e+16 25.9363 380.445 
1.3934e+18 27.9465 2.98228e+16 2.98228e+16 25.8846 380.632 
1.3905e+18 27.9395 3.05291e+16 3.05291e+16 25.8332 380.815 
1.3876e+18 27.9333 3.1247e+16 3.1247e+16 25.782 380.993 
1.3847e+18 27.9279 3.19762e+16 3.19762e+16 25.7309 381.168 
1.3818e+18 27.9231 3.27165e+16 3.27165e+16 25.68 381.339 
1.3789e+18 27.919 3.34678e+16 3.34678e+16 25.6292 381.508 
1.376e+18 27.9154 3.423e+16 3.423e+16 25.5784 381.673 
1.3731e+18 27.9125 3.50029e+16 3.50029e+16 25.5277 381.836 
1.3702e+18 27.91 3.57864e+16 3.57864e+16 25.477 381.996 
1.3673e+18 27.9081 3.65804e+16 3.65804e+16 25.4263 382.153 
1.3644e+18 27.9066 3.73849e+16 3.73849e+16 25.3757 382.309 
1.3615e+18 27.9056 3.81998e+16 3.81998e+16 25.325 382.462 
1.3586e+18 27.905 3.90251e+16 3.90251e+16 25.2742 382.613 
1.3557e+18 27.9048 3.98606e+16 3.98606e+16 25.2234 382.762 
1.3528e+18 27.905 4.07064e+16 4.07064e+16 25.1726 382.91 
1.3499e+18 27.9055 4.15624e+16 4.15624e+16 25.1217 383.055 
1.347e+18 27.9065 4.24286e+16 4.24286e+16 25.0707 383.199 
1.3441e+18 27.9078 4.33048e+16 4.33048e+16 25.0197 383.342 
1.3412e+18 27.9094 4.41912e+16 4.41912e+16 24.9685 383.482 
1.3383e+18 27.9113 4.50877e+16 4.50877e+16 24.9173 383.621 
1.3354e+18 27.9135 4.59942e+16 4.59942e+16 24.866 383.759 
1.3325e+18 27.9161 4.69107e+16 4.69107e+16 24.8145 383.896 
1.3296e+18 27.9189 4.78373e+16 4.78373e+16 24.763 384.031 
1.3267e+18 27.922 4.87738e+16 4.87738e+16 24.7113 384.164 
1.3238e+18 27.9254 4.97203e+16 4.97203e+16 24.6595 384.297 
1.3209e+18 27.929 5.06768e+16 5.06768e+16 24.6076 384.428 
1.318e+18 27.9329 5.16432e+16 5.16432e+16 24.5556 384.558 
1.3151e+18 27.937 5.26196e+16 5.26196e+16 24.5035 384.687 
1.3122e+18 27.9414 5.36059e+16 5.36059e+16 24.4512 384.815 
1.3093e+18 27.946 5.46021e+16 5.46021e+16 24.3988 384.942 
1.3064e+18 27.9508 5.56083e+16 5.56083e+16 24.3462 385.067 
1.3035e+18 27.9559 5.66243e+16 5.66243e+16 24.2936 385.192 
1.3006e+18 27.9611 5.76503e+16 5.76503e+16 24.2407 385.316 
1.2977e+18 27.9666 5.86862e+16 5.86862e+16 24.1878 385.439 
1.2948e+18 27.9722 5.9732e+16 5.9732e+16 24.1347 385.56 
1.2919e+18 27.978 6.07877e+16 6.07877e+16 24.0815 385.681 
1.289e+18 27.9841 6.18532e+16 6.18532e+16 24.0281 385.801 
1.2861e+18 27.9903 6.29287e+16 6.29287e+16 23.9746 385.921 
1.2832e+18 27.9967 6.40141e+16 6.40141e+16 23.9209 386.039 
1.2803e+18 28.0032 6.51094e+16 6.51094e+16 23.8671 386.156 
1.2774e+18 28.0099 6.62146e+16 6.62146e+16 23.8131 386.273 
1.2745e+18 28.0168 6.73297e+16 6.73297e+16 23.759 386.389 
1.2716e+18 28.0238 6.84547e+16 6.84547e+16 23.7047 386.504 
1.2687e+18 28.031 6.95896e+16 6.95896e+16 23.6503 386.618 
1.2658e+18 28.3996 1.35919e+16 1.35919e+16 27.5459 371.527 
1.2629e+18 28.3311 1.39751e+16 1.39751e+16 27.4553 372.156 
1.26e+18 28.2808 1.44684e+16 1.44684e+16 27.3763 372.666 
1.2571e+18 28.2406 1.50268e+16 1.50268e+16 27.3034 373.108 
1.2542e+18 28.2071 1.56321e+16 1.56321e+16 27.2343 373.506 
1.2513e+18 28.1784 1.6275e+16 1.6275e+16 27.1679 373.871 
1.2484e+18 28.1535 1.69497e+16 1.69497e+16 27.1036 374.211 
1.2455e+18 28.1317 1.76526e+16 1.76526e+16 27.0407 374.53 
1.2426e+18 28.1124 1.83809e+16 1.83809e+16 26.9791 374.832 
1.2397e+18 28.0953 1.9133e+16 1.9133e+16 26.9184 375.119 
1.2368e+18 28.0801 1.99073e+16 1.99073e+16 26.8585 375.394 
1.2339e+18 28.0666 2.07027e+16 2.07027e+16 26.7991 375.658 
1.231e+18 28.0546 2.15184e+16 2.15184e+16 26.7403 375.913 
1.2281e+18 28.044 2.23536e+16 2.23536e+16 26.6818 376.159 
1.2252e+18 28.0346 2.32079e+16 2.32079e+16 26.6237 376.397 
1.2223e+18 28.0263 2.40807e+16 2.40807e+16 26.5658 376.628 
1.2194e+18 28.019 2.49717e+16 2.49717e+16 26.5081 376.853 
1.2165e+18 28.0128 2.58804e+16 2.58804e+16 26.4506 377.072 
1.2136e+18 28.0074 2.68066e+16 2.68066e+16 26.3932 377.285 
1.2107e+18 28.0028 2.77502e+16 2.77502e+16 26.3358 377.494 
1.2078e+18 27.9991 2.87107e+16 2.87107e+16 26.2785 377.698 
1.2049e+18 27.9961 2.96882e+16 2.96882e+16 26.2212 377.897 
1.202e+18 27.9938 3.06823e+16 3.06823e+16 26.1639 378.093 
1.1991e+18 27.9921 3.1693e+16 3.1693e+16 26.1065 378.285 
1.1962e+18 27.9911 3.27202e+16 3.27202e+16 26.0491 378.473 
1.1933e+18 27.9907 3.37636e+16 3.37636e+16 25.9916 378.658 
1.1904e+18 27.9909 3.48233e+16 3.48233e+16 25.934 378.84 
1.1875e+18 27.9916 3.58991e+16 3.58991e+16 25.8764 379.019 
1.1846e+18 27.9928 3.6991e+16 3.6991e+16 25.8186 379.195 
1.1817e+18 27.9946 3.80988e+16 3.80988e+16 25.7607 379.368 
1.1788e+18 27.9968 3.92226e+16 3.92226e+16 25.7027 379.539 
1.1759e+18 27.9995 4.03622e+16 4.03622e+16 25.6445 379.707 
1.173e+18 28.0026 4.15177e+16 4.15177e+16 25.5862 379.873 
1.1701e+18 28.0061 4.26889e+16 4.26889e+16 25.5277 380.037 
1.1672e+18 28.0101 4.38759e+16 4.38759e+16 25.469 380.198 
1.1643e+18 28.0144 4.50786e+16 4.50786e+16 25.4102 380.358 
1.1614e+18 28.0192 4.62969e+16 4.62969e+16 25.3513 380.516 
1.1585e+18 28.0243 4.75309e+16 4.75309e+16 25.2921 380.672 
1.1556e+18 28.0298 4.87804e+16 4.87804e+16 25.2327 380.826 
1.1527e+18 28.0356 5.00456e+16 5.00456e+16 25.1732 380.978 
1.1498e+18 28.0417 5.13264e+16 5.13264e+16 25.1135 381.129 
1.1469e+18 28.0482 5.26227e+16 5.26227e+16 25.0536 381.278 
1.144e+18 28.1494 2.50744e+16 2.50744e+16 26.7261 377.796 
1.1411e+18 28.1145 2.59259e+16 2.59259e+16 26.6466 378.13 
1.1382e+18 28.0917 2.68451e+16 2.68451e+16 26.5756 378.405 
1.1353e+18 28.075 2.78067e+16 2.78067e+16 26.5086 378.652 
1.1324e+18 28.0623 2.88014e+16 2.88014e+16 26.444 378.879 
1.1295e+18 28.0525 2.9825e+16 2.9825e+16 26.381 379.093 
1.1266e+18 28.0449 3.08749e+16 3.08749e+16 26.319 379.297 
1.1237e+18 28.0391 3.19496e+16 3.19496e+16 26.2578 379.492 
1.1208e+18 28.0349 3.3048e+16 3.3048e+16 26.197 379.681 
1.1179e+18 28.032 3.41693e+16 3.41693e+16 26.1367 379.863 
1.115e+18 28.0302 3.53129e+16 3.53129e+16 26.0766 380.041 
1.1121e+18 28.0295 3.64785e+16 3.64785e+16 26.0166 380.214 
1.1092e+18 28.0297 3.76657e+16 3.76657e+16 25.9567 380.383 
1.1063e+18 28.0308 3.88742e+16 3.88742e+16 25.8969 380.549 
1.1034e+18 28.0326 4.01037e+16 4.01037e+16 25.837 380.711 
1.1005e+18 28.0352 4.13542e+16 4.13542e+16 25.777 380.871 
1.0976e+18 28.0384 4.26253e+16 4.26253e+16 25.717 381.028 
1.0947e+18 28.0423 4.39171e+16 4.39171e+16 25.6568 381.182 
1.0918e+18 28.0467 4.52294e+16 4.52294e+16 25.5965 381.334 
1.0889e+18 28.0517 4.6562e+16 4.6562e+16 25.536 381.484 
1.086e+18 28.0572 4.7915e+16 4.7915e+16 25.4753 381.632 
1.0831e+18 28.0632 4.92881e+16 4.92881e+16 25.4144 381.778 
1.0802e+18 28.2334 2.43436e+16 2.43436e+16 26.9286 373.16 
1.0773e+18 28.208 2.5397e+16 2.5397e+16 26.8505 373.609 
1.0744e+18 28.1889 2.65059e+16 2.65059e+16 26.7759 373.999 
1.0715e+18 28.174 2.76578e+16 2.76578e+16 26.7036 374.351 
1.0686e+18 28.1623 2.88463e+16 2.88463e+16 26.6328 374.675 
1.0657e+18 28.153 3.00676e+16 3.00676e+16 26.5631 374.978 
1.0628e+18 28.1458 3.13192e+16 3.13192e+16 26.4942 375.264 
1.0599e+18 28.1403 3.25994e+16 3.25994e+16 26.4259 375.535 
1.057e+18 28.1363 3.39071e+16 3.39071e+16 26.358 375.794 
1.0541e+18 28.1336 3.52414e+16 3.52414e+16 26.2904 376.043 
1.0512e+18 28.1321 3.66016e+16 3.66016e+16 26.223 376.283 
1.0483e+18 28.1317 3.79871e+16 3.79871e+16 26.1558 376.515 
1.0454e+18 28.1322 3.93975e+16 3.93975e+16 26.0886 376.74 
1.0425e+18 28.1336 4.08325e+16 4.08325e+16 26.0215 376.958 
1.0396e+18 28.1774 1.39706e+16 1.39706e+16 27.4567 374.141 
1.0367e+18 28.1432 1.48847e+16 1.48847e+16 27.3775 374.506 
1.0338e+18 28.1189 1.58733e+16 1.58733e+16 27.3047 374.821 
1.0309e+18 28.1004 1.6915e+16 1.6915e+16 27.2352 375.108 
1.028e+18 28.0859 1.80011e+16 1.80011e+16 27.1677 375.375 
1.0251e+18 28.0743 1.91272e+16 1.91272e+16 27.1014 375.627 
1.0222e+18 28.0652 2.02903e+16 2.02903e+16 27.0361 375.868 
1.0193e+18 28.0581 2.14888e+16 2.14888e+16 26.9713 376.098 
1.0164e+18 28.0527 2.27213e+16 2.27213e+16 26.9068 376.32 
1.0135e+18 28.0489 2.39868e+16 2.39868e+16 26.8426 376.535 
1.0106e+18 28.0464 2.52846e+16 2.52846e+16 26.7786 376.744 
1.0077e+18 28.0452 2.66141e+16 2.66141e+16 26.7145 376.947 
1.0048e+18 28.0451 2.79749e+16 2.79749e+16 26.6504 377.145 
1.0019e+18 28.0461 2.93666e+16 2.93666e+16 26.5862 377.338 
9.99e+17 28.048 3.07888e+16 3.07888e+16 26.5218 377.527 
9.961e+17 28.0507 3.22412e+16 3.22412e+16 26.4572 377.713 
9.932e+17 28.0544 3.37237e+16 3.37237e+16 26.3924 377.894 
9.903e+17 28.0588 3.52359e+16 3.52359e+16 26.3274 378.073 
9.874e+17 28.0639 3.67777e+16 3.67777e+16 26.2621 378.249 
9.845e+17 28.0698 3.8349e+16 3.8349e+16 26.1965 378.421 
9.816e+17 28.0763 3.99495e+16 3.99495e+16 26.1306 378.591 
9.787e+17 28.0835 4.15792e+16 4.15792e+16 26.0643 378.759 
9.758e+17 28.0912 4.3238e+16 4.3238e+16 25.9978 378.924 
9.729e+17 28.0996 4.49257e+16 4.49257e+16 25.9308 379.087 
9.7e+17 28.1084 4.66423e+16 4.66423e+16 25.8636 379.248 
9.671e+17 28.1178 4.83877e+16 4.83877e+16 25.7959 379.407 
9.642e+17 28.1277 5.01617e+16 5.01617e+16 25.7279 379.564 
9.613e+17 28.1381 5.19644e+16 5.19644e+16 25.6595 379.72 
9.584e+17 28.149 5.37956e+16 5.37956e+16 25.5908 379.873 
9.555e+17 28.1603 5.56554e+16 5.56554e+16 25.5216 380.026 
9.526e+17 28.2024 3.02031e+16 3.02031e+16 26.7748 377.498 
9.497e+17 28.1799 3.15683e+16 3.15683e+16 26.6923 377.789 
9.468e+17 28.1667 3.30016e+16 3.30016e+16 26.6163 378.037 
9.439e+17 28.1586 3.44863e+16 3.44863e+16 26.5434 378.262 
9.41e+17 28.2719 1.0708e+16 1.0708e+16 27.772 371.303 
9.381e+17 28.2295 1.17291e+16 1.17291e+16 27.6836 371.87 
9.352e+17 28.1996 1.28693e+16 1.28693e+16 27.6024 372.329 
9.323e+17 28.177 1.40916e+16 1.40916e+16 27.5252 372.728 
9.294e+17 28.1595 1.53806e+16 1.53806e+16 27.4503 373.087 
9.265e+17 28.1459 1.67284e+16 1.67284e+16 27.3769 373.417 
9.236e+17 28.1354 1.81298e+16 1.81298e+16 27.3046 373.724 
9.207e+17 28.1275 1.95818e+16 1.95818e+16 27.2329 374.013 
9.178e+17 28.1218 2.1082e+16 2.1082e+16 27.1617 374.287 
9.149e+17 28.118 2.26287e+16 2.26287e+16 27.0907 374.548 
9.12e+17 28.1159 2.42207e+16 2.42207e+16 27.0199 374.799 
9.091e+17 28.1154 2.5857e+16 2.5857e+16 26.949 375.04 
9.062e+17 28.1162 2.75368e+16 2.75368e+16 26.8781 375.274 
9.033e+17 28.1184 2.92595e+16 2.92595e+16 26.8069 375.5 
9.004e+17 28.1217 3.10245e+16 3.10245e+16 26.7356 375.719 
8.975e+17 28.1261 3.28314e+16 3.28314e+16 26.664 375.933 
8.946e+17 28.1315 3.46798e+16 3.46798e+16 26.5921 376.141 
8.917e+17 28.3242 4.07669e+16 4.07669e+16 26.5205 376.203 
8.888e+17 28.3323 4.27203e+16 4.27203e+16 26.4483 376.433 
8.859e+17 28.3409 4.4709e+16 4.4709e+16 26.3756 376.652 
8.83e+17 28.3918 2.04118e+16 2.04118e+16 27.4975 374.402 
8.801e+17 28.3545 2.17246e+16 2.17246e+16 27.4058 374.828 
8.772e+17 28.3349 2.31715e+16 2.31715e+16 27.3264 375.156 
8.743e+17 28.3228 2.46988e+16 2.46988e+16 27.2513 375.443 
8.714e+17 28.3151 2.62925e+16 2.62925e+16 27.1782 375.706 
8.685e+17 28.3106 2.79466e+16 2.79466e+16 27.1063 375.953 
8.656e+17 28.3086 2.96578e+16 2.96578e+16 27.0349 376.188 
8.627e+17 28.3088 3.1424e+16 3.1424e+16 26.9637 376.413 
8.598e+17 28.3107 3.32437e+16 3.32437e+16 26.8924 376.63 
8.569e+17 28.3141 3.51158e+16 3.51158e+16 26.8211 376.84 
8.54e+17 28.3189 3.70396e+16 3.70396e+16 26.7494 377.044 
8.511e+17 28.325 3.90143e+16 3.90143e+16 26.6774 377.242 
8.482e+17 28.3322 4.10393e+16 4.10393e+16 26.605 377.437 
8.453e+17 28.3404 4.31143e+16 4.31143e+16 26.5321 377.627 
8.424e+17 28.3496 4.52388e+16 4.52388e+16 26.4587 377.813 
8.395e+17 28.3597 4.74124e+16 4.74124e+16 26.3848 377.997 
8.366e+17 28.3707 4.96348e+16 4.96348e+16 26.3103 378.177 
8.337e+17 28.3824 5.19058e+16 5.19058e+16 26.2353 378.354 
8.308e+17 28.3949 5.42251e+16 5.42251e+16 26.1596 378.529 
8.279e+17 28.4636 3.19369e+16 3.19369e+16 27.1517 373.035 
8.25e+17 28.4489 3.38829e+16 3.38829e+16 27.0619 373.465 
8.221e+17 28.4407 3.59168e+16 3.59168e+16 26.9756 373.834 
8.192e+17 28.43 1.17535e+16 1.17535e+16 27.9522 372.122 
8.163e+17 28.3935 1.31104e+16 1.31104e+16 27.8625 372.57 
8.134e+17 28.3693 1.4598e+16 1.4598e+16 27.7801 372.95 
8.105e+17 28.3522 1.61861e+16 1.61861e+16 27.7012 373.289 
8.076e+17 28.3399 1.78622e+16 1.78622e+16 27.6242 373.601 
8.047e+17 28.3315 1.96196e+16 1.96196e+16 27.5481 373.892 
8.018e+17 28.3262 2.14543e+16 2.14543e+16 27.4726 374.166 
7.989e+17 28.3234 2.33632e+16 2.33632e+16 27.3973 374.428 
7.96e+17 28.3229 2.53443e+16 2.53443e+16 27.3219 374.678 
7.931e+17 28.3243 2.73959e+16 2.73959e+16 27.2463 374.919 
7.902e+17 28.3276 2.95168e+16 2.95168e+16 27.1703 375.152 
7.873e+17 28.3324 3.17058e+16 3.17058e+16 27.0938 375.378 
7.844e+17 28.3387 3.39621e+16 3.39621e+16 27.0169 375.598 
7.815e+17 28.3463 3.6285e+16 3.6285e+16 26.9393 375.811 
7.786e+17 28.3552 3.86738e+16 3.86738e+16 26.8612 376.02 
7.757e+17 28.3653 4.11279e+16 4.11279e+16 26.7823 376.224 
7.728e+17 28.3764 4.36468e+16 4.36468e+16 26.7028 376.425 
7.699e+17 28.3886 4.62301e+16 4.62301e+16 26.6226 376.621 
7.67e+17 28.4201 2.38259e+16 2.38259e+16 27.5133 374.83 
7.641e+17 28.3912 2.56982e+16 2.56982e+16 27.4169 375.193 
7.612e+17 28.3784 2.7715e+16 2.7715e+16 27.3316 375.48 
7.583e+17 28.3726 2.98341e+16 2.98341e+16 27.25 375.735 
7.554e+17 28.3711 3.20442e+16 3.20442e+16 27.1701 375.972 
7.525e+17 28.3729 3.43402e+16 3.43402e+16 27.0907 376.196 
7.496e+17 28.3772 3.67191e+16 3.67191e+16 27.0115 376.411 
7.467e+17 28.3837 3.91791e+16 3.91791e+16 26.9321 376.617 
7.438e+17 28.4395 1.80795e+16 1.80795e+16 27.7723 371.918 
7.409e+17 28.415 2.00538e+16 2.00538e+16 27.6778 372.425 
7.38e+17 28.4013 2.21817e+16 2.21817e+16 27.5891 372.833 
7.351e+17 28.3938 2.44271e+16 2.44271e+16 27.5028 373.189 
7.322e+17 28.3905 2.67764e+16 2.67764e+16 27.4177 373.512 
7.293e+17 28.3906 2.92224e+16 2.92224e+16 27.3331 373.811 
7.264e+17 28.3933 3.17612e+16 3.17612e+16 27.2486 374.091 
7.235e+17 28.3984 3.43897e+16 3.43897e+16 27.1638 374.357 
7.206e+17 28.4376 1.29273e+16 1.29273e+16 27.9754 372.724 
7.177e+17 28.3895 1.46611e+16 1.46611e+16 27.8674 373.2 
7.148e+17 28.3691 1.66451e+16 1.66451e+16 27.7788 373.544 
7.119e+17 28.3579 1.8772e+16 1.8772e+16 27.6948 373.844 
7.09e+17 28.3523 2.1022e+16 2.1022e+16 27.6128 374.119 
7.061e+17 28.3507 2.33865e+16 2.33865e+16 27.5313 374.377 
7.032e+17 28.3523 2.58606e+16 2.58606e+16 27.45 374.622 
7.003e+17 28.3565 2.84412e+16 2.84412e+16 27.3683 374.857 
6.974e+17 28.3631 3.11258e+16 3.11258e+16 27.286 375.083 
6.945e+17 28.3716 3.39126e+16 3.39126e+16 27.203 375.302 
6.916e+17 28.3819 3.68001e+16 3.68001e+16 27.1191 375.515 
6.887e+17 28.3939 3.97869e+16 3.97869e+16 27.0343 375.722 
6.858e+17 28.4074 4.28721e+16 4.28721e+16 26.9486 375.925 
6.829e+17 28.4223 4.60547e+16 4.60547e+16 26.8618 376.124 
6.8e+17 28.4384 4.93338e+16 4.93338e+16 26.7739 376.319 
6.771e+17 28.4622 2.88401e+16 2.88401e+16 27.4932 374.875 
6.742e+17 28.4735 8.51339e+15 8.51339e+15 28.1887 370.998 
6.713e+17 28.4281 1.03417e+16 1.03417e+16 28.0837 371.612 
6.684e+17 28.4028 1.24411e+16 1.24411e+16 27.9901 372.07 
6.655e+17 28.3875 1.473e+16 1.473e+16 27.9011 372.456 
6.626e+17 28.3788 1.71812e+16 1.71812e+16 27.8139 372.798 
6.597e+17 28.375 1.97815e+16 1.97815e+16 27.7275 373.111 
6.568e+17 28.3751 2.2523e+16 2.2523e+16 27.6411 373.402 
6.539e+17 28.3785 2.54006e+16 2.54006e+16 27.5543 373.675 
6.51e+17 28.3846 2.84103e+16 2.84103e+16 27.4669 373.936 
6.481e+17 28.3932 3.15493e+16 3.15493e+16 27.3787 374.185 
6.452e+17 28.404 3.48154e+16 3.48154e+16 27.2894 374.425 
6.423e+17 28.4167 3.82066e+16 3.82066e+16 27.1991 374.657 
6.394e+17 28.4158 1.7944e+16 1.7944e+16 27.8465 373.448 
6.365e+17 28.3974 2.05194e+16 2.05194e+16 27.7493 373.786 
6.336e+17 28.391 2.32937e+16 2.32937e+16 27.6587 374.07 
6.307e+17 28.391 2.62367e+16 2.62367e+16 27.57 374.329 
6.278e+17 28.3954 2.93379e+16 2.93379e+16 27.4816 374.572 
6.249e+17 28.4033 3.25913e+16 3.25913e+16 27.3927 374.803 
6.22e+17 28.4139 3.59932e+16 3.59932e+16 27.3031 375.026 
6.191e+17 28.4269 3.95405e+16 3.95405e+16 27.2123 375.241 
6.162e+17 28.4602 2.09969e+16 2.09969e+16 27.8182 371.836 
6.133e+17 28.4458 2.40575e+16 2.40575e+16 27.7137 372.327 
6.104e+17 28.4424 2.73364e+16 2.73364e+16 27.6145 372.716 
6.075e+17 28.4628 8.22552e+15 8.22552e+15 28.2148 371.599 
6.046e+17 28.4133 1.04738e+16 1.04738e+16 28.0991 372.123 
6.017e+17 28.3945 1.30931e+16 1.30931e+16 28.0036 372.497 
5.988e+17 28.3859 1.59481e+16 1.59481e+16 27.9121 372.821 
5.959e+17 28.3839 1.90128e+16 1.90128e+16 27.8217 373.116 
5.93e+17 28.3866 2.22752e+16 2.22752e+16 27.7312 373.39 
5.901e+17 28.3932 2.57275e+16 2.57275e+16 27.6399 373.65 
5.872e+17 28.403 2.93645e+16 2.93645e+16 27.5474 373.898 
5.843e+17 28.4156 3.31819e+16 3.31819e+16 27.4536 374.136 
5.814e+17 28.4307 3.71763e+16 3.71763e+16 27.3582 374.367 
5.785e+17 28.4537 4.18543e+16 4.18543e+16 27.2523 373.209 
5.756e+17 28.4494 2.29183e+16 2.29183e+16 27.7948 373.587 
5.727e+17 28.4367 2.62348e+16 2.62348e+16 27.6912 373.91 
5.698e+17 28.4365 2.98029e+16 2.98029e+16 27.5939 374.181 
5.669e+17 28.4377 1.15489e+16 1.15489e+16 28.1129 371.389 
5.64e+17 28.4211 1.46533e+16 1.46533e+16 28.011 371.855 
5.611e+17 28.4104 1.83978e+16 1.83978e+16 27.8982 370.925 
5.582e+17 28.396 2.17736e+16 2.17736e+16 27.7929 371.269 
5.553e+17 28.3904 2.54297e+16 2.54297e+16 27.6898 371.58 
5.524e+17 28.3905 2.93259e+16 2.93259e+16 27.5867 371.869 
5.495e+17 28.3949 3.34471e+16 3.34471e+16 27.483 372.14 
5.466e+17 28.3923 1.54527e+16 1.54527e+16 27.9732 371.321 
5.437e+17 28.3844 1.88811e+16 1.88811e+16 27.875 371.671 
5.408e+17 28.3839 2.25757e+16 2.25757e+16 27.7781 371.969 
5.379e+17 28.3876 2.65147e+16 2.65147e+16 27.68 372.243 
5.35e+17 28.3948 3.06908e+16 3.06908e+16 27.58 372.5 
5.321e+17 28.4048 3.51001e+16 3.51001e+16 27.4781 372.745 
5.292e+17 28.4177 3.97397e+16 3.97397e+16 27.3742 372.981 
5.263e+17 28.4224 2.3168e+16 2.3168e+16 27.8174 370.487 
5.234e+17 28.4093 2.72601e+16 2.72601e+16 27.7014 370.94 
5.205e+17 28.3805 9.1756e+15 9.1756e+15 28.1435 370.357 
5.176e+17 28.3649 1.25825e+16 1.25825e+16 28.0418 370.761 
5.147e+17 28.359 1.63329e+16 1.63329e+16 27.9419 371.105 
5.118e+17 28.3593 2.03974e+16 2.03974e+16 27.8413 371.415 
5.089e+17 28.3645 2.47613e+16 2.47613e+16 27.7393 371.702 
5.06e+17 28.3737 2.9415e+16 2.9415e+16 27.6352 371.973 
5.031e+17 28.3863 3.43515e+16 3.43515e+16 27.5288 372.23 
5.002e+17 28.4105 1.88225e+16 1.88225e+16 27.9433 371.404 
4.973e+17 28.3905 2.28483e+16 2.28483e+16 27.8267 371.834 
4.944e+17 28.3926 2.73125e+16 2.73125e+16 27.7226 372.138 
4.915e+17 28.3958 1.13893e+16 1.13893e+16 28.1181 369.918 
4.886e+17 28.376 1.53521e+16 1.53521e+16 28.0038 370.424 
4.857e+17 28.3707 1.97556e+16 1.97556e+16 27.8946 370.816 
4.828e+17 28.3733 2.45353e+16 2.45353e+16 27.7856 371.155 
4.799e+17 28.3817 2.96678e+16 2.96678e+16 27.6753 371.463 
4.77e+17 28.3641 1.33508e+16 1.33508e+16 28.0482 370.914 
4.741e+17 28.3593 1.76951e+16 1.76951e+16 27.9431 371.26 
4.712e+17 28.3638 2.24692e+16 2.24692e+16 27.8385 371.562 
4.683e+17 28.3742 2.76422e+16 2.76422e+16 27.7319 371.84 
4.654e+17 28.3892 3.31971e+16 3.31971e+16 27.6226 372.102 
4.625e+17 28.408 3.9122e+16 3.9122e+16 27.5102 372.353 
4.596e+17 28.4062 4.58158e+15 4.58158e+15 28.3018 369.546 
4.567e+17 28.3691 8.29552e+15 8.29552e+15 28.1811 370.129 
4.538e+17 28.3578 1.26695e+16 1.26695e+16 28.0725 370.543 
4.509e+17 28.3577 1.75652e+16 1.75652e+16 27.9647 370.894 
4.48e+17 28.3651 2.29396e+16 2.29396e+16 27.8552 371.208 
4.451e+17 28.3782 2.87683e+16 2.87683e+16 27.7428 371.499 
4.422e+17 28.3924 1.51638e+16 1.51638e+16 28.0597 370.919 
4.393e+17 28.4274 1.86335e+16 1.86335e+16 28.0212 371.177 
4.364e+17 28.4344 2.41834e+16 2.41834e+16 27.9108 371.517 
4.335e+17 28.4549 1.09823e+16 1.09823e+16 28.2186 369.652 
4.306e+17 28.4362 1.61572e+16 1.61572e+16 28.091 370.237 
4.277e+17 28.4382 2.20015e+16 2.20015e+16 27.9712 370.65 
4.248e+17 28.4223 7.81229e+15 7.81229e+15 28.2576 370.298 
4.219e+17 28.4147 1.28894e+16 1.28894e+16 28.1449 370.701 
4.19e+17 28.4204 1.86287e+16 1.86287e+16 28.0331 371.04 
4.161e+17 28.434 2.49711e+16 2.49711e+16 27.9184 371.348 
4.132e+17 28.4535 3.1885e+16 3.1885e+16 27.7998 371.636 
4.103e+17 28.4611 1.96278e+16 1.96278e+16 28.0615 371.201 
4.074e+17 28.44 6.02033e+15 6.02033e+15 28.3183 369.791 
4.045e+17 28.4273 1.1381e+16 1.1381e+16 28.1989 370.281 
4.016e+17 28.4304 1.75208e+16 1.75208e+16 28.0813 370.667 
3.987e+17 28.443 2.43554e+16 2.43554e+16 27.9612 371.005 
3.958e+17 28.4368 1.19139e+16 1.19139e+16 28.2028 370.673 
3.929e+17 28.4363 1.80363e+16 1.80363e+16 28.0847 371.041 
3.9e+17 28.4492 2.49545e+16 2.49545e+16 27.9663 371.355 
3.871e+17 28.4761 1.43265e+16 1.43265e+16 28.201 369.796 
3.842e+17 28.4637 2.10662e+16 2.10662e+16 28.0621 370.392 
3.813e+17 28.4327 7.88844e+15 7.88844e+15 28.2835 370.236 
3.784e+17 28.4322 1.42226e+16 1.42226e+16 28.1651 370.627 
3.755e+17 28.4441 2.14543e+16 2.14543e+16 28.0444 370.964 
3.726e+17 28.4645 2.95168e+16 2.95168e+16 27.9188 371.271 
3.697e+17 28.459 1.84852e+16 1.84852e+16 28.12 371.003 
3.668e+17 28.4582 7.55946e+15 7.55946e+15 28.3206 369.766 
3.639e+17 28.449 1.43022e+16 1.43022e+16 28.1907 370.287 
3.61e+17 28.4588 2.21083e+16 2.21083e+16 28.0628 370.675 
3.581e+17 28.4442 1.09684e+16 1.09684e+16 28.2493 370.491 
3.552e+17 28.4497 1.83604e+16 1.83604e+16 28.1261 370.854 
3.523e+17 28.4681 2.68238e+16 2.68238e+16 27.9992 371.17 
3.494e+17 28.4918 1.85598e+16 1.85598e+16 28.17 369.947 
3.465e+17 28.4491 6.801e+15 6.801e+15 28.3321 370.018 
3.436e+17 28.4491 1.4236e+16 1.4236e+16 28.2064 370.44 
3.407e+17 28.4644 2.29017e+16 2.29017e+16 28.0772 370.792 
3.378e+17 28.4639 1.39287e+16 1.39287e+16 28.2304 370.611 
3.349e+17 28.4713 2.23113e+16 2.23113e+16 28.1005 370.972 
3.32e+17 28.4694 1.35523e+16 1.35523e+16 28.2462 370.04 
3.291e+17 28.4661 4.9159e+15 4.9159e+15 28.3858 369.958 
3.262e+17 28.4554 1.24891e+16 1.24891e+16 28.2532 370.416 
3.233e+17 28.4695 2.16381e+16 2.16381e+16 28.1224 370.769 
3.204e+17 28.4958 3.21716e+16 3.21716e+16 27.9844 371.086 
3.175e+17 28.4662 6.05836e+15 6.05836e+15 28.3707 369.81 
3.146e+17 28.4656 1.46711e+16 1.46711e+16 28.2366 370.278 
3.117e+17 28.4817 8.05568e+15 8.05568e+15 28.3571 370.129 
3.088e+17 28.4721 1.67594e+16 1.67594e+16 28.2153 370.583 
3.059e+17 28.4925 2.73156e+16 2.73156e+16 28.0778 370.919 
3.03e+17 28.4757 3.5817e+15 3.5817e+15 28.4218 369.772 
3.001e+17 28.4673 1.22484e+16 1.22484e+16 28.2849 370.249 
2.972e+17 28.4851 2.29561e+16 2.29561e+16 28.1465 370.615 
2.943e+17 28.4883 1.73186e+16 1.73186e+16 28.2354 370.549 
2.914e+17 28.484 7.58272e+15 7.58272e+15 28.3744 369.086 
2.885e+17 28.4815 1.8221e+16 1.8221e+16 28.2206 369.551 
2.856e+17 28.4759 1.20156e+16 1.20156e+16 28.3057 369.595 
2.827e+17 28.4917 2.38173e+16 2.38173e+16 28.1576 369.968 
2.798e+17 28.4685 2.17291e+15 2.17291e+15 28.4384 369.046 
2.769e+17 28.4672 1.26176e+16 1.26176e+16 28.2938 369.517 
2.74e+17 28.4786 9.2174e+15 9.2174e+15 28.3533 369.503 
2.711e+17 28.4773 4.88229e+15 4.88229e+15 28.4117 368.931 
2.682e+17 28.4742 1.65543e+16 1.65543e+16 28.2539 369.474 
2.653e+17 28.466 1.18842e+16 1.18842e+16 28.3096 369.572 
2.624e+17 28.4883 2.55181e+16 2.55181e+16 28.1561 369.943 
2.595e+17 28.463 5.57075e+15 5.57075e+15 28.3913 369.202 
2.566e+17 28.4747 1.85534e+16 1.85534e+16 28.2384 369.639 
2.537e+17 28.476 1.60173e+16 1.60173e+16 28.2744 369.724 
2.508e+17 28.4766 1.42557e+16 1.42557e+16 28.2992 369.325 
2.479e+17 28.4665 1.11541e+16 1.11541e+16 28.3293 369.491 
2.45e+17 28.4868 1.13046e+16 1.13046e+16 28.3494 369.528 
2.421e+17 28.4685 8.65332e+15 8.65332e+15 28.3645 369.265 
2.392e+17 28.4711 7.97064e+15 7.97064e+15 28.3765 369.41 
2.363e+17 28.4936 8.60277e+15 8.60277e+15 28.3927 368.907 
2.334e+17 28.4682 6.89422e+15 6.89422e+15 28.3883 369.291 
2.305e+17 28.4892 2.2962e+16 2.2962e+16 28.2265 369.711 
2.276e+17 28.476 8.15576e+15 8.15576e+15 28.3839 369.173 
2.247e+17 28.4741 8.77267e+15 8.77267e+15 28.3763 369.39 
2.218e+17 28.4989 1.19612e+16 1.19612e+16 28.3673 369.002 
2.189e+17 28.4779 1.1817e+16 1.1817e+16 28.3495 369.377 
2.16e+17 28.4955 1.19855e+16 1.19855e+16 28.3671 369.519 
2.131e+17 28.4905 4.76974e+14 4.76974e+14 28.4854 369.113 
2.102e+17 28.5046 1.7835e+16 1.7835e+16 28.3186 369.598 
2.073e+17 28.4948 6.73677e+15 6.73677e+15 28.4255 369.24 
2.044e+17 28.5009 1.08858e+16 1.08858e+16 28.3905 369.486 
2.015e+17 28.4967 1.64845e+15 1.64845e+15 28.4802 369.156 
1.986e+17 28.5061 6.69322e+15 6.69322e+15 28.4401 368.824 
1.957e+17 28.4926 1.13722e+16 1.13722e+16 28.3822 368.795 
1.928e+17 28.4994 1.77692e+16 1.77692e+16 28.3294 369.057 
1.899e+17 28.4861 9.91354e+15 9.91354e+15 28.3927 368.834 
1.87e+17 28.4871 4.29192e+15 4.29192e+15 28.4473 368.565 
1.841e+17 28.4871 1.16155e+16 1.16155e+16 28.381 368.911 
1.812e+17 28.4824 6.68387e+15 6.68387e+15 28.4223 368.73 
1.783e+17 28.493 3.67262e+15 3.67262e+15 28.4605 368.463 
1.754e+17 28.488 1.25628e+16 1.25628e+16 28.3787 368.897 
1.725e+17 28.4925 7.53001e+15 7.53001e+15 28.4281 368.746 
1.696e+17 28.5008 6.83266e+15 6.83266e+15 28.4433 368.612 
1.667e+17 28.4997 5.65657e+15 5.65657e+15 28.453 368.839 
1.638e+17 28.4957 4.92106e+15 4.92106e+15 28.4557 368.808 
1.609e+17 28.4978 5.88836e+15 5.88836e+15 28.4508 368.775 
1.58e+17 28.5052 8.6402e+15 8.6402e+15 28.4374 368.742 
1.551e+17 28.5029 -8.54797e+14 -8.54797e+14 28.5095 368.575 
1.522e+17 28.5144 1.55461e+16 1.55461e+16 28.397 368.998 
1.493e+17 28.5063 7.46061e+15 7.46061e+15 28.451 368.523 
1.464e+17 28.5022 1.30088e+16 1.30088e+16 28.4077 368.591 
1.435e+17 28.5019 5.75245e+15 5.75245e+15 28.4609 368.517 
1.406e+17 28.5078 1.45436e+16 1.45436e+16 28.4063 368.623 
1.377e+17 28.5033 6.50018e+14 6.50018e+14 28.4989 368.259 
1.348e+17 28.4989 -3.47035e+14 -3.47035e+14 28.5012 368.336 
1.319e+17 28.499 4.41388e+14 4.41388e+14 28.4961 368.404 
1.29e+17 28.5021 3.04865e+15 3.04865e+15 28.4826 368.48 
1.261e+17 28.5082 7.684e+15 7.684e+15 28.4601 368.567 
1.232e+17 28.5088 -1.8896e+14 -1.8896e+14 28.5099 368.398 
1.203e+17 28.5093 6.59124e+15 6.59124e+15 28.47 368.296 
1.174e+17 28.5036 -5.03389e+15 -5.03389e+15 28.5329 368.099 
1.145e+17 28.5053 5.95023e+15 5.95023e+15 28.4715 368.317 
1.116e+17 28.5025 -1.34747e+15 -1.34747e+15 28.5099 368.207 
1.087e+17 28.5106 2.62533e+15 2.62533e+15 28.4965 368.181 
1.058e+17 28.5164 1.05159e+16 1.05159e+16 28.4612 368.399 
1.029e+17 28.519 1.09654e+16 1.09654e+16 28.463 368.406 
