3e+18 26.9548 3.61141e+16
2.9971e+18 26.9496 3.60546e+16
2.9942e+18 26.9445 3.59521e+16
2.9913e+18 26.9393 3.58625e+16
2.9884e+18 26.9341 3.57707e+16
2.9855e+18 26.929 3.56807e+16
2.9826e+18 26.9239 3.55916e+16
2.9797e+18 26.9188 3.55035e+16
2.9768e+18 26.9137 3.54165e+16
2.9739e+18 26.9086 3.53305e+16
2.971e+18 26.9035 3.52454e+16
2.9681e+18 26.8984 3.51614e+16
2.9652e+18 26.8934 3.50784e+16
2.9623e+18 26.8883 3.49964e+16
2.9594e+18 26.8833 3.49154e+16
2.9565e+18 26.8783 3.48354e+16
2.9536e+18 26.8733 3.47564e+16
2.9507e+18 26.8683 3.46784e+16
2.9478e+18 26.8633 3.46014e+16
2.9449e+18 26.8583 3.45254e+16
2.942e+18 26.8534 3.44504e+16
2.9391e+18 26.8484 3.43764e+16
2.9362e+18 26.8435 3.43034e+16
2.9333e+18 26.8385 3.42313e+16
2.9304e+18 26.8336 3.41603e+16
2.9275e+18 26.8287 3.40902e+16
2.9246e+18 26.8238 3.40211e+16
2.9217e+18 26.8189 3.3953e+16
2.9188e+18 26.814 3.38859e+16
2.9159e+18 26.8092 3.38197e+16
2.913e+18 26.8043 3.37545e+16
2.9101e+18 26.7994 3.36903e+16
2.9072e+18 26.7946 3.36271e+16
2.9043e+18 26.7898 3.35649e+16
2.9014e+18 26.7849 3.35036e+16
2.8985e+18 26.7801 3.34433e+16
2.8956e+18 26.7753 3.3384e+16
2.8927e+18 26.7705 3.33256e+16
2.8898e+18 26.7657 3.32682e+16
2.8869e+18 26.7609 3.32118e+16
2.884e+18 26.7562 3.31564e+16
2.8811e+18 26.7514 3.31019e+16
2.8782e+18 26.7466 3.30484e+16
2.8753e+18 26.7419 3.29958e+16
2.8724e+18 26.7371 3.29442e+16
2.8695e+18 26.7324 3.28936e+16
2.8666e+18 26.7277 3.28439e+16
2.8637e+18 26.723 3.27952e+16
2.8608e+18 26.7182 3.27475e+16
2.8579e+18 26.7135 3.27007e+16
2.855e+18 26.7088 3.26549e+16
2.8521e+18 26.7041 3.261e+16
2.8492e+18 26.6994 3.25664e+16
2.8463e+18 26.6948 3.25225e+16
2.8434e+18 26.6901 3.24841e+16
2.8405e+18 26.6854 3.24298e+16
2.8376e+18 26.6808 3.24392e+16
2.8347e+18 26.6761 3.22156e+16
2.8318e+18 26.6714 3.28661e+16
2.8289e+18 26.6668 3.02591e+16
2.826e+18 26.6621 3.98135e+16
2.8231e+18 26.6575 3.98545e+15
2.8202e+18 26.6529 1.37532e+17
2.8173e+18 26.6482 -3.61031e+17
2.8144e+18 26.6436 1.49947e+18
2.8115e+18 26.639 -5.44418e+18
2.8086e+18 27.8713 -5.31912e+18
2.8057e+18 27.839 1.70162e+18
2.8028e+18 27.8098 -2.05223e+17
2.7999e+18 27.7831 2.85523e+17
2.797e+18 27.7583 1.37587e+17
2.7941e+18 27.7352 1.63497e+17
2.7912e+18 27.7134 1.44862e+17
2.7883e+18 27.6928 1.39739e+17
2.7854e+18 27.6733 1.32246e+17
2.7825e+18 27.6547 1.26399e+17
2.7796e+18 27.6369 1.20942e+17
2.7767e+18 27.6198 1.16075e+17
2.7738e+18 27.6035 1.11637e+17
2.7709e+18 27.5877 1.07585e+17
2.768e+18 27.5725 1.03862e+17
2.7651e+18 27.5578 1.00427e+17
2.7622e+18 27.5436 9.72438e+16
2.7593e+18 27.5298 9.42836e+16
2.7564e+18 27.5164 9.15217e+16
2.7535e+18 27.5035 8.89368e+16
2.7506e+18 27.4908 8.65111e+16
2.7477e+18 27.4785 8.42289e+16
2.7448e+18 27.4666 8.2077e+16
2.7419e+18 27.4549 8.00428e+16
2.739e+18 27.4435 7.8119e+16
2.7361e+18 27.4324 7.62852e+16
2.7332e+18 27.4216 7.45758e+16
2.7303e+18 27.411 7.28253e+16
2.7274e+18 27.4006 7.06486e+16
2.7245e+18 27.3906 6.86907e+16
2.7216e+18 27.3809 6.71809e+16
2.7187e+18 27.3713 6.56826e+16
2.7158e+18 27.3619 6.42931e+16
2.7129e+18 27.3528 6.29716e+16
2.71e+18 27.3438 6.1718e+16
2.7071e+18 27.335 6.05236e+16
2.7042e+18 27.3264 5.93837e+16
2.7013e+18 27.3179 5.82936e+16
2.6984e+18 27.3096 5.72494e+16
2.6955e+18 27.3015 5.62481e+16
2.6926e+18 27.2934 5.52849e+16
2.6897e+18 27.2855 5.43647e+16
2.6868e+18 27.2778 5.34566e+16
2.6839e+18 27.2702 5.26649e+16
2.681e+18 27.2626 5.15912e+16
2.6781e+18 27.2553 5.17131e+16
2.6752e+18 27.248 4.75081e+16
2.6723e+18 27.2408 5.95793e+16
2.6694e+18 27.2337 1.10277e+16
2.6665e+18 27.2268 1.88838e+17
2.6636e+18 27.2199 -4.78037e+17
2.6607e+18 27.2131 2.0076e+18
2.6578e+18 27.2064 -7.27144e+18
2.6549e+18 28.8567 -7.18846e+18
2.652e+18 28.8313 2.14841e+18
2.6491e+18 28.8065 -3.58583e+17
2.6462e+18 28.7823 3.08231e+17
2.6433e+18 28.7586 1.24862e+17
2.6404e+18 28.7354 1.69519e+17
2.6375e+18 28.7127 1.53283e+17
2.6346e+18 28.6905 1.53556e+17
2.6317e+18 28.6687 1.4959e+17
2.6288e+18 28.6474 1.46936e+17
2.6259e+18 28.6264 1.44099e+17
2.623e+18 28.6059 1.41477e+17
2.6201e+18 28.5857 1.38961e+17
2.6172e+18 28.5659 1.36582e+17
2.6143e+18 28.5464 1.34339e+17
2.6114e+18 28.5272 1.32243e+17
2.6085e+18 28.5084 1.3033e+17
2.6056e+18 28.4897 1.28588e+17
2.6027e+18 28.4713 1.27306e+17
2.5998e+18 28.4531 1.25884e+17
2.5969e+18 28.4349 1.2771e+17
2.594e+18 28.4166 1.23854e+17
2.5911e+18 28.3997 1.12056e+17
2.5882e+18 28.384 1.07166e+17
2.5853e+18 28.3686 1.06243e+17
2.5824e+18 28.3535 1.04314e+17
2.5795e+18 28.3386 1.02709e+17
2.5766e+18 28.324 1.01069e+17
2.5737e+18 28.3095 9.94875e+16
2.5708e+18 28.2953 9.79379e+16
2.5679e+18 28.2813 9.64256e+16
2.565e+18 28.2676 9.49472e+16
2.5621e+18 28.254 9.35019e+16
2.5592e+18 28.2407 9.20883e+16
2.5563e+18 28.2275 9.07054e+16
2.5534e+18 28.2146 8.93519e+16
2.5505e+18 28.2018 8.80268e+16
2.5476e+18 28.1892 8.67292e+16
2.5447e+18 28.1768 8.5458e+16
2.5418e+18 28.1646 8.42124e+16
2.5389e+18 28.1526 8.29914e+16
2.536e+18 28.1407 8.17944e+16
2.5331e+18 28.1291 8.06204e+16
2.5302e+18 28.1175 7.94688e+16
2.5273e+18 28.1062 7.83388e+16
2.5244e+18 28.095 7.72298e+16
2.5215e+18 28.084 7.6141e+16
2.5186e+18 28.0731 7.5072e+16
2.5157e+18 28.0623 7.40222e+16
2.5128e+18 28.0518 7.29908e+16
2.5099e+18 28.0413 7.19775e+16
2.507e+18 28.0311 7.09816e+16
2.5041e+18 28.0209 7.00028e+16
2.5012e+18 28.0109 6.90405e+16
2.4983e+18 28.001 6.80943e+16
2.4954e+18 27.9913 6.71637e+16
2.4925e+18 27.9817 6.62483e+16
2.4896e+18 27.9722 6.53478e+16
2.4867e+18 27.9629 6.44617e+16
2.4838e+18 27.9537 6.35897e+16
2.4809e+18 27.9446 6.27313e+16
2.478e+18 27.9356 6.18864e+16
2.4751e+18 27.9268 6.10545e+16
2.4722e+18 27.9181 6.02354e+16
2.4693e+18 27.9095 5.94287e+16
2.4664e+18 27.901 5.86341e+16
2.4635e+18 27.8926 5.78514e+16
2.4606e+18 27.8843 5.70803e+16
2.4577e+18 27.8762 5.63205e+16
2.4548e+18 27.8681 5.55717e+16
2.4519e+18 27.8602 5.48338e+16
2.449e+18 27.8523 5.41066e+16
2.4461e+18 27.8446 5.33896e+16
2.4432e+18 27.837 5.26829e+16
2.4403e+18 27.8294 5.19861e+16
2.4374e+18 27.822 5.1299e+16
2.4345e+18 27.8147 5.06215e+16
2.4316e+18 27.8074 4.99533e+16
2.4287e+18 27.8003 4.92943e+16
2.4258e+18 27.7932 4.86443e+16
2.4229e+18 27.7863 4.80032e+16
2.42e+18 27.7794 4.73707e+16
2.4171e+18 27.7727 4.67466e+16
2.4142e+18 27.766 4.6131e+16
2.4113e+18 27.7594 4.55235e+16
2.4084e+18 27.7529 4.49241e+16
2.4055e+18 27.7465 4.43326e+16
2.4026e+18 27.7401 4.37489e+16
2.3997e+18 27.7339 4.31728e+16
2.3968e+18 27.7277 4.26042e+16
2.3939e+18 27.7216 4.2043e+16
2.391e+18 27.7156 4.14891e+16
2.3881e+18 27.7097 4.09423e+16
2.3852e+18 27.7038 4.04026e+16
2.3823e+18 27.698 3.98698e+16
2.3794e+18 27.6923 3.93438e+16
2.3765e+18 27.6867 3.88246e+16
2.3736e+18 27.6812 3.8312e+16
2.3707e+18 27.6757 3.78059e+16
2.3678e+18 27.6703 3.73062e+16
2.3649e+18 27.665 3.68129e+16
2.362e+18 27.6597 3.63258e+16
2.3591e+18 27.6545 3.58449e+16
2.3562e+18 27.6494 3.537e+16
2.3533e+18 27.6443 3.49012e+16
2.3504e+18 27.6393 3.44383e+16
2.3475e+18 27.6344 3.39812e+16
2.3446e+18 27.6295 3.35299e+16
2.3417e+18 27.6248 3.30842e+16
2.3388e+18 27.62 3.26443e+16
2.3359e+18 27.6154 3.22098e+16
2.333e+18 27.6108 3.17809e+16
2.3301e+18 27.6062 3.13573e+16
2.3272e+18 27.6017 3.09392e+16
2.3243e+18 27.5973 3.05263e+16
2.3214e+18 27.5929 3.01187e+16
2.3185e+18 27.5886 2.97162e+16
2.3156e+18 27.5844 2.93189e+16
2.3127e+18 27.5802 2.89266e+16
2.3098e+18 27.5761 2.85395e+16
2.3069e+18 27.572 2.81567e+16
2.304e+18 27.568 2.77814e+16
2.3011e+18 27.564 2.74012e+16
2.2982e+18 27.5601 2.70621e+16
2.2953e+18 27.5562 2.65928e+16
2.2924e+18 27.5524 2.66316e+16
2.2895e+18 27.5486 2.47962e+16
2.2866e+18 27.5449 2.99779e+16
2.2837e+18 27.5413 8.99329e+15
2.2808e+18 27.5377 8.56842e+16
2.2779e+18 27.5341 -2.02133e+17
2.275e+18 27.5306 8.70434e+17
2.2721e+18 27.5271 -3.134e+18
2.2692e+18 28.2325 -2.96892e+18
2.2663e+18 28.1929 1.12785e+18
2.2634e+18 28.1594 -1.72661e+16
2.2605e+18 28.1299 2.56463e+17
2.2576e+18 28.1034 1.58241e+17
2.2547e+18 28.0793 1.64943e+17
2.2518e+18 28.0571 1.47139e+17
2.2489e+18 28.0365 1.38504e+17
2.246e+18 28.0173 1.29366e+17
2.2431e+18 27.9992 1.21871e+17
2.2402e+18 27.9822 1.15133e+17
2.2373e+18 27.966 1.09159e+17
2.2344e+18 27.9507 1.03775e+17
2.2315e+18 27.9361 9.88967e+16
2.2286e+18 27.9222 9.44437e+16
2.2257e+18 27.9089 9.03556e+16
2.2228e+18 27.8962 8.65829e+16
2.2199e+18 27.884 8.30852e+16
2.217e+18 27.8723 7.98288e+16
2.2141e+18 27.861 7.67858e+16
2.2112e+18 27.8502 7.39326e+16
2.2083e+18 27.8397 7.12492e+16
2.2054e+18 27.8297 6.87184e+16
2.2025e+18 27.82 6.63254e+16
2.1996e+18 27.8106 6.40574e+16
2.1967e+18 27.8015 6.19031e+16
2.1938e+18 27.7928 5.98529e+16
2.1909e+18 27.7843 5.7898e+16
2.188e+18 27.7761 5.60308e+16
2.1851e+18 27.7682 5.42446e+16
2.1822e+18 27.7605 5.25332e+16
2.1793e+18 27.753 5.08913e+16
2.1764e+18 27.7458 4.93141e+16
2.1735e+18 27.7388 4.7797e+16
2.1706e+18 27.7321 4.63362e+16
2.1677e+18 27.7255 4.4928e+16
2.1648e+18 27.7191 4.35692e+16
2.1619e+18 27.713 4.22568e+16
2.159e+18 27.707 4.09882e+16
2.1561e+18 27.7012 3.97607e+16
2.1532e+18 27.6955 3.85721e+16
2.1503e+18 27.6901 3.74204e+16
2.1474e+18 27.6848 3.63035e+16
2.1445e+18 27.6796 3.52198e+16
2.1416e+18 27.6746 3.41674e+16
2.1387e+18 27.6698 3.3145e+16
2.1358e+18 27.6651 3.21511e+16
2.1329e+18 27.6605 3.11843e+16
2.13e+18 27.6561 3.02434e+16
2.1271e+18 27.6518 2.93274e+16
2.1242e+18 27.6477 2.8435e+16
2.1213e+18 27.6436 2.75654e+16
2.1184e+18 27.6397 2.67176e+16
2.1155e+18 27.6359 2.58907e+16
2.1126e+18 27.6323 2.50838e+16
2.1097e+18 27.6287 2.42963e+16
2.1068e+18 27.6253 2.35273e+16
2.1039e+18 27.622 2.27763e+16
2.101e+18 27.6187 2.20425e+16
2.0981e+18 27.6156 2.13253e+16
2.0952e+18 27.6126 2.06243e+16
2.0923e+18 27.6097 1.99387e+16
2.0894e+18 27.6069 1.92682e+16
2.0865e+18 27.6041 1.86123e+16
2.0836e+18 27.6015 1.79704e+16
2.0807e+18 27.599 1.73422e+16
2.0778e+18 27.5965 1.67272e+16
2.0749e+18 27.5941 1.6125e+16
2.072e+18 27.5919 1.55354e+16
2.0691e+18 27.5897 1.49578e+16
2.0662e+18 27.5876 1.4392e+16
2.0633e+18 27.5855 1.38377e+16
2.0604e+18 27.5836 1.32946e+16
2.0575e+18 27.5817 1.27623e+16
2.0546e+18 27.5799 1.22407e+16
2.0517e+18 27.5782 1.17293e+16
2.0488e+18 27.5765 1.12281e+16
2.0459e+18 27.5749 1.07367e+16
2.043e+18 27.5734 1.02549e+16
2.0401e+18 27.572 9.78254e+15
2.0372e+18 27.5706 9.31935e+15
2.0343e+18 27.5693 8.86515e+15
2.0314e+18 27.5681 8.41975e+15
2.0285e+18 27.5669 7.98296e+15
2.0256e+18 27.5658 7.55463e+15
2.0227e+18 27.5647 7.13456e+15
2.0198e+18 27.5637 6.72262e+15
2.0169e+18 27.5628 6.31864e+15
2.014e+18 27.5619 5.92247e+15
2.0111e+18 27.5611 5.53398e+15
2.0082e+18 27.5603 5.15303e+15
2.0053e+18 27.5596 4.77949e+15
2.0024e+18 27.5589 4.41324e+15
1.9995e+18 27.5583 4.05415e+15
1.9966e+18 27.5578 3.70212e+15
1.9937e+18 27.5573 3.35703e+15
1.9908e+18 27.5568 3.01879e+15
1.9879e+18 27.5564 2.68723e+15
1.985e+18 27.556 2.36251e+15
1.9821e+18 27.5557 2.04361e+15
1.9792e+18 27.5554 1.7339e+15
1.9763e+18 27.5552 1.4203e+15
1.9734e+18 27.555 1.15131e+15
1.9705e+18 27.5549 7.4551e+14
1.9676e+18 27.5548 8.79605e+14
1.9647e+18 27.5547 -9.72292e+14
1.9618e+18 27.5547 4.61623e+15
1.9589e+18 27.5547 -1.7535e+16
1.956e+18 27.5548 6.38679e+16
1.9531e+18 27.5549 -2.41171e+17
1.9502e+18 27.555 8.96037e+17
1.9473e+18 27.5552 -3.34927e+18
1.9444e+18 28.3109 -3.25815e+18
1.9415e+18 28.2906 1.04887e+18
1.9386e+18 28.2714 -1.1441e+17
1.9357e+18 28.2532 1.88924e+17
1.9328e+18 28.2359 1.00005e+17
1.9299e+18 28.2193 1.16812e+17
1.927e+18 28.2036 1.0583e+17
1.9241e+18 28.1885 1.02761e+17
1.9212e+18 28.1741 9.80069e+16
1.9183e+18 28.1603 9.39957e+16
1.9154e+18 28.147 9.04e+16
1.9125e+18 28.1343 8.59179e+16
1.9096e+18 28.1221 8.59271e+16
1.9067e+18 28.1103 7.00845e+16
1.9038e+18 28.099 1.14268e+17
1.9009e+18 28.0882 -6.47913e+16
1.898e+18 28.0777 5.90014e+17
1.8951e+18 28.0676 -1.86655e+18
1.8922e+18 28.4872 -1.66112e+18
1.8893e+18 28.4329 8.95594e+17
1.8864e+18 28.3886 1.3288e+17
1.8835e+18 28.3506 2.88084e+17
1.8806e+18 28.3169 2.11373e+17
1.8777e+18 28.2864 2.05007e+17
1.8748e+18 28.2585 1.85099e+17
1.8719e+18 28.2328 1.725e+17
1.869e+18 28.2088 1.60624e+17
1.8661e+18 28.1865 1.50584e+17
1.8632e+18 28.1654 1.41637e+17
1.8603e+18 28.1456 1.33663e+17
1.8574e+18 28.1269 1.26461e+17
1.8545e+18 28.1092 1.19909e+17
1.8516e+18 28.0924 1.13904e+17
1.8487e+18 28.0764 1.08366e+17
1.8458e+18 28.0612 1.03232e+17
1.8429e+18 28.0467 9.84491e+16
1.84e+18 28.0329 9.39754e+16
1.8371e+18 28.0196 8.9775e+16
1.8342e+18 28.007 8.58179e+16
1.8313e+18 27.9949 8.20789e+16
1.8284e+18 27.9834 7.85363e+16
1.8255e+18 27.9723 7.51714e+16
1.8226e+18 27.9617 7.19681e+16
1.8197e+18 27.9516 6.89124e+16
1.8168e+18 27.9419 6.5992e+16
1.8139e+18 27.9326 6.31959e+16
1.811e+18 27.9237 6.05145e+16
1.8081e+18 27.9152 5.79394e+16
1.8052e+18 27.907 5.54629e+16
1.8023e+18 27.8992 5.30781e+16
1.7994e+18 27.8917 5.0779e+16
1.7965e+18 27.8846 4.85599e+16
1.7936e+18 27.8778 4.64159e+16
1.7907e+18 27.8712 4.43424e+16
1.7878e+18 27.865 4.23352e+16
1.7849e+18 27.859 4.03906e+16
1.782e+18 27.8534 3.85051e+16
1.7791e+18 27.848 3.66756e+16
1.7762e+18 27.8428 3.48991e+16
1.7733e+18 27.8379 3.31729e+16
1.7704e+18 27.8333 3.14946e+16
1.7675e+18 27.8289 2.98619e+16
1.7646e+18 27.8247 2.82726e+16
1.7617e+18 27.8207 2.67249e+16
1.7588e+18 27.817 2.52168e+16
1.7559e+18 27.8135 2.37466e+16
1.753e+18 27.8101 2.23129e+16
1.7501e+18 27.807 2.0914e+16
1.7472e+18 27.8041 1.95487e+16
1.7443e+18 27.8014 1.82156e+16
1.7414e+18 27.7989 1.69136e+16
1.7385e+18 27.7965 1.56414e+16
1.7356e+18 27.7944 1.43981e+16
1.7327e+18 27.7924 1.31826e+16
1.7298e+18 27.7906 1.1994e+16
1.7269e+18 27.7889 1.08314e+16
1.724e+18 27.7875 9.69396e+15
1.7211e+18 27.7861 8.58093e+15
1.7182e+18 27.785 7.49154e+15
1.7153e+18 27.784 6.42509e+15
1.7124e+18 27.7831 5.38093e+15
1.7095e+18 27.7824 4.35842e+15
1.7066e+18 27.7819 3.35698e+15
1.7037e+18 27.7815 2.37603e+15
1.7008e+18 27.7812 1.41505e+15
1.6979e+18 27.7811 4.73526e+14
1.695e+18 27.7811 -4.49016e+14
1.6921e+18 27.7812 -1.35303e+15
1.6892e+18 27.7815 -2.23896e+15
1.6863e+18 27.7818 -3.1072e+15
1.6834e+18 27.7823 -3.95816e+15
1.6805e+18 27.783 -4.79221e+15
1.6776e+18 27.7837 -5.60969e+15
1.6747e+18 27.7846 -6.41095e+15
1.6718e+18 27.7856 -7.19634e+15
1.6689e+18 27.7867 -7.96605e+15
1.666e+18 27.7879 -8.72076e+15
1.6631e+18 27.7892 -9.45933e+15
1.6602e+18 27.7906 -1.01874e+16
1.6573e+18 27.7921 -1.08852e+16
1.6544e+18 27.7937 -1.16274e+16
1.6515e+18 27.7954 -1.21366e+16
1.6486e+18 27.7972 -1.34495e+16
1.6457e+18 27.7992 -1.16976e+16
1.6428e+18 27.8012 -2.13197e+16
1.6399e+18 27.8033 1.15696e+16
1.637e+18 27.8054 -1.14134e+17
1.6341e+18 27.8077 3.521e+17
1.6312e+18 27.8101 -1.39074e+18
1.6283e+18 28.1146 -1.18724e+18
1.6254e+18 28.0734 6.50115e+17
1.6225e+18 28.0432 7.50686e+16
1.6196e+18 28.0191 1.82013e+17
1.6167e+18 27.9989 1.21592e+17
1.6138e+18 27.9815 1.14379e+17
1.6109e+18 27.9664 9.80699e+16
1.608e+18 27.953 8.76535e+16
1.6051e+18 27.9411 7.81088e+16
1.6022e+18 27.9304 7.01447e+16
1.5993e+18 27.9209 6.31459e+16
1.5964e+18 27.9122 5.69806e+16
1.5935e+18 27.9044 5.14698e+16
1.5906e+18 27.8974 4.65025e+16
1.5877e+18 27.891 4.19875e+16
1.5848e+18 27.8853 3.78555e+16
1.5819e+18 27.8801 3.40511e+16
1.579e+18 27.8755 3.05298e+16
1.5761e+18 27.8713 2.72548e+16
1.5732e+18 27.8676 2.41983e+16
1.5703e+18 27.8644 2.1328e+16
1.5674e+18 27.8615 1.86505e+16
1.5645e+18 27.859 1.60457e+16
1.5616e+18 27.8568 1.38802e+16
1.5587e+18 27.855 1.07167e+16
1.5558e+18 27.8536 1.18594e+16
1.5529e+18 27.8524 -2.53921e+15
1.55e+18 27.8515 4.15478e+16
1.5471e+18 27.8509 -1.32191e+17
1.5442e+18 27.8505 5.07418e+17
1.5413e+18 27.8504 -1.88805e+18
1.5384e+18 28.2729 -1.76232e+18
1.5355e+18 28.2451 7.09353e+17
1.5326e+18 28.2203 2.12936e+16
1.5297e+18 28.1981 1.85366e+17
1.5268e+18 28.1778 1.24244e+17
1.5239e+18 28.1593 1.25824e+17
1.521e+18 28.1423 1.12436e+17
1.5181e+18 28.1267 1.04519e+17
1.5152e+18 28.1122 9.63219e+16
1.5123e+18 28.0989 8.91797e+16
1.5094e+18 28.0866 8.25765e+16
1.5065e+18 28.0751 7.65266e+16
1.5036e+18 28.0645 7.09273e+16
1.5007e+18 28.0547 6.57265e+16
1.4978e+18 28.0456 6.08728e+16
1.4949e+18 28.0372 5.63259e+16
1.492e+18 28.0294 5.20517e+16
1.4891e+18 28.0222 4.80213e+16
1.4862e+18 28.0155 4.421e+16
1.4833e+18 28.0094 4.05968e+16
1.4804e+18 28.0038 3.71635e+16
1.4775e+18 27.9987 3.38942e+16
1.4746e+18 27.9941 3.07752e+16
1.4717e+18 27.9899 2.77943e+16
1.4688e+18 27.9861 2.49408e+16
1.4659e+18 27.9827 2.22051e+16
1.463e+18 27.9797 1.95796e+16
1.4601e+18 27.977 1.70531e+16
1.4572e+18 27.9748 1.46327e+16
1.4543e+18 27.9728 1.2261e+16
1.4514e+18 27.9712 1.01235e+16
1.4485e+18 27.9699 7.50304e+15
1.4456e+18 27.969 7.05271e+15
1.4427e+18 27.9683 -1.14956e+15
1.4398e+18 27.9679 1.99068e+16
1.4369e+18 27.9678 -6.79209e+16
1.434e+18 27.9679 2.50907e+17
1.4311e+18 27.9683 -9.47645e+17
1.4282e+18 28.1727 -7.29308e+17
1.4253e+18 28.1267 5.63462e+17
1.4224e+18 28.0938 1.203e+17
1.4195e+18 28.0677 1.8625e+17
1.4166e+18 28.0459 1.33448e+17
1.4137e+18 28.0273 1.21764e+17
1.4108e+18 28.0111 1.04698e+17
1.4079e+18 27.9969 9.28045e+16
1.405e+18 27.9843 8.2153e+16
1.4021e+18 27.9732 7.31066e+16
1.3992e+18 27.9632 6.51107e+16
1.3963e+18 27.9544 5.7997e+16
1.3934e+18 27.9465 5.15831e+16
1.3905e+18 27.9395 4.57495e+16
1.3876e+18 27.9333 4.04006e+16
1.3847e+18 27.9279 3.54632e+16
1.3818e+18 27.9231 3.08791e+16
1.3789e+18 27.919 2.66014e+16
1.376e+18 27.9154 2.25922e+16
1.3731e+18 27.9125 1.88199e+16
1.3702e+18 27.91 1.52585e+16
1.3673e+18 27.9081 1.1886e+16
1.3644e+18 27.9066 8.68375e+15
1.3615e+18 27.9056 5.63579e+15
1.3586e+18 27.905 2.72843e+15
1.3557e+18 27.9048 -5.02161e+13
1.3528e+18 27.905 -2.7105e+15
1.3499e+18 27.9055 -5.26148e+15
1.347e+18 27.9065 -7.71115e+15
1.3441e+18 27.9078 -1.00666e+16
1.3412e+18 27.9094 -1.2334e+16
1.3383e+18 27.9113 -1.45191e+16
1.3354e+18 27.9135 -1.66269e+16
1.3325e+18 27.9161 -1.86618e+16
1.3296e+18 27.9189 -2.06279e+16
1.3267e+18 27.922 -2.25289e+16
1.3238e+18 27.9254 -2.43682e+16
1.3209e+18 27.929 -2.61487e+16
1.318e+18 27.9329 -2.78732e+16
1.3151e+18 27.937 -2.95443e+16
1.3122e+18 27.9414 -3.11642e+16
1.3093e+18 27.946 -3.27351e+16
1.3064e+18 27.9508 -3.42589e+16
1.3035e+18 27.9559 -3.57377e+16
1.3006e+18 27.9611 -3.71715e+16
1.2977e+18 27.9666 -3.85684e+16
1.2948e+18 27.9722 -3.99055e+16
1.2919e+18 27.978 -4.12744e+16
1.289e+18 27.9841 -4.23396e+16
1.2861e+18 27.9903 -4.43591e+16
1.2832e+18 27.9967 -4.26427e+16
1.2803e+18 28.0032 -5.47e+16
1.2774e+18 28.0099 -1.51884e+16
1.2745e+18 28.0168 -1.67974e+17
1.2716e+18 28.0238 3.9706e+17
1.2687e+18 28.031 -1.71669e+18
1.2658e+18 28.3996 -1.36403e+18
1.2629e+18 28.3311 9.17612e+17
1.26e+18 28.2808 1.69052e+17
1.2571e+18 28.2406 2.90974e+17
1.2542e+18 28.2071 2.0471e+17
1.2513e+18 28.1784 1.87918e+17
1.2484e+18 28.1535 1.61014e+17
1.2455e+18 28.1317 1.42551e+17
1.2426e+18 28.1124 1.25917e+17
1.2397e+18 28.0953 1.11839e+17
1.2368e+18 28.0801 9.94219e+16
1.2339e+18 28.0666 8.84123e+16
1.231e+18 28.0546 7.85216e+16
1.2281e+18 28.044 6.95613e+16
1.2252e+18 28.0346 6.13789e+16
1.2223e+18 28.0263 5.38574e+16
1.2194e+18 28.019 4.6903e+16
1.2165e+18 28.0128 4.04404e+16
1.2136e+18 28.0074 3.44078e+16
1.2107e+18 28.0028 2.87545e+16
1.2078e+18 27.9991 2.34379e+16
1.2049e+18 27.9961 1.84222e+16
1.202e+18 27.9938 1.36772e+16
1.1991e+18 27.9921 9.17697e+15
1.1962e+18 27.9911 4.89912e+15
1.1933e+18 27.9907 8.24347e+14
1.1904e+18 27.9909 -3.06416e+15
1.1875e+18 27.9916 -6.78115e+15
1.1846e+18 27.9928 -1.03395e+16
1.1817e+18 27.9946 -1.37509e+16
1.1788e+18 27.9968 -1.70249e+16
1.1759e+18 27.9995 -2.01724e+16
1.173e+18 28.0026 -2.31948e+16
1.1701e+18 28.0061 -2.61242e+16
1.1672e+18 28.0101 -2.88745e+16
1.1643e+18 28.0144 -3.17971e+16
1.1614e+18 28.0192 -3.3608e+16
1.1585e+18 28.0243 -3.91234e+16
1.1556e+18 28.0298 -3.03918e+16
1.1527e+18 28.0356 -7.44294e+16
1.1498e+18 28.0417 7.88532e+16
1.1469e+18 28.0482 -5.03907e+17
1.144e+18 28.1494 -3.08769e+17
1.1411e+18 28.1145 3.55896e+17
1.1382e+18 28.0917 8.88793e+16
1.1353e+18 28.075 1.12406e+17
1.1324e+18 28.0623 7.41174e+16
1.1295e+18 28.0525 6.07481e+16
1.1266e+18 28.0449 4.57384e+16
1.1237e+18 28.0391 3.44954e+16
1.1208e+18 28.0349 2.45855e+16
1.1179e+18 28.032 1.60469e+16
1.115e+18 28.0302 8.46492e+15
1.1121e+18 28.0295 1.66793e+15
1.1092e+18 28.0297 -4.48863e+15
1.1063e+18 28.0308 -1.0152e+16
1.1034e+18 28.0326 -1.52538e+16
1.1005e+18 28.0352 -2.0426e+16
1.0976e+18 28.0384 -2.36011e+16
1.0947e+18 28.0423 -3.27267e+16
1.0918e+18 28.0467 -1.83282e+16
1.0889e+18 28.0517 -9.05581e+16
1.086e+18 28.0572 1.61553e+17
1.0831e+18 28.0632 -7.95858e+17
1.0802e+18 28.2334 -6.51001e+17
1.0773e+18 28.208 3.80675e+17
1.0744e+18 28.1889 5.49349e+16
1.0715e+18 28.174 1.08053e+17
1.0686e+18 28.1623 6.79901e+16
1.0657e+18 28.153 5.80808e+16
1.0628e+18 28.1458 4.36382e+16
1.0599e+18 28.1403 3.28078e+16
1.057e+18 28.1363 2.3347e+16
1.0541e+18 28.1336 1.32914e+16
1.0512e+18 28.1321 1.08563e+16
1.0483e+18 28.1317 -1.61829e+16
1.0454e+18 28.1322 5.18898e+16
1.0425e+18 28.1336 -2.3229e+17
1.0396e+18 28.1774 -6.44875e+16
1.0367e+18 28.1432 2.90571e+17
1.0338e+18 28.1189 1.20267e+17
1.0309e+18 28.1004 1.20389e+17
1.028e+18 28.0859 8.80627e+16
1.0251e+18 28.0743 7.17943e+16
1.0222e+18 28.0652 5.58692e+16
1.0193e+18 28.0581 4.30316e+16
1.0164e+18 28.0527 3.16716e+16
1.0135e+18 28.0489 2.16604e+16
1.0106e+18 28.0464 1.26539e+16
1.0077e+18 28.0452 4.47705e+15
1.0048e+18 28.0451 -3.01812e+15
1.0019e+18 28.0461 -9.93834e+15
9.99e+17 28.048 -1.63675e+16
9.961e+17 28.0507 -2.23715e+16
9.932e+17 28.0544 -2.8003e+16
9.903e+17 28.0588 -3.33049e+16
9.874e+17 28.0639 -3.83125e+16
9.845e+17 28.0698 -4.30557e+16
9.816e+17 28.0763 -4.75569e+16
9.787e+17 28.0835 -5.18462e+16
9.758e+17 28.0912 -5.59071e+16
9.729e+17 28.0996 -5.9884e+16
9.7e+17 28.1084 -6.33083e+16
9.671e+17 28.1178 -6.79914e+16
9.642e+17 28.1277 -6.72266e+16
9.613e+17 28.1381 -8.60905e+16
9.584e+17 28.149 -3.10381e+16
9.555e+17 28.1603 -2.51221e+17
9.526e+17 28.2024 -7.86345e+16
9.497e+17 28.1799 1.56001e+17
9.468e+17 28.1667 2.00095e+17
9.439e+17 28.1586 -5.11026e+17
9.41e+17 28.2719 -3.50323e+17
9.381e+17 28.2295 4.32575e+17
9.352e+17 28.1996 1.27766e+17
9.323e+17 28.177 1.5113e+17
9.294e+17 28.1595 1.0334e+17
9.265e+17 28.1459 8.4124e+16
9.236e+17 28.1354 6.3315e+16
9.207e+17 28.1275 4.71204e+16
9.178e+17 28.1218 3.26974e+16
9.149e+17 28.118 2.02248e+16
9.12e+17 28.1159 8.58266e+15
9.091e+17 28.1154 -1.51871e+14
9.062e+17 28.1162 -1.47518e+16
9.033e+17 28.1184 -3.36709e+15
9.004e+17 28.1217 -8.55044e+16
8.975e+17 28.1261 1.84335e+17
8.946e+17 28.1315 -8.5687e+17
8.917e+17 28.3242 -8.88359e+17
8.888e+17 28.3323 2.23359e+17
8.859e+17 28.3409 -3.51791e+17
8.83e+17 28.3918 -5.5827e+16
8.801e+17 28.3545 2.91873e+17
8.772e+17 28.3349 7.33928e+16
8.743e+17 28.3228 7.55882e+16
8.714e+17 28.3151 3.89326e+16
8.685e+17 28.3106 2.22588e+16
8.656e+17 28.3086 5.72977e+15
8.627e+17 28.3088 -7.2934e+15
8.598e+17 28.3107 -1.87887e+16
8.569e+17 28.3141 -2.8873e+16
8.54e+17 28.3189 -3.79494e+16
8.511e+17 28.325 -4.61453e+16
8.482e+17 28.3322 -5.38207e+16
8.453e+17 28.3404 -6.03166e+16
8.424e+17 28.3496 -6.85777e+16
8.395e+17 28.3597 -6.79905e+16
8.366e+17 28.3707 -9.84574e+16
8.337e+17 28.3824 -1.12916e+16
8.308e+17 28.3949 -3.61586e+17
8.279e+17 28.4636 -2.34778e+17
8.25e+17 28.4489 1.75896e+17
8.221e+17 28.4407 8.46372e+15
8.192e+17 28.43 1.84526e+17
8.163e+17 28.3935 2.37358e+17
8.134e+17 28.3693 1.30517e+17
8.105e+17 28.3522 1.02934e+17
8.076e+17 28.3399 7.0011e+16
8.047e+17 28.3315 4.7394e+16
8.018e+17 28.3262 2.76593e+16
7.989e+17 28.3234 1.10491e+16
7.96e+17 28.3229 -3.54612e+15
7.931e+17 28.3243 -1.65092e+16
7.902e+17 28.3276 -2.81722e+16
7.873e+17 28.3324 -3.88578e+16
7.844e+17 28.3387 -4.83926e+16
7.815e+17 28.3463 -5.82139e+16
7.786e+17 28.3552 -6.35531e+16
7.757e+17 28.3653 -8.26712e+16
7.728e+17 28.3764 -4.77839e+16
7.699e+17 28.3886 -2.12162e+17
7.67e+17 28.4201 -1.32372e+16
7.641e+17 28.3912 2.11277e+17
7.612e+17 28.3784 3.71748e+16
7.583e+17 28.3726 2.83383e+16
7.554e+17 28.3711 8.18e+14
7.525e+17 28.3729 -3.88492e+16
7.496e+17 28.3772 2.73324e+16
7.467e+17 28.3837 -2.94915e+17
7.438e+17 28.4395 -1.45738e+17
7.409e+17 28.415 2.24327e+17
7.38e+17 28.4013 4.40487e+16
7.351e+17 28.3938 4.22864e+16
7.322e+17 28.3905 1.22293e+16
7.293e+17 28.3906 -2.42088e+16
7.264e+17 28.3933 2.61585e+16
7.235e+17 28.3984 -2.43229e+17
7.206e+17 28.4376 2.31669e+16
7.177e+17 28.3895 3.35158e+17
7.148e+17 28.3691 6.43137e+16
7.119e+17 28.3579 6.63649e+16
7.09e+17 28.3523 2.10724e+16
7.061e+17 28.3507 2.71743e+13
7.032e+17 28.3523 -2.09598e+16
7.003e+17 28.3565 -3.77261e+16
6.974e+17 28.3631 -5.26596e+16
6.945e+17 28.3716 -6.58269e+16
6.916e+17 28.3819 -7.78852e+16
6.887e+17 28.3939 -8.82963e+16
6.858e+17 28.4074 -1.00038e+17
6.829e+17 28.4223 -1.028e+17
6.8e+17 28.4384 -1.35636e+17
6.771e+17 28.4622 -1.86028e+17
6.742e+17 28.4735 1.48119e+17
6.713e+17 28.4281 3.03249e+17
6.684e+17 28.4028 1.14625e+17
6.655e+17 28.3875 8.63173e+16
6.626e+17 28.3788 4.03671e+16
6.597e+17 28.375 1.22062e+16
6.568e+17 28.3751 -1.29137e+16
6.539e+17 28.3785 -3.33438e+16
6.51e+17 28.3846 -5.22427e+16
6.481e+17 28.3932 -6.51713e+16
6.452e+17 28.404 -9.0828e+16
6.423e+17 28.4167 -6.15836e+16
6.394e+17 28.4158 9.03141e+16
6.365e+17 28.3974 1.04087e+17
6.336e+17 28.391 1.07951e+16
6.307e+17 28.391 -1.53504e+16
6.278e+17 28.3954 -4.18433e+16
6.249e+17 28.4033 -7.22589e+16
6.22e+17 28.4139 -5.36264e+16
6.191e+17 28.4269 -2.06552e+17
6.162e+17 28.4602 -8.48408e+16
6.133e+17 28.4458 1.52292e+17
6.104e+17 28.4424 -1.54395e+17
6.075e+17 28.4628 1.11788e+17
6.046e+17 28.4133 3.14859e+17
6.017e+17 28.3945 5.28675e+16
5.988e+17 28.3859 4.33691e+16
5.959e+17 28.3839 -6.20641e+15
5.93e+17 28.3866 -3.27288e+16
5.901e+17 28.3932 -5.68122e+16
5.872e+17 28.403 -8.13832e+16
5.843e+17 28.4156 -8.48248e+16
5.814e+17 28.4307 -1.56657e+17
5.785e+17 28.4537 -8.22383e+16
5.756e+17 28.4494 9.64061e+16
5.727e+17 28.4367 5.12397e+16
5.698e+17 28.4365 -3.39066e+16
5.669e+17 28.4377 6.26617e+16
5.64e+17 28.4211 1.05685e+17
5.611e+17 28.4104 8.45726e+16
5.582e+17 28.396 7.92308e+16
5.553e+17 28.3904 1.44673e+16
5.524e+17 28.3905 -2.31308e+16
5.495e+17 28.3949 -1.60676e+16
5.466e+17 28.3923 5.02254e+16
5.437e+17 28.3844 3.53046e+16
5.408e+17 28.3839 -1.64027e+16
5.379e+17 28.3876 -3.78355e+16
5.35e+17 28.3948 -5.87131e+16
5.321e+17 28.4048 -8.60007e+16
5.292e+17 28.4177 -7.49009e+16
5.263e+17 28.4224 1.95647e+16
5.234e+17 28.4093 1.70541e+17
5.205e+17 28.3805 1.72809e+17
5.176e+17 28.3649 6.42505e+16
5.147e+17 28.359 1.77963e+16
5.118e+17 28.3593 -1.91306e+16
5.089e+17 28.3645 -5.60597e+16
5.06e+17 28.3737 -5.5731e+16
5.031e+17 28.3863 -1.76464e+17
5.002e+17 28.4105 -5.95886e+15
4.973e+17 28.3905 1.13723e+17
4.944e+17 28.3926 -7.55656e+16
4.915e+17 28.3958 7.76205e+16
4.886e+17 28.376 1.10876e+17
4.857e+17 28.3707 3.11473e+15
4.828e+17 28.3733 -6.76571e+16
4.799e+17 28.3817 3.71706e+16
4.77e+17 28.3641 1.10522e+17
4.741e+17 28.3593 -1.26765e+16
4.712e+17 28.3638 -5.24989e+16
4.683e+17 28.3742 -8.68493e+16
4.654e+17 28.3892 -1.29355e+17
4.625e+17 28.408 -1.00819e+17
4.596e+17 28.4062 1.76815e+17
4.567e+17 28.3691 2.05046e+17
4.538e+17 28.3578 1.30398e+16
4.509e+17 28.3577 -2.03205e+16
4.48e+17 28.3651 -8.40301e+16
4.451e+17 28.3782 -7.0455e+16
4.422e+17 28.3924 -2.03531e+17
4.393e+17 28.4274 -1.41407e+17
4.364e+17 28.4344 -1.07037e+17
4.335e+17 28.4549 -2.95798e+15
4.306e+17 28.4362 8.21445e+16
4.277e+17 28.4382 2.27115e+16
4.248e+17 28.4223 1.16871e+17
4.219e+17 28.4147 -2.22001e+15
4.19e+17 28.4204 -6.87477e+16
4.161e+17 28.434 -1.23804e+17
4.132e+17 28.4535 -1.26455e+17
4.103e+17 28.4611 6.3829e+16
4.074e+17 28.44 1.52167e+17
4.045e+17 28.4273 3.31046e+16
4.016e+17 28.4304 -8.42616e+16
3.987e+17 28.443 -2.43958e+16
3.958e+17 28.4368 4.9183e+16
3.929e+17 28.4363 -3.25088e+16
3.9e+17 28.4492 -1.7819e+17
3.871e+17 28.4761 -8.50791e+16
3.842e+17 28.4637 2.16578e+17
3.813e+17 28.4327 1.23832e+17
3.784e+17 28.4322 -5.47006e+16
3.755e+17 28.4441 -1.41858e+17
3.726e+17 28.4645 -5.07557e+16
3.697e+17 28.459 3.31829e+16
3.668e+17 28.4582 4.90017e+16
3.639e+17 28.449 -1.90888e+16
3.61e+17 28.4588 1.32598e+16
3.581e+17 28.4442 6.59266e+16
3.552e+17 28.4497 -8.53678e+16
3.523e+17 28.4681 -2.2258e+17
3.494e+17 28.4918 9.72034e+16
3.465e+17 28.4491 2.29834e+17
3.436e+17 28.4491 -1.26994e+17
3.407e+17 28.4644 -4.0429e+16
3.378e+17 28.4639 -1.86354e+16
3.349e+17 28.4713 -2.89353e+16
3.32e+17 28.4694 1.82558e+16
3.291e+17 28.4661 6.30729e+16
3.262e+17 28.4554 2.23939e+16
3.233e+17 28.4695 -2.23124e+17
3.204e+17 28.4958 2.74592e+16
3.175e+17 28.4662 1.82886e+17
3.146e+17 28.4656 -1.29436e+17
3.117e+17 28.4817 1.02119e+16
3.088e+17 28.4721 -4.68084e+16
3.059e+17 28.4925 -4.65498e+16
3.03e+17 28.4757 1.58477e+17
3.001e+17 28.4673 -6.34468e+16
2.972e+17 28.4851 -1.00126e+17
2.943e+17 28.4883 2.66347e+16
2.914e+17 28.484 1.48087e+16
2.885e+17 28.4815 5.66902e+16
2.856e+17 28.4759 -7.2781e+16
2.827e+17 28.4917 2.11838e+16
2.798e+17 28.4685 1.42265e+17
2.769e+17 28.4672 -7.90226e+16
2.74e+17 28.4786 -3.61938e+16
2.711e+17 28.4773 1.17077e+16
2.682e+17 28.4742 8.06265e+16
2.653e+17 28.466 -9.80962e+16
2.624e+17 28.4883 1.78647e+16
2.595e+17 28.463 8.89098e+16
2.566e+17 28.4747 -8.86289e+16
2.537e+17 28.476 -4.51398e+15
2.508e+17 28.4766 6.61845e+16
2.479e+17 28.4665 -6.26114e+16
2.45e+17 28.4868 -2.79592e+16
2.421e+17 28.4685 1.33083e+17
2.392e+17 28.4711 -1.77042e+17
2.363e+17 28.4936 5.18242e+16
2.334e+17 28.4682 3.09088e+16
2.305e+17 28.4892 -8.32088e+16
2.276e+17 28.476 1.38339e+17
2.247e+17 28.4741 -1.57075e+17
2.218e+17 28.4989 1.18074e+16
2.189e+17 28.4779 3.1642e+16
2.16e+17 28.4955 -6.71283e+16
2.131e+17 28.4905 -2.49538e+16
2.102e+17 28.5046 -2.31415e+16
2.073e+17 28.4948 2.75108e+16
2.044e+17 28.5009 -9.54171e+15
2.015e+17 28.4967 -2.99361e+16
1.986e+17 28.5061 2.21408e+16
1.957e+17 28.4926 2.66515e+16
1.928e+17 28.4994 1.00522e+16
1.899e+17 28.4861 7.00867e+16
1.87e+17 28.4871 -3.34534e+16
1.841e+17 28.4871 4.1139e+16
1.812e+17 28.4824 -3.37781e+16
1.783e+17 28.493 -2.72879e+16
1.754e+17 28.488 2.55507e+16
1.725e+17 28.4925 -6.55545e+16
1.696e+17 28.5008 -2.86974e+16
1.667e+17 28.4997 2.95502e+16
1.638e+17 28.4957 1.58745e+16
1.609e+17 28.4978 -5.23526e+16
1.58e+17 28.5052 -3.33968e+15
1.551e+17 28.5029 -4.16433e+16
1.522e+17 28.5144 -2.35985e+16
1.493e+17 28.5063 6.65891e+16
1.464e+17 28.5022 1.35646e+16
1.435e+17 28.5019 -2.97862e+16
1.406e+17 28.5078 -1.13252e+16
1.377e+17 28.5033 4.57743e+16
1.348e+17 28.4989 1.38294e+16
1.319e+17 28.499 -1.06748e+16
1.29e+17 28.5021 -3.96958e+16
1.261e+17 28.5082 -2.30176e+16
1.232e+17 28.5088 -6.25817e+15
1.203e+17 28.5093 2.51841e+16
1.174e+17 28.5036 1.29786e+16
1.145e+17 28.5053 5.95616e+15
1.116e+17 28.5025 -1.33678e+16
1.087e+17 28.5106 -6.30142e+16
1.058e+17 28.5164 -2.39239e+16
1.029e+17 28.519 -1.50187e+16
