1621.18 372.292 1
1615.11 366.254 0.991
1609.03 360.251 0.982
1602.92 354.283 0.973
1596.8 348.351 0.964
1590.65 342.454 0.955
1584.49 336.594 0.946
1578.3 330.77 0.937
1572.09 324.982 0.928
1565.87 319.232 0.919
1559.62 313.52 0.91
1553.36 307.846 0.901
1547.07 302.21 0.892
1540.76 296.612 0.883
1534.44 291.055 0.874
1528.09 285.536 0.865
1521.72 280.058 0.856
1515.34 274.62 0.847
1508.93 269.224 0.838
1502.51 263.868 0.829
1496.06 258.555 0.82
1489.6 253.284 0.811
1483.11 248.055 0.802
1476.61 242.87 0.793
1470.09 237.729 0.784
1463.55 232.633 0.775
1457 227.581 0.766
1450.42 222.574 0.757
1443.83 217.614 0.748
1437.22 212.7 0.739
1430.6 207.833 0.73
1423.95 203.014 0.721
1417.3 198.244 0.712
1410.62 193.522 0.703
1403.93 188.85 0.694
1397.23 184.228 0.685
1390.51 179.656 0.676
1383.78 175.136 0.667
1377.04 170.669 0.658
1370.28 166.254 0.649
1363.51 161.892 0.64
1356.74 157.585 0.631
1349.95 153.332 0.622
1343.15 149.135 0.613
1336.35 144.995 0.604
1329.54 140.911 0.595
1322.72 136.885 0.586
1315.9 132.918 0.577
1309.07 129.01 0.568
1302.24 125.162 0.559
1295.41 121.374 0.55
1288.58 117.648 0.541
1281.75 113.983 0.532
1274.92 110.381 0.523
1268.09 106.842 0.514
1261.27 103.367 0.505
1254.46 99.9557 0.496
1247.65 96.6084 0.487
1240.84 93.325 0.478
1234.04 90.105 0.469
1227.24 86.9467 0.46
1220.44 83.8467 0.451
1213.59 80.7918 0.442
1206.66 77.7572 0.433
1199.57 74.7185 0.424
1191.89 71.4983 0.415
1184.18 68.3335 0.406
1176.43 65.2208 0.397
1168.62 62.1554 0.388
1160.73 59.1296 0.379
1152.72 56.1309 0.37
1144.53 53.1363 0.361
1135.99 50.0947 0.352
1126.36 46.7502 0.343
1114.78 42.8301 0.334
1103.41 39.0842 0.325
1092.29 35.5191 0.316
1081.45 32.1405 0.307
1070.91 28.9535 0.298
1060.72 25.9622 0.289
1050.9 23.1692 0.28
1041.49 20.5758 0.271
1032.51 18.1814 0.262
1023.98 15.9837 0.253
1015.91 13.9786 0.244
1008.32 12.16 0.235
1001.21 10.5206 0.226
994.574 9.05134 0.217
988.415 7.74235 0.208
982.72 6.58305 0.199
977.475 5.56257 0.19
972.666 4.67006 0.181
968.276 3.89495 0.172
964.291 3.22719 0.163
960.697 2.65729 0.154
957.482 2.17641 0.145
954.636 1.77626 0.136
952.15 1.44898 0.127
950.013 1.187 0.118
948.216 0.982818 0.109
