1629.01 436.295 1
1623.02 430.339 0.991
1617.02 424.418 0.982
1611 418.53 0.973
1604.95 412.676 0.964
1598.89 406.856 0.955
1592.8 401.07 0.946
1586.69 395.318 0.937
1580.56 389.601 0.928
1574.41 383.918 0.919
1568.23 378.27 0.91
1562.03 372.657 0.901
1555.81 367.077 0.892
1549.56 361.532 0.883
1543.29 356.021 0.874
1536.99 350.542 0.865
1530.66 345.095 0.856
1524.29 339.674 0.847
1517.87 334.268 0.838
1511.43 328.896 0.829
1504.96 323.565 0.82
1498.47 318.274 0.811
1491.96 313.024 0.802
1485.43 307.814 0.793
1478.88 302.646 0.784
1472.3 297.518 0.775
1465.7 292.432 0.766
1459.07 287.386 0.757
1452.42 282.38 0.748
1445.74 277.415 0.739
1439.03 272.488 0.73
1432.29 267.599 0.721
1425.52 262.743 0.712
1418.69 257.916 0.703
1411.8 253.099 0.694
1404.67 248.185 0.685
1397.47 243.283 0.676
1390.23 238.427 0.667
1382.98 233.618 0.658
1375.69 228.856 0.649
1368.37 224.142 0.64
1361.03 219.477 0.631
1353.66 214.86 0.622
1346.27 210.292 0.613
1338.84 205.775 0.604
1331.39 201.307 0.595
1323.91 196.89 0.586
1316.4 192.523 0.577
1308.86 188.208 0.568
1301.3 183.945 0.559
1293.7 179.733 0.55
1286.08 175.574 0.541
1278.42 171.467 0.532
1270.74 167.413 0.523
1263.02 163.411 0.514
1255.27 159.462 0.505
1247.48 155.565 0.496
1239.66 151.72 0.487
1231.8 147.927 0.478
1223.89 144.183 0.469
1215.94 140.489 0.46
1207.93 136.84 0.451
1199.85 133.236 0.442
1191.7 129.67 0.433
1183.46 126.136 0.424
1175.08 122.624 0.415
1166.54 119.116 0.406
1157.72 115.577 0.397
1148.42 111.925 0.388
1137.28 107.657 0.379
1125.08 103.089 0.37
1113 98.6732 0.361
1101.07 94.4187 0.352
1089.31 90.3335 0.343
1077.77 86.4263 0.334
1066.48 82.7055 0.325
1055.48 79.1795 0.316
1044.81 75.856 0.307
1034.52 72.7419 0.298
1024.64 69.8426 0.289
1015.22 67.1619 0.28
1006.29 64.7017 0.271
997.885 62.4613 0.262
990.026 60.4372 0.253
982.728 58.6232 0.244
975.996 57.0105 0.235
969.826 55.5879 0.226
964.203 54.342 0.217
959.106 53.2584 0.208
954.505 52.3219 0.199
950.368 51.5169 0.19
946.66 50.8288 0.181
943.346 50.2436 0.172
940.392 49.7484 0.163
937.766 49.332 0.154
935.443 48.9845 0.145
933.4 48.6973 0.136
931.622 48.4633 0.127
930.097 48.2763 0.118
928.82 48.1311 0.109
