1619.38 368.558 1
1613.29 362.494 0.991
1607.18 356.465 0.982
1601.04 350.471 0.973
1594.89 344.512 0.964
1588.72 338.589 0.955
1582.53 332.702 0.946
1576.31 326.852 0.937
1570.08 321.038 0.928
1563.82 315.262 0.919
1557.55 309.524 0.91
1551.25 303.823 0.901
1544.94 298.161 0.892
1538.6 292.539 0.883
1532.25 286.955 0.874
1525.87 281.411 0.865
1519.47 275.908 0.856
1513.06 270.445 0.847
1506.62 265.024 0.838
1500.17 259.644 0.829
1493.7 254.306 0.82
1487.2 249.011 0.811
1480.69 243.759 0.802
1474.16 238.551 0.793
1467.61 233.387 0.784
1461.04 228.268 0.775
1454.46 223.194 0.766
1447.86 218.166 0.757
1441.24 213.185 0.748
1434.6 208.251 0.739
1427.95 203.364 0.73
1421.28 198.526 0.721
1414.59 193.737 0.712
1407.89 188.997 0.703
1401.18 184.308 0.694
1394.45 179.67 0.685
1387.71 175.083 0.676
1380.96 170.549 0.667
1374.2 166.068 0.658
1367.42 161.64 0.649
1360.64 157.267 0.64
1353.84 152.95 0.631
1347.04 148.689 0.622
1340.23 144.484 0.613
1333.42 140.337 0.604
1326.6 136.249 0.595
1319.78 132.22 0.586
1312.95 128.251 0.577
1306.12 124.343 0.568
1299.3 120.497 0.559
1292.48 116.713 0.55
1285.66 112.993 0.541
1278.84 109.337 0.532
1272.03 105.746 0.523
1265.24 102.221 0.514
1258.45 98.7629 0.505
1251.67 95.3718 0.496
1244.91 92.0487 0.487
1238.17 88.7943 0.478
1231.44 85.6091 0.469
1224.73 82.4937 0.46
1218.05 79.4483 0.451
1211.38 76.4733 0.442
1204.74 73.5686 0.433
1198.13 70.7338 0.424
1191.54 67.9683 0.415
1184.96 65.2701 0.406
1178.4 62.6361 0.397
1171.84 60.0586 0.388
1165.19 57.5104 0.379
1157.64 54.6815 0.37
1149.78 51.8106 0.361
1141.75 48.9467 0.352
1133.38 46.0388 0.343
1123.83 42.8083 0.334
1112.58 39.1028 0.325
1101.57 35.5736 0.316
1090.82 32.2255 0.307
1080.37 29.0627 0.298
1070.24 26.0882 0.289
1060.45 23.3039 0.28
1051.04 20.7105 0.271
1042.02 18.307 0.262
1033.41 16.0909 0.253
1025.24 14.0584 0.244
1017.5 12.2041 0.235
1010.2 10.5215 0.226
1003.34 9.00281 0.217
996.93 7.63979 0.208
990.955 6.42358 0.199
985.412 5.34519 0.19
980.296 4.39568 0.181
975.599 3.56641 0.172
971.319 2.84915 0.163
967.453 2.23611 0.154
964.002 1.71995 0.145
960.97 1.29364 0.136
958.361 0.950206 0.127
956.178 0.682496 0.118
954.422 0.482814 0.109
