1.2 744.195 423.145 1698.02 74.7095 2035.18 172.629 0.642184 0.357816 0
1.1988 742.485 422.472 1695.59 74.875 2033.76 172.657 0.642419 0.357581 0
1.1976 740.778 421.799 1693.16 75.0408 2032.35 172.685 0.642654 0.357346 0
1.1964 739.072 421.126 1690.73 75.207 2030.93 172.712 0.642891 0.357109 0
1.1952 737.367 420.454 1688.3 75.3735 2029.51 172.739 0.643127 0.356873 0
1.194 735.664 419.781 1685.88 75.5404 2028.09 172.765 0.643365 0.356635 0
1.1928 733.963 419.108 1683.45 75.7078 2026.67 172.791 0.643603 0.356397 0
1.1916 732.263 418.436 1681.03 75.8755 2025.25 172.816 0.643841 0.356159 0
1.1904 730.564 417.763 1678.6 76.0436 2023.83 172.84 0.644081 0.355919 0
1.1892 728.867 417.091 1676.18 76.2121 2022.41 172.864 0.644321 0.355679 0
1.188 727.172 416.418 1673.77 76.381 2020.99 172.887 0.644561 0.355439 0
1.1868 725.478 415.746 1671.35 76.5504 2019.57 172.91 0.644802 0.355198 0
1.1856 723.785 415.074 1668.93 76.7201 2018.15 172.932 0.645044 0.354956 0
1.1844 722.094 414.402 1666.52 76.8903 2016.73 172.953 0.645287 0.354713 0
1.1832 720.405 413.73 1664.1 77.061 2015.3 172.973 0.64553 0.35447 0
1.182 718.716 413.058 1661.69 77.2321 2013.88 172.992 0.645774 0.354226 0
1.1808 717.03 412.386 1659.28 77.4036 2012.46 173.011 0.646019 0.353981 0
1.1796 715.344 411.714 1656.87 77.5756 2011.03 173.028 0.646264 0.353736 0
1.1784 713.66 411.043 1654.47 77.7482 2009.61 173.045 0.64651 0.35349 0
1.1772 711.977 410.371 1652.06 77.9212 2008.19 173.061 0.646757 0.353243 0
1.176 710.296 409.699 1649.65 78.0947 2006.76 173.075 0.647005 0.352995 0
1.1748 708.616 409.028 1647.25 78.2688 2005.33 173.089 0.647253 0.352747 0
1.1736 706.937 408.357 1644.85 78.4434 2003.91 173.101 0.647503 0.352497 0
1.1724 705.259 407.685 1642.45 78.6185 2002.48 173.112 0.647753 0.352247 0
1.1712 703.582 407.014 1640.05 78.7943 2001.05 173.121 0.648004 0.351996 0
1.17 701.907 406.343 1637.65 78.9707 1999.62 173.129 0.648255 0.351745 0
1.1688 700.233 405.672 1635.25 79.1478 1998.19 173.136 0.648508 0.351492 0
1.1676 698.559 405.001 1632.86 79.3255 1996.76 173.14 0.648762 0.351238 0
1.1664 696.887 404.33 1630.46 79.504 1995.33 173.142 0.649016 0.350984 0
1.1652 695.215 403.66 1628.07 79.6833 1993.89 173.143 0.649272 0.350728 0
1.164 693.544 402.989 1625.68 79.8635 1992.46 173.14 0.649529 0.350471 0
1.1628 691.873 402.318 1623.29 80.0447 1991.02 173.134 0.649787 0.350213 0
1.1616 690.203 401.648 1620.9 80.227 1989.58 173.125 0.650047 0.349953 0
1.1604 688.532 400.978 1618.5 80.4106 1988.14 173.11 0.650308 0.349692 0
1.1592 686.86 400.307 1616.11 80.5961 1986.69 173.09 0.650571 0.349429 0
1.158 685.184 399.637 1613.72 80.7845 1985.24 173.057 0.650838 0.349162 0
1.1568 683.501 398.967 1611.32 80.9781 1983.77 173.003 0.65111 0.34889 0
1.1556 681.82 398.297 1608.93 81.1721 1982.3 172.948 0.651383 0.348617 0
1.1544 680.14 397.628 1606.53 81.3664 1980.83 172.893 0.651656 0.348344 0
1.1532 678.462 396.958 1604.14 81.561 1979.36 172.839 0.65193 0.34807 0
1.152 676.786 396.289 1601.75 81.7559 1977.9 172.784 0.652204 0.347796 0
1.1508 675.112 395.619 1599.36 81.9512 1976.43 172.729 0.652479 0.347521 0
1.1496 673.44 394.95 1596.97 82.1468 1974.96 172.674 0.652755 0.347245 0
1.1484 671.769 394.281 1594.59 82.3427 1973.49 172.619 0.653031 0.346969 0
1.1472 670.101 393.612 1592.2 82.5389 1972.02 172.564 0.653307 0.346693 0
1.146 668.434 392.943 1589.82 82.7355 1970.56 172.509 0.653584 0.346416 0
1.1448 666.769 392.275 1587.44 82.9323 1969.09 172.454 0.653862 0.346138 0
1.1436 665.106 391.606 1585.06 83.1295 1967.62 172.399 0.65414 0.34586 0
1.1424 663.445 390.938 1582.69 83.327 1966.15 172.344 0.654419 0.345581 0
1.1412 661.786 390.27 1580.31 83.5249 1964.68 172.288 0.654698 0.345302 0
1.14 660.129 389.602 1577.94 83.723 1963.22 172.233 0.654978 0.345022 0
1.1388 658.473 388.934 1575.57 83.9215 1961.75 172.178 0.655259 0.344741 0
1.1376 656.819 388.266 1573.2 84.1203 1960.28 172.123 0.65554 0.34446 0
1.1364 655.168 387.598 1570.83 84.3195 1958.81 172.067 0.655821 0.344179 0
1.1352 653.518 386.931 1568.46 84.519 1957.35 172.012 0.656103 0.343897 0
1.134 651.87 386.263 1566.1 84.7188 1955.88 171.957 0.656386 0.343614 0
1.1328 650.224 385.596 1563.74 84.9189 1954.41 171.901 0.656669 0.343331 0
1.1316 648.579 384.929 1561.38 85.1194 1952.95 171.846 0.656953 0.343047 0
1.1304 646.937 384.262 1559.02 85.3202 1951.48 171.79 0.657238 0.342762 0
1.1292 645.296 383.595 1556.66 85.5213 1950.01 171.735 0.657523 0.342477 0
1.128 643.658 382.928 1554.3 85.7228 1948.55 171.679 0.657808 0.342192 0
1.1268 642.021 382.262 1551.95 85.9246 1947.08 171.624 0.658094 0.341906 0
1.1256 640.386 381.596 1549.6 86.1268 1945.61 171.568 0.658381 0.341619 0
1.1244 638.753 380.929 1547.25 86.3293 1944.15 171.512 0.658668 0.341332 0
1.1232 637.122 380.263 1544.9 86.5321 1942.68 171.457 0.658956 0.341044 0
1.122 635.492 379.597 1542.55 86.7353 1941.22 171.401 0.659244 0.340756 0
1.1208 633.865 378.931 1540.21 86.9388 1939.75 171.345 0.659533 0.340467 0
1.1196 632.239 378.266 1537.86 87.1427 1938.28 171.289 0.659823 0.340177 0
1.1184 630.616 377.6 1535.52 87.3469 1936.82 171.233 0.660113 0.339887 0
1.1172 628.994 376.935 1533.18 87.5514 1935.35 171.177 0.660404 0.339596 0
1.116 627.374 376.269 1530.84 87.7563 1933.89 171.121 0.660695 0.339305 0
1.1148 625.756 375.604 1528.51 87.9615 1932.42 171.065 0.660987 0.339013 0
1.1136 624.14 374.939 1526.17 88.1671 1930.96 171.009 0.66128 0.33872 0
1.1124 622.525 374.275 1523.84 88.3731 1929.49 170.953 0.661573 0.338427 0
1.1112 620.913 373.61 1521.51 88.5793 1928.02 170.897 0.661867 0.338133 0
1.11 619.302 372.945 1519.18 88.786 1926.56 170.841 0.662161 0.337839 0
1.1088 617.694 372.281 1516.85 88.993 1925.09 170.785 0.662456 0.337544 0
1.1076 616.087 371.617 1514.53 89.2003 1923.63 170.729 0.662751 0.337249 0
1.1064 614.482 370.953 1512.2 89.408 1922.17 170.672 0.663047 0.336953 0
1.1052 612.879 370.289 1509.88 89.6161 1920.7 170.616 0.663344 0.336656 0
1.104 611.278 369.625 1507.56 89.8245 1919.24 170.56 0.663642 0.336358 0
1.1028 609.678 368.961 1505.24 90.0332 1917.77 170.503 0.663939 0.336061 0
1.1016 608.081 368.298 1502.92 90.2424 1916.31 170.447 0.664238 0.335762 0
1.1004 606.485 367.635 1500.61 90.4519 1914.84 170.39 0.664537 0.335463 0
1.0992 604.892 366.971 1498.29 90.6617 1913.38 170.334 0.664837 0.335163 0
1.098 603.3 366.308 1495.98 90.8719 1911.91 170.277 0.665137 0.334863 0
1.0968 601.71 365.645 1493.67 91.0825 1910.45 170.221 0.665438 0.334562 0
1.0956 600.122 364.983 1491.36 91.2934 1908.99 170.164 0.66574 0.33426 0
1.0944 598.536 364.32 1489.06 91.5047 1907.52 170.108 0.666042 0.333958 0
1.0932 596.951 363.658 1486.75 91.7164 1906.06 170.051 0.666345 0.333655 0
1.092 595.369 362.995 1484.45 91.9284 1904.6 169.994 0.666649 0.333351 0
1.0908 593.788 362.333 1482.15 92.1409 1903.13 169.937 0.666953 0.333047 0
1.0896 592.21 361.671 1479.85 92.3536 1901.67 169.88 0.667257 0.332743 0
1.0884 590.633 361.01 1477.55 92.5668 1900.21 169.824 0.667563 0.332437 0
1.0872 589.058 360.348 1475.25 92.7803 1898.74 169.767 0.667869 0.332131 0
1.086 587.485 359.686 1472.96 92.9942 1897.28 169.71 0.668176 0.331824 0
1.0848 585.914 359.025 1470.67 93.2085 1895.82 169.653 0.668483 0.331517 0
1.0836 584.345 358.364 1468.38 93.4231 1894.35 169.596 0.668791 0.331209 0
1.0824 582.777 357.703 1466.09 93.6381 1892.89 169.539 0.669099 0.330901 0
1.0812 581.212 357.042 1463.8 93.8535 1891.43 169.481 0.669408 0.330592 0
1.08 579.648 356.381 1461.51 94.0693 1889.97 169.424 0.669718 0.330282 0
1.0788 578.087 355.721 1459.23 94.2855 1888.5 169.367 0.670029 0.329971 0
1.0776 576.527 355.06 1456.95 94.502 1887.04 169.31 0.67034 0.32966 0
1.0764 574.969 354.4 1454.67 94.7189 1885.58 169.253 0.670652 0.329348 0
1.0752 573.413 353.74 1452.39 94.9362 1884.12 169.195 0.670964 0.329036 0
1.074 571.859 353.08 1450.11 95.1539 1882.65 169.138 0.671277 0.328723 0
1.0728 570.306 352.42 1447.84 95.372 1881.19 169.08 0.671591 0.328409 0
1.0716 568.756 351.76 1445.56 95.5905 1879.73 169.023 0.671905 0.328095 0
1.0704 567.207 351.101 1443.29 95.8093 1878.27 168.965 0.67222 0.32778 0
1.0692 565.661 350.442 1441.02 96.0286 1876.81 168.908 0.672536 0.327464 0
1.068 564.116 349.783 1438.75 96.2482 1875.35 168.85 0.672852 0.327148 0
1.0668 562.573 349.124 1436.49 96.4683 1873.89 168.793 0.673169 0.326831 0
1.0656 561.032 348.465 1434.22 96.6887 1872.43 168.735 0.673487 0.326513 0
1.0644 559.493 347.806 1431.96 96.9095 1870.96 168.677 0.673805 0.326195 0
1.0632 557.956 347.148 1429.7 97.1307 1869.5 168.62 0.674125 0.325875 0
1.062 556.421 346.489 1427.44 97.3523 1868.04 168.562 0.674444 0.325556 0
1.0608 554.887 345.831 1425.18 97.5744 1866.58 168.504 0.674765 0.325235 0
1.0596 553.356 345.173 1422.93 97.7968 1865.12 168.446 0.675086 0.324914 0
1.0584 551.826 344.515 1420.67 98.0196 1863.66 168.388 0.675407 0.324593 0
1.0572 550.299 343.858 1418.42 98.2428 1862.2 168.33 0.67573 0.32427 0
1.056 548.773 343.2 1416.17 98.4664 1860.74 168.272 0.676053 0.323947 0
1.0548 547.249 342.543 1413.92 98.6905 1859.28 168.214 0.676377 0.323623 0
1.0536 545.727 341.886 1411.67 98.9149 1857.82 168.156 0.676701 0.323299 0
1.0524 544.207 341.229 1409.43 99.1397 1856.36 168.098 0.677026 0.322974 0
1.0512 542.689 340.572 1407.18 99.365 1854.9 168.039 0.677352 0.322648 0
1.05 541.172 339.915 1404.94 99.5906 1853.44 167.981 0.677679 0.322321 0
1.0488 539.658 339.258 1402.7 99.8167 1851.98 167.923 0.678006 0.321994 0
1.0476 538.145 338.602 1400.46 100.043 1850.52 167.865 0.678334 0.321666 0
1.0464 536.635 337.946 1398.23 100.27 1849.07 167.806 0.678662 0.321338 0
1.0452 535.126 337.29 1395.99 100.497 1847.61 167.748 0.678992 0.321008 0
1.044 533.619 336.634 1393.76 100.725 1846.15 167.689 0.679322 0.320678 0
1.0428 532.114 335.978 1391.53 100.953 1844.69 167.631 0.679652 0.320348 0
1.0416 530.611 335.323 1389.3 101.182 1843.23 167.572 0.679984 0.320016 0
1.0404 529.11 334.668 1387.07 101.411 1841.77 167.514 0.680316 0.319684 0
1.0392 527.611 334.012 1384.84 101.64 1840.31 167.455 0.680649 0.319351 0
1.038 526.113 333.357 1382.62 101.87 1838.86 167.396 0.680982 0.319018 0
1.0368 524.618 332.703 1380.4 102.1 1837.4 167.337 0.681317 0.318683 0
1.0356 523.124 332.048 1378.18 102.331 1835.94 167.279 0.681652 0.318348 0
1.0344 521.633 331.393 1375.96 102.562 1834.48 167.22 0.681987 0.318013 0
1.0332 520.143 330.739 1373.74 102.794 1833.02 167.161 0.682324 0.317676 0
1.032 518.655 330.085 1371.52 103.026 1831.57 167.102 0.682661 0.317339 0
1.0308 517.169 329.431 1369.31 103.258 1830.11 167.043 0.682999 0.317001 0
1.0296 515.685 328.777 1367.1 103.491 1828.65 166.984 0.683337 0.316663 0
1.0284 514.203 328.124 1364.89 103.724 1827.2 166.925 0.683677 0.316323 0
1.0272 512.723 327.47 1362.68 103.958 1825.74 166.866 0.684017 0.315983 0
1.026 511.244 326.817 1360.47 104.192 1824.28 166.806 0.684358 0.315642 0
1.0248 509.768 326.164 1358.26 104.427 1822.83 166.747 0.684699 0.315301 0
1.0236 508.293 325.511 1356.06 104.662 1821.37 166.688 0.685041 0.314959 0
1.0224 506.821 324.858 1353.86 104.897 1819.91 166.629 0.685384 0.314616 0
1.0212 505.35 324.206 1351.66 105.133 1818.46 166.569 0.685728 0.314272 0
1.02 503.881 323.553 1349.46 105.37 1817 166.51 0.686073 0.313927 0
1.0188 502.414 322.901 1347.26 105.606 1815.55 166.45 0.686418 0.313582 0
1.0176 500.949 322.249 1345.07 105.844 1814.09 166.391 0.686764 0.313236 0
1.0164 499.486 321.597 1342.88 106.081 1812.63 166.331 0.687111 0.312889 0
1.0152 498.025 320.945 1340.68 106.32 1811.18 166.272 0.687458 0.312542 0
1.014 496.566 320.294 1338.49 106.558 1809.72 166.212 0.687806 0.312194 0
1.0128 495.108 319.643 1336.31 106.797 1808.27 166.152 0.688155 0.311845 0
1.0116 493.653 318.992 1334.12 107.037 1806.81 166.092 0.688505 0.311495 0
1.0104 492.199 318.341 1331.94 107.277 1805.36 166.033 0.688856 0.311144 0
1.0092 490.748 317.69 1329.75 107.517 1803.91 165.973 0.689207 0.310793 0
1.008 489.298 317.039 1327.57 107.758 1802.45 165.913 0.689559 0.310441 0
1.0068 487.85 316.389 1325.39 107.999 1801 165.853 0.689912 0.310088 0
1.0056 486.404 315.739 1323.22 108.241 1799.54 165.793 0.690266 0.309734 0
1.0044 484.96 315.089 1321.04 108.484 1798.09 165.733 0.69062 0.30938 0
1.0032 483.518 314.439 1318.87 108.726 1796.63 165.673 0.690975 0.309025 0
1.002 482.078 313.789 1316.69 108.97 1795.18 165.612 0.691331 0.308669 0
1.0008 480.64 313.14 1314.52 109.213 1793.73 165.552 0.691688 0.308312 0
0.9996 479.204 312.49 1312.35 109.457 1792.27 165.492 0.692046 0.307954 0
0.9984 477.769 311.841 1310.19 109.702 1790.82 165.432 0.692404 0.307596 0
0.9972 476.337 311.192 1308.02 109.947 1789.37 165.371 0.692763 0.307237 0
0.996 474.906 310.544 1305.86 110.193 1787.92 165.311 0.693123 0.306877 0
0.9948 473.477 309.895 1303.7 110.439 1786.46 165.25 0.693484 0.306516 0
0.9936 472.051 309.247 1301.54 110.685 1785.01 165.19 0.693845 0.306155 0
0.9924 470.626 308.598 1299.38 110.932 1783.56 165.129 0.694207 0.305793 0
0.9912 469.203 307.951 1297.22 111.18 1782.11 165.069 0.69457 0.30543 0
0.99 467.782 307.303 1295.07 111.428 1780.65 165.008 0.694934 0.305066 0
0.9888 466.363 306.655 1292.91 111.676 1779.2 164.947 0.695299 0.304701 0
0.9876 464.946 306.008 1290.76 111.925 1777.75 164.886 0.695664 0.304336 0
0.9864 463.531 305.36 1288.61 112.175 1776.3 164.825 0.696031 0.303969 0
0.9852 462.117 304.713 1286.46 112.425 1774.85 164.765 0.696398 0.303602 0
0.984 460.706 304.067 1284.32 112.675 1773.4 164.704 0.696766 0.303234 0
0.9828 459.296 303.42 1282.17 112.926 1771.95 164.643 0.697135 0.302865 0
0.9816 457.889 302.774 1280.03 113.177 1770.5 164.581 0.697504 0.302496 0
0.9804 456.483 302.127 1277.89 113.429 1769.04 164.52 0.697875 0.302125 0
0.9792 455.08 301.481 1275.75 113.682 1767.59 164.459 0.698246 0.301754 0
0.978 453.678 300.835 1273.61 113.935 1766.14 164.398 0.698618 0.301382 0
0.9768 452.278 300.19 1271.48 114.188 1764.69 164.337 0.698991 0.301009 0
0.9756 450.88 299.544 1269.34 114.442 1763.24 164.275 0.699365 0.300635 0
0.9744 449.484 298.899 1267.21 114.696 1761.79 164.214 0.699739 0.300261 0
0.9732 448.09 298.254 1265.08 114.951 1760.34 164.152 0.700115 0.299885 0
0.972 446.698 297.609 1262.95 115.207 1758.9 164.091 0.700491 0.299509 0
0.9708 445.308 296.964 1260.82 115.463 1757.45 164.029 0.700868 0.299132 0
0.9696 443.919 296.32 1258.7 115.719 1756 163.968 0.701246 0.298754 0
0.9684 442.533 295.675 1256.57 115.976 1754.55 163.906 0.701625 0.298375 0
0.9672 441.149 295.031 1254.45 116.234 1753.1 163.844 0.702004 0.297996 0
0.966 439.766 294.387 1252.33 116.492 1751.65 163.783 0.702385 0.297615 0
0.9648 438.385 293.744 1250.21 116.75 1750.2 163.721 0.702766 0.297234 0
0.9636 437.007 293.1 1248.09 117.009 1748.76 163.659 0.703149 0.296851 0
0.9624 435.63 292.457 1245.98 117.269 1747.31 163.597 0.703532 0.296468 0
0.9612 434.255 291.814 1243.87 117.529 1745.86 163.535 0.703916 0.296084 0
0.96 432.882 291.171 1241.75 117.79 1744.41 163.473 0.7043 0.2957 0
0.9588 431.512 290.528 1239.64 118.051 1742.97 163.411 0.704686 0.295314 0
0.9576 430.143 289.886 1237.54 118.313 1741.52 163.348 0.705073 0.294927 0
0.9564 428.776 289.243 1235.43 118.575 1740.07 163.286 0.70546 0.29454 0
0.9552 427.41 288.601 1233.32 118.838 1738.63 163.224 0.705848 0.294152 0
0.954 426.047 287.959 1231.22 119.101 1737.18 163.161 0.706238 0.293762 0
0.9528 424.686 287.318 1229.12 119.365 1735.73 163.099 0.706628 0.293372 0
0.9516 423.327 286.676 1227.02 119.629 1734.29 163.037 0.707019 0.292981 0
0.9504 421.969 286.035 1224.92 119.894 1732.84 162.974 0.707411 0.292589 0
0.9492 420.614 285.394 1222.83 120.16 1731.39 162.911 0.707803 0.292197 0
0.948 419.26 284.753 1220.73 120.426 1729.95 162.849 0.708197 0.291803 0
0.9468 417.909 284.112 1218.64 120.692 1728.5 162.786 0.708592 0.291408 0
0.9456 416.559 283.472 1216.55 120.959 1727.06 162.723 0.708987 0.291013 0
0.9444 415.212 282.832 1214.46 121.227 1725.61 162.66 0.709383 0.290617 0
0.9432 413.866 282.192 1212.37 121.495 1724.17 162.597 0.709781 0.290219 0
0.942 412.522 281.552 1210.29 121.764 1722.73 162.535 0.710179 0.289821 0
0.9408 411.18 280.912 1208.2 122.033 1721.28 162.472 0.710578 0.289422 0
0.9396 409.84 280.273 1206.12 122.303 1719.84 162.408 0.710978 0.289022 0
0.9384 408.502 279.634 1204.04 122.573 1718.39 162.345 0.711379 0.288621 0
0.9372 407.166 278.995 1201.96 122.845 1716.95 162.282 0.711781 0.288219 0
0.936 405.832 278.356 1199.88 123.116 1715.51 162.219 0.712184 0.287816 0
0.9348 404.5 277.717 1197.81 123.388 1714.06 162.155 0.712587 0.287413 0
0.9336 403.17 277.079 1195.73 123.661 1712.62 162.092 0.712992 0.287008 0
0.9324 401.842 276.441 1193.66 123.934 1711.18 162.029 0.713398 0.286602 0
0.9312 400.516 275.803 1191.59 124.208 1709.74 161.965 0.713804 0.286196 0
0.93 399.191 275.165 1189.52 124.483 1708.29 161.902 0.714212 0.285788 0
0.9288 397.869 274.528 1187.45 124.758 1706.85 161.838 0.71462 0.28538 0
0.9276 396.548 273.891 1185.39 125.033 1705.41 161.774 0.715029 0.284971 0
0.9264 395.23 273.253 1183.33 125.309 1703.97 161.71 0.71544 0.28456 0
0.9252 393.913 272.617 1181.26 125.586 1702.53 161.647 0.715851 0.284149 0
0.924 392.599 271.98 1179.2 125.863 1701.09 161.583 0.716263 0.283737 0
0.9228 391.286 271.344 1177.15 126.141 1699.64 161.519 0.716676 0.283324 0
0.9216 389.975 270.707 1175.09 126.42 1698.2 161.455 0.71709 0.28291 0
0.9204 388.667 270.072 1173.03 126.699 1696.76 161.391 0.717505 0.282495 0
0.9192 387.36 269.436 1170.98 126.979 1695.32 161.326 0.717921 0.282079 0
0.918 386.055 268.8 1168.93 127.259 1693.88 161.262 0.718338 0.281662 0
0.9168 384.752 268.165 1166.88 127.54 1692.44 161.198 0.718756 0.281244 0
0.9156 383.451 267.53 1164.83 127.821 1691 161.134 0.719175 0.280825 0
0.9144 382.152 266.895 1162.79 128.103 1689.56 161.069 0.719595 0.280405 0
0.9132 380.855 266.26 1160.74 128.386 1688.13 161.005 0.720016 0.279984 0
0.912 379.56 265.626 1158.7 128.669 1686.69 160.94 0.720438 0.279562 0
0.9108 378.267 264.992 1156.66 128.953 1685.25 160.875 0.720861 0.279139 0
0.9096 376.976 264.358 1154.62 129.238 1683.81 160.811 0.721285 0.278715 0
0.9084 375.687 263.724 1152.58 129.523 1682.37 160.746 0.72171 0.27829 0
0.9072 374.399 263.091 1150.54 129.809 1680.93 160.681 0.722136 0.277864 0
0.906 373.114 262.457 1148.51 130.095 1679.5 160.616 0.722563 0.277437 0
0.9048 371.831 261.824 1146.48 130.382 1678.06 160.551 0.72299 0.27701 0
0.9036 370.549 261.192 1144.45 130.67 1676.62 160.486 0.723419 0.276581 0
0.9024 369.27 260.559 1142.42 130.958 1675.19 160.421 0.723849 0.276151 0
0.9012 367.993 259.927 1140.39 131.247 1673.75 160.356 0.72428 0.27572 0
0.9 366.717 259.294 1138.36 131.537 1672.31 160.291 0.724712 0.275288 0
0.8988 365.444 258.663 1136.34 131.827 1670.88 160.226 0.725145 0.274855 0
0.8976 364.172 258.031 1134.32 132.117 1669.44 160.16 0.725579 0.274421 0
0.8964 362.903 257.399 1132.3 132.409 1668.01 160.095 0.726014 0.273986 0
0.8952 361.635 256.768 1130.28 132.701 1666.57 160.029 0.72645 0.27355 0
0.894 360.369 256.137 1128.26 132.994 1665.13 159.964 0.726887 0.273113 0
0.8928 359.106 255.506 1126.25 133.287 1663.7 159.898 0.727325 0.272675 0
0.8916 357.844 254.876 1124.23 133.581 1662.27 159.832 0.727764 0.272236 0
0.8904 356.584 254.246 1122.22 133.876 1660.83 159.767 0.728205 0.271795 0
0.8892 355.326 253.616 1120.21 134.171 1659.4 159.701 0.728646 0.271354 0
0.888 354.071 252.986 1118.2 134.467 1657.96 159.635 0.729088 0.270912 0
0.8868 352.817 252.356 1116.19 134.763 1656.53 159.569 0.729531 0.270469 0
0.8856 351.565 251.727 1114.19 135.061 1655.1 159.503 0.729976 0.270024 0
0.8844 350.315 251.098 1112.19 135.359 1653.66 159.436 0.730421 0.269579 0
0.8832 349.067 250.469 1110.18 135.657 1652.23 159.37 0.730868 0.269132 0
0.882 347.821 249.84 1108.18 135.956 1650.8 159.304 0.731315 0.268685 0
0.8808 346.577 249.212 1106.19 136.256 1649.37 159.238 0.731764 0.268236 0
0.8796 345.335 248.584 1104.19 136.557 1647.94 159.171 0.732214 0.267786 0
0.8784 344.095 247.956 1102.19 136.858 1646.5 159.105 0.732665 0.267335 0
0.8772 342.857 247.328 1100.2 137.16 1645.07 159.038 0.733116 0.266884 0
0.876 341.621 246.701 1098.21 137.463 1643.64 158.971 0.733569 0.266431 0
0.8748 340.387 246.073 1096.22 137.766 1642.21 158.905 0.734023 0.265977 0
0.8736 339.155 245.446 1094.23 138.07 1640.78 158.838 0.734479 0.265521 0
0.8724 337.925 244.82 1092.24 138.375 1639.35 158.771 0.734935 0.265065 0
0.8712 336.697 244.193 1090.26 138.68 1637.92 158.704 0.735392 0.264608 0
0.87 335.471 243.567 1088.28 138.986 1636.49 158.637 0.735851 0.264149 0
0.8688 334.246 242.941 1086.3 139.293 1635.06 158.57 0.73631 0.26369 0
0.8676 333.024 242.315 1084.32 139.6 1633.63 158.503 0.736771 0.263229 0
0.8664 331.804 241.69 1082.34 139.908 1632.2 158.435 0.737233 0.262767 0
0.8652 330.586 241.065 1080.36 140.217 1630.78 158.368 0.737695 0.262305 0
0.864 329.369 240.44 1078.39 140.527 1629.35 158.301 0.738159 0.261841 0
0.8628 328.155 239.815 1076.41 140.837 1627.92 158.233 0.738625 0.261375 0
0.8616 326.943 239.19 1074.44 141.148 1626.49 158.165 0.739091 0.260909 0
0.8604 325.733 238.566 1072.47 141.46 1625.07 158.098 0.739558 0.260442 0
0.8592 324.524 237.942 1070.51 141.772 1623.64 158.03 0.740027 0.259973 0
0.858 323.318 237.318 1068.54 142.085 1622.21 157.962 0.740496 0.259504 0
0.8568 322.114 236.695 1066.58 142.399 1620.79 157.894 0.740967 0.259033 0
0.8556 320.911 236.072 1064.61 142.713 1619.36 157.826 0.741439 0.258561 0
0.8544 319.711 235.449 1062.65 143.029 1617.93 157.758 0.741912 0.258088 0
0.8532 318.513 234.826 1060.69 143.345 1616.51 157.69 0.742386 0.257614 0
0.852 317.316 234.203 1058.74 143.661 1615.08 157.622 0.742862 0.257138 0
0.8508 316.122 233.581 1056.78 143.979 1613.66 157.554 0.743338 0.256662 0
0.8496 314.929 232.959 1054.83 144.297 1612.23 157.485 0.743816 0.256184 0
0.8484 313.739 232.337 1052.87 144.616 1610.81 157.417 0.744295 0.255705 0
0.8472 312.551 231.716 1050.92 144.936 1609.39 157.348 0.744775 0.255225 0
0.846 311.364 231.095 1048.97 145.256 1607.96 157.28 0.745256 0.254744 0
0.8448 310.18 230.474 1047.03 145.577 1606.54 157.211 0.745739 0.254261 0
0.8436 308.997 229.853 1045.08 145.899 1605.12 157.142 0.746222 0.253778 0
0.8424 307.817 229.233 1043.14 146.222 1603.69 157.073 0.746707 0.253293 0
0.8412 306.638 228.612 1041.19 146.545 1602.27 157.004 0.747193 0.252807 0
0.84 305.462 227.993 1039.25 146.869 1600.85 156.935 0.74768 0.25232 0
0.8388 304.288 227.373 1037.31 147.194 1599.43 156.866 0.748169 0.251831 0
0.8376 303.115 226.753 1035.38 147.52 1598.01 156.797 0.748658 0.251342 0
0.8364 301.945 226.134 1033.44 147.847 1596.59 156.728 0.749149 0.250851 0
0.8352 300.776 225.515 1031.51 148.174 1595.17 156.658 0.749641 0.250359 0
0.834 299.61 224.897 1029.58 148.502 1593.75 156.589 0.750134 0.249866 0
0.8328 298.446 224.278 1027.64 148.831 1592.33 156.519 0.750629 0.249371 0
0.8316 297.283 223.66 1025.72 149.16 1590.91 156.45 0.751124 0.248876 0
0.8304 296.123 223.043 1023.79 149.491 1589.49 156.38 0.751621 0.248379 0
0.8292 294.964 222.425 1021.86 149.822 1588.07 156.31 0.752119 0.247881 0
0.828 293.808 221.808 1019.94 150.154 1586.65 156.24 0.752618 0.247382 0
0.8268 292.654 221.191 1018.02 150.487 1585.23 156.17 0.753119 0.246881 0
0.8256 291.501 220.574 1016.1 150.82 1583.82 156.1 0.753621 0.246379 0
0.8244 290.351 219.957 1014.18 151.154 1582.4 156.03 0.754124 0.245876 0
0.8232 289.202 219.341 1012.26 151.49 1580.98 155.96 0.754628 0.245372 0
0.822 288.056 218.725 1010.35 151.826 1579.57 155.889 0.755134 0.244866 0
0.8208 286.912 218.109 1008.43 152.162 1578.15 155.819 0.75564 0.24436 0
0.8196 285.769 217.494 1006.52 152.5 1576.73 155.748 0.756148 0.243852 0
0.8184 284.629 216.879 1004.61 152.838 1575.32 155.678 0.756658 0.243342 0
0.8172 283.491 216.264 1002.7 153.177 1573.9 155.607 0.757168 0.242832 0
0.816 282.355 215.649 1000.8 153.517 1572.49 155.536 0.75768 0.24232 0
0.8148 281.22 215.035 998.89 153.858 1571.07 155.465 0.758193 0.241807 0
0.8136 280.088 214.421 996.987 154.2 1569.66 155.394 0.758708 0.241292 0
0.8124 278.958 213.807 995.085 154.543 1568.25 155.323 0.759223 0.240777 0
0.8112 277.83 213.194 993.185 154.886 1566.83 155.252 0.75974 0.24026 0
0.81 276.703 212.581 991.286 155.23 1565.42 155.181 0.760259 0.239741 0
0.8088 275.579 211.968 989.389 155.575 1564.01 155.109 0.760778 0.239222 0
0.8076 274.457 211.355 987.494 155.921 1562.59 155.038 0.761299 0.238701 0
0.8064 273.337 210.742 985.601 156.268 1561.18 154.966 0.761821 0.238179 0
0.8052 272.219 210.13 983.709 156.615 1559.77 154.895 0.762345 0.237655 0
0.804 271.103 209.519 981.819 156.964 1558.36 154.823 0.76287 0.23713 0
0.8028 269.989 208.907 979.93 157.313 1556.95 154.751 0.763396 0.236604 0
0.8016 268.877 208.296 978.044 157.663 1555.54 154.679 0.763923 0.236077 0
0.8004 267.767 207.685 976.159 158.014 1554.13 154.607 0.764452 0.235548 0
0.7992 266.659 207.074 974.275 158.366 1552.72 154.535 0.764982 0.235018 0
0.798 265.553 206.463 972.394 158.719 1551.31 154.463 0.765514 0.234486 0
0.7968 264.449 205.853 970.514 159.072 1549.9 154.391 0.766047 0.233953 0
0.7956 263.347 205.243 968.635 159.427 1548.49 154.318 0.766581 0.233419 0
0.7944 262.247 204.634 966.759 159.782 1547.09 154.246 0.767116 0.232884 0
0.7932 261.149 204.025 964.883 160.138 1545.68 154.173 0.767653 0.232347 0
0.792 260.053 203.416 963.01 160.496 1544.27 154.1 0.768191 0.231809 0
0.7908 258.96 202.807 961.138 160.854 1542.87 154.028 0.768731 0.231269 0
0.7896 257.868 202.198 959.268 161.213 1541.46 153.955 0.769272 0.230728 0
0.7884 256.778 201.59 957.4 161.572 1540.05 153.882 0.769814 0.230186 0
0.7872 255.691 200.982 955.533 161.933 1538.65 153.808 0.770358 0.229642 0
0.786 254.605 200.375 953.668 162.295 1537.24 153.735 0.770903 0.229097 0
0.7848 253.521 199.768 951.805 162.657 1535.84 153.662 0.771449 0.228551 0
0.7836 252.44 199.161 949.943 163.021 1534.43 153.589 0.771997 0.228003 0
0.7824 251.36 198.554 948.083 163.385 1533.03 153.515 0.772546 0.227454 0
0.7812 250.283 197.947 946.225 163.751 1531.63 153.441 0.773097 0.226903 0
0.78 249.207 197.341 944.368 164.117 1530.23 153.368 0.773649 0.226351 0
0.7788 248.134 196.735 942.513 164.484 1528.82 153.294 0.774202 0.225798 0
0.7776 247.063 196.13 940.66 164.852 1527.42 153.22 0.774757 0.225243 0
0.7764 245.993 195.525 938.808 165.221 1526.02 153.146 0.775314 0.224686 0
0.7752 244.926 194.92 936.958 165.591 1524.62 153.072 0.775871 0.224129 0
0.774 243.861 194.315 935.11 165.962 1523.22 152.997 0.77643 0.22357 0
0.7728 242.798 193.711 933.263 166.334 1521.82 152.923 0.776991 0.223009 0
0.7716 241.736 193.107 931.418 166.707 1520.42 152.848 0.777553 0.222447 0
0.7704 240.677 192.503 929.575 167.081 1519.02 152.774 0.778116 0.221884 0
0.7692 239.62 191.899 927.733 167.455 1517.62 152.699 0.778681 0.221319 0
0.768 238.565 191.296 925.893 167.831 1516.22 152.624 0.779247 0.220753 0
0.7668 237.512 190.693 924.055 168.208 1514.82 152.549 0.779815 0.220185 0
0.7656 236.462 190.091 922.218 168.585 1513.43 152.474 0.780384 0.219616 0
0.7644 235.413 189.489 920.383 168.964 1512.03 152.399 0.780955 0.219045 0
0.7632 234.366 188.887 918.55 169.344 1510.63 152.324 0.781527 0.218473 0
0.762 233.321 188.285 916.718 169.724 1509.24 152.249 0.782101 0.217899 0
0.7608 232.279 187.684 914.888 170.106 1507.84 152.173 0.782676 0.217324 0
0.7596 231.238 187.083 913.059 170.488 1506.45 152.098 0.783253 0.216747 0
0.7584 230.199 186.482 911.233 170.872 1505.05 152.022 0.783831 0.216169 0
0.7572 229.163 185.881 909.407 171.256 1503.66 151.946 0.78441 0.21559 0
0.756 228.128 185.281 907.584 171.642 1502.27 151.87 0.784991 0.215009 0
0.7548 227.096 184.681 905.762 172.029 1500.87 151.794 0.785574 0.214426 0
0.7536 226.066 184.082 903.942 172.416 1499.48 151.718 0.786158 0.213842 0
0.7524 225.037 183.483 902.123 172.805 1498.09 151.642 0.786743 0.213257 0
0.7512 224.011 182.884 900.306 173.194 1496.7 151.565 0.78733 0.21267 0
0.75 222.987 182.285 898.491 173.585 1495.3 151.489 0.787919 0.212081 0
0.7488 221.965 181.687 896.678 173.977 1493.91 151.412 0.788509 0.211491 0
0.7476 220.945 181.089 894.866 174.369 1492.52 151.335 0.789101 0.210899 0
0.7464 219.927 180.491 893.055 174.763 1491.13 151.258 0.789694 0.210306 0
0.7452 218.911 179.894 891.247 175.158 1489.75 151.181 0.790288 0.209712 0
0.744 217.897 179.297 889.44 175.554 1488.36 151.104 0.790885 0.209115 0
0.7428 216.886 178.7 887.634 175.951 1486.97 151.027 0.791482 0.208518 0
0.7416 215.876 178.104 885.831 176.349 1485.58 150.95 0.792082 0.207918 0
0.7404 214.868 177.508 884.029 176.748 1484.19 150.872 0.792683 0.207317 0
0.7392 213.863 176.912 882.228 177.148 1482.81 150.795 0.793285 0.206715 0
0.738 212.859 176.317 880.429 177.549 1481.42 150.717 0.793889 0.206111 0
0.7368 211.858 175.721 878.632 177.951 1480.04 150.639 0.794495 0.205505 0
0.7356 210.859 175.127 876.837 178.354 1478.65 150.561 0.795102 0.204898 0
0.7344 209.862 174.532 875.043 178.759 1477.27 150.483 0.795711 0.204289 0
0.7332 208.866 173.938 873.251 179.164 1475.88 150.405 0.796321 0.203679 0
0.732 207.873 173.344 871.46 179.57 1474.5 150.326 0.796933 0.203067 0
0.7308 206.882 172.751 869.671 179.978 1473.12 150.248 0.797546 0.202454 0
0.7296 205.893 172.157 867.884 180.387 1471.73 150.169 0.798161 0.201839 0
0.7284 204.907 171.564 866.098 180.797 1470.35 150.091 0.798778 0.201222 0
0.7272 203.922 170.972 864.314 181.208 1468.97 150.012 0.799397 0.200603 0
0.726 202.939 170.38 862.532 181.62 1467.59 149.933 0.800016 0.199984 0
0.7248 201.959 169.788 860.751 182.033 1466.21 149.854 0.800638 0.199362 0
0.7236 200.98 169.196 858.972 182.447 1464.83 149.774 0.801261 0.198739 0
0.7224 200.004 168.605 857.194 182.863 1463.45 149.695 0.801886 0.198114 0
0.7212 199.029 168.014 855.418 183.279 1462.07 149.616 0.802513 0.197487 0
0.72 198.057 167.423 853.644 183.697 1460.7 149.536 0.803141 0.196859 0
0.7188 197.087 166.833 851.871 184.116 1459.32 149.456 0.80377 0.19623 0
0.7176 196.119 166.243 850.101 184.536 1457.94 149.376 0.804402 0.195598 0
0.7164 195.153 165.653 848.331 184.957 1456.57 149.296 0.805035 0.194965 0
0.7152 194.189 165.064 846.563 185.379 1455.19 149.216 0.805669 0.194331 0
0.714 193.227 164.475 844.797 185.802 1453.82 149.136 0.806306 0.193694 0
0.7128 192.268 163.887 843.033 186.227 1452.44 149.055 0.806944 0.193056 0
0.7116 191.31 163.298 841.27 186.653 1451.07 148.975 0.807584 0.192416 0
0.7104 190.355 162.71 839.509 187.08 1449.69 148.894 0.808225 0.191775 0
0.7092 189.401 162.123 837.749 187.508 1448.32 148.813 0.808868 0.191132 0
0.708 188.45 161.535 835.991 187.937 1446.95 148.732 0.809513 0.190487 0
0.7068 187.501 160.948 834.235 188.368 1445.58 148.651 0.810159 0.189841 0
0.7056 186.553 160.362 832.48 188.799 1444.21 148.57 0.810807 0.189193 0
0.7044 185.608 159.775 830.727 189.232 1442.84 148.488 0.811457 0.188543 0
0.7032 184.666 159.189 828.975 189.666 1441.47 148.407 0.812109 0.187891 0
0.702 183.725 158.604 827.225 190.102 1440.1 148.325 0.812762 0.187238 0
0.7008 182.786 158.018 825.477 190.538 1438.73 148.243 0.813417 0.186583 0
0.6996 181.849 157.433 823.731 190.976 1437.36 148.161 0.814074 0.185926 0
0.6984 180.915 156.849 821.985 191.415 1436 148.079 0.814732 0.185268 0
0.6972 179.982 156.265 820.242 191.855 1434.63 147.997 0.815393 0.184607 0
0.696 179.052 155.681 818.5 192.297 1433.26 147.914 0.816055 0.183945 0
0.6948 178.124 155.097 816.76 192.739 1431.9 147.832 0.816718 0.183282 0
0.6936 177.198 154.514 815.021 193.183 1430.54 147.749 0.817384 0.182616 0
0.6924 176.274 153.931 813.284 193.628 1429.17 147.666 0.818051 0.181949 0
0.6912 175.352 153.348 811.549 194.075 1427.81 147.583 0.81872 0.18128 0
0.69 174.432 152.766 809.815 194.522 1426.45 147.5 0.819391 0.180609 0
0.6888 173.515 152.184 808.083 194.971 1425.08 147.416 0.820063 0.179937 0
0.6876 172.599 151.603 806.353 195.422 1423.72 147.333 0.820737 0.179263 0
0.6864 171.686 151.022 804.624 195.873 1422.36 147.249 0.821413 0.178587 0
0.6852 170.774 150.441 802.896 196.326 1421 147.165 0.822091 0.177909 0
0.684 169.865 149.86 801.171 196.78 1419.64 147.081 0.822771 0.177229 0
0.6828 168.958 149.28 799.446 197.235 1418.28 146.997 0.823452 0.176548 0
0.6816 168.053 148.7 797.724 197.692 1416.93 146.913 0.824135 0.175865 0
0.6804 167.15 148.121 796.003 198.15 1415.57 146.829 0.82482 0.17518 0
0.6792 166.25 147.542 794.284 198.609 1414.21 146.744 0.825507 0.174493 0
0.678 165.351 146.963 792.566 199.07 1412.86 146.659 0.826196 0.173804 0
0.6768 164.455 146.385 790.85 199.532 1411.5 146.574 0.826886 0.173114 0
0.6756 163.56 145.806 789.135 199.995 1410.15 146.489 0.827579 0.172421 0
0.6744 162.668 145.229 787.422 200.46 1408.79 146.404 0.828273 0.171727 0
0.6732 161.778 144.651 785.711 200.926 1407.44 146.319 0.828969 0.171031 0
0.672 160.89 144.074 784.001 201.393 1406.09 146.233 0.829666 0.170334 0
0.6708 160.004 143.498 782.293 201.862 1404.74 146.148 0.830366 0.169634 0
0.6696 159.121 142.922 780.587 202.332 1403.39 146.062 0.831068 0.168932 0
0.6684 158.239 142.346 778.882 202.803 1402.04 145.976 0.831771 0.168229 0
0.6672 157.36 141.77 777.178 203.276 1400.69 145.889 0.832476 0.167524 0
0.666 156.482 141.195 775.477 203.75 1399.34 145.803 0.833183 0.166817 0
0.6648 155.607 140.62 773.776 204.225 1397.99 145.716 0.833892 0.166108 0
0.6636 154.734 140.045 772.078 204.702 1396.64 145.63 0.834603 0.165397 0
0.6624 153.863 139.471 770.381 205.181 1395.3 145.543 0.835316 0.164684 0
0.6612 152.994 138.898 768.685 205.66 1393.95 145.456 0.83603 0.16397 0
0.66 152.128 138.324 766.991 206.141 1392.6 145.369 0.836747 0.163253 0
0.6588 151.263 137.751 765.299 206.624 1391.26 145.281 0.837465 0.162535 0
0.6576 150.401 137.178 763.608 207.108 1389.92 145.194 0.838185 0.161815 0
0.6564 149.541 136.606 761.919 207.593 1388.57 145.106 0.838908 0.161092 0
0.6552 148.682 136.034 760.232 208.08 1387.23 145.018 0.839632 0.160368 0
0.654 147.827 135.462 758.546 208.568 1385.89 144.93 0.840358 0.159642 0
0.6528 146.973 134.891 756.862 209.057 1384.55 144.842 0.841086 0.158914 0
0.6516 146.121 134.32 755.179 209.549 1383.21 144.753 0.841815 0.158185 0
0.6504 145.271 133.75 753.498 210.041 1381.87 144.664 0.842547 0.157453 0
0.6492 144.424 133.18 751.818 210.535 1380.53 144.576 0.843281 0.156719 0
0.648 143.579 132.61 750.14 211.03 1379.2 144.487 0.844016 0.155984 0
0.6468 142.736 132.04 748.463 211.527 1377.86 144.397 0.844754 0.155246 0
0.6456 141.895 131.471 746.788 212.026 1376.52 144.308 0.845493 0.154507 0
0.6444 141.056 130.903 745.115 212.526 1375.19 144.218 0.846235 0.153765 0
0.6432 140.219 130.334 743.443 213.027 1373.85 144.129 0.846978 0.153022 0
0.642 139.385 129.766 741.773 213.53 1372.52 144.039 0.847724 0.152276 0
0.6408 138.552 129.199 740.104 214.034 1371.19 143.949 0.848471 0.151529 0
0.6396 137.722 128.632 738.437 214.54 1369.86 143.858 0.84922 0.15078 0
0.6384 136.894 128.065 736.772 215.047 1368.52 143.768 0.849972 0.150028 0
0.6372 136.068 127.498 735.108 215.556 1367.19 143.677 0.850725 0.149275 0
0.636 135.244 126.932 733.445 216.067 1365.86 143.586 0.85148 0.14852 0
0.6348 134.423 126.367 731.785 216.579 1364.54 143.495 0.852237 0.147763 0
0.6336 133.603 125.801 730.125 217.092 1363.21 143.404 0.852997 0.147003 0
0.6324 132.786 125.236 728.468 217.607 1361.88 143.312 0.853758 0.146242 0
0.6312 131.971 124.672 726.812 218.124 1360.56 143.221 0.854521 0.145479 0
0.63 131.158 124.107 725.157 218.642 1359.23 143.129 0.855286 0.144714 0
0.6288 130.347 123.544 723.504 219.162 1357.91 143.037 0.856053 0.143947 0
0.6276 129.538 122.98 721.852 219.683 1356.58 142.945 0.856823 0.143177 0
0.6264 128.732 122.417 720.202 220.206 1355.26 142.852 0.857594 0.142406 0
0.6252 127.928 121.854 718.554 220.731 1353.94 142.759 0.858367 0.141633 0
0.624 127.125 121.292 716.907 221.257 1352.62 142.667 0.859142 0.140858 0
0.6228 126.325 120.73 715.262 221.785 1351.3 142.573 0.85992 0.14008 0
0.6216 125.528 120.168 713.618 222.314 1349.98 142.48 0.860699 0.139301 0
0.6204 124.732 119.607 711.976 222.845 1348.66 142.387 0.86148 0.13852 0
0.6192 123.938 119.046 710.335 223.377 1347.34 142.293 0.862264 0.137736 0
0.618 123.147 118.486 708.696 223.912 1346.02 142.199 0.863049 0.136951 0
0.6168 122.358 117.926 707.059 224.447 1344.71 142.105 0.863836 0.136164 0
0.6156 121.571 117.366 705.423 224.985 1343.39 142.011 0.864626 0.135374 0
0.6144 120.786 116.807 703.788 225.524 1342.08 141.916 0.865417 0.134583 0
0.6132 120.003 116.248 702.155 226.065 1340.77 141.821 0.866211 0.133789 0
0.612 119.223 115.689 700.524 226.607 1339.45 141.726 0.867007 0.132993 0
0.6108 118.444 115.131 698.894 227.151 1338.14 141.631 0.867804 0.132196 0
0.6096 117.668 114.573 697.266 227.697 1336.83 141.535 0.868604 0.131396 0
0.6084 116.894 114.016 695.639 228.245 1335.52 141.44 0.869406 0.130594 0
0.6072 116.122 113.459 694.014 228.794 1334.22 141.344 0.87021 0.12979 0
0.606 115.352 112.902 692.39 229.345 1332.91 141.248 0.871016 0.128984 0
0.6048 114.585 112.346 690.768 229.897 1331.6 141.151 0.871824 0.128176 0
0.6036 113.819 111.79 689.147 230.452 1330.3 141.055 0.872634 0.127366 0
0.6024 113.056 111.235 687.528 231.008 1328.99 140.958 0.873446 0.126554 0
0.6012 112.295 110.679 685.91 231.565 1327.69 140.861 0.874261 0.125739 0
0.6 111.536 110.125 684.294 232.125 1326.38 140.764 0.875077 0.124923 0
0.5988 110.78 109.57 682.68 232.686 1325.08 140.666 0.875896 0.124104 0
0.5976 110.025 109.017 681.066 233.249 1323.78 140.569 0.876716 0.123284 0
0.5964 109.273 108.463 679.455 233.814 1322.48 140.471 0.877539 0.122461 0
0.5952 108.523 107.91 677.845 234.38 1321.18 140.372 0.878363 0.121637 0
0.594 107.775 107.357 676.236 234.949 1319.88 140.274 0.87919 0.12081 0
0.5928 107.029 106.805 674.629 235.519 1318.59 140.175 0.880019 0.119981 0
0.5916 106.286 106.253 673.024 236.091 1317.29 140.076 0.88085 0.11915 0
0.5904 105.544 105.701 671.42 236.664 1316 139.977 0.881683 0.118317 0
0.5892 104.805 105.15 669.818 237.24 1314.7 139.878 0.882518 0.117482 0
0.588 104.068 104.599 668.217 237.817 1313.41 139.778 0.883356 0.116644 0
0.5868 103.333 104.049 666.617 238.396 1312.12 139.678 0.884195 0.115805 0
0.5856 102.6 103.498 665.019 238.977 1310.83 139.578 0.885037 0.114963 0
0.5844 101.87 102.949 663.423 239.56 1309.54 139.478 0.88588 0.11412 0
0.5832 101.141 102.4 661.828 240.145 1308.25 139.377 0.886726 0.113274 0
0.582 100.415 101.851 660.234 240.731 1306.96 139.276 0.887574 0.112426 0
0.5808 99.6911 101.302 658.643 241.32 1305.67 139.175 0.888424 0.111576 0
0.5796 98.9693 100.754 657.052 241.91 1304.38 139.073 0.889276 0.110724 0
0.5784 98.2497 100.206 655.463 242.502 1303.1 138.972 0.89013 0.10987 0
0.5772 97.5322 99.6591 653.876 243.096 1301.82 138.87 0.890986 0.109014 0
0.576 96.8169 99.1122 652.29 243.692 1300.53 138.768 0.891844 0.108156 0
0.5748 96.1038 98.5657 650.705 244.29 1299.25 138.665 0.892705 0.107295 0
0.5736 95.3929 98.0196 649.122 244.889 1297.97 138.562 0.893567 0.106433 0
0.5724 94.6842 97.4739 647.541 245.491 1296.69 138.459 0.894432 0.105568 0
0.5712 93.9777 96.9286 645.961 246.094 1295.41 138.356 0.895298 0.104702 0
0.57 93.2733 96.3836 644.383 246.7 1294.13 138.252 0.896167 0.103833 0
0.5688 92.5711 95.8391 642.806 247.307 1292.86 138.148 0.897038 0.102962 0
0.5676 91.8711 95.2949 641.23 247.917 1291.58 138.044 0.897911 0.102089 0
0.5664 91.1733 94.7512 639.656 248.528 1290.31 137.94 0.898786 0.101214 0
0.5652 90.4776 94.2078 638.084 249.141 1289.03 137.835 0.899663 0.100337 0
0.564 89.7842 93.6649 636.512 249.757 1287.76 137.73 0.900542 0.0994575 0
0.5628 89.0929 93.1223 634.943 250.374 1286.49 137.625 0.901424 0.0985763 0
0.5616 88.4038 92.5802 633.375 250.993 1285.22 137.519 0.902307 0.0976929 0
0.5604 87.7168 92.0384 631.808 251.614 1283.95 137.413 0.903193 0.0968075 0
0.5592 87.0321 91.4971 630.243 252.238 1282.68 137.307 0.90408 0.09592 0
0.558 86.3495 90.9561 628.679 252.863 1281.41 137.201 0.90497 0.0950304 0
0.5568 85.6692 90.4155 627.117 253.49 1280.15 137.094 0.905861 0.0941388 0
0.5556 84.9909 89.8753 625.556 254.119 1278.88 136.987 0.906755 0.0932451 0
0.5544 84.3149 89.3356 623.997 254.751 1277.62 136.879 0.907651 0.0923494 0
0.5532 83.6411 88.7962 622.439 255.384 1276.36 136.772 0.908548 0.0914517 0
0.552 82.9694 88.2572 620.883 256.02 1275.09 136.664 0.909448 0.0905519 0
0.5508 82.2999 87.7186 619.328 256.657 1273.83 136.556 0.91035 0.0896501 0
0.5496 81.6326 87.1805 617.774 257.297 1272.57 136.447 0.911254 0.0887463 0
0.5484 80.9674 86.6427 616.222 257.939 1271.32 136.338 0.91216 0.0878404 0
0.5472 80.3045 86.1053 614.672 258.583 1270.06 136.229 0.913067 0.0869326 0
0.546 79.6437 85.5683 613.123 259.228 1268.8 136.119 0.913977 0.0860228 0
0.5448 78.9851 85.0317 611.575 259.877 1267.55 136.009 0.914889 0.0851109 0
0.5436 78.3286 84.4956 610.029 260.527 1266.29 135.899 0.915803 0.0841972 0
0.5424 77.6743 83.9598 608.484 261.179 1265.04 135.788 0.916719 0.0832814 0
0.5412 77.0222 83.4244 606.941 261.833 1263.79 135.678 0.917636 0.0823637 0
0.54 76.3723 82.8894 605.399 262.49 1262.54 135.566 0.918556 0.081444 0
0.5388 75.7245 82.3549 603.859 263.149 1261.29 135.455 0.919478 0.0805224 0
0.5376 75.0789 81.8207 602.32 263.81 1260.04 135.343 0.920401 0.0795989 0
0.5364 74.4355 81.2869 600.782 264.473 1258.79 135.231 0.921327 0.0786735 0
0.5352 73.7942 80.7535 599.246 265.138 1257.55 135.118 0.922254 0.0777462 0
0.534 73.1551 80.2206 597.711 265.806 1256.3 135.005 0.923183 0.076817 0
0.5328 72.5182 79.688 596.178 266.475 1255.06 134.892 0.924114 0.0758859 0
0.5316 71.8834 79.1558 594.646 267.147 1253.82 134.778 0.925047 0.074953 0
0.5304 71.2508 78.624 593.116 267.821 1252.58 134.664 0.925982 0.0740183 0
0.5292 70.6203 78.0927 591.587 268.498 1251.34 134.55 0.926918 0.0730817 0
0.528 69.992 77.5617 590.059 269.176 1250.1 134.435 0.927857 0.0721434 0
0.5268 69.3659 77.0312 588.533 269.857 1248.86 134.32 0.928797 0.0712032 0
0.5256 68.7419 76.501 587.009 270.54 1247.62 134.204 0.929739 0.0702613 0
0.5244 68.12 75.9712 585.485 271.226 1246.39 134.088 0.930682 0.0693177 0
0.5232 67.5003 75.4419 583.964 271.913 1245.15 133.972 0.931628 0.0683723 0
0.522 66.8828 74.9129 582.443 272.603 1243.92 133.855 0.932575 0.0674253 0
0.5208 66.2674 74.3844 580.924 273.296 1242.69 133.738 0.933523 0.0664766 0
0.5196 65.6541 73.8562 579.407 273.99 1241.46 133.621 0.934474 0.0655262 0
0.5184 65.043 73.3285 577.89 274.687 1240.23 133.503 0.935426 0.0645742 0
0.5172 64.434 72.8011 576.376 275.386 1239 133.385 0.936379 0.0636207 0
0.516 63.8271 72.2742 574.862 276.088 1237.77 133.266 0.937334 0.0626655 0
0.5148 63.2224 71.7477 573.35 276.792 1236.54 133.147 0.938291 0.0617089 0
0.5136 62.6198 71.2216 571.84 277.498 1235.32 133.028 0.939249 0.0607507 0
0.5124 62.0193 70.6958 570.33 278.207 1234.09 132.908 0.940209 0.059791 0
0.5112 61.421 70.1705 568.823 278.918 1232.87 132.787 0.94117 0.0588299 0
0.51 60.8248 69.6456 567.316 279.631 1231.65 132.667 0.942133 0.0578675 0
0.5088 60.2306 69.1211 565.811 280.347 1230.43 132.545 0.943096 0.0569036 0
0.5076 59.6386 68.597 564.308 281.065 1229.21 132.424 0.944062 0.0559384 0
0.5064 59.0487 68.0733 562.805 281.786 1227.99 132.302 0.945028 0.054972 0
0.5052 58.461 67.55 561.305 282.509 1226.77 132.179 0.945996 0.0540043 0
0.504 57.8753 67.0271 559.805 283.234 1225.56 132.056 0.946965 0.0530354 0
0.5028 57.2917 66.5046 558.307 283.962 1224.34 131.932 0.947935 0.0520653 0
0.5016 56.7101 65.9825 556.81 284.693 1223.13 131.808 0.948906 0.0510942 0
0.5004 56.1307 65.4608 555.315 285.426 1221.91 131.684 0.949878 0.050122 0
0.4992 55.5534 64.9396 553.821 286.161 1220.7 131.559 0.950851 0.0491488 0
0.498 54.9781 64.4187 552.328 286.899 1219.49 131.434 0.951825 0.0481747 0
0.4968 54.4049 63.8983 550.837 287.64 1218.28 131.308 0.9528 0.0471997 0
0.4956 53.8338 63.3782 549.347 288.382 1217.07 131.181 0.953776 0.0462238 0
0.4944 53.2647 62.8586 547.859 289.128 1215.86 131.054 0.954753 0.0452473 0
0.4932 52.6976 62.3394 546.372 289.876 1214.66 130.927 0.95573 0.04427 0
0.492 52.1327 61.8205 544.886 290.627 1213.45 130.799 0.956708 0.0432922 0
0.4908 51.5697 61.3021 543.401 291.38 1212.25 130.67 0.957686 0.0423138 0
0.4896 51.0088 60.7841 541.918 292.135 1211.04 130.541 0.958665 0.0413349 0
0.4884 50.4499 60.2665 540.436 292.894 1209.84 130.411 0.959644 0.0403557 0
0.4872 49.893 59.7494 538.956 293.655 1208.64 130.281 0.960624 0.0393763 0
0.486 49.3381 59.2326 537.477 294.418 1207.44 130.15 0.961603 0.0383966 0
0.4848 48.7852 58.7163 535.999 295.184 1206.24 130.019 0.962583 0.0374169 0
0.4836 48.2343 58.2003 534.523 295.953 1205.04 129.887 0.963563 0.0364372 0
0.4824 47.6854 57.6848 533.048 296.724 1203.84 129.754 0.964542 0.0354576 0
0.4812 47.1384 57.1697 531.574 297.498 1202.64 129.621 0.965522 0.0344782 0
0.48 46.5934 56.655 530.102 298.275 1201.45 129.487 0.966501 0.0334993 0
0.4788 46.0504 56.1407 528.631 299.054 1200.25 129.353 0.967479 0.0325208 0
0.4776 45.5092 55.6269 527.161 299.837 1199.06 129.218 0.968457 0.031543 0
0.4764 44.97 55.1134 525.692 300.621 1197.86 129.082 0.969434 0.030566 0
0.4752 44.4327 54.6004 524.225 301.409 1196.67 128.945 0.97041 0.02959 0
0.474 43.8972 54.0878 522.759 302.199 1195.48 128.808 0.971385 0.028615 0
0.4728 43.3636 53.5757 521.295 302.992 1194.29 128.67 0.972359 0.0276414 0
0.4716 42.8319 53.0639 519.832 303.788 1193.09 128.531 0.973331 0.0266693 0
0.4704 42.302 52.5526 518.37 304.587 1191.9 128.392 0.974301 0.0256988 0
0.4692 41.7739 52.0417 516.909 305.388 1190.71 128.252 0.97527 0.0247303 0
0.468 41.2476 51.5313 515.45 306.192 1189.52 128.11 0.976236 0.0237639 0
0.4668 40.7231 51.0212 513.992 306.999 1188.33 127.969 0.9772 0.0228 0
0.4656 40.2003 50.5116 512.535 307.809 1187.15 127.826 0.978161 0.0218387 0
0.4644 39.6792 50.0025 511.079 308.622 1185.96 127.682 0.97912 0.0208804 0
0.4632 39.1598 49.4938 509.625 309.438 1184.77 127.538 0.980075 0.0199253 0
0.462 38.6421 48.9855 508.172 310.256 1183.58 127.392 0.981026 0.0189739 0
0.4608 38.126 48.4777 506.72 311.077 1182.39 127.246 0.981973 0.0180265 0
0.4596 37.6114 47.9704 505.27 311.902 1181.2 127.098 0.982916 0.0170835 0
0.4584 37.0984 47.4634 503.82 312.729 1180.01 126.95 0.983855 0.0161454 0
0.4572 36.5869 46.957 502.372 313.559 1178.83 126.8 0.984787 0.0152127 0
0.456 36.0769 46.451 500.925 314.393 1177.64 126.65 0.985714 0.0142858 0
0.4548 35.5682 45.9455 499.48 315.229 1176.45 126.498 0.986635 0.0133654 0
0.4536 35.0608 45.4405 498.035 316.068 1175.26 126.345 0.987548 0.0124522 0
0.4524 34.5547 44.9359 496.592 316.91 1174.06 126.19 0.988453 0.011547 0
0.4512 34.0498 44.4318 495.15 317.756 1172.87 126.034 0.98935 0.0106504 0
0.45 33.5459 43.9282 493.709 318.604 1171.68 125.877 0.990236 0.0097636 0
0.4488 33.043 43.4252 492.269 319.456 1170.48 125.718 0.991112 0.00888758 0
0.4476 32.541 42.9226 490.831 320.31 1169.28 125.558 0.991976 0.00802362 0
0.4464 32.0397 42.4205 489.393 321.168 1168.08 125.396 0.992827 0.00717318 0
0.4452 31.539 41.919 487.957 322.029 1166.88 125.232 0.993662 0.00633799 0
0.444 31.0386 41.4181 486.521 322.894 1165.67 125.065 0.99448 0.00552011 0
0.4428 30.5382 40.9176 485.087 323.761 1164.46 124.897 0.995278 0.00472205 0
0.4416 30.0377 40.4178 483.653 324.632 1163.25 124.726 0.996053 0.00394693 0
0.4404 29.5366 39.9186 482.221 325.507 1162.03 124.552 0.996801 0.00319875 0
0.4392 29.0343 39.4199 480.789 326.384 1160.8 124.374 0.997517 0.00248279 0
0.438 28.5301 38.922 479.358 327.266 1159.56 124.193 0.998194 0.00180637 0
0.4368 28.0229 38.4247 477.927 328.151 1158.31 124.007 0.99882 0.00118045 0
0.4356 27.5108 37.9281 476.497 329.039 1157.04 123.814 0.999377 0.000623285 0
0.4344 26.9897 37.4323 475.066 329.932 1155.74 123.612 0.999827 0.000173251 0
0.4332 26.4416 36.9375 473.631 330.829 1154.37 123.386 1 0 0
0.432 25.878 36.4438 472.196 331.73 1152.95 123.144 1 0 0
0.4308 25.3178 35.9514 470.762 332.636 1151.53 122.902 1 0 0
0.4296 24.7609 35.4601 469.329 333.546 1150.12 122.66 1 0 0
0.4284 24.2075 34.97 467.899 334.461 1148.71 122.417 1 0 0
0.4272 23.6574 34.4812 466.47 335.38 1147.3 122.174 1 0 0
0.426 23.1108 33.9935 465.042 336.303 1145.9 121.93 1 0 0
0.4248 22.5675 33.5071 463.617 337.231 1144.5 121.686 1 0 0
0.4236 22.0276 33.0218 462.193 338.163 1143.11 121.441 1 0 0
0.4224 21.4911 32.5377 460.77 339.099 1141.72 121.196 1 0 0
0.4212 20.9579 32.0549 459.35 340.04 1140.33 120.95 1 0 0
0.42 20.4282 31.5732 457.931 340.986 1138.95 120.703 1 0 0
0.4188 19.9018 31.0927 456.514 341.936 1137.57 120.457 1 0 0
0.4176 19.3788 30.6134 455.098 342.89 1136.2 120.209 1 0 0
0.4164 18.8592 30.1353 453.684 343.849 1134.83 119.961 1 0 0
0.4152 18.3429 29.6584 452.272 344.812 1133.46 119.713 1 0 0
0.414 17.8301 29.1827 450.861 345.78 1132.1 119.464 1 0 0
0.4128 17.3206 28.7082 449.452 346.753 1130.75 119.215 1 0 0
0.4116 16.8145 28.2348 448.044 347.73 1129.39 118.965 1 0 0
0.4104 16.3117 27.7626 446.638 348.711 1128.05 118.714 1 0 0
0.4092 15.8123 27.2916 445.234 349.697 1126.7 118.463 1 0 0
0.408 15.3163 26.8218 443.832 350.688 1125.36 118.212 1 0 0
0.4068 14.8237 26.3531 442.431 351.683 1124.03 117.96 1 0 0
0.4056 14.3344 25.8857 441.031 352.683 1122.7 117.708 1 0 0
0.4044 13.8484 25.4194 439.633 353.687 1121.37 117.455 1 0 0
0.4032 13.3658 24.9542 438.237 354.696 1120.05 117.201 1 0 0
0.402 12.8866 24.4902 436.843 355.71 1118.73 116.947 1 0 0
0.4008 12.4107 24.0274 435.45 356.728 1117.42 116.693 1 0 0
0.3996 11.9382 23.5657 434.058 357.751 1116.11 116.438 1 0 0
0.3984 11.469 23.1052 432.668 358.778 1114.8 116.182 1 0 0
0.3972 11.0031 22.6459 431.28 359.81 1113.5 115.926 1 0 0
0.396 10.5406 22.1877 429.894 360.847 1112.21 115.67 1 0 0
0.3948 10.0813 21.7306 428.508 361.889 1110.92 115.413 1 0 0
0.3936 9.62546 21.2747 427.125 362.935 1109.63 115.155 1 0 0
0.3924 9.1729 20.8199 425.743 363.985 1108.35 114.897 1 0 0
0.3912 8.72365 20.3663 424.362 365.041 1107.07 114.639 1 0 0
0.39 8.27771 19.9137 422.983 366.101 1105.8 114.38 1 0 0
0.3888 7.83508 19.4623 421.606 367.166 1104.53 114.12 1 0 0
0.3876 7.39575 19.0121 420.23 368.235 1103.27 113.86 1 0 0
0.3864 6.95971 18.5629 418.856 369.309 1102.01 113.599 1 0 0
0.3852 6.52696 18.1149 417.483 370.388 1100.75 113.338 1 0 0
0.384 6.09749 17.668 416.112 371.472 1099.5 113.077 1 0 0
0.3828 5.67131 17.2222 414.742 372.56 1098.26 112.815 1 0 0
0.3816 5.24839 16.7775 413.374 373.653 1097.02 112.552 1 0 0
0.3804 4.82874 16.3339 412.007 374.75 1095.78 112.289 1 0 0
0.3792 4.41235 15.8914 410.642 375.853 1094.55 112.025 1 0 0
0.378 3.99921 15.4499 409.278 376.96 1093.33 111.761 1 0 0
0.3768 3.58932 15.0096 407.916 378.071 1092.11 111.496 1 0 0
0.3756 3.18267 14.5704 406.555 379.188 1090.89 111.231 1 0 0
0.3744 2.77925 14.1322 405.196 380.309 1089.68 110.966 1 0 0
0.3732 2.37906 13.6951 403.838 381.435 1088.47 110.699 1 0 0
0.372 1.98208 13.259 402.482 382.566 1087.27 110.433 1 0 0
0.3708 1.58832 12.824 401.127 383.701 1086.07 110.166 1 0 0
0.3696 1.19776 12.3901 399.774 384.841 1084.88 109.898 1 0 0
0.3684 0.810391 11.9572 398.422 385.986 1083.69 109.63 1 0 0
0.3672 0.426211 11.5254 397.071 387.136 1082.51 109.361 1 0 0
0.366 0.0452105 11.0946 395.722 388.29 1081.33 109.092 1 0 0
0.3648 -0.33262 10.6648 394.374 389.449 1080.16 108.822 1 0 0
0.3636 -0.707288 10.2361 393.028 390.613 1078.99 108.552 1 0 0
0.3624 -1.0788 9.80834 391.684 391.781 1077.83 108.281 1 0 0
0.3612 -1.44717 9.38163 390.34 392.954 1076.67 108.01 1 0 0
0.36 -1.81241 8.95593 388.998 394.132 1075.52 107.738 1 0 0
0.3588 -2.17452 8.53123 387.658 395.314 1074.37 107.466 1 0 0
0.3576 -2.53351 8.10752 386.319 396.502 1073.23 107.193 1 0 0
0.3564 -2.8894 7.6848 384.981 397.694 1072.09 106.92 1 0 0
0.3552 -3.24218 7.26306 383.645 398.89 1070.95 106.646 1 0 0
0.354 -3.59188 6.84229 382.31 400.092 1069.83 106.372 1 0 0
0.3528 -3.9385 6.42249 380.977 401.298 1068.7 106.097 1 0 0
0.3516 -4.28206 6.00365 379.644 402.508 1067.58 105.822 1 0 0
0.3504 -4.62256 5.58577 378.314 403.724 1066.47 105.546 1 0 0
0.3492 -4.96001 5.16883 376.984 404.944 1065.36 105.27 1 0 0
0.348 -5.29442 4.75282 375.656 406.168 1064.26 104.993 1 0 0
0.3468 -5.62581 4.33775 374.33 407.398 1063.16 104.716 1 0 0
0.3456 -5.95418 3.9236 373.005 408.632 1062.07 104.438 1 0 0
0.3444 -6.27955 3.51036 371.681 409.871 1060.98 104.159 1 0 0
0.3432 -6.60193 3.09803 370.358 411.114 1059.9 103.881 1 0 0
0.342 -6.92133 2.6866 369.037 412.362 1058.82 103.601 1 0 0
0.3408 -7.23776 2.27606 367.717 413.614 1057.74 103.322 1 0 0
0.3396 -7.55123 1.8664 366.398 414.872 1056.68 103.041 1 0 0
0.3384 -7.86175 1.45761 365.081 416.133 1055.61 102.761 1 0 0
0.3372 -8.16934 1.04969 363.765 417.4 1054.56 102.479 1 0 0
0.336 -8.47401 0.642625 362.451 418.671 1053.5 102.197 1 0 0
0.3348 -8.77577 0.236405 361.137 419.946 1052.45 101.915 1 0 0
0.3336 -9.07463 -0.168977 359.826 421.226 1051.41 101.632 1 0 0
0.3324 -9.37061 -0.57353 358.515 422.511 1050.37 101.349 1 0 0
0.3312 -9.66371 -0.977264 357.205 423.8 1049.34 101.065 1 0 0
0.33 -9.95395 -1.38019 355.897 425.094 1048.31 100.781 1 0 0
0.3288 -10.2414 -1.78231 354.591 426.392 1047.29 100.496 1 0 0
0.3276 -10.5259 -2.18365 353.285 427.695 1046.27 100.211 1 0 0
0.3264 -10.8077 -2.5842 351.981 429.003 1045.26 99.9252 1 0 0
0.3252 -11.0866 -2.98398 350.678 430.315 1044.25 99.6389 1 0 0
0.324 -11.3627 -3.383 349.376 431.631 1043.25 99.3522 1 0 0
0.3228 -11.6361 -3.78127 348.076 432.952 1042.25 99.0649 1 0 0
0.3216 -11.9067 -4.17881 346.776 434.277 1041.26 98.7771 1 0 0
0.3204 -12.1745 -4.57561 345.479 435.607 1040.27 98.4889 1 0 0
0.3192 -12.4396 -4.9717 344.182 436.941 1039.29 98.2001 1 0 0
0.318 -12.702 -5.36707 342.886 438.28 1038.32 97.9109 1 0 0
0.3168 -12.9617 -5.76176 341.592 439.623 1037.34 97.6211 1 0 0
0.3156 -13.2186 -6.15575 340.299 440.97 1036.38 97.3309 1 0 0
0.3144 -13.4729 -6.54908 339.007 442.322 1035.41 97.0401 1 0 0
0.3132 -13.7245 -6.94174 337.717 443.678 1034.46 96.7489 1 0 0
0.312 -13.9735 -7.33375 336.427 445.039 1033.51 96.4572 1 0 0
0.3108 -14.2198 -7.72512 335.139 446.404 1032.56 96.1649 1 0 0
0.3096 -14.4635 -8.11587 333.852 447.773 1031.62 95.8722 1 0 0
0.3084 -14.7045 -8.506 332.566 449.147 1030.68 95.579 1 0 0
0.3072 -14.943 -8.89553 331.282 450.525 1029.75 95.2852 1 0 0
0.306 -15.1789 -9.28447 329.998 451.907 1028.82 94.991 1 0 0
0.3048 -15.4122 -9.67284 328.716 453.293 1027.9 94.6963 1 0 0
0.3036 -15.643 -10.0606 327.435 454.684 1026.98 94.4011 1 0 0
0.3024 -15.8712 -10.4479 326.155 456.079 1026.07 94.1054 1 0 0
0.3012 -16.097 -10.8346 324.876 457.478 1025.16 93.8091 1 0 0
0.3 -16.3202 -11.2208 323.599 458.882 1024.26 93.5124 1 0 0
0.2988 -16.5409 -11.6065 322.322 460.289 1023.36 93.2152 1 0 0
0.2976 -16.7591 -11.9916 321.047 461.701 1022.47 92.9175 1 0 0
0.2964 -16.9749 -12.3763 319.773 463.117 1021.59 92.6193 1 0 0
0.2952 -17.1882 -12.7606 318.5 464.538 1020.7 92.3206 1 0 0
0.294 -17.3991 -13.1444 317.228 465.962 1019.83 92.0214 1 0 0
0.2928 -17.6075 -13.5277 315.957 467.391 1018.95 91.7217 1 0 0
0.2916 -17.8136 -13.9106 314.688 468.823 1018.09 91.4215 1 0 0
0.2904 -18.0173 -14.2931 313.419 470.26 1017.22 91.1207 1 0 0
0.2892 -18.2186 -14.6752 312.152 471.701 1016.37 90.8195 1 0 0
0.288 -18.4175 -15.0569 310.885 473.146 1015.51 90.5178 1 0 0
0.2868 -18.6141 -15.4383 309.62 474.595 1014.67 90.2156 1 0 0
0.2856 -18.8084 -15.8193 308.356 476.048 1013.82 89.9129 1 0 0
0.2844 -19.0004 -16.2 307.093 477.505 1012.98 89.6096 1 0 0
0.2832 -19.19 -16.5804 305.831 478.966 1012.15 89.3059 1 0 0
0.282 -19.3774 -16.9604 304.57 480.431 1011.32 89.0016 1 0 0
0.2808 -19.5626 -17.3402 303.311 481.9 1010.5 88.6969 1 0 0
0.2796 -19.7455 -17.7198 302.052 483.373 1009.68 88.3916 1 0 0
0.2784 -19.9261 -18.099 300.794 484.85 1008.87 88.0859 1 0 0
0.2772 -20.1046 -18.4781 299.538 486.331 1008.06 87.7796 1 0 0
0.276 -20.2808 -18.8569 298.282 487.816 1007.25 87.4728 1 0 0
0.2748 -20.4548 -19.2355 297.028 489.304 1006.45 87.1655 1 0 0
0.2736 -20.6267 -19.614 295.774 490.797 1005.66 86.8577 1 0 0
0.2724 -20.7964 -19.9923 294.522 492.294 1004.87 86.5494 1 0 0
0.2712 -20.964 -20.3705 293.27 493.794 1004.08 86.2406 1 0 0
0.27 -21.1295 -20.7485 292.02 495.298 1003.3 85.9312 1 0 0
0.2688 -21.2928 -21.1264 290.771 496.806 1002.52 85.6213 1 0 0
0.2676 -21.4541 -21.5043 289.522 498.318 1001.75 85.311 1 0 0
0.2664 -21.6133 -21.8821 288.275 499.834 1000.98 85.0001 1 0 0
0.2652 -21.7704 -22.2598 287.029 501.353 1000.22 84.6886 1 0 0
0.264 -21.9254 -22.6376 285.784 502.876 999.463 84.3767 1 0 0
0.2628 -22.0785 -23.0153 284.539 504.403 998.709 84.0642 1 0 0
0.2616 -22.2295 -23.3931 283.296 505.934 997.961 83.7513 1 0 0
0.2604 -22.3785 -23.7709 282.054 507.468 997.217 83.4378 1 0 0
0.2592 -22.5256 -24.1487 280.812 509.007 996.477 83.1237 1 0 0
0.258 -22.6706 -24.5267 279.572 510.548 995.742 82.8092 1 0 0
0.2568 -22.8137 -24.9047 278.333 512.094 995.012 82.4941 1 0 0
0.2556 -22.9549 -25.2829 277.094 513.643 994.286 82.1784 1 0 0
0.2544 -23.0941 -25.6612 275.857 515.196 993.565 81.8623 1 0 0
0.2532 -23.2315 -26.0398 274.621 516.752 992.848 81.5456 1 0 0
0.252 -23.3669 -26.4185 273.385 518.313 992.136 81.2284 1 0 0
0.2508 -23.5005 -26.7974 272.151 519.876 991.428 80.9106 1 0 0
0.2496 -23.6322 -27.1766 270.917 521.444 990.724 80.5924 1 0 0
0.2484 -23.762 -27.5561 269.684 523.015 990.025 80.2735 1 0 0
0.2472 -23.89 -27.9359 268.453 524.589 989.331 79.9542 1 0 0
0.246 -24.0162 -28.316 267.222 526.167 988.641 79.6343 1 0 0
0.2448 -24.1406 -28.6964 265.992 527.749 987.955 79.3138 1 0 0
0.2436 -24.2632 -29.0773 264.763 529.334 987.273 78.9928 1 0 0
0.2424 -24.384 -29.4585 263.535 530.923 986.596 78.6713 1 0 0
0.2412 -24.503 -29.8402 262.308 532.515 985.924 78.3492 1 0 0
0.24 -24.6204 -30.2223 261.082 534.111 985.256 78.0265 1 0 0
0.2388 -24.7359 -30.605 259.856 535.71 984.592 77.7033 1 0 0
0.2376 -24.8498 -30.9881 258.632 537.313 983.932 77.3796 1 0 0
0.2364 -24.9619 -31.3719 257.409 538.919 983.277 77.0553 1 0 0
0.2352 -25.0724 -31.7562 256.186 540.529 982.626 76.7304 1 0 0
0.234 -25.1812 -32.1411 254.964 542.142 981.979 76.405 1 0 0
0.2328 -25.2883 -32.5266 253.743 543.758 981.336 76.079 1 0 0
0.2316 -25.3938 -32.9129 252.523 545.378 980.698 75.7524 1 0 0
0.2304 -25.4976 -33.2998 251.304 547.002 980.064 75.4253 1 0 0
0.2292 -25.5998 -33.6875 250.086 548.629 979.434 75.0977 1 0 0
0.228 -25.7005 -34.076 248.869 550.259 978.809 74.7694 1 0 0
0.2268 -25.7995 -34.4653 247.652 551.893 978.187 74.4406 1 0 0
0.2256 -25.8969 -34.8554 246.437 553.53 977.57 74.1112 1 0 0
0.2244 -25.9928 -35.2464 245.222 555.17 976.957 73.7812 1 0 0
0.2232 -26.0872 -35.6383 244.008 556.814 976.348 73.4507 1 0 0
0.222 -26.18 -36.0312 242.795 558.461 975.744 73.1196 1 0 0
0.2208 -26.2712 -36.4251 241.583 560.111 975.143 72.7879 1 0 0
0.2196 -26.361 -36.82 240.371 561.765 974.546 72.4556 1 0 0
0.2184 -26.4492 -37.216 239.161 563.423 973.954 72.1227 1 0 0
0.2172 -26.536 -37.6131 237.951 565.083 973.366 71.7892 1 0 0
0.216 -26.6213 -38.0113 236.742 566.747 972.782 71.4552 1 0 0
0.2148 -26.7052 -38.4108 235.534 568.414 972.201 71.1206 1 0 0
0.2136 -26.7876 -38.8115 234.327 570.085 971.625 70.7853 1 0 0
0.2124 -26.8686 -39.2135 233.12 571.758 971.053 70.4495 1 0 0
0.2112 -26.9481 -39.6168 231.915 573.436 970.485 70.1131 1 0 0
0.21 -27.0263 -40.0215 230.71 575.116 969.921 69.776 1 0 0
0.2088 -27.103 -40.4276 229.506 576.8 969.362 69.4384 1 0 0
0.2076 -27.1784 -40.8352 228.302 578.487 968.806 69.1002 1 0 0
0.2064 -27.2524 -41.2443 227.1 580.177 968.254 68.7614 1 0 0
0.2052 -27.3251 -41.6549 225.898 581.871 967.706 68.4219 1 0 0
0.204 -27.3964 -42.0672 224.697 583.568 967.162 68.0819 1 0 0
0.2028 -27.4664 -42.4812 223.497 585.268 966.622 67.7412 1 0 0
0.2016 -27.535 -42.8968 222.298 586.971 966.086 67.3999 1 0 0
0.2004 -27.6024 -43.3143 221.099 588.678 965.554 67.058 1 0 0
0.1992 -27.6684 -43.7336 219.901 590.388 965.025 66.7155 1 0 0
0.198 -27.7332 -44.1548 218.704 592.102 964.501 66.3724 1 0 0
0.1968 -27.7967 -44.5779 217.508 593.818 963.981 66.0286 1 0 0
0.1956 -27.8589 -45.0031 216.313 595.538 963.464 65.6842 1 0 0
0.1944 -27.9199 -45.4303 215.118 597.261 962.952 65.3392 1 0 0
0.1932 -27.9797 -45.8597 213.924 598.988 962.443 64.9936 1 0 0
0.192 -28.0382 -46.2912 212.73 600.717 961.939 64.6473 1 0 0
0.1908 -28.0956 -46.7251 211.538 602.45 961.438 64.3004 1 0 0
0.1896 -28.1517 -47.1612 210.346 604.187 960.941 63.9528 1 0 0
0.1884 -28.2066 -47.5998 209.155 605.926 960.448 63.6047 1 0 0
0.1872 -28.2604 -48.0409 207.965 607.669 959.959 63.2559 1 0 0
0.186 -28.3129 -48.4844 206.775 609.415 959.473 62.9064 1 0 0
0.1848 -28.3644 -48.9307 205.586 611.164 958.992 62.5563 1 0 0
0.1836 -28.4147 -49.3796 204.398 612.917 958.514 62.2056 1 0 0
0.1824 -28.4638 -49.8313 203.21 614.673 958.04 61.8542 1 0 0
0.1812 -28.5118 -50.2858 202.024 616.432 957.57 61.5021 1 0 0
0.18 -28.5588 -50.7433 200.838 618.195 957.104 61.1494 1 0 0
0.1788 -28.6046 -51.2038 199.652 619.961 956.642 60.7961 1 0 0
0.1776 -28.6493 -51.6674 198.468 621.73 956.184 60.4421 1 0 0
0.1764 -28.6929 -52.1342 197.284 623.503 955.729 60.0874 1 0 0
0.1752 -28.7355 -52.6044 196.1 625.279 955.278 59.7321 1 0 0
0.174 -28.777 -53.0779 194.918 627.058 954.831 59.3762 1 0 0
0.1728 -28.8175 -53.5549 193.736 628.84 954.388 59.0195 1 0 0
0.1716 -28.8569 -54.0355 192.555 630.626 953.949 58.6622 1 0 0
0.1704 -28.8954 -54.5197 191.374 632.416 953.513 58.3043 1 0 0
0.1692 -28.9327 -55.0078 190.194 634.208 953.082 57.9456 1 0 0
0.168 -28.9691 -55.4998 189.015 636.004 952.654 57.5863 1 0 0
0.1668 -29.0045 -55.9957 187.836 637.804 952.23 57.2264 1 0 0
0.1656 -29.0389 -56.4958 186.659 639.607 951.81 56.8657 1 0 0
0.1644 -29.0723 -57.0002 185.481 641.413 951.393 56.5044 1 0 0
0.1632 -29.1048 -57.5089 184.305 643.223 950.981 56.1425 1 0 0
0.162 -29.1363 -58.0222 183.129 645.036 950.572 55.7798 1 0 0
0.1608 -29.1668 -58.54 181.954 646.852 950.167 55.4165 1 0 0
0.1596 -29.1964 -59.0626 180.779 648.672 949.766 55.0525 1 0 0
0.1584 -29.2251 -59.5901 179.605 650.496 949.369 54.6878 1 0 0
0.1572 -29.2529 -60.1226 178.432 652.323 948.976 54.3224 1 0 0
0.156 -29.2798 -60.6604 177.259 654.153 948.586 53.9563 1 0 0
0.1548 -29.3057 -61.2034 176.087 655.987 948.201 53.5896 1 0 0
0.1536 -29.3308 -61.752 174.916 657.825 947.819 53.2222 1 0 0
0.1524 -29.355 -62.3061 173.745 659.666 947.441 52.8541 1 0 0
0.1512 -29.3783 -62.8661 172.575 661.511 947.067 52.4853 1 0 0
0.15 -29.4008 -63.4321 171.405 663.359 946.697 52.1158 1 0 0
0.1488 -29.4224 -64.0043 170.236 665.211 946.331 51.7457 1 0 0
0.1476 -29.4432 -64.5827 169.068 667.066 945.968 51.3748 1 0 0
0.1464 -29.4631 -65.1678 167.9 668.925 945.61 51.0033 1 0 0
0.1452 -29.4822 -65.7595 166.733 670.788 945.255 50.631 1 0 0
0.144 -29.5005 -66.3581 165.567 672.655 944.905 50.2581 1 0 0
0.1428 -29.518 -66.9639 164.401 674.525 944.558 49.8845 1 0 0
0.1416 -29.5347 -67.5771 163.236 676.399 944.215 49.5102 1 0 0
0.1404 -29.5506 -68.1978 162.071 678.276 943.876 49.1352 1 0 0
0.1392 -29.5658 -68.8263 160.907 680.158 943.541 48.7595 1 0 0
0.138 -29.5802 -69.4628 159.743 682.043 943.211 48.3831 1 0 0
0.1368 -29.5938 -70.1076 158.58 683.932 942.884 48.006 1 0 0
0.1356 -29.6066 -70.761 157.418 685.825 942.561 47.6282 1 0 0
0.1344 -29.6187 -71.4232 156.256 687.721 942.242 47.2497 1 0 0
0.1332 -29.6301 -72.0944 155.095 689.622 941.927 46.8706 1 0 0
0.132 -29.6408 -72.775 153.934 691.526 941.617 46.4907 1 0 0
0.1308 -29.6507 -73.4653 152.774 693.435 941.31 46.1101 1 0 0
0.1296 -29.66 -74.1655 151.615 695.347 941.008 45.7289 1 0 0
0.1284 -29.6685 -74.876 150.456 697.263 940.709 45.3469 1 0 0
0.1272 -29.6764 -75.5971 149.297 699.184 940.415 44.9643 1 0 0
0.126 -29.6836 -76.3292 148.139 701.108 940.125 44.5809 1 0 0
0.1248 -29.6901 -77.0725 146.982 703.037 939.839 44.1969 1 0 0
0.1236 -29.6959 -77.8276 145.825 704.969 939.557 43.8121 1 0 0
0.1224 -29.7011 -78.5947 144.669 706.906 939.279 43.4267 1 0 0
0.1212 -29.7057 -79.3743 143.513 708.847 939.006 43.0406 1 0 0
0.12 -29.7096 -80.1667 142.358 710.793 938.737 42.6538 1 0 0
0.1188 -29.7129 -80.9725 141.203 712.742 938.472 42.2662 1 0 0
0.1176 -29.7155 -81.792 140.049 714.696 938.212 41.878 1 0 0
0.1164 -29.7176 -82.6258 138.896 716.654 937.955 41.4891 1 0 0
0.1152 -29.7191 -83.4743 137.743 718.616 937.704 41.0995 1 0 0
0.114 -29.7199 -84.338 136.59 720.583 937.456 40.7092 1 0 0
0.1128 -29.7202 -85.2175 135.438 722.555 937.213 40.3183 1 0 0
0.1116 -29.7199 -86.1133 134.286 724.53 936.974 39.9266 1 0 0
0.1104 -29.7191 -87.026 133.135 726.511 936.74 39.5342 1 0 0
0.1092 -29.7177 -87.9562 131.985 728.496 936.511 39.1412 1 0 0
0.108 -29.7157 -88.9046 130.835 730.485 936.286 38.7475 1 0 0
0.1068 -29.7132 -89.8718 129.685 732.479 936.065 38.353 1 0 0
0.1056 -29.7102 -90.8585 128.536 734.478 935.849 37.9579 1 0 0
0.1044 -29.7067 -91.8654 127.387 736.482 935.638 37.5621 1 0 0
0.1032 -29.7026 -92.8933 126.239 738.49 935.431 37.1656 1 0 0
0.102 -29.6981 -93.943 125.091 740.503 935.229 36.7685 1 0 0
0.1008 -29.693 -95.0153 123.944 742.521 935.032 36.3706 1 0 0
0.0996 -29.6875 -96.1111 122.797 744.545 934.839 35.9721 1 0 0
0.0984 -29.6815 -97.2313 121.651 746.573 934.652 35.5729 1 0 0
0.0972 -29.675 -98.3769 120.505 748.606 934.469 35.173 1 0 0
0.096 -29.6681 -99.5488 119.36 750.644 934.291 34.7725 1 0 0
0.0948 -29.6607 -100.748 118.215 752.687 934.118 34.3712 1 0 0
0.0936 -29.6529 -101.976 117.071 754.736 933.95 33.9693 1 0 0
0.0924 -29.6446 -103.234 115.927 756.79 933.787 33.5667 1 0 0
0.0912 -29.6359 -104.523 114.783 758.849 933.629 33.1635 1 0 0
0.09 -29.6269 -105.844 113.64 760.914 933.476 32.7595 1 0 0
0.0888 -29.6174 -107.198 112.497 762.984 933.329 32.3549 1 0 0
0.0876 -29.6075 -108.588 111.355 765.059 933.186 31.9497 1 0 0
0.0864 -29.5973 -110.015 110.213 767.14 933.049 31.5437 1 0 0
0.0852 -29.5867 -111.479 109.071 769.227 932.917 31.1371 1 0 0
0.084 -29.5757 -112.984 107.93 771.32 932.791 30.7299 1 0 0
0.0828 -29.5644 -114.531 106.789 773.418 932.669 30.3219 1 0 0
0.0816 -29.5527 -116.121 105.649 775.522 932.554 29.9133 1 0 0
0.0804 -29.5407 -117.757 104.509 777.632 932.443 29.5041 1 0 0
0.0792 -29.5284 -119.441 103.37 779.749 932.339 29.0941 1 0 0
0.078 -29.5157 -121.175 102.23 781.871 932.24 28.6836 1 0 0
0.0768 -29.5028 -122.962 101.092 783.999 932.146 28.2723 1 0 0
0.0756 -29.4896 -124.805 99.9532 786.134 932.059 27.8604 1 0 0
0.0744 -29.4761 -126.705 98.8152 788.275 931.977 27.4479 1 0 0
0.0732 -29.4623 -128.666 97.6774 790.422 931.901 27.0347 1 0 0
0.072 -29.4483 -130.692 96.5401 792.576 931.831 26.6208 1 0 0
0.0708 -29.434 -132.785 95.4031 794.737 931.767 26.2063 1 0 0
0.0696 -29.4195 -134.949 94.2664 796.904 931.709 25.7911 1 0 0
0.0684 -29.4048 -137.188 93.1301 799.078 931.657 25.3752 1 0 0
0.0672 -29.3898 -139.507 91.9941 801.258 931.611 24.9587 1 0 0
0.066 -29.3747 -141.908 90.8584 803.446 931.572 24.5416 1 0 0
0.0648 -29.3593 -144.398 89.723 805.641 931.539 24.1238 1 0 0
0.0636 -29.3438 -146.982 88.588 807.843 931.512 23.7053 1 0 0
0.0624 -29.3282 -149.664 87.4532 810.052 931.492 23.2862 1 0 0
0.0612 -29.3123 -152.451 86.3188 812.269 931.478 22.8664 1 0 0
0.06 -29.2964 -155.35 85.1846 814.493 931.471 22.4459 1 0 0
0.0588 -29.2803 -158.367 84.0507 816.725 931.47 22.0248 1 0 0
0.0576 -29.2641 -161.509 82.9171 818.964 931.476 21.603 1 0 0
0.0564 -29.2478 -164.786 81.7838 821.212 931.489 21.1806 1 0 0
0.0552 -29.2314 -168.205 80.6507 823.467 931.509 20.7575 1 0 0
0.054 -29.2149 -171.777 79.5179 825.73 931.536 20.3337 1 0 0
0.0528 -29.1984 -175.511 78.3853 828.002 931.571 19.9092 1 0 0
0.0516 -29.1819 -179.421 77.253 830.282 931.612 19.484 1 0 0
0.0504 -29.1653 -183.517 76.1209 832.57 931.66 19.0582 1 0 0
0.0492 -29.1486 -187.815 74.9891 834.867 931.716 18.6316 1 0 0
0.048 -29.132 -192.329 73.8574 837.173 931.779 18.2043 1 0 0
0.0468 -29.1154 -197.076 72.726 839.488 931.85 17.7764 1 0 0
0.0456 -29.0989 -202.075 71.5948 841.812 931.928 17.3477 1 0 0
0.0444 -29.0823 -207.347 70.4637 844.145 932.014 16.9183 1 0 0
0.0432 -29.0659 -212.914 69.3329 846.487 932.107 16.4881 1 0 0
0.042 -29.0495 -218.801 68.2022 848.839 932.208 16.0572 1 0 0
0.0408 -29.0332 -225.039 67.0718 851.201 932.318 15.6255 1 0 0
0.0396 -29.017 -231.657 65.9414 853.573 932.435 15.1931 1 0 0
0.0384 -29.001 -238.693 64.8113 855.954 932.56 14.7599 1 0 0
0.0372 -28.9851 -246.187 63.6813 858.346 932.693 14.3258 1 0 0
0.036 -28.9694 -254.186 62.5514 860.749 932.834 13.8909 1 0 0
0.0348 -28.9538 -262.741 61.4216 863.162 932.984 13.4552 1 0 0
0.0336 -28.9385 -271.912 60.292 865.586 933.142 13.0186 1 0 0
0.0324 -28.9233 -281.769 59.1625 868.021 933.308 12.5811 1 0 0
0.0312 -28.9085 -292.391 58.0331 870.468 933.482 12.1427 1 0 0
0.03 -28.8939 -303.869 56.9038 872.926 933.665 11.7033 1 0 0
0.0288 -28.8795 -316.312 55.7746 875.396 933.857 11.2629 1 0 0
0.0276 -28.8655 -329.846 54.6455 877.877 934.056 10.8214 1 0 0
0.0264 -28.8518 -344.619 53.5164 880.371 934.265 10.3789 1 0 0
0.0252 -28.8385 -360.809 52.3874 882.878 934.481 9.93527 1 0 0
0.024 -28.8255 -378.629 51.2584 885.397 934.706 9.49043 1 0 0
0.0228 -28.8129 -398.337 50.1295 887.93 934.939 9.04433 1 0 0
0.0216 -28.8008 -420.247 49.0007 890.475 935.18 8.5969 1 0 0
0.0204 -28.7891 -444.75 47.8718 893.035 935.429 8.14805 1 0 0
0.0192 -28.7779 -472.332 46.743 895.608 935.686 7.6977 1 0 0
0.018 -28.7671 -503.609 45.6142 898.196 935.95 7.24574 1 0 0
0.0168 -28.7569 -539.373 44.4855 900.798 936.221 6.79203 1 0 0
0.0156 -28.7473 -580.66 43.3567 903.416 936.499 6.33642 1 0 0
0.0144 -28.7382 -628.851 42.2279 906.048 936.783 5.87876 1 0 0
0.0132 -28.7298 -685.831 41.0991 908.697 937.071 5.41882 1 0 0
0.012 -28.722 -754.236 39.9703 911.361 937.364 4.95636 1 0 0
0.0108 -28.7148 -837.875 38.8415 914.042 937.66 4.49108 1 0 0
0.0096 -28.7084 -942.46 37.7127 916.74 937.956 4.02258 1 0 0
0.0084 -28.7026 -1076.97 36.5839 919.456 938.25 3.5504 1 0 0
0.0072 -28.6977 -1256.36 35.4552 922.189 938.539 3.0739 1 0 0
0.006 -28.6935 -1507.57 34.3264 924.941 938.817 2.59222 1 0 0
0.0048 -28.6901 -1884.45 33.1977 927.712 939.076 2.10413 1 0 0
0.0036 -28.6876 -2512.67 32.069 930.502 939.304 1.60776 1 0 0
0.0024 -28.6858 -3769.2 30.9406 933.313 939.475 1.09989 1 0 0
0.0012 -28.685 -7538.91 29.8124 936.145 939.527 0.573754 1 0 0
