1625.27 388.949 1
1619.26 382.963 0.991
1613.23 377.012 0.982
1607.18 371.096 0.973
1601.11 365.215 0.964
1595.01 359.37 0.955
1588.9 353.561 0.946
1582.77 347.788 0.937
1576.62 342.051 0.928
1570.45 336.351 0.919
1564.25 330.688 0.91
1558.04 325.063 0.901
1551.81 319.476 0.892
1545.56 313.927 0.883
1539.28 308.417 0.874
1532.99 302.945 0.865
1526.68 297.513 0.856
1520.35 292.121 0.847
1513.99 286.768 0.838
1507.62 281.456 0.829
1501.23 276.185 0.82
1494.81 270.955 0.811
1488.38 265.767 0.802
1481.93 260.621 0.793
1475.45 255.517 0.784
1468.96 250.456 0.775
1462.45 245.438 0.766
1455.92 240.463 0.757
1449.36 235.533 0.748
1442.79 230.647 0.739
1436.2 225.806 0.73
1429.59 221.009 0.721
1422.96 216.258 0.712
1416.31 211.553 0.703
1409.64 206.894 0.694
1402.95 202.281 0.685
1396.24 197.714 0.676
1389.5 193.193 0.667
1382.75 188.718 0.658
1375.97 184.287 0.649
1369.16 179.898 0.64
1362.3 175.538 0.631
1355.4 171.219 0.622
1348.49 166.951 0.613
1341.56 162.733 0.604
1334.61 158.565 0.595
1327.63 154.447 0.586
1320.63 150.376 0.577
1313.6 146.347 0.568
1306.5 142.351 0.559
1299.21 138.305 0.55
1291.66 134.187 0.541
1284.08 130.124 0.532
1276.49 126.117 0.523
1268.87 122.166 0.514
1261.22 118.271 0.505
1253.55 114.432 0.496
1245.86 110.651 0.487
1238.14 106.925 0.478
1230.39 103.256 0.469
1222.61 99.6429 0.46
1214.8 96.0844 0.451
1206.95 92.5797 0.442
1199.06 89.1269 0.433
1191.11 85.7232 0.424
1183.11 82.3647 0.415
1175.02 79.0453 0.406
1166.83 75.7556 0.397
1158.48 72.4797 0.388
1149.9 69.1876 0.379
1140.87 65.807 0.37
1130.16 61.8944 0.361
1118.11 57.6016 0.352
1106.24 53.4747 0.343
1094.56 49.5219 0.334
1083.12 45.7514 0.325
1071.95 42.1707 0.316
1061.09 38.7872 0.307
1050.58 35.6073 0.298
1040.45 32.6363 0.289
1030.76 29.8776 0.28
1021.52 27.3332 0.271
1012.78 25.0026 0.262
1004.55 22.8831 0.253
996.851 20.9692 0.244
989.689 19.2535 0.235
983.063 17.7259 0.226
976.966 16.375 0.217
971.381 15.1877 0.208
966.285 14.1504 0.199
961.653 13.2491 0.19
957.455 12.4702 0.181
953.663 11.8005 0.172
950.246 11.228 0.163
947.179 10.7415 0.154
944.437 10.3313 0.145
941.998 9.98846 0.136
939.846 9.70529 0.127
937.967 9.47493 0.118
936.351 9.29133 0.109
