1.2 625.355 380.776 1810.41 75.3759 2029.8 123.262 0.656097 0.343903 0
1.1988 623.612 380.066 1807.95 75.5557 2028.33 123.212 0.656362 0.343638 0
1.1976 621.872 379.356 1805.49 75.7358 2026.86 123.163 0.656628 0.343372 0
1.1964 620.133 378.646 1803.04 75.9161 2025.39 123.114 0.656895 0.343105 0
1.1952 618.396 377.936 1800.59 76.0967 2023.91 123.064 0.657162 0.342838 0
1.194 616.661 377.227 1798.13 76.2776 2022.44 123.015 0.657429 0.342571 0
1.1928 614.928 376.517 1795.68 76.4587 2020.97 122.966 0.657697 0.342303 0
1.1916 613.197 375.807 1793.24 76.6402 2019.5 122.916 0.657966 0.342034 0
1.1904 611.468 375.098 1790.79 76.8219 2018.03 122.867 0.658235 0.341765 0
1.1892 609.74 374.388 1788.35 77.0039 2016.55 122.817 0.658504 0.341496 0
1.188 608.014 373.678 1785.9 77.1862 2015.08 122.768 0.658774 0.341226 0
1.1868 606.29 372.969 1783.46 77.3687 2013.61 122.718 0.659045 0.340955 0
1.1856 604.568 372.26 1781.02 77.5516 2012.14 122.669 0.659316 0.340684 0
1.1844 602.848 371.55 1778.59 77.7347 2010.67 122.619 0.659587 0.340413 0
1.1832 601.13 370.841 1776.15 77.9182 2009.2 122.57 0.659859 0.340141 0
1.182 599.413 370.132 1773.72 78.1019 2007.72 122.52 0.660132 0.339868 0
1.1808 597.699 369.422 1771.28 78.2859 2006.25 122.47 0.660405 0.339595 0
1.1796 595.986 368.713 1768.85 78.4701 2004.78 122.421 0.660679 0.339321 0
1.1784 594.275 368.004 1766.43 78.6547 2003.31 122.371 0.660953 0.339047 0
1.1772 592.566 367.295 1764 78.8396 2001.84 122.321 0.661227 0.338773 0
1.176 590.858 366.586 1761.57 79.0247 2000.37 122.272 0.661503 0.338497 0
1.1748 589.153 365.877 1759.15 79.2102 1998.9 122.222 0.661778 0.338222 0
1.1736 587.449 365.168 1756.73 79.3959 1997.43 122.172 0.662055 0.337945 0
1.1724 585.748 364.46 1754.31 79.5819 1995.95 122.122 0.662332 0.337668 0
1.1712 584.048 363.751 1751.89 79.7682 1994.48 122.073 0.662609 0.337391 0
1.17 582.35 363.042 1749.47 79.9548 1993.01 122.023 0.662887 0.337113 0
1.1688 580.654 362.333 1747.06 80.1417 1991.54 121.973 0.663165 0.336835 0
1.1676 578.959 361.625 1744.65 80.329 1990.07 121.923 0.663444 0.336556 0
1.1664 577.267 360.916 1742.24 80.5165 1988.6 121.873 0.663724 0.336276 0
1.1652 575.576 360.208 1739.83 80.7043 1987.13 121.823 0.664004 0.335996 0
1.164 573.888 359.499 1737.42 80.8923 1985.66 121.773 0.664285 0.335715 0
1.1628 572.201 358.791 1735.01 81.0807 1984.19 121.723 0.664566 0.335434 0
1.1616 570.516 358.083 1732.61 81.2694 1982.72 121.673 0.664847 0.335153 0
1.1604 568.832 357.374 1730.21 81.4584 1981.25 121.623 0.66513 0.33487 0
1.1592 567.151 356.666 1727.81 81.6477 1979.78 121.573 0.665412 0.334588 0
1.158 565.471 355.958 1725.41 81.8373 1978.31 121.523 0.665696 0.334304 0
1.1568 563.794 355.25 1723.01 82.0272 1976.84 121.473 0.66598 0.33402 0
1.1556 562.118 354.542 1720.62 82.2175 1975.37 121.423 0.666264 0.333736 0
1.1544 560.444 353.834 1718.22 82.408 1973.9 121.373 0.666549 0.333451 0
1.1532 558.772 353.126 1715.83 82.5988 1972.43 121.323 0.666835 0.333165 0
1.152 557.102 352.418 1713.44 82.7899 1970.96 121.272 0.667121 0.332879 0
1.1508 555.433 351.71 1711.06 82.9814 1969.49 121.222 0.667408 0.332592 0
1.1496 553.767 351.002 1708.67 83.1731 1968.02 121.172 0.667695 0.332305 0
1.1484 552.102 350.295 1706.28 83.3652 1966.55 121.122 0.667983 0.332017 0
1.1472 550.439 349.587 1703.9 83.5575 1965.08 121.071 0.668271 0.331729 0
1.146 548.778 348.879 1701.52 83.7502 1963.61 121.021 0.66856 0.33144 0
1.1448 547.119 348.172 1699.14 83.9432 1962.14 120.971 0.66885 0.33115 0
1.1436 545.462 347.464 1696.76 84.1365 1960.67 120.92 0.66914 0.33086 0
1.1424 543.807 346.757 1694.39 84.3301 1959.2 120.87 0.66943 0.33057 0
1.1412 542.153 346.05 1692.01 84.5241 1957.74 120.819 0.669722 0.330278 0
1.14 540.501 345.342 1689.64 84.7183 1956.27 120.769 0.670013 0.329987 0
1.1388 538.852 344.635 1687.27 84.9129 1954.8 120.719 0.670306 0.329694 0
1.1376 537.204 343.928 1684.9 85.1078 1953.33 120.668 0.670599 0.329401 0
1.1364 535.558 343.221 1682.54 85.303 1951.86 120.618 0.670892 0.329108 0
1.1352 533.913 342.514 1680.17 85.4985 1950.39 120.567 0.671187 0.328813 0
1.134 532.271 341.807 1677.81 85.6944 1948.92 120.516 0.671481 0.328519 0
1.1328 530.63 341.1 1675.45 85.8905 1947.45 120.466 0.671777 0.328223 0
1.1316 528.992 340.393 1673.09 86.087 1945.99 120.415 0.672073 0.327927 0
1.1304 527.355 339.686 1670.73 86.2838 1944.52 120.365 0.672369 0.327631 0
1.1292 525.72 338.979 1668.37 86.481 1943.05 120.314 0.672666 0.327334 0
1.128 524.087 338.272 1666.02 86.6784 1941.58 120.263 0.672964 0.327036 0
1.1268 522.456 337.566 1663.66 86.8762 1940.11 120.213 0.673262 0.326738 0
1.1256 520.826 336.859 1661.31 87.0744 1938.65 120.162 0.673561 0.326439 0
1.1244 519.199 336.152 1658.96 87.2728 1937.18 120.111 0.67386 0.32614 0
1.1232 517.573 335.446 1656.62 87.4716 1935.71 120.06 0.67416 0.32584 0
1.122 515.95 334.739 1654.27 87.6707 1934.24 120.009 0.674461 0.325539 0
1.1208 514.328 334.033 1651.93 87.8701 1932.78 119.959 0.674762 0.325238 0
1.1196 512.708 333.327 1649.58 88.0699 1931.31 119.908 0.675064 0.324936 0
1.1184 511.089 332.62 1647.24 88.27 1929.84 119.857 0.675367 0.324633 0
1.1172 509.473 331.914 1644.91 88.4705 1928.37 119.806 0.67567 0.32433 0
1.116 507.859 331.208 1642.57 88.6713 1926.91 119.755 0.675974 0.324026 0
1.1148 506.246 330.502 1640.23 88.8724 1925.44 119.704 0.676278 0.323722 0
1.1136 504.635 329.796 1637.9 89.0738 1923.97 119.653 0.676583 0.323417 0
1.1124 503.027 329.09 1635.57 89.2756 1922.51 119.602 0.676888 0.323112 0
1.1112 501.42 328.384 1633.24 89.4778 1921.04 119.551 0.677194 0.322806 0
1.11 499.814 327.678 1630.91 89.6802 1919.57 119.5 0.677501 0.322499 0
1.1088 498.211 326.972 1628.58 89.883 1918.11 119.449 0.677809 0.322191 0
1.1076 496.61 326.267 1626.26 90.0862 1916.64 119.398 0.678117 0.321883 0
1.1064 495.01 325.561 1623.94 90.2897 1915.17 119.346 0.678425 0.321575 0
1.1052 493.413 324.855 1621.62 90.4935 1913.71 119.295 0.678735 0.321265 0
1.104 491.817 324.15 1619.3 90.6977 1912.24 119.244 0.679044 0.320956 0
1.1028 490.223 323.444 1616.98 90.9023 1910.77 119.193 0.679355 0.320645 0
1.1016 488.631 322.739 1614.66 91.1072 1909.31 119.142 0.679666 0.320334 0
1.1004 487.041 322.033 1612.35 91.3124 1907.84 119.09 0.679978 0.320022 0
1.0992 485.452 321.328 1610.04 91.518 1906.38 119.039 0.68029 0.31971 0
1.098 483.866 320.623 1607.73 91.7239 1904.91 118.988 0.680603 0.319397 0
1.0968 482.281 319.918 1605.42 91.9302 1903.44 118.936 0.680917 0.319083 0
1.0956 480.699 319.212 1603.11 92.1369 1901.98 118.885 0.681231 0.318769 0
1.0944 479.118 318.507 1600.8 92.3439 1900.51 118.833 0.681546 0.318454 0
1.0932 477.539 317.802 1598.5 92.5512 1899.05 118.782 0.681862 0.318138 0
1.092 475.962 317.097 1596.2 92.7589 1897.58 118.73 0.682178 0.317822 0
1.0908 474.387 316.393 1593.9 92.967 1896.12 118.679 0.682495 0.317505 0
1.0896 472.813 315.688 1591.6 93.1754 1894.65 118.627 0.682813 0.317187 0
1.0884 471.242 314.983 1589.3 93.3842 1893.19 118.576 0.683131 0.316869 0
1.0872 469.672 314.278 1587.01 93.5934 1891.72 118.524 0.68345 0.31655 0
1.086 468.104 313.574 1584.72 93.8029 1890.26 118.473 0.683769 0.316231 0
1.0848 466.539 312.869 1582.42 94.0128 1888.79 118.421 0.684089 0.315911 0
1.0836 464.975 312.164 1580.14 94.223 1887.33 118.369 0.68441 0.31559 0
1.0824 463.412 311.46 1577.85 94.4336 1885.86 118.318 0.684732 0.315268 0
1.0812 461.852 310.756 1575.56 94.6446 1884.4 118.266 0.685054 0.314946 0
1.08 460.294 310.051 1573.28 94.8559 1882.94 118.214 0.685377 0.314623 0
1.0788 458.737 309.347 1570.99 95.0676 1881.47 118.162 0.6857 0.3143 0
1.0776 457.183 308.643 1568.71 95.2797 1880.01 118.11 0.686024 0.313976 0
1.0764 455.63 307.938 1566.43 95.4921 1878.54 118.059 0.686349 0.313651 0
1.0752 454.079 307.234 1564.16 95.705 1877.08 118.007 0.686675 0.313325 0
1.074 452.53 306.53 1561.88 95.9182 1875.62 117.955 0.687001 0.312999 0
1.0728 450.983 305.826 1559.61 96.1317 1874.15 117.903 0.687328 0.312672 0
1.0716 449.438 305.122 1557.34 96.3457 1872.69 117.851 0.687655 0.312345 0
1.0704 447.895 304.419 1555.07 96.56 1871.23 117.799 0.687983 0.312017 0
1.0692 446.353 303.715 1552.8 96.7747 1869.76 117.747 0.688312 0.311688 0
1.068 444.814 303.011 1550.53 96.9898 1868.3 117.695 0.688642 0.311358 0
1.0668 443.276 302.307 1548.27 97.2052 1866.84 117.643 0.688972 0.311028 0
1.0656 441.74 301.604 1546 97.4211 1865.37 117.591 0.689303 0.310697 0
1.0644 440.206 300.9 1543.74 97.6373 1863.91 117.539 0.689635 0.310365 0
1.0632 438.674 300.197 1541.48 97.8539 1862.45 117.486 0.689967 0.310033 0
1.062 437.144 299.493 1539.22 98.0709 1860.99 117.434 0.6903 0.3097 0
1.0608 435.616 298.79 1536.97 98.2883 1859.52 117.382 0.690634 0.309366 0
1.0596 434.089 298.087 1534.71 98.5061 1858.06 117.33 0.690968 0.309032 0
1.0584 432.565 297.384 1532.46 98.7242 1856.6 117.278 0.691303 0.308697 0
1.0572 431.042 296.68 1530.21 98.9428 1855.14 117.225 0.691639 0.308361 0
1.056 429.521 295.977 1527.96 99.1617 1853.68 117.173 0.691975 0.308025 0
1.0548 428.002 295.274 1525.71 99.3811 1852.21 117.12 0.692313 0.307687 0
1.0536 426.485 294.571 1523.47 99.6008 1850.75 117.068 0.692651 0.307349 0
1.0524 424.97 293.868 1521.22 99.8209 1849.29 117.016 0.692989 0.307011 0
1.0512 423.457 293.166 1518.98 100.041 1847.83 116.963 0.693329 0.306671 0
1.05 421.946 292.463 1516.74 100.262 1846.37 116.911 0.693669 0.306331 0
1.0488 420.436 291.76 1514.5 100.484 1844.91 116.858 0.694009 0.305991 0
1.0476 418.928 291.057 1512.26 100.705 1843.45 116.806 0.694351 0.305649 0
1.0464 417.423 290.355 1510.03 100.928 1841.98 116.753 0.694693 0.305307 0
1.0452 415.919 289.652 1507.8 101.15 1840.52 116.7 0.695036 0.304964 0
1.044 414.417 288.95 1505.56 101.373 1839.06 116.648 0.69538 0.30462 0
1.0428 412.917 288.247 1503.33 101.596 1837.6 116.595 0.695724 0.304276 0
1.0416 411.419 287.545 1501.11 101.82 1836.14 116.542 0.696069 0.303931 0
1.0404 409.923 286.843 1498.88 102.044 1834.68 116.49 0.696415 0.303585 0
1.0392 408.428 286.141 1496.65 102.269 1833.22 116.437 0.696762 0.303238 0
1.038 406.936 285.438 1494.43 102.494 1831.76 116.384 0.697109 0.302891 0
1.0368 405.445 284.736 1492.21 102.719 1830.3 116.331 0.697457 0.302543 0
1.0356 403.956 284.034 1489.99 102.945 1828.84 116.278 0.697806 0.302194 0
1.0344 402.47 283.332 1487.77 103.171 1827.38 116.226 0.698156 0.301844 0
1.0332 400.985 282.631 1485.56 103.398 1825.92 116.173 0.698506 0.301494 0
1.032 399.502 281.929 1483.34 103.625 1824.46 116.12 0.698857 0.301143 0
1.0308 398.021 281.227 1481.13 103.852 1823 116.067 0.699209 0.300791 0
1.0296 396.541 280.525 1478.92 104.08 1821.54 116.014 0.699561 0.300439 0
1.0284 395.064 279.824 1476.71 104.308 1820.08 115.961 0.699915 0.300085 0
1.0272 393.588 279.122 1474.5 104.537 1818.63 115.908 0.700269 0.299731 0
1.026 392.115 278.421 1472.3 104.766 1817.17 115.855 0.700624 0.299376 0
1.0248 390.643 277.719 1470.09 104.996 1815.71 115.801 0.700979 0.299021 0
1.0236 389.173 277.018 1467.89 105.226 1814.25 115.748 0.701335 0.298665 0
1.0224 387.706 276.317 1465.69 105.456 1812.79 115.695 0.701693 0.298307 0
1.0212 386.24 275.615 1463.49 105.687 1811.33 115.642 0.70205 0.29795 0
1.02 384.775 274.914 1461.3 105.918 1809.88 115.589 0.702409 0.297591 0
1.0188 383.313 274.213 1459.1 106.15 1808.42 115.535 0.702769 0.297231 0
1.0176 381.853 273.512 1456.91 106.382 1806.96 115.482 0.703129 0.296871 0
1.0164 380.395 272.811 1454.72 106.615 1805.5 115.429 0.70349 0.29651 0
1.0152 378.938 272.11 1452.53 106.848 1804.04 115.375 0.703851 0.296149 0
1.014 377.483 271.409 1450.34 107.081 1802.59 115.322 0.704214 0.295786 0
1.0128 376.031 270.709 1448.15 107.315 1801.13 115.268 0.704577 0.295423 0
1.0116 374.58 270.008 1445.97 107.55 1799.67 115.215 0.704941 0.295059 0
1.0104 373.131 269.307 1443.79 107.784 1798.22 115.161 0.705306 0.294694 0
1.0092 371.684 268.607 1441.61 108.02 1796.76 115.108 0.705672 0.294328 0
1.008 370.239 267.906 1439.43 108.255 1795.3 115.054 0.706038 0.293962 0
1.0068 368.796 267.206 1437.25 108.492 1793.85 115 0.706406 0.293594 0
1.0056 367.354 266.505 1435.07 108.728 1792.39 114.947 0.706774 0.293226 0
1.0044 365.915 265.805 1432.9 108.965 1790.93 114.893 0.707143 0.292857 0
1.0032 364.477 265.105 1430.73 109.203 1789.48 114.839 0.707512 0.292488 0
1.002 363.042 264.405 1428.56 109.441 1788.02 114.786 0.707883 0.292117 0
1.0008 361.608 263.705 1426.39 109.679 1786.57 114.732 0.708254 0.291746 0
0.9996 360.176 263.004 1424.22 109.918 1785.11 114.678 0.708626 0.291374 0
0.9984 358.746 262.304 1422.05 110.157 1783.65 114.624 0.708999 0.291001 0
0.9972 357.318 261.605 1419.89 110.397 1782.2 114.57 0.709373 0.290627 0
0.996 355.892 260.905 1417.73 110.637 1780.74 114.516 0.709748 0.290252 0
0.9948 354.468 260.205 1415.57 110.878 1779.29 114.462 0.710123 0.289877 0
0.9936 353.046 259.505 1413.41 111.119 1777.83 114.408 0.710499 0.289501 0
0.9924 351.625 258.806 1411.25 111.361 1776.38 114.354 0.710876 0.289124 0
0.9912 350.207 258.106 1409.1 111.603 1774.93 114.3 0.711254 0.288746 0
0.99 348.79 257.407 1406.95 111.845 1773.47 114.246 0.711633 0.288367 0
0.9888 347.376 256.707 1404.79 112.088 1772.02 114.192 0.712012 0.287988 0
0.9876 345.963 256.008 1402.65 112.332 1770.56 114.138 0.712393 0.287607 0
0.9864 344.552 255.308 1400.5 112.576 1769.11 114.083 0.712774 0.287226 0
0.9852 343.143 254.609 1398.35 112.82 1767.66 114.029 0.713156 0.286844 0
0.984 341.736 253.91 1396.21 113.065 1766.2 113.975 0.713539 0.286461 0
0.9828 340.331 253.211 1394.06 113.31 1764.75 113.921 0.713922 0.286078 0
0.9816 338.928 252.512 1391.92 113.556 1763.3 113.866 0.714307 0.285693 0
0.9804 337.526 251.813 1389.78 113.803 1761.84 113.812 0.714692 0.285308 0
0.9792 336.127 251.114 1387.65 114.05 1760.39 113.757 0.715079 0.284921 0
0.978 334.73 250.415 1385.51 114.297 1758.94 113.703 0.715466 0.284534 0
0.9768 333.334 249.716 1383.38 114.545 1757.48 113.649 0.715854 0.284146 0
0.9756 331.94 249.018 1381.24 114.793 1756.03 113.594 0.716243 0.283757 0
0.9744 330.549 248.319 1379.11 115.042 1754.58 113.539 0.716632 0.283368 0
0.9732 329.159 247.621 1376.98 115.291 1753.13 113.485 0.717023 0.282977 0
0.972 327.771 246.922 1374.86 115.541 1751.68 113.43 0.717414 0.282586 0
0.9708 326.385 246.224 1372.73 115.791 1750.22 113.375 0.717807 0.282193 0
0.9696 325.001 245.525 1370.61 116.042 1748.77 113.321 0.7182 0.2818 0
0.9684 323.619 244.827 1368.49 116.293 1747.32 113.266 0.718594 0.281406 0
0.9672 322.238 244.129 1366.37 116.545 1745.87 113.211 0.718989 0.281011 0
0.966 320.86 243.431 1364.25 116.797 1744.42 113.156 0.719385 0.280615 0
0.9648 319.484 242.732 1362.13 117.05 1742.97 113.102 0.719782 0.280218 0
0.9636 318.109 242.034 1360.02 117.303 1741.52 113.047 0.720179 0.279821 0
0.9624 316.737 241.337 1357.9 117.557 1740.07 112.992 0.720578 0.279422 0
0.9612 315.366 240.639 1355.79 117.811 1738.62 112.937 0.720977 0.279023 0
0.96 313.997 239.941 1353.68 118.066 1737.17 112.882 0.721377 0.278623 0
0.9588 312.63 239.243 1351.57 118.321 1735.72 112.827 0.721779 0.278221 0
0.9576 311.266 238.545 1349.47 118.577 1734.27 112.772 0.722181 0.277819 0
0.9564 309.903 237.848 1347.36 118.834 1732.82 112.716 0.722584 0.277416 0
0.9552 308.542 237.15 1345.26 119.09 1731.37 112.661 0.722988 0.277012 0
0.954 307.182 236.453 1343.16 119.348 1729.92 112.606 0.723392 0.276608 0
0.9528 305.825 235.755 1341.06 119.606 1728.47 112.551 0.723798 0.276202 0
0.9516 304.47 235.058 1338.96 119.864 1727.02 112.495 0.724205 0.275795 0
0.9504 303.117 234.361 1336.87 120.123 1725.57 112.44 0.724612 0.275388 0
0.9492 301.765 233.664 1334.77 120.383 1724.12 112.385 0.725021 0.274979 0
0.948 300.416 232.966 1332.68 120.643 1722.68 112.329 0.72543 0.27457 0
0.9468 299.068 232.269 1330.59 120.903 1721.23 112.274 0.725841 0.274159 0
0.9456 297.722 231.572 1328.5 121.164 1719.78 112.218 0.726252 0.273748 0
0.9444 296.379 230.875 1326.41 121.426 1718.33 112.163 0.726664 0.273336 0
0.9432 295.037 230.179 1324.33 121.688 1716.88 112.107 0.727077 0.272923 0
0.942 293.697 229.482 1322.25 121.951 1715.44 112.052 0.727491 0.272509 0
0.9408 292.359 228.785 1320.16 122.214 1713.99 111.996 0.727907 0.272093 0
0.9396 291.023 228.088 1318.08 122.478 1712.54 111.94 0.728322 0.271678 0
0.9384 289.689 227.392 1316 122.742 1711.1 111.885 0.728739 0.271261 0
0.9372 288.357 226.695 1313.93 123.007 1709.65 111.829 0.729157 0.270843 0
0.936 287.026 225.999 1311.85 123.272 1708.2 111.773 0.729576 0.270424 0
0.9348 285.698 225.302 1309.78 123.538 1706.76 111.717 0.729996 0.270004 0
0.9336 284.372 224.606 1307.71 123.805 1705.31 111.661 0.730417 0.269583 0
0.9324 283.047 223.91 1305.64 124.072 1703.87 111.606 0.730838 0.269162 0
0.9312 281.725 223.214 1303.57 124.339 1702.42 111.55 0.731261 0.268739 0
0.93 280.404 222.518 1301.5 124.607 1700.98 111.494 0.731685 0.268315 0
0.9288 279.086 221.822 1299.44 124.876 1699.53 111.438 0.732109 0.267891 0
0.9276 277.769 221.126 1297.38 125.145 1698.09 111.381 0.732535 0.267465 0
0.9264 276.454 220.43 1295.31 125.415 1696.64 111.325 0.732962 0.267038 0
0.9252 275.141 219.734 1293.26 125.686 1695.2 111.269 0.733389 0.266611 0
0.924 273.83 219.038 1291.2 125.957 1693.75 111.213 0.733818 0.266182 0
0.9228 272.521 218.342 1289.14 126.228 1692.31 111.157 0.734247 0.265753 0
0.9216 271.214 217.647 1287.09 126.5 1690.87 111.1 0.734678 0.265322 0
0.9204 269.909 216.951 1285.03 126.773 1689.42 111.044 0.735109 0.264891 0
0.9192 268.606 216.256 1282.98 127.046 1687.98 110.988 0.735542 0.264458 0
0.918 267.305 215.56 1280.93 127.32 1686.54 110.931 0.735975 0.264025 0
0.9168 266.006 214.865 1278.89 127.595 1685.09 110.875 0.73641 0.26359 0
0.9156 264.708 214.17 1276.84 127.87 1683.65 110.818 0.736845 0.263155 0
0.9144 263.413 213.474 1274.8 128.145 1682.21 110.762 0.737282 0.262718 0
0.9132 262.119 212.779 1272.76 128.421 1680.77 110.705 0.73772 0.26228 0
0.912 260.828 212.084 1270.72 128.698 1679.32 110.648 0.738158 0.261842 0
0.9108 259.538 211.389 1268.68 128.975 1677.88 110.592 0.738598 0.261402 0
0.9096 258.251 210.694 1266.64 129.253 1676.44 110.535 0.739038 0.260962 0
0.9084 256.965 209.999 1264.6 129.532 1675 110.478 0.73948 0.26052 0
0.9072 255.681 209.304 1262.57 129.811 1673.56 110.421 0.739923 0.260077 0
0.906 254.399 208.61 1260.54 130.091 1672.12 110.365 0.740366 0.259634 0
0.9048 253.119 207.915 1258.51 130.371 1670.68 110.308 0.740811 0.259189 0
0.9036 251.842 207.22 1256.48 130.652 1669.24 110.251 0.741257 0.258743 0
0.9024 250.566 206.526 1254.45 130.934 1667.8 110.194 0.741704 0.258296 0
0.9012 249.292 205.831 1252.43 131.216 1666.36 110.137 0.742151 0.257849 0
0.9 248.02 205.137 1250.4 131.499 1664.92 110.08 0.7426 0.2574 0
0.8988 246.749 204.443 1248.38 131.782 1663.48 110.022 0.74305 0.25695 0
0.8976 245.481 203.748 1246.36 132.066 1662.04 109.965 0.743501 0.256499 0
0.8964 244.215 203.054 1244.35 132.351 1660.6 109.908 0.743953 0.256047 0
0.8952 242.951 202.36 1242.33 132.636 1659.16 109.851 0.744407 0.255593 0
0.894 241.688 201.666 1240.31 132.922 1657.72 109.793 0.744861 0.255139 0
0.8928 240.428 200.972 1238.3 133.208 1656.28 109.736 0.745316 0.254684 0
0.8916 239.17 200.278 1236.29 133.495 1654.85 109.679 0.745772 0.254228 0
0.8904 237.913 199.584 1234.28 133.783 1653.41 109.621 0.74623 0.25377 0
0.8892 236.659 198.89 1232.27 134.071 1651.97 109.564 0.746688 0.253312 0
0.888 235.406 198.197 1230.27 134.36 1650.53 109.506 0.747148 0.252852 0
0.8868 234.155 197.503 1228.26 134.65 1649.1 109.449 0.747609 0.252391 0
0.8856 232.907 196.809 1226.26 134.94 1647.66 109.391 0.74807 0.25193 0
0.8844 231.66 196.116 1224.26 135.231 1646.22 109.333 0.748533 0.251467 0
0.8832 230.415 195.422 1222.26 135.523 1644.79 109.276 0.748997 0.251003 0
0.882 229.173 194.729 1220.26 135.815 1643.35 109.218 0.749462 0.250538 0
0.8808 227.932 194.036 1218.27 136.108 1641.91 109.16 0.749928 0.250072 0
0.8796 226.693 193.342 1216.27 136.401 1640.48 109.102 0.750396 0.249604 0
0.8784 225.456 192.649 1214.28 136.695 1639.04 109.044 0.750864 0.249136 0
0.8772 224.221 191.956 1212.29 136.99 1637.61 108.986 0.751333 0.248667 0
0.876 222.988 191.263 1210.3 137.286 1636.17 108.928 0.751804 0.248196 0
0.8748 221.757 190.57 1208.31 137.582 1634.74 108.87 0.752276 0.247724 0
0.8736 220.528 189.877 1206.33 137.878 1633.31 108.812 0.752749 0.247251 0
0.8724 219.301 189.184 1204.34 138.176 1631.87 108.754 0.753223 0.246777 0
0.8712 218.076 188.491 1202.36 138.474 1630.44 108.696 0.753698 0.246302 0
0.87 216.852 187.799 1200.38 138.773 1629 108.637 0.754174 0.245826 0
0.8688 215.631 187.106 1198.4 139.072 1627.57 108.579 0.754651 0.245349 0
0.8676 214.412 186.413 1196.43 139.372 1626.14 108.521 0.75513 0.24487 0
0.8664 213.195 185.721 1194.45 139.673 1624.71 108.462 0.755609 0.244391 0
0.8652 211.979 185.028 1192.48 139.975 1623.27 108.404 0.75609 0.24391 0
0.864 210.766 184.336 1190.51 140.277 1621.84 108.345 0.756572 0.243428 0
0.8628 209.555 183.644 1188.54 140.58 1620.41 108.287 0.757055 0.242945 0
0.8616 208.345 182.951 1186.57 140.883 1618.98 108.228 0.75754 0.24246 0
0.8604 207.138 182.259 1184.6 141.187 1617.55 108.169 0.758025 0.241975 0
0.8592 205.932 181.567 1182.64 141.492 1616.12 108.111 0.758512 0.241488 0
0.858 204.729 180.875 1180.67 141.798 1614.69 108.052 0.758999 0.241001 0
0.8568 203.527 180.183 1178.71 142.104 1613.26 107.993 0.759488 0.240512 0
0.8556 202.328 179.491 1176.75 142.411 1611.83 107.934 0.759979 0.240021 0
0.8544 201.13 178.799 1174.79 142.719 1610.4 107.875 0.76047 0.23953 0
0.8532 199.935 178.107 1172.84 143.027 1608.97 107.816 0.760962 0.239038 0
0.852 198.741 177.416 1170.88 143.336 1607.54 107.757 0.761456 0.238544 0
0.8508 197.549 176.724 1168.93 143.646 1606.11 107.698 0.761951 0.238049 0
0.8496 196.359 176.032 1166.98 143.957 1604.68 107.639 0.762447 0.237553 0
0.8484 195.172 175.341 1165.03 144.268 1603.25 107.58 0.762944 0.237056 0
0.8472 193.986 174.649 1163.08 144.58 1601.82 107.52 0.763443 0.236557 0
0.846 192.802 173.958 1161.13 144.893 1600.4 107.461 0.763943 0.236057 0
0.8448 191.62 173.266 1159.19 145.206 1598.97 107.402 0.764444 0.235556 0
0.8436 190.441 172.575 1157.25 145.52 1597.54 107.342 0.764946 0.235054 0
0.8424 189.263 171.884 1155.31 145.835 1596.12 107.283 0.765449 0.234551 0
0.8412 188.087 171.193 1153.37 146.151 1594.69 107.223 0.765954 0.234046 0
0.84 186.913 170.502 1151.43 146.467 1593.26 107.164 0.766459 0.233541 0
0.8388 185.741 169.811 1149.49 146.784 1591.84 107.104 0.766966 0.233034 0
0.8376 184.571 169.12 1147.56 147.102 1590.41 107.044 0.767475 0.232525 0
0.8364 183.403 168.429 1145.63 147.421 1588.99 106.985 0.767984 0.232016 0
0.8352 182.237 167.738 1143.69 147.74 1587.56 106.925 0.768495 0.231505 0
0.834 181.073 167.047 1141.77 148.06 1586.14 106.865 0.769007 0.230993 0
0.8328 179.911 166.356 1139.84 148.381 1584.71 106.805 0.76952 0.23048 0
0.8316 178.751 165.665 1137.91 148.703 1583.29 106.745 0.770035 0.229965 0
0.8304 177.593 164.975 1135.99 149.025 1581.87 106.685 0.770551 0.229449 0
0.8292 176.437 164.284 1134.07 149.348 1580.44 106.625 0.771068 0.228932 0
0.828 175.283 163.594 1132.14 149.672 1579.02 106.565 0.771586 0.228414 0
0.8268 174.131 162.903 1130.23 149.997 1577.6 106.505 0.772106 0.227894 0
0.8256 172.981 162.213 1128.31 150.322 1576.18 106.444 0.772626 0.227374 0
0.8244 171.833 161.523 1126.39 150.648 1574.75 106.384 0.773149 0.226851 0
0.8232 170.687 160.832 1124.48 150.975 1573.33 106.324 0.773672 0.226328 0
0.822 169.543 160.142 1122.57 151.303 1571.91 106.263 0.774197 0.225803 0
0.8208 168.401 159.452 1120.66 151.632 1570.49 106.203 0.774723 0.225277 0
0.8196 167.261 158.762 1118.75 151.961 1569.07 106.142 0.77525 0.22475 0
0.8184 166.123 158.072 1116.84 152.291 1567.65 106.082 0.775779 0.224221 0
0.8172 164.987 157.382 1114.94 152.622 1566.23 106.021 0.776309 0.223691 0
0.816 163.853 156.692 1113.03 152.954 1564.81 105.96 0.77684 0.22316 0
0.8148 162.721 156.002 1111.13 153.286 1563.39 105.899 0.777372 0.222628 0
0.8136 161.59 155.312 1109.23 153.62 1561.97 105.838 0.777906 0.222094 0
0.8124 160.462 154.623 1107.33 153.954 1560.55 105.778 0.778441 0.221559 0
0.8112 159.336 153.933 1105.43 154.289 1559.13 105.717 0.778978 0.221022 0
0.81 158.212 153.243 1103.54 154.624 1557.72 105.656 0.779516 0.220484 0
0.8088 157.09 152.554 1101.64 154.961 1556.3 105.594 0.780055 0.219945 0
0.8076 155.97 151.864 1099.75 155.298 1554.88 105.533 0.780595 0.219405 0
0.8064 154.852 151.175 1097.86 155.637 1553.47 105.472 0.781137 0.218863 0
0.8052 153.736 150.485 1095.97 155.976 1552.05 105.411 0.781681 0.218319 0
0.804 152.621 149.796 1094.09 156.316 1550.63 105.349 0.782225 0.217775 0
0.8028 151.509 149.107 1092.2 156.656 1549.22 105.288 0.782771 0.217229 0
0.8016 150.399 148.418 1090.32 156.998 1547.8 105.227 0.783318 0.216682 0
0.8004 149.291 147.728 1088.44 157.34 1546.39 105.165 0.783867 0.216133 0
0.7992 148.185 147.039 1086.56 157.683 1544.97 105.103 0.784417 0.215583 0
0.798 147.081 146.35 1084.68 158.027 1543.56 105.042 0.784968 0.215032 0
0.7968 145.979 145.661 1082.8 158.372 1542.14 104.98 0.785521 0.214479 0
0.7956 144.879 144.972 1080.93 158.718 1540.73 104.918 0.786075 0.213925 0
0.7944 143.781 144.283 1079.05 159.065 1539.32 104.856 0.786631 0.213369 0
0.7932 142.685 143.595 1077.18 159.412 1537.91 104.794 0.787187 0.212813 0
0.792 141.591 142.906 1075.31 159.76 1536.49 104.732 0.787746 0.212254 0
0.7908 140.499 142.217 1073.44 160.11 1535.08 104.67 0.788305 0.211695 0
0.7896 139.409 141.528 1071.58 160.46 1533.67 104.608 0.788867 0.211133 0
0.7884 138.321 140.84 1069.71 160.811 1532.26 104.546 0.789429 0.210571 0
0.7872 137.235 140.151 1067.85 161.162 1530.85 104.484 0.789993 0.210007 0
0.786 136.151 139.463 1065.99 161.515 1529.44 104.421 0.790558 0.209442 0
0.7848 135.069 138.774 1064.13 161.869 1528.03 104.359 0.791125 0.208875 0
0.7836 133.989 138.086 1062.27 162.223 1526.62 104.297 0.791693 0.208307 0
0.7824 132.911 137.397 1060.41 162.579 1525.21 104.234 0.792263 0.207737 0
0.7812 131.835 136.709 1058.56 162.935 1523.8 104.171 0.792834 0.207166 0
0.78 130.761 136.021 1056.7 163.292 1522.39 104.109 0.793406 0.206594 0
0.7788 129.689 135.332 1054.85 163.65 1520.98 104.046 0.79398 0.20602 0
0.7776 128.619 134.644 1053 164.009 1519.58 103.983 0.794556 0.205444 0
0.7764 127.551 133.956 1051.16 164.369 1518.17 103.92 0.795132 0.204868 0
0.7752 126.486 133.268 1049.31 164.73 1516.76 103.857 0.795711 0.204289 0
0.774 125.422 132.58 1047.46 165.091 1515.36 103.794 0.79629 0.20371 0
0.7728 124.36 131.892 1045.62 165.454 1513.95 103.731 0.796872 0.203128 0
0.7716 123.3 131.204 1043.78 165.817 1512.55 103.668 0.797454 0.202546 0
0.7704 122.243 130.516 1041.94 166.182 1511.14 103.605 0.798039 0.201961 0
0.7692 121.187 129.828 1040.1 166.547 1509.74 103.542 0.798624 0.201376 0
0.768 120.133 129.14 1038.27 166.914 1508.33 103.478 0.799211 0.200789 0
0.7668 119.082 128.453 1036.43 167.281 1506.93 103.415 0.7998 0.2002 0
0.7656 118.032 127.765 1034.6 167.649 1505.52 103.351 0.80039 0.19961 0
0.7644 116.984 127.077 1032.77 168.018 1504.12 103.288 0.800982 0.199018 0
0.7632 115.939 126.39 1030.94 168.389 1502.72 103.224 0.801575 0.198425 0
0.762 114.895 125.702 1029.11 168.76 1501.32 103.16 0.802169 0.197831 0
0.7608 113.854 125.014 1027.28 169.132 1499.92 103.096 0.802765 0.197235 0
0.7596 112.814 124.327 1025.46 169.505 1498.51 103.033 0.803363 0.196637 0
0.7584 111.777 123.639 1023.63 169.879 1497.11 102.969 0.803962 0.196038 0
0.7572 110.742 122.952 1021.81 170.254 1495.71 102.905 0.804563 0.195437 0
0.756 109.708 122.265 1019.99 170.629 1494.31 102.84 0.805165 0.194835 0
0.7548 108.677 121.577 1018.18 171.006 1492.91 102.776 0.805769 0.194231 0
0.7536 107.648 120.89 1016.36 171.384 1491.52 102.712 0.806374 0.193626 0
0.7524 106.62 120.203 1014.54 171.763 1490.12 102.648 0.806981 0.193019 0
0.7512 105.595 119.515 1012.73 172.143 1488.72 102.583 0.807589 0.192411 0
0.75 104.572 118.828 1010.92 172.524 1487.32 102.519 0.808199 0.191801 0
0.7488 103.551 118.141 1009.11 172.906 1485.92 102.454 0.80881 0.19119 0
0.7476 102.532 117.454 1007.3 173.289 1484.53 102.39 0.809423 0.190577 0
0.7464 101.515 116.767 1005.5 173.672 1483.13 102.325 0.810038 0.189962 0
0.7452 100.5 116.08 1003.69 174.057 1481.74 102.26 0.810654 0.189346 0
0.744 99.4868 115.393 1001.89 174.443 1480.34 102.195 0.811272 0.188728 0
0.7428 98.4759 114.706 1000.09 174.83 1478.95 102.13 0.811891 0.188109 0
0.7416 97.467 114.019 998.286 175.218 1477.55 102.065 0.812512 0.187488 0
0.7404 96.4602 113.332 996.488 175.607 1476.16 102 0.813135 0.186865 0
0.7392 95.4554 112.645 994.691 175.997 1474.77 101.935 0.813759 0.186241 0
0.738 94.4527 111.958 992.897 176.388 1473.37 101.869 0.814385 0.185615 0
0.7368 93.4521 111.271 991.103 176.78 1471.98 101.804 0.815012 0.184988 0
0.7356 92.4534 110.584 989.312 177.173 1470.59 101.739 0.815641 0.184359 0
0.7344 91.4569 109.898 987.522 177.568 1469.2 101.673 0.816271 0.183729 0
0.7332 90.4623 109.211 985.734 177.963 1467.81 101.607 0.816903 0.183097 0
0.732 89.4699 108.524 983.947 178.359 1466.42 101.542 0.817537 0.182463 0
0.7308 88.4794 107.837 982.162 178.756 1465.03 101.476 0.818173 0.181827 0
0.7296 87.4911 107.151 980.379 179.155 1463.64 101.41 0.81881 0.18119 0
0.7284 86.5048 106.464 978.597 179.554 1462.25 101.344 0.819448 0.180552 0
0.7272 85.5205 105.777 976.818 179.955 1460.86 101.278 0.820088 0.179912 0
0.726 84.5383 105.091 975.039 180.357 1459.47 101.212 0.82073 0.17927 0
0.7248 83.5582 104.404 973.263 180.759 1458.09 101.146 0.821374 0.178626 0
0.7236 82.5801 103.718 971.488 181.163 1456.7 101.079 0.822019 0.177981 0
0.7224 81.6041 103.031 969.714 181.568 1455.31 101.013 0.822666 0.177334 0
0.7212 80.6301 102.345 967.942 181.974 1453.93 100.946 0.823315 0.176685 0
0.72 79.6582 101.658 966.172 182.382 1452.54 100.88 0.823965 0.176035 0
0.7188 78.6884 100.972 964.404 182.79 1451.16 100.813 0.824617 0.175383 0
0.7176 77.7206 100.285 962.637 183.199 1449.77 100.746 0.825271 0.174729 0
0.7164 76.7549 99.5989 960.872 183.61 1448.39 100.679 0.825926 0.174074 0
0.7152 75.7912 98.9124 959.109 184.021 1447.01 100.612 0.826583 0.173417 0
0.714 74.8297 98.2261 957.347 184.434 1445.63 100.545 0.827241 0.172759 0
0.7128 73.8701 97.5397 955.586 184.848 1444.24 100.478 0.827902 0.172098 0
0.7116 72.9127 96.8533 953.828 185.263 1442.86 100.411 0.828564 0.171436 0
0.7104 71.9573 96.167 952.071 185.679 1441.48 100.344 0.829228 0.170772 0
0.7092 71.004 95.4806 950.316 186.097 1440.1 100.276 0.829893 0.170107 0
0.708 70.0527 94.7943 948.562 186.515 1438.72 100.209 0.83056 0.16944 0
0.7068 69.1036 94.108 946.81 186.935 1437.34 100.141 0.831229 0.168771 0
0.7056 68.1565 93.4217 945.06 187.356 1435.96 100.074 0.8319 0.1681 0
0.7044 67.2114 92.7354 943.311 187.778 1434.59 100.006 0.832572 0.167428 0
0.7032 66.2685 92.0491 941.564 188.201 1433.21 99.938 0.833247 0.166753 0
0.702 65.3276 91.3628 939.818 188.625 1431.83 99.87 0.833922 0.166078 0
0.7008 64.3888 90.6766 938.074 189.051 1430.46 99.8019 0.8346 0.1654 0
0.6996 63.452 89.9903 936.332 189.477 1429.08 99.7338 0.835279 0.164721 0
0.6984 62.5174 89.3041 934.591 189.905 1427.7 99.6655 0.83596 0.16404 0
0.6972 61.5848 88.6178 932.852 190.334 1426.33 99.5972 0.836643 0.163357 0
0.696 60.6543 87.9316 931.115 190.765 1424.96 99.5287 0.837328 0.162672 0
0.6948 59.7258 87.2453 929.379 191.196 1423.58 99.4601 0.838014 0.161986 0
0.6936 58.7995 86.5591 927.645 191.629 1422.21 99.3915 0.838703 0.161297 0
0.6924 57.8752 85.8728 925.913 192.063 1420.84 99.3227 0.839392 0.160608 0
0.6912 56.953 85.1866 924.182 192.498 1419.47 99.2538 0.840084 0.159916 0
0.69 56.0329 84.5003 922.453 192.935 1418.1 99.1849 0.840778 0.159222 0
0.6888 55.1149 83.8141 920.725 193.372 1416.72 99.1158 0.841473 0.158527 0
0.6876 54.199 83.1278 918.999 193.811 1415.36 99.0466 0.84217 0.15783 0
0.6864 53.2851 82.4415 917.275 194.251 1413.99 98.9774 0.842869 0.157131 0
0.6852 52.3733 81.7553 915.552 194.693 1412.62 98.908 0.84357 0.15643 0
0.684 51.4637 81.069 913.831 195.136 1411.25 98.8385 0.844272 0.155728 0
0.6828 50.5561 80.3827 912.112 195.579 1409.88 98.7689 0.844977 0.155023 0
0.6816 49.6505 79.6964 910.394 196.025 1408.52 98.6992 0.845683 0.154317 0
0.6804 48.7471 79.0101 908.677 196.471 1407.15 98.6294 0.846391 0.153609 0
0.6792 47.8458 78.3238 906.963 196.919 1405.78 98.5595 0.847101 0.152899 0
0.678 46.9466 77.6374 905.25 197.368 1404.42 98.4895 0.847812 0.152188 0
0.6768 46.0494 76.9511 903.538 197.818 1403.06 98.4194 0.848526 0.151474 0
0.6756 45.1543 76.2647 901.829 198.27 1401.69 98.3491 0.849241 0.150759 0
0.6744 44.2614 75.5784 900.12 198.723 1400.33 98.2788 0.849958 0.150042 0
0.6732 43.3705 74.892 898.414 199.177 1398.97 98.2083 0.850677 0.149323 0
0.672 42.4817 74.2055 896.709 199.633 1397.61 98.1377 0.851398 0.148602 0
0.6708 41.5951 73.5191 895.006 200.09 1396.24 98.0671 0.852121 0.147879 0
0.6696 40.7105 72.8326 893.304 200.548 1394.88 97.9963 0.852845 0.147155 0
0.6684 39.828 72.1462 891.604 201.007 1393.52 97.9254 0.853572 0.146428 0
0.6672 38.9476 71.4596 889.905 201.468 1392.17 97.8543 0.8543 0.1457 0
0.666 38.0693 70.7731 888.208 201.931 1390.81 97.7832 0.85503 0.14497 0
0.6648 37.1931 70.0866 886.513 202.394 1389.45 97.7119 0.855762 0.144238 0
0.6636 36.319 69.4 884.819 202.859 1388.09 97.6406 0.856496 0.143504 0
0.6624 35.447 68.7133 883.127 203.326 1386.74 97.5691 0.857232 0.142768 0
0.6612 34.5771 68.0267 881.437 203.793 1385.38 97.4975 0.857969 0.142031 0
0.66 33.7093 67.34 879.748 204.262 1384.03 97.4258 0.858709 0.141291 0
0.6588 32.8436 66.6533 878.061 204.733 1382.67 97.3539 0.859451 0.140549 0
0.6576 31.98 65.9665 876.375 205.205 1381.32 97.282 0.860194 0.139806 0
0.6564 31.1186 65.2797 874.691 205.678 1379.97 97.2099 0.860939 0.139061 0
0.6552 30.2592 64.5929 873.008 206.152 1378.61 97.1377 0.861686 0.138314 0
0.654 29.4019 63.906 871.327 206.628 1377.26 97.0653 0.862435 0.137565 0
0.6528 28.5467 63.2191 869.648 207.106 1375.91 96.9929 0.863186 0.136814 0
0.6516 27.6937 62.5322 867.97 207.585 1374.56 96.9203 0.863939 0.136061 0
0.6504 26.8427 61.8452 866.294 208.065 1373.21 96.8476 0.864694 0.135306 0
0.6492 25.9939 61.1581 864.62 208.547 1371.86 96.7748 0.865451 0.134549 0
0.648 25.1472 60.471 862.947 209.03 1370.52 96.7018 0.86621 0.13379 0
0.6468 24.3025 59.7839 861.275 209.514 1369.17 96.6288 0.86697 0.13303 0
0.6456 23.46 59.0967 859.606 210 1367.82 96.5556 0.867733 0.132267 0
0.6444 22.6196 58.4094 857.937 210.488 1366.48 96.4822 0.868497 0.131503 0
0.6432 21.7813 57.7221 856.271 210.977 1365.13 96.4088 0.869264 0.130736 0
0.642 20.9452 57.0348 854.606 211.467 1363.79 96.3352 0.870032 0.129968 0
0.6408 20.1111 56.3474 852.942 211.959 1362.44 96.2614 0.870802 0.129198 0
0.6396 19.2792 55.6599 851.281 212.453 1361.1 96.1876 0.871575 0.128425 0
0.6384 18.4493 54.9724 849.62 212.947 1359.76 96.1136 0.872349 0.127651 0
0.6372 17.6216 54.2848 847.962 213.444 1358.42 96.0395 0.873125 0.126875 0
0.636 16.796 53.5971 846.305 213.942 1357.08 95.9652 0.873903 0.126097 0
0.6348 15.9725 52.9094 844.649 214.441 1355.74 95.8908 0.874683 0.125317 0
0.6336 15.1511 52.2216 842.995 214.942 1354.4 95.8163 0.875465 0.124535 0
0.6324 14.3319 51.5337 841.343 215.444 1353.06 95.7416 0.876249 0.123751 0
0.6312 13.5147 50.8458 839.692 215.948 1351.72 95.6668 0.877035 0.122965 0
0.63 12.6997 50.1577 838.043 216.454 1350.38 95.5918 0.877823 0.122177 0
0.6288 11.8868 49.4697 836.395 216.961 1349.05 95.5167 0.878613 0.121387 0
0.6276 11.076 48.7815 834.749 217.469 1347.71 95.4415 0.879405 0.120595 0
0.6264 10.2674 48.0932 833.105 217.98 1346.38 95.3661 0.880199 0.119801 0
0.6252 9.46084 47.4049 831.462 218.491 1345.05 95.2906 0.880994 0.119006 0
0.624 8.65643 46.7165 829.82 219.005 1343.71 95.2149 0.881792 0.118208 0
0.6228 7.85413 46.028 828.181 219.519 1342.38 95.1391 0.882592 0.117408 0
0.6216 7.05395 45.3394 826.542 220.036 1341.05 95.0631 0.883394 0.116606 0
0.6204 6.2559 44.6507 824.906 220.554 1339.72 94.987 0.884197 0.115803 0
0.6192 5.45997 43.962 823.271 221.073 1338.39 94.9108 0.885003 0.114997 0
0.618 4.66616 43.2731 821.637 221.595 1337.06 94.8344 0.885811 0.114189 0
0.6168 3.87448 42.5842 820.005 222.117 1335.73 94.7578 0.88662 0.11338 0
0.6156 3.08492 41.8951 818.375 222.642 1334.4 94.6811 0.887432 0.112568 0
0.6144 2.29749 41.206 816.746 223.168 1333.08 94.6042 0.888246 0.111754 0
0.6132 1.51217 40.5167 815.119 223.696 1331.75 94.5272 0.889061 0.110939 0
0.612 0.728989 39.8273 813.493 224.225 1330.43 94.45 0.889879 0.110121 0
0.6108 -0.0520715 39.1379 811.869 224.756 1329.1 94.3727 0.890698 0.109302 0
0.6096 -0.831006 38.4483 810.246 225.289 1327.78 94.2952 0.89152 0.10848 0
0.6084 -1.60782 37.7586 808.625 225.823 1326.46 94.2175 0.892344 0.107656 0
0.6072 -2.3825 37.0688 807.005 226.359 1325.14 94.1397 0.893169 0.106831 0
0.606 -3.15506 36.3789 805.387 226.897 1323.82 94.0617 0.893997 0.106003 0
0.6048 -3.92549 35.6889 803.771 227.436 1322.5 93.9836 0.894826 0.105174 0
0.6036 -4.69379 34.9987 802.156 227.977 1321.18 93.9053 0.895658 0.104342 0
0.6024 -5.45997 34.3084 800.543 228.52 1319.86 93.8268 0.896491 0.103509 0
0.6012 -6.22402 33.618 798.931 229.064 1318.54 93.7482 0.897326 0.102674 0
0.6 -6.98594 32.9275 797.321 229.611 1317.22 93.6694 0.898164 0.101836 0
0.5988 -7.74574 32.2368 795.712 230.159 1315.91 93.5904 0.899003 0.100997 0
0.5976 -8.50341 31.546 794.105 230.708 1314.59 93.5112 0.899844 0.100156 0
0.5964 -9.25895 30.8551 792.499 231.26 1313.28 93.4319 0.900688 0.0993122 0
0.5952 -10.0124 30.1641 790.895 231.813 1311.97 93.3524 0.901533 0.0984669 0
0.594 -10.7636 29.4728 789.293 232.368 1310.65 93.2727 0.90238 0.0976197 0
0.5928 -11.5128 28.7815 787.692 232.924 1309.34 93.1929 0.903229 0.0967705 0
0.5916 -12.2598 28.09 786.092 233.483 1308.03 93.1129 0.904081 0.0959194 0
0.5904 -13.0047 27.3984 784.494 234.043 1306.72 93.0327 0.904934 0.0950663 0
0.5892 -13.7475 26.7066 782.898 234.605 1305.41 92.9523 0.905789 0.0942112 0
0.588 -14.4882 26.0146 781.303 235.169 1304.11 92.8717 0.906646 0.0933542 0
0.5868 -15.2267 25.3225 779.709 235.734 1302.8 92.7909 0.907505 0.0924953 0
0.5856 -15.9631 24.6303 778.118 236.302 1301.49 92.71 0.908366 0.0916344 0
0.5844 -16.6974 23.9378 776.527 236.871 1300.19 92.6289 0.909228 0.0907716 0
0.5832 -17.4295 23.2452 774.938 237.442 1298.88 92.5475 0.910093 0.0899069 0
0.582 -18.1596 22.5525 773.351 238.015 1297.58 92.466 0.91096 0.0890402 0
0.5808 -18.8875 21.8596 771.765 238.59 1296.28 92.3843 0.911828 0.0881717 0
0.5796 -19.6132 21.1665 770.181 239.166 1294.98 92.3024 0.912699 0.0873012 0
0.5784 -20.3369 20.4732 768.598 239.745 1293.67 92.2203 0.913571 0.0864289 0
0.5772 -21.0584 19.7797 767.017 240.325 1292.38 92.138 0.914445 0.0855546 0
0.576 -21.7778 19.0861 765.438 240.907 1291.08 92.0555 0.915322 0.0846785 0
0.5748 -22.4951 18.3923 763.859 241.492 1289.78 91.9728 0.9162 0.0838005 0
0.5736 -23.2103 17.6983 762.283 242.078 1288.48 91.8899 0.917079 0.0829206 0
0.5724 -23.9233 17.0041 760.708 242.665 1287.18 91.8068 0.917961 0.0820389 0
0.5712 -24.6342 16.3097 759.134 243.255 1285.89 91.7235 0.918845 0.0811553 0
0.57 -25.343 15.6151 757.562 243.847 1284.59 91.64 0.91973 0.0802699 0
0.5688 -26.0497 14.9203 755.991 244.441 1283.3 91.5562 0.920617 0.0793827 0
0.5676 -26.7543 14.2253 754.422 245.036 1282.01 91.4723 0.921506 0.0784937 0
0.5664 -27.4567 13.5301 752.854 245.634 1280.72 91.3881 0.922397 0.0776028 0
0.5652 -28.1571 12.8347 751.288 246.233 1279.43 91.3037 0.92329 0.0767102 0
0.564 -28.8553 12.139 749.724 246.835 1278.14 91.2191 0.924184 0.0758158 0
0.5628 -29.5514 11.4432 748.16 247.438 1276.85 91.1343 0.92508 0.0749196 0
0.5616 -30.2454 10.7471 746.599 248.044 1275.56 91.0492 0.925978 0.0740217 0
0.5604 -30.9373 10.0508 745.039 248.651 1274.27 90.9639 0.926878 0.0731221 0
0.5592 -31.627 9.35432 743.48 249.261 1272.98 90.8784 0.927779 0.0722207 0
0.558 -32.3147 8.65757 741.923 249.872 1271.7 90.7926 0.928682 0.0713177 0
0.5568 -33.0003 7.96059 740.367 250.486 1270.41 90.7067 0.929587 0.070413 0
0.5556 -33.6837 7.26337 738.813 251.101 1269.13 90.6204 0.930493 0.0695066 0
0.5544 -34.3651 6.56591 737.26 251.719 1267.85 90.534 0.931401 0.0685985 0
0.5532 -35.0443 5.86821 735.709 252.338 1266.57 90.4473 0.932311 0.0676889 0
0.552 -35.7215 5.17026 734.159 252.96 1265.29 90.3603 0.933222 0.0667776 0
0.5508 -36.3966 4.47205 732.611 253.584 1264.01 90.2731 0.934135 0.0658647 0
0.5496 -37.0695 3.77359 731.064 254.21 1262.73 90.1857 0.93505 0.0649503 0
0.5484 -37.7404 3.07487 729.519 254.837 1261.45 90.098 0.935966 0.0640344 0
0.5472 -38.4092 2.37589 727.975 255.467 1260.17 90.01 0.936883 0.063117 0
0.546 -39.0759 1.67665 726.433 256.099 1258.9 89.9218 0.937802 0.062198 0
0.5448 -39.7405 0.977131 724.892 256.734 1257.62 89.8333 0.938722 0.0612776 0
0.5436 -40.403 0.27734 723.352 257.37 1256.35 89.7445 0.939644 0.0603558 0
0.5424 -41.0635 -0.422728 721.814 258.008 1255.07 89.6555 0.940567 0.0594326 0
0.5412 -41.7219 -1.12308 720.278 258.649 1253.8 89.5662 0.941492 0.058508 0
0.54 -42.3782 -1.82371 718.743 259.292 1252.53 89.4767 0.942418 0.0575821 0
0.5388 -43.0324 -2.52464 717.209 259.937 1251.26 89.3868 0.943345 0.0566549 0
0.5376 -43.6845 -3.22586 715.677 260.584 1249.99 89.2967 0.944274 0.0557264 0
0.5364 -44.3347 -3.92737 714.146 261.233 1248.72 89.2062 0.945203 0.0547967 0
0.5352 -44.9827 -4.62919 712.617 261.885 1247.45 89.1155 0.946134 0.0538658 0
0.534 -45.6287 -5.33131 711.089 262.538 1246.18 89.0245 0.947066 0.0529338 0
0.5328 -46.2726 -6.03374 709.563 263.194 1244.91 88.9332 0.947999 0.0520006 0
0.5316 -46.9145 -6.73648 708.038 263.852 1243.65 88.8416 0.948934 0.0510664 0
0.5304 -47.5544 -7.43954 706.515 264.513 1242.38 88.7496 0.949869 0.0501312 0
0.5292 -48.1922 -8.14292 704.993 265.175 1241.12 88.6574 0.950805 0.049195 0
0.528 -48.8279 -8.84663 703.472 265.84 1239.86 88.5648 0.951742 0.0482579 0
0.5268 -49.4617 -9.55066 701.953 266.507 1238.59 88.4719 0.95268 0.04732 0
0.5256 -50.0934 -10.255 700.435 267.177 1237.33 88.3787 0.953619 0.0463812 0
0.5244 -50.7231 -10.9597 698.919 267.848 1236.07 88.2852 0.954558 0.0454417 0
0.5232 -51.3508 -11.6648 697.404 268.522 1234.81 88.1913 0.955498 0.0445015 0
0.522 -51.9765 -12.3702 695.891 269.199 1233.55 88.097 0.956439 0.0435607 0
0.5208 -52.6002 -13.0759 694.379 269.877 1232.29 88.0025 0.957381 0.0426194 0
0.5196 -53.222 -13.782 692.868 270.558 1231.04 87.9075 0.958322 0.0416775 0
0.5184 -53.8417 -14.4885 691.359 271.241 1229.78 87.8122 0.959265 0.0407353 0
0.5172 -54.4595 -15.1953 689.851 271.927 1228.52 87.7165 0.960207 0.0397928 0
0.516 -55.0752 -15.9025 688.345 272.615 1227.27 87.6205 0.96115 0.03885 0
0.5148 -55.6891 -16.61 686.84 273.305 1226.01 87.5241 0.962093 0.037907 0
0.5136 -56.301 -17.318 685.337 273.998 1224.76 87.4272 0.963036 0.036964 0
0.5124 -56.9109 -18.0263 683.835 274.693 1223.5 87.33 0.963979 0.0360211 0
0.5112 -57.5189 -18.735 682.334 275.391 1222.25 87.2324 0.964922 0.0350782 0
0.51 -58.1251 -19.4441 680.835 276.091 1221 87.1343 0.965864 0.0341357 0
0.5088 -58.7293 -20.1535 679.337 276.793 1219.75 87.0359 0.966807 0.0331935 0
0.5076 -59.3316 -20.8634 677.84 277.498 1218.5 86.937 0.967748 0.0322517 0
0.5064 -59.932 -21.5737 676.345 278.206 1217.25 86.8376 0.968689 0.0313106 0
0.5052 -60.5306 -22.2844 674.852 278.915 1216 86.7378 0.96963 0.0303703 0
0.504 -61.1273 -22.9954 673.359 279.628 1214.75 86.6376 0.970569 0.0294308 0
0.5028 -61.7221 -23.7069 671.868 280.342 1213.5 86.5368 0.971508 0.0284924 0
0.5016 -62.3152 -24.4189 670.379 281.06 1212.25 86.4356 0.972445 0.0275552 0
0.5004 -62.9064 -25.1312 668.891 281.78 1211 86.3339 0.973381 0.0266194 0
0.4992 -63.4959 -25.8439 667.404 282.502 1209.75 86.2316 0.974315 0.0256852 0
0.498 -64.0836 -26.5571 665.918 283.227 1208.5 86.1289 0.975247 0.0247527 0
0.4968 -64.6696 -27.2707 664.434 283.954 1207.26 86.0256 0.976178 0.0238222 0
0.4956 -65.2538 -27.9848 662.951 284.684 1206.01 85.9217 0.977106 0.0228939 0
0.4944 -65.8364 -28.6993 661.47 285.417 1204.76 85.8173 0.978032 0.0219681 0
0.4932 -66.4173 -29.4142 659.99 286.152 1203.51 85.7122 0.978955 0.021045 0
0.492 -66.9965 -30.1296 658.511 286.89 1202.27 85.6066 0.979875 0.0201249 0
0.4908 -67.5742 -30.8454 657.034 287.63 1201.02 85.5003 0.980792 0.0192081 0
0.4896 -68.1503 -31.5617 655.558 288.373 1199.77 85.3934 0.981705 0.018295 0
0.4884 -68.7248 -32.2784 654.083 289.119 1198.52 85.2857 0.982614 0.0173858 0
0.4872 -69.2979 -32.9956 652.609 289.867 1197.27 85.1774 0.983519 0.016481 0
0.486 -69.8695 -33.7132 651.137 290.618 1196.02 85.0683 0.984419 0.0155811 0
0.4848 -70.4397 -34.4313 649.666 291.372 1194.77 84.9585 0.985314 0.0146864 0
0.4836 -71.0086 -35.1499 648.197 292.128 1193.52 84.8479 0.986202 0.0137976 0
0.4824 -71.5762 -35.8689 646.728 292.887 1192.27 84.7364 0.987085 0.0129151 0
0.4812 -72.1425 -36.5884 645.261 293.649 1191.02 84.624 0.98796 0.0120396 0
0.48 -72.7078 -37.3083 643.795 294.414 1189.77 84.5107 0.988828 0.0111719 0
0.4788 -73.272 -38.0288 642.331 295.181 1188.51 84.3965 0.989687 0.0103126 0
0.4776 -73.8352 -38.7496 640.867 295.951 1187.25 84.2811 0.990537 0.00946284 0
0.4764 -74.3976 -39.471 639.405 296.724 1185.99 84.1647 0.991377 0.00862349 0
0.4752 -74.9593 -40.1928 637.944 297.5 1184.73 84.0471 0.992204 0.00779577 0
0.474 -75.5204 -40.9151 636.484 298.278 1183.47 83.9282 0.993019 0.00698105 0
0.4728 -76.0812 -41.6378 635.026 299.06 1182.2 83.8079 0.993819 0.00618095 0
0.4716 -76.6418 -42.3609 633.568 299.844 1180.93 83.6861 0.994603 0.00539738 0
0.4704 -77.2025 -43.0845 632.111 300.631 1179.65 83.5626 0.995367 0.00463267 0
0.4692 -77.7636 -43.8086 630.656 301.421 1178.37 83.4373 0.99611 0.00388969 0
0.468 -78.3255 -44.533 629.201 302.213 1177.08 83.3099 0.996828 0.00317208 0
0.4668 -78.8888 -45.2579 627.747 303.009 1175.79 83.18 0.997515 0.00248461 0
0.4656 -79.4543 -45.9831 626.294 303.807 1174.48 83.0473 0.998166 0.00183384 0
0.4644 -80.0231 -46.7087 624.842 304.609 1173.17 82.9112 0.998771 0.00122935 0
0.4632 -80.5969 -47.4346 623.389 305.412 1171.83 82.7705 0.999313 0.000686669 0
0.462 -81.1796 -48.1609 621.936 306.219 1170.47 82.6232 0.999764 0.00023626 0
0.4608 -81.7859 -48.8872 620.48 307.026 1169.04 82.4613 1 0 0
0.4596 -82.418 -49.6136 619.021 307.835 1167.54 82.2832 1 0 0
0.4584 -83.0469 -50.3398 617.564 308.648 1166.05 82.1049 1 0 0
0.4572 -83.6724 -51.0659 616.109 309.466 1164.56 81.9264 1 0 0
0.456 -84.2946 -51.7919 614.655 310.287 1163.07 81.7476 1 0 0
0.4548 -84.9134 -52.5178 613.203 311.113 1161.59 81.5687 1 0 0
0.4536 -85.5288 -53.2436 611.753 311.942 1160.11 81.3895 1 0 0
0.4524 -86.1409 -53.9694 610.305 312.776 1158.63 81.2101 1 0 0
0.4512 -86.7496 -54.6951 608.859 313.614 1157.16 81.0305 1 0 0
0.45 -87.355 -55.4207 607.414 314.456 1155.69 80.8506 1 0 0
0.4488 -87.9569 -56.1463 605.972 315.303 1154.22 80.6706 1 0 0
0.4476 -88.5556 -56.8719 604.531 316.154 1152.76 80.4903 1 0 0
0.4464 -89.1508 -57.5974 603.092 317.009 1151.3 80.3098 1 0 0
0.4452 -89.7427 -58.323 601.655 317.868 1149.85 80.1291 1 0 0
0.444 -90.3312 -59.0485 600.219 318.732 1148.4 79.9482 1 0 0
0.4428 -90.9163 -59.774 598.786 319.6 1146.95 79.767 1 0 0
0.4416 -91.4981 -60.4996 597.354 320.472 1145.51 79.5857 1 0 0
0.4404 -92.0764 -61.2252 595.924 321.348 1144.07 79.4041 1 0 0
0.4392 -92.6514 -61.9508 594.496 322.229 1142.63 79.2223 1 0 0
0.438 -93.223 -62.6764 593.069 323.115 1141.2 79.0403 1 0 0
0.4368 -93.7913 -63.4022 591.645 324.005 1139.77 78.8581 1 0 0
0.4356 -94.3561 -64.128 590.222 324.899 1138.35 78.6756 1 0 0
0.4344 -94.9176 -64.8538 588.801 325.798 1136.93 78.493 1 0 0
0.4332 -95.4757 -65.5798 587.381 326.701 1135.52 78.3101 1 0 0
0.432 -96.0303 -66.3059 585.964 327.608 1134.11 78.127 1 0 0
0.4308 -96.5817 -67.0321 584.548 328.52 1132.7 77.9437 1 0 0
0.4296 -97.1296 -67.7584 583.134 329.437 1131.29 77.7602 1 0 0
0.4284 -97.6741 -68.4849 581.721 330.358 1129.9 77.5764 1 0 0
0.4272 -98.2153 -69.2116 580.311 331.283 1128.5 77.3924 1 0 0
0.426 -98.753 -69.9384 578.902 332.213 1127.11 77.2083 1 0 0
0.4248 -99.2874 -70.6654 577.495 333.148 1125.72 77.0239 1 0 0
0.4236 -99.8184 -71.3925 576.089 334.087 1124.34 76.8393 1 0 0
0.4224 -100.346 -72.1199 574.686 335.031 1122.96 76.6545 1 0 0
0.4212 -100.87 -72.8476 573.284 335.979 1121.59 76.4694 1 0 0
0.42 -101.391 -73.5754 571.884 336.932 1120.22 76.2842 1 0 0
0.4188 -101.909 -74.3036 570.485 337.89 1118.86 76.0987 1 0 0
0.4176 -102.423 -75.0319 569.088 338.852 1117.49 75.913 1 0 0
0.4164 -102.933 -75.7606 567.693 339.819 1116.14 75.7271 1 0 0
0.4152 -103.441 -76.4896 566.3 340.79 1114.79 75.541 1 0 0
0.414 -103.945 -77.2188 564.908 341.767 1113.44 75.3547 1 0 0
0.4128 -104.445 -77.9485 563.518 342.747 1112.09 75.1682 1 0 0
0.4116 -104.942 -78.6784 562.13 343.733 1110.76 74.9815 1 0 0
0.4104 -105.436 -79.4087 560.743 344.723 1109.42 74.7945 1 0 0
0.4092 -105.927 -80.1394 559.358 345.718 1108.09 74.6074 1 0 0
0.408 -106.414 -80.8705 557.975 346.718 1106.77 74.42 1 0 0
0.4068 -106.897 -81.602 556.593 347.722 1105.45 74.2324 1 0 0
0.4056 -107.378 -82.3339 555.213 348.731 1104.13 74.0446 1 0 0
0.4044 -107.855 -83.0663 553.834 349.745 1102.82 73.8566 1 0 0
0.4032 -108.328 -83.7991 552.458 350.763 1101.51 73.6684 1 0 0
0.402 -108.799 -84.5324 551.083 351.787 1100.21 73.48 1 0 0
0.4008 -109.266 -85.2662 549.709 352.815 1098.91 73.2913 1 0 0
0.3996 -109.729 -86.0006 548.337 353.848 1097.62 73.1025 1 0 0
0.3984 -110.189 -86.7354 546.967 354.885 1096.33 72.9135 1 0 0
0.3972 -110.646 -87.4708 545.599 355.928 1095.05 72.7242 1 0 0
0.396 -111.1 -88.2068 544.232 356.975 1093.77 72.5348 1 0 0
0.3948 -111.55 -88.9434 542.867 358.027 1092.49 72.3451 1 0 0
0.3936 -111.997 -89.6806 541.503 359.084 1091.22 72.1552 1 0 0
0.3924 -112.441 -90.4185 540.141 360.145 1089.96 71.9651 1 0 0
0.3912 -112.881 -91.1569 538.78 361.212 1088.7 71.7749 1 0 0
0.39 -113.318 -91.8961 537.421 362.283 1087.44 71.5844 1 0 0
0.3888 -113.751 -92.636 536.064 363.359 1086.19 71.3937 1 0 0
0.3876 -114.182 -93.3766 534.708 364.44 1084.95 71.2028 1 0 0
0.3864 -114.609 -94.1179 533.354 365.526 1083.71 71.0117 1 0 0
0.3852 -115.033 -94.86 532.002 366.617 1082.47 70.8204 1 0 0
0.384 -115.453 -95.6028 530.65 367.712 1081.24 70.6289 1 0 0
0.3828 -115.87 -96.3465 529.301 368.812 1080.02 70.4372 1 0 0
0.3816 -116.284 -97.091 527.953 369.918 1078.8 70.2453 1 0 0
0.3804 -116.695 -97.8364 526.607 371.028 1077.58 70.0532 1 0 0
0.3792 -117.102 -98.5826 525.262 372.143 1076.37 69.8609 1 0 0
0.378 -117.506 -99.3298 523.919 373.262 1075.16 69.6684 1 0 0
0.3768 -117.907 -100.078 522.577 374.387 1073.96 69.4758 1 0 0
0.3756 -118.305 -100.827 521.237 375.516 1072.77 69.2829 1 0 0
0.3744 -118.699 -101.577 519.898 376.651 1071.58 69.0898 1 0 0
0.3732 -119.091 -102.328 518.561 377.79 1070.39 68.8965 1 0 0
0.372 -119.479 -103.08 517.225 378.934 1069.21 68.703 1 0 0
0.3708 -119.863 -103.833 515.891 380.083 1068.04 68.5093 1 0 0
0.3696 -120.245 -104.587 514.558 381.237 1066.87 68.3155 1 0 0
0.3684 -120.623 -105.342 513.227 382.396 1065.7 68.1214 1 0 0
0.3672 -120.999 -106.099 511.898 383.559 1064.54 67.9272 1 0 0
0.366 -121.371 -106.856 510.57 384.727 1063.39 67.7327 1 0 0
0.3648 -121.739 -107.615 509.243 385.901 1062.24 67.5381 1 0 0
0.3636 -122.105 -108.375 507.918 387.079 1061.09 67.3432 1 0 0
0.3624 -122.468 -109.136 506.594 388.262 1059.95 67.1482 1 0 0
0.3612 -122.827 -109.899 505.272 389.449 1058.82 66.953 1 0 0
0.36 -123.183 -110.663 503.951 390.642 1057.69 66.7576 1 0 0
0.3588 -123.536 -111.428 502.631 391.839 1056.56 66.562 1 0 0
0.3576 -123.886 -112.194 501.313 393.042 1055.44 66.3662 1 0 0
0.3564 -124.233 -112.962 499.997 394.249 1054.33 66.1702 1 0 0
0.3552 -124.577 -113.732 498.682 395.461 1053.22 65.9741 1 0 0
0.354 -124.918 -114.503 497.368 396.678 1052.12 65.7778 1 0 0
0.3528 -125.256 -115.275 496.056 397.899 1051.02 65.5812 1 0 0
0.3516 -125.59 -116.049 494.745 399.125 1049.93 65.3845 1 0 0
0.3504 -125.922 -116.824 493.436 400.357 1048.84 65.1876 1 0 0
0.3492 -126.25 -117.601 492.128 401.592 1047.76 64.9905 1 0 0
0.348 -126.576 -118.38 490.821 402.833 1046.68 64.7933 1 0 0
0.3468 -126.898 -119.161 489.516 404.079 1045.61 64.5958 1 0 0
0.3456 -127.218 -119.943 488.213 405.329 1044.54 64.3982 1 0 0
0.3444 -127.534 -120.726 486.91 406.584 1043.48 64.2004 1 0 0
0.3432 -127.848 -121.512 485.609 407.844 1042.43 64.0024 1 0 0
0.342 -128.159 -122.299 484.309 409.108 1041.38 63.8042 1 0 0
0.3408 -128.466 -123.089 483.011 410.377 1040.33 63.6058 1 0 0
0.3396 -128.771 -123.88 481.714 411.651 1039.29 63.4073 1 0 0
0.3384 -129.072 -124.673 480.419 412.93 1038.26 63.2086 1 0 0
0.3372 -129.371 -125.468 479.124 414.213 1037.23 63.0097 1 0 0
0.336 -129.667 -126.265 477.832 415.502 1036.2 62.8106 1 0 0
0.3348 -129.96 -127.064 476.54 416.794 1035.18 62.6114 1 0 0
0.3336 -130.25 -127.865 475.25 418.092 1034.17 62.412 1 0 0
0.3324 -130.538 -128.669 473.961 419.394 1033.16 62.2124 1 0 0
0.3312 -130.822 -129.474 472.673 420.7 1032.16 62.0126 1 0 0
0.33 -131.104 -130.282 471.387 422.012 1031.16 61.8127 1 0 0
0.3288 -131.382 -131.092 470.102 423.328 1030.17 61.6125 1 0 0
0.3276 -131.658 -131.905 468.819 424.648 1029.18 61.4122 1 0 0
0.3264 -131.931 -132.719 467.536 425.973 1028.2 61.2118 1 0 0
0.3252 -132.202 -133.536 466.255 427.303 1027.23 61.0111 1 0 0
0.324 -132.469 -134.356 464.975 428.637 1026.25 60.8103 1 0 0
0.3228 -132.734 -135.178 463.697 429.976 1025.29 60.6093 1 0 0
0.3216 -132.996 -136.002 462.42 431.32 1024.33 60.4082 1 0 0
0.3204 -133.255 -136.83 461.144 432.668 1023.37 60.2069 1 0 0
0.3192 -133.512 -137.659 459.869 434.02 1022.42 60.0054 1 0 0
0.318 -133.766 -138.492 458.596 435.377 1021.48 59.8037 1 0 0
0.3168 -134.017 -139.327 457.324 436.738 1020.54 59.6019 1 0 0
0.3156 -134.265 -140.165 456.053 438.104 1019.6 59.3999 1 0 0
0.3144 -134.511 -141.006 454.783 439.474 1018.68 59.1977 1 0 0
0.3132 -134.755 -141.85 453.514 440.849 1017.75 58.9954 1 0 0
0.312 -134.995 -142.696 452.247 442.228 1016.83 58.7928 1 0 0
0.3108 -135.233 -143.546 450.981 443.612 1015.92 58.5902 1 0 0
0.3096 -135.469 -144.399 449.716 445 1015.01 58.3873 1 0 0
0.3084 -135.701 -145.255 448.453 446.392 1014.11 58.1843 1 0 0
0.3072 -135.932 -146.114 447.19 447.789 1013.21 57.9811 1 0 0
0.306 -136.159 -146.976 445.929 449.19 1012.32 57.7778 1 0 0
0.3048 -136.385 -147.842 444.669 450.595 1011.43 57.5743 1 0 0
0.3036 -136.607 -148.711 443.41 452.005 1010.55 57.3706 1 0 0
0.3024 -136.827 -149.583 442.153 453.419 1009.67 57.1668 1 0 0
0.3012 -137.045 -150.459 440.896 454.837 1008.8 56.9628 1 0 0
0.3 -137.26 -151.338 439.641 456.26 1007.94 56.7586 1 0 0
0.2988 -137.473 -152.221 438.387 457.686 1007.08 56.5543 1 0 0
0.2976 -137.683 -153.107 437.134 459.117 1006.22 56.3498 1 0 0
0.2964 -137.891 -153.998 435.882 460.552 1005.37 56.1452 1 0 0
0.2952 -138.096 -154.892 434.631 461.992 1004.52 55.9403 1 0 0
0.294 -138.299 -155.79 433.382 463.435 1003.68 55.7354 1 0 0
0.2928 -138.5 -156.692 432.133 464.883 1002.85 55.5302 1 0 0
0.2916 -138.698 -157.597 430.886 466.335 1002.02 55.3249 1 0 0
0.2904 -138.894 -158.507 429.64 467.79 1001.19 55.1195 1 0 0
0.2892 -139.088 -159.421 428.395 469.25 1000.37 54.9138 1 0 0
0.288 -139.279 -160.34 427.151 470.714 999.556 54.708 1 0 0
0.2868 -139.468 -161.262 425.908 472.183 998.746 54.5021 1 0 0
0.2856 -139.655 -162.189 424.667 473.655 997.941 54.296 1 0 0
0.2844 -139.839 -163.121 423.426 475.131 997.141 54.0897 1 0 0
0.2832 -140.021 -164.056 422.186 476.611 996.346 53.8832 1 0 0
0.282 -140.201 -164.997 420.948 478.095 995.556 53.6766 1 0 0
0.2808 -140.379 -165.942 419.711 479.584 994.771 53.4699 1 0 0
0.2796 -140.554 -166.892 418.474 481.076 993.991 53.263 1 0 0
0.2784 -140.728 -167.847 417.239 482.572 993.216 53.0559 1 0 0
0.2772 -140.899 -168.806 416.005 484.072 992.446 52.8486 1 0 0
0.276 -141.068 -169.771 414.772 485.576 991.681 52.6412 1 0 0
0.2748 -141.235 -170.741 413.54 487.083 990.921 52.4337 1 0 0
0.2736 -141.399 -171.716 412.309 488.595 990.166 52.2259 1 0 0
0.2724 -141.562 -172.696 411.079 490.111 989.415 52.018 1 0 0
0.2712 -141.722 -173.681 409.85 491.63 988.67 51.81 1 0 0
0.27 -141.881 -174.672 408.622 493.153 987.93 51.6018 1 0 0
0.2688 -142.037 -175.669 407.395 494.68 987.194 51.3934 1 0 0
0.2676 -142.192 -176.671 406.169 496.211 986.463 51.1849 1 0 0
0.2664 -142.344 -177.679 404.944 497.745 985.737 50.9762 1 0 0
0.2652 -142.494 -178.693 403.72 499.284 985.016 50.7673 1 0 0
0.264 -142.642 -179.713 402.497 500.826 984.3 50.5583 1 0 0
0.2628 -142.789 -180.739 401.276 502.371 983.588 50.3491 1 0 0
0.2616 -142.933 -181.771 400.055 503.921 982.881 50.1398 1 0 0
0.2604 -143.075 -182.809 398.835 505.474 982.179 49.9302 1 0 0
0.2592 -143.216 -183.853 397.616 507.031 981.482 49.7206 1 0 0
0.258 -143.354 -184.904 396.398 508.591 980.79 49.5107 1 0 0
0.2568 -143.491 -185.962 395.181 510.155 980.102 49.3007 1 0 0
0.2556 -143.626 -187.027 393.965 511.723 979.419 49.0906 1 0 0
0.2544 -143.758 -188.098 392.75 513.294 978.74 48.8803 1 0 0
0.2532 -143.889 -189.176 391.536 514.869 978.067 48.6698 1 0 0
0.252 -144.018 -190.261 390.323 516.447 977.398 48.4591 1 0 0
0.2508 -144.146 -191.354 389.11 518.029 976.733 48.2483 1 0 0
0.2496 -144.271 -192.454 387.899 519.615 976.073 48.0373 1 0 0
0.2484 -144.395 -193.561 386.689 521.204 975.418 47.8262 1 0 0
0.2472 -144.517 -194.676 385.479 522.797 974.768 47.6149 1 0 0
0.246 -144.637 -195.798 384.271 524.393 974.122 47.4034 1 0 0
0.2448 -144.755 -196.929 383.063 525.992 973.481 47.1918 1 0 0
0.2436 -144.872 -198.067 381.857 527.595 972.844 46.98 1 0 0
0.2424 -144.987 -199.213 380.651 529.202 972.212 46.768 1 0 0
0.2412 -145.1 -200.368 379.446 530.812 971.584 46.5558 1 0 0
0.24 -145.212 -201.531 378.242 532.425 970.961 46.3435 1 0 0
0.2388 -145.321 -202.703 377.039 534.042 970.342 46.1311 1 0 0
0.2376 -145.429 -203.884 375.837 535.662 969.728 45.9184 1 0 0
0.2364 -145.536 -205.073 374.636 537.286 969.118 45.7056 1 0 0
0.2352 -145.641 -206.272 373.435 538.913 968.513 45.4926 1 0 0
0.234 -145.744 -207.479 372.236 540.543 967.912 45.2795 1 0 0
0.2328 -145.846 -208.696 371.037 542.177 967.316 45.0662 1 0 0
0.2316 -145.946 -209.923 369.839 543.814 966.724 44.8527 1 0 0
0.2304 -146.044 -211.159 368.642 545.455 966.137 44.639 1 0 0
0.2292 -146.141 -212.405 367.446 547.099 965.554 44.4252 1 0 0
0.228 -146.236 -213.661 366.251 548.746 964.975 44.2112 1 0 0
0.2268 -146.33 -214.927 365.056 550.396 964.401 43.997 1 0 0
0.2256 -146.422 -216.204 363.863 552.05 963.831 43.7827 1 0 0
0.2244 -146.513 -217.492 362.67 553.707 963.266 43.5682 1 0 0
0.2232 -146.602 -218.79 361.478 555.367 962.704 43.3535 1 0 0
0.222 -146.69 -220.099 360.287 557.031 962.148 43.1386 1 0 0
0.2208 -146.776 -221.42 359.096 558.698 961.595 42.9236 1 0 0
0.2196 -146.861 -222.752 357.907 560.368 961.047 42.7084 1 0 0
0.2184 -146.944 -224.095 356.718 562.041 960.503 42.493 1 0 0
0.2172 -147.026 -225.451 355.53 563.718 959.963 42.2774 1 0 0
0.216 -147.107 -226.818 354.343 565.398 959.428 42.0617 1 0 0
0.2148 -147.186 -228.198 353.157 567.081 958.897 41.8458 1 0 0
0.2136 -147.264 -229.59 351.971 568.767 958.37 41.6297 1 0 0
0.2124 -147.34 -230.995 350.787 570.457 957.847 41.4135 1 0 0
0.2112 -147.415 -232.413 349.603 572.15 957.329 41.197 1 0 0
0.21 -147.488 -233.845 348.42 573.846 956.815 40.9804 1 0 0
0.2088 -147.561 -235.29 347.237 575.545 956.305 40.7636 1 0 0
0.2076 -147.632 -236.748 346.056 577.247 955.799 40.5466 1 0 0
0.2064 -147.701 -238.221 344.875 578.953 955.298 40.3295 1 0 0
0.2052 -147.769 -239.708 343.695 580.661 954.801 40.1121 1 0 0
0.204 -147.836 -241.209 342.515 582.373 954.307 39.8946 1 0 0
0.2028 -147.902 -242.726 341.336 584.088 953.819 39.6769 1 0 0
0.2016 -147.967 -244.257 340.159 585.807 953.334 39.459 1 0 0
0.2004 -148.03 -245.804 338.981 587.528 952.853 39.241 1 0 0
0.1992 -148.092 -247.367 337.805 589.253 952.377 39.0227 1 0 0
0.198 -148.152 -248.946 336.629 590.981 951.904 38.8043 1 0 0
0.1968 -148.212 -250.541 335.454 592.712 951.436 38.5857 1 0 0
0.1956 -148.27 -252.153 334.28 594.446 950.972 38.3669 1 0 0
0.1944 -148.327 -253.782 333.107 596.183 950.512 38.1479 1 0 0
0.1932 -148.383 -255.428 331.934 597.924 950.056 37.9288 1 0 0
0.192 -148.437 -257.092 330.762 599.668 949.605 37.7094 1 0 0
0.1908 -148.491 -258.775 329.59 601.415 949.157 37.4899 1 0 0
0.1896 -148.543 -260.475 328.419 603.165 948.714 37.2702 1 0 0
0.1884 -148.594 -262.195 327.249 604.918 948.274 37.0503 1 0 0
0.1872 -148.645 -263.934 326.08 606.674 947.839 36.8302 1 0 0
0.186 -148.693 -265.692 324.911 608.434 947.408 36.6099 1 0 0
0.1848 -148.741 -267.471 323.743 610.197 946.981 36.3894 1 0 0
0.1836 -148.788 -269.27 322.576 611.963 946.558 36.1688 1 0 0
0.1824 -148.834 -271.089 321.409 613.732 946.139 35.9479 1 0 0
0.1812 -148.878 -272.931 320.243 615.504 945.724 35.7269 1 0 0
0.18 -148.922 -274.794 319.078 617.28 945.313 35.5057 1 0 0
0.1788 -148.964 -276.679 317.913 619.059 944.907 35.2843 1 0 0
0.1776 -149.005 -278.587 316.749 620.841 944.504 35.0627 1 0 0
0.1764 -149.046 -280.518 315.586 622.626 944.106 34.8409 1 0 0
0.1752 -149.085 -282.473 314.423 624.414 943.711 34.6189 1 0 0
0.174 -149.123 -284.452 313.261 626.206 943.321 34.3967 1 0 0
0.1728 -149.161 -286.456 312.1 628.001 942.935 34.1744 1 0 0
0.1716 -149.197 -288.486 310.939 629.799 942.552 33.9518 1 0 0
0.1704 -149.232 -290.541 309.779 631.601 942.174 33.7291 1 0 0
0.1692 -149.266 -292.623 308.619 633.405 941.8 33.5061 1 0 0
0.168 -149.3 -294.732 307.46 635.213 941.43 33.283 1 0 0
0.1668 -149.332 -296.868 306.302 637.025 941.064 33.0597 1 0 0
0.1656 -149.364 -299.033 305.144 638.839 940.703 32.8361 1 0 0
0.1644 -149.394 -301.227 303.987 640.657 940.345 32.6124 1 0 0
0.1632 -149.424 -303.45 302.83 642.478 939.991 32.3885 1 0 0
0.162 -149.452 -305.704 301.674 644.303 939.642 32.1644 1 0 0
0.1608 -149.48 -307.989 300.519 646.131 939.296 31.9401 1 0 0
0.1596 -149.507 -310.306 299.364 647.962 938.955 31.7156 1 0 0
0.1584 -149.533 -312.655 298.21 649.797 938.618 31.491 1 0 0
0.1572 -149.558 -315.037 297.056 651.635 938.285 31.2661 1 0 0
0.156 -149.582 -317.454 295.903 653.476 937.956 31.041 1 0 0
0.1548 -149.605 -319.906 294.751 655.321 937.631 30.8158 1 0 0
0.1536 -149.628 -322.393 293.599 657.169 937.311 30.5903 1 0 0
0.1524 -149.649 -324.917 292.447 659.021 936.994 30.3646 1 0 0
0.1512 -149.67 -327.478 291.296 660.876 936.682 30.1388 1 0 0
0.15 -149.69 -330.078 290.146 662.734 936.374 29.9128 1 0 0
0.1488 -149.709 -332.718 288.996 664.597 936.07 29.6865 1 0 0
0.1476 -149.728 -335.398 287.847 666.462 935.77 29.4601 1 0 0
0.1464 -149.745 -338.119 286.699 668.331 935.474 29.2335 1 0 0
0.1452 -149.762 -340.883 285.55 670.204 935.183 29.0066 1 0 0
0.144 -149.778 -343.691 284.403 672.081 934.896 28.7796 1 0 0
0.1428 -149.793 -346.544 283.256 673.96 934.613 28.5524 1 0 0
0.1416 -149.807 -349.442 282.109 675.844 934.334 28.325 1 0 0
0.1404 -149.821 -352.388 280.963 677.731 934.06 28.0974 1 0 0
0.1392 -149.834 -355.382 279.817 679.622 933.79 27.8696 1 0 0
0.138 -149.846 -358.425 278.672 681.517 933.524 27.6416 1 0 0
0.1368 -149.858 -361.52 277.528 683.415 933.262 27.4134 1 0 0
0.1356 -149.868 -364.668 276.384 685.317 933.005 27.185 1 0 0
0.1344 -149.878 -367.869 275.24 687.223 932.752 26.9564 1 0 0
0.1332 -149.888 -371.126 274.097 689.132 932.503 26.7276 1 0 0
0.132 -149.896 -374.439 272.955 691.046 932.259 26.4987 1 0 0
0.1308 -149.904 -377.812 271.812 692.963 932.019 26.2695 1 0 0
0.1296 -149.912 -381.244 270.671 694.884 931.784 26.0401 1 0 0
0.1284 -149.918 -384.739 269.53 696.809 931.553 25.8106 1 0 0
0.1272 -149.924 -388.297 268.389 698.738 931.326 25.5808 1 0 0
0.126 -149.929 -391.921 267.249 700.671 931.104 25.3509 1 0 0
0.1248 -149.934 -395.613 266.109 702.608 930.887 25.1208 1 0 0
0.1236 -149.938 -399.374 264.969 704.548 930.674 24.8904 1 0 0
0.1224 -149.941 -403.206 263.83 706.493 930.465 24.6599 1 0 0
0.1212 -149.944 -407.113 262.692 708.443 930.261 24.4292 1 0 0
0.12 -149.946 -411.096 261.554 710.396 930.062 24.1983 1 0 0
0.1188 -149.948 -415.157 260.416 712.353 929.867 23.9672 1 0 0
0.1176 -149.949 -419.299 259.279 714.315 929.677 23.7359 1 0 0
0.1164 -149.949 -423.525 258.142 716.28 929.491 23.5044 1 0 0
0.1152 -149.949 -427.836 257.006 718.251 929.31 23.2727 1 0 0
0.114 -149.948 -432.237 255.87 720.225 929.134 23.0409 1 0 0
0.1128 -149.947 -436.729 254.734 722.204 928.963 22.8088 1 0 0
0.1116 -149.945 -441.317 253.599 724.187 928.796 22.5766 1 0 0
0.1104 -149.943 -446.002 252.464 726.174 928.634 22.3441 1 0 0
0.1092 -149.94 -450.788 251.33 728.166 928.477 22.1115 1 0 0
0.108 -149.937 -455.679 250.196 730.163 928.325 21.8787 1 0 0
0.1068 -149.933 -460.678 249.062 732.164 928.178 21.6457 1 0 0
0.1056 -149.928 -465.789 247.929 734.17 928.035 21.4125 1 0 0
0.1044 -149.923 -471.017 246.796 736.18 927.898 21.1791 1 0 0
0.1032 -149.918 -476.364 245.663 738.196 927.765 20.9456 1 0 0
0.102 -149.912 -481.835 244.531 740.215 927.638 20.7118 1 0 0
0.1008 -149.906 -487.435 243.399 742.24 927.516 20.4779 1 0 0
0.0996 -149.899 -493.169 242.268 744.27 927.398 20.2437 1 0 0
0.0984 -149.891 -499.041 241.136 746.304 927.286 20.0094 1 0 0
0.0972 -149.884 -505.056 240.006 748.344 927.179 19.7749 1 0 0
0.096 -149.876 -511.221 238.875 750.388 927.078 19.5402 1 0 0
0.0948 -149.867 -517.541 237.745 752.438 926.981 19.3054 1 0 0
0.0936 -149.858 -524.021 236.615 754.492 926.89 19.0703 1 0 0
0.0924 -149.849 -530.669 235.485 756.552 926.804 18.8351 1 0 0
0.0912 -149.839 -537.491 234.356 758.617 926.724 18.5997 1 0 0
0.09 -149.829 -544.493 233.227 760.688 926.649 18.3641 1 0 0
0.0888 -149.818 -551.683 232.098 762.764 926.579 18.1283 1 0 0
0.0876 -149.807 -559.07 230.97 764.845 926.515 17.8923 1 0 0
0.0864 -149.796 -566.661 229.842 766.932 926.457 17.6562 1 0 0
0.0852 -149.784 -574.465 228.714 769.024 926.404 17.4198 1 0 0
0.084 -149.772 -582.492 227.586 771.122 926.356 17.1833 1 0 0
0.0828 -149.76 -590.75 226.459 773.226 926.315 16.9466 1 0 0
0.0816 -149.747 -599.251 225.332 775.335 926.279 16.7098 1 0 0
0.0804 -149.735 -608.005 224.205 777.45 926.249 16.4727 1 0 0
0.0792 -149.721 -617.024 223.078 779.572 926.225 16.2355 1 0 0
0.078 -149.708 -626.319 221.952 781.699 926.207 15.9981 1 0 0
0.0768 -149.694 -635.906 220.826 783.832 926.195 15.7605 1 0 0
0.0756 -149.68 -645.796 219.7 785.972 926.189 15.5227 1 0 0
0.0744 -149.666 -656.006 218.574 788.118 926.189 15.2848 1 0 0
0.0732 -149.651 -666.55 217.449 790.27 926.196 15.0466 1 0 0
0.072 -149.636 -677.446 216.323 792.428 926.208 14.8083 1 0 0
0.0708 -149.621 -688.711 215.198 794.593 926.227 14.5698 1 0 0
0.0696 -149.606 -700.365 214.073 796.765 926.252 14.3312 1 0 0
0.0684 -149.591 -712.429 212.949 798.943 926.283 14.0923 1 0 0
0.0672 -149.575 -724.924 211.824 801.129 926.321 13.8533 1 0 0
0.066 -149.56 -737.875 210.7 803.321 926.366 13.6141 1 0 0
0.0648 -149.544 -751.306 209.575 805.52 926.417 13.3747 1 0 0
0.0636 -149.527 -765.244 208.451 807.726 926.475 13.1351 1 0 0
0.0624 -149.511 -779.72 207.327 809.939 926.539 12.8954 1 0 0
0.0612 -149.495 -794.765 206.203 812.16 926.611 12.6554 1 0 0
0.06 -149.478 -810.414 205.08 814.388 926.689 12.4153 1 0 0
0.0588 -149.462 -826.702 203.956 816.624 926.774 12.175 1 0 0
0.0576 -149.445 -843.671 202.833 818.867 926.867 11.9345 1 0 0
0.0564 -149.428 -861.365 201.709 821.118 926.966 11.6938 1 0 0
0.0552 -149.412 -879.83 200.586 823.377 927.073 11.453 1 0 0
0.054 -149.395 -899.118 199.463 825.644 927.187 11.2119 1 0 0
0.0528 -149.378 -919.285 198.34 827.919 927.308 10.9707 1 0 0
0.0516 -149.361 -940.393 197.217 830.202 927.437 10.7293 1 0 0
0.0504 -149.344 -962.51 196.094 832.494 927.573 10.4876 1 0 0
0.0492 -149.327 -985.709 194.971 834.794 927.717 10.2458 1 0 0
0.048 -149.31 -1010.07 193.848 837.103 927.868 10.0038 1 0 0
0.0468 -149.293 -1035.69 192.725 839.421 928.027 9.76156 1 0 0
0.0456 -149.276 -1062.66 191.602 841.748 928.195 9.51913 1 0 0
0.0444 -149.26 -1091.09 190.479 844.084 928.37 9.2765 1 0 0
0.0432 -149.243 -1121.1 189.356 846.43 928.553 9.03365 1 0 0
0.042 -149.226 -1152.84 188.234 848.785 928.744 8.79059 1 0 0
0.0408 -149.21 -1186.45 187.111 851.149 928.943 8.54731 1 0 0
0.0396 -149.194 -1222.1 185.988 853.524 929.15 8.3038 1 0 0
0.0384 -149.177 -1259.98 184.865 855.908 929.366 8.06007 1 0 0
0.0372 -149.161 -1300.32 183.742 858.303 929.59 7.8161 1 0 0
0.036 -149.146 -1343.35 182.619 860.708 929.823 7.57189 1 0 0
0.0348 -149.13 -1389.36 181.496 863.124 930.064 7.32743 1 0 0
0.0336 -149.115 -1438.67 180.373 865.55 930.313 7.08271 1 0 0
0.0324 -149.099 -1491.64 179.25 867.988 930.572 6.83773 1 0 0
0.0312 -149.084 -1548.69 178.127 870.436 930.839 6.59248 1 0 0
0.03 -149.07 -1610.32 177.003 872.896 931.114 6.34694 1 0 0
0.0288 -149.056 -1677.09 175.88 875.368 931.399 6.1011 1 0 0
0.0276 -149.042 -1749.68 174.756 877.852 931.692 5.85496 1 0 0
0.0264 -149.028 -1828.89 173.632 880.348 931.994 5.6085 1 0 0
0.0252 -149.015 -1915.65 172.509 882.857 932.305 5.36169 1 0 0
0.024 -149.002 -2011.11 171.385 885.378 932.624 5.11453 1 0 0
0.0228 -148.989 -2116.63 170.26 887.912 932.952 4.867 1 0 0
0.0216 -148.977 -2233.89 169.136 890.459 933.288 4.61906 1 0 0
0.0204 -148.966 -2364.97 168.012 893.02 933.633 4.37071 1 0 0
0.0192 -148.954 -2512.46 166.887 895.595 933.986 4.1219 1 0 0
0.018 -148.944 -2679.63 165.762 898.185 934.347 3.87261 1 0 0
0.0168 -148.934 -2870.71 164.637 900.788 934.716 3.62279 1 0 0
0.0156 -148.924 -3091.22 163.512 903.407 935.091 3.37241 1 0 0
0.0144 -148.915 -3348.52 162.386 906.041 935.473 3.12141 1 0 0
0.0132 -148.907 -3652.62 161.26 908.69 935.861 2.86973 1 0 0
0.012 -148.899 -4017.59 160.134 911.356 936.254 2.6173 1 0 0
0.0108 -148.892 -4463.71 159.008 914.038 936.65 2.36404 1 0 0
0.0096 -148.886 -5021.4 157.882 916.737 937.048 2.10983 1 0 0
0.0084 -148.881 -5738.49 156.755 919.453 937.445 1.85453 1 0 0
0.0072 -148.876 -6694.68 155.628 922.187 937.838 1.59798 1 0 0
0.006 -148.872 -8033.43 154.501 924.939 938.222 1.33992 1 0 0
0.0048 -148.869 -10041.6 153.374 927.711 938.59 1.08004 1 0 0
0.0036 -148.866 -13388.8 152.246 930.502 938.929 0.817818 1 0 0
0.0024 -148.865 -20083.2 151.119 933.313 939.214 0.552421 1 0 0
0.0012 -148.864 -40166.7 149.991 936.145 939.388 0.282123 1.00001 0 0
