1763.06 536.878 1.23
1755.97 528.204 1.2187
1748.84 519.551 1.2074
1741.66 510.925 1.1961
1734.43 502.319 1.1848
1727.16 493.738 1.1735
1719.86 485.217 1.1622
1712.54 476.756 1.1509
1705.21 468.361 1.1396
1697.87 460.032 1.1283
1690.51 451.771 1.117
1683.14 443.579 1.1057
1675.76 435.458 1.0944
1668.36 427.409 1.0831
1660.96 419.431 1.0718
1653.54 411.526 1.0605
1646.12 403.693 1.0492
1638.68 395.931 1.0379
1631.23 388.242 1.0266
1623.77 380.623 1.0153
1616.29 373.075 1.004
1608.81 365.602 0.9927
1601.31 358.2 0.9814
1593.79 350.866 0.9701
1586.25 343.596 0.9588
1578.69 336.387 0.9475
1571.1 329.234 0.9362
1563.46 322.131 0.9249
1555.78 315.068 0.9136
1548.03 308.036 0.9023
1540.2 301.016 0.891
1532.25 293.978 0.8797
1524.11 286.855 0.8684
1515.44 279.379 0.8571
1506.59 271.847 0.8458
1497.76 264.427 0.8345
1488.94 257.114 0.8232
1480.12 249.906 0.8119
1471.32 242.809 0.8006
1462.53 235.819 0.7893
1453.74 228.935 0.778
1444.96 222.154 0.7667
1436.18 215.472 0.7554
1427.4 208.886 0.7441
1418.6 202.39 0.7328
1409.78 195.978 0.7215
1400.93 189.637 0.7102
1392 183.351 0.6989
1382.95 177.078 0.6876
1373.61 170.708 0.6763
1364.28 164.446 0.665
1354.99 158.326 0.6537
1345.77 152.347 0.6424
1336.6 146.51 0.6311
1327.49 140.813 0.6198
1318.44 135.256 0.6085
1309.46 129.839 0.5972
1300.53 124.56 0.5859
1291.67 119.418 0.5746
1282.88 114.413 0.5633
1274.14 109.544 0.552
1265.48 104.808 0.5407
1256.87 100.204 0.5294
1248.33 95.7297 0.5181
1239.85 91.3832 0.5068
1231.42 87.1616 0.4955
1223.05 83.0613 0.4842
1214.73 79.078 0.4729
1206.44 75.2063 0.4616
1198.18 71.4383 0.4503
1189.91 67.7629 0.439
1181.6 64.1605 0.4277
1173.13 60.5853 0.4164
1164.14 56.8941 0.4051
1155.22 53.3288 0.3938
1146.47 49.9334 0.3825
1137.9 46.7021 0.3712
1129.49 43.6277 0.3599
1121.23 40.7014 0.3486
1113.09 37.9112 0.3373
1105.03 35.2375 0.326
1096.91 32.6373 0.3147
1087.59 29.7584 0.3034
1077.08 26.6294 0.2921
1066.93 23.7221 0.2808
1057.15 21.0296 0.2695
1047.73 18.5446 0.2582
1038.68 16.2597 0.2469
1030.01 14.1669 0.2356
1021.71 12.2584 0.2243
1013.79 10.5258 0.213
1006.24 8.96091 0.2017
999.075 7.55525 0.1904
992.284 6.30028 0.1791
985.87 5.1873 0.1678
979.828 4.20733 0.1565
974.151 3.35063 0.1452
968.794 2.60282 0.1339
963.765 1.95743 0.1226
959.208 1.42397 0.1113
