1785.6 583.358 1
1774.68 572.494 0.991
1763.78 561.738 0.982
1752.89 551.089 0.973
1742 540.547 0.964
1731.13 530.113 0.955
1720.26 519.787 0.946
1709.41 509.569 0.937
1698.57 499.459 0.928
1687.74 489.458 0.919
1676.92 479.565 0.91
1666.12 469.782 0.901
1655.32 460.107 0.892
1644.55 450.542 0.883
1633.78 441.086 0.874
1623.04 431.741 0.865
1612.3 422.505 0.856
1601.59 413.381 0.847
1590.89 404.366 0.838
1580.21 395.463 0.829
1569.54 386.671 0.82
1558.9 377.991 0.811
1548.27 369.422 0.802
1537.67 360.966 0.793
1527.09 352.622 0.784
1516.53 344.391 0.775
1505.99 336.273 0.766
1495.48 328.268 0.757
1484.99 320.377 0.748
1474.53 312.599 0.739
1464.1 304.937 0.73
1453.7 297.388 0.721
1443.32 289.955 0.712
1432.98 282.637 0.703
1422.67 275.434 0.694
1412.39 268.348 0.685
1402.15 261.377 0.676
1391.94 254.523 0.667
1381.77 247.786 0.658
1371.64 241.165 0.649
1361.55 234.662 0.64
1351.5 228.275 0.631
1341.49 222.007 0.622
1331.53 215.856 0.613
1321.62 209.822 0.604
1311.75 203.906 0.595
1301.93 198.108 0.586
1292.16 192.426 0.577
1282.44 186.862 0.568
1272.77 181.413 0.559
1263.15 176.081 0.55
1253.59 170.862 0.541
1244.07 165.757 0.532
1234.6 160.762 0.523
1225.18 155.875 0.514
1215.79 151.091 0.505
1206.42 146.405 0.496
1197.06 141.805 0.487
1187.67 137.273 0.478
1178.16 132.768 0.469
1168.04 128.071 0.46
1156.91 123 0.451
1145.99 118.123 0.442
1135.28 113.438 0.433
1124.8 108.948 0.424
1114.56 104.651 0.415
1104.57 100.549 0.406
1094.83 96.6403 0.397
1085.36 92.9235 0.388
1076.17 89.3971 0.379
1067.26 86.0586 0.37
1058.63 82.9052 0.361
1050.29 79.9334 0.352
1042.25 77.139 0.343
1034.51 74.5176 0.334
1027.06 72.0641 0.325
1019.92 69.773 0.316
1013.06 67.6383 0.307
1006.5 65.654 0.298
1000.23 63.8138 0.289
994.251 62.1111 0.28
988.546 60.5393 0.271
983.116 59.092 0.262
977.955 57.7627 0.253
973.056 56.5451 0.244
968.413 55.4329 0.235
964.021 54.4204 0.226
959.874 53.5017 0.217
955.967 52.6714 0.208
952.298 51.9244 0.199
948.861 51.2558 0.19
945.655 50.661 0.181
942.679 50.1356 0.172
939.933 49.6753 0.163
937.417 49.2764 0.154
935.135 48.935 0.145
933.09 48.6476 0.136
931.289 48.4105 0.127
929.74 48.2205 0.118
928.451 48.0741 0.109
