1.2 773.323 443.96 1659.55 79.1269 2027.4 214.478 0.630237 0.369763 0
1.1988 771.647 443.316 1657.12 79.2864 2026 214.542 0.630426 0.369574 0
1.1976 769.973 442.671 1654.69 79.4462 2024.6 214.606 0.630617 0.369383 0
1.1964 768.301 442.027 1652.26 79.6061 2023.2 214.669 0.630807 0.369193 0
1.1952 766.63 441.383 1649.83 79.7664 2021.81 214.733 0.630998 0.369002 0
1.194 764.962 440.739 1647.41 79.9268 2020.41 214.796 0.631189 0.368811 0
1.1928 763.295 440.095 1644.99 80.0875 2019.01 214.859 0.631381 0.368619 0
1.1916 761.63 439.452 1642.56 80.2485 2017.62 214.922 0.631573 0.368427 0
1.1904 759.966 438.808 1640.14 80.4097 2016.22 214.985 0.631765 0.368235 0
1.1892 758.304 438.165 1637.72 80.5711 2014.82 215.048 0.631958 0.368042 0
1.188 756.644 437.521 1635.31 80.7328 2013.43 215.111 0.632151 0.367849 0
1.1868 754.986 436.878 1632.89 80.8948 2012.03 215.174 0.632344 0.367656 0
1.1856 753.33 436.235 1630.48 81.057 2010.63 215.236 0.632538 0.367462 0
1.1844 751.675 435.592 1628.07 81.2195 2009.24 215.299 0.632732 0.367268 0
1.1832 750.022 434.949 1625.66 81.3822 2007.84 215.361 0.632926 0.367074 0
1.182 748.37 434.306 1623.25 81.5452 2006.44 215.424 0.633121 0.366879 0
1.1808 746.721 433.663 1620.84 81.7084 2005.05 215.486 0.633316 0.366684 0
1.1796 745.073 433.021 1618.44 81.872 2003.65 215.548 0.633512 0.366488 0
1.1784 743.427 432.378 1616.03 82.0358 2002.26 215.61 0.633708 0.366292 0
1.1772 741.782 431.736 1613.63 82.1998 2000.86 215.672 0.633904 0.366096 0
1.176 740.14 431.093 1611.23 82.3641 1999.46 215.734 0.634101 0.365899 0
1.1748 738.499 430.451 1608.83 82.5287 1998.07 215.796 0.634298 0.365702 0
1.1736 736.859 429.809 1606.43 82.6936 1996.67 215.857 0.634495 0.365505 0
1.1724 735.222 429.167 1604.04 82.8588 1995.28 215.919 0.634693 0.365307 0
1.1712 733.586 428.525 1601.65 83.0242 1993.88 215.98 0.634892 0.365108 0
1.17 731.952 427.884 1599.25 83.1899 1992.48 216.042 0.63509 0.36491 0
1.1688 730.32 427.242 1596.86 83.3559 1991.09 216.103 0.635289 0.364711 0
1.1676 728.689 426.601 1594.48 83.5222 1989.69 216.164 0.635489 0.364511 0
1.1664 727.06 425.959 1592.09 83.6887 1988.3 216.225 0.635689 0.364311 0
1.1652 725.433 425.318 1589.7 83.8556 1986.9 216.286 0.635889 0.364111 0
1.164 723.808 424.677 1587.32 84.0227 1985.5 216.347 0.63609 0.36391 0
1.1628 722.184 424.036 1584.94 84.1902 1984.11 216.408 0.636292 0.363708 0
1.1616 720.562 423.395 1582.56 84.3579 1982.71 216.469 0.636493 0.363507 0
1.1604 718.942 422.754 1580.18 84.5259 1981.32 216.529 0.636695 0.363305 0
1.1592 717.323 422.114 1577.8 84.6942 1979.92 216.59 0.636898 0.363102 0
1.158 715.706 421.473 1575.43 84.8628 1978.53 216.65 0.637101 0.362899 0
1.1568 714.091 420.833 1573.05 85.0317 1977.13 216.711 0.637304 0.362696 0
1.1556 712.478 420.192 1570.68 85.201 1975.74 216.771 0.637508 0.362492 0
1.1544 710.866 419.552 1568.31 85.3705 1974.34 216.831 0.637713 0.362287 0
1.1532 709.256 418.912 1565.94 85.5403 1972.95 216.892 0.637918 0.362082 0
1.152 707.648 418.272 1563.58 85.7104 1971.55 216.952 0.638123 0.361877 0
1.1508 706.042 417.633 1561.21 85.8809 1970.16 217.012 0.638329 0.361671 0
1.1496 704.437 416.993 1558.85 86.0516 1968.76 217.071 0.638535 0.361465 0
1.1484 702.834 416.353 1556.49 86.2227 1967.36 217.131 0.638741 0.361259 0
1.1472 701.233 415.714 1554.13 86.3941 1965.97 217.191 0.638949 0.361051 0
1.146 699.633 415.074 1551.77 86.5658 1964.57 217.251 0.639156 0.360844 0
1.1448 698.035 414.435 1549.41 86.7378 1963.18 217.31 0.639364 0.360636 0
1.1436 696.439 413.796 1547.06 86.9102 1961.78 217.37 0.639573 0.360427 0
1.1424 694.845 413.157 1544.7 87.0828 1960.39 217.429 0.639782 0.360218 0
1.1412 693.252 412.518 1542.35 87.2558 1958.99 217.488 0.639991 0.360009 0
1.14 691.661 411.88 1540 87.4291 1957.6 217.548 0.640201 0.359799 0
1.1388 690.072 411.241 1537.65 87.6027 1956.21 217.607 0.640412 0.359588 0
1.1376 688.485 410.603 1535.31 87.7767 1954.81 217.666 0.640623 0.359377 0
1.1364 686.899 409.964 1532.96 87.951 1953.42 217.725 0.640834 0.359166 0
1.1352 685.315 409.326 1530.62 88.1256 1952.02 217.784 0.641046 0.358954 0
1.134 683.732 408.688 1528.28 88.3006 1950.63 217.842 0.641259 0.358741 0
1.1328 682.152 408.05 1525.94 88.4759 1949.23 217.901 0.641472 0.358528 0
1.1316 680.573 407.412 1523.6 88.6515 1947.84 217.96 0.641686 0.358314 0
1.1304 678.996 406.774 1521.26 88.8275 1946.44 218.018 0.6419 0.3581 0
1.1292 677.42 406.137 1518.93 89.0038 1945.05 218.077 0.642114 0.357886 0
1.128 675.847 405.499 1516.6 89.1805 1943.65 218.135 0.642329 0.357671 0
1.1268 674.275 404.862 1514.26 89.3575 1942.26 218.194 0.642545 0.357455 0
1.1256 672.704 404.225 1511.93 89.5348 1940.87 218.252 0.642761 0.357239 0
1.1244 671.136 403.588 1509.61 89.7125 1939.47 218.31 0.642978 0.357022 0
1.1232 669.569 402.951 1507.28 89.8906 1938.08 218.368 0.643195 0.356805 0
1.122 668.004 402.314 1504.95 90.069 1936.68 218.426 0.643412 0.356588 0
1.1208 666.44 401.677 1502.63 90.2477 1935.29 218.484 0.643631 0.356369 0
1.1196 664.879 401.041 1500.31 90.4269 1933.89 218.542 0.64385 0.35615 0
1.1184 663.319 400.404 1497.99 90.6063 1932.5 218.6 0.644069 0.355931 0
1.1172 661.761 399.768 1495.67 90.7862 1931.11 218.657 0.644289 0.355711 0
1.116 660.204 399.132 1493.36 90.9663 1929.71 218.715 0.644509 0.355491 0
1.1148 658.649 398.496 1491.04 91.1469 1928.32 218.773 0.64473 0.35527 0
1.1136 657.096 397.86 1488.73 91.3278 1926.92 218.83 0.644952 0.355048 0
1.1124 655.545 397.224 1486.42 91.5091 1925.53 218.887 0.645174 0.354826 0
1.1112 653.995 396.588 1484.11 91.6907 1924.14 218.945 0.645397 0.354603 0
1.11 652.447 395.953 1481.8 91.8728 1922.74 219.002 0.64562 0.35438 0
1.1088 650.901 395.318 1479.49 92.0552 1921.35 219.059 0.645844 0.354156 0
1.1076 649.357 394.682 1477.19 92.2379 1919.96 219.116 0.646068 0.353932 0
1.1064 647.814 394.047 1474.88 92.4211 1918.56 219.173 0.646293 0.353707 0
1.1052 646.273 393.412 1472.58 92.6046 1917.17 219.23 0.646519 0.353481 0
1.104 644.734 392.777 1470.28 92.7885 1915.78 219.287 0.646745 0.353255 0
1.1028 643.196 392.143 1467.98 92.9728 1914.38 219.343 0.646971 0.353029 0
1.1016 641.66 391.508 1465.69 93.1574 1912.99 219.4 0.647199 0.352801 0
1.1004 640.126 390.874 1463.39 93.3425 1911.59 219.457 0.647427 0.352573 0
1.0992 638.594 390.239 1461.1 93.5279 1910.2 219.513 0.647655 0.352345 0
1.098 637.063 389.605 1458.81 93.7137 1908.81 219.57 0.647884 0.352116 0
1.0968 635.534 388.971 1456.52 93.8999 1907.41 219.626 0.648114 0.351886 0
1.0956 634.007 388.337 1454.23 94.0866 1906.02 219.682 0.648344 0.351656 0
1.0944 632.481 387.703 1451.94 94.2736 1904.63 219.738 0.648575 0.351425 0
1.0932 630.957 387.07 1449.66 94.4609 1903.24 219.794 0.648807 0.351193 0
1.092 629.435 386.436 1447.38 94.6487 1901.84 219.85 0.649039 0.350961 0
1.0908 627.915 385.803 1445.1 94.8369 1900.45 219.906 0.649272 0.350728 0
1.0896 626.396 385.17 1442.82 95.0255 1899.06 219.962 0.649505 0.350495 0
1.0884 624.879 384.537 1440.54 95.2145 1897.66 220.018 0.649739 0.350261 0
1.0872 623.364 383.904 1438.26 95.4039 1896.27 220.074 0.649974 0.350026 0
1.086 621.851 383.271 1435.99 95.5938 1894.88 220.129 0.650209 0.349791 0
1.0848 620.339 382.638 1433.71 95.784 1893.48 220.185 0.650445 0.349555 0
1.0836 618.829 382.006 1431.44 95.9746 1892.09 220.24 0.650681 0.349319 0
1.0824 617.321 381.373 1429.17 96.1657 1890.7 220.296 0.650919 0.349081 0
1.0812 615.814 380.741 1426.9 96.3571 1889.31 220.351 0.651156 0.348844 0
1.08 614.309 380.109 1424.64 96.549 1887.91 220.406 0.651395 0.348605 0
1.0788 612.806 379.477 1422.37 96.7413 1886.52 220.461 0.651634 0.348366 0
1.0776 611.304 378.845 1420.11 96.934 1885.13 220.516 0.651874 0.348126 0
1.0764 609.805 378.214 1417.85 97.1272 1883.74 220.571 0.652114 0.347886 0
1.0752 608.307 377.582 1415.59 97.3207 1882.34 220.626 0.652356 0.347644 0
1.074 606.81 376.951 1413.33 97.5147 1880.95 220.681 0.652597 0.347403 0
1.0728 605.316 376.32 1411.08 97.7092 1879.56 220.736 0.65284 0.34716 0
1.0716 603.823 375.689 1408.82 97.904 1878.17 220.79 0.653083 0.346917 0
1.0704 602.332 375.058 1406.57 98.0993 1876.77 220.845 0.653327 0.346673 0
1.0692 600.842 374.427 1404.32 98.295 1875.38 220.899 0.653571 0.346429 0
1.068 599.355 373.796 1402.07 98.4912 1873.99 220.954 0.653816 0.346184 0
1.0668 597.869 373.166 1399.82 98.6878 1872.6 221.008 0.654062 0.345938 0
1.0656 596.385 372.536 1397.57 98.8848 1871.21 221.062 0.654309 0.345691 0
1.0644 594.902 371.905 1395.33 99.0823 1869.81 221.116 0.654556 0.345444 0
1.0632 593.421 371.275 1393.08 99.2803 1868.42 221.17 0.654804 0.345196 0
1.062 591.942 370.645 1390.84 99.4786 1867.03 221.224 0.655053 0.344947 0
1.0608 590.465 370.016 1388.6 99.6775 1865.64 221.278 0.655302 0.344698 0
1.0596 588.989 369.386 1386.37 99.8768 1864.25 221.332 0.655552 0.344448 0
1.0584 587.515 368.757 1384.13 100.076 1862.85 221.385 0.655803 0.344197 0
1.0572 586.043 368.127 1381.9 100.277 1861.46 221.439 0.656054 0.343946 0
1.056 584.573 367.498 1379.66 100.477 1860.07 221.492 0.656307 0.343693 0
1.0548 583.104 366.869 1377.43 100.678 1858.68 221.546 0.65656 0.34344 0
1.0536 581.637 366.24 1375.2 100.88 1857.29 221.599 0.656813 0.343187 0
1.0524 580.172 365.612 1372.97 101.082 1855.9 221.652 0.657068 0.342932 0
1.0512 578.708 364.983 1370.75 101.285 1854.5 221.706 0.657323 0.342677 0
1.05 577.246 364.355 1368.52 101.488 1853.11 221.759 0.657579 0.342421 0
1.0488 575.786 363.727 1366.3 101.691 1851.72 221.812 0.657835 0.342165 0
1.0476 574.328 363.099 1364.08 101.895 1850.33 221.864 0.658093 0.341907 0
1.0464 572.871 362.471 1361.86 102.099 1848.94 221.917 0.658351 0.341649 0
1.0452 571.416 361.843 1359.64 102.304 1847.55 221.97 0.65861 0.34139 0
1.044 569.963 361.215 1357.42 102.51 1846.16 222.023 0.65887 0.34113 0
1.0428 568.511 360.588 1355.21 102.715 1844.77 222.075 0.65913 0.34087 0
1.0416 567.062 359.961 1353 102.922 1843.37 222.127 0.659391 0.340609 0
1.0404 565.614 359.333 1350.79 103.129 1841.98 222.18 0.659653 0.340347 0
1.0392 564.167 358.707 1348.58 103.336 1840.59 222.232 0.659916 0.340084 0
1.038 562.723 358.08 1346.37 103.544 1839.2 222.284 0.660179 0.339821 0
1.0368 561.28 357.453 1344.16 103.752 1837.81 222.336 0.660444 0.339556 0
1.0356 559.838 356.827 1341.96 103.961 1836.42 222.388 0.660709 0.339291 0
1.0344 558.399 356.2 1339.76 104.17 1835.03 222.44 0.660975 0.339025 0
1.0332 556.961 355.574 1337.55 104.38 1833.64 222.492 0.661241 0.338759 0
1.032 555.525 354.948 1335.35 104.59 1832.25 222.543 0.661509 0.338491 0
1.0308 554.091 354.322 1333.16 104.801 1830.86 222.595 0.661777 0.338223 0
1.0296 552.658 353.696 1330.96 105.012 1829.47 222.646 0.662046 0.337954 0
1.0284 551.228 353.071 1328.77 105.224 1828.08 222.698 0.662316 0.337684 0
1.0272 549.798 352.446 1326.57 105.436 1826.69 222.749 0.662587 0.337413 0
1.026 548.371 351.82 1324.38 105.649 1825.3 222.8 0.662858 0.337142 0
1.0248 546.945 351.195 1322.19 105.863 1823.9 222.851 0.663131 0.336869 0
1.0236 545.521 350.571 1320 106.076 1822.51 222.902 0.663404 0.336596 0
1.0224 544.099 349.946 1317.82 106.291 1821.12 222.953 0.663678 0.336322 0
1.0212 542.679 349.321 1315.63 106.506 1819.73 223.004 0.663953 0.336047 0
1.02 541.26 348.697 1313.45 106.721 1818.34 223.054 0.664229 0.335771 0
1.0188 539.843 348.073 1311.27 106.937 1816.95 223.105 0.664505 0.335495 0
1.0176 538.427 347.449 1309.09 107.154 1815.56 223.155 0.664783 0.335217 0
1.0164 537.014 346.825 1306.91 107.371 1814.17 223.205 0.665061 0.334939 0
1.0152 535.602 346.201 1304.74 107.589 1812.78 223.256 0.66534 0.33466 0
1.014 534.192 345.578 1302.56 107.807 1811.39 223.306 0.66562 0.33438 0
1.0128 532.783 344.954 1300.39 108.025 1810 223.356 0.665901 0.334099 0
1.0116 531.377 344.331 1298.22 108.245 1808.61 223.405 0.666183 0.333817 0
1.0104 529.972 343.708 1296.05 108.464 1807.22 223.455 0.666465 0.333535 0
1.0092 528.568 343.085 1293.88 108.685 1805.83 223.505 0.666749 0.333251 0
1.008 527.167 342.462 1291.71 108.906 1804.45 223.554 0.667033 0.332967 0
1.0068 525.767 341.84 1289.55 109.127 1803.06 223.604 0.667318 0.332682 0
1.0056 524.369 341.218 1287.39 109.349 1801.67 223.653 0.667605 0.332395 0
1.0044 522.972 340.595 1285.23 109.572 1800.28 223.702 0.667892 0.332108 0
1.0032 521.578 339.973 1283.07 109.795 1798.89 223.751 0.66818 0.33182 0
1.002 520.185 339.352 1280.91 110.019 1797.5 223.8 0.668469 0.331531 0
1.0008 518.793 338.73 1278.75 110.243 1796.11 223.849 0.668759 0.331241 0
0.9996 517.404 338.108 1276.6 110.468 1794.72 223.897 0.669049 0.330951 0
0.9984 516.016 337.487 1274.44 110.693 1793.33 223.946 0.669341 0.330659 0
0.9972 514.63 336.866 1272.29 110.919 1791.94 223.994 0.669634 0.330366 0
0.996 513.246 336.245 1270.14 111.146 1790.55 224.043 0.669927 0.330073 0
0.9948 511.863 335.624 1268 111.373 1789.16 224.091 0.670222 0.329778 0
0.9936 510.482 335.004 1265.85 111.601 1787.77 224.139 0.670517 0.329483 0
0.9924 509.103 334.383 1263.71 111.829 1786.38 224.187 0.670814 0.329186 0
0.9912 507.725 333.763 1261.56 112.058 1785 224.235 0.671111 0.328889 0
0.99 506.35 333.143 1259.42 112.288 1783.61 224.282 0.671409 0.328591 0
0.9888 504.976 332.523 1257.28 112.518 1782.22 224.33 0.671709 0.328291 0
0.9876 503.603 331.904 1255.14 112.749 1780.83 224.377 0.672009 0.327991 0
0.9864 502.233 331.284 1253.01 112.98 1779.44 224.424 0.67231 0.32769 0
0.9852 500.864 330.665 1250.87 113.212 1778.05 224.471 0.672613 0.327387 0
0.984 499.497 330.046 1248.74 113.445 1776.66 224.518 0.672916 0.327084 0
0.9828 498.131 329.427 1246.61 113.678 1775.28 224.565 0.67322 0.32678 0
0.9816 496.767 328.808 1244.48 113.912 1773.89 224.612 0.673525 0.326475 0
0.9804 495.405 328.189 1242.35 114.147 1772.5 224.658 0.673832 0.326168 0
0.9792 494.045 327.571 1240.23 114.382 1771.11 224.705 0.674139 0.325861 0
0.978 492.686 326.953 1238.1 114.618 1769.72 224.751 0.674447 0.325553 0
0.9768 491.33 326.335 1235.98 114.854 1768.33 224.797 0.674757 0.325243 0
0.9756 489.974 325.717 1233.86 115.091 1766.95 224.843 0.675067 0.324933 0
0.9744 488.621 325.099 1231.74 115.329 1765.56 224.888 0.675379 0.324621 0
0.9732 487.269 324.482 1229.62 115.567 1764.17 224.934 0.675691 0.324309 0
0.972 485.919 323.864 1227.5 115.806 1762.78 224.979 0.676005 0.323995 0
0.9708 484.571 323.247 1225.39 116.046 1761.39 225.025 0.676319 0.323681 0
0.9696 483.224 322.63 1223.28 116.286 1760.01 225.07 0.676635 0.323365 0
0.9684 481.879 322.014 1221.17 116.527 1758.62 225.115 0.676952 0.323048 0
0.9672 480.536 321.397 1219.06 116.769 1757.23 225.159 0.67727 0.32273 0
0.966 479.195 320.781 1216.95 117.011 1755.84 225.204 0.677589 0.322411 0
0.9648 477.855 320.165 1214.84 117.254 1754.45 225.248 0.677909 0.322091 0
0.9636 476.517 319.549 1212.74 117.498 1753.07 225.292 0.67823 0.32177 0
0.9624 475.181 318.933 1210.63 117.743 1751.68 225.336 0.678552 0.321448 0
0.9612 473.846 318.318 1208.53 117.988 1750.29 225.38 0.678875 0.321125 0
0.96 472.513 317.702 1206.43 118.233 1748.9 225.424 0.6792 0.3208 0
0.9588 471.182 317.087 1204.34 118.48 1747.52 225.467 0.679525 0.320475 0
0.9576 469.852 316.472 1202.24 118.727 1746.13 225.511 0.679852 0.320148 0
0.9564 468.524 315.857 1200.15 118.975 1744.74 225.554 0.68018 0.31982 0
0.9552 467.198 315.243 1198.05 119.224 1743.35 225.596 0.680509 0.319491 0
0.954 465.874 314.628 1195.96 119.473 1741.97 225.639 0.680839 0.319161 0
0.9528 464.551 314.014 1193.87 119.723 1740.58 225.682 0.681171 0.318829 0
0.9516 463.23 313.4 1191.78 119.974 1739.19 225.724 0.681503 0.318497 0
0.9504 461.911 312.786 1189.7 120.225 1737.8 225.766 0.681837 0.318163 0
0.9492 460.593 312.173 1187.61 120.478 1736.42 225.808 0.682172 0.317828 0
0.948 459.277 311.56 1185.53 120.73 1735.03 225.849 0.682508 0.317492 0
0.9468 457.963 310.946 1183.45 120.984 1733.64 225.89 0.682846 0.317154 0
0.9456 456.65 310.333 1181.37 121.239 1732.25 225.932 0.683184 0.316816 0
0.9444 455.339 309.721 1179.29 121.494 1730.87 225.972 0.683524 0.316476 0
0.9432 454.03 309.108 1177.22 121.75 1729.48 226.013 0.683865 0.316135 0
0.942 452.723 308.496 1175.14 122.007 1728.09 226.053 0.684208 0.315792 0
0.9408 451.417 307.884 1173.07 122.264 1726.71 226.094 0.684551 0.315449 0
0.9396 450.112 307.272 1171 122.523 1725.32 226.133 0.684896 0.315104 0
0.9384 448.81 306.66 1168.93 122.782 1723.93 226.173 0.685242 0.314758 0
0.9372 447.509 306.049 1166.86 123.042 1722.54 226.212 0.68559 0.31441 0
0.936 446.21 305.437 1164.79 123.303 1721.16 226.251 0.685939 0.314061 0
0.9348 444.913 304.826 1162.73 123.564 1719.77 226.29 0.686289 0.313711 0
0.9336 443.617 304.215 1160.67 123.827 1718.38 226.329 0.68664 0.31336 0
0.9324 442.323 303.605 1158.6 124.09 1717 226.367 0.686993 0.313007 0
0.9312 441.03 302.994 1156.55 124.354 1715.61 226.405 0.687347 0.312653 0
0.93 439.739 302.384 1154.49 124.619 1714.22 226.442 0.687703 0.312297 0
0.9288 438.45 301.774 1152.43 124.884 1712.83 226.479 0.688059 0.311941 0
0.9276 437.162 301.164 1150.38 125.151 1711.45 226.516 0.688418 0.311582 0
0.9264 435.877 300.555 1148.32 125.419 1710.06 226.553 0.688778 0.311222 0
0.9252 434.592 299.945 1146.27 125.687 1708.67 226.589 0.689139 0.310861 0
0.924 433.31 299.336 1144.22 125.956 1707.29 226.625 0.689501 0.310499 0
0.9228 432.029 298.727 1142.17 126.226 1705.9 226.661 0.689865 0.310135 0
0.9216 430.749 298.119 1140.13 126.497 1704.51 226.696 0.690231 0.309769 0
0.9204 429.471 297.51 1138.08 126.769 1703.12 226.73 0.690598 0.309402 0
0.9192 428.195 296.902 1136.04 127.042 1701.74 226.765 0.690966 0.309034 0
0.918 426.921 296.294 1134 127.316 1700.35 226.799 0.691336 0.308664 0
0.9168 425.648 295.686 1131.96 127.591 1698.96 226.832 0.691708 0.308292 0
0.9156 424.376 295.079 1129.92 127.867 1697.57 226.865 0.692081 0.307919 0
0.9144 423.107 294.471 1127.89 128.143 1696.19 226.898 0.692456 0.307544 0
0.9132 421.838 293.864 1125.85 128.421 1694.8 226.93 0.692832 0.307168 0
0.912 420.572 293.257 1123.82 128.7 1693.41 226.962 0.693211 0.306789 0
0.9108 419.307 292.65 1121.79 128.98 1692.02 226.993 0.69359 0.30641 0
0.9096 418.043 292.044 1119.76 129.26 1690.63 227.023 0.693972 0.306028 0
0.9084 416.781 291.438 1117.73 129.542 1689.25 227.053 0.694355 0.305645 0
0.9072 415.52 290.832 1115.7 129.825 1687.86 227.083 0.69474 0.30526 0
0.906 414.261 290.226 1113.68 130.109 1686.47 227.111 0.695127 0.304873 0
0.9048 413.004 289.621 1111.66 130.395 1685.08 227.14 0.695515 0.304485 0
0.9036 411.748 289.015 1109.63 130.681 1683.69 227.167 0.695906 0.304094 0
0.9024 410.493 288.41 1107.62 130.969 1682.3 227.194 0.696298 0.303702 0
0.9012 409.24 287.806 1105.6 131.257 1680.91 227.22 0.696693 0.303307 0
0.9 407.988 287.201 1103.58 131.547 1679.52 227.245 0.697089 0.302911 0
0.8988 406.737 286.597 1101.57 131.839 1678.13 227.269 0.697488 0.302512 0
0.8976 405.488 285.993 1099.55 132.131 1676.74 227.293 0.697888 0.302112 0
0.8964 404.24 285.389 1097.54 132.425 1675.35 227.315 0.698291 0.301709 0
0.8952 402.993 284.785 1095.53 132.721 1673.96 227.337 0.698697 0.301303 0
0.894 401.748 284.182 1093.52 133.018 1672.56 227.357 0.699104 0.300896 0
0.8928 400.504 283.579 1091.52 133.317 1671.17 227.376 0.699515 0.300485 0
0.8916 399.26 282.976 1089.51 133.617 1669.78 227.393 0.699928 0.300072 0
0.8904 398.018 282.373 1087.51 133.919 1668.38 227.409 0.700344 0.299656 0
0.8892 396.776 281.771 1085.51 134.223 1666.99 227.424 0.700763 0.299237 0
0.888 395.535 281.169 1083.51 134.529 1665.59 227.436 0.701186 0.298814 0
0.8868 394.295 280.567 1081.51 134.838 1664.19 227.446 0.701612 0.298388 0
0.8856 393.054 279.966 1079.52 135.149 1662.79 227.453 0.702043 0.297957 0
0.8844 391.813 279.365 1077.52 135.464 1661.39 227.455 0.70248 0.29752 0
0.8832 390.57 278.764 1075.53 135.784 1659.98 227.452 0.702925 0.297075 0
0.882 389.321 278.163 1073.54 136.114 1658.57 227.435 0.703386 0.296614 0
0.8808 388.072 277.562 1071.55 136.446 1657.15 227.417 0.70385 0.29615 0
0.8796 386.826 276.962 1069.56 136.778 1655.74 227.399 0.704315 0.295685 0
0.8784 385.582 276.363 1067.57 137.111 1654.32 227.381 0.704781 0.295219 0
0.8772 384.34 275.763 1065.59 137.445 1652.91 227.363 0.705249 0.294751 0
0.876 383.099 275.164 1063.61 137.779 1651.49 227.345 0.705717 0.294283 0
0.8748 381.861 274.565 1061.63 138.115 1650.08 227.326 0.706187 0.293813 0
0.8736 380.625 273.966 1059.65 138.451 1648.66 227.308 0.706657 0.293343 0
0.8724 379.391 273.368 1057.67 138.788 1647.25 227.29 0.707129 0.292871 0
0.8712 378.159 272.77 1055.69 139.125 1645.84 227.271 0.707602 0.292398 0
0.87 376.929 272.172 1053.72 139.464 1644.42 227.253 0.708077 0.291923 0
0.8688 375.701 271.575 1051.75 139.803 1643.01 227.235 0.708552 0.291448 0
0.8676 374.475 270.977 1049.78 140.143 1641.6 227.216 0.709029 0.290971 0
0.8664 373.251 270.381 1047.81 140.484 1640.19 227.198 0.709507 0.290493 0
0.8652 372.029 269.784 1045.84 140.825 1638.78 227.179 0.709986 0.290014 0
0.864 370.809 269.188 1043.87 141.168 1637.36 227.16 0.710466 0.289534 0
0.8628 369.591 268.592 1041.91 141.511 1635.95 227.142 0.710947 0.289053 0
0.8616 368.375 267.996 1039.95 141.855 1634.54 227.123 0.71143 0.28857 0
0.8604 367.161 267.401 1037.99 142.199 1633.13 227.104 0.711914 0.288086 0
0.8592 365.949 266.806 1036.03 142.545 1631.72 227.085 0.712399 0.287601 0
0.858 364.74 266.211 1034.07 142.891 1630.32 227.066 0.712885 0.287115 0
0.8568 363.532 265.617 1032.12 143.239 1628.91 227.047 0.713373 0.286627 0
0.8556 362.326 265.023 1030.16 143.586 1627.5 227.028 0.713862 0.286138 0
0.8544 361.122 264.429 1028.21 143.935 1626.09 227.009 0.714352 0.285648 0
0.8532 359.921 263.836 1026.26 144.285 1624.68 226.99 0.714843 0.285157 0
0.852 358.721 263.242 1024.31 144.635 1623.28 226.971 0.715335 0.284665 0
0.8508 357.524 262.65 1022.36 144.986 1621.87 226.951 0.715829 0.284171 0
0.8496 356.328 262.057 1020.42 145.339 1620.46 226.932 0.716324 0.283676 0
0.8484 355.135 261.465 1018.47 145.691 1619.06 226.912 0.71682 0.28318 0
0.8472 353.943 260.873 1016.53 146.045 1617.65 226.893 0.717317 0.282683 0
0.846 352.754 260.281 1014.59 146.4 1616.25 226.873 0.717816 0.282184 0
0.8448 351.566 259.69 1012.65 146.755 1614.84 226.854 0.718315 0.281685 0
0.8436 350.381 259.099 1010.72 147.111 1613.44 226.834 0.718817 0.281183 0
0.8424 349.198 258.508 1008.78 147.468 1612.04 226.814 0.719319 0.280681 0
0.8412 348.016 257.918 1006.85 147.826 1610.63 226.794 0.719822 0.280178 0
0.84 346.837 257.328 1004.92 148.185 1609.23 226.774 0.720327 0.279673 0
0.8388 345.66 256.738 1002.99 148.544 1607.83 226.754 0.720833 0.279167 0
0.8376 344.485 256.149 1001.06 148.905 1606.42 226.734 0.721341 0.278659 0
0.8364 343.312 255.56 999.13 149.266 1605.02 226.714 0.721849 0.278151 0
0.8352 342.141 254.971 997.205 149.628 1603.62 226.694 0.722359 0.277641 0
0.834 340.972 254.383 995.281 149.991 1602.22 226.673 0.72287 0.27713 0
0.8328 339.805 253.795 993.359 150.355 1600.82 226.653 0.723383 0.276617 0
0.8316 338.64 253.207 991.439 150.72 1599.42 226.632 0.723896 0.276104 0
0.8304 337.477 252.619 989.521 151.085 1598.02 226.611 0.724411 0.275589 0
0.8292 336.316 252.032 987.604 151.452 1596.62 226.591 0.724928 0.275072 0
0.828 335.157 251.445 985.689 151.819 1595.22 226.57 0.725445 0.274555 0
0.8268 334 250.859 983.775 152.187 1593.83 226.549 0.725964 0.274036 0
0.8256 332.846 250.273 981.864 152.556 1592.43 226.528 0.726484 0.273516 0
0.8244 331.693 249.687 979.954 152.926 1591.03 226.506 0.727005 0.272995 0
0.8232 330.542 249.102 978.045 153.297 1589.64 226.485 0.727528 0.272472 0
0.822 329.394 248.516 976.138 153.669 1588.24 226.464 0.728052 0.271948 0
0.8208 328.247 247.932 974.233 154.041 1586.84 226.442 0.728577 0.271423 0
0.8196 327.103 247.347 972.33 154.415 1585.45 226.421 0.729104 0.270896 0
0.8184 325.96 246.763 970.428 154.789 1584.05 226.399 0.729632 0.270368 0
0.8172 324.82 246.179 968.528 155.164 1582.66 226.377 0.730161 0.269839 0
0.816 323.682 245.596 966.63 155.54 1581.26 226.355 0.730691 0.269309 0
0.8148 322.545 245.012 964.733 155.917 1579.87 226.333 0.731223 0.268777 0
0.8136 321.411 244.43 962.838 156.295 1578.48 226.311 0.731756 0.268244 0
0.8124 320.279 243.847 960.945 156.674 1577.09 226.288 0.732291 0.267709 0
0.8112 319.149 243.265 959.053 157.054 1575.69 226.266 0.732826 0.267174 0
0.81 318.021 242.683 957.163 157.435 1574.3 226.243 0.733363 0.266637 0
0.8088 316.895 242.102 955.275 157.816 1572.91 226.22 0.733901 0.266099 0
0.8076 315.771 241.52 953.388 158.199 1571.52 226.197 0.734441 0.265559 0
0.8064 314.649 240.94 951.503 158.582 1570.13 226.174 0.734982 0.265018 0
0.8052 313.529 240.359 949.62 158.966 1568.74 226.151 0.735524 0.264476 0
0.804 312.411 239.779 947.738 159.351 1567.35 226.128 0.736068 0.263932 0
0.8028 311.296 239.199 945.858 159.738 1565.96 226.104 0.736613 0.263387 0
0.8016 310.182 238.62 943.98 160.125 1564.57 226.081 0.737159 0.262841 0
0.8004 309.07 238.041 942.103 160.513 1563.19 226.057 0.737706 0.262294 0
0.7992 307.961 237.462 940.228 160.902 1561.8 226.033 0.738255 0.261745 0
0.798 306.853 236.884 938.355 161.291 1560.41 226.009 0.738805 0.261195 0
0.7968 305.748 236.305 936.483 161.682 1559.03 225.984 0.739357 0.260643 0
0.7956 304.644 235.728 934.613 162.074 1557.64 225.96 0.739909 0.260091 0
0.7944 303.543 235.15 932.745 162.467 1556.25 225.935 0.740463 0.259537 0
0.7932 302.444 234.573 930.878 162.86 1554.87 225.91 0.741019 0.258981 0
0.792 301.347 233.997 929.013 163.255 1553.48 225.885 0.741576 0.258424 0
0.7908 300.251 233.42 927.15 163.65 1552.1 225.86 0.742134 0.257866 0
0.7896 299.158 232.844 925.288 164.047 1550.72 225.835 0.742693 0.257307 0
0.7884 298.067 232.269 923.428 164.444 1549.33 225.809 0.743254 0.256746 0
0.7872 296.978 231.694 921.57 164.843 1547.95 225.783 0.743816 0.256184 0
0.786 295.891 231.119 919.713 165.242 1546.57 225.757 0.744379 0.255621 0
0.7848 294.806 230.544 917.858 165.642 1545.19 225.731 0.744944 0.255056 0
0.7836 293.723 229.97 916.005 166.043 1543.81 225.705 0.745509 0.254491 0
0.7824 292.643 229.396 914.153 166.446 1542.43 225.678 0.746077 0.253923 0
0.7812 291.564 228.822 912.303 166.849 1541.05 225.651 0.746645 0.253355 0
0.78 290.487 228.249 910.455 167.253 1539.67 225.624 0.747215 0.252785 0
0.7788 289.413 227.677 908.608 167.658 1538.29 225.597 0.747786 0.252214 0
0.7776 288.34 227.104 906.763 168.064 1536.91 225.569 0.748359 0.251641 0
0.7764 287.269 226.532 904.919 168.471 1535.53 225.541 0.748932 0.251068 0
0.7752 286.201 225.96 903.077 168.879 1534.16 225.513 0.749508 0.250492 0
0.774 285.135 225.389 901.237 169.288 1532.78 225.485 0.750084 0.249916 0
0.7728 284.07 224.818 899.399 169.698 1531.4 225.456 0.750661 0.249339 0
0.7716 283.008 224.248 897.562 170.109 1530.03 225.427 0.75124 0.24876 0
0.7704 281.948 223.677 895.727 170.52 1528.65 225.398 0.751821 0.248179 0
0.7692 280.889 223.107 893.893 170.933 1527.28 225.368 0.752402 0.247598 0
0.768 279.833 222.538 892.061 171.347 1525.9 225.338 0.752985 0.247015 0
0.7668 278.779 221.969 890.231 171.762 1524.53 225.308 0.753569 0.246431 0
0.7656 277.727 221.4 888.402 172.178 1523.16 225.278 0.754154 0.245846 0
0.7644 276.677 220.832 886.575 172.594 1521.78 225.247 0.75474 0.24526 0
0.7632 275.629 220.264 884.75 173.012 1520.41 225.216 0.755328 0.244672 0
0.762 274.583 219.696 882.926 173.431 1519.04 225.184 0.755917 0.244083 0
0.7608 273.539 219.129 881.104 173.85 1517.67 225.153 0.756507 0.243493 0
0.7596 272.497 218.562 879.284 174.271 1516.3 225.12 0.757098 0.242902 0
0.7584 271.457 217.995 877.465 174.692 1514.93 225.088 0.757691 0.242309 0
0.7572 270.42 217.429 875.648 175.115 1513.56 225.055 0.758285 0.241715 0
0.756 269.384 216.863 873.833 175.539 1512.19 225.021 0.75888 0.24112 0
0.7548 268.35 216.298 872.019 175.963 1510.82 224.988 0.759476 0.240524 0
0.7536 267.318 215.733 870.207 176.388 1509.45 224.953 0.760073 0.239927 0
0.7524 266.289 215.168 868.396 176.815 1508.09 224.919 0.760671 0.239329 0
0.7512 265.261 214.604 866.587 177.242 1506.72 224.883 0.76127 0.23873 0
0.75 264.236 214.04 864.78 177.671 1505.35 224.848 0.761871 0.238129 0
0.7488 263.212 213.476 862.974 178.1 1503.99 224.812 0.762472 0.237528 0
0.7476 262.19 212.913 861.17 178.53 1502.62 224.775 0.763075 0.236925 0
0.7464 261.171 212.351 859.368 178.961 1501.26 224.738 0.763678 0.236322 0
0.7452 260.153 211.788 857.567 179.394 1499.89 224.7 0.764283 0.235717 0
0.744 259.138 211.226 855.768 179.827 1498.53 224.662 0.764889 0.235111 0
0.7428 258.124 210.665 853.971 180.261 1497.17 224.622 0.765495 0.234505 0
0.7416 257.112 210.103 852.175 180.695 1495.8 224.583 0.766102 0.233898 0
0.7404 256.103 209.543 850.381 181.131 1494.44 224.542 0.76671 0.23329 0
0.7392 255.095 208.982 848.588 181.568 1493.08 224.501 0.767319 0.232681 0
0.738 254.089 208.422 846.798 182.005 1491.72 224.459 0.767929 0.232071 0
0.7368 253.086 207.863 845.008 182.444 1490.36 224.417 0.768539 0.231461 0
0.7356 252.084 207.303 843.221 182.883 1488.99 224.373 0.76915 0.23085 0
0.7344 251.084 206.744 841.435 183.323 1487.63 224.329 0.769761 0.230239 0
0.7332 250.086 206.186 839.65 183.764 1486.27 224.283 0.770373 0.229627 0
0.732 249.09 205.628 837.868 184.206 1484.91 224.237 0.770985 0.229015 0
0.7308 248.096 205.07 836.087 184.648 1483.56 224.189 0.771598 0.228402 0
0.7296 247.104 204.513 834.307 185.091 1482.2 224.14 0.77221 0.22779 0
0.7284 246.113 203.956 832.529 185.535 1480.84 224.09 0.772822 0.227178 0
0.7272 245.124 203.4 830.753 185.979 1479.48 224.038 0.773434 0.226566 0
0.726 244.137 202.844 828.979 186.424 1478.12 223.984 0.774045 0.225955 0
0.7248 243.152 202.288 827.206 186.869 1476.76 223.929 0.774655 0.225345 0
0.7236 242.168 201.733 825.434 187.314 1475.4 223.87 0.775264 0.224736 0
0.7224 241.186 201.178 823.665 187.76 1474.05 223.809 0.77587 0.22413 0
0.7212 240.205 200.624 821.897 188.204 1472.69 223.743 0.776471 0.223529 0
0.72 239.224 200.07 820.13 188.645 1471.32 223.667 0.77706 0.22294 0
0.7188 238.244 199.516 818.365 189.087 1469.96 223.59 0.777649 0.222351 0
0.7176 237.267 198.963 816.602 189.531 1468.6 223.513 0.778239 0.221761 0
0.7164 236.292 198.41 814.841 189.975 1467.24 223.435 0.778831 0.221169 0
0.7152 235.318 197.858 813.081 190.421 1465.88 223.357 0.779424 0.220576 0
0.714 234.347 197.306 811.323 190.867 1464.52 223.28 0.780019 0.219981 0
0.7128 233.378 196.755 809.566 191.315 1463.17 223.201 0.780615 0.219385 0
0.7116 232.411 196.204 807.811 191.765 1461.81 223.123 0.781213 0.218787 0
0.7104 231.447 195.653 806.058 192.215 1460.45 223.045 0.781813 0.218187 0
0.7092 230.484 195.103 804.306 192.667 1459.09 222.966 0.782414 0.217586 0
0.708 229.523 194.554 802.556 193.12 1457.74 222.887 0.783016 0.216984 0
0.7068 228.565 194.004 800.807 193.574 1456.38 222.808 0.78362 0.21638 0
0.7056 227.608 193.456 799.061 194.03 1455.03 222.729 0.784226 0.215774 0
0.7044 226.654 192.907 797.315 194.487 1453.68 222.65 0.784833 0.215167 0
0.7032 225.702 192.359 795.572 194.945 1452.32 222.571 0.785442 0.214558 0
0.702 224.752 191.812 793.83 195.404 1450.97 222.491 0.786053 0.213947 0
0.7008 223.804 191.265 792.089 195.865 1449.62 222.411 0.786665 0.213335 0
0.6996 222.858 190.718 790.351 196.326 1448.27 222.331 0.787278 0.212722 0
0.6984 221.914 190.172 788.614 196.79 1446.92 222.251 0.787893 0.212107 0
0.6972 220.973 189.626 786.878 197.254 1445.57 222.171 0.78851 0.21149 0
0.696 220.033 189.081 785.144 197.72 1444.22 222.09 0.789129 0.210871 0
0.6948 219.096 188.536 783.412 198.187 1442.87 222.009 0.789749 0.210251 0
0.6936 218.161 187.992 781.681 198.655 1441.53 221.928 0.79037 0.20963 0
0.6924 217.228 187.448 779.952 199.125 1440.18 221.847 0.790993 0.209007 0
0.6912 216.297 186.904 778.225 199.596 1438.83 221.766 0.791618 0.208382 0
0.69 215.368 186.361 776.499 200.068 1437.49 221.685 0.792245 0.207755 0
0.6888 214.441 185.818 774.775 200.542 1436.14 221.603 0.792873 0.207127 0
0.6876 213.516 185.276 773.052 201.017 1434.8 221.521 0.793503 0.206497 0
0.6864 212.594 184.735 771.331 201.493 1433.46 221.439 0.794134 0.205866 0
0.6852 211.673 184.193 769.612 201.971 1432.12 221.357 0.794767 0.205233 0
0.684 210.755 183.653 767.894 202.45 1430.77 221.274 0.795402 0.204598 0
0.6828 209.839 183.112 766.178 202.931 1429.43 221.192 0.796038 0.203962 0
0.6816 208.925 182.572 764.464 203.412 1428.09 221.109 0.796676 0.203324 0
0.6804 208.013 182.033 762.751 203.895 1426.75 221.026 0.797316 0.202684 0
0.6792 207.103 181.494 761.039 204.38 1425.42 220.943 0.797957 0.202043 0
0.678 206.196 180.955 759.33 204.866 1424.08 220.86 0.7986 0.2014 0
0.6768 205.29 180.417 757.622 205.353 1422.74 220.776 0.799244 0.200756 0
0.6756 204.387 179.88 755.915 205.842 1421.41 220.692 0.799891 0.200109 0
0.6744 203.486 179.343 754.21 206.332 1420.07 220.608 0.800539 0.199461 0
0.6732 202.587 178.806 752.507 206.823 1418.74 220.524 0.801189 0.198811 0
0.672 201.69 178.27 750.805 207.316 1417.4 220.44 0.80184 0.19816 0
0.6708 200.795 177.734 749.105 207.81 1416.07 220.355 0.802493 0.197507 0
0.6696 199.902 177.199 747.407 208.306 1414.74 220.271 0.803148 0.196852 0
0.6684 199.011 176.664 745.71 208.803 1413.41 220.186 0.803804 0.196196 0
0.6672 198.123 176.13 744.015 209.302 1412.08 220.1 0.804463 0.195537 0
0.666 197.237 175.596 742.321 209.802 1410.75 220.015 0.805123 0.194877 0
0.6648 196.353 175.063 740.629 210.303 1409.42 219.93 0.805784 0.194216 0
0.6636 195.471 174.53 738.938 210.806 1408.09 219.844 0.806448 0.193552 0
0.6624 194.591 173.997 737.249 211.31 1406.76 219.758 0.807113 0.192887 0
0.6612 193.713 173.465 735.562 211.816 1405.44 219.672 0.80778 0.19222 0
0.66 192.837 172.934 733.876 212.323 1404.11 219.585 0.808448 0.191552 0
0.6588 191.964 172.403 732.192 212.832 1402.79 219.499 0.809119 0.190881 0
0.6576 191.093 171.872 730.51 213.342 1401.46 219.412 0.809791 0.190209 0
0.6564 190.223 171.342 728.829 213.853 1400.14 219.325 0.810465 0.189535 0
0.6552 189.356 170.813 727.149 214.367 1398.82 219.238 0.811141 0.188859 0
0.654 188.492 170.284 725.472 214.881 1397.5 219.15 0.811818 0.188182 0
0.6528 187.629 169.755 723.795 215.397 1396.18 219.063 0.812497 0.187503 0
0.6516 186.768 169.227 722.121 215.915 1394.86 218.975 0.813178 0.186822 0
0.6504 185.91 168.699 720.448 216.434 1393.54 218.887 0.813861 0.186139 0
0.6492 185.054 168.172 718.776 216.955 1392.22 218.798 0.814546 0.185454 0
0.648 184.2 167.646 717.106 217.477 1390.9 218.71 0.815232 0.184768 0
0.6468 183.348 167.119 715.438 218 1389.59 218.621 0.81592 0.18408 0
0.6456 182.498 166.594 713.771 218.526 1388.27 218.532 0.81661 0.18339 0
0.6444 181.65 166.069 712.106 219.052 1386.96 218.443 0.817302 0.182698 0
0.6432 180.805 165.544 710.443 219.581 1385.65 218.354 0.817995 0.182005 0
0.642 179.961 165.02 708.781 220.111 1384.33 218.264 0.818691 0.181309 0
0.6408 179.12 164.496 707.12 220.642 1383.02 218.174 0.819388 0.180612 0
0.6396 178.281 163.973 705.461 221.175 1381.71 218.084 0.820087 0.179913 0
0.6384 177.444 163.45 703.804 221.709 1380.4 217.994 0.820788 0.179212 0
0.6372 176.609 162.928 702.148 222.246 1379.09 217.903 0.82149 0.17851 0
0.636 175.777 162.406 700.494 222.783 1377.78 217.812 0.822195 0.177805 0
0.6348 174.947 161.885 698.842 223.322 1376.48 217.721 0.822901 0.177099 0
0.6336 174.118 161.364 697.191 223.863 1375.17 217.63 0.823609 0.176391 0
0.6324 173.292 160.844 695.541 224.406 1373.87 217.539 0.824319 0.175681 0
0.6312 172.468 160.324 693.893 224.95 1372.56 217.447 0.825031 0.174969 0
0.63 171.647 159.805 692.247 225.496 1371.26 217.355 0.825745 0.174255 0
0.6288 170.827 159.286 690.602 226.043 1369.96 217.263 0.826461 0.173539 0
0.6276 170.01 158.768 688.959 226.592 1368.66 217.171 0.827178 0.172822 0
0.6264 169.194 158.25 687.318 227.142 1367.36 217.078 0.827898 0.172102 0
0.6252 168.381 157.733 685.678 227.695 1366.06 216.985 0.828619 0.171381 0
0.624 167.57 157.217 684.039 228.248 1364.76 216.892 0.829342 0.170658 0
0.6228 166.762 156.7 682.402 228.804 1363.46 216.799 0.830067 0.169933 0
0.6216 165.955 156.185 680.767 229.361 1362.17 216.705 0.830794 0.169206 0
0.6204 165.151 155.67 679.133 229.92 1360.87 216.611 0.831523 0.168477 0
0.6192 164.348 155.155 677.501 230.48 1359.58 216.517 0.832253 0.167747 0
0.618 163.548 154.641 675.87 231.042 1358.28 216.423 0.832986 0.167014 0
0.6168 162.75 154.127 674.241 231.606 1356.99 216.328 0.83372 0.16628 0
0.6156 161.955 153.614 672.613 232.172 1355.7 216.233 0.834457 0.165543 0
0.6144 161.161 153.102 670.987 232.739 1354.41 216.138 0.835195 0.164805 0
0.6132 160.37 152.589 669.363 233.308 1353.12 216.043 0.835936 0.164064 0
0.612 159.58 152.078 667.74 233.879 1351.83 215.947 0.836678 0.163322 0
0.6108 158.793 151.567 666.118 234.451 1350.54 215.852 0.837422 0.162578 0
0.6096 158.009 151.056 664.498 235.025 1349.26 215.756 0.838168 0.161832 0
0.6084 157.226 150.546 662.88 235.601 1347.97 215.659 0.838916 0.161084 0
0.6072 156.445 150.037 661.263 236.178 1346.69 215.563 0.839666 0.160334 0
0.606 155.667 149.528 659.648 236.758 1345.4 215.466 0.840418 0.159582 0
0.6048 154.891 149.02 658.034 237.339 1344.12 215.369 0.841172 0.158828 0
0.6036 154.117 148.512 656.422 237.921 1342.84 215.271 0.841927 0.158073 0
0.6024 153.345 148.004 654.811 238.506 1341.56 215.174 0.842685 0.157315 0
0.6012 152.576 147.498 653.202 239.092 1340.28 215.076 0.843445 0.156555 0
0.6 151.808 146.991 651.595 239.68 1339 214.978 0.844207 0.155793 0
0.5988 151.043 146.486 649.989 240.27 1337.73 214.879 0.84497 0.15503 0
0.5976 150.28 145.98 648.384 240.862 1336.45 214.78 0.845736 0.154264 0
0.5964 149.519 145.476 646.781 241.455 1335.18 214.682 0.846504 0.153496 0
0.5952 148.76 144.971 645.18 242.05 1333.9 214.582 0.847273 0.152727 0
0.594 148.004 144.468 643.58 242.647 1332.63 214.483 0.848045 0.151955 0
0.5928 147.249 143.965 641.981 243.246 1331.36 214.383 0.848818 0.151182 0
0.5916 146.497 143.462 640.385 243.847 1330.09 214.283 0.849594 0.150406 0
0.5904 145.747 142.96 638.789 244.45 1328.82 214.183 0.850372 0.149628 0
0.5892 144.999 142.459 637.195 245.054 1327.55 214.082 0.851151 0.148849 0
0.588 144.254 141.958 635.603 245.66 1326.29 213.981 0.851933 0.148067 0
0.5868 143.51 141.457 634.012 246.268 1325.02 213.88 0.852716 0.147284 0
0.5856 142.769 140.957 632.423 246.878 1323.76 213.779 0.853502 0.146498 0
0.5844 142.03 140.458 630.835 247.49 1322.49 213.677 0.854289 0.145711 0
0.5832 141.293 139.959 629.249 248.103 1321.23 213.575 0.855079 0.144921 0
0.582 140.559 139.461 627.664 248.719 1319.97 213.473 0.855871 0.144129 0
0.5808 139.826 138.963 626.081 249.336 1318.71 213.37 0.856664 0.143336 0
0.5796 139.096 138.466 624.499 249.956 1317.45 213.267 0.85746 0.14254 0
0.5784 138.368 137.97 622.919 250.577 1316.19 213.164 0.858258 0.141742 0
0.5772 137.642 137.474 621.341 251.2 1314.94 213.061 0.859058 0.140942 0
0.576 136.918 136.978 619.763 251.825 1313.68 212.957 0.85986 0.14014 0
0.5748 136.196 136.483 618.188 252.452 1312.43 212.853 0.860663 0.139337 0
0.5736 135.477 135.989 616.614 253.081 1311.18 212.748 0.861469 0.138531 0
0.5724 134.76 135.495 615.041 253.712 1309.92 212.644 0.862277 0.137723 0
0.5712 134.045 135.002 613.47 254.344 1308.67 212.539 0.863087 0.136913 0
0.57 133.332 134.509 611.9 254.979 1307.43 212.434 0.863899 0.136101 0
0.5688 132.622 134.017 610.332 255.616 1306.18 212.328 0.864713 0.135287 0
0.5676 131.913 133.525 608.765 256.254 1304.93 212.222 0.86553 0.13447 0
0.5664 131.207 133.034 607.2 256.895 1303.68 212.116 0.866348 0.133652 0
0.5652 130.503 132.544 605.636 257.537 1302.44 212.01 0.867168 0.132832 0
0.564 129.801 132.054 604.074 258.182 1301.2 211.903 0.86799 0.13201 0
0.5628 129.101 131.564 602.514 258.828 1299.96 211.796 0.868815 0.131185 0
0.5616 128.404 131.075 600.954 259.477 1298.72 211.689 0.869641 0.130359 0
0.5604 127.709 130.587 599.397 260.127 1297.48 211.581 0.87047 0.12953 0
0.5592 127.016 130.1 597.84 260.78 1296.24 211.473 0.871301 0.128699 0
0.558 126.325 129.612 596.286 261.435 1295 211.365 0.872133 0.127867 0
0.5568 125.636 129.126 594.732 262.091 1293.77 211.256 0.872968 0.127032 0
0.5556 124.95 128.64 593.181 262.75 1292.53 211.147 0.873805 0.126195 0
0.5544 124.265 128.154 591.63 263.41 1291.3 211.038 0.874644 0.125356 0
0.5532 123.583 127.669 590.082 264.073 1290.07 210.928 0.875485 0.124515 0
0.552 122.903 127.185 588.534 264.738 1288.84 210.818 0.876328 0.123672 0
0.5508 122.225 126.701 586.988 265.405 1287.61 210.708 0.877173 0.122827 0
0.5496 121.55 126.218 585.444 266.074 1286.38 210.598 0.87802 0.12198 0
0.5484 120.877 125.736 583.901 266.745 1285.15 210.487 0.87887 0.12113 0
0.5472 120.205 125.254 582.36 267.418 1283.93 210.376 0.879721 0.120279 0
0.546 119.536 124.772 580.82 268.093 1282.7 210.264 0.880575 0.119425 0
0.5448 118.87 124.291 579.281 268.77 1281.48 210.152 0.88143 0.11857 0
0.5436 118.205 123.811 577.744 269.45 1280.26 210.04 0.882288 0.117712 0
0.5424 117.543 123.331 576.208 270.131 1279.04 209.927 0.883148 0.116852 0
0.5412 116.883 122.852 574.674 270.815 1277.82 209.814 0.88401 0.11599 0
0.54 116.224 122.374 573.142 271.501 1276.6 209.701 0.884874 0.115126 0
0.5388 115.569 121.896 571.611 272.189 1275.39 209.588 0.88574 0.11426 0
0.5376 114.915 121.418 570.081 272.879 1274.17 209.474 0.886608 0.113392 0
0.5364 114.264 120.941 568.552 273.571 1272.96 209.359 0.887478 0.112522 0
0.5352 113.614 120.465 567.026 274.265 1271.75 209.245 0.88835 0.11165 0
0.534 112.967 119.989 565.5 274.962 1270.54 209.13 0.889225 0.110775 0
0.5328 112.322 119.514 563.976 275.661 1269.33 209.014 0.890101 0.109899 0
0.5316 111.68 119.04 562.454 276.362 1268.12 208.899 0.89098 0.10902 0
0.5304 111.039 118.566 560.933 277.065 1266.92 208.783 0.89186 0.10814 0
0.5292 110.401 118.092 559.413 277.77 1265.71 208.666 0.892743 0.107257 0
0.528 109.765 117.62 557.895 278.478 1264.51 208.55 0.893628 0.106372 0
0.5268 109.131 117.147 556.378 279.187 1263.31 208.432 0.894515 0.105485 0
0.5256 108.499 116.676 554.863 279.899 1262.1 208.315 0.895404 0.104596 0
0.5244 107.869 116.205 553.349 280.613 1260.91 208.197 0.896295 0.103705 0
0.5232 107.242 115.734 551.837 281.33 1259.71 208.079 0.897188 0.102812 0
0.522 106.617 115.265 550.326 282.049 1258.51 207.96 0.898083 0.101917 0
0.5208 105.993 114.795 548.817 282.769 1257.32 207.841 0.89898 0.10102 0
0.5196 105.373 114.327 547.309 283.493 1256.12 207.722 0.899879 0.100121 0
0.5184 104.754 113.859 545.802 284.218 1254.93 207.602 0.900781 0.0992194 0
0.5172 104.137 113.391 544.297 284.946 1253.74 207.482 0.901684 0.098316 0
0.516 103.523 112.924 542.793 285.676 1252.55 207.361 0.902589 0.0974106 0
0.5148 102.911 112.458 541.291 286.408 1251.36 207.241 0.903497 0.0965032 0
0.5136 102.301 111.992 539.79 287.143 1250.18 207.119 0.904406 0.0955938 0
0.5124 101.693 111.527 538.29 287.88 1248.99 206.998 0.905318 0.0946823 0
0.5112 101.087 111.063 536.792 288.619 1247.81 206.876 0.906231 0.0937688 0
0.51 100.484 110.599 535.295 289.361 1246.63 206.753 0.907147 0.0928533 0
0.5088 99.8825 110.136 533.8 290.105 1245.45 206.63 0.908064 0.0919358 0
0.5076 99.2834 109.673 532.306 290.851 1244.27 206.507 0.908984 0.0910163 0
0.5064 98.6864 109.211 530.814 291.6 1243.09 206.383 0.909905 0.0900948 0
0.5052 98.0915 108.749 529.323 292.351 1241.91 206.259 0.910829 0.0891713 0
0.504 97.4989 108.288 527.833 293.104 1240.74 206.135 0.911754 0.0882458 0
0.5028 96.9084 107.828 526.345 293.86 1239.57 206.01 0.912682 0.0873184 0
0.5016 96.32 107.368 524.858 294.618 1238.39 205.884 0.913611 0.086389 0
0.5004 95.7339 106.909 523.373 295.378 1237.22 205.759 0.914542 0.0854577 0
0.4992 95.1498 106.451 521.889 296.141 1236.06 205.632 0.915476 0.0845244 0
0.498 94.568 105.993 520.407 296.907 1234.89 205.506 0.916411 0.0835892 0
0.4968 93.9883 105.536 518.925 297.674 1233.72 205.379 0.917348 0.0826521 0
0.4956 93.4107 105.079 517.446 298.444 1232.56 205.251 0.918287 0.0817131 0
0.4944 92.8353 104.623 515.967 299.217 1231.4 205.124 0.919228 0.0807722 0
0.4932 92.262 104.168 514.49 299.992 1230.24 204.995 0.920171 0.0798294 0
0.492 91.6909 103.713 513.015 300.769 1229.08 204.866 0.921115 0.0788847 0
0.4908 91.1219 103.258 511.54 301.549 1227.92 204.737 0.922062 0.0779382 0
0.4896 90.5551 102.805 510.068 302.332 1226.76 204.608 0.92301 0.0769899 0
0.4884 89.9904 102.352 508.596 303.117 1225.61 204.477 0.92396 0.0760397 0
0.4872 89.4279 101.899 507.126 303.904 1224.45 204.347 0.924912 0.0750878 0
0.486 88.8674 101.448 505.658 304.694 1223.3 204.216 0.925866 0.074134 0
0.4848 88.3091 100.996 504.19 305.486 1222.15 204.084 0.926821 0.0731785 0
0.4836 87.753 100.546 502.724 306.281 1221 203.952 0.927779 0.0722213 0
0.4824 87.199 100.096 501.26 307.078 1219.86 203.82 0.928738 0.0712623 0
0.4812 86.647 99.6465 499.797 307.878 1218.71 203.687 0.929698 0.0703016 0
0.48 86.0972 99.1978 498.335 308.681 1217.57 203.554 0.930661 0.0693392 0
0.4788 85.5496 98.7497 496.875 309.486 1216.42 203.42 0.931625 0.0683751 0
0.4776 85.004 98.3022 495.416 310.293 1215.28 203.286 0.932591 0.0674095 0
0.4764 84.4606 97.8553 493.958 311.103 1214.14 203.151 0.933558 0.0664421 0
0.4752 83.9192 97.409 492.502 311.916 1213.01 203.015 0.934527 0.0654733 0
0.474 83.38 96.9634 491.047 312.731 1211.87 202.88 0.935497 0.0645028 0
0.4728 82.8429 96.5184 489.593 313.549 1210.74 202.743 0.936469 0.0635308 0
0.4716 82.3078 96.074 488.141 314.369 1209.6 202.606 0.937443 0.0625573 0
0.4704 81.7749 95.6302 486.69 315.192 1208.47 202.469 0.938418 0.0615824 0
0.4692 81.244 95.187 485.241 316.018 1207.34 202.331 0.939394 0.060606 0
0.468 80.7153 94.7445 483.792 316.846 1206.21 202.193 0.940372 0.0596282 0
0.4668 80.1886 94.3026 482.346 317.677 1205.09 202.054 0.941351 0.058649 0
0.4656 79.664 93.8613 480.9 318.51 1203.96 201.915 0.942332 0.0576685 0
0.4644 79.1415 93.4206 479.456 319.346 1202.84 201.775 0.943313 0.0566867 0
0.4632 78.621 92.9806 478.013 320.185 1201.71 201.634 0.944296 0.0557036 0
0.462 78.1026 92.5412 476.572 321.026 1200.59 201.493 0.945281 0.0547193 0
0.4608 77.5862 92.1024 475.132 321.871 1199.48 201.351 0.946266 0.0537339 0
0.4596 77.072 91.6642 473.693 322.717 1198.36 201.209 0.947253 0.0527474 0
0.4584 76.5597 91.2267 472.256 323.567 1197.24 201.066 0.94824 0.0517597 0
0.4572 76.0495 90.7898 470.82 324.419 1196.13 200.923 0.949229 0.0507711 0
0.456 75.5414 90.3535 469.385 325.274 1195.01 200.779 0.950218 0.0497815 0
0.4548 75.0352 89.9179 467.952 326.132 1193.9 200.635 0.951209 0.048791 0
0.4536 74.5311 89.4829 466.52 326.992 1192.79 200.49 0.9522 0.0477997 0
0.4524 74.029 89.0485 465.089 327.855 1191.68 200.344 0.953192 0.0468075 0
0.4512 73.529 88.6148 463.66 328.721 1190.58 200.197 0.954185 0.0458147 0
0.45 73.0309 88.1817 462.232 329.59 1189.47 200.051 0.955179 0.0448212 0
0.4488 72.5348 87.7492 460.805 330.461 1188.37 199.903 0.956173 0.0438271 0
0.4476 72.0407 87.3174 459.38 331.335 1187.27 199.755 0.957167 0.0428325 0
0.4464 71.5486 86.8862 457.956 332.212 1186.17 199.606 0.958162 0.0418376 0
0.4452 71.0585 86.4557 456.533 333.092 1185.07 199.456 0.959158 0.0408422 0
0.444 70.5703 86.0258 455.111 333.975 1183.97 199.306 0.960153 0.0398467 0
0.4428 70.0841 85.5966 453.691 334.86 1182.87 199.155 0.961149 0.038851 0
0.4416 69.5999 85.168 452.273 335.749 1181.78 199.004 0.962145 0.0378552 0
0.4404 69.1175 84.74 450.855 336.64 1180.68 198.851 0.96314 0.0368595 0
0.4392 68.6371 84.3127 449.439 337.534 1179.59 198.699 0.964136 0.035864 0
0.438 68.1587 83.886 448.024 338.431 1178.5 198.545 0.965131 0.0348688 0
0.4368 67.6821 83.46 446.611 339.33 1177.41 198.39 0.966126 0.033874 0
0.4356 67.2074 83.0346 445.198 340.233 1176.32 198.235 0.96712 0.0328797 0
0.4344 66.7346 82.6099 443.787 341.139 1175.23 198.079 0.968114 0.0318861 0
0.4332 66.2636 82.1859 442.378 342.047 1174.15 197.923 0.969107 0.0308934 0
0.432 65.7945 81.7625 440.969 342.959 1173.06 197.765 0.970098 0.0299016 0
0.4308 65.3273 81.3398 439.562 343.873 1171.98 197.607 0.971089 0.028911 0
0.4296 64.8618 80.9177 438.157 344.791 1170.9 197.448 0.972078 0.0279218 0
0.4284 64.3982 80.4963 436.752 345.711 1169.82 197.288 0.973066 0.0269342 0
0.4272 63.9364 80.0756 435.349 346.635 1168.74 197.127 0.974052 0.0259482 0
0.426 63.4763 79.6555 433.947 347.561 1167.66 196.965 0.975036 0.0249643 0
0.4248 63.0179 79.2361 432.547 348.491 1166.58 196.803 0.976017 0.0239826 0
0.4236 62.5613 78.8174 431.147 349.423 1165.51 196.639 0.976997 0.0230033 0
0.4224 62.1064 78.3993 429.749 350.359 1164.43 196.474 0.977973 0.0220268 0
0.4212 61.6531 77.982 428.353 351.298 1163.36 196.309 0.978947 0.0210534 0
0.42 61.2015 77.5653 426.957 352.24 1162.28 196.142 0.979917 0.0200833 0
0.4188 60.7516 77.1493 425.563 353.185 1161.21 195.975 0.980883 0.0191169 0
0.4176 60.3032 76.734 424.171 354.133 1160.14 195.806 0.981845 0.0181547 0
0.4164 59.8563 76.3194 422.779 355.084 1159.07 195.636 0.982803 0.017197 0
0.4152 59.411 75.9055 421.389 356.039 1158 195.466 0.983756 0.0162443 0
0.414 58.9671 75.4923 420 356.996 1156.92 195.293 0.984703 0.0152971 0
0.4128 58.5247 75.0798 418.612 357.957 1155.85 195.12 0.985644 0.0143559 0
0.4116 58.0836 74.668 417.226 358.922 1154.78 194.945 0.986579 0.0134214 0
0.4104 57.6438 74.2569 415.841 359.889 1153.71 194.769 0.987506 0.0124943 0
0.4092 57.2053 73.8466 414.457 360.861 1152.64 194.592 0.988425 0.0115753 0
0.408 56.768 73.437 413.074 361.835 1151.57 194.413 0.989335 0.0106654 0
0.4068 56.3318 73.0282 411.693 362.813 1150.5 194.233 0.990235 0.00976543 0
0.4056 55.8965 72.6201 410.313 363.794 1149.43 194.05 0.991123 0.00887661 0
0.4044 55.4622 72.2127 408.934 364.779 1148.36 193.866 0.992 0.00800025 0
0.4032 55.0286 71.8061 407.557 365.768 1147.29 193.681 0.992862 0.00713787 0
0.402 54.5956 71.4003 406.181 366.76 1146.21 193.493 0.993709 0.00629128 0
0.4008 54.163 70.9953 404.806 367.756 1145.13 193.303 0.994537 0.00546266 0
0.3996 53.7307 70.5911 403.433 368.756 1144.05 193.11 0.995345 0.00465466 0
0.3984 53.2982 70.1878 402.06 369.76 1142.97 192.915 0.996129 0.00387061 0
0.3972 52.8653 69.7852 400.689 370.767 1141.88 192.716 0.996885 0.00311478 0
0.396 52.4315 69.3836 399.32 371.78 1140.79 192.514 0.997607 0.00239285 0
0.3948 51.996 68.9828 397.952 372.796 1139.68 192.308 0.998287 0.00171286 0
0.3936 51.5577 68.583 396.585 373.818 1138.57 192.097 0.998913 0.00108696 0
0.3924 51.1149 68.1841 395.219 374.845 1137.45 191.879 0.999464 0.000536135 0
0.3912 50.6632 67.7863 393.855 375.879 1136.29 191.65 0.999892 0.000108011 0
0.39 50.1844 67.3897 392.492 376.925 1135.07 191.394 1 0 0
0.3888 49.6987 66.9944 391.131 377.978 1133.82 191.129 1 0 0
0.3876 49.2162 66.6006 389.771 379.036 1132.58 190.863 1 0 0
0.3864 48.7368 66.2082 388.412 380.097 1131.34 190.596 1 0 0
0.3852 48.2607 65.8172 387.056 381.163 1130.1 190.328 1 0 0
0.384 47.7877 65.4276 385.7 382.233 1128.87 190.06 1 0 0
0.3828 47.3178 65.0394 384.346 383.308 1127.65 189.79 1 0 0
0.3816 46.8512 64.6526 382.994 384.387 1126.43 189.52 1 0 0
0.3804 46.3877 64.2672 381.643 385.47 1125.21 189.249 1 0 0
0.3792 45.9273 63.8832 380.293 386.557 1124 188.978 1 0 0
0.378 45.47 63.5007 378.945 387.649 1122.79 188.705 1 0 0
0.3768 45.0159 63.1195 377.599 388.745 1121.59 188.432 1 0 0
0.3756 44.565 62.7397 376.253 389.845 1120.39 188.158 1 0 0
0.3744 44.1171 62.3613 374.91 390.95 1119.2 187.883 1 0 0
0.3732 43.6724 61.9844 373.567 392.059 1118.01 187.607 1 0 0
0.372 43.2307 61.6088 372.226 393.172 1116.82 187.331 1 0 0
0.3708 42.7922 61.2346 370.887 394.29 1115.64 187.053 1 0 0
0.3696 42.3568 60.8618 369.549 395.411 1114.46 186.775 1 0 0
0.3684 41.9244 60.4904 368.212 396.538 1113.29 186.496 1 0 0
0.3672 41.4952 60.1205 366.877 397.668 1112.12 186.216 1 0 0
0.366 41.069 59.7519 365.543 398.803 1110.96 185.936 1 0 0
0.3648 40.6458 59.3846 364.211 399.942 1109.8 185.654 1 0 0
0.3636 40.2258 59.0188 362.88 401.085 1108.65 185.372 1 0 0
0.3624 39.8087 58.6544 361.55 402.233 1107.5 185.089 1 0 0
0.3612 39.3948 58.2914 360.222 403.385 1106.36 184.805 1 0 0
0.36 38.9838 57.9297 358.895 404.541 1105.22 184.52 1 0 0
0.3588 38.5759 57.5694 357.569 405.702 1104.08 184.234 1 0 0
0.3576 38.171 57.2106 356.245 406.867 1102.95 183.948 1 0 0
0.3564 37.7691 56.8531 354.922 408.036 1101.83 183.66 1 0 0
0.3552 37.3702 56.4969 353.601 409.21 1100.71 183.372 1 0 0
0.354 36.9743 56.1422 352.28 410.388 1099.59 183.083 1 0 0
0.3528 36.5814 55.7888 350.961 411.57 1098.48 182.793 1 0 0
0.3516 36.1914 55.4368 349.644 412.756 1097.37 182.502 1 0 0
0.3504 35.8045 55.0862 348.328 413.947 1096.27 182.21 1 0 0
0.3492 35.4204 54.7369 347.013 415.142 1095.17 181.918 1 0 0
0.348 35.0394 54.3891 345.699 416.341 1094.08 181.624 1 0 0
0.3468 34.6612 54.0425 344.387 417.544 1092.99 181.33 1 0 0
0.3456 34.286 53.6974 343.076 418.752 1091.9 181.035 1 0 0
0.3444 33.9137 53.3536 341.767 419.964 1090.83 180.739 1 0 0
0.3432 33.5443 53.0112 340.458 421.18 1089.75 180.442 1 0 0
0.342 33.1778 52.6701 339.151 422.401 1088.68 180.144 1 0 0
0.3408 32.8142 52.3304 337.845 423.625 1087.62 179.845 1 0 0
0.3396 32.4535 51.992 336.541 424.854 1086.56 179.545 1 0 0
0.3384 32.0957 51.655 335.238 426.088 1085.5 179.245 1 0 0
0.3372 31.7407 51.3194 333.936 427.325 1084.45 178.943 1 0 0
0.336 31.3885 50.9851 332.635 428.567 1083.4 178.641 1 0 0
0.3348 31.0392 50.6521 331.336 429.813 1082.36 178.338 1 0 0
0.3336 30.6927 50.3205 330.037 431.063 1081.33 178.033 1 0 0
0.3324 30.349 49.9902 328.74 432.317 1080.29 177.728 1 0 0
0.3312 30.0082 49.6612 327.445 433.575 1079.27 177.422 1 0 0
0.33 29.6701 49.3336 326.15 434.838 1078.24 177.115 1 0 0
0.3288 29.3348 49.0074 324.857 436.105 1077.23 176.807 1 0 0
0.3276 29.0023 48.6824 323.565 437.376 1076.21 176.499 1 0 0
0.3264 28.6725 48.3588 322.274 438.651 1075.2 176.189 1 0 0
0.3252 28.3455 48.0365 320.984 439.93 1074.2 175.878 1 0 0
0.324 28.0212 47.7155 319.696 441.214 1073.2 175.566 1 0 0
0.3228 27.6997 47.3959 318.409 442.502 1072.21 175.254 1 0 0
0.3216 27.3808 47.0775 317.123 443.793 1071.22 174.94 1 0 0
0.3204 27.0647 46.7605 315.838 445.089 1070.23 174.626 1 0 0
0.3192 26.7512 46.4448 314.554 446.389 1069.25 174.31 1 0 0
0.318 26.4404 46.1304 313.271 447.693 1068.28 173.994 1 0 0
0.3168 26.1323 45.8173 311.99 449.002 1067.31 173.676 1 0 0
0.3156 25.8269 45.5054 310.71 450.314 1066.34 173.358 1 0 0
0.3144 25.524 45.1949 309.431 451.63 1065.38 173.039 1 0 0
0.3132 25.2238 44.8857 308.153 452.951 1064.42 172.718 1 0 0
0.312 24.9263 44.5778 306.876 454.275 1063.47 172.397 1 0 0
0.3108 24.6313 44.2712 305.601 455.604 1062.52 172.075 1 0 0
0.3096 24.3389 43.9658 304.326 456.937 1061.58 171.751 1 0 0
0.3084 24.0491 43.6618 303.053 458.273 1060.64 171.427 1 0 0
0.3072 23.7618 43.359 301.781 459.614 1059.71 171.102 1 0 0
0.306 23.4772 43.0575 300.51 460.959 1058.78 170.775 1 0 0
0.3048 23.195 42.7572 299.24 462.307 1057.86 170.448 1 0 0
0.3036 22.9154 42.4583 297.971 463.66 1056.94 170.119 1 0 0
0.3024 22.6382 42.1606 296.703 465.017 1056.02 169.79 1 0 0
0.3012 22.3636 41.8641 295.436 466.378 1055.11 169.459 1 0 0
0.3 22.0915 41.5689 294.171 467.742 1054.21 169.128 1 0 0
0.2988 21.8218 41.275 292.906 469.111 1053.31 168.795 1 0 0
0.2976 21.5546 40.9823 291.643 470.483 1052.41 168.462 1 0 0
0.2964 21.2899 40.6909 290.38 471.86 1051.52 168.127 1 0 0
0.2952 21.0276 40.4007 289.119 473.24 1050.63 167.791 1 0 0
0.294 20.7677 40.1118 287.859 474.625 1049.75 167.454 1 0 0
0.2928 20.5102 39.8241 286.6 476.013 1048.87 167.116 1 0 0
0.2916 20.2551 39.5376 285.342 477.405 1048 166.777 1 0 0
0.2904 20.0023 39.2524 284.084 478.801 1047.13 166.437 1 0 0
0.2892 19.752 38.9684 282.828 480.201 1046.27 166.096 1 0 0
0.288 19.504 38.6856 281.573 481.605 1045.41 165.753 1 0 0
0.2868 19.2583 38.404 280.319 483.013 1044.55 165.41 1 0 0
0.2856 19.015 38.1237 279.067 484.424 1043.7 165.065 1 0 0
0.2844 18.7739 37.8445 277.815 485.839 1042.86 164.72 1 0 0
0.2832 18.5352 37.5666 276.564 487.259 1042.02 164.373 1 0 0
0.282 18.2987 37.2899 275.314 488.682 1041.18 164.025 1 0 0
0.2808 18.0646 37.0144 274.065 490.108 1040.35 163.676 1 0 0
0.2796 17.8326 36.74 272.817 491.539 1039.52 163.325 1 0 0
0.2784 17.6029 36.4669 271.57 492.973 1038.7 162.974 1 0 0
0.2772 17.3755 36.1949 270.324 494.411 1037.88 162.621 1 0 0
0.276 17.1502 35.9242 269.079 495.853 1037.06 162.267 1 0 0
0.2748 16.9272 35.6546 267.835 497.299 1036.25 161.912 1 0 0
0.2736 16.7063 35.3862 266.592 498.748 1035.45 161.556 1 0 0
0.2724 16.4876 35.119 265.35 500.201 1034.65 161.198 1 0 0
0.2712 16.2711 34.8529 264.109 501.658 1033.85 160.84 1 0 0
0.27 16.0567 34.588 262.869 503.119 1033.06 160.48 1 0 0
0.2688 15.8444 34.3243 261.63 504.583 1032.27 160.119 1 0 0
0.2676 15.6342 34.0617 260.391 506.051 1031.49 159.756 1 0 0
0.2664 15.4262 33.8003 259.154 507.522 1030.71 159.392 1 0 0
0.2652 15.2202 33.5401 257.918 508.998 1029.93 159.027 1 0 0
0.264 15.0163 33.281 256.682 510.476 1029.16 158.661 1 0 0
0.2628 14.8145 33.023 255.448 511.959 1028.39 158.294 1 0 0
0.2616 14.6147 32.7661 254.214 513.445 1027.63 157.925 1 0 0
0.2604 14.4169 32.5104 252.981 514.935 1026.87 157.555 1 0 0
0.2592 14.2211 32.2559 251.75 516.428 1026.12 157.183 1 0 0
0.258 14.0274 32.0024 250.519 517.926 1025.37 156.81 1 0 0
0.2568 13.8356 31.7501 249.289 519.426 1024.63 156.436 1 0 0
0.2556 13.6458 31.4989 248.06 520.93 1023.89 156.061 1 0 0
0.2544 13.458 31.2488 246.831 522.438 1023.15 155.684 1 0 0
0.2532 13.2721 30.9998 245.604 523.95 1022.42 155.306 1 0 0
0.252 13.0882 30.752 244.377 525.465 1021.69 154.926 1 0 0
0.2508 12.9061 30.5052 243.152 526.983 1020.97 154.545 1 0 0
0.2496 12.726 30.2595 241.927 528.505 1020.25 154.163 1 0 0
0.2484 12.5478 30.0149 240.703 530.031 1019.53 153.779 1 0 0
0.2472 12.3714 29.7715 239.48 531.56 1018.82 153.393 1 0 0
0.246 12.1969 29.5291 238.258 533.093 1018.11 153.007 1 0 0
0.2448 12.0242 29.2877 237.037 534.629 1017.41 152.618 1 0 0
0.2436 11.8534 29.0475 235.816 536.168 1016.71 152.229 1 0 0
0.2424 11.6844 28.8083 234.597 537.712 1016.01 151.838 1 0 0
0.2412 11.5172 28.5702 233.378 539.258 1015.32 151.445 1 0 0
0.24 11.3518 28.3332 232.16 540.808 1014.63 151.051 1 0 0
0.2388 11.1881 28.0973 230.943 542.362 1013.95 150.655 1 0 0
0.2376 11.0263 27.8623 229.726 543.919 1013.27 150.258 1 0 0
0.2364 10.8662 27.6285 228.511 545.48 1012.59 149.859 1 0 0
0.2352 10.7078 27.3957 227.296 547.044 1011.92 149.458 1 0 0
0.234 10.5511 27.1639 226.082 548.611 1011.25 149.056 1 0 0
0.2328 10.3962 26.9332 224.869 550.182 1010.59 148.653 1 0 0
0.2316 10.2429 26.7036 223.657 551.756 1009.93 148.247 1 0 0
0.2304 10.0914 26.4749 222.445 553.334 1009.27 147.84 1 0 0
0.2292 9.94145 26.2473 221.235 554.915 1008.62 147.432 1 0 0
0.228 9.79321 26.0207 220.025 556.5 1007.97 147.022 1 0 0
0.2268 9.64661 25.7952 218.816 558.088 1007.33 146.61 1 0 0
0.2256 9.50164 25.5706 217.607 559.679 1006.69 146.196 1 0 0
0.2244 9.35828 25.3471 216.399 561.274 1006.05 145.781 1 0 0
0.2232 9.21652 25.1246 215.193 562.872 1005.42 145.364 1 0 0
0.222 9.07636 24.9031 213.986 564.474 1004.79 144.945 1 0 0
0.2208 8.93777 24.6826 212.781 566.079 1004.16 144.524 1 0 0
0.2196 8.80074 24.4631 211.577 567.687 1003.54 144.102 1 0 0
0.2184 8.66527 24.2446 210.373 569.299 1002.92 143.678 1 0 0
0.2172 8.53133 24.0271 209.169 570.914 1002.31 143.252 1 0 0
0.216 8.39891 23.8106 207.967 572.532 1001.69 142.824 1 0 0
0.2148 8.268 23.5951 206.765 574.154 1001.09 142.394 1 0 0
0.2136 8.1386 23.3805 205.564 575.78 1000.48 141.962 1 0 0
0.2124 8.01067 23.167 204.364 577.408 999.882 141.529 1 0 0
0.2112 7.88423 22.9544 203.165 579.04 999.285 141.093 1 0 0
0.21 7.75924 22.7427 201.966 580.675 998.691 140.656 1 0 0
0.2088 7.63569 22.5321 200.768 582.314 998.102 140.216 1 0 0
0.2076 7.51359 22.3224 199.571 583.956 997.515 139.775 1 0 0
0.2064 7.3929 22.1137 198.374 585.602 996.932 139.332 1 0 0
0.2052 7.27363 21.9059 197.178 587.25 996.352 138.886 1 0 0
0.204 7.15575 21.6991 195.983 588.902 995.776 138.439 1 0 0
0.2028 7.03925 21.4932 194.788 590.558 995.204 137.989 1 0 0
0.2016 6.92413 21.2883 193.594 592.217 994.634 137.537 1 0 0
0.2004 6.81037 21.0844 192.401 593.879 994.068 137.083 1 0 0
0.1992 6.69796 20.8813 191.208 595.544 993.506 136.627 1 0 0
0.198 6.58689 20.6792 190.016 597.213 992.946 136.169 1 0 0
0.1968 6.47713 20.4781 188.825 598.885 992.39 135.709 1 0 0
0.1956 6.3687 20.2779 187.635 600.561 991.838 135.246 1 0 0
0.1944 6.26156 20.0786 186.445 602.24 991.288 134.781 1 0 0
0.1932 6.15571 19.8802 185.256 603.922 990.742 134.314 1 0 0
0.192 6.05113 19.6828 184.067 605.608 990.199 133.844 1 0 0
0.1908 5.94783 19.4863 182.879 607.297 989.659 133.373 1 0 0
0.1896 5.84577 19.2907 181.692 608.989 989.123 132.898 1 0 0
0.1884 5.74496 19.096 180.505 610.685 988.589 132.422 1 0 0
0.1872 5.64538 18.9022 179.319 612.384 988.059 131.943 1 0 0
0.186 5.54701 18.7094 178.134 614.087 987.532 131.461 1 0 0
0.1848 5.44986 18.5174 176.949 615.793 987.008 130.977 1 0 0
0.1836 5.3539 18.3264 175.765 617.502 986.487 130.49 1 0 0
0.1824 5.25912 18.1362 174.582 619.215 985.969 130.001 1 0 0
0.1812 5.16552 17.947 173.399 620.931 985.454 129.509 1 0 0
0.18 5.07308 17.7586 172.217 622.65 984.942 129.015 1 0 0
0.1788 4.98179 17.5712 171.035 624.373 984.434 128.518 1 0 0
0.1776 4.89164 17.3847 169.854 626.1 983.928 128.018 1 0 0
0.1764 4.80263 17.199 168.674 627.83 983.425 127.516 1 0 0
0.1752 4.71473 17.0142 167.494 629.563 982.925 127.01 1 0 0
0.174 4.62793 16.8304 166.314 631.299 982.428 126.502 1 0 0
0.1728 4.54224 16.6474 165.136 633.039 981.933 125.991 1 0 0
0.1716 4.45763 16.4653 163.958 634.783 981.442 125.477 1 0 0
0.1704 4.37409 16.2841 162.78 636.53 980.954 124.96 1 0 0
0.1692 4.29162 16.1037 161.604 638.281 980.468 124.441 1 0 0
0.168 4.2102 15.9243 160.427 640.035 979.985 123.918 1 0 0
0.1668 4.12983 15.7457 159.252 641.792 979.505 123.392 1 0 0
0.1656 4.05049 15.568 158.076 643.553 979.028 122.863 1 0 0
0.1644 3.97217 15.3912 156.902 645.318 978.553 122.33 1 0 0
0.1632 3.89486 15.2153 155.728 647.086 978.081 121.795 1 0 0
0.162 3.81856 15.0403 154.555 648.857 977.612 121.256 1 0 0
0.1608 3.74324 14.8661 153.382 650.632 977.145 120.714 1 0 0
0.1596 3.66891 14.6928 152.209 652.411 976.681 120.168 1 0 0
0.1584 3.59554 14.5204 151.038 654.193 976.22 119.619 1 0 0
0.1572 3.52313 14.3489 149.866 655.979 975.761 119.066 1 0 0
0.156 3.45167 14.1783 148.696 657.769 975.304 118.51 1 0 0
0.1548 3.38115 14.0085 147.526 659.562 974.851 117.95 1 0 0
0.1536 3.31156 13.8396 146.356 661.358 974.399 117.387 1 0 0
0.1524 3.24289 13.6716 145.187 663.159 973.95 116.819 1 0 0
0.1512 3.17512 13.5045 144.019 664.963 973.504 116.248 1 0 0
0.15 3.10824 13.3383 142.851 666.771 973.06 115.672 1 0 0
0.1488 3.04225 13.173 141.683 668.582 972.618 115.092 1 0 0
0.1476 2.97713 13.0085 140.516 670.397 972.179 114.509 1 0 0
0.1464 2.91288 12.845 139.35 672.216 971.742 113.92 1 0 0
0.1452 2.84947 12.6824 138.184 674.038 971.307 113.328 1 0 0
0.144 2.7869 12.5206 137.019 675.865 970.874 112.73 1 0 0
0.1428 2.72516 12.3598 135.854 677.695 970.444 112.128 1 0 0
0.1416 2.66423 12.1999 134.69 679.529 970.015 111.521 1 0 0
0.1404 2.60409 12.0409 133.526 681.366 969.589 110.909 1 0 0
0.1392 2.54474 11.8829 132.363 683.208 969.164 110.292 1 0 0
0.138 2.48615 11.7257 131.2 685.053 968.741 109.669 1 0 0
0.1368 2.42831 11.5695 130.038 686.902 968.32 109.04 1 0 0
0.1356 2.3712 11.4143 128.876 688.755 967.901 108.404 1 0 0
0.1344 2.31477 11.26 127.715 690.612 967.483 107.762 1 0 0
0.1332 2.25901 11.1068 126.554 692.473 967.066 107.112 1 0 0
0.132 2.20385 10.9545 125.394 694.337 966.65 106.453 1 0 0
0.1308 2.14916 10.8032 124.234 696.206 966.234 105.783 1 0 0
0.1296 2.0947 10.653 123.075 698.077 965.816 105.095 1 0 0
0.1284 2.04105 10.5039 121.916 699.953 965.4 104.404 1 0 0
0.1272 1.98824 10.3559 120.758 701.833 964.987 103.708 1 0 0
0.126 1.93628 10.209 119.6 703.718 964.576 103.01 1 0 0
0.1248 1.88515 10.0632 118.443 705.606 964.169 102.308 1 0 0
0.1236 1.83485 9.9185 117.286 707.499 963.764 101.602 1 0 0
0.1224 1.78538 9.77493 116.13 709.397 963.361 100.894 1 0 0
0.1212 1.73672 9.63249 114.974 711.299 962.962 100.181 1 0 0
0.12 1.68887 9.49118 113.819 713.205 962.565 99.4653 1 0 0
0.1188 1.64183 9.35102 112.664 715.116 962.171 98.7459 1 0 0
0.1176 1.59558 9.21199 111.51 717.032 961.78 98.0229 1 0 0
0.1164 1.55013 9.07412 110.356 718.952 961.391 97.2963 1 0 0
0.1152 1.50547 8.93741 109.202 720.876 961.006 96.5661 1 0 0
0.114 1.46159 8.80187 108.049 722.806 960.623 95.8323 1 0 0
0.1128 1.41849 8.6675 106.897 724.74 960.243 95.0948 1 0 0
0.1116 1.37617 8.53431 105.745 726.678 959.866 94.3535 1 0 0
0.1104 1.33461 8.40231 104.593 728.622 959.491 93.6086 1 0 0
0.1092 1.29381 8.27151 103.442 730.57 959.12 92.8599 1 0 0
0.108 1.25376 8.14192 102.291 732.523 958.751 92.1075 1 0 0
0.1068 1.21447 8.01354 101.141 734.481 958.385 91.3512 1 0 0
0.1056 1.17592 7.88638 99.9912 736.444 958.022 90.5911 1 0 0
0.1044 1.13812 7.76046 98.8418 738.413 957.662 89.8272 1 0 0
0.1032 1.10105 7.63578 97.6928 740.386 957.305 89.0594 1 0 0
0.102 1.06471 7.51235 96.5443 742.364 956.951 88.2876 1 0 0
0.1008 1.0291 7.39017 95.3961 744.347 956.6 87.512 1 0 0
0.0996 0.994213 7.26927 94.2484 746.336 956.251 86.7323 1 0 0
0.0984 0.960039 7.14964 93.1011 748.33 955.906 85.9487 1 0 0
0.0972 0.926578 7.03131 91.9542 750.329 955.564 85.1611 1 0 0
0.096 0.893823 6.91427 90.8078 752.333 955.225 84.3694 1 0 0
0.0948 0.86177 6.79855 89.6617 754.343 954.889 83.5737 1 0 0
0.0936 0.830415 6.68414 88.516 756.358 954.556 82.7738 1 0 0
0.0924 0.799752 6.57106 87.3708 758.379 954.226 81.9699 1 0 0
0.0912 0.769777 6.45933 86.2259 760.406 953.9 81.1617 1 0 0
0.09 0.740485 6.34895 85.0814 762.438 953.577 80.3494 1 0 0
0.0888 0.711872 6.23993 83.9373 764.476 953.257 79.5329 1 0 0
0.0876 0.683933 6.13229 82.7936 766.519 952.94 78.7122 1 0 0
0.0864 0.656663 6.02603 81.6502 768.569 952.626 77.8871 1 0 0
0.0852 0.630056 5.92117 80.5073 770.624 952.316 77.0578 1 0 0
0.084 0.60411 5.81772 79.3647 772.686 952.01 76.2242 1 0 0
0.0828 0.578818 5.7157 78.2225 774.753 951.706 75.3862 1 0 0
0.0816 0.554176 5.6151 77.0806 776.827 951.406 74.5438 1 0 0
0.0804 0.53018 5.51595 75.9391 778.907 951.11 73.697 1 0 0
0.0792 0.506823 5.41826 74.7979 780.993 950.818 72.8457 1 0 0
0.078 0.484102 5.32204 73.6571 783.085 950.528 71.99 1 0 0
0.0768 0.462012 5.2273 72.5167 785.184 950.243 71.1298 1 0 0
0.0756 0.440546 5.13405 71.3765 787.289 949.961 70.265 1 0 0
0.0744 0.419701 5.04231 70.2367 789.401 949.683 69.3957 1 0 0
0.0732 0.399471 4.95208 69.0973 791.52 949.409 68.5217 1 0 0
0.072 0.37985 4.86339 67.9582 793.645 949.139 67.6431 1 0 0
0.0708 0.360834 4.77623 66.8194 795.778 948.873 66.7599 1 0 0
0.0696 0.342417 4.69063 65.6809 797.917 948.61 65.8719 1 0 0
0.0684 0.324594 4.60659 64.5427 800.063 948.352 64.9792 1 0 0
0.0672 0.307358 4.52412 63.4048 802.217 948.098 64.0817 1 0 0
0.066 0.290704 4.44324 62.2673 804.377 947.848 63.1794 1 0 0
0.0648 0.274627 4.36396 61.13 806.546 947.602 62.2722 1 0 0
0.0636 0.259119 4.28628 59.993 808.721 947.36 61.3601 1 0 0
0.0624 0.244176 4.21022 58.8563 810.904 947.123 60.4431 1 0 0
0.0612 0.22979 4.13578 57.7199 813.095 946.891 59.5211 1 0 0
0.06 0.215955 4.06298 56.5838 815.294 946.662 58.5941 1 0 0
0.0588 0.202665 3.99181 55.4479 817.5 946.438 57.662 1 0 0
0.0576 0.189912 3.9223 54.3123 819.715 946.219 56.7248 1 0 0
0.0564 0.177689 3.85444 53.177 821.937 946.005 55.7824 1 0 0
0.0552 0.16599 3.78823 52.0419 824.168 945.795 54.8347 1 0 0
0.054 0.154807 3.72369 50.9071 826.407 945.59 53.8818 1 0 0
0.0528 0.144131 3.66082 49.7725 828.655 945.391 52.9235 1 0 0
0.0516 0.133956 3.59962 48.6381 830.912 945.196 51.9598 1 0 0
0.0504 0.124272 3.54008 47.504 833.177 945.006 50.9907 1 0 0
0.0492 0.115072 3.4822 46.3701 835.451 944.821 50.016 1 0 0
0.048 0.106346 3.42598 45.2364 837.735 944.642 49.0356 1 0 0
0.0468 0.0980856 3.37142 44.103 840.027 944.467 48.0496 1 0 0
0.0456 0.0902814 3.3185 42.9697 842.329 944.298 47.0578 1 0 0
0.0444 0.0829237 3.26721 41.8367 844.641 944.135 46.0601 1 0 0
0.0432 0.0760024 3.21754 40.7038 846.962 943.977 45.0565 1 0 0
0.042 0.0695071 3.16947 39.5711 849.293 943.824 44.0467 1 0 0
0.0408 0.0634272 3.12296 38.4386 851.635 943.678 43.0308 1 0 0
0.0396 0.0577514 3.07801 37.3063 853.986 943.536 42.0086 1 0 0
0.0384 0.0524684 3.03457 36.1741 856.348 943.401 40.9799 1 0 0
0.0372 0.0475662 2.9926 35.0421 858.721 943.271 39.9446 1 0 0
0.036 0.0430324 2.95206 33.9103 861.104 943.147 38.9026 1 0 0
0.0348 0.0388544 2.91289 32.7786 863.499 943.029 37.8537 1 0 0
0.0336 0.0350189 2.87503 31.647 865.904 942.917 36.7977 1 0 0
0.0324 0.0315122 2.83842 30.5156 868.322 942.811 35.7344 1 0 0
0.0312 0.0283201 2.80296 29.3843 870.75 942.711 34.6635 1 0 0
0.03 0.0254282 2.76856 28.2531 873.191 942.616 33.5849 1 0 0
0.0288 0.0228211 2.73511 27.122 875.644 942.528 32.4982 1 0 0
0.0276 0.0204833 2.70249 25.991 878.11 942.445 31.4031 1 0 0
0.0264 0.0183986 2.67053 24.8601 880.588 942.367 30.2993 1 0 0
0.0252 0.0165503 2.63907 23.7293 883.079 942.296 29.1864 1 0 0
0.024 0.0149211 2.60791 22.5986 885.583 942.23 28.064 1 0 0
0.0228 0.0134934 2.57682 21.468 888.101 942.169 26.9316 1 0 0
0.0216 0.0122487 2.54552 20.3374 890.632 942.113 25.7886 1 0 0
0.0204 0.0111684 2.51371 19.2069 893.178 942.061 24.6343 1 0 0
0.0192 0.0102332 2.48099 18.0764 895.738 942.014 23.4681 1 0 0
0.018 0.0094232 2.44694 16.946 898.313 941.97 22.2891 1 0 0
0.0168 0.00871835 2.41102 15.8157 900.903 941.93 21.0962 1 0 0
0.0156 0.0080981 2.3726 14.6854 903.509 941.892 19.8883 1 0 0
0.0144 0.00754168 2.33092 13.5552 906.13 941.855 18.664 1 0 0
0.0132 0.00702816 2.28504 12.425 908.768 941.817 17.4215 1 0 0
0.012 0.00653668 2.23379 11.2948 911.422 941.779 16.1587 1 0 0
0.0108 0.00604665 2.17571 10.1647 914.094 941.736 14.8731 1 0 0
0.0096 0.00553809 2.10895 9.03465 916.783 941.686 13.5612 1 0 0
0.0084 0.00499211 2.03109 7.90466 919.49 941.625 12.2186 1 0 0
0.0072 0.00440661 1.93679 6.77474 922.216 941.549 10.8394 1 0 0
0.006 0.00374652 1.82395 5.64494 924.961 941.448 9.41516 1 0 0
0.0048 0.00301498 1.68397 4.51528 927.726 941.312 7.93328 1 0 0
0.0036 0.00221581 1.50465 3.38582 930.511 941.12 6.37312 1 0 0
0.0024 0.00137257 1.26309 2.25663 933.318 940.835 4.69614 1 0 0
0.0012 0.000553213 0.903647 1.12788 936.147 940.365 2.80909 1 0 0
