1619.29 368.41 1
1613.2 362.345 0.991
1607.08 356.315 0.982
1600.95 350.319 0.973
1594.8 344.36 0.964
1588.62 338.435 0.955
1582.43 332.547 0.946
1576.21 326.696 0.937
1569.98 320.882 0.928
1563.72 315.104 0.919
1557.45 309.365 0.91
1551.15 303.664 0.901
1544.83 298.001 0.892
1538.5 292.377 0.883
1532.14 286.792 0.874
1525.76 281.247 0.865
1519.37 275.743 0.856
1512.95 270.279 0.847
1506.51 264.857 0.838
1500.06 259.476 0.829
1493.58 254.137 0.82
1487.09 248.841 0.811
1480.57 243.588 0.802
1474.04 238.379 0.793
1467.49 233.214 0.784
1460.92 228.094 0.775
1454.34 223.019 0.766
1447.73 217.991 0.757
1441.11 213.008 0.748
1434.47 208.073 0.739
1427.82 203.186 0.73
1421.15 198.347 0.721
1414.47 193.557 0.712
1407.77 188.816 0.703
1401.05 184.126 0.694
1394.32 179.487 0.685
1387.58 174.9 0.676
1380.83 170.365 0.667
1374.06 165.883 0.658
1367.29 161.455 0.649
1360.5 157.082 0.64
1353.71 152.764 0.631
1346.9 148.502 0.622
1340.1 144.298 0.613
1333.28 140.15 0.604
1326.46 136.062 0.595
1319.64 132.033 0.586
1312.81 128.064 0.577
1305.98 124.156 0.568
1299.16 120.309 0.559
1292.34 116.526 0.55
1285.52 112.806 0.541
1278.7 109.15 0.532
1271.9 105.56 0.523
1265.1 102.035 0.514
1258.31 98.577 0.505
1251.54 95.1864 0.496
1244.78 91.864 0.487
1238.03 88.6104 0.478
1231.31 85.4262 0.469
1224.6 82.3118 0.46
1217.92 79.2678 0.451
1211.26 76.2942 0.442
1204.63 73.3911 0.433
1198.02 70.5583 0.424
1191.43 67.795 0.415
1184.86 65.0998 0.406
1178.31 62.4698 0.397
1171.76 59.8988 0.388
1165.16 57.3683 0.379
1157.86 54.6325 0.37
1150.01 51.7664 0.361
1142 48.9088 0.352
1133.66 46.011 0.343
1124.23 42.8224 0.334
1112.99 39.1193 0.325
1101.99 35.5922 0.316
1091.25 32.2461 0.307
1080.8 29.0849 0.298
1070.67 26.1118 0.289
1060.89 23.3286 0.28
1051.48 20.7358 0.271
1042.46 18.3326 0.262
1033.86 16.1165 0.253
1025.68 14.0836 0.244
1017.93 12.2286 0.235
1010.63 10.5448 0.226
1003.77 9.02479 0.217
997.348 7.6602 0.208
991.365 6.44227 0.199
985.813 5.36209 0.19
980.686 4.41079 0.181
975.98 3.5798 0.172
971.69 2.86097 0.163
967.816 2.24658 0.154
964.358 1.72938 0.145
961.321 1.30237 0.136
958.709 0.95857 0.127
956.525 0.690658 0.118
954.76 0.489995 0.109
