2518.99 541.052 1.43093
2494.26 530.206 1.4098
2469.52 519.468 1.38877
2444.76 508.837 1.36784
2419.99 498.314 1.34702
2395.21 487.9 1.32629
2370.41 477.593 1.30566
2345.61 467.395 1.28514
2320.79 457.306 1.26472
2295.96 447.326 1.24441
2271.12 437.456 1.2242
2246.27 427.694 1.2041
2221.42 418.043 1.18411
2196.56 408.501 1.16423
2171.69 399.07 1.14446
2146.82 389.749 1.1248
2121.95 380.54 1.10525
2097.07 371.441 1.08582
2072.2 362.454 1.0665
2047.33 353.578 1.0473
2022.46 344.815 1.02822
1997.59 336.164 1.00926
1972.74 327.625 0.990417
1947.89 319.2 0.9717
1923.06 310.887 0.953108
1898.24 302.689 0.934642
1873.44 294.604 0.916304
1848.66 286.634 0.898097
1823.9 278.779 0.880021
1799.16 271.038 0.862079
1774.46 263.413 0.844273
1749.79 255.904 0.826605
1725.16 248.51 0.809077
1700.56 241.234 0.791691
1676.01 234.074 0.77445
1651.52 227.031 0.757355
1627.07 220.106 0.74041
1602.69 213.298 0.723616
1578.37 206.609 0.706977
1554.12 200.038 0.690494
1529.95 193.586 0.674171
1505.86 187.253 0.65801
1481.85 181.04 0.642015
1457.95 174.946 0.626187
1434.14 168.972 0.61053
1410.45 163.118 0.595047
1386.87 157.384 0.57974
1363.41 151.77 0.564613
1340.09 146.277 0.549668
1316.9 140.903 0.534909
1293.86 135.649 0.520337
1270.97 130.514 0.505956
1248.24 125.498 0.491767
1225.67 120.6 0.477773
1203.27 115.819 0.463975
1181.03 111.154 0.450375
1158.96 106.602 0.43697
1137.04 102.161 0.423761
1115.25 97.8265 0.410744
1093.55 93.5932 0.397909
1071.89 89.4517 0.385243
1050.12 85.3856 0.372717
1027.93 81.3592 0.360261
1003.74 77.1941 0.347515
975.463 72.6685 0.334034
947.838 68.3332 0.3209
920.909 64.1878 0.308124
894.723 60.2317 0.295715
869.328 56.4636 0.283682
844.772 52.8819 0.272032
821.102 49.4843 0.260773
798.362 46.2681 0.249911
776.598 43.23 0.239449
755.854 40.3663 0.229392
736.172 37.6727 0.219742
717.592 35.1444 0.2105
700.158 32.7764 0.201665
683.909 30.563 0.193236
668.889 28.4986 0.18521
655.142 26.5772 0.177585
642.717 24.7926 0.170355
631.669 23.1386 0.163516
622.057 21.609 0.157062
613.953 20.1974 0.150988
607.441 18.8979 0.145288
602.62 17.7044 0.139957
599.609 16.6112 0.134988
598.552 15.6126 0.130377
599.622 14.7034 0.126118
603.03 13.8785 0.122207
609.03 13.1331 0.11864
617.933 12.4626 0.115411
630.119 11.8628 0.112517
646.054 11.3296 0.109951
666.314 10.8592 0.10771
691.615 10.448 0.105785
722.856 10.0926 0.104168
761.19 9.7897 0.10285
808.102 9.53616 0.101818
865.553 9.32883 0.101058
