2492.97 518.151 1.42567
2469.59 507.778 1.40489
2446.18 497.502 1.38421
2422.74 487.323 1.36361
2399.25 477.24 1.3431
2375.74 467.252 1.32268
2352.17 457.36 1.30234
2328.57 447.562 1.2821
2304.91 437.857 1.26195
2281.2 428.244 1.24188
2257.41 418.72 1.22191
2233.53 409.279 1.20201
2209.51 399.909 1.18219
2185.09 390.548 1.16239
2160.38 381.222 1.14263
2135.68 372.01 1.12299
2110.99 362.912 1.10347
2086.32 353.928 1.08407
2061.67 345.058 1.06479
2037.05 336.304 1.04564
2012.44 327.664 1.02661
1987.87 319.14 1.00772
1963.32 310.73 0.988946
1938.8 302.436 0.970306
1914.31 294.258 0.951799
1889.85 286.194 0.933426
1865.43 278.246 0.915189
1841.04 270.411 0.897088
1816.67 262.691 0.879124
1792.33 255.081 0.861299
1767.98 247.576 0.843608
1743.51 240.156 0.826039
1719.07 232.846 0.80861
1694.67 225.655 0.791328
1670.34 218.583 0.774196
1646.08 211.629 0.757215
1621.89 204.796 0.740389
1597.77 198.082 0.723721
1573.74 191.488 0.707212
1549.79 185.015 0.690866
1525.95 178.663 0.674686
1502.21 172.432 0.658675
1478.58 166.323 0.642835
1455.08 160.336 0.62717
1431.7 154.471 0.611682
1408.46 148.729 0.596376
1385.36 143.109 0.581253
1362.43 137.612 0.566319
1339.66 132.239 0.551575
1317.07 126.989 0.537025
1294.66 121.861 0.522672
1272.45 116.857 0.50852
1250.46 111.977 0.494573
1228.68 107.219 0.480832
1207.14 102.583 0.467301
1185.84 98.0701 0.453983
1164.8 93.6785 0.440882
1144.02 89.4078 0.427998
1123.52 85.2571 0.415335
1103.3 81.225 0.402894
1083.37 77.3101 0.390677
1063.74 73.5103 0.378682
1044.39 69.8229 0.366909
1025.32 66.2441 0.355355
1006.5 62.7687 0.344012
987.863 59.3881 0.332868
969.284 56.087 0.321894
950.411 52.8288 0.311017
928.867 49.3779 0.299749
905.669 45.8504 0.288325
883.348 42.4994 0.277274
861.947 39.3223 0.266599
841.509 36.3158 0.256304
822.078 33.4763 0.246392
803.698 30.7997 0.236864
786.41 28.2817 0.22772
770.26 25.9174 0.218958
755.291 23.7019 0.210578
741.55 21.6298 0.202576
729.084 19.6956 0.194947
717.945 17.8935 0.187687
708.189 16.2177 0.18079
699.877 14.6622 0.174249
693.078 13.2212 0.168056
687.873 11.8885 0.162204
684.351 10.6585 0.156683
682.619 9.52515 0.151485
682.801 8.48286 0.1466
685.046 7.52606 0.142018
689.531 6.64937 0.137728
696.47 5.84759 0.133721
706.121 5.11572 0.129985
718.803 4.44901 0.12651
734.907 3.84292 0.123286
754.926 3.29319 0.120303
779.481 2.79593 0.11755
809.375 2.34765 0.115021
845.655 1.94538 0.112709
889.71 1.58673 0.110611
943.413 1.26983 0.108725
