2506.81 525.032 1.42794
2483.3 514.598 1.4071
2459.73 504.251 1.38634
2436.07 493.986 1.36566
2412.3 483.796 1.34504
2388.33 473.66 1.32449
2363.81 463.478 1.30391
2339.08 453.348 1.28339
2314.34 443.328 1.26297
2289.6 433.415 1.24267
2264.84 423.61 1.22247
2240.06 413.911 1.20239
2215.25 404.31 1.18241
2190.38 394.806 1.16255
2165.51 385.413 1.14279
2140.65 376.131 1.12315
2115.78 366.961 1.10363
2090.92 357.903 1.08422
2066.06 348.958 1.06492
2041.21 340.125 1.04575
2016.36 331.405 1.0267
1991.53 322.798 1.00777
1966.71 314.305 0.988961
1941.9 305.926 0.970279
1917.12 297.661 0.951724
1892.35 289.511 0.933299
1867.61 281.476 0.915004
1842.89 273.557 0.896842
1818.21 265.753 0.878814
1793.56 258.066 0.860923
1768.94 250.495 0.843171
1744.37 243.041 0.82556
1719.85 235.704 0.808092
1695.37 228.486 0.790769
1670.96 221.385 0.773595
1646.6 214.403 0.756571
1622.31 207.54 0.739699
1598.09 200.796 0.722984
1573.94 194.172 0.706426
1549.89 187.667 0.69003
1525.92 181.284 0.673797
1502.05 175.02 0.657731
1478.29 168.878 0.641835
1454.63 162.858 0.626112
1431.11 156.959 0.610564
1407.71 151.181 0.595195
1384.44 145.526 0.580009
1361.33 139.994 0.565008
1338.37 134.583 0.550195
1315.58 129.295 0.535574
1292.97 124.129 0.521149
1270.54 119.086 0.506921
1248.31 114.165 0.492895
1226.29 109.366 0.479073
1204.48 104.688 0.465458
1182.9 100.131 0.452053
1161.56 95.6946 0.43886
1140.45 91.377 0.425881
1119.6 87.1772 0.413117
1098.99 83.0933 0.400569
1078.64 79.1231 0.388237
1058.52 75.2633 0.376117
1038.61 71.5093 0.364204
1018.87 67.8542 0.352489
999.214 64.2863 0.340951
979.426 60.7824 0.329547
958.819 57.2704 0.318129
934.083 53.4135 0.306001
909.495 49.6724 0.294099
885.732 46.112 0.282569
862.837 42.73 0.271414
840.855 39.5238 0.260642
819.83 36.4901 0.250254
799.803 33.6253 0.240254
780.817 30.9253 0.230644
762.915 28.3857 0.221425
746.138 26.0015 0.212594
730.529 23.7676 0.204152
716.132 21.6787 0.196094
702.994 19.729 0.188418
691.163 17.9127 0.181118
680.695 16.2239 0.17419
671.65 14.6567 0.167627
664.097 13.205 0.161423
658.116 11.8629 0.155571
653.8 10.6246 0.150064
651.26 9.48438 0.144894
650.627 8.43663 0.140055
652.06 7.47605 0.135538
655.749 6.59751 0.131337
661.925 5.79614 0.127444
670.872 5.06733 0.123853
682.936 4.40672 0.120556
698.549 3.81025 0.117549
718.246 3.27412 0.114823
742.702 2.79482 0.112374
772.774 2.36909 0.110195
809.568 1.99392 0.108279
854.527 1.66651 0.106621
909.571 1.38426 0.105212
