1.2 773.253 443.804 1659.74 79.1045 2027.49 214.051 0.630457 0.369543 0
1.1988 771.577 443.159 1657.31 79.2643 2026.1 214.115 0.630647 0.369353 0
1.1976 769.903 442.515 1654.88 79.4243 2024.7 214.179 0.630839 0.369161 0
1.1964 768.231 441.871 1652.45 79.5845 2023.3 214.242 0.63103 0.36897 0
1.1952 766.56 441.226 1650.02 79.745 2021.91 214.306 0.631222 0.368778 0
1.194 764.891 440.582 1647.6 79.9057 2020.51 214.369 0.631414 0.368586 0
1.1928 763.223 439.938 1645.17 80.0666 2019.11 214.433 0.631607 0.368393 0
1.1916 761.558 439.294 1642.75 80.2278 2017.72 214.496 0.6318 0.3682 0
1.1904 759.894 438.65 1640.33 80.3892 2016.32 214.559 0.631993 0.368007 0
1.1892 758.232 438.006 1637.91 80.5509 2014.92 214.622 0.632187 0.367813 0
1.188 756.571 437.363 1635.5 80.7128 2013.53 214.685 0.632381 0.367619 0
1.1868 754.913 436.719 1633.08 80.8749 2012.13 214.747 0.632575 0.367425 0
1.1856 753.256 436.076 1630.67 81.0374 2010.73 214.81 0.632769 0.367231 0
1.1844 751.601 435.432 1628.26 81.2 2009.34 214.873 0.632964 0.367036 0
1.1832 749.947 434.789 1625.85 81.363 2007.94 214.935 0.63316 0.36684 0
1.182 748.295 434.146 1623.44 81.5262 2006.54 214.997 0.633356 0.366644 0
1.1808 746.645 433.503 1621.03 81.6896 2005.15 215.059 0.633552 0.366448 0
1.1796 744.997 432.86 1618.63 81.8533 2003.75 215.122 0.633748 0.366252 0
1.1784 743.351 432.217 1616.22 82.0173 2002.35 215.184 0.633945 0.366055 0
1.1772 741.706 431.575 1613.82 82.1815 2000.96 215.246 0.634142 0.365858 0
1.176 740.063 430.932 1611.42 82.346 1999.56 215.307 0.63434 0.36566 0
1.1748 738.421 430.29 1609.02 82.5108 1998.16 215.369 0.634538 0.365462 0
1.1736 736.782 429.647 1606.63 82.6759 1996.77 215.431 0.634737 0.365263 0
1.1724 735.144 429.005 1604.23 82.8412 1995.37 215.492 0.634935 0.365065 0
1.1712 733.508 428.363 1601.84 83.0068 1993.98 215.554 0.635135 0.364865 0
1.17 731.873 427.721 1599.45 83.1727 1992.58 215.615 0.635334 0.364666 0
1.1688 730.241 427.079 1597.06 83.3389 1991.18 215.676 0.635534 0.364466 0
1.1676 728.61 426.438 1594.67 83.5053 1989.79 215.738 0.635735 0.364265 0
1.1664 726.98 425.796 1592.28 83.672 1988.39 215.799 0.635936 0.364064 0
1.1652 725.353 425.155 1589.9 83.839 1987 215.86 0.636137 0.363863 0
1.164 723.727 424.513 1587.51 84.0063 1985.6 215.921 0.636339 0.363661 0
1.1628 722.103 423.872 1585.13 84.1739 1984.2 215.981 0.636541 0.363459 0
1.1616 720.481 423.231 1582.75 84.3418 1982.81 216.042 0.636744 0.363256 0
1.1604 718.86 422.59 1580.37 84.51 1981.41 216.103 0.636947 0.363053 0
1.1592 717.241 421.949 1578 84.6785 1980.02 216.163 0.63715 0.36285 0
1.158 715.624 421.308 1575.62 84.8472 1978.62 216.224 0.637354 0.362646 0
1.1568 714.009 420.667 1573.25 85.0163 1977.23 216.284 0.637558 0.362442 0
1.1556 712.395 420.027 1570.88 85.1857 1975.83 216.344 0.637763 0.362237 0
1.1544 710.783 419.386 1568.51 85.3553 1974.44 216.404 0.637968 0.362032 0
1.1532 709.173 418.746 1566.14 85.5253 1973.04 216.465 0.638174 0.361826 0
1.152 707.564 418.106 1563.77 85.6956 1971.64 216.525 0.63838 0.36162 0
1.1508 705.957 417.466 1561.41 85.8662 1970.25 216.584 0.638587 0.361413 0
1.1496 704.352 416.826 1559.04 86.0371 1968.85 216.644 0.638794 0.361206 0
1.1484 702.749 416.186 1556.68 86.2083 1967.46 216.704 0.639002 0.360998 0
1.1472 701.147 415.546 1554.32 86.3798 1966.06 216.764 0.63921 0.36079 0
1.146 699.547 414.907 1551.96 86.5516 1964.67 216.823 0.639418 0.360582 0
1.1448 697.949 414.267 1549.61 86.7238 1963.27 216.883 0.639627 0.360373 0
1.1436 696.353 413.628 1547.25 86.8962 1961.88 216.942 0.639836 0.360164 0
1.1424 694.758 412.988 1544.9 87.069 1960.48 217.001 0.640046 0.359954 0
1.1412 693.165 412.349 1542.55 87.2421 1959.09 217.061 0.640257 0.359743 0
1.14 691.574 411.71 1540.2 87.4156 1957.69 217.12 0.640468 0.359532 0
1.1388 689.984 411.072 1537.85 87.5893 1956.3 217.179 0.640679 0.359321 0
1.1376 688.396 410.433 1535.5 87.7634 1954.9 217.238 0.640891 0.359109 0
1.1364 686.81 409.794 1533.16 87.9378 1953.51 217.297 0.641103 0.358897 0
1.1352 685.226 409.156 1530.81 88.1126 1952.11 217.356 0.641316 0.358684 0
1.134 683.643 408.517 1528.47 88.2877 1950.72 217.414 0.641529 0.358471 0
1.1328 682.062 407.879 1526.13 88.4631 1949.32 217.473 0.641743 0.358257 0
1.1316 680.483 407.241 1523.79 88.6388 1947.93 217.531 0.641958 0.358042 0
1.1304 678.905 406.603 1521.46 88.8149 1946.54 217.59 0.642173 0.357827 0
1.1292 677.33 405.965 1519.12 88.9914 1945.14 217.648 0.642388 0.357612 0
1.128 675.756 405.327 1516.79 89.1681 1943.75 217.707 0.642604 0.357396 0
1.1268 674.183 404.69 1514.46 89.3452 1942.35 217.765 0.64282 0.35718 0
1.1256 672.613 404.052 1512.13 89.5227 1940.96 217.823 0.643037 0.356963 0
1.1244 671.044 403.415 1509.8 89.7005 1939.56 217.881 0.643255 0.356745 0
1.1232 669.477 402.778 1507.47 89.8787 1938.17 217.939 0.643473 0.356527 0
1.122 667.911 402.14 1505.15 90.0572 1936.77 217.997 0.643691 0.356309 0
1.1208 666.347 401.504 1502.83 90.236 1935.38 218.055 0.64391 0.35609 0
1.1196 664.785 400.867 1500.51 90.4153 1933.99 218.112 0.64413 0.35587 0
1.1184 663.225 400.23 1498.19 90.5948 1932.59 218.17 0.64435 0.35565 0
1.1172 661.667 399.593 1495.87 90.7748 1931.2 218.228 0.644571 0.355429 0
1.116 660.11 398.957 1493.55 90.955 1929.8 218.285 0.644792 0.355208 0
1.1148 658.555 398.321 1491.24 91.1357 1928.41 218.343 0.645014 0.354986 0
1.1136 657.001 397.684 1488.92 91.3167 1927.02 218.4 0.645237 0.354763 0
1.1124 655.449 397.048 1486.61 91.4981 1925.62 218.457 0.64546 0.35454 0
1.1112 653.899 396.412 1484.3 91.6798 1924.23 218.514 0.645683 0.354317 0
1.11 652.351 395.777 1481.99 91.862 1922.83 218.571 0.645907 0.354093 0
1.1088 650.805 395.141 1479.69 92.0444 1921.44 218.628 0.646132 0.353868 0
1.1076 649.26 394.505 1477.38 92.2273 1920.05 218.685 0.646357 0.353643 0
1.1064 647.717 393.87 1475.08 92.4105 1918.65 218.742 0.646583 0.353417 0
1.1052 646.176 393.235 1472.78 92.5941 1917.26 218.799 0.646809 0.353191 0
1.104 644.636 392.6 1470.48 92.7781 1915.87 218.855 0.647036 0.352964 0
1.1028 643.098 391.965 1468.18 92.9625 1914.47 218.912 0.647264 0.352736 0
1.1016 641.562 391.33 1465.89 93.1472 1913.08 218.969 0.647492 0.352508 0
1.1004 640.027 390.695 1463.59 93.3324 1911.68 219.025 0.647721 0.352279 0
1.0992 638.495 390.06 1461.3 93.5179 1910.29 219.081 0.64795 0.35205 0
1.098 636.964 389.426 1459.01 93.7038 1908.9 219.138 0.64818 0.35182 0
1.0968 635.434 388.792 1456.72 93.8901 1907.5 219.194 0.64841 0.35159 0
1.0956 633.907 388.157 1454.43 94.0768 1906.11 219.25 0.648642 0.351358 0
1.0944 632.381 387.523 1452.14 94.2639 1904.72 219.306 0.648873 0.351127 0
1.0932 630.857 386.889 1449.86 94.4514 1903.32 219.362 0.649106 0.350894 0
1.092 629.334 386.256 1447.57 94.6392 1901.93 219.418 0.649339 0.350661 0
1.0908 627.813 385.622 1445.29 94.8275 1900.54 219.473 0.649572 0.350428 0
1.0896 626.294 384.988 1443.01 95.0162 1899.15 219.529 0.649807 0.350193 0
1.0884 624.777 384.355 1440.74 95.2053 1897.75 219.585 0.650041 0.349959 0
1.0872 623.262 383.722 1438.46 95.3947 1896.36 219.64 0.650277 0.349723 0
1.086 621.748 383.089 1436.19 95.5846 1894.97 219.696 0.650513 0.349487 0
1.0848 620.236 382.456 1433.91 95.7749 1893.57 219.751 0.65075 0.34925 0
1.0836 618.725 381.823 1431.64 95.9656 1892.18 219.806 0.650987 0.349013 0
1.0824 617.217 381.19 1429.37 96.1568 1890.79 219.861 0.651225 0.348775 0
1.0812 615.71 380.558 1427.1 96.3483 1889.39 219.917 0.651464 0.348536 0
1.08 614.205 379.925 1424.84 96.5402 1888 219.972 0.651703 0.348297 0
1.0788 612.701 379.293 1422.57 96.7326 1886.61 220.026 0.651943 0.348057 0
1.0776 611.199 378.661 1420.31 96.9254 1885.22 220.081 0.652184 0.347816 0
1.0764 609.699 378.029 1418.05 97.1186 1883.82 220.136 0.652425 0.347575 0
1.0752 608.201 377.397 1415.79 97.3123 1882.43 220.191 0.652667 0.347333 0
1.074 606.704 376.766 1413.53 97.5063 1881.04 220.245 0.65291 0.34709 0
1.0728 605.209 376.134 1411.28 97.7008 1879.65 220.3 0.653153 0.346847 0
1.0716 603.716 375.503 1409.02 97.8958 1878.25 220.354 0.653397 0.346603 0
1.0704 602.225 374.872 1406.77 98.0911 1876.86 220.409 0.653642 0.346358 0
1.0692 600.735 374.241 1404.52 98.2869 1875.47 220.463 0.653887 0.346113 0
1.068 599.247 373.61 1402.27 98.4831 1874.08 220.517 0.654133 0.345867 0
1.0668 597.761 372.979 1400.02 98.6798 1872.68 220.571 0.65438 0.34562 0
1.0656 596.276 372.348 1397.77 98.8769 1871.29 220.625 0.654627 0.345373 0
1.0644 594.793 371.718 1395.53 99.0745 1869.9 220.679 0.654875 0.345125 0
1.0632 593.312 371.087 1393.29 99.2725 1868.51 220.733 0.655124 0.344876 0
1.062 591.833 370.457 1391.04 99.4709 1867.12 220.786 0.655374 0.344626 0
1.0608 590.355 369.827 1388.81 99.6698 1865.72 220.84 0.655624 0.344376 0
1.0596 588.879 369.197 1386.57 99.8692 1864.33 220.894 0.655875 0.344125 0
1.0584 587.405 368.567 1384.33 100.069 1862.94 220.947 0.656126 0.343874 0
1.0572 585.932 367.938 1382.1 100.269 1861.55 221 0.656379 0.343621 0
1.056 584.462 367.308 1379.86 100.47 1860.16 221.054 0.656632 0.343368 0
1.0548 582.993 366.679 1377.63 100.671 1858.76 221.107 0.656886 0.343114 0
1.0536 581.525 366.05 1375.4 100.873 1857.37 221.16 0.65714 0.34286 0
1.0524 580.06 365.421 1373.18 101.075 1855.98 221.213 0.657396 0.342604 0
1.0512 578.596 364.792 1370.95 101.277 1854.59 221.266 0.657652 0.342348 0
1.05 577.134 364.163 1368.72 101.48 1853.2 221.319 0.657908 0.342092 0
1.0488 575.673 363.535 1366.5 101.684 1851.81 221.371 0.658166 0.341834 0
1.0476 574.214 362.906 1364.28 101.888 1850.42 221.424 0.658424 0.341576 0
1.0464 572.757 362.278 1362.06 102.092 1849.02 221.477 0.658683 0.341317 0
1.0452 571.302 361.65 1359.84 102.297 1847.63 221.529 0.658943 0.341057 0
1.044 569.848 361.022 1357.63 102.503 1846.24 221.581 0.659203 0.340797 0
1.0428 568.397 360.395 1355.41 102.709 1844.85 221.634 0.659465 0.340535 0
1.0416 566.946 359.767 1353.2 102.915 1843.46 221.686 0.659727 0.340273 0
1.0404 565.498 359.139 1350.99 103.122 1842.07 221.738 0.65999 0.34001 0
1.0392 564.051 358.512 1348.78 103.329 1840.68 221.79 0.660253 0.339747 0
1.038 562.606 357.885 1346.57 103.537 1839.29 221.842 0.660518 0.339482 0
1.0368 561.163 357.258 1344.37 103.746 1837.89 221.893 0.660783 0.339217 0
1.0356 559.722 356.631 1342.16 103.954 1836.5 221.945 0.661049 0.338951 0
1.0344 558.282 356.005 1339.96 104.164 1835.11 221.997 0.661315 0.338685 0
1.0332 556.844 355.378 1337.76 104.374 1833.72 222.048 0.661583 0.338417 0
1.032 555.407 354.752 1335.56 104.584 1832.33 222.099 0.661851 0.338149 0
1.0308 553.973 354.126 1333.36 104.795 1830.94 222.151 0.662121 0.337879 0
1.0296 552.54 353.5 1331.16 105.006 1829.55 222.202 0.662391 0.337609 0
1.0284 551.109 352.874 1328.97 105.218 1828.16 222.253 0.662661 0.337339 0
1.0272 549.679 352.248 1326.78 105.43 1826.77 222.304 0.662933 0.337067 0
1.026 548.251 351.623 1324.59 105.643 1825.38 222.355 0.663205 0.336795 0
1.0248 546.825 350.997 1322.4 105.857 1823.99 222.405 0.663479 0.336521 0
1.0236 545.401 350.372 1320.21 106.071 1822.6 222.456 0.663753 0.336247 0
1.0224 543.978 349.747 1318.02 106.285 1821.21 222.507 0.664028 0.335972 0
1.0212 542.558 349.122 1315.84 106.5 1819.82 222.557 0.664303 0.335697 0
1.02 541.138 348.497 1313.66 106.716 1818.43 222.607 0.66458 0.33542 0
1.0188 539.721 347.873 1311.47 106.932 1817.04 222.658 0.664858 0.335142 0
1.0176 538.305 347.248 1309.29 107.148 1815.64 222.708 0.665136 0.334864 0
1.0164 536.891 346.624 1307.12 107.365 1814.25 222.758 0.665415 0.334585 0
1.0152 535.479 346 1304.94 107.583 1812.86 222.807 0.665695 0.334305 0
1.014 534.068 345.376 1302.77 107.801 1811.47 222.857 0.665976 0.334024 0
1.0128 532.66 344.753 1300.59 108.02 1810.08 222.907 0.666258 0.333742 0
1.0116 531.253 344.129 1298.42 108.239 1808.69 222.956 0.666541 0.333459 0
1.0104 529.847 343.506 1296.25 108.459 1807.3 223.006 0.666824 0.333176 0
1.0092 528.444 342.883 1294.09 108.68 1805.91 223.055 0.667109 0.332891 0
1.008 527.042 342.26 1291.92 108.901 1804.53 223.104 0.667394 0.332606 0
1.0068 525.641 341.637 1289.76 109.122 1803.14 223.153 0.66768 0.33232 0
1.0056 524.243 341.014 1287.59 109.344 1801.75 223.202 0.667967 0.332033 0
1.0044 522.846 340.392 1285.43 109.567 1800.36 223.251 0.668255 0.331745 0
1.0032 521.451 339.769 1283.27 109.79 1798.97 223.3 0.668544 0.331456 0
1.002 520.058 339.147 1281.11 110.014 1797.58 223.348 0.668834 0.331166 0
1.0008 518.666 338.525 1278.96 110.238 1796.19 223.397 0.669125 0.330875 0
0.9996 517.276 337.903 1276.8 110.463 1794.8 223.445 0.669417 0.330583 0
0.9984 515.888 337.282 1274.65 110.689 1793.41 223.493 0.669709 0.330291 0
0.9972 514.502 336.66 1272.5 110.915 1792.02 223.541 0.670003 0.329997 0
0.996 513.117 336.039 1270.35 111.142 1790.63 223.589 0.670298 0.329702 0
0.9948 511.734 335.418 1268.2 111.369 1789.24 223.637 0.670593 0.329407 0
0.9936 510.352 334.797 1266.06 111.597 1787.85 223.684 0.670889 0.329111 0
0.9924 508.973 334.176 1263.91 111.825 1786.46 223.732 0.671187 0.328813 0
0.9912 507.595 333.555 1261.77 112.054 1785.07 223.779 0.671485 0.328515 0
0.99 506.219 332.935 1259.63 112.284 1783.68 223.826 0.671785 0.328215 0
0.9888 504.844 332.315 1257.49 112.514 1782.3 223.874 0.672085 0.327915 0
0.9876 503.472 331.695 1255.35 112.745 1780.91 223.921 0.672386 0.327614 0
0.9864 502.101 331.075 1253.22 112.977 1779.52 223.967 0.672688 0.327312 0
0.9852 500.731 330.455 1251.08 113.209 1778.13 224.014 0.672992 0.327008 0
0.984 499.364 329.836 1248.95 113.442 1776.74 224.06 0.673296 0.326704 0
0.9828 497.998 329.217 1246.82 113.675 1775.35 224.107 0.673601 0.326399 0
0.9816 496.634 328.597 1244.69 113.909 1773.96 224.153 0.673908 0.326092 0
0.9804 495.271 327.978 1242.56 114.144 1772.57 224.199 0.674215 0.325785 0
0.9792 493.911 327.36 1240.43 114.379 1771.19 224.245 0.674523 0.325477 0
0.978 492.552 326.741 1238.31 114.615 1769.8 224.291 0.674833 0.325167 0
0.9768 491.194 326.123 1236.19 114.851 1768.41 224.336 0.675143 0.324857 0
0.9756 489.839 325.505 1234.07 115.088 1767.02 224.382 0.675454 0.324546 0
0.9744 488.485 324.887 1231.95 115.326 1765.63 224.427 0.675767 0.324233 0
0.9732 487.133 324.269 1229.83 115.565 1764.24 224.472 0.676081 0.323919 0
0.972 485.782 323.651 1227.71 115.804 1762.85 224.517 0.676395 0.323605 0
0.9708 484.434 323.034 1225.6 116.044 1761.47 224.562 0.676711 0.323289 0
0.9696 483.087 322.416 1223.49 116.284 1760.08 224.606 0.677028 0.322972 0
0.9684 481.741 321.799 1221.37 116.525 1758.69 224.651 0.677345 0.322655 0
0.9672 480.398 321.183 1219.26 116.767 1757.3 224.695 0.677664 0.322336 0
0.966 479.056 320.566 1217.16 117.009 1755.91 224.739 0.677984 0.322016 0
0.9648 477.715 319.949 1215.05 117.253 1754.53 224.783 0.678305 0.321695 0
0.9636 476.377 319.333 1212.95 117.496 1753.14 224.826 0.678628 0.321372 0
0.9624 475.04 318.717 1210.84 117.741 1751.75 224.87 0.678951 0.321049 0
0.9612 473.705 318.101 1208.74 117.986 1750.36 224.913 0.679276 0.320724 0
0.96 472.372 317.485 1206.64 118.232 1748.97 224.956 0.679601 0.320399 0
0.9588 471.04 316.87 1204.55 118.479 1747.59 224.999 0.679928 0.320072 0
0.9576 469.71 316.255 1202.45 118.726 1746.2 225.042 0.680256 0.319744 0
0.9564 468.382 315.639 1200.35 118.974 1744.81 225.084 0.680585 0.319415 0
0.9552 467.055 315.024 1198.26 119.223 1743.42 225.126 0.680915 0.319085 0
0.954 465.73 314.41 1196.17 119.472 1742.03 225.168 0.681247 0.318753 0
0.9528 464.407 313.795 1194.08 119.722 1740.65 225.21 0.681579 0.318421 0
0.9516 463.085 313.181 1191.99 119.973 1739.26 225.252 0.681913 0.318087 0
0.9504 461.765 312.567 1189.91 120.225 1737.87 225.293 0.682248 0.317752 0
0.9492 460.447 311.953 1187.82 120.477 1736.48 225.334 0.682584 0.317416 0
0.948 459.131 311.339 1185.74 120.731 1735.1 225.375 0.682921 0.317079 0
0.9468 457.816 310.726 1183.66 120.985 1733.71 225.416 0.68326 0.31674 0
0.9456 456.503 310.112 1181.58 121.239 1732.32 225.456 0.6836 0.3164 0
0.9444 455.192 309.499 1179.5 121.495 1730.93 225.497 0.683941 0.316059 0
0.9432 453.882 308.886 1177.43 121.751 1729.55 225.536 0.684283 0.315717 0
0.942 452.574 308.274 1175.35 122.008 1728.16 225.576 0.684627 0.315373 0
0.9408 451.267 307.661 1173.28 122.266 1726.77 225.615 0.684972 0.315028 0
0.9396 449.963 307.049 1171.21 122.524 1725.38 225.655 0.685318 0.314682 0
0.9384 448.66 306.437 1169.14 122.784 1724 225.693 0.685666 0.314334 0
0.9372 447.358 305.825 1167.07 123.044 1722.61 225.732 0.686015 0.313985 0
0.936 446.058 305.213 1165 123.305 1721.22 225.77 0.686365 0.313635 0
0.9348 444.76 304.602 1162.94 123.567 1719.83 225.808 0.686716 0.313284 0
0.9336 443.464 303.991 1160.88 123.829 1718.45 225.846 0.687069 0.312931 0
0.9324 442.169 303.38 1158.82 124.093 1717.06 225.883 0.687423 0.312577 0
0.9312 440.876 302.769 1156.76 124.357 1715.67 225.92 0.687779 0.312221 0
0.93 439.585 302.158 1154.7 124.622 1714.28 225.957 0.688136 0.311864 0
0.9288 438.295 301.548 1152.64 124.888 1712.89 225.993 0.688494 0.311506 0
0.9276 437.006 300.938 1150.59 125.155 1711.51 226.029 0.688854 0.311146 0
0.9264 435.72 300.328 1148.53 125.423 1710.12 226.065 0.689215 0.310785 0
0.9252 434.435 299.718 1146.48 125.692 1708.73 226.1 0.689578 0.310422 0
0.924 433.152 299.108 1144.43 125.962 1707.34 226.135 0.689942 0.310058 0
0.9228 431.87 298.499 1142.39 126.232 1705.96 226.169 0.690308 0.309692 0
0.9216 430.59 297.89 1140.34 126.503 1704.57 226.203 0.690675 0.309325 0
0.9204 429.311 297.281 1138.3 126.776 1703.18 226.237 0.691044 0.308956 0
0.9192 428.034 296.673 1136.25 127.049 1701.79 226.27 0.691414 0.308586 0
0.918 426.759 296.064 1134.21 127.324 1700.4 226.303 0.691786 0.308214 0
0.9168 425.485 295.456 1132.17 127.599 1699.02 226.335 0.692159 0.307841 0
0.9156 424.213 294.848 1130.13 127.875 1697.63 226.367 0.692534 0.307466 0
0.9144 422.942 294.24 1128.1 128.152 1696.24 226.398 0.692911 0.307089 0
0.9132 421.673 293.633 1126.06 128.431 1694.85 226.429 0.693289 0.306711 0
0.912 420.406 293.026 1124.03 128.71 1693.46 226.459 0.693669 0.306331 0
0.9108 419.14 292.419 1122 128.99 1692.07 226.489 0.694051 0.305949 0
0.9096 417.875 291.812 1119.97 129.272 1690.68 226.518 0.694435 0.305565 0
0.9084 416.612 291.205 1117.94 129.555 1689.29 226.546 0.69482 0.30518 0
0.9072 415.35 290.599 1115.92 129.838 1687.9 226.574 0.695207 0.304793 0
0.906 414.09 289.993 1113.89 130.123 1686.51 226.601 0.695596 0.304404 0
0.9048 412.831 289.387 1111.87 130.409 1685.12 226.627 0.695987 0.304013 0
0.9036 411.574 288.781 1109.85 130.697 1683.73 226.653 0.69638 0.30362 0
0.9024 410.318 288.176 1107.83 130.985 1682.34 226.678 0.696775 0.303225 0
0.9012 409.064 287.571 1105.81 131.275 1680.95 226.702 0.697172 0.302828 0
0.9 407.81 286.966 1103.79 131.566 1679.56 226.725 0.697572 0.302428 0
0.8988 406.558 286.361 1101.78 131.859 1678.17 226.746 0.697973 0.302027 0
0.8976 405.307 285.757 1099.77 132.153 1676.78 226.767 0.698377 0.301623 0
0.8964 404.058 285.153 1097.75 132.448 1675.38 226.787 0.698784 0.301216 0
0.8952 402.809 284.549 1095.75 132.746 1673.99 226.805 0.699193 0.300807 0
0.894 401.562 283.945 1093.74 133.044 1672.59 226.822 0.699604 0.300396 0
0.8928 400.315 283.342 1091.73 133.345 1671.2 226.837 0.700019 0.299981 0
0.8916 399.069 282.738 1089.73 133.648 1669.8 226.851 0.700437 0.299563 0
0.8904 397.824 282.135 1087.72 133.953 1668.4 226.862 0.700859 0.299141 0
0.8892 396.579 281.533 1085.72 134.26 1667.01 226.871 0.701284 0.298716 0
0.888 395.334 280.93 1083.72 134.57 1665.6 226.876 0.701715 0.298285 0
0.8868 394.088 280.328 1081.73 134.885 1664.2 226.877 0.702151 0.297849 0
0.8856 392.838 279.726 1079.73 135.205 1662.79 226.869 0.702599 0.297401 0
0.8844 391.584 279.125 1077.73 135.534 1661.37 226.851 0.703059 0.296941 0
0.8832 390.332 278.524 1075.74 135.864 1659.96 226.832 0.703521 0.296479 0
0.882 389.081 277.923 1073.75 136.194 1658.54 226.814 0.703984 0.296016 0
0.8808 387.833 277.322 1071.76 136.526 1657.12 226.795 0.704448 0.295552 0
0.8796 386.587 276.721 1069.77 136.858 1655.71 226.776 0.704913 0.295087 0
0.8784 385.343 276.121 1067.79 137.19 1654.29 226.758 0.705379 0.294621 0
0.8772 384.1 275.522 1065.8 137.524 1652.88 226.739 0.705847 0.294153 0
0.876 382.86 274.922 1063.82 137.858 1651.46 226.72 0.706315 0.293685 0
0.8748 381.622 274.323 1061.84 138.193 1650.05 226.701 0.706785 0.293215 0
0.8736 380.386 273.724 1059.86 138.529 1648.63 226.682 0.707256 0.292744 0
0.8724 379.152 273.125 1057.88 138.865 1647.22 226.663 0.707728 0.292272 0
0.8712 377.92 272.527 1055.91 139.202 1645.81 226.644 0.708202 0.291798 0
0.87 376.69 271.929 1053.93 139.54 1644.39 226.625 0.708676 0.291324 0
0.8688 375.462 271.331 1051.96 139.879 1642.98 226.606 0.709152 0.290848 0
0.8676 374.236 270.734 1049.99 140.219 1641.57 226.587 0.709629 0.290371 0
0.8664 373.012 270.137 1048.02 140.559 1640.16 226.568 0.710107 0.289893 0
0.8652 371.79 269.54 1046.05 140.9 1638.74 226.548 0.710586 0.289414 0
0.864 370.57 268.943 1044.09 141.242 1637.33 226.529 0.711066 0.288934 0
0.8628 369.352 268.347 1042.12 141.585 1635.92 226.51 0.711548 0.288452 0
0.8616 368.136 267.751 1040.16 141.929 1634.51 226.49 0.712031 0.287969 0
0.8604 366.922 267.155 1038.2 142.273 1633.1 226.471 0.712515 0.287485 0
0.8592 365.71 266.56 1036.24 142.618 1631.69 226.451 0.713 0.287 0
0.858 364.5 265.965 1034.28 142.964 1630.28 226.432 0.713487 0.286513 0
0.8568 363.293 265.37 1032.33 143.311 1628.88 226.412 0.713974 0.286026 0
0.8556 362.087 264.776 1030.37 143.658 1627.47 226.392 0.714463 0.285537 0
0.8544 360.883 264.182 1028.42 144.007 1626.06 226.372 0.714953 0.285047 0
0.8532 359.682 263.588 1026.47 144.356 1624.65 226.352 0.715444 0.284556 0
0.852 358.482 262.995 1024.52 144.706 1623.24 226.332 0.715937 0.284063 0
0.8508 357.284 262.402 1022.58 145.057 1621.84 226.312 0.716431 0.283569 0
0.8496 356.089 261.809 1020.63 145.408 1620.43 226.292 0.716926 0.283074 0
0.8484 354.895 261.216 1018.69 145.761 1619.03 226.272 0.717422 0.282578 0
0.8472 353.704 260.624 1016.74 146.114 1617.62 226.252 0.717919 0.282081 0
0.846 352.514 260.032 1014.8 146.468 1616.21 226.231 0.718418 0.281582 0
0.8448 351.327 259.441 1012.86 146.823 1614.81 226.211 0.718918 0.281082 0
0.8436 350.142 258.849 1010.93 147.179 1613.41 226.19 0.719419 0.280581 0
0.8424 348.958 258.258 1008.99 147.535 1612 226.17 0.719921 0.280079 0
0.8412 347.777 257.668 1007.06 147.893 1610.6 226.149 0.720425 0.279575 0
0.84 346.598 257.077 1005.13 148.251 1609.2 226.128 0.72093 0.27907 0
0.8388 345.42 256.487 1003.2 148.61 1607.79 226.107 0.721436 0.278564 0
0.8376 344.245 255.898 1001.27 148.97 1606.39 226.086 0.721943 0.278057 0
0.8364 343.072 255.308 999.341 149.331 1604.99 226.065 0.722452 0.277548 0
0.8352 341.901 254.719 997.416 149.693 1603.59 226.044 0.722962 0.277038 0
0.834 340.732 254.13 995.492 150.055 1602.19 226.023 0.723473 0.276527 0
0.8328 339.565 253.542 993.57 150.418 1600.79 226.002 0.723986 0.276014 0
0.8316 338.4 252.954 991.65 150.783 1599.39 225.98 0.724499 0.275501 0
0.8304 337.237 252.366 989.732 151.148 1597.99 225.959 0.725014 0.274986 0
0.8292 336.076 251.779 987.815 151.514 1596.59 225.937 0.72553 0.27447 0
0.828 334.917 251.192 985.9 151.88 1595.19 225.915 0.726048 0.273952 0
0.8268 333.76 250.605 983.986 152.248 1593.79 225.893 0.726567 0.273433 0
0.8256 332.606 250.018 982.074 152.617 1592.39 225.871 0.727087 0.272913 0
0.8244 331.453 249.432 980.164 152.986 1591 225.849 0.727608 0.272392 0
0.8232 330.302 248.846 978.256 153.356 1589.6 225.827 0.72813 0.27187 0
0.822 329.154 248.261 976.349 153.727 1588.2 225.805 0.728654 0.271346 0
0.8208 328.007 247.676 974.444 154.099 1586.81 225.782 0.729179 0.270821 0
0.8196 326.862 247.091 972.541 154.472 1585.41 225.76 0.729706 0.270294 0
0.8184 325.72 246.506 970.639 154.846 1584.02 225.737 0.730234 0.269766 0
0.8172 324.579 245.922 968.739 155.221 1582.62 225.714 0.730763 0.269237 0
0.816 323.441 245.338 966.84 155.596 1581.23 225.691 0.731293 0.268707 0
0.8148 322.305 244.755 964.944 155.973 1579.83 225.668 0.731824 0.268176 0
0.8136 321.17 244.172 963.049 156.35 1578.44 225.645 0.732357 0.267643 0
0.8124 320.038 243.589 961.155 156.729 1577.05 225.622 0.732891 0.267109 0
0.8112 318.908 243.007 959.264 157.108 1575.66 225.598 0.733427 0.266573 0
0.81 317.78 242.424 957.373 157.488 1574.26 225.574 0.733963 0.266037 0
0.8088 316.654 241.843 955.485 157.869 1572.87 225.551 0.734501 0.265499 0
0.8076 315.53 241.261 953.598 158.251 1571.48 225.527 0.735041 0.264959 0
0.8064 314.408 240.68 951.713 158.633 1570.09 225.502 0.735581 0.264419 0
0.8052 313.288 240.099 949.83 159.017 1568.7 225.478 0.736123 0.263877 0
0.804 312.17 239.519 947.948 159.402 1567.31 225.454 0.736667 0.263333 0
0.8028 311.054 238.939 946.068 159.787 1565.92 225.429 0.737211 0.262789 0
0.8016 309.94 238.359 944.19 160.174 1564.53 225.404 0.737757 0.262243 0
0.8004 308.828 237.779 942.313 160.561 1563.15 225.379 0.738304 0.261696 0
0.7992 307.719 237.2 940.438 160.949 1561.76 225.354 0.738852 0.261148 0
0.798 306.611 236.622 938.565 161.338 1560.37 225.329 0.739402 0.260598 0
0.7968 305.506 236.043 936.693 161.729 1558.98 225.303 0.739953 0.260047 0
0.7956 304.402 235.465 934.823 162.12 1557.6 225.278 0.740505 0.259495 0
0.7944 303.301 234.887 932.955 162.512 1556.21 225.252 0.741059 0.258941 0
0.7932 302.201 234.31 931.088 162.904 1554.83 225.226 0.741614 0.258386 0
0.792 301.104 233.733 929.223 163.298 1553.44 225.199 0.74217 0.25783 0
0.7908 300.008 233.156 927.359 163.693 1552.06 225.173 0.742727 0.257273 0
0.7896 298.915 232.58 925.498 164.089 1550.67 225.146 0.743286 0.256714 0
0.7884 297.824 232.004 923.638 164.485 1549.29 225.119 0.743846 0.256154 0
0.7872 296.735 231.428 921.779 164.883 1547.91 225.092 0.744407 0.255593 0
0.786 295.647 230.853 919.922 165.282 1546.53 225.065 0.74497 0.25503 0
0.7848 294.562 230.278 918.067 165.681 1545.14 225.037 0.745534 0.254466 0
0.7836 293.479 229.704 916.214 166.082 1543.76 225.009 0.746099 0.253901 0
0.7824 292.398 229.13 914.362 166.483 1542.38 224.981 0.746665 0.253335 0
0.7812 291.319 228.556 912.512 166.885 1541 224.952 0.747233 0.252767 0
0.78 290.243 227.982 910.663 167.289 1539.62 224.924 0.747802 0.252198 0
0.7788 289.168 227.409 908.817 167.693 1538.24 224.895 0.748372 0.251628 0
0.7776 288.095 226.836 906.971 168.098 1536.87 224.866 0.748944 0.251056 0
0.7764 287.024 226.264 905.128 168.504 1535.49 224.836 0.749516 0.250484 0
0.7752 285.955 225.692 903.286 168.911 1534.11 224.806 0.75009 0.24991 0
0.774 284.889 225.12 901.446 169.319 1532.73 224.776 0.750666 0.249334 0
0.7728 283.824 224.549 899.607 169.728 1531.36 224.746 0.751242 0.248758 0
0.7716 282.762 223.978 897.77 170.138 1529.98 224.715 0.75182 0.24818 0
0.7704 281.701 223.408 895.935 170.549 1528.6 224.684 0.752399 0.247601 0
0.7692 280.643 222.837 894.101 170.961 1527.23 224.653 0.752979 0.247021 0
0.768 279.586 222.267 892.269 171.374 1525.85 224.621 0.75356 0.24644 0
0.7668 278.532 221.698 890.439 171.787 1524.48 224.589 0.754143 0.245857 0
0.7656 277.479 221.129 888.61 172.202 1523.11 224.557 0.754726 0.245274 0
0.7644 276.429 220.56 886.783 172.618 1521.73 224.524 0.755311 0.244689 0
0.7632 275.381 219.992 884.958 173.034 1520.36 224.491 0.755897 0.244103 0
0.762 274.334 219.424 883.134 173.452 1518.99 224.457 0.756485 0.243515 0
0.7608 273.29 218.856 881.312 173.87 1517.62 224.423 0.757073 0.242927 0
0.7596 272.248 218.289 879.492 174.29 1516.24 224.389 0.757662 0.242338 0
0.7584 271.208 217.722 877.673 174.71 1514.87 224.354 0.758253 0.241747 0
0.7572 270.17 217.155 875.856 175.132 1513.5 224.319 0.758844 0.241156 0
0.756 269.133 216.589 874.04 175.554 1512.13 224.283 0.759437 0.240563 0
0.7548 268.099 216.024 872.226 175.977 1510.77 224.247 0.760031 0.239969 0
0.7536 267.067 215.458 870.414 176.401 1509.4 224.21 0.760626 0.239374 0
0.7524 266.037 214.893 868.603 176.826 1508.03 224.172 0.761221 0.238779 0
0.7512 265.009 214.329 866.795 177.252 1506.66 224.134 0.761818 0.238182 0
0.75 263.983 213.764 864.987 177.679 1505.29 224.096 0.762416 0.237584 0
0.7488 262.959 213.2 863.181 178.107 1503.93 224.057 0.763014 0.236986 0
0.7476 261.936 212.637 861.377 178.535 1502.56 224.017 0.763614 0.236386 0
0.7464 260.916 212.074 859.575 178.965 1501.19 223.976 0.764214 0.235786 0
0.7452 259.898 211.511 857.774 179.395 1499.83 223.935 0.764815 0.235185 0
0.744 258.882 210.949 855.975 179.827 1498.46 223.893 0.765416 0.234584 0
0.7428 257.867 210.387 854.178 180.259 1497.1 223.85 0.766019 0.233981 0
0.7416 256.855 209.825 852.382 180.692 1495.73 223.807 0.766622 0.233378 0
0.7404 255.845 209.264 850.588 181.125 1494.37 223.762 0.767225 0.232775 0
0.7392 254.836 208.704 848.795 181.56 1493.01 223.717 0.767829 0.232171 0
0.738 253.83 208.143 847.004 181.995 1491.64 223.67 0.768433 0.231567 0
0.7368 252.825 207.583 845.215 182.431 1490.28 223.622 0.769037 0.230963 0
0.7356 251.822 207.024 843.427 182.868 1488.92 223.573 0.769642 0.230358 0
0.7344 250.821 206.464 841.641 183.305 1487.56 223.523 0.770246 0.229754 0
0.7332 249.822 205.906 839.856 183.743 1486.19 223.471 0.77085 0.22915 0
0.732 248.824 205.347 838.074 184.181 1484.83 223.417 0.771453 0.228547 0
0.7308 247.828 204.789 836.292 184.62 1483.47 223.361 0.772055 0.227945 0
0.7296 246.834 204.232 834.513 185.058 1482.11 223.303 0.772655 0.227345 0
0.7284 245.841 203.675 832.735 185.497 1480.75 223.242 0.773253 0.226747 0
0.7272 244.849 203.118 830.958 185.934 1479.38 223.175 0.773845 0.226155 0
0.726 243.858 202.562 829.184 186.369 1478.02 223.099 0.774426 0.225574 0
0.7248 242.868 202.006 827.411 186.805 1476.65 223.023 0.775008 0.224992 0
0.7236 241.88 201.45 825.639 187.242 1475.29 222.946 0.775591 0.224409 0
0.7224 240.894 200.895 823.869 187.68 1473.93 222.869 0.776176 0.223824 0
0.7212 239.911 200.34 822.101 188.119 1472.56 222.792 0.776762 0.223238 0
0.72 238.929 199.786 820.335 188.559 1471.2 222.715 0.77735 0.22265 0
0.7188 237.95 199.232 818.57 189.001 1469.84 222.637 0.777939 0.222061 0
0.7176 236.973 198.679 816.806 189.444 1468.48 222.56 0.77853 0.22147 0
0.7164 235.997 198.126 815.045 189.888 1467.12 222.482 0.779122 0.220878 0
0.7152 235.024 197.573 813.285 190.333 1465.76 222.404 0.779716 0.220284 0
0.714 234.053 197.021 811.526 190.779 1464.4 222.326 0.780311 0.219689 0
0.7128 233.085 196.47 809.77 191.227 1463.04 222.248 0.780908 0.219092 0
0.7116 232.118 195.918 808.014 191.676 1461.68 222.169 0.781507 0.218493 0
0.7104 231.153 195.368 806.261 192.126 1460.32 222.091 0.782107 0.217893 0
0.7092 230.191 194.817 804.509 192.578 1458.97 222.012 0.782708 0.217292 0
0.708 229.23 194.267 802.759 193.03 1457.61 221.933 0.783311 0.216689 0
0.7068 228.272 193.718 801.01 193.484 1456.26 221.854 0.783916 0.216084 0
0.7056 227.316 193.169 799.263 193.939 1454.9 221.775 0.784522 0.215478 0
0.7044 226.361 192.62 797.518 194.396 1453.55 221.695 0.78513 0.21487 0
0.7032 225.409 192.072 795.774 194.853 1452.19 221.615 0.785739 0.214261 0
0.702 224.46 191.524 794.032 195.312 1450.84 221.536 0.78635 0.21365 0
0.7008 223.512 190.977 792.291 195.773 1449.49 221.456 0.786963 0.213037 0
0.6996 222.566 190.43 790.552 196.234 1448.14 221.375 0.787577 0.212423 0
0.6984 221.623 189.883 788.815 196.697 1446.79 221.295 0.788193 0.211807 0
0.6972 220.681 189.337 787.08 197.161 1445.44 221.215 0.78881 0.21119 0
0.696 219.742 188.792 785.346 197.626 1444.09 221.134 0.789429 0.210571 0
0.6948 218.805 188.247 783.613 198.093 1442.74 221.053 0.79005 0.20995 0
0.6936 217.869 187.702 781.882 198.561 1441.4 220.972 0.790672 0.209328 0
0.6924 216.936 187.158 780.153 199.03 1440.05 220.891 0.791296 0.208704 0
0.6912 216.006 186.614 778.426 199.501 1438.7 220.809 0.791921 0.208079 0
0.69 215.077 186.071 776.7 199.973 1437.36 220.728 0.792548 0.207452 0
0.6888 214.15 185.528 774.975 200.446 1436.01 220.646 0.793177 0.206823 0
0.6876 213.226 184.985 773.253 200.921 1434.67 220.564 0.793807 0.206193 0
0.6864 212.303 184.443 771.531 201.397 1433.33 220.482 0.794439 0.205561 0
0.6852 211.383 183.902 769.812 201.874 1431.98 220.399 0.795073 0.204927 0
0.684 210.465 183.361 768.094 202.353 1430.64 220.317 0.795708 0.204292 0
0.6828 209.549 182.82 766.378 202.833 1429.3 220.234 0.796345 0.203655 0
0.6816 208.635 182.28 764.663 203.314 1427.96 220.151 0.796984 0.203016 0
0.6804 207.723 181.74 762.95 203.797 1426.62 220.068 0.797624 0.202376 0
0.6792 206.814 181.201 761.239 204.281 1425.28 219.984 0.798266 0.201734 0
0.678 205.906 180.662 759.529 204.767 1423.95 219.901 0.798909 0.201091 0
0.6768 205.001 180.124 757.82 205.253 1422.61 219.817 0.799555 0.200445 0
0.6756 204.098 179.586 756.114 205.742 1421.27 219.733 0.800202 0.199798 0
0.6744 203.197 179.049 754.409 206.231 1419.94 219.649 0.80085 0.19915 0
0.6732 202.298 178.512 752.705 206.722 1418.6 219.565 0.801501 0.198499 0
0.672 201.401 177.975 751.003 207.215 1417.27 219.48 0.802153 0.197847 0
0.6708 200.506 177.439 749.303 207.709 1415.94 219.396 0.802806 0.197194 0
0.6696 199.613 176.904 747.605 208.204 1414.6 219.311 0.803462 0.196538 0
0.6684 198.723 176.369 745.908 208.701 1413.27 219.225 0.804119 0.195881 0
0.6672 197.835 175.834 744.212 209.199 1411.94 219.14 0.804778 0.195222 0
0.666 196.949 175.3 742.518 209.698 1410.61 219.055 0.805438 0.194562 0
0.6648 196.065 174.766 740.826 210.199 1409.28 218.969 0.806101 0.193899 0
0.6636 195.183 174.233 739.135 210.702 1407.95 218.883 0.806765 0.193235 0
0.6624 194.303 173.7 737.446 211.206 1406.63 218.797 0.807431 0.192569 0
0.6612 193.425 173.168 735.759 211.711 1405.3 218.711 0.808098 0.191902 0
0.66 192.55 172.636 734.073 212.218 1403.97 218.624 0.808767 0.191233 0
0.6588 191.677 172.105 732.389 212.726 1402.65 218.537 0.809439 0.190561 0
0.6576 190.806 171.574 730.706 213.236 1401.33 218.45 0.810111 0.189889 0
0.6564 189.937 171.044 729.025 213.747 1400 218.363 0.810786 0.189214 0
0.6552 189.07 170.514 727.345 214.26 1398.68 218.276 0.811462 0.188538 0
0.654 188.205 169.985 725.667 214.774 1397.36 218.188 0.81214 0.18786 0
0.6528 187.342 169.456 723.991 215.29 1396.04 218.1 0.81282 0.18718 0
0.6516 186.482 168.927 722.316 215.807 1394.72 218.012 0.813502 0.186498 0
0.6504 185.624 168.4 720.643 216.326 1393.4 217.924 0.814185 0.185815 0
0.6492 184.768 167.872 718.971 216.846 1392.08 217.835 0.81487 0.18513 0
0.648 183.914 167.345 717.301 217.367 1390.76 217.747 0.815557 0.184443 0
0.6468 183.062 166.819 715.633 217.891 1389.45 217.658 0.816246 0.183754 0
0.6456 182.212 166.293 713.966 218.416 1388.13 217.569 0.816937 0.183063 0
0.6444 181.365 165.767 712.3 218.942 1386.82 217.479 0.817629 0.182371 0
0.6432 180.519 165.242 710.637 219.47 1385.5 217.39 0.818324 0.181676 0
0.642 179.676 164.718 708.975 219.999 1384.19 217.3 0.81902 0.18098 0
0.6408 178.835 164.194 707.314 220.53 1382.88 217.21 0.819718 0.180282 0
0.6396 177.996 163.67 705.655 221.063 1381.57 217.12 0.820417 0.179583 0
0.6384 177.159 163.147 703.998 221.597 1380.26 217.029 0.821119 0.178881 0
0.6372 176.325 162.625 702.342 222.132 1378.95 216.939 0.821822 0.178178 0
0.636 175.492 162.103 700.687 222.67 1377.64 216.848 0.822527 0.177473 0
0.6348 174.662 161.581 699.035 223.209 1376.33 216.756 0.823234 0.176766 0
0.6336 173.834 161.06 697.384 223.749 1375.03 216.665 0.823943 0.176057 0
0.6324 173.008 160.54 695.734 224.291 1373.72 216.573 0.824654 0.175346 0
0.6312 172.184 160.02 694.086 224.835 1372.42 216.482 0.825367 0.174633 0
0.63 171.363 159.5 692.439 225.38 1371.11 216.389 0.826081 0.173919 0
0.6288 170.543 158.981 690.795 225.927 1369.81 216.297 0.826798 0.173202 0
0.6276 169.726 158.463 689.151 226.475 1368.51 216.205 0.827516 0.172484 0
0.6264 168.911 157.945 687.509 227.025 1367.21 216.112 0.828236 0.171764 0
0.6252 168.098 157.427 685.869 227.577 1365.91 216.019 0.828958 0.171042 0
0.624 167.287 156.91 684.23 228.131 1364.61 215.925 0.829682 0.170318 0
0.6228 166.479 156.394 682.593 228.686 1363.31 215.832 0.830407 0.169593 0
0.6216 165.672 155.878 680.958 229.242 1362.02 215.738 0.831135 0.168865 0
0.6204 164.868 155.362 679.324 229.801 1360.72 215.644 0.831865 0.168135 0
0.6192 164.066 154.847 677.691 230.361 1359.43 215.55 0.832596 0.167404 0
0.618 163.266 154.333 676.06 230.923 1358.13 215.455 0.833329 0.166671 0
0.6168 162.468 153.819 674.431 231.486 1356.84 215.361 0.834065 0.165935 0
0.6156 161.673 153.305 672.803 232.051 1355.55 215.266 0.834802 0.165198 0
0.6144 160.879 152.793 671.177 232.618 1354.26 215.17 0.835541 0.164459 0
0.6132 160.088 152.28 669.552 233.186 1352.97 215.075 0.836282 0.163718 0
0.612 159.299 151.768 667.929 233.757 1351.68 214.979 0.837025 0.162975 0
0.6108 158.512 151.257 666.308 234.328 1350.39 214.883 0.83777 0.16223 0
0.6096 157.728 150.746 664.688 234.902 1349.11 214.787 0.838517 0.161483 0
0.6084 156.945 150.236 663.069 235.477 1347.82 214.69 0.839266 0.160734 0
0.6072 156.165 149.726 661.452 236.055 1346.54 214.593 0.840016 0.159984 0
0.606 155.386 149.217 659.837 236.633 1345.25 214.496 0.840769 0.159231 0
0.6048 154.61 148.708 658.223 237.214 1343.97 214.399 0.841524 0.158476 0
0.6036 153.837 148.2 656.61 237.796 1342.69 214.302 0.84228 0.15772 0
0.6024 153.065 147.692 655 238.38 1341.41 214.204 0.843039 0.156961 0
0.6012 152.296 147.185 653.39 238.966 1340.13 214.106 0.843799 0.156201 0
0.6 151.528 146.679 651.783 239.554 1338.85 214.007 0.844562 0.155438 0
0.5988 150.763 146.173 650.176 240.143 1337.57 213.909 0.845326 0.154674 0
0.5976 150 145.667 648.572 240.734 1336.3 213.81 0.846093 0.153907 0
0.5964 149.24 145.162 646.968 241.327 1335.02 213.711 0.846861 0.153139 0
0.5952 148.481 144.657 645.367 241.922 1333.75 213.611 0.847632 0.152368 0
0.594 147.725 144.154 643.767 242.519 1332.48 213.512 0.848404 0.151596 0
0.5928 146.97 143.65 642.168 243.117 1331.21 213.412 0.849178 0.150822 0
0.5916 146.218 143.147 640.571 243.718 1329.94 213.311 0.849955 0.150045 0
0.5904 145.469 142.645 638.976 244.32 1328.67 213.211 0.850733 0.149267 0
0.5892 144.721 142.143 637.382 244.924 1327.4 213.11 0.851514 0.148486 0
0.588 143.976 141.642 635.789 245.529 1326.13 213.009 0.852296 0.147704 0
0.5868 143.232 141.141 634.198 246.137 1324.86 212.908 0.85308 0.14692 0
0.5856 142.491 140.641 632.609 246.746 1323.6 212.806 0.853867 0.146133 0
0.5844 141.752 140.141 631.021 247.358 1322.34 212.704 0.854655 0.145345 0
0.5832 141.016 139.642 629.434 247.971 1321.07 212.602 0.855446 0.144554 0
0.582 140.281 139.144 627.849 248.586 1319.81 212.499 0.856238 0.143762 0
0.5808 139.549 138.646 626.266 249.203 1318.55 212.397 0.857033 0.142967 0
0.5796 138.819 138.148 624.684 249.822 1317.29 212.294 0.857829 0.142171 0
0.5784 138.091 137.651 623.104 250.442 1316.03 212.19 0.858628 0.141372 0
0.5772 137.365 137.155 621.525 251.065 1314.78 212.087 0.859429 0.140571 0
0.576 136.641 136.659 619.947 251.69 1313.52 211.983 0.860231 0.139769 0
0.5748 135.92 136.164 618.372 252.316 1312.27 211.879 0.861036 0.138964 0
0.5736 135.201 135.669 616.797 252.945 1311.01 211.774 0.861843 0.138157 0
0.5724 134.484 135.175 615.224 253.575 1309.76 211.669 0.862652 0.137348 0
0.5712 133.769 134.681 613.653 254.207 1308.51 211.564 0.863462 0.136538 0
0.57 133.056 134.188 612.083 254.841 1307.26 211.459 0.864275 0.135725 0
0.5688 132.346 133.696 610.515 255.478 1306.01 211.353 0.86509 0.13491 0
0.5676 131.638 133.204 608.948 256.116 1304.77 211.247 0.865907 0.134093 0
0.5664 130.932 132.712 607.383 256.756 1303.52 211.141 0.866727 0.133273 0
0.5652 130.228 132.221 605.819 257.398 1302.28 211.034 0.867548 0.132452 0
0.564 129.526 131.731 604.256 258.042 1301.03 210.927 0.868371 0.131629 0
0.5628 128.827 131.241 602.695 258.688 1299.79 210.82 0.869196 0.130804 0
0.5616 128.129 130.752 601.136 259.336 1298.55 210.712 0.870024 0.129976 0
0.5604 127.434 130.264 599.578 259.986 1297.31 210.604 0.870853 0.129147 0
0.5592 126.742 129.776 598.022 260.638 1296.07 210.496 0.871685 0.128315 0
0.558 126.051 129.288 596.467 261.293 1294.83 210.388 0.872518 0.127482 0
0.5568 125.362 128.801 594.913 261.949 1293.6 210.279 0.873354 0.126646 0
0.5556 124.676 128.315 593.361 262.607 1292.36 210.17 0.874192 0.125808 0
0.5544 123.992 127.829 591.811 263.267 1291.13 210.06 0.875032 0.124968 0
0.5532 123.31 127.344 590.262 263.929 1289.9 209.95 0.875873 0.124127 0
0.552 122.63 126.859 588.714 264.594 1288.67 209.84 0.876718 0.123282 0
0.5508 121.953 126.375 587.168 265.26 1287.44 209.73 0.877564 0.122436 0
0.5496 121.277 125.892 585.624 265.929 1286.21 209.619 0.878412 0.121588 0
0.5484 120.604 125.409 584.08 266.599 1284.98 209.508 0.879262 0.120738 0
0.5472 119.933 124.926 582.539 267.272 1283.76 209.397 0.880114 0.119886 0
0.546 119.264 124.445 580.999 267.947 1282.53 209.285 0.880969 0.119031 0
0.5448 118.598 123.963 579.46 268.623 1281.31 209.173 0.881825 0.118175 0
0.5436 117.933 123.483 577.923 269.302 1280.09 209.06 0.882684 0.117316 0
0.5424 117.271 123.003 576.387 269.983 1278.87 208.947 0.883545 0.116455 0
0.5412 116.611 122.523 574.853 270.667 1277.65 208.834 0.884408 0.115592 0
0.54 115.953 122.044 573.32 271.352 1276.43 208.721 0.885272 0.114728 0
0.5388 115.298 121.566 571.788 272.04 1275.22 208.607 0.886139 0.113861 0
0.5376 114.644 121.088 570.258 272.729 1274 208.493 0.887009 0.112991 0
0.5364 113.993 120.611 568.73 273.421 1272.79 208.378 0.88788 0.11212 0
0.5352 113.344 120.134 567.203 274.115 1271.57 208.264 0.888753 0.111247 0
0.534 112.697 119.658 565.677 274.811 1270.36 208.148 0.889628 0.110372 0
0.5328 112.052 119.183 564.153 275.509 1269.15 208.033 0.890506 0.109494 0
0.5316 111.41 118.708 562.63 276.21 1267.95 207.917 0.891385 0.108615 0
0.5304 110.769 118.234 561.109 276.912 1266.74 207.801 0.892267 0.107733 0
0.5292 110.131 117.76 559.589 277.617 1265.53 207.684 0.89315 0.10685 0
0.528 109.495 117.287 558.071 278.324 1264.33 207.567 0.894036 0.105964 0
0.5268 108.861 116.814 556.554 279.034 1263.13 207.45 0.894924 0.105076 0
0.5256 108.23 116.342 555.039 279.745 1261.93 207.332 0.895814 0.104186 0
0.5244 107.6 115.871 553.525 280.459 1260.73 207.214 0.896706 0.103294 0
0.5232 106.973 115.4 552.012 281.175 1259.53 207.095 0.8976 0.1024 0
0.522 106.348 114.93 550.501 281.893 1258.33 206.976 0.898496 0.101504 0
0.5208 105.725 114.46 548.991 282.614 1257.14 206.857 0.899394 0.100606 0
0.5196 105.104 113.991 547.483 283.336 1255.94 206.738 0.900294 0.0997058 0
0.5184 104.486 113.523 545.976 284.062 1254.75 206.618 0.901196 0.0988035 0
0.5172 103.87 113.055 544.471 284.789 1253.56 206.497 0.902101 0.0978992 0
0.516 103.255 112.588 542.967 285.518 1252.37 206.376 0.903007 0.0969929 0
0.5148 102.643 112.121 541.464 286.25 1251.18 206.255 0.903915 0.0960845 0
0.5136 102.034 111.655 539.963 286.985 1249.99 206.134 0.904826 0.0951741 0
0.5124 101.426 111.19 538.463 287.721 1248.81 206.012 0.905738 0.0942617 0
0.5112 100.82 110.725 536.965 288.46 1247.62 205.89 0.906653 0.0933472 0
0.51 100.217 110.261 535.468 289.201 1246.44 205.767 0.907569 0.0924308 0
0.5088 99.616 109.797 533.973 289.945 1245.26 205.644 0.908488 0.0915123 0
0.5076 99.0171 109.334 532.479 290.69 1244.08 205.52 0.909408 0.0905919 0
0.5064 98.4203 108.871 530.986 291.439 1242.9 205.396 0.910331 0.0896694 0
0.5052 97.8256 108.41 529.495 292.189 1241.73 205.272 0.911255 0.088745 0
0.504 97.2332 107.948 528.005 292.942 1240.55 205.147 0.912181 0.0878185 0
0.5028 96.6429 107.488 526.517 293.697 1239.38 205.022 0.91311 0.0868902 0
0.5016 96.0547 107.028 525.03 294.455 1238.21 204.896 0.91404 0.0859598 0
0.5004 95.4687 106.568 523.544 295.215 1237.04 204.77 0.914972 0.0850276 0
0.4992 94.8849 106.109 522.06 295.978 1235.87 204.644 0.915907 0.0840933 0
0.498 94.3032 105.651 520.577 296.743 1234.7 204.517 0.916843 0.0831572 0
0.4968 93.7237 105.193 519.096 297.51 1233.53 204.39 0.917781 0.0822191 0
0.4956 93.1463 104.736 517.616 298.28 1232.37 204.262 0.918721 0.0812792 0
0.4944 92.5711 104.28 516.137 299.052 1231.21 204.134 0.919663 0.0803374 0
0.4932 91.9981 103.824 514.66 299.826 1230.04 204.005 0.920606 0.0793936 0
0.492 91.4271 103.369 513.184 300.603 1228.88 203.876 0.921552 0.0784481 0
0.4908 90.8583 102.914 511.71 301.383 1227.73 203.747 0.922499 0.0775006 0
0.4896 90.2917 102.46 510.236 302.165 1226.57 203.617 0.923449 0.0765514 0
0.4884 89.7272 102.007 508.765 302.949 1225.41 203.486 0.9244 0.0756003 0
0.4872 89.1648 101.554 507.295 303.736 1224.26 203.355 0.925353 0.0746475 0
0.486 88.6046 101.102 505.826 304.526 1223.11 203.224 0.926307 0.0736928 0
0.4848 88.0465 100.65 504.358 305.318 1221.96 203.092 0.927264 0.0727364 0
0.4836 87.4905 100.199 502.892 306.112 1220.81 202.96 0.928222 0.0717783 0
0.4824 86.9367 99.7491 501.427 306.909 1219.66 202.827 0.929182 0.0708184 0
0.4812 86.385 99.2994 499.964 307.708 1218.51 202.694 0.930143 0.0698568 0
0.48 85.8354 98.8503 498.502 308.51 1217.37 202.56 0.931106 0.0688936 0
0.4788 85.2879 98.4018 497.041 309.315 1216.23 202.426 0.932071 0.0679287 0
0.4776 84.7425 97.9539 495.582 310.122 1215.08 202.292 0.933038 0.0669621 0
0.4764 84.1993 97.5067 494.124 310.932 1213.94 202.157 0.934006 0.065994 0
0.4752 83.6581 97.0601 492.668 311.744 1212.81 202.021 0.934976 0.0650243 0
0.474 83.1191 96.614 491.212 312.559 1211.67 201.885 0.935947 0.064053 0
0.4728 82.5821 96.1686 489.759 313.376 1210.53 201.748 0.93692 0.0630802 0
0.4716 82.0473 95.7238 488.306 314.196 1209.4 201.611 0.937894 0.062106 0
0.4704 81.5145 95.2797 486.855 315.019 1208.27 201.473 0.93887 0.0611302 0
0.4692 80.9839 94.8361 485.405 315.844 1207.14 201.335 0.939847 0.060153 0
0.468 80.4553 94.3932 483.957 316.672 1206.01 201.196 0.940826 0.0591745 0
0.4668 79.9288 93.9509 482.51 317.502 1204.88 201.057 0.941805 0.0581946 0
0.4656 79.4044 93.5093 481.064 318.335 1203.76 200.917 0.942787 0.0572133 0
0.4644 78.8821 93.0682 479.62 319.171 1202.63 200.777 0.943769 0.0562308 0
0.4632 78.3618 92.6278 478.177 320.009 1201.51 200.636 0.944753 0.0552471 0
0.462 77.8436 92.188 476.735 320.85 1200.39 200.495 0.945738 0.0542621 0
0.4608 77.3274 91.7488 475.295 321.694 1199.27 200.353 0.946724 0.0532761 0
0.4596 76.8133 91.3103 473.856 322.541 1198.15 200.21 0.947711 0.0522889 0
0.4584 76.3012 90.8724 472.418 323.39 1197.03 200.067 0.948699 0.0513006 0
0.4572 75.7912 90.4351 470.982 324.242 1195.92 199.923 0.949689 0.0503114 0
0.456 75.2832 89.9985 469.547 325.096 1194.8 199.779 0.950679 0.0493213 0
0.4548 74.7773 89.5625 468.114 325.954 1193.69 199.634 0.95167 0.0483302 0
0.4536 74.2734 89.1271 466.681 326.814 1192.58 199.488 0.952662 0.0473384 0
0.4524 73.7714 88.6923 465.25 327.676 1191.47 199.342 0.953654 0.0463457 0
0.4512 73.2715 88.2582 463.821 328.542 1190.36 199.196 0.954648 0.0453524 0
0.45 72.7736 87.8248 462.393 329.41 1189.26 199.048 0.955641 0.0443585 0
0.4488 72.2777 87.3919 460.966 330.281 1188.15 198.9 0.956636 0.0433641 0
0.4476 71.7838 86.9597 459.54 331.155 1187.05 198.752 0.957631 0.0423691 0
0.4464 71.2919 86.5282 458.116 332.032 1185.95 198.602 0.958626 0.0413738 0
0.4452 70.8019 86.0972 456.693 332.911 1184.85 198.452 0.959622 0.0403782 0
0.444 70.3139 85.667 455.271 333.794 1183.75 198.302 0.960618 0.0393824 0
0.4428 69.8279 85.2373 453.851 334.679 1182.65 198.15 0.961613 0.0383866 0
0.4416 69.3437 84.8084 452.432 335.567 1181.56 197.998 0.962609 0.0373907 0
0.4404 68.8616 84.38 451.014 336.458 1180.46 197.846 0.963605 0.0363949 0
0.4392 68.3813 83.9523 449.597 337.351 1179.37 197.692 0.964601 0.0353993 0
0.438 67.903 83.5253 448.182 338.248 1178.28 197.538 0.965596 0.0344041 0
0.4368 67.4265 83.0989 446.768 339.147 1177.19 197.383 0.966591 0.0334093 0
0.4356 66.952 82.6732 445.356 340.05 1176.1 197.228 0.967585 0.0324152 0
0.4344 66.4793 82.2481 443.945 340.955 1175.01 197.071 0.968578 0.0314218 0
0.4332 66.0085 81.8236 442.535 341.864 1173.92 196.914 0.969571 0.0304294 0
0.432 65.5395 81.3999 441.126 342.775 1172.84 196.756 0.970562 0.029438 0
0.4308 65.0723 80.9768 439.719 343.689 1171.75 196.597 0.971552 0.0284478 0
0.4296 64.607 80.5543 438.313 344.606 1170.67 196.437 0.972541 0.0274591 0
0.4284 64.1435 80.1325 436.908 345.526 1169.59 196.277 0.973528 0.0264721 0
0.4272 63.6817 79.7114 435.505 346.45 1168.51 196.115 0.974513 0.0254869 0
0.426 63.2217 79.291 434.103 347.376 1167.43 195.953 0.975496 0.0245038 0
0.4248 62.7634 78.8712 432.702 348.305 1166.35 195.79 0.976477 0.023523 0
0.4236 62.3069 78.4521 431.302 349.237 1165.27 195.626 0.977455 0.0225448 0
0.4224 61.852 78.0337 429.904 350.173 1164.2 195.46 0.97843 0.0215695 0
0.4212 61.3988 77.616 428.507 351.111 1163.12 195.294 0.979403 0.0205974 0
0.42 60.9473 77.1989 427.111 352.053 1162.04 195.127 0.980371 0.0196289 0
0.4188 60.4973 76.7826 425.717 352.998 1160.97 194.959 0.981336 0.0186642 0
0.4176 60.0489 76.3669 424.324 353.946 1159.9 194.79 0.982296 0.0177039 0
0.4164 59.602 75.952 422.932 354.897 1158.82 194.619 0.983252 0.0167483 0
0.4152 59.1567 75.5377 421.542 355.851 1157.75 194.447 0.984202 0.0157979 0
0.414 58.7128 75.1241 420.152 356.809 1156.68 194.275 0.985147 0.0148533 0
0.4128 58.2702 74.7113 418.764 357.77 1155.61 194.1 0.986085 0.013915 0
0.4116 57.8291 74.2992 417.378 358.734 1154.54 193.925 0.987016 0.0129837 0
0.4104 57.3892 73.8878 415.992 359.702 1153.46 193.748 0.98794 0.0120601 0
0.4092 56.9505 73.4771 414.608 360.672 1152.39 193.57 0.988855 0.0111451 0
0.408 56.513 73.0671 413.225 361.647 1151.32 193.39 0.98976 0.0102395 0
0.4068 56.0765 72.658 411.844 362.625 1150.25 193.208 0.990655 0.0093445 0
0.4056 55.641 72.2495 410.464 363.606 1149.17 193.025 0.991539 0.0084612 0
0.4044 55.2063 71.8418 409.085 364.591 1148.1 192.84 0.992409 0.00759105 0
0.4032 54.7722 71.4349 407.707 365.579 1147.02 192.653 0.993264 0.0067357 0
0.402 54.3388 71.0288 406.33 366.572 1145.94 192.464 0.994103 0.00589713 0
0.4008 53.9056 70.6235 404.955 367.568 1144.86 192.272 0.994922 0.00507771 0
0.3996 53.4725 70.219 403.581 368.568 1143.78 192.078 0.99572 0.0042804 0
0.3984 53.0392 69.8154 402.209 369.572 1142.69 191.881 0.996491 0.00350892 0
0.3972 52.6052 69.4126 400.838 370.58 1141.6 191.681 0.997232 0.00276815 0
0.396 52.1699 69.0106 399.468 371.592 1140.5 191.477 0.997935 0.00206473 0
0.3948 51.7325 68.6096 398.099 372.609 1139.39 191.268 0.998592 0.00140834 0
0.3936 51.2916 68.2096 396.732 373.632 1138.27 191.053 0.999186 0.000814398 0
0.3924 50.8447 67.8105 395.366 374.66 1137.13 190.83 0.999688 0.000312288 0
0.3912 50.3826 67.4125 394.001 375.697 1135.95 190.591 1 0 0
0.39 49.8943 67.0159 392.638 376.746 1134.7 190.326 1 0 0
0.3888 49.4093 66.6206 391.276 377.799 1133.45 190.059 1 0 0
0.3876 48.9274 66.2268 389.916 378.856 1132.21 189.792 1 0 0
0.3864 48.4488 65.8344 388.557 379.918 1130.97 189.524 1 0 0
0.3852 47.9733 65.4433 387.2 380.984 1129.73 189.256 1 0 0
0.384 47.5009 65.0537 385.844 382.054 1128.5 188.986 1 0 0
0.3828 47.0318 64.6655 384.49 383.128 1127.28 188.716 1 0 0
0.3816 46.5658 64.2788 383.137 384.207 1126.05 188.445 1 0 0
0.3804 46.1029 63.8934 381.785 385.29 1124.84 188.173 1 0 0
0.3792 45.6432 63.5094 380.435 386.378 1123.62 187.901 1 0 0
0.378 45.1866 63.1268 379.087 387.47 1122.42 187.627 1 0 0
0.3768 44.7332 62.7457 377.74 388.566 1121.21 187.353 1 0 0
0.3756 44.2829 62.3659 376.394 389.666 1120.01 187.078 1 0 0
0.3744 43.8357 61.9875 375.05 390.771 1118.82 186.802 1 0 0
0.3732 43.3917 61.6106 373.707 391.88 1117.63 186.525 1 0 0
0.372 42.9507 61.235 372.366 392.993 1116.44 186.248 1 0 0
0.3708 42.5129 60.8608 371.026 394.111 1115.26 185.969 1 0 0
0.3696 42.0782 60.4881 369.687 395.233 1114.08 185.69 1 0 0
0.3684 41.6465 60.1167 368.35 396.359 1112.91 185.41 1 0 0
0.3672 41.2179 59.7467 367.014 397.49 1111.74 185.129 1 0 0
0.366 40.7924 59.3782 365.68 398.625 1110.58 184.848 1 0 0
0.3648 40.37 59.011 364.347 399.764 1109.42 184.565 1 0 0
0.3636 39.9507 58.6452 363.016 400.907 1108.27 184.282 1 0 0
0.3624 39.5343 58.2808 361.685 402.055 1107.12 183.998 1 0 0
0.3612 39.1211 57.9178 360.357 403.207 1105.97 183.712 1 0 0
0.36 38.7108 57.5562 359.029 404.364 1104.83 183.427 1 0 0
0.3588 38.3036 57.1959 357.703 405.525 1103.7 183.14 1 0 0
0.3576 37.8994 56.8371 356.379 406.69 1102.57 182.852 1 0 0
0.3564 37.4983 56.4796 355.055 407.859 1101.44 182.564 1 0 0
0.3552 37.1001 56.1236 353.733 409.033 1100.32 182.274 1 0 0
0.354 36.7049 55.7689 352.413 410.211 1099.2 181.984 1 0 0
0.3528 36.3127 55.4155 351.093 411.393 1098.09 181.693 1 0 0
0.3516 35.9235 55.0636 349.775 412.58 1096.98 181.401 1 0 0
0.3504 35.5373 54.713 348.459 413.771 1095.88 181.108 1 0 0
0.3492 35.154 54.3638 347.143 414.966 1094.78 180.815 1 0 0
0.348 34.7736 54.016 345.829 416.165 1093.69 180.52 1 0 0
0.3468 34.3962 53.6695 344.517 417.369 1092.6 180.225 1 0 0
0.3456 34.0218 53.3244 343.205 418.577 1091.51 179.928 1 0 0
0.3444 33.6502 52.9807 341.895 419.789 1090.43 179.631 1 0 0
0.3432 33.2816 52.6384 340.586 421.005 1089.36 179.333 1 0 0
0.342 32.9158 52.2974 339.279 422.226 1088.29 179.034 1 0 0
0.3408 32.553 51.9577 337.973 423.451 1087.22 178.734 1 0 0
0.3396 32.193 51.6194 336.668 424.68 1086.16 178.433 1 0 0
0.3384 31.8359 51.2825 335.364 425.914 1085.11 178.131 1 0 0
0.3372 31.4817 50.9469 334.061 427.151 1084.05 177.829 1 0 0
0.336 31.1303 50.6127 332.76 428.393 1083.01 177.525 1 0 0
0.3348 30.7817 50.2798 331.46 429.64 1081.97 177.221 1 0 0
0.3336 30.436 49.9483 330.162 430.89 1080.93 176.915 1 0 0
0.3324 30.0931 49.6181 328.864 432.144 1079.9 176.609 1 0 0
0.3312 29.753 49.2893 327.568 433.403 1078.87 176.302 1 0 0
0.33 29.4157 48.9617 326.273 434.666 1077.84 175.994 1 0 0
0.3288 29.0812 48.6356 324.979 435.933 1076.83 175.685 1 0 0
0.3276 28.7494 48.3107 323.687 437.205 1075.81 175.374 1 0 0
0.3264 28.4204 47.9872 322.395 438.48 1074.8 175.063 1 0 0
0.3252 28.0942 47.665 321.105 439.76 1073.8 174.752 1 0 0
0.324 27.7707 47.3441 319.816 441.044 1072.8 174.439 1 0 0
0.3228 27.4499 47.0246 318.529 442.331 1071.8 174.125 1 0 0
0.3216 27.1319 46.7064 317.242 443.624 1070.81 173.81 1 0 0
0.3204 26.8165 46.3895 315.957 444.92 1069.83 173.494 1 0 0
0.3192 26.5039 46.0739 314.672 446.22 1068.85 173.177 1 0 0
0.318 26.1939 45.7596 313.389 447.525 1067.87 172.86 1 0 0
0.3168 25.8865 45.4466 312.108 448.833 1066.9 172.541 1 0 0
0.3156 25.5819 45.1349 310.827 450.146 1065.93 172.221 1 0 0
0.3144 25.2798 44.8246 309.547 451.463 1064.97 171.901 1 0 0
0.3132 24.9805 44.5155 308.269 452.783 1064.02 171.579 1 0 0
0.312 24.6837 44.2077 306.992 454.108 1063.06 171.256 1 0 0
0.3108 24.3895 43.9012 305.716 455.437 1062.11 170.933 1 0 0
0.3096 24.0979 43.596 304.441 456.77 1061.17 170.608 1 0 0
0.3084 23.8089 43.2921 303.167 458.107 1060.23 170.282 1 0 0
0.3072 23.5225 42.9895 301.894 459.448 1059.3 169.956 1 0 0
0.306 23.2386 42.6881 300.623 460.794 1058.37 169.628 1 0 0
0.3048 22.9572 42.388 299.352 462.143 1057.45 169.299 1 0 0
0.3036 22.6784 42.0892 298.083 463.496 1056.53 168.969 1 0 0
0.3024 22.4021 41.7917 296.815 464.853 1055.61 168.638 1 0 0
0.3012 22.1283 41.4954 295.547 466.214 1054.7 168.307 1 0 0
0.3 21.857 41.2004 294.281 467.579 1053.79 167.974 1 0 0
0.2988 21.5882 40.9067 293.016 468.948 1052.89 167.64 1 0 0
0.2976 21.3218 40.6142 291.752 470.321 1052 167.304 1 0 0
0.2964 21.0579 40.3229 290.49 471.698 1051.1 166.968 1 0 0
0.2952 20.7964 40.033 289.228 473.079 1050.22 166.631 1 0 0
0.294 20.5373 39.7442 287.967 474.464 1049.33 166.293 1 0 0
0.2928 20.2806 39.4567 286.707 475.852 1048.46 165.953 1 0 0
0.2916 20.0264 39.1704 285.449 477.245 1047.58 165.613 1 0 0
0.2904 19.7745 38.8854 284.191 478.642 1046.71 165.271 1 0 0
0.2892 19.5249 38.6016 282.935 480.042 1045.85 164.928 1 0 0
0.288 19.2778 38.319 281.679 481.446 1044.99 164.585 1 0 0
0.2868 19.0329 38.0377 280.425 482.854 1044.13 164.24 1 0 0
0.2856 18.7904 37.7576 279.171 484.266 1043.28 163.893 1 0 0
0.2844 18.5502 37.4787 277.919 485.682 1042.44 163.546 1 0 0
0.2832 18.3123 37.201 276.667 487.102 1041.59 163.198 1 0 0
0.282 18.0767 36.9245 275.417 488.525 1040.76 162.848 1 0 0
0.2808 17.8434 36.6492 274.167 489.952 1039.92 162.497 1 0 0
0.2796 17.6123 36.3751 272.919 491.383 1039.1 162.146 1 0 0
0.2784 17.3834 36.1022 271.672 492.818 1038.27 161.792 1 0 0
0.2772 17.1568 35.8305 270.425 494.257 1037.45 161.438 1 0 0
0.276 16.9324 35.56 269.18 495.699 1036.64 161.083 1 0 0
0.2748 16.7102 35.2907 267.935 497.145 1035.83 160.726 1 0 0
0.2736 16.4902 35.0226 266.692 498.595 1035.02 160.368 1 0 0
0.2724 16.2723 34.7557 265.449 500.049 1034.22 160.009 1 0 0
0.2712 16.0566 34.4899 264.207 501.506 1033.42 159.648 1 0 0
0.27 15.8431 34.2253 262.967 502.967 1032.63 159.287 1 0 0
0.2688 15.6317 33.9619 261.727 504.432 1031.84 158.924 1 0 0
0.2676 15.4224 33.6996 260.488 505.9 1031.06 158.56 1 0 0
0.2664 15.2152 33.4385 259.25 507.372 1030.28 158.194 1 0 0
0.2652 15.0101 33.1785 258.014 508.848 1029.5 157.827 1 0 0
0.264 14.807 32.9197 256.778 510.327 1028.73 157.459 1 0 0
0.2628 14.6061 32.6621 255.543 511.81 1027.96 157.09 1 0 0
0.2616 14.4071 32.4056 254.308 513.297 1027.2 156.719 1 0 0
0.2604 14.2102 32.1502 253.075 514.787 1026.44 156.347 1 0 0
0.2592 14.0153 31.896 251.843 516.281 1025.69 155.974 1 0 0
0.258 13.8224 31.6429 250.611 517.779 1024.94 155.599 1 0 0
0.2568 13.6315 31.3909 249.381 519.28 1024.19 155.223 1 0 0
0.2556 13.4426 31.14 248.151 520.785 1023.45 154.846 1 0 0
0.2544 13.2557 30.8903 246.922 522.293 1022.71 154.467 1 0 0
0.2532 13.0706 30.6417 245.695 523.805 1021.98 154.087 1 0 0
0.252 12.8876 30.3942 244.468 525.32 1021.25 153.705 1 0 0
0.2508 12.7064 30.1478 243.242 526.839 1020.53 153.322 1 0 0
0.2496 12.5271 29.9026 242.016 528.362 1019.81 152.938 1 0 0
0.2484 12.3498 29.6584 240.792 529.888 1019.09 152.552 1 0 0
0.2472 12.1743 29.4153 239.568 531.418 1018.38 152.165 1 0 0
0.246 12.0006 29.1733 238.346 532.951 1017.67 151.776 1 0 0
0.2448 11.8288 28.9324 237.124 534.488 1016.96 151.385 1 0 0
0.2436 11.6589 28.6926 235.903 536.028 1016.26 150.994 1 0 0
0.2424 11.4908 28.4539 234.683 537.571 1015.57 150.6 1 0 0
0.2412 11.3244 28.2163 233.463 539.119 1014.87 150.205 1 0 0
0.24 11.1599 27.9797 232.245 540.669 1014.19 149.809 1 0 0
0.2388 10.9971 27.7442 231.027 542.223 1013.5 149.411 1 0 0
0.2376 10.8362 27.5098 229.81 543.781 1012.82 149.011 1 0 0
0.2364 10.6769 27.2764 228.594 545.342 1012.14 148.61 1 0 0
0.2352 10.5194 27.0441 227.379 546.907 1011.47 148.207 1 0 0
0.234 10.3636 26.8129 226.164 548.475 1010.8 147.803 1 0 0
0.2328 10.2096 26.5827 224.951 550.046 1010.14 147.397 1 0 0
0.2316 10.0572 26.3535 223.738 551.621 1009.48 146.989 1 0 0
0.2304 9.90652 26.1254 222.526 553.199 1008.82 146.58 1 0 0
0.2292 9.7575 25.8984 221.315 554.781 1008.17 146.169 1 0 0
0.228 9.61014 25.6723 220.104 556.366 1007.52 145.756 1 0 0
0.2268 9.46442 25.4473 218.894 557.954 1006.87 145.342 1 0 0
0.2256 9.32034 25.2234 217.685 559.546 1006.23 144.925 1 0 0
0.2244 9.17786 25.0004 216.477 561.142 1005.59 144.507 1 0 0
0.2232 9.03699 24.7785 215.27 562.74 1004.96 144.088 1 0 0
0.222 8.89771 24.5576 214.063 564.342 1004.33 143.666 1 0 0
0.2208 8.76001 24.3378 212.857 565.948 1003.7 143.243 1 0 0
0.2196 8.62387 24.1189 211.652 567.557 1003.08 142.818 1 0 0
0.2184 8.48928 23.9011 210.448 569.169 1002.46 142.39 1 0 0
0.2172 8.35623 23.6842 209.244 570.785 1001.84 141.962 1 0 0
0.216 8.2247 23.4684 208.041 572.404 1001.23 141.531 1 0 0
0.2148 8.09468 23.2535 206.839 574.026 1000.62 141.098 1 0 0
0.2136 7.96616 23.0397 205.637 575.652 1000.02 140.663 1 0 0
0.2124 7.83913 22.8268 204.436 577.281 999.414 140.227 1 0 0
0.2112 7.71357 22.615 203.236 578.913 998.816 139.788 1 0 0
0.21 7.58947 22.4041 202.037 580.549 998.221 139.347 1 0 0
0.2088 7.46681 22.1942 200.838 582.188 997.63 138.905 1 0 0
0.2076 7.34559 21.9853 199.64 583.831 997.042 138.46 1 0 0
0.2064 7.2258 21.7774 198.443 585.477 996.458 138.013 1 0 0
0.2052 7.10741 21.5704 197.247 587.126 995.877 137.564 1 0 0
0.204 6.99042 21.3644 196.051 588.779 995.3 137.113 1 0 0
0.2028 6.87482 21.1594 194.856 590.435 994.726 136.66 1 0 0
0.2016 6.76058 20.9554 193.661 592.094 994.155 136.205 1 0 0
0.2004 6.64771 20.7523 192.467 593.757 993.588 135.747 1 0 0
0.1992 6.53619 20.5501 191.274 595.423 993.024 135.287 1 0 0
0.198 6.426 20.349 190.082 597.092 992.463 134.825 1 0 0
0.1968 6.31714 20.1487 188.89 598.765 991.906 134.361 1 0 0
0.1956 6.20959 19.9495 187.699 600.441 991.352 133.894 1 0 0
0.1944 6.10333 19.7512 186.508 602.12 990.801 133.426 1 0 0
0.1932 5.99837 19.5538 185.319 603.803 990.254 132.954 1 0 0
0.192 5.89469 19.3574 184.129 605.489 989.709 132.48 1 0 0
0.1908 5.79226 19.1619 182.941 607.178 989.168 132.004 1 0 0
0.1896 5.69109 18.9674 181.753 608.871 988.63 131.526 1 0 0
0.1884 5.59117 18.7738 180.566 610.568 988.095 131.045 1 0 0
0.1872 5.49247 18.5811 179.379 612.267 987.563 130.561 1 0 0
0.186 5.39499 18.3894 178.193 613.97 987.034 130.075 1 0 0
0.1848 5.29872 18.1986 177.008 615.677 986.509 129.586 1 0 0
0.1836 5.20364 18.0087 175.823 617.386 985.986 129.095 1 0 0
0.1824 5.10975 17.8198 174.639 619.1 985.467 128.601 1 0 0
0.1812 5.01703 17.6318 173.456 620.816 984.95 128.104 1 0 0
0.18 4.92548 17.4447 172.273 622.536 984.436 127.605 1 0 0
0.1788 4.83507 17.2586 171.091 624.259 983.926 127.102 1 0 0
0.1776 4.7458 17.0734 169.909 625.986 983.418 126.598 1 0 0
0.1764 4.65767 16.8891 168.728 627.716 982.913 126.09 1 0 0
0.1752 4.57065 16.7057 167.548 629.45 982.412 125.579 1 0 0
0.174 4.48474 16.5232 166.368 631.187 981.913 125.065 1 0 0
0.1728 4.39993 16.3417 165.189 632.928 981.417 124.549 1 0 0
0.1716 4.3162 16.1611 164.01 634.672 980.923 124.029 1 0 0
0.1704 4.23355 15.9814 162.832 636.419 980.433 123.507 1 0 0
0.1692 4.15196 15.8026 161.655 638.17 979.945 122.981 1 0 0
0.168 4.07143 15.6247 160.478 639.925 979.461 122.452 1 0 0
0.1668 3.99194 15.4478 159.302 641.682 978.978 121.921 1 0 0
0.1656 3.91349 15.2718 158.126 643.444 978.499 121.385 1 0 0
0.1644 3.83606 15.0967 156.951 645.209 978.022 120.847 1 0 0
0.1632 3.75965 14.9225 155.776 646.977 977.548 120.306 1 0 0
0.162 3.68424 14.7492 154.602 648.749 977.077 119.761 1 0 0
0.1608 3.60982 14.5769 153.429 650.525 976.609 119.212 1 0 0
0.1596 3.53639 14.4055 152.256 652.304 976.143 118.661 1 0 0
0.1584 3.46394 14.235 151.084 654.087 975.679 118.105 1 0 0
0.1572 3.39245 14.0654 149.912 655.873 975.218 117.547 1 0 0
0.156 3.32191 13.8968 148.741 657.663 974.76 116.984 1 0 0
0.1548 3.25232 13.7291 147.57 659.457 974.304 116.419 1 0 0
0.1536 3.18367 13.5623 146.4 661.254 973.851 115.849 1 0 0
0.1524 3.11595 13.3964 145.23 663.055 973.401 115.276 1 0 0
0.1512 3.04915 13.2315 144.061 664.859 972.953 114.699 1 0 0
0.15 2.98325 13.0675 142.893 666.668 972.507 114.118 1 0 0
0.1488 2.91826 12.9045 141.725 668.479 972.064 113.534 1 0 0
0.1476 2.85416 12.7424 140.557 670.295 971.623 112.945 1 0 0
0.1464 2.79095 12.5812 139.391 672.115 971.185 112.353 1 0 0
0.1452 2.72861 12.421 138.224 673.938 970.749 111.757 1 0 0
0.144 2.66714 12.2617 137.058 675.765 970.316 111.156 1 0 0
0.1428 2.60653 12.1034 135.893 677.596 969.885 110.552 1 0 0
0.1416 2.54677 11.9461 134.728 679.43 969.456 109.944 1 0 0
0.1404 2.48785 11.7897 133.564 681.269 969.03 109.331 1 0 0
0.1392 2.42978 11.6343 132.4 683.111 968.606 108.714 1 0 0
0.138 2.37253 11.4798 131.237 684.958 968.184 108.093 1 0 0
0.1368 2.3161 11.3264 130.074 686.808 967.765 107.468 1 0 0
0.1356 2.26049 11.1739 128.912 688.662 967.348 106.839 1 0 0
0.1344 2.20568 11.0224 127.75 690.521 966.934 106.205 1 0 0
0.1332 2.15168 10.8719 126.589 692.383 966.521 105.567 1 0 0
0.132 2.09847 10.7224 125.428 694.249 966.111 104.924 1 0 0
0.1308 2.04606 10.5739 124.268 696.12 965.704 104.277 1 0 0
0.1296 1.99442 10.4265 123.108 697.994 965.299 103.626 1 0 0
0.1284 1.94356 10.28 121.949 699.873 964.896 102.97 1 0 0
0.1272 1.89347 10.1346 120.79 701.756 964.495 102.309 1 0 0
0.126 1.84415 9.9902 119.632 703.643 964.097 101.644 1 0 0
0.1248 1.79558 9.84685 118.474 705.534 963.701 100.975 1 0 0
0.1236 1.74778 9.70456 117.317 707.429 963.307 100.301 1 0 0
0.1224 1.70072 9.56331 116.16 709.329 962.916 99.6222 1 0 0
0.1212 1.65441 9.42314 115.004 711.233 962.527 98.9391 1 0 0
0.12 1.60883 9.28403 113.848 713.142 962.14 98.2513 1 0 0
0.1188 1.564 9.14601 112.693 715.055 961.756 97.5589 1 0 0
0.1176 1.51989 9.00908 111.538 716.972 961.374 96.862 1 0 0
0.1164 1.47652 8.87325 110.383 718.894 960.995 96.1604 1 0 0
0.1152 1.43387 8.73853 109.229 720.821 960.618 95.4541 1 0 0
0.114 1.39193 8.60493 108.076 722.752 960.244 94.7433 1 0 0
0.1128 1.35072 8.47245 106.923 724.688 959.872 94.0278 1 0 0
0.1116 1.31021 8.34111 105.77 726.628 959.502 93.3077 1 0 0
0.1104 1.27042 8.21092 104.618 728.573 959.135 92.583 1 0 0
0.1092 1.23133 8.08189 103.466 730.523 958.771 91.8536 1 0 0
0.108 1.19294 7.95403 102.315 732.477 958.409 91.1196 1 0 0
0.1068 1.15525 7.82734 101.164 734.437 958.05 90.381 1 0 0
0.1056 1.11826 7.70185 100.014 736.401 957.693 89.6377 1 0 0
0.1044 1.08196 7.57755 98.8642 738.37 957.339 88.8898 1 0 0
0.1032 1.04635 7.45447 97.7148 740.345 956.987 88.1374 1 0 0
0.102 1.01142 7.3326 96.5657 742.324 956.639 87.3803 1 0 0
0.1008 0.97718 7.21197 95.4171 744.309 956.293 86.6185 1 0 0
0.0996 0.943617 7.09258 94.269 746.298 955.95 85.8522 1 0 0
0.0984 0.910732 6.97445 93.1212 748.293 955.609 85.0813 1 0 0
0.0972 0.878521 6.85759 91.9739 750.293 955.272 84.3058 1 0 0
0.096 0.84698 6.74201 90.827 752.298 954.937 83.5256 1 0 0
0.0948 0.816107 6.62771 89.6805 754.309 954.606 82.7409 1 0 0
0.0936 0.785898 6.51472 88.5344 756.325 954.277 81.9515 1 0 0
0.0924 0.75635 6.40305 87.3887 758.347 953.951 81.1576 1 0 0
0.0912 0.72746 6.2927 86.2434 760.375 953.628 80.3591 1 0 0
0.09 0.699225 6.1837 85.0985 762.407 953.309 79.5559 1 0 0
0.0888 0.671642 6.07604 83.9541 764.446 952.992 78.7481 1 0 0
0.0876 0.644706 5.96976 82.8099 766.49 952.679 77.9358 1 0 0
0.0864 0.618415 5.86484 81.6662 768.541 952.369 77.1188 1 0 0
0.0852 0.592765 5.76132 80.5229 770.597 952.062 76.2972 1 0 0
0.084 0.567752 5.6592 79.3799 772.659 951.758 75.4709 1 0 0
0.0828 0.543372 5.5585 78.2373 774.727 951.458 74.64 1 0 0
0.0816 0.519623 5.45923 77.0951 776.801 951.161 73.8045 1 0 0
0.0804 0.4965 5.3614 75.9533 778.882 950.868 72.9643 1 0 0
0.0792 0.473998 5.26502 74.8118 780.968 950.578 72.1195 1 0 0
0.078 0.452115 5.17011 73.6706 783.061 950.291 71.2699 1 0 0
0.0768 0.430846 5.07668 72.5298 785.161 950.009 70.4157 1 0 0
0.0756 0.410186 4.98474 71.3894 787.267 949.73 69.5567 1 0 0
0.0744 0.390131 4.89431 70.2493 789.379 949.454 68.693 1 0 0
0.0732 0.370677 4.80539 69.1095 791.498 949.183 67.8246 1 0 0
0.072 0.351819 4.71801 67.9701 793.624 948.915 66.9514 1 0 0
0.0708 0.333552 4.63217 66.8309 795.757 948.651 66.0734 1 0 0
0.0696 0.315872 4.54788 65.6922 797.897 948.391 65.1906 1 0 0
0.0684 0.298773 4.46516 64.5537 800.044 948.135 64.3029 1 0 0
0.0672 0.282249 4.38402 63.4155 802.198 947.884 63.4104 1 0 0
0.066 0.266297 4.30447 62.2777 804.359 947.636 62.5131 1 0 0
0.0648 0.25091 4.22652 61.1401 806.528 947.392 61.6108 1 0 0
0.0636 0.236082 4.15018 60.0029 808.704 947.153 60.7035 1 0 0
0.0624 0.221808 4.07546 58.8659 810.887 946.919 59.7913 1 0 0
0.0612 0.208081 4.00237 57.7292 813.078 946.688 58.874 1 0 0
0.06 0.194896 3.93092 56.5928 815.277 946.462 57.9518 1 0 0
0.0588 0.182246 3.86112 55.4567 817.484 946.241 57.0244 1 0 0
0.0576 0.170123 3.79297 54.3209 819.699 946.024 56.0919 1 0 0
0.0564 0.158522 3.72648 53.1853 821.922 945.812 55.1542 1 0 0
0.0552 0.147435 3.66165 52.05 824.154 945.605 54.2113 1 0 0
0.054 0.136854 3.59849 50.9149 826.393 945.403 53.2632 1 0 0
0.0528 0.126772 3.53701 49.7801 828.642 945.206 52.3097 1 0 0
0.0516 0.117182 3.4772 48.6455 830.899 945.013 51.3509 1 0 0
0.0504 0.108075 3.41906 47.5112 833.164 944.826 50.3866 1 0 0
0.0492 0.0994416 3.36258 46.377 835.439 944.644 49.4169 1 0 0
0.048 0.0912744 3.30778 45.2431 837.723 944.467 48.4416 1 0 0
0.0468 0.0835638 3.25463 44.1095 840.016 944.295 47.4606 1 0 0
0.0456 0.0763005 3.20312 42.976 842.318 944.129 46.474 1 0 0
0.0444 0.0694747 3.15326 41.8427 844.63 943.968 45.4815 1 0 0
0.0432 0.0630763 3.10501 40.7096 846.952 943.813 44.4832 1 0 0
0.042 0.057095 3.05836 39.5768 849.283 943.663 43.4789 1 0 0
0.0408 0.0515199 3.01328 38.4441 851.625 943.519 42.4685 1 0 0
0.0396 0.0463398 2.96975 37.3116 853.977 943.381 41.4519 1 0 0
0.0384 0.0415431 2.92773 36.1792 856.339 943.249 40.429 1 0 0
0.0372 0.0371177 2.88718 35.047 858.712 943.122 39.3996 1 0 0
0.036 0.0330513 2.84805 33.915 861.096 943.001 38.3637 1 0 0
0.0348 0.0293309 2.81029 32.7831 863.491 942.886 37.321 1 0 0
0.0336 0.0259432 2.77383 31.6514 865.897 942.777 36.2713 1 0 0
0.0324 0.0228744 2.7386 30.5198 868.315 942.674 35.2145 1 0 0
0.0312 0.02011 2.70451 29.3883 870.744 942.577 34.1504 1 0 0
0.03 0.0176354 2.67145 28.2569 873.185 942.486 33.0787 1 0 0
0.0288 0.0154352 2.63933 27.1257 875.638 942.4 31.9992 1 0 0
0.0276 0.0134936 2.60799 25.9946 878.104 942.321 30.9115 1 0 0
0.0264 0.0117942 2.57728 24.8635 880.583 942.247 29.8154 1 0 0
0.0252 0.01032 2.54703 23.7326 883.074 942.179 28.7105 1 0 0
0.024 0.00905373 2.51702 22.6017 885.579 942.116 27.5963 1 0 0
0.0228 0.00797731 2.48702 21.471 888.097 942.059 26.4725 1 0 0
0.0216 0.00707225 2.45672 20.3403 890.629 942.007 25.3385 1 0 0
0.0204 0.0063195 2.4258 19.2096 893.174 941.959 24.1936 1 0 0
0.0192 0.00569952 2.39385 18.0791 895.735 941.916 23.0372 1 0 0
0.018 0.00519228 2.36041 16.9486 898.31 941.876 21.8686 1 0 0
0.0168 0.00477732 2.32491 15.8181 900.9 941.84 20.6866 1 0 0
0.0156 0.00443383 2.28666 14.6877 903.506 941.805 19.4903 1 0 0
0.0144 0.0041407 2.24483 13.5574 906.128 941.773 18.2783 1 0 0
0.0132 0.00387666 2.19837 12.4271 908.766 941.74 17.0489 1 0 0
0.012 0.00362045 2.146 11.2968 911.42 941.705 15.8003 1 0 0
0.0108 0.00335106 2.08605 10.1667 914.092 941.667 14.5298 1 0 0
0.0096 0.00304805 2.01636 9.03652 916.781 941.622 13.2344 1 0 0
0.0084 0.00269197 1.93403 7.90647 919.489 941.566 11.91 1 0 0
0.0072 0.00227971 1.83299 6.77649 922.215 941.495 10.5508 1 0 0
0.006 0.00177609 1.70959 5.64662 924.96 941.4 9.14911 1 0 0
0.0048 0.00118296 1.55236 4.51691 927.725 941.27 7.69289 1 0 0
0.0036 0.000502876 1.34227 3.3874 930.511 941.084 6.16279 1 0 0
0.0024 -0.000242559 1.03579 2.25818 933.318 940.806 4.52257 1 0 0
0.0012 -0.000988639 0.473746 1.1294 936.147 940.345 2.68481 1 0 0
