1 368.442 311.822 1250.94 31.8173 1619.38 128.827 0.546797 0.453203 0
0.999 367.767 311.453 1249.32 31.9827 1618.7 128.901 0.547019 0.452981 0
0.998 367.091 311.085 1247.7 32.1483 1618.03 128.975 0.547241 0.452759 0
0.997 366.417 310.716 1246.08 32.3141 1617.35 129.05 0.547463 0.452537 0
0.996 365.742 310.347 1244.47 32.4802 1616.68 129.124 0.547687 0.452313 0
0.995 365.068 309.978 1242.85 32.6465 1616 129.198 0.54791 0.45209 0
0.994 364.395 309.609 1241.23 32.8131 1615.32 129.273 0.548135 0.451865 0
0.993 363.722 309.24 1239.62 32.98 1614.64 129.347 0.54836 0.45164 0
0.992 363.049 308.871 1238.01 33.1471 1613.97 129.422 0.548585 0.451415 0
0.991 362.377 308.502 1236.39 33.3144 1613.29 129.497 0.548811 0.451189 0
0.99 361.705 308.133 1234.78 33.482 1612.61 129.571 0.549038 0.450962 0
0.989 361.033 307.764 1233.17 33.6499 1611.93 129.646 0.549265 0.450735 0
0.988 360.362 307.395 1231.56 33.818 1611.25 129.721 0.549493 0.450507 0
0.987 359.692 307.025 1229.95 33.9864 1610.57 129.796 0.549722 0.450278 0
0.986 359.022 306.656 1228.34 34.1551 1609.9 129.871 0.549951 0.450049 0
0.985 358.352 306.287 1226.73 34.324 1609.22 129.946 0.550181 0.449819 0
0.984 357.683 305.917 1225.12 34.4932 1608.54 130.022 0.550411 0.449589 0
0.983 357.014 305.548 1223.51 34.6626 1607.86 130.097 0.550642 0.449358 0
0.982 356.346 305.178 1221.9 34.8323 1607.18 130.172 0.550873 0.449127 0
0.981 355.678 304.808 1220.3 35.0022 1606.5 130.248 0.551105 0.448895 0
0.98 355.01 304.439 1218.69 35.1725 1605.82 130.323 0.551338 0.448662 0
0.979 354.343 304.069 1217.08 35.3429 1605.13 130.399 0.551571 0.448429 0
0.978 353.676 303.699 1215.48 35.5137 1604.45 130.475 0.551805 0.448195 0
0.977 353.01 303.329 1213.88 35.6847 1603.77 130.55 0.55204 0.44796 0
0.976 352.344 302.959 1212.27 35.856 1603.09 130.626 0.552275 0.447725 0
0.975 351.679 302.589 1210.67 36.0275 1602.41 130.702 0.552511 0.447489 0
0.974 351.014 302.219 1209.07 36.1994 1601.73 130.778 0.552747 0.447253 0
0.973 350.35 301.849 1207.47 36.3715 1601.04 130.854 0.552984 0.447016 0
0.972 349.686 301.478 1205.87 36.5438 1600.36 130.93 0.553222 0.446778 0
0.971 349.022 301.108 1204.27 36.7164 1599.68 131.006 0.55346 0.44654 0
0.97 348.359 300.738 1202.67 36.8893 1599 131.083 0.553699 0.446301 0
0.969 347.696 300.367 1201.07 37.0625 1598.31 131.159 0.553938 0.446062 0
0.968 347.034 299.997 1199.47 37.236 1597.63 131.235 0.554178 0.445822 0
0.967 346.372 299.626 1197.87 37.4097 1596.95 131.312 0.554419 0.445581 0
0.966 345.711 299.256 1196.28 37.5837 1596.26 131.388 0.554661 0.445339 0
0.965 345.05 298.885 1194.68 37.758 1595.58 131.465 0.554903 0.445097 0
0.964 344.389 298.515 1193.09 37.9325 1594.89 131.542 0.555145 0.444855 0
0.963 343.729 298.144 1191.49 38.1073 1594.21 131.618 0.555389 0.444611 0
0.962 343.07 297.773 1189.9 38.2824 1593.52 131.695 0.555633 0.444367 0
0.961 342.41 297.402 1188.31 38.4578 1592.84 131.772 0.555877 0.444123 0
0.96 341.752 297.031 1186.71 38.6335 1592.15 131.849 0.556122 0.443878 0
0.959 341.093 296.66 1185.12 38.8094 1591.46 131.926 0.556368 0.443632 0
0.958 340.435 296.289 1183.53 38.9856 1590.78 132.003 0.556615 0.443385 0
0.957 339.778 295.918 1181.94 39.1621 1590.09 132.081 0.556862 0.443138 0
0.956 339.121 295.547 1180.35 39.3389 1589.41 132.158 0.55711 0.44289 0
0.955 338.465 295.176 1178.76 39.516 1588.72 132.235 0.557358 0.442642 0
0.954 337.808 294.804 1177.17 39.6934 1588.03 132.313 0.557608 0.442392 0
0.953 337.153 294.433 1175.59 39.871 1587.34 132.39 0.557857 0.442143 0
0.952 336.498 294.062 1174 40.0489 1586.66 132.468 0.558108 0.441892 0
0.951 335.843 293.69 1172.41 40.2271 1585.97 132.545 0.558359 0.441641 0
0.95 335.189 293.319 1170.83 40.4056 1585.28 132.623 0.558611 0.441389 0
0.949 334.535 292.947 1169.24 40.5844 1584.59 132.701 0.558863 0.441137 0
0.948 333.881 292.575 1167.66 40.7635 1583.9 132.779 0.559117 0.440883 0
0.947 333.228 292.204 1166.08 40.9429 1583.21 132.857 0.55937 0.44063 0
0.946 332.576 291.832 1164.49 41.1226 1582.53 132.935 0.559625 0.440375 0
0.945 331.924 291.46 1162.91 41.3025 1581.84 133.013 0.55988 0.44012 0
0.944 331.272 291.088 1161.33 41.4828 1581.15 133.091 0.560136 0.439864 0
0.943 330.621 290.716 1159.75 41.6633 1580.46 133.169 0.560393 0.439607 0
0.942 329.97 290.345 1158.17 41.8441 1579.77 133.248 0.56065 0.43935 0
0.941 329.32 289.972 1156.59 42.0253 1579.08 133.326 0.560908 0.439092 0
0.94 328.67 289.6 1155.01 42.2067 1578.39 133.405 0.561166 0.438834 0
0.939 328.021 289.228 1153.43 42.3884 1577.69 133.483 0.561426 0.438574 0
0.938 327.372 288.856 1151.86 42.5705 1577 133.562 0.561686 0.438314 0
0.937 326.724 288.484 1150.28 42.7528 1576.31 133.64 0.561946 0.438054 0
0.936 326.076 288.111 1148.7 42.9354 1575.62 133.719 0.562208 0.437792 0
0.935 325.428 287.739 1147.13 43.1183 1574.93 133.798 0.56247 0.43753 0
0.934 324.781 287.367 1145.55 43.3016 1574.24 133.877 0.562733 0.437267 0
0.933 324.135 286.994 1143.98 43.4851 1573.54 133.956 0.562996 0.437004 0
0.932 323.489 286.622 1142.41 43.6689 1572.85 134.035 0.56326 0.43674 0
0.931 322.843 286.249 1140.84 43.8531 1572.16 134.114 0.563525 0.436475 0
0.93 322.198 285.876 1139.26 44.0375 1571.46 134.193 0.563791 0.436209 0
0.929 321.553 285.504 1137.69 44.2223 1570.77 134.273 0.564057 0.435943 0
0.928 320.909 285.131 1136.12 44.4073 1570.08 134.352 0.564324 0.435676 0
0.927 320.265 284.758 1134.55 44.5927 1569.38 134.431 0.564592 0.435408 0
0.926 319.621 284.385 1132.98 44.7784 1568.69 134.511 0.56486 0.43514 0
0.925 318.979 284.012 1131.42 44.9644 1567.99 134.591 0.56513 0.43487 0
0.924 318.336 283.639 1129.85 45.1507 1567.3 134.67 0.565399 0.434601 0
0.923 317.694 283.266 1128.28 45.3373 1566.61 134.75 0.56567 0.43433 0
0.922 317.053 282.893 1126.72 45.5242 1565.91 134.83 0.565941 0.434059 0
0.921 316.411 282.52 1125.15 45.7114 1565.21 134.91 0.566214 0.433786 0
0.92 315.771 282.147 1123.59 45.899 1564.52 134.99 0.566486 0.433514 0
0.919 315.131 281.774 1122.02 46.0869 1563.82 135.07 0.56676 0.43324 0
0.918 314.491 281.4 1120.46 46.2751 1563.13 135.15 0.567034 0.432966 0
0.917 313.852 281.027 1118.9 46.4636 1562.43 135.23 0.567309 0.432691 0
0.916 313.213 280.654 1117.33 46.6524 1561.73 135.31 0.567585 0.432415 0
0.915 312.575 280.28 1115.77 46.8415 1561.04 135.39 0.567862 0.432138 0
0.914 311.937 279.907 1114.21 47.031 1560.34 135.471 0.568139 0.431861 0
0.913 311.3 279.533 1112.65 47.2208 1559.64 135.551 0.568417 0.431583 0
0.912 310.663 279.159 1111.09 47.4109 1558.94 135.632 0.568696 0.431304 0
0.911 310.026 278.786 1109.54 47.6013 1558.25 135.712 0.568976 0.431024 0
0.91 309.391 278.412 1107.98 47.7921 1557.55 135.793 0.569256 0.430744 0
0.909 308.755 278.038 1106.42 47.9831 1556.85 135.874 0.569537 0.430463 0
0.908 308.12 277.664 1104.86 48.1746 1556.15 135.955 0.569819 0.430181 0
0.907 307.486 277.29 1103.31 48.3663 1555.45 136.036 0.570101 0.429899 0
0.906 306.852 276.916 1101.75 48.5584 1554.75 136.117 0.570385 0.429615 0
0.905 306.218 276.542 1100.2 48.7508 1554.05 136.198 0.570669 0.429331 0
0.904 305.585 276.168 1098.65 48.9435 1553.35 136.279 0.570954 0.429046 0
0.903 304.952 275.794 1097.09 49.1365 1552.65 136.36 0.57124 0.42876 0
0.902 304.32 275.42 1095.54 49.3299 1551.95 136.441 0.571526 0.428474 0
0.901 303.688 275.046 1093.99 49.5237 1551.25 136.522 0.571813 0.428187 0
0.9 303.057 274.671 1092.44 49.7177 1550.55 136.604 0.572101 0.427899 0
0.899 302.426 274.297 1090.89 49.9121 1549.85 136.685 0.57239 0.42761 0
0.898 301.796 273.923 1089.34 50.1068 1549.15 136.767 0.57268 0.42732 0
0.897 301.166 273.548 1087.79 50.3019 1548.45 136.849 0.57297 0.42703 0
0.896 300.537 273.174 1086.24 50.4973 1547.75 136.93 0.573261 0.426739 0
0.895 299.908 272.799 1084.7 50.6931 1547.04 137.012 0.573553 0.426447 0
0.894 299.28 272.425 1083.15 50.8892 1546.34 137.094 0.573846 0.426154 0
0.893 298.652 272.05 1081.6 51.0856 1545.64 137.176 0.57414 0.42586 0
0.892 298.025 271.675 1080.06 51.2824 1544.94 137.258 0.574434 0.425566 0
0.891 297.398 271.3 1078.51 51.4795 1544.23 137.34 0.574729 0.425271 0
0.89 296.771 270.926 1076.97 51.6769 1543.53 137.422 0.575025 0.424975 0
0.889 296.145 270.551 1075.43 51.8748 1542.83 137.504 0.575322 0.424678 0
0.888 295.52 270.176 1073.89 52.0729 1542.12 137.586 0.57562 0.42438 0
0.887 294.895 269.801 1072.34 52.2714 1541.42 137.669 0.575918 0.424082 0
0.886 294.271 269.426 1070.8 52.4703 1540.72 137.751 0.576218 0.423782 0
0.885 293.647 269.051 1069.26 52.6695 1540.01 137.834 0.576518 0.423482 0
0.884 293.023 268.676 1067.72 52.8691 1539.31 137.916 0.576819 0.423181 0
0.883 292.4 268.301 1066.19 53.069 1538.6 137.999 0.577121 0.422879 0
0.882 291.777 267.925 1064.65 53.2692 1537.9 138.082 0.577423 0.422577 0
0.881 291.155 267.55 1063.11 53.4699 1537.19 138.164 0.577727 0.422273 0
0.88 290.534 267.175 1061.57 53.6708 1536.49 138.247 0.578031 0.421969 0
0.879 289.913 266.799 1060.04 53.8722 1535.78 138.33 0.578336 0.421664 0
0.878 289.292 266.424 1058.5 54.0739 1535.07 138.413 0.578642 0.421358 0
0.877 288.672 266.048 1056.97 54.2759 1534.37 138.496 0.578949 0.421051 0
0.876 288.052 265.673 1055.43 54.4783 1533.66 138.579 0.579256 0.420744 0
0.875 287.433 265.297 1053.9 54.6811 1532.95 138.663 0.579565 0.420435 0
0.874 286.815 264.922 1052.37 54.8843 1532.25 138.746 0.579874 0.420126 0
0.873 286.196 264.546 1050.84 55.0878 1531.54 138.829 0.580184 0.419816 0
0.872 285.579 264.17 1049.31 55.2916 1530.83 138.913 0.580496 0.419504 0
0.871 284.962 263.795 1047.78 55.4959 1530.12 138.996 0.580807 0.419193 0
0.87 284.345 263.419 1046.25 55.7005 1529.41 139.08 0.58112 0.41888 0
0.869 283.729 263.043 1044.72 55.9055 1528.71 139.163 0.581434 0.418566 0
0.868 283.113 262.667 1043.19 56.1108 1528 139.247 0.581748 0.418252 0
0.867 282.498 262.291 1041.66 56.3165 1527.29 139.331 0.582064 0.417936 0
0.866 281.883 261.915 1040.13 56.5226 1526.58 139.415 0.58238 0.41762 0
0.865 281.269 261.539 1038.61 56.7291 1525.87 139.499 0.582697 0.417303 0
0.864 280.655 261.163 1037.08 56.9359 1525.16 139.583 0.583015 0.416985 0
0.863 280.042 260.786 1035.56 57.1431 1524.45 139.667 0.583334 0.416666 0
0.862 279.429 260.41 1034.03 57.3507 1523.74 139.751 0.583654 0.416346 0
0.861 278.817 260.034 1032.51 57.5587 1523.03 139.835 0.583975 0.416025 0
0.86 278.205 259.658 1030.99 57.767 1522.32 139.919 0.584296 0.415704 0
0.859 277.594 259.281 1029.47 57.9758 1521.61 140.004 0.584619 0.415381 0
0.858 276.983 258.905 1027.95 58.1849 1520.9 140.088 0.584942 0.415058 0
0.857 276.373 258.528 1026.43 58.3944 1520.19 140.173 0.585267 0.414733 0
0.856 275.764 258.152 1024.91 58.6042 1519.47 140.257 0.585592 0.414408 0
0.855 275.154 257.775 1023.39 58.8145 1518.76 140.342 0.585918 0.414082 0
0.854 274.546 257.399 1021.87 59.0252 1518.05 140.426 0.586245 0.413755 0
0.853 273.937 257.022 1020.35 59.2362 1517.34 140.511 0.586573 0.413427 0
0.852 273.33 256.645 1018.84 59.4476 1516.63 140.596 0.586902 0.413098 0
0.851 272.723 256.269 1017.32 59.6595 1515.91 140.681 0.587232 0.412768 0
0.85 272.116 255.892 1015.8 59.8717 1515.2 140.766 0.587562 0.412438 0
0.849 271.51 255.515 1014.29 60.0843 1514.49 140.851 0.587894 0.412106 0
0.848 270.904 255.138 1012.78 60.2973 1513.77 140.936 0.588227 0.411773 0
0.847 270.299 254.761 1011.26 60.5107 1513.06 141.021 0.58856 0.41144 0
0.846 269.694 254.384 1009.75 60.7245 1512.34 141.107 0.588895 0.411105 0
0.845 269.09 254.007 1008.24 60.9387 1511.63 141.192 0.58923 0.41077 0
0.844 268.486 253.63 1006.73 61.1533 1510.92 141.277 0.589567 0.410433 0
0.843 267.883 253.253 1005.22 61.3683 1510.2 141.363 0.589904 0.410096 0
0.842 267.281 252.876 1003.71 61.5837 1509.49 141.448 0.590242 0.409758 0
0.841 266.679 252.498 1002.2 61.7995 1508.77 141.534 0.590581 0.409419 0
0.84 266.077 252.121 1000.69 62.0157 1508.06 141.62 0.590921 0.409079 0
0.839 265.476 251.744 999.182 62.2323 1507.34 141.705 0.591263 0.408737 0
0.838 264.875 251.366 997.675 62.4493 1506.62 141.791 0.591605 0.408395 0
0.837 264.275 250.989 996.169 62.6667 1505.91 141.877 0.591948 0.408052 0
0.836 263.676 250.611 994.664 62.8846 1505.19 141.963 0.592292 0.407708 0
0.835 263.077 250.234 993.159 63.1028 1504.47 142.049 0.592637 0.407363 0
0.834 262.478 249.856 991.655 63.3215 1503.76 142.135 0.592983 0.407017 0
0.833 261.88 249.479 990.152 63.5406 1503.04 142.221 0.59333 0.40667 0
0.832 261.283 249.101 988.65 63.7601 1502.32 142.307 0.593678 0.406322 0
0.831 260.686 248.723 987.148 63.98 1501.61 142.394 0.594027 0.405973 0
0.83 260.089 248.346 985.647 64.2003 1500.89 142.48 0.594377 0.405623 0
0.829 259.493 247.968 984.147 64.4211 1500.17 142.566 0.594727 0.405273 0
0.828 258.898 247.59 982.647 64.6423 1499.45 142.653 0.595079 0.404921 0
0.827 258.303 247.212 981.148 64.8639 1498.73 142.739 0.595432 0.404568 0
0.826 257.709 246.834 979.65 65.0859 1498.01 142.826 0.595786 0.404214 0
0.825 257.115 246.456 978.153 65.3083 1497.29 142.913 0.596141 0.403859 0
0.824 256.522 246.078 976.656 65.5312 1496.57 143 0.596497 0.403503 0
0.823 255.929 245.7 975.16 65.7545 1495.86 143.086 0.596854 0.403146 0
0.822 255.337 245.322 973.665 65.9782 1495.14 143.173 0.597212 0.402788 0
0.821 254.745 244.944 972.17 66.2024 1494.42 143.26 0.597571 0.402429 0
0.82 254.154 244.566 970.676 66.427 1493.7 143.347 0.597931 0.402069 0
0.819 253.563 244.188 969.183 66.652 1492.97 143.434 0.598292 0.401708 0
0.818 252.973 243.809 967.691 66.8775 1492.25 143.521 0.598654 0.401346 0
0.817 252.383 243.431 966.199 67.1034 1491.53 143.609 0.599017 0.400983 0
0.816 251.794 243.053 964.708 67.3298 1490.81 143.696 0.599382 0.400618 0
0.815 251.206 242.674 963.218 67.5565 1490.09 143.783 0.599747 0.400253 0
0.814 250.618 242.296 961.729 67.7838 1489.37 143.871 0.600113 0.399887 0
0.813 250.03 241.917 960.24 68.0114 1488.65 143.958 0.60048 0.39952 0
0.812 249.443 241.539 958.752 68.2396 1487.92 144.046 0.600849 0.399151 0
0.811 248.857 241.16 957.264 68.4681 1487.2 144.133 0.601218 0.398782 0
0.81 248.271 240.782 955.778 68.6971 1486.48 144.221 0.601589 0.398411 0
0.809 247.685 240.403 954.292 68.9266 1485.76 144.309 0.60196 0.39804 0
0.808 247.1 240.024 952.807 69.1565 1485.03 144.397 0.602333 0.397667 0
0.807 246.516 239.645 951.322 69.3869 1484.31 144.484 0.602707 0.397293 0
0.806 245.932 239.267 949.839 69.6177 1483.59 144.572 0.603081 0.396919 0
0.805 245.349 238.888 948.356 69.8489 1482.86 144.66 0.603457 0.396543 0
0.804 244.766 238.509 946.873 70.0807 1482.14 144.748 0.603834 0.396166 0
0.803 244.184 238.13 945.392 70.3128 1481.41 144.837 0.604212 0.395788 0
0.802 243.603 237.751 943.911 70.5455 1480.69 144.925 0.604591 0.395409 0
0.801 243.022 237.372 942.431 70.7786 1479.97 145.013 0.604972 0.395028 0
0.8 242.441 236.993 940.952 71.0122 1479.24 145.101 0.605353 0.394647 0
0.799 241.861 236.614 939.473 71.2462 1478.52 145.19 0.605735 0.394265 0
0.798 241.282 236.235 937.995 71.4807 1477.79 145.278 0.606119 0.393881 0
0.797 240.703 235.856 936.518 71.7157 1477.06 145.367 0.606503 0.393497 0
0.796 240.124 235.477 935.041 71.9511 1476.34 145.455 0.606889 0.393111 0
0.795 239.546 235.097 933.566 72.187 1475.61 145.544 0.607276 0.392724 0
0.794 238.969 234.718 932.091 72.4234 1474.89 145.633 0.607664 0.392336 0
0.793 238.392 234.339 930.616 72.6603 1474.16 145.721 0.608053 0.391947 0
0.792 237.816 233.959 929.143 72.8976 1473.43 145.81 0.608444 0.391556 0
0.791 237.241 233.58 927.67 73.1354 1472.71 145.899 0.608835 0.391165 0
0.79 236.665 233.2 926.198 73.3737 1471.98 145.988 0.609227 0.390773 0
0.789 236.091 232.821 924.726 73.6125 1471.25 146.077 0.609621 0.390379 0
0.788 235.517 232.441 923.256 73.8517 1470.52 146.166 0.610016 0.389984 0
0.787 234.943 232.062 921.786 74.0915 1469.8 146.255 0.610412 0.389588 0
0.786 234.371 231.682 920.317 74.3317 1469.07 146.345 0.610809 0.389191 0
0.785 233.798 231.303 918.848 74.5724 1468.34 146.434 0.611207 0.388793 0
0.784 233.226 230.923 917.38 74.8136 1467.61 146.523 0.611607 0.388393 0
0.783 232.655 230.543 915.913 75.0553 1466.88 146.613 0.612008 0.387992 0
0.782 232.084 230.163 914.447 75.2975 1466.15 146.702 0.612409 0.387591 0
0.781 231.514 229.784 912.982 75.5401 1465.42 146.792 0.612812 0.387188 0
0.78 230.945 229.404 911.517 75.7833 1464.69 146.881 0.613217 0.386783 0
0.779 230.376 229.024 910.053 76.027 1463.96 146.971 0.613622 0.386378 0
0.778 229.807 228.644 908.589 76.2712 1463.23 147.06 0.614028 0.385972 0
0.777 229.239 228.264 907.127 76.5158 1462.5 147.15 0.614436 0.385564 0
0.776 228.672 227.884 905.665 76.761 1461.77 147.24 0.614845 0.385155 0
0.775 228.105 227.504 904.204 77.0067 1461.04 147.33 0.615255 0.384745 0
0.774 227.539 227.124 902.743 77.2529 1460.31 147.42 0.615667 0.384333 0
0.773 226.973 226.744 901.283 77.4996 1459.58 147.51 0.616079 0.383921 0
0.772 226.408 226.364 899.824 77.7468 1458.85 147.6 0.616493 0.383507 0
0.771 225.843 225.984 898.366 77.9945 1458.12 147.69 0.616908 0.383092 0
0.77 225.279 225.603 896.909 78.2427 1457.39 147.78 0.617324 0.382676 0
0.769 224.716 225.223 895.452 78.4915 1456.66 147.87 0.617742 0.382258 0
0.768 224.153 224.843 893.996 78.7408 1455.92 147.961 0.61816 0.38184 0
0.767 223.591 224.462 892.541 78.9906 1455.19 148.051 0.61858 0.38142 0
0.766 223.029 224.082 891.086 79.2409 1454.46 148.141 0.619001 0.380999 0
0.765 222.468 223.702 889.632 79.4917 1453.73 148.232 0.619424 0.380576 0
0.764 221.907 223.321 888.179 79.743 1452.99 148.322 0.619847 0.380153 0
0.763 221.347 222.941 886.727 79.9949 1452.26 148.413 0.620272 0.379728 0
0.762 220.788 222.56 885.275 80.2473 1451.53 148.503 0.620698 0.379302 0
0.761 220.229 222.18 883.824 80.5003 1450.79 148.594 0.621126 0.378874 0
0.76 219.671 221.799 882.374 80.7538 1450.06 148.685 0.621555 0.378445 0
0.759 219.113 221.418 880.924 81.0078 1449.32 148.776 0.621985 0.378015 0
0.758 218.556 221.038 879.476 81.2623 1448.59 148.867 0.622416 0.377584 0
0.757 217.999 220.657 878.028 81.5174 1447.86 148.957 0.622848 0.377152 0
0.756 217.443 220.276 876.581 81.773 1447.12 149.048 0.623282 0.376718 0
0.755 216.888 219.896 875.134 82.0292 1446.39 149.139 0.623717 0.376283 0
0.754 216.333 219.515 873.688 82.2859 1445.65 149.23 0.624154 0.375846 0
0.753 215.778 219.134 872.243 82.5431 1444.92 149.322 0.624591 0.375409 0
0.752 215.225 218.753 870.799 82.8009 1444.18 149.413 0.62503 0.37497 0
0.751 214.671 218.372 869.355 83.0593 1443.44 149.504 0.625471 0.374529 0
0.75 214.119 217.991 867.913 83.3182 1442.71 149.595 0.625912 0.374088 0
0.749 213.567 217.61 866.47 83.5777 1441.97 149.687 0.626355 0.373645 0
0.748 213.015 217.229 865.029 83.8377 1441.24 149.778 0.6268 0.3732 0
0.747 212.465 216.848 863.588 84.0982 1440.5 149.87 0.627245 0.372755 0
0.746 211.914 216.467 862.149 84.3594 1439.76 149.961 0.627692 0.372308 0
0.745 211.365 216.086 860.709 84.6211 1439.03 150.053 0.628141 0.371859 0
0.744 210.816 215.705 859.271 84.8833 1438.29 150.144 0.62859 0.37141 0
0.743 210.267 215.324 857.833 85.1462 1437.55 150.236 0.629041 0.370959 0
0.742 209.719 214.943 856.396 85.4095 1436.81 150.328 0.629494 0.370506 0
0.741 209.172 214.561 854.96 85.6735 1436.08 150.419 0.629947 0.370053 0
0.74 208.625 214.18 853.525 85.938 1435.34 150.511 0.630402 0.369598 0
0.739 208.079 213.799 852.09 86.2031 1434.6 150.603 0.630859 0.369141 0
0.738 207.533 213.417 850.656 86.4688 1433.86 150.695 0.631317 0.368683 0
0.737 206.988 213.036 849.223 86.7351 1433.12 150.787 0.631776 0.368224 0
0.736 206.444 212.655 847.79 87.0019 1432.38 150.879 0.632236 0.367764 0
0.735 205.9 212.273 846.359 87.2694 1431.64 150.971 0.632698 0.367302 0
0.734 205.357 211.892 844.928 87.5374 1430.91 151.063 0.633162 0.366838 0
0.733 204.814 211.51 843.497 87.806 1430.17 151.155 0.633627 0.366373 0
0.732 204.272 211.129 842.068 88.0752 1429.43 151.248 0.634093 0.365907 0
0.731 203.731 210.747 840.639 88.3449 1428.69 151.34 0.63456 0.36544 0
0.73 203.19 210.365 839.211 88.6153 1427.95 151.432 0.635029 0.364971 0
0.729 202.65 209.984 837.783 88.8863 1427.21 151.525 0.6355 0.3645 0
0.728 202.11 209.602 836.357 89.1578 1426.47 151.617 0.635972 0.364028 0
0.727 201.571 209.22 834.931 89.43 1425.73 151.709 0.636445 0.363555 0
0.726 201.033 208.839 833.506 89.7028 1424.98 151.802 0.63692 0.36308 0
0.725 200.495 208.457 832.082 89.9761 1424.24 151.895 0.637396 0.362604 0
0.724 199.958 208.075 830.658 90.2501 1423.5 151.987 0.637873 0.362127 0
0.723 199.421 207.693 829.235 90.5247 1422.76 152.08 0.638352 0.361648 0
0.722 198.885 207.311 827.813 90.7999 1422.02 152.173 0.638833 0.361167 0
0.721 198.35 206.93 826.392 91.0757 1421.28 152.265 0.639315 0.360685 0
0.72 197.815 206.548 824.971 91.3521 1420.54 152.358 0.639798 0.360202 0
0.719 197.281 206.166 823.551 91.6292 1419.79 152.451 0.640283 0.359717 0
0.718 196.747 205.784 822.132 91.9068 1419.05 152.544 0.64077 0.35923 0
0.717 196.214 205.402 820.713 92.1851 1418.31 152.637 0.641258 0.358742 0
0.716 195.682 205.02 819.296 92.464 1417.57 152.73 0.641747 0.358253 0
0.715 195.15 204.638 817.879 92.7436 1416.82 152.823 0.642238 0.357762 0
0.714 194.619 204.256 816.463 93.0238 1416.08 152.916 0.64273 0.35727 0
0.713 194.088 203.873 815.047 93.3046 1415.34 153.009 0.643224 0.356776 0
0.712 193.558 203.491 813.632 93.586 1414.59 153.102 0.64372 0.35628 0
0.711 193.029 203.109 812.218 93.8681 1413.85 153.195 0.644217 0.355783 0
0.71 192.5 202.727 810.805 94.1508 1413.11 153.289 0.644715 0.355285 0
0.709 191.972 202.345 809.393 94.4341 1412.36 153.382 0.645215 0.354785 0
0.708 191.445 201.962 807.981 94.7181 1411.62 153.475 0.645717 0.354283 0
0.707 190.918 201.58 806.57 95.0028 1410.87 153.569 0.64622 0.35378 0
0.706 190.391 201.198 805.16 95.2881 1410.13 153.662 0.646724 0.353276 0
0.705 189.866 200.815 803.75 95.574 1409.38 153.755 0.64723 0.35277 0
0.704 189.341 200.433 802.342 95.8606 1408.64 153.849 0.647738 0.352262 0
0.703 188.816 200.051 800.934 96.1479 1407.89 153.943 0.648247 0.351753 0
0.702 188.292 199.668 799.526 96.4358 1407.15 154.036 0.648758 0.351242 0
0.701 187.769 199.286 798.12 96.7243 1406.4 154.13 0.649271 0.350729 0
0.7 187.247 198.903 796.714 97.0136 1405.66 154.223 0.649785 0.350215 0
0.699 186.725 198.521 795.309 97.3035 1404.91 154.317 0.6503 0.3497 0
0.698 186.204 198.138 793.905 97.5941 1404.17 154.411 0.650818 0.349182 0
0.697 185.683 197.756 792.501 97.8853 1403.42 154.505 0.651336 0.348664 0
0.696 185.163 197.373 791.098 98.1772 1402.67 154.598 0.651857 0.348143 0
0.695 184.643 196.99 789.696 98.4698 1401.93 154.692 0.652379 0.347621 0
0.694 184.125 196.608 788.295 98.7631 1401.18 154.786 0.652902 0.347098 0
0.693 183.606 196.225 786.894 99.057 1400.43 154.88 0.653428 0.346572 0
0.692 183.089 195.842 785.495 99.3517 1399.69 154.974 0.653955 0.346045 0
0.691 182.572 195.46 784.096 99.647 1398.94 155.068 0.654483 0.345517 0
0.69 182.056 195.077 782.697 99.943 1398.19 155.162 0.655013 0.344987 0
0.689 181.54 194.694 781.3 100.24 1397.45 155.256 0.655545 0.344455 0
0.688 181.025 194.311 779.903 100.537 1396.7 155.35 0.656079 0.343921 0
0.687 180.511 193.928 778.507 100.835 1395.95 155.444 0.656614 0.343386 0
0.686 179.997 193.545 777.112 101.134 1395.2 155.539 0.657151 0.342849 0
0.685 179.484 193.163 775.717 101.434 1394.45 155.633 0.657689 0.342311 0
0.684 178.972 192.78 774.323 101.734 1393.71 155.727 0.658229 0.341771 0
0.683 178.46 192.397 772.93 102.035 1392.96 155.821 0.658771 0.341229 0
0.682 177.949 192.014 771.538 102.336 1392.21 155.916 0.659315 0.340685 0
0.681 177.438 191.631 770.146 102.639 1391.46 156.01 0.65986 0.34014 0
0.68 176.928 191.248 768.755 102.942 1390.71 156.104 0.660407 0.339593 0
0.679 176.419 190.865 767.365 103.245 1389.96 156.199 0.660956 0.339044 0
0.678 175.91 190.482 765.976 103.55 1389.21 156.293 0.661506 0.338494 0
0.677 175.402 190.099 764.587 103.855 1388.46 156.388 0.662058 0.337942 0
0.676 174.895 189.715 763.2 104.161 1387.71 156.482 0.662612 0.337388 0
0.675 174.388 189.332 761.813 104.468 1386.96 156.577 0.663168 0.336832 0
0.674 173.882 188.949 760.426 104.775 1386.21 156.671 0.663725 0.336275 0
0.673 173.377 188.566 759.041 105.083 1385.46 156.766 0.664284 0.335716 0
0.672 172.872 188.183 757.656 105.392 1384.71 156.86 0.664845 0.335155 0
0.671 172.368 187.799 756.272 105.702 1383.96 156.955 0.665408 0.334592 0
0.67 171.865 187.416 754.888 106.012 1383.21 157.05 0.665972 0.334028 0
0.669 171.362 187.033 753.506 106.323 1382.46 157.144 0.666538 0.333462 0
0.668 170.86 186.65 752.124 106.635 1381.71 157.239 0.667106 0.332894 0
0.667 170.358 186.266 750.743 106.948 1380.96 157.334 0.667676 0.332324 0
0.666 169.857 185.883 749.363 107.261 1380.21 157.429 0.668248 0.331752 0
0.665 169.357 185.499 747.983 107.575 1379.46 157.523 0.668821 0.331179 0
0.664 168.858 185.116 746.604 107.89 1378.71 157.618 0.669396 0.330604 0
0.663 168.359 184.733 745.226 108.206 1377.96 157.713 0.669973 0.330027 0
0.662 167.861 184.349 743.849 108.522 1377.2 157.808 0.670552 0.329448 0
0.661 167.363 183.966 742.472 108.84 1376.45 157.903 0.671133 0.328867 0
0.66 166.866 183.582 741.097 109.158 1375.7 157.998 0.671715 0.328285 0
0.659 166.37 183.199 739.721 109.476 1374.95 158.093 0.6723 0.3277 0
0.658 165.875 182.815 738.347 109.796 1374.2 158.188 0.672886 0.327114 0
0.657 165.38 182.432 736.974 110.116 1373.45 158.283 0.673474 0.326526 0
0.656 164.886 182.048 735.601 110.437 1372.69 158.378 0.674064 0.325936 0
0.655 164.392 181.664 734.229 110.759 1371.94 158.473 0.674656 0.325344 0
0.654 163.899 181.281 732.857 111.082 1371.19 158.568 0.67525 0.32475 0
0.653 163.407 180.897 731.487 111.405 1370.43 158.663 0.675845 0.324155 0
0.652 162.915 180.513 730.117 111.73 1369.68 158.758 0.676443 0.323557 0
0.651 162.425 180.13 728.748 112.055 1368.93 158.853 0.677042 0.322958 0
0.65 161.934 179.746 727.38 112.381 1368.18 158.948 0.677644 0.322356 0
0.649 161.445 179.362 726.012 112.707 1367.42 159.043 0.678247 0.321753 0
0.648 160.956 178.978 724.645 113.035 1366.67 159.138 0.678852 0.321148 0
0.647 160.468 178.595 723.279 113.363 1365.92 159.233 0.679459 0.320541 0
0.646 159.98 178.211 721.914 113.692 1365.16 159.329 0.680068 0.319932 0
0.645 159.494 177.827 720.55 114.022 1364.41 159.424 0.680679 0.319321 0
0.644 159.007 177.443 719.186 114.353 1363.65 159.519 0.681292 0.318708 0
0.643 158.522 177.059 717.823 114.685 1362.9 159.614 0.681907 0.318093 0
0.642 158.037 176.675 716.461 115.017 1362.15 159.709 0.682524 0.317476 0
0.641 157.553 176.291 715.099 115.351 1361.39 159.805 0.683143 0.316857 0
0.64 157.07 175.907 713.738 115.685 1360.64 159.9 0.683764 0.316236 0
0.639 156.587 175.523 712.378 116.02 1359.88 159.995 0.684387 0.315613 0
0.638 156.105 175.139 711.019 116.356 1359.13 160.091 0.685012 0.314988 0
0.637 155.624 174.755 709.661 116.692 1358.37 160.186 0.685639 0.314361 0
0.636 155.143 174.371 708.303 117.03 1357.62 160.281 0.686268 0.313732 0
0.635 154.663 173.987 706.946 117.368 1356.86 160.376 0.686899 0.313101 0
0.634 154.184 173.603 705.59 117.707 1356.11 160.472 0.687532 0.312468 0
0.633 153.705 173.219 704.234 118.047 1355.35 160.567 0.688167 0.311833 0
0.632 153.227 172.835 702.88 118.388 1354.6 160.662 0.688804 0.311196 0
0.631 152.75 172.451 701.526 118.73 1353.84 160.758 0.689444 0.310556 0
0.63 152.273 172.067 700.173 119.073 1353.09 160.853 0.690085 0.309915 0
0.629 151.797 171.683 698.82 119.417 1352.33 160.948 0.690728 0.309272 0
0.628 151.322 171.298 697.468 119.761 1351.58 161.044 0.691374 0.308626 0
0.627 150.848 170.914 696.117 120.106 1350.82 161.139 0.692021 0.307979 0
0.626 150.374 170.53 694.767 120.453 1350.07 161.235 0.692671 0.307329 0
0.625 149.901 170.146 693.418 120.8 1349.31 161.33 0.693323 0.306677 0
0.624 149.429 169.762 692.069 121.148 1348.55 161.425 0.693977 0.306023 0
0.623 148.957 169.377 690.721 121.497 1347.8 161.521 0.694633 0.305367 0
0.622 148.486 168.993 689.374 121.847 1347.04 161.616 0.695291 0.304709 0
0.621 148.016 168.609 688.028 122.197 1346.29 161.711 0.695951 0.304049 0
0.62 147.546 168.224 686.682 122.549 1345.53 161.807 0.696614 0.303386 0
0.619 147.077 167.84 685.337 122.901 1344.77 161.902 0.697278 0.302722 0
0.618 146.609 167.455 683.993 123.255 1344.02 161.998 0.697945 0.302055 0
0.617 146.142 167.071 682.65 123.609 1343.26 162.093 0.698614 0.301386 0
0.616 145.675 166.687 681.307 123.965 1342.5 162.188 0.699285 0.300715 0
0.615 145.209 166.302 679.965 124.321 1341.75 162.284 0.699958 0.300042 0
0.614 144.744 165.918 678.624 124.678 1340.99 162.379 0.700634 0.299366 0
0.613 144.279 165.533 677.284 125.036 1340.23 162.474 0.701312 0.298688 0
0.612 143.815 165.149 675.944 125.395 1339.48 162.57 0.701992 0.298008 0
0.611 143.352 164.764 674.606 125.755 1338.72 162.665 0.702674 0.297326 0
0.61 142.89 164.38 673.267 126.116 1337.96 162.76 0.703358 0.296642 0
0.609 142.428 163.995 671.93 126.478 1337.21 162.856 0.704045 0.295955 0
0.608 141.967 163.61 670.594 126.841 1336.45 162.951 0.704734 0.295266 0
0.607 141.506 163.226 669.258 127.205 1335.69 163.046 0.705425 0.294575 0
0.606 141.047 162.841 667.923 127.569 1334.93 163.142 0.706119 0.293881 0
0.605 140.588 162.457 666.588 127.935 1334.18 163.237 0.706815 0.293185 0
0.604 140.13 162.072 665.255 128.302 1333.42 163.332 0.707513 0.292487 0
0.603 139.672 161.687 663.922 128.67 1332.66 163.428 0.708213 0.291787 0
0.602 139.216 161.302 662.59 129.038 1331.9 163.523 0.708916 0.291084 0
0.601 138.76 160.918 661.259 129.408 1331.15 163.618 0.709621 0.290379 0
0.6 138.304 160.533 659.928 129.778 1330.39 163.713 0.710328 0.289672 0
0.599 137.85 160.148 658.599 130.15 1329.63 163.808 0.711038 0.288962 0
0.598 137.396 159.763 657.27 130.523 1328.87 163.904 0.71175 0.28825 0
0.597 136.943 159.379 655.942 130.896 1328.11 163.999 0.712464 0.287536 0
0.596 136.491 158.994 654.614 131.271 1327.36 164.094 0.713181 0.286819 0
0.595 136.039 158.609 653.287 131.647 1326.6 164.189 0.7139 0.2861 0
0.594 135.588 158.224 651.961 132.023 1325.84 164.284 0.714622 0.285378 0
0.593 135.138 157.839 650.636 132.401 1325.08 164.379 0.715346 0.284654 0
0.592 134.689 157.454 649.312 132.78 1324.32 164.475 0.716072 0.283928 0
0.591 134.24 157.069 647.988 133.159 1323.57 164.57 0.716801 0.283199 0
0.59 133.792 156.684 646.665 133.54 1322.81 164.665 0.717532 0.282468 0
0.589 133.345 156.299 645.343 133.922 1322.05 164.76 0.718266 0.281734 0
0.588 132.898 155.914 644.022 134.305 1321.29 164.855 0.719002 0.280998 0
0.587 132.453 155.529 642.701 134.688 1320.53 164.95 0.71974 0.28026 0
0.586 132.008 155.144 641.381 135.073 1319.78 165.045 0.720481 0.279519 0
0.585 131.563 154.759 640.062 135.459 1319.02 165.139 0.721225 0.278775 0
0.584 131.12 154.374 638.744 135.846 1318.26 165.234 0.721971 0.278029 0
0.583 130.677 153.989 637.426 136.234 1317.5 165.329 0.722719 0.277281 0
0.582 130.235 153.604 636.109 136.623 1316.74 165.424 0.72347 0.27653 0
0.581 129.794 153.219 634.793 137.014 1315.98 165.519 0.724223 0.275777 0
0.58 129.353 152.834 633.478 137.405 1315.23 165.614 0.724979 0.275021 0
0.579 128.913 152.449 632.163 137.797 1314.47 165.708 0.725738 0.274262 0
0.578 128.474 152.064 630.849 138.191 1313.71 165.803 0.726499 0.273501 0
0.577 128.036 151.678 629.536 138.585 1312.95 165.898 0.727263 0.272737 0
0.576 127.599 151.293 628.224 138.981 1312.19 165.992 0.728029 0.271971 0
0.575 127.162 150.908 626.913 139.377 1311.43 166.087 0.728797 0.271203 0
0.574 126.726 150.523 625.602 139.775 1310.68 166.182 0.729569 0.270431 0
0.573 126.291 150.137 624.292 140.174 1309.92 166.276 0.730343 0.269657 0
0.572 125.856 149.752 622.983 140.574 1309.16 166.371 0.731119 0.268881 0
0.571 125.422 149.367 621.674 140.975 1308.4 166.465 0.731898 0.268102 0
0.57 124.989 148.981 620.366 141.378 1307.64 166.56 0.73268 0.26732 0
0.569 124.557 148.596 619.059 141.781 1306.88 166.654 0.733465 0.266535 0
0.568 124.126 148.21 617.753 142.185 1306.12 166.748 0.734252 0.265748 0
0.567 123.695 147.825 616.448 142.591 1305.37 166.843 0.735041 0.264959 0
0.566 123.265 147.44 615.143 142.998 1304.61 166.937 0.735834 0.264166 0
0.565 122.836 147.054 613.839 143.406 1303.85 167.031 0.736629 0.263371 0
0.564 122.407 146.669 612.536 143.815 1303.09 167.125 0.737426 0.262574 0
0.563 121.98 146.283 611.233 144.225 1302.33 167.219 0.738227 0.261773 0
0.562 121.553 145.898 609.932 144.636 1301.57 167.313 0.73903 0.26097 0
0.561 121.127 145.512 608.631 145.049 1300.82 167.407 0.739836 0.260164 0
0.56 120.702 145.126 607.331 145.463 1300.06 167.501 0.740645 0.259355 0
0.559 120.277 144.741 606.031 145.877 1299.3 167.595 0.741456 0.258544 0
0.558 119.853 144.355 604.733 146.294 1298.54 167.689 0.74227 0.25773 0
0.557 119.43 143.97 603.435 146.711 1297.78 167.783 0.743087 0.256913 0
0.556 119.008 143.584 602.138 147.129 1297.02 167.877 0.743907 0.256093 0
0.555 118.587 143.198 600.841 147.549 1296.27 167.97 0.744729 0.255271 0
0.554 118.166 142.812 599.546 147.97 1295.51 168.064 0.745554 0.254446 0
0.553 117.746 142.427 598.251 148.392 1294.75 168.158 0.746382 0.253618 0
0.552 117.327 142.041 596.957 148.815 1293.99 168.251 0.747213 0.252787 0
0.551 116.908 141.655 595.663 149.239 1293.23 168.345 0.748047 0.251953 0
0.55 116.491 141.269 594.371 149.665 1292.48 168.438 0.748883 0.251117 0
0.549 116.074 140.884 593.079 150.092 1291.72 168.531 0.749723 0.250277 0
0.548 115.658 140.498 591.788 150.52 1290.96 168.625 0.750565 0.249435 0
0.547 115.243 140.112 590.498 150.949 1290.2 168.718 0.75141 0.24859 0
0.546 114.828 139.726 589.208 151.38 1289.44 168.811 0.752258 0.247742 0
0.545 114.415 139.34 587.919 151.812 1288.69 168.904 0.753109 0.246891 0
0.544 114.002 138.954 586.631 152.245 1287.93 168.997 0.753963 0.246037 0
0.543 113.59 138.568 585.344 152.679 1287.17 169.09 0.75482 0.24518 0
0.542 113.179 138.182 584.057 153.115 1286.41 169.183 0.75568 0.24432 0
0.541 112.768 137.796 582.772 153.552 1285.66 169.276 0.756542 0.243458 0
0.54 112.359 137.41 581.487 153.99 1284.9 169.368 0.757408 0.242592 0
0.539 111.95 137.024 580.202 154.429 1284.14 169.461 0.758276 0.241724 0
0.538 111.542 136.638 578.919 154.87 1283.38 169.554 0.759148 0.240852 0
0.537 111.134 136.251 577.636 155.312 1282.63 169.646 0.760023 0.239977 0
0.536 110.728 135.865 576.354 155.755 1281.87 169.739 0.7609 0.2391 0
0.535 110.322 135.479 575.073 156.2 1281.11 169.831 0.761781 0.238219 0
0.534 109.917 135.093 573.793 156.646 1280.36 169.923 0.762665 0.237335 0
0.533 109.513 134.706 572.513 157.093 1279.6 170.016 0.763551 0.236449 0
0.532 109.11 134.32 571.234 157.541 1278.84 170.108 0.764441 0.235559 0
0.531 108.707 133.934 569.956 157.991 1278.08 170.2 0.765334 0.234666 0
0.53 108.306 133.547 568.678 158.442 1277.33 170.292 0.76623 0.23377 0
0.529 107.905 133.161 567.402 158.895 1276.57 170.384 0.767129 0.232871 0
0.528 107.505 132.775 566.126 159.349 1275.82 170.475 0.768031 0.231969 0
0.527 107.105 132.388 564.851 159.804 1275.06 170.567 0.768936 0.231064 0
0.526 106.707 132.002 563.576 160.26 1274.3 170.659 0.769844 0.230156 0
0.525 106.309 131.615 562.302 160.718 1273.55 170.75 0.770756 0.229244 0
0.524 105.912 131.229 561.03 161.177 1272.79 170.842 0.77167 0.22833 0
0.523 105.516 130.842 559.757 161.638 1272.03 170.933 0.772588 0.227412 0
0.522 105.121 130.455 558.486 162.1 1271.28 171.024 0.773509 0.226491 0
0.521 104.727 130.069 557.215 162.563 1270.52 171.115 0.774434 0.225566 0
0.52 104.333 129.682 555.946 163.028 1269.77 171.206 0.775361 0.224639 0
0.519 103.94 129.295 554.676 163.494 1269.01 171.297 0.776292 0.223708 0
0.518 103.548 128.909 553.408 163.962 1268.26 171.388 0.777225 0.222775 0
0.517 103.157 128.522 552.141 164.431 1267.5 171.479 0.778162 0.221838 0
0.516 102.767 128.135 550.874 164.901 1266.75 171.569 0.779103 0.220897 0
0.515 102.378 127.748 549.608 165.373 1265.99 171.66 0.780046 0.219954 0
0.514 101.989 127.361 548.342 165.846 1265.24 171.75 0.780993 0.219007 0
0.513 101.601 126.974 547.078 166.321 1264.48 171.841 0.781944 0.218056 0
0.512 101.214 126.587 545.814 166.797 1263.73 171.931 0.782897 0.217103 0
0.511 100.828 126.2 544.551 167.274 1262.97 172.021 0.783854 0.216146 0
0.51 100.442 125.813 543.288 167.753 1262.22 172.111 0.784814 0.215186 0
0.509 100.058 125.426 542.027 168.234 1261.46 172.201 0.785778 0.214222 0
0.508 99.6741 125.039 540.766 168.716 1260.71 172.291 0.786745 0.213255 0
0.507 99.2912 124.652 539.506 169.199 1259.96 172.38 0.787715 0.212285 0
0.506 98.9091 124.265 538.247 169.684 1259.2 172.47 0.788689 0.211311 0
0.505 98.5279 123.877 536.988 170.17 1258.45 172.559 0.789666 0.210334 0
0.504 98.1475 123.49 535.73 170.658 1257.69 172.648 0.790646 0.209354 0
0.503 97.7679 123.103 534.473 171.147 1256.94 172.738 0.79163 0.20837 0
0.502 97.3892 122.715 533.217 171.638 1256.19 172.827 0.792617 0.207383 0
0.501 97.0113 122.328 531.961 172.13 1255.43 172.916 0.793608 0.206392 0
0.5 96.6342 121.941 530.707 172.624 1254.68 173.004 0.794602 0.205398 0
0.499 96.258 121.553 529.453 173.119 1253.93 173.093 0.7956 0.2044 0
0.498 95.8826 121.166 528.199 173.616 1253.18 173.181 0.796602 0.203398 0
0.497 95.5081 120.778 526.947 174.114 1252.42 173.27 0.797606 0.202394 0
0.496 95.1343 120.39 525.695 174.614 1251.67 173.358 0.798615 0.201385 0
0.495 94.7615 120.003 524.444 175.116 1250.92 173.446 0.799626 0.200374 0
0.494 94.3894 119.615 523.194 175.619 1250.17 173.534 0.800642 0.199358 0
0.493 94.0182 119.227 521.944 176.123 1249.42 173.622 0.801661 0.198339 0
0.492 93.6479 118.839 520.695 176.629 1248.67 173.71 0.802683 0.197317 0
0.491 93.2784 118.451 519.447 177.137 1247.91 173.797 0.80371 0.19629 0
0.49 92.9097 118.063 518.2 177.646 1247.16 173.885 0.804739 0.195261 0
0.489 92.5419 117.675 516.954 178.157 1246.41 173.972 0.805773 0.194227 0
0.488 92.1749 117.287 515.708 178.669 1245.66 174.059 0.80681 0.19319 0
0.487 91.8088 116.899 514.463 179.183 1244.91 174.146 0.80785 0.19215 0
0.486 91.4436 116.511 513.219 179.699 1244.16 174.233 0.808895 0.191105 0
0.485 91.0791 116.123 511.975 180.216 1243.41 174.319 0.809943 0.190057 0
0.484 90.7156 115.735 510.732 180.735 1242.66 174.406 0.810994 0.189006 0
0.483 90.3528 115.346 509.49 181.256 1241.91 174.492 0.81205 0.18795 0
0.482 89.991 114.958 508.249 181.778 1241.16 174.578 0.813109 0.186891 0
0.481 89.63 114.57 507.008 182.301 1240.41 174.664 0.814172 0.185828 0
0.48 89.2698 114.181 505.769 182.827 1239.66 174.75 0.815238 0.184762 0
0.479 88.9105 113.793 504.53 183.354 1238.91 174.836 0.816309 0.183691 0
0.478 88.552 113.404 503.291 183.883 1238.17 174.921 0.817383 0.182617 0
0.477 88.1944 113.015 502.054 184.413 1237.42 175.006 0.818461 0.181539 0
0.476 87.8377 112.627 500.817 184.945 1236.67 175.092 0.819543 0.180457 0
0.475 87.4818 112.238 499.581 185.479 1235.92 175.177 0.820628 0.179372 0
0.474 87.1268 111.849 498.346 186.014 1235.17 175.261 0.821718 0.178282 0
0.473 86.7726 111.46 497.111 186.551 1234.43 175.346 0.822811 0.177189 0
0.472 86.4193 111.071 495.877 187.09 1233.68 175.43 0.823908 0.176092 0
0.471 86.0668 110.682 494.644 187.631 1232.93 175.515 0.825009 0.174991 0
0.47 85.7152 110.293 493.412 188.173 1232.19 175.599 0.826114 0.173886 0
0.469 85.3645 109.904 492.181 188.717 1231.44 175.682 0.827223 0.172777 0
0.468 85.0146 109.515 490.95 189.263 1230.69 175.766 0.828336 0.171664 0
0.467 84.6656 109.125 489.72 189.81 1229.95 175.849 0.829453 0.170547 0
0.466 84.3175 108.736 488.49 190.36 1229.2 175.933 0.830573 0.169427 0
0.465 83.9702 108.347 487.262 190.911 1228.46 176.016 0.831698 0.168302 0
0.464 83.6238 107.957 486.034 191.463 1227.71 176.099 0.832826 0.167174 0
0.463 83.2782 107.567 484.807 192.018 1226.97 176.181 0.833959 0.166041 0
0.462 82.9335 107.178 483.581 192.574 1226.22 176.264 0.835096 0.164904 0
0.461 82.5897 106.788 482.355 193.132 1225.48 176.346 0.836236 0.163764 0
0.46 82.2468 106.398 481.13 193.692 1224.73 176.428 0.837381 0.162619 0
0.459 81.9047 106.008 479.906 194.254 1223.99 176.51 0.83853 0.16147 0
0.458 81.5634 105.618 478.683 194.817 1223.24 176.591 0.839683 0.160317 0
0.457 81.2231 105.228 477.46 195.383 1222.5 176.673 0.840839 0.159161 0
0.456 80.8836 104.838 476.238 195.95 1221.76 176.754 0.842 0.158 0
0.455 80.545 104.448 475.017 196.519 1221.02 176.835 0.843166 0.156834 0
0.454 80.2072 104.058 473.797 197.09 1220.27 176.915 0.844335 0.155665 0
0.453 79.8703 103.667 472.577 197.662 1219.53 176.996 0.845508 0.154492 0
0.452 79.5343 103.277 471.358 198.237 1218.79 177.076 0.846686 0.153314 0
0.451 79.1992 102.886 470.14 198.813 1218.05 177.156 0.847867 0.152133 0
0.45 78.8649 102.496 468.922 199.392 1217.31 177.236 0.849053 0.150947 0
0.449 78.5315 102.105 467.706 199.972 1216.56 177.315 0.850243 0.149757 0
0.448 78.1989 101.714 466.49 200.554 1215.82 177.394 0.851438 0.148562 0
0.447 77.8673 101.323 465.275 201.138 1215.08 177.473 0.852636 0.147364 0
0.446 77.5365 100.932 464.06 201.724 1214.34 177.552 0.853839 0.146161 0
0.445 77.2065 100.541 462.846 202.312 1213.6 177.63 0.855046 0.144954 0
0.444 76.8775 100.15 461.633 202.901 1212.86 177.708 0.856257 0.143743 0
0.443 76.5493 99.7585 460.421 203.493 1212.12 177.786 0.857473 0.142527 0
0.442 76.222 99.3671 459.21 204.087 1211.38 177.864 0.858693 0.141307 0
0.441 75.8955 98.9756 457.999 204.682 1210.64 177.941 0.859917 0.140083 0
0.44 75.5699 98.584 456.789 205.28 1209.91 178.018 0.861146 0.138854 0
0.439 75.2452 98.1923 455.58 205.879 1209.17 178.095 0.862378 0.137622 0
0.438 74.9213 97.8006 454.371 206.481 1208.43 178.171 0.863616 0.136384 0
0.437 74.5984 97.4086 453.163 207.084 1207.69 178.247 0.864857 0.135143 0
0.436 74.2762 97.0166 451.956 207.69 1206.95 178.323 0.866103 0.133897 0
0.435 73.955 96.6245 450.75 208.297 1206.22 178.399 0.867353 0.132647 0
0.434 73.6346 96.2323 449.544 208.906 1205.48 178.474 0.868608 0.131392 0
0.433 73.3151 95.84 448.339 209.518 1204.74 178.549 0.869867 0.130133 0
0.432 72.9964 95.4475 447.135 210.131 1204.01 178.623 0.871131 0.128869 0
0.431 72.6787 95.055 445.932 210.747 1203.27 178.698 0.872399 0.127601 0
0.43 72.3617 94.6623 444.729 211.365 1202.54 178.772 0.873671 0.126329 0
0.429 72.0457 94.2695 443.527 211.984 1201.8 178.845 0.874948 0.125052 0
0.428 71.7305 93.8766 442.326 212.606 1201.07 178.918 0.87623 0.12377 0
0.427 71.4161 93.4836 441.125 213.23 1200.33 178.991 0.877516 0.122484 0
0.426 71.1027 93.0904 439.926 213.855 1199.6 179.064 0.878806 0.121194 0
0.425 70.79 92.6972 438.727 214.483 1198.86 179.136 0.880101 0.119899 0
0.424 70.4783 92.3038 437.528 215.113 1198.13 179.207 0.8814 0.1186 0
0.423 70.1674 91.9102 436.331 215.746 1197.4 179.279 0.882704 0.117296 0
0.422 69.8573 91.5166 435.134 216.38 1196.66 179.35 0.884013 0.115987 0
0.421 69.5481 91.1228 433.938 217.016 1195.93 179.42 0.885326 0.114674 0
0.42 69.2398 90.7289 432.743 217.655 1195.2 179.49 0.886644 0.113356 0
0.419 68.9323 90.3349 431.548 218.296 1194.46 179.56 0.887966 0.112034 0
0.418 68.6256 89.9407 430.354 218.939 1193.73 179.629 0.889292 0.110708 0
0.417 68.3198 89.5464 429.161 219.584 1193 179.698 0.890624 0.109376 0
0.416 68.0148 89.152 427.969 220.231 1192.27 179.767 0.89196 0.10804 0
0.415 67.7107 88.7574 426.777 220.88 1191.54 179.834 0.8933 0.1067 0
0.414 67.4074 88.3627 425.586 221.532 1190.81 179.902 0.894645 0.105355 0
0.413 67.1049 87.9678 424.396 222.186 1190.07 179.969 0.895995 0.104005 0
0.412 66.8033 87.5728 423.206 222.842 1189.34 180.035 0.897349 0.102651 0
0.411 66.5025 87.1777 422.017 223.5 1188.61 180.101 0.898708 0.101292 0
0.41 66.2025 86.7824 420.829 224.161 1187.88 180.167 0.900072 0.0999283 0
0.409 65.9033 86.3869 419.642 224.823 1187.15 180.231 0.90144 0.0985601 0
0.408 65.605 85.9913 418.456 225.489 1186.42 180.296 0.902813 0.0971874 0
0.407 65.3074 85.5956 417.27 226.156 1185.69 180.359 0.90419 0.09581 0
0.406 65.0107 85.1997 416.085 226.826 1184.96 180.422 0.905572 0.094428 0
0.405 64.7147 84.8037 414.9 227.498 1184.23 180.485 0.906959 0.0930414 0
0.404 64.4196 84.4075 413.716 228.172 1183.51 180.547 0.90835 0.0916502 0
0.403 64.1252 84.0111 412.534 228.848 1182.78 180.608 0.909746 0.0902544 0
0.402 63.8316 83.6146 411.351 229.527 1182.05 180.668 0.911146 0.088854 0
0.401 63.5388 83.2179 410.17 230.209 1181.32 180.728 0.912551 0.087449 0
0.4 63.2467 82.8211 408.989 230.892 1180.59 180.787 0.913961 0.0860395 0
0.399 62.9554 82.4241 407.809 231.579 1179.86 180.845 0.915375 0.0846254 0
0.398 62.6648 82.0269 406.63 232.267 1179.13 180.902 0.916793 0.0832068 0
0.397 62.3749 81.6296 405.451 232.958 1178.4 180.959 0.918216 0.0817837 0
0.396 62.0858 81.2321 404.273 233.651 1177.67 181.014 0.919644 0.0803561 0
0.395 61.7973 80.8344 403.096 234.347 1176.95 181.069 0.921076 0.0789241 0
0.394 61.5096 80.4366 401.92 235.045 1176.22 181.122 0.922512 0.0774876 0
0.393 61.2225 80.0386 400.744 235.746 1175.49 181.175 0.923953 0.0760468 0
0.392 60.936 79.6404 399.569 236.45 1174.76 181.226 0.925398 0.0746017 0
0.391 60.6501 79.242 398.395 237.156 1174.03 181.276 0.926848 0.0731523 0
0.39 60.3649 78.8435 397.221 237.864 1173.3 181.324 0.928301 0.0716987 0
0.389 60.0802 78.4448 396.049 238.575 1172.57 181.371 0.929759 0.0702409 0
0.388 59.796 78.046 394.876 239.289 1171.84 181.417 0.931221 0.0687792 0
0.387 59.5122 77.647 393.705 240.005 1171.1 181.46 0.932686 0.0673136 0
0.386 59.2289 77.2478 392.535 240.724 1170.37 181.502 0.934156 0.0658441 0
0.385 58.9459 76.8484 391.365 241.446 1169.64 181.542 0.935629 0.0643711 0
0.384 58.6632 76.4489 390.196 242.171 1168.9 181.578 0.937105 0.0628946 0
0.383 58.3806 76.0492 389.027 242.899 1168.17 181.612 0.938585 0.0614151 0
0.382 58.0979 75.6493 387.859 243.63 1167.43 181.643 0.940067 0.0599327 0
0.381 57.815 75.2493 386.692 244.364 1166.69 181.669 0.941552 0.058448 0
0.38 57.5315 74.8491 385.526 245.102 1165.94 181.69 0.943038 0.0569617 0
0.379 57.2468 74.4489 384.361 245.843 1165.19 181.703 0.944525 0.0554748 0
0.378 56.9599 74.0483 383.196 246.59 1164.43 181.704 0.946011 0.0539893 0
0.377 56.6667 73.6478 382.032 247.344 1163.66 181.681 0.94749 0.0525103 0
0.376 56.3479 73.2473 380.868 248.119 1162.81 181.564 0.948919 0.0510809 0
0.375 56.0256 72.847 379.705 248.898 1161.95 181.431 0.950332 0.0496683 0
0.374 55.7038 72.4468 378.543 249.68 1161.09 181.297 0.951744 0.048256 0
0.373 55.3825 72.0467 377.382 250.464 1160.23 181.162 0.953156 0.0468441 0
0.372 55.0616 71.6469 376.222 251.252 1159.36 181.026 0.954567 0.0454329 0
0.371 54.7411 71.2472 375.063 252.042 1158.5 180.889 0.955977 0.0440227 0
0.37 54.421 70.8477 373.904 252.836 1157.64 180.752 0.957386 0.0426136 0
0.369 54.1013 70.4483 372.747 253.633 1156.77 180.613 0.958794 0.0412059 0
0.368 53.7819 70.0492 371.59 254.432 1155.9 180.474 0.9602 0.0398 0
0.367 53.4629 69.6502 370.434 255.235 1155.03 180.334 0.961604 0.0383961 0
0.366 53.1442 69.2515 369.279 256.041 1154.16 180.192 0.963005 0.0369946 0
0.365 52.8257 68.8529 368.125 256.85 1153.29 180.05 0.964404 0.0355957 0
0.364 52.5075 68.4546 366.971 257.662 1152.41 179.906 0.9658 0.0341999 0
0.363 52.1896 68.0564 365.819 258.477 1151.54 179.762 0.967192 0.0328076 0
0.362 51.8718 67.6585 364.667 259.295 1150.66 179.616 0.968581 0.0314191 0
0.361 51.5541 67.2608 363.517 260.117 1149.78 179.47 0.969965 0.0300351 0
0.36 51.2366 66.8634 362.367 260.942 1148.9 179.322 0.971344 0.0286558 0
0.359 50.9192 66.4662 361.218 261.77 1148.01 179.173 0.972718 0.027282 0
0.358 50.6017 66.0693 360.07 262.601 1147.13 179.022 0.974086 0.0259142 0
0.357 50.2843 65.6726 358.923 263.436 1146.24 178.871 0.975447 0.024553 0
0.356 49.9668 65.2762 357.776 264.274 1145.35 178.718 0.976801 0.0231991 0
0.355 49.6491 64.8801 356.631 265.116 1144.45 178.563 0.978147 0.0218533 0
0.354 49.3312 64.4842 355.487 265.96 1143.55 178.407 0.979484 0.0205164 0
0.353 49.0131 64.0887 354.343 266.809 1142.65 178.25 0.980811 0.0191894 0
0.352 48.6946 63.6935 353.2 267.66 1141.75 178.091 0.982127 0.0178733 0
0.351 48.3756 63.2987 352.058 268.515 1140.84 177.93 0.983431 0.0165693 0
0.35 48.0561 62.9041 350.918 269.374 1139.92 177.768 0.984721 0.0152786 0
0.349 47.7359 62.51 349.778 270.236 1139.01 177.604 0.985997 0.0140027 0
0.348 47.4149 62.1162 348.638 271.102 1138.08 177.438 0.987257 0.0127433 0
0.347 47.093 61.7228 347.5 271.972 1137.16 177.27 0.988498 0.0115023 0
0.346 46.7699 61.3298 346.363 272.845 1136.22 177.099 0.989718 0.0102819 0
0.345 46.4455 60.9373 345.227 273.722 1135.28 176.926 0.990915 0.00908465 0
0.344 46.1194 60.5452 344.091 274.603 1134.33 176.751 0.992086 0.00791366 0
0.343 45.7915 60.1537 342.957 275.487 1133.38 176.572 0.993227 0.00677264 0
0.342 45.4612 59.7626 341.824 276.375 1132.41 176.391 0.994334 0.00566618 0
0.341 45.1282 59.3721 340.691 277.268 1131.43 176.206 0.9954 0.00460005 0
0.34 44.7917 58.9822 339.56 278.164 1130.44 176.017 0.996418 0.00358182 0
0.339 44.4509 58.5929 338.429 279.064 1129.44 175.823 0.997378 0.00262182 0
0.338 44.1045 58.2044 337.299 279.969 1128.41 175.623 0.998265 0.00173511 0
0.337 43.7503 57.8166 336.171 280.877 1127.36 175.417 0.999054 0.000946051 0
0.336 43.3841 57.4296 335.043 281.79 1126.27 175.199 0.999697 0.00030265 0
0.335 42.9883 57.0438 333.917 282.707 1125.09 174.958 1 0 0
0.334 42.5667 56.6593 332.792 283.628 1123.83 174.696 1 0 0
0.333 42.1473 56.2763 331.668 284.555 1122.57 174.434 1 0 0
0.332 41.73 55.8948 330.545 285.488 1121.31 174.17 1 0 0
0.331 41.3148 55.5148 329.424 286.427 1120.06 173.906 1 0 0
0.33 40.9017 55.1362 328.303 287.371 1118.8 173.641 1 0 0
0.329 40.4908 54.7592 327.184 288.322 1117.55 173.374 1 0 0
0.328 40.082 54.3837 326.067 289.279 1116.31 173.107 1 0 0
0.327 39.6754 54.0097 324.95 290.241 1115.06 172.839 1 0 0
0.326 39.2709 53.6372 323.835 291.21 1113.82 172.57 1 0 0
0.325 38.8686 53.2662 322.721 292.184 1112.58 172.301 1 0 0
0.324 38.4685 52.8968 321.608 293.165 1111.35 172.03 1 0 0
0.323 38.0706 52.5289 320.496 294.152 1110.11 171.759 1 0 0
0.322 37.6749 52.1625 319.386 295.145 1108.88 171.486 1 0 0
0.321 37.2813 51.7977 318.277 296.144 1107.66 171.213 1 0 0
0.32 36.89 51.4344 317.169 297.149 1106.43 170.939 1 0 0
0.319 36.5009 51.0727 316.062 298.161 1105.21 170.664 1 0 0
0.318 36.114 50.7125 314.957 299.179 1104 170.388 1 0 0
0.317 35.7293 50.3539 313.853 300.203 1102.78 170.111 1 0 0
0.316 35.3469 49.9969 312.75 301.233 1101.57 169.833 1 0 0
0.315 34.9667 49.6414 311.648 302.27 1100.36 169.554 1 0 0
0.314 34.5887 49.2875 310.547 303.313 1099.16 169.275 1 0 0
0.313 34.213 48.9352 309.448 304.363 1097.96 168.994 1 0 0
0.312 33.8396 48.5845 308.35 305.419 1096.76 168.713 1 0 0
0.311 33.4684 48.2354 307.253 306.482 1095.57 168.431 1 0 0
0.31 33.0995 47.8878 306.157 307.551 1094.38 168.148 1 0 0
0.309 32.7328 47.5419 305.062 308.627 1093.19 167.864 1 0 0
0.308 32.3684 47.1976 303.969 309.709 1092 167.579 1 0 0
0.307 32.0064 46.8549 302.877 310.798 1090.82 167.293 1 0 0
0.306 31.6466 46.5137 301.786 311.893 1089.65 167.007 1 0 0
0.305 31.2891 46.1742 300.696 312.995 1088.47 166.719 1 0 0
0.304 30.9339 45.8364 299.607 314.104 1087.31 166.431 1 0 0
0.303 30.581 45.5001 298.519 315.219 1086.14 166.142 1 0 0
0.302 30.2304 45.1655 297.433 316.342 1084.98 165.852 1 0 0
0.301 29.8821 44.8325 296.348 317.471 1083.82 165.561 1 0 0
0.3 29.5362 44.5011 295.264 318.606 1082.67 165.269 1 0 0
0.299 29.1925 44.1714 294.181 319.749 1081.52 164.976 1 0 0
0.298 28.8512 43.8433 293.099 320.898 1080.37 164.682 1 0 0
0.297 28.5122 43.5169 292.018 322.054 1079.23 164.388 1 0 0
0.296 28.1756 43.1921 290.939 323.217 1078.09 164.093 1 0 0
0.295 27.8412 42.8689 289.86 324.387 1076.95 163.797 1 0 0
0.294 27.5093 42.5474 288.783 325.564 1075.82 163.5 1 0 0
0.293 27.1796 42.2276 287.707 326.748 1074.7 163.202 1 0 0
0.292 26.8523 41.9094 286.632 327.939 1073.58 162.903 1 0 0
0.291 26.5273 41.5929 285.558 329.136 1072.46 162.604 1 0 0
0.29 26.2047 41.278 284.485 330.341 1071.34 162.303 1 0 0
0.289 25.8845 40.9648 283.414 331.553 1070.24 162.002 1 0 0
0.288 25.5666 40.6533 282.343 332.771 1069.13 161.7 1 0 0
0.287 25.251 40.3435 281.274 333.997 1068.03 161.397 1 0 0
0.286 24.9378 40.0353 280.205 335.23 1066.93 161.094 1 0 0
0.285 24.627 39.7288 279.138 336.47 1065.84 160.79 1 0 0
0.284 24.3185 39.424 278.072 337.717 1064.75 160.484 1 0 0
0.283 24.0123 39.1208 277.007 338.971 1063.67 160.178 1 0 0
0.282 23.7086 38.8194 275.943 340.232 1062.59 159.872 1 0 0
0.281 23.4071 38.5196 274.88 341.5 1061.52 159.564 1 0 0
0.28 23.1081 38.2215 273.818 342.776 1060.45 159.256 1 0 0
0.279 22.8114 37.9251 272.757 344.058 1059.39 158.947 1 0 0
0.278 22.517 37.6304 271.697 345.348 1058.33 158.637 1 0 0
0.277 22.2251 37.3374 270.639 346.645 1057.27 158.326 1 0 0
0.276 21.9354 37.046 269.581 347.949 1056.22 158.015 1 0 0
0.275 21.6482 36.7564 268.524 349.26 1055.17 157.703 1 0 0
0.274 21.3632 36.4685 267.469 350.579 1054.13 157.39 1 0 0
0.273 21.0807 36.1822 266.414 351.905 1053.1 157.077 1 0 0
0.272 20.8004 35.8977 265.361 353.238 1052.06 156.763 1 0 0
0.271 20.5226 35.6148 264.309 354.578 1051.04 156.448 1 0 0
0.27 20.2471 35.3337 263.257 355.925 1050.02 156.132 1 0 0
0.269 19.9739 35.0542 262.207 357.28 1049 155.816 1 0 0
0.268 19.703 34.7765 261.157 358.641 1047.99 155.499 1 0 0
0.267 19.4345 34.5004 260.109 360.01 1046.98 155.182 1 0 0
0.266 19.1684 34.2261 259.062 361.387 1045.98 154.863 1 0 0
0.265 18.9045 33.9534 258.015 362.77 1044.98 154.545 1 0 0
0.264 18.643 33.6825 256.97 364.161 1043.99 154.225 1 0 0
0.263 18.3839 33.4132 255.926 365.559 1043 153.905 1 0 0
0.262 18.127 33.1457 254.882 366.964 1042.02 153.584 1 0 0
0.261 17.8725 32.8798 253.84 368.377 1041.04 153.263 1 0 0
0.26 17.6202 32.6157 252.798 369.796 1040.07 152.941 1 0 0
0.259 17.3703 32.3532 251.758 371.223 1039.1 152.619 1 0 0
0.258 17.1227 32.0925 250.718 372.657 1038.14 152.296 1 0 0
0.257 16.8774 31.8335 249.68 374.099 1037.19 151.972 1 0 0
0.256 16.6343 31.5761 248.642 375.547 1036.24 151.648 1 0 0
0.255 16.3936 31.3205 247.605 377.003 1035.29 151.323 1 0 0
0.254 16.1551 31.0666 246.57 378.466 1034.35 150.998 1 0 0
0.253 15.9189 30.8143 245.535 379.936 1033.41 150.673 1 0 0
0.252 15.685 30.5638 244.501 381.413 1032.48 150.347 1 0 0
0.251 15.4533 30.315 243.468 382.898 1031.56 150.02 1 0 0
0.25 15.2239 30.0678 242.436 384.389 1030.64 149.693 1 0 0
0.249 14.9968 29.8224 241.405 385.888 1029.73 149.365 1 0 0
0.248 14.7719 29.5786 240.375 387.394 1028.82 149.038 1 0 0
0.247 14.5492 29.3366 239.346 388.907 1027.91 148.709 1 0 0
0.246 14.3287 29.0962 238.317 390.427 1027.02 148.38 1 0 0
0.245 14.1104 28.8575 237.29 391.954 1026.12 148.051 1 0 0
0.244 13.8944 28.6206 236.263 393.488 1025.24 147.722 1 0 0
0.243 13.6806 28.3853 235.238 395.03 1024.36 147.392 1 0 0
0.242 13.4689 28.1517 234.213 396.578 1023.48 147.062 1 0 0
0.241 13.2595 27.9198 233.189 398.134 1022.61 146.731 1 0 0
0.24 13.0522 27.6895 232.166 399.696 1021.74 146.4 1 0 0
0.239 12.847 27.461 231.144 401.265 1020.88 146.069 1 0 0
0.238 12.6441 27.2341 230.122 402.842 1020.03 145.737 1 0 0
0.237 12.4433 27.0089 229.102 404.425 1019.18 145.406 1 0 0
0.236 12.2446 26.7854 228.082 406.015 1018.33 145.073 1 0 0
0.235 12.048 26.5636 227.064 407.612 1017.5 144.741 1 0 0
0.234 11.8536 26.3435 226.046 409.216 1016.66 144.409 1 0 0
0.233 11.6613 26.125 225.028 410.827 1015.84 144.076 1 0 0
0.232 11.4711 25.9082 224.012 412.445 1015.01 143.743 1 0 0
0.231 11.2829 25.693 222.997 414.07 1014.2 143.41 1 0 0
0.23 11.0969 25.4796 221.982 415.701 1013.39 143.077 1 0 0
0.229 10.9129 25.2678 220.968 417.339 1012.58 142.743 1 0 0
0.228 10.7309 25.0576 219.955 418.984 1011.78 142.409 1 0 0
0.227 10.5511 24.8491 218.943 420.636 1010.99 142.076 1 0 0
0.226 10.3732 24.6423 217.931 422.294 1010.2 141.742 1 0 0
0.225 10.1974 24.4371 216.921 423.959 1009.41 141.408 1 0 0
0.224 10.0236 24.2336 215.911 425.631 1008.64 141.074 1 0 0
0.223 9.85175 24.0318 214.902 427.309 1007.86 140.74 1 0 0
0.222 9.68193 23.8315 213.893 428.994 1007.1 140.406 1 0 0
0.221 9.51409 23.633 212.886 430.685 1006.33 140.072 1 0 0
0.22 9.34821 23.4361 211.879 432.383 1005.58 139.738 1 0 0
0.219 9.18429 23.2408 210.873 434.087 1004.83 139.403 1 0 0
0.218 9.02232 23.0471 209.868 435.798 1004.08 139.069 1 0 0
0.217 8.86227 22.8551 208.863 437.515 1003.34 138.735 1 0 0
0.216 8.70415 22.6648 207.859 439.239 1002.61 138.401 1 0 0
0.215 8.54794 22.476 206.856 440.969 1001.88 138.067 1 0 0
0.214 8.39362 22.2889 205.854 442.706 1001.16 137.733 1 0 0
0.213 8.24118 22.1034 204.852 444.448 1000.44 137.399 1 0 0
0.212 8.09062 21.9196 203.851 446.197 999.726 137.066 1 0 0
0.211 7.94192 21.7373 202.851 447.953 999.019 136.732 1 0 0
0.21 7.79506 21.5567 201.852 449.714 998.317 136.399 1 0 0
0.209 7.65004 21.3777 200.853 451.482 997.621 136.065 1 0 0
0.208 7.50685 21.2003 199.855 453.256 996.93 135.732 1 0 0
0.207 7.36546 21.0245 198.857 455.036 996.245 135.399 1 0 0
0.206 7.22587 20.8504 197.86 456.822 995.565 135.066 1 0 0
0.205 7.08807 20.6778 196.864 458.614 994.89 134.734 1 0 0
0.204 6.95205 20.5068 195.869 460.412 994.221 134.402 1 0 0
0.203 6.81778 20.3375 194.874 462.217 993.557 134.069 1 0 0
0.202 6.68526 20.1697 193.88 464.027 992.899 133.738 1 0 0
0.201 6.55448 20.0035 192.887 465.843 992.245 133.406 1 0 0
0.2 6.42542 19.8389 191.894 467.665 991.598 133.075 1 0 0
0.199 6.29807 19.6759 190.902 469.493 990.955 132.744 1 0 0
0.198 6.17243 19.5145 189.911 471.327 990.318 132.413 1 0 0
0.197 6.04847 19.3547 188.92 473.166 989.686 132.082 1 0 0
0.196 5.92618 19.1964 187.93 475.011 989.06 131.752 1 0 0
0.195 5.80555 19.0397 186.94 476.862 988.439 131.422 1 0 0
0.194 5.68658 18.8846 185.951 478.719 987.823 131.093 1 0 0
0.193 5.56924 18.7311 184.963 480.582 987.212 130.764 1 0 0
0.192 5.45353 18.5791 183.975 482.45 986.607 130.435 1 0 0
0.191 5.33943 18.4287 182.988 484.323 986.007 130.107 1 0 0
0.19 5.22693 18.2799 182.001 486.203 985.412 129.779 1 0 0
0.189 5.11601 18.1326 181.016 488.087 984.823 129.451 1 0 0
0.188 5.00668 17.9868 180.03 489.978 984.239 129.124 1 0 0
0.187 4.89891 17.8427 179.045 491.873 983.66 128.797 1 0 0
0.186 4.79269 17.7 178.061 493.775 983.086 128.471 1 0 0
0.185 4.68801 17.5589 177.078 495.681 982.518 128.145 1 0 0
0.184 4.58485 17.4194 176.095 497.593 981.954 127.819 1 0 0
0.183 4.48322 17.2814 175.112 499.511 981.396 127.494 1 0 0
0.182 4.38309 17.1449 174.13 501.433 980.843 127.17 1 0 0
0.181 4.28445 17.01 173.149 503.361 980.296 126.845 1 0 0
0.18 4.18729 16.8766 172.168 505.295 979.753 126.522 1 0 0
0.179 4.09161 16.7447 171.188 507.233 979.216 126.198 1 0 0
0.178 3.99738 16.6143 170.208 509.177 978.684 125.875 1 0 0
0.177 3.9046 16.4855 169.229 511.126 978.157 125.553 1 0 0
0.176 3.81325 16.3581 168.25 513.08 977.635 125.231 1 0 0
0.175 3.72332 16.2323 167.272 515.039 977.118 124.91 1 0 0
0.174 3.63481 16.108 166.295 517.004 976.606 124.589 1 0 0
0.173 3.5477 15.9852 165.318 518.973 976.1 124.268 1 0 0
0.172 3.46198 15.8639 164.341 520.947 975.599 123.948 1 0 0
0.171 3.37764 15.7441 163.365 522.927 975.103 123.628 1 0 0
0.17 3.29467 15.6258 162.389 524.911 974.612 123.309 1 0 0
0.169 3.21306 15.509 161.414 526.9 974.126 122.99 1 0 0
0.168 3.13279 15.3936 160.44 528.895 973.645 122.672 1 0 0
0.167 3.05386 15.2798 159.465 530.894 973.17 122.354 1 0 0
0.166 2.97625 15.1674 158.492 532.898 972.699 122.037 1 0 0
0.165 2.89996 15.0565 157.519 534.907 972.234 121.72 1 0 0
0.164 2.82497 14.9471 156.546 536.921 971.774 121.403 1 0 0
0.163 2.75128 14.8391 155.574 538.939 971.319 121.087 1 0 0
0.162 2.67887 14.7326 154.602 540.963 970.869 120.771 1 0 0
0.161 2.60773 14.6276 153.63 542.991 970.424 120.456 1 0 0
0.16 2.53785 14.524 152.66 545.024 969.984 120.141 1 0 0
0.159 2.46923 14.4218 151.689 547.062 969.549 119.826 1 0 0
0.158 2.40185 14.3211 150.719 549.104 969.12 119.512 1 0 0
0.157 2.3357 14.2218 149.749 551.151 968.695 119.198 1 0 0
0.156 2.27078 14.124 148.78 553.203 968.276 118.884 1 0 0
0.155 2.20706 14.0276 147.812 555.259 967.862 118.571 1 0 0
0.154 2.14455 13.9326 146.843 557.32 967.453 118.258 1 0 0
0.153 2.08323 13.839 145.875 559.386 967.049 117.945 1 0 0
0.152 2.0231 13.7468 144.908 561.456 966.65 117.632 1 0 0
0.151 1.96414 13.6561 143.941 563.531 966.256 117.32 1 0 0
0.15 1.90634 13.5667 142.974 565.61 965.868 117.008 1 0 0
0.149 1.8497 13.4787 142.007 567.694 965.484 116.695 1 0 0
0.148 1.7942 13.3921 141.042 569.783 965.106 116.384 1 0 0
0.147 1.73983 13.3069 140.076 571.876 964.733 116.072 1 0 0
0.146 1.6866 13.223 139.111 573.973 964.365 115.76 1 0 0
0.145 1.63447 13.1406 138.146 576.075 964.002 115.448 1 0 0
0.144 1.58346 13.0594 137.181 578.182 963.645 115.137 1 0 0
0.143 1.53354 12.9797 136.217 580.293 963.292 114.825 1 0 0
0.142 1.4847 12.9012 135.253 582.408 962.945 114.513 1 0 0
0.141 1.43695 12.8241 134.29 584.528 962.603 114.201 1 0 0
0.14 1.39026 12.7483 133.327 586.653 962.266 113.889 1 0 0
0.139 1.34464 12.6738 132.364 588.781 961.934 113.577 1 0 0
0.138 1.30006 12.6007 131.402 590.915 961.608 113.264 1 0 0
0.137 1.25652 12.5288 130.44 593.052 961.286 112.951 1 0 0
0.136 1.21402 12.4582 129.478 595.194 960.97 112.638 1 0 0
0.135 1.17253 12.3889 128.516 597.341 960.659 112.324 1 0 0
0.134 1.13206 12.3209 127.555 599.491 960.354 112.01 1 0 0
0.133 1.09259 12.2541 126.595 601.647 960.053 111.696 1 0 0
0.132 1.05411 12.1886 125.634 603.806 959.758 111.381 1 0 0
0.131 1.01661 12.1243 124.674 605.97 959.468 111.065 1 0 0
0.13 0.980092 12.0612 123.714 608.139 959.184 110.749 1 0 0
0.129 0.944533 11.9993 122.754 610.311 958.904 110.432 1 0 0
0.128 0.909928 11.9386 121.795 612.488 958.63 110.114 1 0 0
0.127 0.876266 11.8791 120.836 614.67 958.361 109.795 1 0 0
0.126 0.843538 11.8208 119.877 616.856 958.097 109.475 1 0 0
0.125 0.811733 11.7636 118.918 619.046 957.839 109.154 1 0 0
0.124 0.780843 11.7076 117.96 621.241 957.586 108.832 1 0 0
0.123 0.750855 11.6527 117.002 623.44 957.338 108.509 1 0 0
0.122 0.721761 11.5989 116.044 625.643 957.096 108.185 1 0 0
0.121 0.693549 11.5462 115.086 627.851 956.858 107.859 1 0 0
0.12 0.66621 11.4945 114.129 630.063 956.626 107.532 1 0 0
0.119 0.639731 11.4439 113.172 632.28 956.4 107.203 1 0 0
0.118 0.614104 11.3944 112.215 634.501 956.178 106.873 1 0 0
0.117 0.589316 11.3459 111.258 636.726 955.962 106.541 1 0 0
0.116 0.565358 11.2984 110.302 638.956 955.751 106.207 1 0 0
0.115 0.542217 11.2519 109.346 641.191 955.546 105.871 1 0 0
0.114 0.519882 11.2063 108.389 643.429 955.345 105.533 1 0 0
0.113 0.498342 11.1617 107.434 645.673 955.15 105.193 1 0 0
0.112 0.477585 11.118 106.478 647.92 954.96 104.851 1 0 0
0.111 0.4576 11.0753 105.522 650.172 954.776 104.506 1 0 0
0.11 0.438375 11.0333 104.567 652.429 954.596 104.159 1 0 0
0.109 0.419897 10.9923 103.612 654.69 954.422 103.809 1 0 0
0.108 0.402155 10.9521 102.657 656.956 954.253 103.457 1 0 0
0.107 0.385136 10.9126 101.702 659.226 954.089 103.101 1 0 0
0.106 0.368827 10.874 100.748 661.5 953.93 102.743 1 0 0
0.105 0.353215 10.8361 99.7933 663.78 953.776 102.382 1 0 0
0.104 0.338288 10.7989 98.839 666.064 953.628 102.017 1 0 0
0.103 0.324033 10.7625 97.8848 668.352 953.484 101.649 1 0 0
0.102 0.310436 10.7267 96.9308 670.645 953.345 101.277 1 0 0
0.101 0.297484 10.6915 95.9769 672.943 953.212 100.902 1 0 0
0.1 0.285163 10.6569 95.0231 675.245 953.083 100.523 1 0 0
0.099 0.273459 10.623 94.0695 677.552 952.959 100.139 1 0 0
0.098 0.262358 10.5895 93.116 679.864 952.84 99.7521 1 0 0
0.097 0.251847 10.5566 92.1626 682.18 952.726 99.3605 1 0 0
0.096 0.24191 10.5242 91.2093 684.501 952.617 98.9643 1 0 0
0.095 0.232533 10.4922 90.2562 686.827 952.513 98.5636 1 0 0
0.094 0.223702 10.4606 89.3031 689.158 952.413 98.158 1 0 0
0.093 0.215401 10.4293 88.3501 691.494 952.317 97.7474 1 0 0
0.092 0.207615 10.3984 87.3972 693.834 952.226 97.3317 1 0 0
0.091 0.20033 10.3678 86.4444 696.179 952.14 96.9106 1 0 0
0.09 0.19353 10.3375 85.4917 698.53 952.058 96.484 1 0 0
0.089 0.187199 10.3074 84.5391 700.885 951.981 96.0517 1 0 0
0.088 0.181322 10.2774 83.5865 703.245 951.907 95.6134 1 0 0
0.087 0.175882 10.2476 82.634 705.61 951.838 95.1691 1 0 0
0.086 0.170865 10.2179 81.6816 707.98 951.773 94.7184 1 0 0
0.085 0.166253 10.1882 80.7292 710.356 951.712 94.2613 1 0 0
0.084 0.162031 10.1585 79.7769 712.736 951.654 93.7974 1 0 0
0.083 0.158183 10.1287 78.8247 715.122 951.601 93.3266 1 0 0
0.082 0.154692 10.0989 77.8725 717.513 951.551 92.8487 1 0 0
0.081 0.151541 10.0689 76.9203 719.909 951.505 92.3634 1 0 0
0.08 0.148715 10.0387 75.9682 722.31 951.462 91.8705 1 0 0
0.079 0.146197 10.0083 75.0162 724.717 951.422 91.3699 1 0 0
0.078 0.143969 9.9776 74.0641 727.129 951.386 90.8613 1 0 0
0.077 0.142017 9.94654 73.1121 729.547 951.352 90.3443 1 0 0
0.076 0.140322 9.91509 72.1602 731.97 951.322 89.819 1 0 0
0.075 0.138869 9.88318 71.2082 734.398 951.295 89.2848 1 0 0
0.074 0.137641 9.85077 70.2563 736.832 951.27 88.7418 1 0 0
0.073 0.136621 9.81779 69.3044 739.272 951.247 88.1895 1 0 0
0.072 0.135793 9.78419 68.3525 741.717 951.227 87.6277 1 0 0
0.071 0.13514 9.74992 67.4007 744.168 951.209 87.0563 1 0 0
0.07 0.134647 9.7149 66.4489 746.625 951.193 86.4749 1 0 0
0.069 0.134297 9.6791 65.497 749.088 951.179 85.8833 1 0 0
0.068 0.134074 9.64243 64.5452 751.557 951.166 85.2811 1 0 0
0.067 0.133962 9.60484 63.5934 754.031 951.155 84.6683 1 0 0
0.066 0.133945 9.56628 62.6417 756.512 951.145 84.0444 1 0 0
0.065 0.134009 9.52667 61.6899 758.999 951.137 83.4092 1 0 0
0.064 0.134137 9.48595 60.7381 761.491 951.129 82.7624 1 0 0
0.063 0.134315 9.44405 59.7863 763.991 951.122 82.1037 1 0 0
0.062 0.134528 9.40092 58.8346 766.496 951.115 81.4329 1 0 0
0.061 0.134761 9.35648 57.8828 769.008 951.108 80.7497 1 0 0
0.06 0.135001 9.31067 56.9311 771.526 951.102 80.0537 1 0 0
0.059 0.135233 9.26343 55.9794 774.051 951.095 79.3447 1 0 0
0.058 0.135444 9.21467 55.0276 776.582 951.088 78.6223 1 0 0
0.057 0.135621 9.16433 54.0759 779.12 951.08 77.8862 1 0 0
0.056 0.135752 9.11235 53.1242 781.664 951.071 77.1362 1 0 0
0.055 0.135823 9.05865 52.1725 784.216 951.061 76.3719 1 0 0
0.054 0.135824 9.00316 51.2208 786.774 951.049 75.593 1 0 0
0.053 0.135744 8.94582 50.2691 789.34 951.036 74.7991 1 0 0
0.052 0.135571 8.88654 49.3175 791.912 951.02 73.99 1 0 0
0.051 0.135295 8.82527 48.3658 794.492 951.003 73.1653 1 0 0
0.05 0.134908 8.76192 47.4142 797.079 950.982 72.3245 1 0 0
0.049 0.134399 8.69642 46.4626 799.674 950.959 71.4675 1 0 0
0.048 0.133761 8.62871 45.511 802.276 950.933 70.5938 1 0 0
0.047 0.132987 8.55872 44.5595 804.885 950.904 69.7032 1 0 0
0.046 0.132068 8.48636 43.608 807.502 950.87 68.7951 1 0 0
0.045 0.131 8.41156 42.6565 810.127 950.833 67.8693 1 0 0
0.044 0.129776 8.33427 41.705 812.76 950.791 66.9253 1 0 0
0.043 0.128392 8.2544 40.7537 815.401 950.745 65.9629 1 0 0
0.042 0.126845 8.17188 39.8023 818.05 950.694 64.9817 1 0 0
0.041 0.125131 8.08665 38.851 820.708 950.638 63.9811 1 0 0
0.04 0.123249 7.99863 37.8998 823.373 950.576 62.961 1 0 0
0.039 0.121197 7.90776 36.9486 826.048 950.508 61.9208 1 0 0
0.038 0.118975 7.81397 35.9975 828.731 950.435 60.8602 1 0 0
0.037 0.116585 7.71718 35.0465 831.422 950.354 59.7788 1 0 0
0.036 0.114027 7.61733 34.0956 834.123 950.268 58.6762 1 0 0
0.035 0.111304 7.51436 33.1448 836.833 950.174 57.5521 1 0 0
0.034 0.108421 7.4082 32.194 839.552 950.073 56.4059 1 0 0
0.033 0.105383 7.29879 31.2434 842.28 949.964 55.2374 1 0 0
0.032 0.102195 7.18605 30.2929 845.018 949.847 54.0461 1 0 0
0.031 0.0988636 7.06993 29.3425 847.766 949.723 52.8317 1 0 0
0.03 0.0953979 6.95035 28.3923 850.524 949.59 51.5937 1 0 0
0.029 0.0918067 6.82727 27.4422 853.291 949.448 50.3318 1 0 0
0.028 0.0881001 6.7006 26.4922 856.069 949.298 49.0456 1 0 0
0.027 0.0842892 6.57029 25.5425 858.858 949.139 47.7348 1 0 0
0.026 0.0803864 6.43625 24.5928 861.657 948.97 46.399 1 0 0
0.025 0.0764047 6.29843 23.6434 864.466 948.792 45.0377 1 0 0
0.024 0.0723582 6.15674 22.6941 867.287 948.604 43.6508 1 0 0
0.023 0.0682617 6.0111 21.7451 870.119 948.407 42.2378 1 0 0
0.022 0.064131 5.86142 20.7963 872.963 948.2 40.7984 1 0 0
0.021 0.0599823 5.70758 19.8477 875.818 947.983 39.3324 1 0 0
0.02 0.0558326 5.54948 18.8993 878.685 947.755 37.8393 1 0 0
0.019 0.0516993 5.38697 17.9511 881.564 947.518 36.3188 1 0 0
0.018 0.0476 5.21988 17.0033 884.456 947.27 34.7708 1 0 0
0.017 0.0435527 5.04803 16.0556 887.361 947.011 33.1947 1 0 0
0.016 0.0395753 4.87117 15.1083 890.278 946.743 31.5903 1 0 0
0.015 0.0356855 4.689 14.1613 893.209 946.463 29.9572 1 0 0
0.014 0.0319009 4.50117 13.2145 896.153 946.173 28.2949 1 0 0
0.013 0.0282384 4.3072 12.2681 899.111 945.871 26.6031 1 0 0
0.012 0.0247142 4.10652 11.322 902.083 945.558 24.8809 1 0 0
0.011 0.0213439 3.89837 10.3762 905.07 945.233 23.1278 1 0 0
0.01 0.0181418 3.68176 9.43081 908.071 944.895 21.3426 1 0 0
0.009 0.0151213 3.45538 8.48576 911.088 944.543 19.524 1 0 0
0.008 0.0122946 3.21747 7.5411 914.12 944.175 17.6702 1 0 0
0.007 0.00968071 2.9644 6.59684 917.169 943.789 15.7785 1 0 0
0.006 0.00727789 2.69408 5.653 920.233 943.38 13.8452 1 0 0
0.005 0.00510265 2.39999 4.70962 923.315 942.944 11.8646 1 0 0
0.004 0.00316746 2.07236 3.76671 926.414 942.47 9.82766 1 0 0
0.003 0.00148916 1.69252 2.82434 929.532 941.943 7.71901 1 0 0
0.002 9.5123e-05 1.21583 1.88257 932.668 941.331 5.50877 1 0 0
0.001 -0.000959596 0.46923 0.941514 935.823 940.554 3.12284 1 0 0
