1771.11 557.202 1.23
1764.11 548.642 1.2187
1757.09 540.118 1.2074
1750.03 531.637 1.1961
1742.94 523.203 1.1848
1735.84 514.82 1.1735
1728.7 506.492 1.1622
1721.55 498.221 1.1509
1714.38 490.008 1.1396
1707.19 481.853 1.1283
1699.98 473.757 1.117
1692.74 465.715 1.1057
1685.47 457.716 1.0944
1678.19 449.785 1.0831
1670.89 441.926 1.0718
1663.59 434.139 1.0605
1656.28 426.426 1.0492
1648.95 418.785 1.0379
1641.62 411.216 1.0266
1634.28 403.719 1.0153
1626.92 396.294 1.004
1619.56 388.94 0.9927
1612.18 381.655 0.9814
1604.78 374.439 0.9701
1597.37 367.289 0.9588
1589.94 360.204 0.9475
1582.48 353.182 0.9362
1575 346.218 0.9249
1567.48 339.31 0.9136
1559.93 332.452 0.9023
1552.33 325.638 0.891
1544.67 318.858 0.8797
1536.94 312.099 0.8684
1529.1 305.339 0.8571
1521.11 298.538 0.8458
1512.8 291.552 0.8345
1504.03 284.286 0.8232
1495.27 277.121 0.8119
1486.5 270.053 0.8006
1477.73 263.083 0.7893
1468.96 256.205 0.778
1460.17 249.418 0.7667
1451.36 242.717 0.7554
1442.53 236.096 0.7441
1433.67 229.548 0.7328
1424.75 223.063 0.7215
1415.75 216.621 0.7102
1406.61 210.182 0.6989
1397.15 203.628 0.6876
1387.68 197.164 0.6763
1378.23 190.832 0.665
1368.83 184.633 0.6537
1359.47 178.564 0.6424
1350.14 172.626 0.6311
1340.85 166.817 0.6198
1331.61 161.137 0.6085
1322.4 155.585 0.5972
1313.22 150.16 0.5859
1304.09 144.859 0.5746
1294.99 139.681 0.5633
1285.92 134.624 0.552
1276.88 129.685 0.5407
1267.86 124.861 0.5294
1258.87 120.148 0.5181
1249.88 115.541 0.5068
1240.88 111.033 0.4955
1231.86 106.615 0.4842
1222.79 102.273 0.4729
1213.61 97.9864 0.4616
1204.24 93.7145 0.4503
1194.44 89.3565 0.439
1183.38 84.5638 0.4277
1170.1 78.9601 0.4164
1156.37 73.3214 0.4051
1142.94 67.9559 0.3938
1129.82 62.8627 0.3825
1117.02 58.04 0.3712
1104.56 53.4856 0.3599
1092.46 49.1966 0.3486
1080.71 45.1696 0.3373
1069.35 41.4003 0.326
1058.37 37.8838 0.3147
1047.8 34.6148 0.3034
1037.63 31.5872 0.2921
1027.88 28.7942 0.2808
1018.56 26.2286 0.2695
1009.67 23.8828 0.2582
1001.22 21.7486 0.2469
993.218 19.8174 0.2356
985.666 18.0805 0.2243
978.571 16.5288 0.213
971.938 15.1529 0.2017
965.771 13.9435 0.1904
960.077 12.891 0.1791
954.86 11.9858 0.1678
950.129 11.2181 0.1565
945.891 10.5783 0.1452
942.155 10.0565 0.1339
938.933 9.64279 0.1226
936.237 9.32703 0.1113
