1795.18 517.867 1
1784.76 507.496 0.991
1774.35 497.222 0.982
1763.94 487.044 0.973
1753.53 476.963 0.964
1743.12 466.977 0.955
1732.72 457.087 0.946
1722.31 447.293 0.937
1711.91 437.591 0.928
1701.51 427.983 0.919
1691.1 418.464 0.91
1680.68 409.031 0.901
1670.24 399.675 0.892
1659.75 390.362 0.883
1649.13 381.037 0.874
1638.54 371.825 0.865
1627.97 362.728 0.856
1617.42 353.745 0.847
1606.89 344.876 0.838
1596.39 336.123 0.829
1585.91 327.484 0.82
1575.46 318.961 0.811
1565.04 310.553 0.802
1554.64 302.261 0.793
1544.27 294.084 0.784
1533.93 286.023 0.775
1523.61 278.077 0.766
1513.33 270.247 0.757
1503.08 262.531 0.748
1492.85 254.927 0.739
1482.65 247.434 0.73
1472.46 240.041 0.721
1462.26 232.733 0.712
1452.1 225.543 0.703
1441.97 218.472 0.694
1431.89 211.52 0.685
1421.85 204.688 0.676
1411.86 197.975 0.667
1401.9 191.383 0.658
1392 184.911 0.649
1382.15 178.561 0.64
1372.35 172.331 0.631
1362.6 166.224 0.622
1352.9 160.238 0.613
1343.27 154.375 0.604
1333.69 148.634 0.595
1324.18 143.016 0.586
1314.73 137.521 0.577
1305.35 132.149 0.568
1296.03 126.9 0.559
1286.79 121.775 0.55
1277.62 116.773 0.541
1268.52 111.894 0.532
1259.51 107.137 0.523
1250.57 102.504 0.514
1241.72 97.9926 0.505
1232.95 93.603 0.496
1224.26 89.3343 0.487
1215.66 85.1856 0.478
1207.15 81.1558 0.469
1198.73 77.2432 0.46
1190.39 73.4458 0.451
1182.14 69.7611 0.442
1173.97 66.1853 0.433
1165.87 62.7133 0.424
1157.82 59.3369 0.415
1149.79 56.0415 0.406
1141.7 52.7931 0.397
1132.99 49.3766 0.388
1123.8 45.8508 0.379
1114.86 42.5016 0.37
1106.17 39.3261 0.361
1097.74 36.3211 0.352
1089.57 33.483 0.343
1081.67 30.8079 0.334
1074.03 28.2913 0.325
1066.66 25.9284 0.316
1059.55 23.7142 0.307
1052.71 21.6434 0.298
1046.12 19.7105 0.289
1039.79 17.9097 0.28
1033.72 16.2352 0.271
1027.89 14.681 0.262
1022.3 13.2413 0.253
1016.94 11.9101 0.244
1011.81 10.6816 0.235
1006.9 9.54978 0.226
1002.2 8.50915 0.217
997.71 7.55413 0.208
993.412 6.67936 0.199
989.301 5.87965 0.19
985.369 5.15003 0.181
981.606 4.48571 0.172
978.002 3.88208 0.163
974.549 3.33466 0.154
971.235 2.83899 0.145
968.041 2.39016 0.136
964.918 1.97952 0.127
961.91 1.61091 0.118
959.058 1.28708 0.109
