2526.75 583.358 1.43481
2502.09 572.494 1.4137
2477.41 561.738 1.39268
2452.72 551.089 1.37177
2428.02 540.547 1.35096
2403.3 530.113 1.33024
2378.56 519.787 1.30963
2353.82 509.569 1.28912
2329.06 499.459 1.26871
2304.29 489.458 1.24841
2279.5 479.565 1.22821
2254.71 469.782 1.20812
2229.91 460.107 1.18814
2205.1 450.542 1.16826
2180.28 441.086 1.14849
2155.46 431.741 1.12884
2130.63 422.505 1.10929
2105.8 413.381 1.08986
2080.97 404.366 1.07054
2056.13 395.463 1.05134
2031.29 386.671 1.03226
2006.46 377.991 1.01329
1981.63 369.422 0.994445
1956.81 360.966 0.97572
1931.99 352.622 0.957118
1907.18 344.391 0.93864
1882.39 336.273 0.920288
1857.61 328.268 0.902064
1832.84 320.377 0.88397
1808.1 312.599 0.866007
1783.38 304.937 0.848177
1758.68 297.388 0.830482
1734.02 289.955 0.812925
1709.38 282.637 0.795506
1684.79 275.434 0.778229
1660.23 268.348 0.761096
1635.71 261.377 0.744108
1611.25 254.523 0.727268
1586.83 247.786 0.710579
1562.48 241.165 0.694042
1538.18 234.662 0.67766
1513.95 228.275 0.661436
1489.79 222.007 0.645372
1465.71 215.856 0.62947
1441.71 209.822 0.613733
1417.8 203.906 0.598164
1393.98 198.108 0.582764
1370.25 192.426 0.567535
1346.62 186.862 0.552481
1323.1 181.413 0.537603
1299.67 176.081 0.522902
1276.35 170.862 0.508379
1253.13 165.757 0.494034
1230 160.762 0.479867
1206.95 155.875 0.465876
1183.94 151.091 0.452054
1160.95 146.405 0.438393
1137.88 141.805 0.424876
1114.6 137.273 0.41147
1090.75 132.768 0.398096
1064.51 128.071 0.384324
1034.27 123 0.369796
1004.54 118.123 0.355589
975.383 113.438 0.341715
946.841 108.948 0.328186
918.965 104.651 0.315011
891.805 100.549 0.302203
865.41 96.6403 0.289771
839.83 92.9235 0.277724
815.116 89.3971 0.266071
791.314 86.0586 0.254819
768.472 82.9052 0.243974
746.636 79.9334 0.233543
725.848 77.139 0.223526
706.151 74.5176 0.213929
687.586 72.0641 0.204749
670.193 69.773 0.195989
654.013 67.6383 0.187644
639.087 65.654 0.179714
625.458 63.8138 0.172193
613.175 62.1111 0.165077
602.289 60.5393 0.158361
592.863 59.092 0.152039
584.968 57.7627 0.146106
578.689 56.5451 0.140556
574.128 55.4329 0.135383
571.408 54.4204 0.130582
570.677 53.5017 0.126149
572.115 52.6714 0.122078
575.939 51.9244 0.118365
582.414 51.2558 0.115006
591.86 50.661 0.111996
604.665 50.1356 0.109332
621.308 49.6753 0.107007
642.37 49.2764 0.105014
668.58 48.935 0.103345
700.846 48.6476 0.10199
740.321 48.4105 0.100936
788.495 48.2205 0.100167
847.331 48.0741 0.0996664
