1765.28 540.435 1.23
1758.24 531.814 1.2187
1751.14 523.204 1.2074
1743.98 514.593 1.1961
1736.78 506.028 1.1848
1729.56 497.518 1.1735
1722.33 489.066 1.1622
1715.07 480.677 1.1509
1707.8 472.352 1.1396
1700.52 464.093 1.1283
1693.22 455.902 1.117
1685.92 447.781 1.1057
1678.6 439.73 1.0944
1671.27 431.751 1.0831
1663.93 423.843 1.0718
1656.58 416.007 1.0605
1649.22 408.242 1.0492
1641.85 400.55 1.0379
1634.46 392.928 1.0266
1627.07 385.377 1.0153
1619.66 377.896 1.004
1612.23 370.482 0.9927
1604.79 363.135 0.9814
1597.32 355.852 0.9701
1589.84 348.63 0.9588
1582.32 341.465 0.9475
1574.76 334.35 0.9362
1567.16 327.274 0.9249
1559.51 320.244 0.9136
1551.81 313.252 0.9023
1544.04 306.288 0.891
1536.19 299.331 0.8797
1528.2 292.347 0.8684
1519.97 285.248 0.8571
1511.19 277.779 0.8458
1502.37 270.365 0.8345
1493.56 263.06 0.8232
1484.75 255.864 0.8119
1475.96 248.773 0.8006
1467.17 241.787 0.7893
1458.39 234.902 0.778
1449.6 228.117 0.7667
1440.81 221.428 0.7554
1432.01 214.831 0.7441
1423.2 208.319 0.7328
1414.35 201.885 0.7215
1405.45 195.518 0.7102
1396.48 189.194 0.6989
1387.33 182.857 0.6876
1377.92 176.436 0.6763
1368.55 170.152 0.665
1359.23 164.007 0.6537
1349.96 158.002 0.6424
1340.75 152.134 0.6311
1331.59 146.405 0.6198
1322.48 140.812 0.6085
1313.43 135.356 0.5972
1304.44 130.036 0.5859
1295.5 124.85 0.5746
1286.62 119.797 0.5633
1277.8 114.877 0.552
1269.03 110.087 0.5407
1260.32 105.425 0.5294
1251.66 100.89 0.5181
1243.05 96.4781 0.5068
1234.49 92.1868 0.4955
1225.96 88.0119 0.4842
1217.47 83.9481 0.4729
1209 79.9887 0.4616
1200.52 76.1235 0.4503
1192 72.3371 0.439
1183.38 68.599 0.4277
1174.36 64.793 0.4164
1164.97 60.9372 0.4051
1155.73 57.2443 0.3938
1146.61 53.7044 0.3825
1137.58 50.303 0.3712
1128.58 47.0133 0.3599
1119.41 43.7635 0.3486
1108.34 39.972 0.3373
1096.74 36.1223 0.326
1085.48 32.5162 0.3147
1074.59 29.1485 0.3034
1064.06 26.0134 0.2921
1053.9 23.1046 0.2808
1044.13 20.4153 0.2695
1034.75 17.9385 0.2582
1025.75 15.6667 0.2469
1017.15 13.5923 0.2356
1008.96 11.7074 0.2243
1001.17 10.0038 0.213
993.79 8.47336 0.2017
986.827 7.10781 0.1904
980.285 5.89877 0.1791
974.171 4.83786 0.1678
968.492 3.91662 0.1565
963.257 3.12657 0.1452
958.478 2.45914 0.1339
954.166 1.90567 0.1226
950.336 1.45731 0.1113
