1 226.661 253.712 1402.35 35.5533 1629.01 80.3097 0.585407 0.414593 0
0.999 225.988 253.276 1400.73 35.7072 1628.34 80.3381 0.585666 0.414334 0
0.998 225.317 252.839 1399.11 35.8613 1627.68 80.3664 0.585927 0.414073 0
0.997 224.645 252.402 1397.49 36.0156 1627.02 80.3948 0.586187 0.413813 0
0.996 223.974 251.965 1395.87 36.1701 1626.35 80.4232 0.586449 0.413551 0
0.995 223.304 251.528 1394.25 36.3249 1625.69 80.4515 0.58671 0.41329 0
0.994 222.633 251.091 1392.64 36.4798 1625.02 80.4799 0.586973 0.413027 0
0.993 221.964 250.653 1391.02 36.6349 1624.36 80.5082 0.587236 0.412764 0
0.992 221.294 250.215 1389.41 36.7902 1623.69 80.5365 0.5875 0.4125 0
0.991 220.625 249.777 1387.79 36.9458 1623.02 80.5649 0.587764 0.412236 0
0.99 219.957 249.339 1386.18 37.1015 1622.36 80.5932 0.588029 0.411971 0
0.989 219.289 248.9 1384.57 37.2575 1621.69 80.6215 0.588295 0.411705 0
0.988 218.621 248.462 1382.95 37.4136 1621.03 80.6499 0.588561 0.411439 0
0.987 217.954 248.023 1381.34 37.57 1620.36 80.6782 0.588828 0.411172 0
0.986 217.287 247.583 1379.73 37.7265 1619.69 80.7065 0.589096 0.410904 0
0.985 216.621 247.144 1378.12 37.8833 1619.03 80.7348 0.589364 0.410636 0
0.984 215.955 246.705 1376.51 38.0403 1618.36 80.7631 0.589632 0.410368 0
0.983 215.289 246.265 1374.9 38.1974 1617.69 80.7914 0.589902 0.410098 0
0.982 214.624 245.825 1373.29 38.3548 1617.02 80.8197 0.590172 0.409828 0
0.981 213.959 245.385 1371.68 38.5124 1616.35 80.8479 0.590442 0.409558 0
0.98 213.295 244.944 1370.08 38.6702 1615.69 80.8762 0.590714 0.409286 0
0.979 212.631 244.503 1368.47 38.8282 1615.02 80.9045 0.590986 0.409014 0
0.978 211.967 244.063 1366.86 38.9865 1614.35 80.9327 0.591258 0.408742 0
0.977 211.304 243.621 1365.26 39.1449 1613.68 80.9609 0.591531 0.408469 0
0.976 210.641 243.18 1363.66 39.3035 1613.01 80.9892 0.591805 0.408195 0
0.975 209.979 242.739 1362.05 39.4624 1612.34 81.0174 0.59208 0.40792 0
0.974 209.317 242.297 1360.45 39.6214 1611.67 81.0456 0.592355 0.407645 0
0.973 208.656 241.855 1358.85 39.7807 1611 81.0738 0.59263 0.40737 0
0.972 207.994 241.413 1357.24 39.9402 1610.33 81.102 0.592907 0.407093 0
0.971 207.334 240.97 1355.64 40.0999 1609.66 81.1302 0.593184 0.406816 0
0.97 206.674 240.528 1354.04 40.2598 1608.99 81.1584 0.593462 0.406538 0
0.969 206.014 240.085 1352.44 40.4199 1608.31 81.1865 0.59374 0.40626 0
0.968 205.355 239.642 1350.84 40.5803 1607.64 81.2147 0.594019 0.405981 0
0.967 204.696 239.198 1349.25 40.7408 1606.97 81.2428 0.594298 0.405702 0
0.966 204.037 238.755 1347.65 40.9016 1606.3 81.2709 0.594579 0.405421 0
0.965 203.379 238.311 1346.05 41.0626 1605.63 81.299 0.59486 0.40514 0
0.964 202.721 237.867 1344.45 41.2238 1604.95 81.3271 0.595141 0.404859 0
0.963 202.064 237.423 1342.86 41.3852 1604.28 81.3552 0.595424 0.404576 0
0.962 201.407 236.979 1341.26 41.5468 1603.61 81.3833 0.595706 0.404294 0
0.961 200.751 236.534 1339.67 41.7087 1602.93 81.4113 0.59599 0.40401 0
0.96 200.095 236.089 1338.08 41.8707 1602.26 81.4394 0.596274 0.403726 0
0.959 199.439 235.644 1336.48 42.033 1601.59 81.4674 0.596559 0.403441 0
0.958 198.784 235.199 1334.89 42.1955 1600.91 81.4954 0.596845 0.403155 0
0.957 198.129 234.753 1333.3 42.3582 1600.24 81.5234 0.597131 0.402869 0
0.956 197.475 234.307 1331.71 42.5212 1599.56 81.5513 0.597418 0.402582 0
0.955 196.821 233.861 1330.12 42.6843 1598.89 81.5793 0.597705 0.402295 0
0.954 196.168 233.415 1328.53 42.8477 1598.21 81.6072 0.597994 0.402006 0
0.953 195.515 232.969 1326.94 43.0113 1597.54 81.6351 0.598283 0.401717 0
0.952 194.862 232.522 1325.35 43.1751 1596.86 81.663 0.598572 0.401428 0
0.951 194.21 232.075 1323.76 43.3392 1596.19 81.6909 0.598862 0.401138 0
0.95 193.558 231.628 1322.18 43.5034 1595.51 81.7188 0.599153 0.400847 0
0.949 192.907 231.181 1320.59 43.6679 1594.83 81.7466 0.599445 0.400555 0
0.948 192.256 230.733 1319 43.8326 1594.16 81.7744 0.599737 0.400263 0
0.947 191.605 230.285 1317.42 43.9975 1593.48 81.8022 0.60003 0.39997 0
0.946 190.955 229.837 1315.83 44.1627 1592.8 81.83 0.600324 0.399676 0
0.945 190.306 229.389 1314.25 44.3281 1592.12 81.8577 0.600618 0.399382 0
0.944 189.657 228.94 1312.67 44.4937 1591.45 81.8855 0.600913 0.399087 0
0.943 189.008 228.492 1311.09 44.6595 1590.77 81.9132 0.601209 0.398791 0
0.942 188.359 228.043 1309.5 44.8255 1590.09 81.9408 0.601505 0.398495 0
0.941 187.712 227.594 1307.92 44.9918 1589.41 81.9685 0.601802 0.398198 0
0.94 187.064 227.144 1306.34 45.1583 1588.73 81.9961 0.6021 0.3979 0
0.939 186.417 226.694 1304.76 45.325 1588.05 82.0237 0.602399 0.397601 0
0.938 185.77 226.245 1303.18 45.492 1587.37 82.0513 0.602698 0.397302 0
0.937 185.124 225.794 1301.61 45.6592 1586.69 82.0788 0.602998 0.397002 0
0.936 184.479 225.344 1300.03 45.8266 1586.01 82.1063 0.603298 0.396702 0
0.935 183.833 224.893 1298.45 45.9942 1585.33 82.1338 0.6036 0.3964 0
0.934 183.188 224.443 1296.88 46.1621 1584.65 82.1613 0.603901 0.396099 0
0.933 182.544 223.991 1295.3 46.3301 1583.97 82.1887 0.604204 0.395796 0
0.932 181.9 223.54 1293.73 46.4985 1583.29 82.2161 0.604507 0.395493 0
0.931 181.256 223.089 1292.15 46.667 1582.61 82.2435 0.604812 0.395188 0
0.93 180.613 222.637 1290.58 46.8358 1581.93 82.2708 0.605116 0.394884 0
0.929 179.97 222.185 1289 47.0048 1581.24 82.2981 0.605422 0.394578 0
0.928 179.328 221.732 1287.43 47.174 1580.56 82.3254 0.605728 0.394272 0
0.927 178.686 221.28 1285.86 47.3435 1579.88 82.3526 0.606035 0.393965 0
0.926 178.045 220.827 1284.29 47.5132 1579.2 82.3798 0.606342 0.393658 0
0.925 177.404 220.374 1282.72 47.6832 1578.51 82.4069 0.606651 0.393349 0
0.924 176.763 219.921 1281.15 47.8533 1577.83 82.434 0.60696 0.39304 0
0.923 176.123 219.467 1279.58 48.0237 1577.15 82.4611 0.607269 0.392731 0
0.922 175.484 219.014 1278.01 48.1944 1576.46 82.4882 0.60758 0.39242 0
0.921 174.844 218.56 1276.45 48.3652 1575.78 82.5152 0.607891 0.392109 0
0.92 174.206 218.105 1274.88 48.5363 1575.09 82.5421 0.608203 0.391797 0
0.919 173.567 217.651 1273.31 48.7076 1574.41 82.5691 0.608515 0.391485 0
0.918 172.929 217.196 1271.75 48.8792 1573.72 82.5959 0.608829 0.391171 0
0.917 172.292 216.741 1270.18 49.051 1573.04 82.6228 0.609143 0.390857 0
0.916 171.655 216.286 1268.62 49.2231 1572.35 82.6496 0.609457 0.390543 0
0.915 171.018 215.831 1267.06 49.3953 1571.67 82.6763 0.609773 0.390227 0
0.914 170.382 215.375 1265.49 49.5678 1570.98 82.703 0.610089 0.389911 0
0.913 169.746 214.919 1263.93 49.7406 1570.29 82.7296 0.610406 0.389594 0
0.912 169.111 214.463 1262.37 49.9135 1569.61 82.7563 0.610723 0.389277 0
0.911 168.476 214.007 1260.81 50.0868 1568.92 82.7828 0.611042 0.388958 0
0.91 167.842 213.55 1259.25 50.2602 1568.23 82.8093 0.611361 0.388639 0
0.909 167.208 213.093 1257.69 50.4339 1567.54 82.8358 0.61168 0.38832 0
0.908 166.574 212.636 1256.13 50.6078 1566.86 82.8621 0.612001 0.387999 0
0.907 165.941 212.178 1254.57 50.782 1566.17 82.8885 0.612322 0.387678 0
0.906 165.308 211.721 1253.02 50.9564 1565.48 82.9148 0.612644 0.387356 0
0.905 164.676 211.263 1251.46 51.131 1564.79 82.941 0.612967 0.387033 0
0.904 164.044 210.805 1249.9 51.3059 1564.1 82.9672 0.61329 0.38671 0
0.903 163.413 210.346 1248.35 51.481 1563.41 82.9933 0.613614 0.386386 0
0.902 162.782 209.888 1246.79 51.6564 1562.72 83.0193 0.613939 0.386061 0
0.901 162.152 209.429 1245.24 51.8319 1562.03 83.0453 0.614264 0.385736 0
0.9 161.522 208.969 1243.69 52.0078 1561.34 83.0712 0.614591 0.385409 0
0.899 160.892 208.51 1242.13 52.1838 1560.65 83.0971 0.614918 0.385082 0
0.898 160.263 208.05 1240.58 52.3601 1559.96 83.1229 0.615245 0.384755 0
0.897 159.634 207.59 1239.03 52.5367 1559.27 83.1486 0.615574 0.384426 0
0.896 159.006 207.13 1237.48 52.7135 1558.58 83.1743 0.615903 0.384097 0
0.895 158.378 206.67 1235.93 52.8905 1557.89 83.1998 0.616233 0.383767 0
0.894 157.751 206.209 1234.38 53.0678 1557.19 83.2253 0.616563 0.383437 0
0.893 157.124 205.748 1232.83 53.2453 1556.5 83.2508 0.616895 0.383105 0
0.892 156.498 205.287 1231.28 53.423 1555.81 83.2761 0.617227 0.382773 0
0.891 155.872 204.825 1229.74 53.601 1555.12 83.3014 0.617559 0.382441 0
0.89 155.246 204.364 1228.19 53.7792 1554.42 83.3266 0.617893 0.382107 0
0.889 154.621 203.902 1226.64 53.9576 1553.73 83.3517 0.618227 0.381773 0
0.888 153.996 203.439 1225.1 54.1363 1553.03 83.3767 0.618562 0.381438 0
0.887 153.372 202.977 1223.55 54.3153 1552.34 83.4016 0.618898 0.381102 0
0.886 152.748 202.514 1222.01 54.4944 1551.65 83.4265 0.619234 0.380766 0
0.885 152.125 202.051 1220.47 54.6739 1550.95 83.4512 0.619571 0.380429 0
0.884 151.502 201.588 1218.92 54.8535 1550.26 83.4759 0.619909 0.380091 0
0.883 150.88 201.124 1217.38 55.0334 1549.56 83.5004 0.620247 0.379753 0
0.882 150.258 200.66 1215.84 55.2135 1548.86 83.5249 0.620587 0.379413 0
0.881 149.636 200.196 1214.3 55.3939 1548.17 83.5492 0.620927 0.379073 0
0.88 149.015 199.732 1212.76 55.5745 1547.47 83.5735 0.621267 0.378733 0
0.879 148.395 199.267 1211.22 55.7553 1546.78 83.5976 0.621609 0.378391 0
0.878 147.774 198.803 1209.68 55.9364 1546.08 83.6216 0.621951 0.378049 0
0.877 147.155 198.337 1208.14 56.1177 1545.38 83.6456 0.622293 0.377707 0
0.876 146.535 197.872 1206.61 56.2992 1544.68 83.6693 0.622637 0.377363 0
0.875 145.916 197.406 1205.07 56.481 1543.99 83.693 0.622981 0.377019 0
0.874 145.298 196.94 1203.53 56.663 1543.29 83.7165 0.623325 0.376675 0
0.873 144.68 196.474 1202 56.8452 1542.59 83.7399 0.623671 0.376329 0
0.872 144.062 196.008 1200.46 57.0277 1541.89 83.7632 0.624017 0.375983 0
0.871 143.445 195.541 1198.93 57.2104 1541.19 83.7864 0.624364 0.375636 0
0.87 142.829 195.074 1197.4 57.3933 1540.49 83.8093 0.624711 0.375289 0
0.869 142.213 194.607 1195.86 57.5765 1539.79 83.8322 0.625059 0.374941 0
0.868 141.597 194.139 1194.33 57.7598 1539.09 83.8549 0.625408 0.374592 0
0.867 140.982 193.671 1192.8 57.9434 1538.39 83.8774 0.625757 0.374243 0
0.866 140.367 193.203 1191.27 58.1272 1537.69 83.8997 0.626107 0.373893 0
0.865 139.752 192.735 1189.74 58.3113 1536.99 83.9219 0.626458 0.373542 0
0.864 139.138 192.266 1188.21 58.4955 1536.28 83.9439 0.626809 0.373191 0
0.863 138.525 191.797 1186.68 58.68 1535.58 83.9657 0.627161 0.372839 0
0.862 137.912 191.328 1185.15 58.8647 1534.88 83.9873 0.627514 0.372486 0
0.861 137.299 190.859 1183.63 59.0496 1534.18 84.0087 0.627867 0.372133 0
0.86 136.687 190.389 1182.1 59.2347 1533.47 84.0299 0.62822 0.37178 0
0.859 136.075 189.919 1180.57 59.42 1532.77 84.0509 0.628574 0.371426 0
0.858 135.464 189.449 1179.05 59.6055 1532.07 84.0716 0.628929 0.371071 0
0.857 134.853 188.978 1177.52 59.7912 1531.36 84.0921 0.629284 0.370716 0
0.856 134.242 188.507 1176 59.977 1530.66 84.1123 0.629639 0.370361 0
0.855 133.632 188.036 1174.47 60.1631 1529.95 84.1322 0.629995 0.370005 0
0.854 133.023 187.565 1172.95 60.3493 1529.24 84.1519 0.630352 0.369648 0
0.853 132.414 187.093 1171.43 60.5357 1528.54 84.1712 0.630709 0.369291 0
0.852 131.805 186.621 1169.91 60.7222 1527.83 84.1902 0.631066 0.368934 0
0.851 131.197 186.149 1168.39 60.9089 1527.12 84.2088 0.631423 0.368577 0
0.85 130.589 185.676 1166.87 61.0957 1526.42 84.2269 0.631781 0.368219 0
0.849 129.981 185.204 1165.34 61.2826 1525.71 84.2447 0.632139 0.367861 0
0.848 129.374 184.731 1163.83 61.4696 1525 84.2619 0.632496 0.367504 0
0.847 128.767 184.257 1162.31 61.6566 1524.29 84.2785 0.632854 0.367146 0
0.846 128.161 183.784 1160.79 61.8436 1523.58 84.2945 0.633211 0.366789 0
0.845 127.555 183.31 1159.27 62.0305 1522.87 84.3095 0.633568 0.366432 0
0.844 126.949 182.836 1157.75 62.2171 1522.16 84.3231 0.633923 0.366077 0
0.843 126.344 182.361 1156.23 62.403 1521.44 84.3348 0.634275 0.365725 0
0.842 125.739 181.886 1154.72 62.5893 1520.73 84.3464 0.634628 0.365372 0
0.841 125.134 181.411 1153.2 62.7759 1520.02 84.358 0.634982 0.365018 0
0.84 124.53 180.936 1151.68 62.9628 1519.3 84.3696 0.635337 0.364663 0
0.839 123.926 180.461 1150.17 63.1501 1518.59 84.3813 0.635693 0.364307 0
0.838 123.323 179.985 1148.65 63.3377 1517.87 84.3929 0.63605 0.36395 0
0.837 122.72 179.509 1147.14 63.5257 1517.16 84.4045 0.636409 0.363591 0
0.836 122.118 179.032 1145.63 63.714 1516.44 84.4162 0.636768 0.363232 0
0.835 121.517 178.555 1144.11 63.9027 1515.73 84.4278 0.637128 0.362872 0
0.834 120.915 178.078 1142.6 64.0917 1515.01 84.4395 0.63749 0.36251 0
0.833 120.315 177.601 1141.09 64.2811 1514.29 84.4511 0.637852 0.362148 0
0.832 119.715 177.124 1139.58 64.4708 1513.58 84.4628 0.638216 0.361784 0
0.831 119.115 176.646 1138.07 64.6609 1512.86 84.4744 0.638581 0.361419 0
0.83 118.516 176.168 1136.56 64.8513 1512.14 84.4861 0.638947 0.361053 0
0.829 117.917 175.689 1135.06 65.0421 1511.43 84.4977 0.639313 0.360687 0
0.828 117.319 175.21 1133.55 65.2332 1510.71 84.5094 0.639682 0.360318 0
0.827 116.721 174.731 1132.04 65.4247 1509.99 84.521 0.640051 0.359949 0
0.826 116.124 174.252 1130.54 65.6166 1509.27 84.5327 0.640421 0.359579 0
0.825 115.527 173.773 1129.03 65.8088 1508.56 84.5444 0.640792 0.359208 0
0.824 114.931 173.293 1127.53 66.0014 1507.84 84.556 0.641165 0.358835 0
0.823 114.335 172.812 1126.02 66.1944 1507.12 84.5677 0.641538 0.358462 0
0.822 113.74 172.332 1124.52 66.3877 1506.4 84.5793 0.641913 0.358087 0
0.821 113.145 171.851 1123.02 66.5814 1505.68 84.591 0.642289 0.357711 0
0.82 112.551 171.37 1121.52 66.7754 1504.96 84.6026 0.642666 0.357334 0
0.819 111.957 170.889 1120.02 66.9699 1504.24 84.6142 0.643044 0.356956 0
0.818 111.364 170.407 1118.52 67.1647 1503.52 84.6259 0.643423 0.356577 0
0.817 110.772 169.925 1117.02 67.3598 1502.8 84.6375 0.643803 0.356197 0
0.816 110.179 169.443 1115.52 67.5554 1502.08 84.6491 0.644185 0.355815 0
0.815 109.588 168.96 1114.02 67.7513 1501.36 84.6607 0.644567 0.355433 0
0.814 108.996 168.478 1112.52 67.9476 1500.64 84.6724 0.644951 0.355049 0
0.813 108.406 167.994 1111.03 68.1442 1499.92 84.684 0.645336 0.354664 0
0.812 107.816 167.511 1109.53 68.3413 1499.2 84.6956 0.645722 0.354278 0
0.811 107.226 167.027 1108.04 68.5387 1498.47 84.7072 0.64611 0.35389 0
0.81 106.637 166.543 1106.54 68.7365 1497.75 84.7187 0.646498 0.353502 0
0.809 106.048 166.059 1105.05 68.9347 1497.03 84.7303 0.646888 0.353112 0
0.808 105.46 165.574 1103.56 69.1332 1496.31 84.7419 0.647279 0.352721 0
0.807 104.872 165.089 1102.06 69.3322 1495.58 84.7534 0.647671 0.352329 0
0.806 104.285 164.604 1100.57 69.5315 1494.86 84.765 0.648064 0.351936 0
0.805 103.698 164.118 1099.08 69.7313 1494.14 84.7765 0.648459 0.351541 0
0.804 103.112 163.632 1097.59 69.9314 1493.41 84.788 0.648854 0.351146 0
0.803 102.526 163.146 1096.1 70.1319 1492.69 84.7995 0.649251 0.350749 0
0.802 101.941 162.66 1094.61 70.3328 1491.96 84.811 0.649649 0.350351 0
0.801 101.357 162.173 1093.13 70.5341 1491.24 84.8225 0.650049 0.349951 0
0.8 100.773 161.686 1091.64 70.7358 1490.51 84.834 0.650449 0.349551 0
0.799 100.189 161.198 1090.15 70.9379 1489.79 84.8454 0.650851 0.349149 0
0.798 99.6059 160.711 1088.67 71.1404 1489.06 84.8568 0.651254 0.348746 0
0.797 99.0233 160.222 1087.18 71.3433 1488.34 84.8682 0.651658 0.348342 0
0.796 98.4412 159.734 1085.7 71.5466 1487.61 84.8796 0.652064 0.347936 0
0.795 97.8596 159.245 1084.21 71.7503 1486.89 84.891 0.65247 0.34753 0
0.794 97.2785 158.756 1082.73 71.9543 1486.16 84.9024 0.652878 0.347122 0
0.793 96.698 158.267 1081.25 72.1589 1485.43 84.9137 0.653288 0.346712 0
0.792 96.1179 157.777 1079.77 72.3638 1484.7 84.925 0.653698 0.346302 0
0.791 95.5384 157.287 1078.29 72.5691 1483.98 84.9363 0.65411 0.34589 0
0.79 94.9594 156.797 1076.81 72.7748 1483.25 84.9476 0.654523 0.345477 0
0.789 94.3809 156.307 1075.33 72.981 1482.52 84.9589 0.654937 0.345063 0
0.788 93.8029 155.816 1073.85 73.1875 1481.79 84.9701 0.655353 0.344647 0
0.787 93.2254 155.324 1072.37 73.3945 1481.06 84.9813 0.65577 0.34423 0
0.786 92.6484 154.833 1070.9 73.6019 1480.34 84.9925 0.656188 0.343812 0
0.785 92.072 154.341 1069.42 73.8097 1479.61 85.0036 0.656608 0.343392 0
0.784 91.496 153.849 1067.94 74.018 1478.88 85.0147 0.657029 0.342971 0
0.783 90.9206 153.356 1066.47 74.2266 1478.15 85.0258 0.657451 0.342549 0
0.782 90.3457 152.863 1064.99 74.4357 1477.42 85.0369 0.657875 0.342125 0
0.781 89.7713 152.37 1063.52 74.6452 1476.69 85.0479 0.658299 0.341701 0
0.78 89.1974 151.877 1062.05 74.8552 1475.96 85.0589 0.658726 0.341274 0
0.779 88.624 151.383 1060.58 75.0655 1475.23 85.0699 0.659153 0.340847 0
0.778 88.0512 150.889 1059.11 75.2764 1474.49 85.0808 0.659582 0.340418 0
0.777 87.4789 150.394 1057.63 75.4876 1473.76 85.0917 0.660012 0.339988 0
0.776 86.907 149.899 1056.16 75.6993 1473.03 85.1026 0.660444 0.339556 0
0.775 86.3358 149.404 1054.7 75.9114 1472.3 85.1134 0.660877 0.339123 0
0.774 85.765 148.908 1053.23 76.1239 1471.57 85.1242 0.661311 0.338689 0
0.773 85.1947 148.413 1051.76 76.3369 1470.83 85.1349 0.661747 0.338253 0
0.772 84.625 147.916 1050.29 76.5504 1470.1 85.1456 0.662184 0.337816 0
0.771 84.0557 147.42 1048.83 76.7643 1469.37 85.1563 0.662622 0.337378 0
0.77 83.487 146.923 1047.36 76.9786 1468.63 85.1669 0.663062 0.336938 0
0.769 82.9188 146.426 1045.9 77.1934 1467.9 85.1775 0.663503 0.336497 0
0.768 82.3512 145.928 1044.43 77.4086 1467.17 85.188 0.663946 0.336054 0
0.767 81.784 145.43 1042.97 77.6243 1466.43 85.1985 0.66439 0.33561 0
0.766 81.2174 144.932 1041.51 77.8404 1465.7 85.2089 0.664836 0.335164 0
0.765 80.6513 144.434 1040.04 78.0571 1464.96 85.2193 0.665283 0.334717 0
0.764 80.0857 143.935 1038.58 78.2741 1464.23 85.2296 0.665731 0.334269 0
0.763 79.5206 143.436 1037.12 78.4916 1463.49 85.2399 0.666181 0.333819 0
0.762 78.9561 142.936 1035.66 78.7096 1462.76 85.2501 0.666632 0.333368 0
0.761 78.392 142.436 1034.2 78.9281 1462.02 85.2603 0.667085 0.332915 0
0.76 77.8285 141.936 1032.75 79.147 1461.28 85.2704 0.667539 0.332461 0
0.759 77.2655 141.435 1031.29 79.3664 1460.55 85.2804 0.667995 0.332005 0
0.758 76.7031 140.934 1029.83 79.5863 1459.81 85.2904 0.668452 0.331548 0
0.757 76.1411 140.433 1028.38 79.8067 1459.07 85.3003 0.66891 0.33109 0
0.756 75.5797 139.931 1026.92 80.0275 1458.33 85.3101 0.66937 0.33063 0
0.755 75.0188 139.429 1025.47 80.2488 1457.59 85.3199 0.669832 0.330168 0
0.754 74.4584 138.927 1024.01 80.4706 1456.86 85.3296 0.670295 0.329705 0
0.753 73.8986 138.424 1022.56 80.6929 1456.12 85.3392 0.67076 0.32924 0
0.752 73.3392 137.921 1021.11 80.9157 1455.38 85.3488 0.671226 0.328774 0
0.751 72.7804 137.417 1019.65 81.139 1454.64 85.3583 0.671694 0.328306 0
0.75 72.2221 136.914 1018.2 81.3628 1453.9 85.3677 0.672163 0.327837 0
0.749 71.6643 136.409 1016.75 81.587 1453.16 85.377 0.672634 0.327366 0
0.748 71.1071 135.905 1015.3 81.8118 1452.42 85.3862 0.673106 0.326894 0
0.747 70.5503 135.4 1013.85 82.0371 1451.68 85.3953 0.67358 0.32642 0
0.746 69.9941 134.895 1012.4 82.2629 1450.94 85.4044 0.674056 0.325944 0
0.745 69.4385 134.389 1010.96 82.4892 1450.2 85.4134 0.674533 0.325467 0
0.744 68.8833 133.883 1009.51 82.716 1449.45 85.4222 0.675011 0.324989 0
0.743 68.3286 133.377 1008.06 82.9433 1448.71 85.431 0.675492 0.324508 0
0.742 67.7745 132.87 1006.62 83.1712 1447.97 85.4396 0.675974 0.324026 0
0.741 67.2209 132.363 1005.17 83.3995 1447.23 85.4482 0.676457 0.323543 0
0.74 66.6678 131.856 1003.73 83.6284 1446.48 85.4566 0.676942 0.323058 0
0.739 66.1153 131.348 1002.29 83.8579 1445.74 85.465 0.677429 0.322571 0
0.738 65.5632 130.84 1000.84 84.0878 1445 85.4732 0.677918 0.322082 0
0.737 65.0117 130.331 999.402 84.3183 1444.25 85.4813 0.678408 0.321592 0
0.736 64.4607 129.822 997.961 84.5494 1443.51 85.4892 0.6789 0.3211 0
0.735 63.9102 129.313 996.52 84.781 1442.76 85.4971 0.679393 0.320607 0
0.734 63.3602 128.803 995.081 85.0131 1442.02 85.5048 0.679888 0.320112 0
0.733 62.8108 128.293 993.641 85.2458 1441.27 85.5123 0.680385 0.319615 0
0.732 62.2618 127.783 992.203 85.4791 1440.53 85.5198 0.680884 0.319116 0
0.731 61.7134 127.272 990.765 85.7129 1439.78 85.527 0.681384 0.318616 0
0.73 61.1655 126.761 989.328 85.9473 1439.03 85.5342 0.681886 0.318114 0
0.729 60.6181 126.25 987.892 86.1823 1438.29 85.5411 0.68239 0.31761 0
0.728 60.0712 125.738 986.456 86.4178 1437.54 85.5479 0.682896 0.317104 0
0.727 59.5249 125.225 985.021 86.654 1436.79 85.5545 0.683403 0.316597 0
0.726 58.979 124.713 983.587 86.8907 1436.04 85.561 0.683912 0.316088 0
0.725 58.4337 124.2 982.154 87.128 1435.29 85.5672 0.684423 0.315577 0
0.724 57.8888 123.686 980.721 87.3659 1434.54 85.5733 0.684936 0.315064 0
0.723 57.3445 123.173 979.288 87.6044 1433.79 85.5792 0.685451 0.314549 0
0.722 56.8007 122.658 977.857 87.8436 1433.04 85.5848 0.685968 0.314032 0
0.721 56.2573 122.144 976.426 88.0833 1432.29 85.5903 0.686486 0.313514 0
0.72 55.7145 121.629 974.996 88.3237 1431.54 85.5955 0.687007 0.312993 0
0.719 55.1722 121.113 973.566 88.5647 1430.79 85.6004 0.687529 0.312471 0
0.718 54.6304 120.598 972.137 88.8064 1430.04 85.6052 0.688053 0.311947 0
0.717 54.089 120.082 970.709 89.0487 1429.29 85.6096 0.688579 0.311421 0
0.716 53.5482 119.565 969.282 89.2917 1428.53 85.6138 0.689108 0.310892 0
0.715 53.0078 119.048 967.855 89.5354 1427.78 85.6177 0.689638 0.310362 0
0.714 52.468 118.531 966.429 89.7797 1427.03 85.6213 0.69017 0.30983 0
0.713 51.9286 118.013 965.003 90.0247 1426.27 85.6246 0.690704 0.309296 0
0.712 51.3897 117.495 963.578 90.2705 1425.52 85.6275 0.691241 0.308759 0
0.711 50.8512 116.977 962.154 90.5169 1424.76 85.6301 0.691779 0.308221 0
0.71 50.3133 116.458 960.73 90.7641 1424.01 85.6323 0.69232 0.30768 0
0.709 49.7758 115.938 959.307 91.0121 1423.25 85.6341 0.692863 0.307137 0
0.708 49.2387 115.419 957.885 91.2608 1422.49 85.6355 0.693408 0.306592 0
0.707 48.7021 114.899 956.463 91.5103 1421.73 85.6364 0.693956 0.306044 0
0.706 48.1659 114.378 955.042 91.7605 1420.97 85.6368 0.694505 0.305495 0
0.705 47.6302 113.857 953.621 92.0117 1420.21 85.6368 0.695058 0.304942 0
0.704 47.0949 113.336 952.201 92.2636 1419.45 85.6361 0.695612 0.304388 0
0.703 46.56 112.814 950.782 92.5165 1418.69 85.6348 0.696169 0.303831 0
0.702 46.0254 112.292 949.363 92.7703 1417.93 85.6329 0.696729 0.303271 0
0.701 45.4913 111.77 947.944 93.025 1417.17 85.6303 0.697291 0.302709 0
0.7 44.9575 111.247 946.526 93.2807 1416.41 85.6268 0.697857 0.302143 0
0.699 44.4241 110.724 945.109 93.5375 1415.64 85.6224 0.698425 0.301575 0
0.698 43.8909 110.2 943.692 93.7954 1414.87 85.617 0.698996 0.301004 0
0.697 43.358 109.676 942.275 94.0546 1414.11 85.6105 0.69957 0.30043 0
0.696 42.8253 109.151 940.859 94.315 1413.34 85.6026 0.700148 0.299852 0
0.695 42.2927 108.626 939.443 94.577 1412.57 85.5931 0.70073 0.29927 0
0.694 41.7602 108.101 938.027 94.8406 1411.8 85.5816 0.701317 0.298683 0
0.693 41.2275 107.575 936.611 95.1063 1411.02 85.5675 0.701908 0.298092 0
0.692 40.6943 107.049 935.194 95.3747 1410.24 85.5497 0.702506 0.297494 0
0.691 40.1598 106.523 933.776 95.6477 1409.46 85.5249 0.703115 0.296885 0
0.69 39.6222 105.996 932.354 95.929 1408.66 85.4869 0.703744 0.296256 0
0.689 39.0851 105.469 930.933 96.2109 1407.86 85.4486 0.704374 0.295626 0
0.688 38.5485 104.941 929.513 96.4934 1407.07 85.4104 0.705007 0.294993 0
0.687 38.0125 104.413 928.094 96.7766 1406.27 85.3721 0.705641 0.294359 0
0.686 37.4771 103.885 926.675 97.0603 1405.47 85.3338 0.706277 0.293723 0
0.685 36.9423 103.356 925.257 97.3446 1404.67 85.2954 0.706914 0.293086 0
0.684 36.408 102.827 923.84 97.6296 1403.87 85.2571 0.707554 0.292446 0
0.683 35.8743 102.297 922.424 97.9152 1403.07 85.2187 0.708195 0.291805 0
0.682 35.3412 101.768 921.008 98.2014 1402.27 85.1803 0.708839 0.291161 0
0.681 34.8086 101.237 919.594 98.4882 1401.47 85.1419 0.709484 0.290516 0
0.68 34.2766 100.707 918.18 98.7756 1400.67 85.1034 0.71013 0.28987 0
0.679 33.7452 100.176 916.767 99.0636 1399.87 85.0649 0.710779 0.289221 0
0.678 33.2144 99.6443 915.355 99.3523 1399.07 85.0264 0.71143 0.28857 0
0.677 32.6842 99.1125 913.943 99.6416 1398.27 84.9879 0.712082 0.287918 0
0.676 32.1545 98.5803 912.533 99.9315 1397.47 84.9493 0.712737 0.287263 0
0.675 31.6254 98.0477 911.123 100.222 1396.66 84.9107 0.713393 0.286607 0
0.674 31.0969 97.5148 909.714 100.513 1395.86 84.8721 0.714051 0.285949 0
0.673 30.5689 96.9814 908.305 100.805 1395.06 84.8335 0.714711 0.285289 0
0.672 30.0416 96.4477 906.898 101.098 1394.26 84.7948 0.715373 0.284627 0
0.671 29.5148 95.9135 905.491 101.391 1393.45 84.7561 0.716036 0.283964 0
0.67 28.9886 95.379 904.086 101.684 1392.65 84.7174 0.716702 0.283298 0
0.669 28.463 94.8441 902.68 101.979 1391.84 84.6786 0.717369 0.282631 0
0.668 27.9379 94.3087 901.276 102.274 1391.04 84.6398 0.718039 0.281961 0
0.667 27.4135 93.773 899.873 102.569 1390.23 84.601 0.71871 0.28129 0
0.666 26.8896 93.2369 898.47 102.866 1389.43 84.5621 0.719384 0.280616 0
0.665 26.3663 92.7004 897.068 103.163 1388.62 84.5233 0.720059 0.279941 0
0.664 25.8436 92.1634 895.667 103.46 1387.82 84.4844 0.720736 0.279264 0
0.663 25.3215 91.6261 894.267 103.759 1387.01 84.4454 0.721415 0.278585 0
0.662 24.8 91.0884 892.868 104.058 1386.2 84.4065 0.722096 0.277904 0
0.661 24.2791 90.5502 891.469 104.357 1385.4 84.3675 0.72278 0.27722 0
0.66 23.7587 90.0117 890.071 104.658 1384.59 84.3284 0.723465 0.276535 0
0.659 23.2389 89.4727 888.674 104.959 1383.78 84.2894 0.724152 0.275848 0
0.658 22.7198 88.9333 887.278 105.26 1382.98 84.2503 0.724841 0.275159 0
0.657 22.2012 88.3936 885.883 105.562 1382.17 84.2112 0.725532 0.274468 0
0.656 21.6832 87.8534 884.488 105.865 1381.36 84.172 0.726225 0.273775 0
0.655 21.1658 87.3128 883.094 106.169 1380.55 84.1328 0.72692 0.27308 0
0.654 20.649 86.7717 881.701 106.474 1379.74 84.0936 0.727617 0.272383 0
0.653 20.1328 86.2303 880.309 106.779 1378.93 84.0544 0.728316 0.271684 0
0.652 19.6171 85.6884 878.917 107.084 1378.12 84.0151 0.729017 0.270983 0
0.651 19.1021 85.1461 877.527 107.391 1377.31 83.9758 0.72972 0.27028 0
0.65 18.5877 84.6034 876.137 107.698 1376.5 83.9364 0.730425 0.269575 0
0.649 18.0738 84.0603 874.748 108.006 1375.69 83.897 0.731132 0.268868 0
0.648 17.5606 83.5167 873.36 108.314 1374.88 83.8576 0.731842 0.268158 0
0.647 17.048 82.9728 871.973 108.623 1374.07 83.8182 0.732553 0.267447 0
0.646 16.5359 82.4284 870.586 108.933 1373.25 83.7787 0.733266 0.266734 0
0.645 16.0245 81.8835 869.2 109.244 1372.44 83.7392 0.733982 0.266018 0
0.644 15.5136 81.3383 867.815 109.555 1371.63 83.6996 0.734699 0.265301 0
0.643 15.0034 80.7926 866.431 109.867 1370.82 83.66 0.735419 0.264581 0
0.642 14.4937 80.2464 865.048 110.18 1370 83.6204 0.736141 0.263859 0
0.641 13.9847 79.6999 863.665 110.493 1369.19 83.5807 0.736865 0.263135 0
0.64 13.4762 79.1529 862.284 110.808 1368.37 83.541 0.73759 0.26241 0
0.639 12.9684 78.6054 860.903 111.123 1367.56 83.5013 0.738318 0.261682 0
0.638 12.4611 78.0575 859.523 111.438 1366.75 83.4615 0.739049 0.260951 0
0.637 11.9545 77.5092 858.143 111.755 1365.93 83.4217 0.739781 0.260219 0
0.636 11.4485 76.9604 856.765 112.072 1365.12 83.3818 0.740515 0.259485 0
0.635 10.943 76.4112 855.387 112.39 1364.3 83.3419 0.741252 0.258748 0
0.634 10.4382 75.8616 854.01 112.708 1363.48 83.302 0.741991 0.258009 0
0.633 9.934 75.3115 852.634 113.028 1362.67 83.262 0.742732 0.257268 0
0.632 9.4304 74.7609 851.259 113.348 1361.85 83.222 0.743475 0.256525 0
0.631 8.9274 74.2099 849.885 113.668 1361.03 83.182 0.74422 0.25578 0
0.63 8.42501 73.6585 848.511 113.99 1360.22 83.1419 0.744967 0.255033 0
0.629 7.92323 73.1066 847.138 114.312 1359.4 83.1018 0.745717 0.254283 0
0.628 7.42206 72.5542 845.766 114.635 1358.58 83.0616 0.746469 0.253531 0
0.627 6.9215 72.0014 844.395 114.959 1357.76 83.0214 0.747223 0.252777 0
0.626 6.42155 71.4481 843.025 115.284 1356.94 82.9811 0.747979 0.252021 0
0.625 5.92222 70.8944 841.655 115.609 1356.12 82.9408 0.748737 0.251263 0
0.624 5.4235 70.3402 840.286 115.935 1355.3 82.9005 0.749498 0.250502 0
0.623 4.92539 69.7855 838.918 116.262 1354.48 82.8601 0.750261 0.249739 0
0.622 4.4279 69.2304 837.551 116.59 1353.66 82.8197 0.751026 0.248974 0
0.621 3.93102 68.6748 836.185 116.918 1352.84 82.7793 0.751793 0.248207 0
0.62 3.43476 68.1187 834.819 117.248 1352.02 82.7387 0.752563 0.247437 0
0.619 2.93911 67.5622 833.455 117.578 1351.2 82.6982 0.753335 0.246665 0
0.618 2.44408 67.0052 832.091 117.909 1350.38 82.6576 0.754109 0.245891 0
0.617 1.94967 66.4477 830.728 118.24 1349.56 82.617 0.754885 0.245115 0
0.616 1.45588 65.8898 829.366 118.573 1348.74 82.5763 0.755664 0.244336 0
0.615 0.962708 65.3313 828.004 118.906 1347.91 82.5356 0.756445 0.243555 0
0.614 0.470156 64.7724 826.644 119.24 1347.09 82.4948 0.757228 0.242772 0
0.613 -0.0217748 64.213 825.284 119.575 1346.27 82.454 0.758014 0.241986 0
0.612 -0.513084 63.6532 823.925 119.91 1345.44 82.4131 0.758802 0.241198 0
0.611 -1.00377 63.0928 822.567 120.247 1344.62 82.3722 0.759592 0.240408 0
0.61 -1.49384 62.532 821.209 120.584 1343.8 82.3312 0.760385 0.239615 0
0.609 -1.98328 61.9706 819.853 120.922 1342.97 82.2902 0.76118 0.23882 0
0.608 -2.47209 61.4088 818.497 121.261 1342.15 82.2491 0.761977 0.238023 0
0.607 -2.96028 60.8465 817.142 121.601 1341.32 82.208 0.762776 0.237224 0
0.606 -3.44785 60.2837 815.788 121.941 1340.5 82.1669 0.763578 0.236422 0
0.605 -3.93479 59.7204 814.435 122.283 1339.67 82.1257 0.764383 0.235617 0
0.604 -4.4211 59.1566 813.082 122.625 1338.84 82.0844 0.765189 0.234811 0
0.603 -4.90679 58.5923 811.731 122.968 1338.02 82.0431 0.765998 0.234002 0
0.602 -5.39184 58.0275 810.38 123.312 1337.19 82.0018 0.76681 0.23319 0
0.601 -5.87627 57.4622 809.03 123.656 1336.36 81.9603 0.767624 0.232376 0
0.6 -6.36006 56.8964 807.681 124.002 1335.53 81.9189 0.76844 0.23156 0
0.599 -6.84323 56.3301 806.332 124.348 1334.71 81.8774 0.769259 0.230741 0
0.598 -7.32577 55.7632 804.985 124.696 1333.88 81.8358 0.77008 0.22992 0
0.597 -7.80767 55.1959 803.638 125.044 1333.05 81.7942 0.770903 0.229097 0
0.596 -8.28894 54.628 802.292 125.393 1332.22 81.7525 0.771729 0.228271 0
0.595 -8.76957 54.0597 800.947 125.743 1331.39 81.7108 0.772558 0.227442 0
0.594 -9.24958 53.4908 799.603 126.094 1330.56 81.669 0.773388 0.226612 0
0.593 -9.72895 52.9214 798.259 126.445 1329.73 81.6272 0.774222 0.225778 0
0.592 -10.2077 52.3515 796.916 126.798 1328.9 81.5853 0.775058 0.224942 0
0.591 -10.6858 51.781 795.575 127.151 1328.07 81.5433 0.775896 0.224104 0
0.59 -11.1632 51.2101 794.234 127.505 1327.24 81.5013 0.776737 0.223263 0
0.589 -11.6401 50.6386 792.893 127.861 1326.41 81.4593 0.77758 0.22242 0
0.588 -12.1162 50.0665 791.554 128.217 1325.57 81.4172 0.778425 0.221575 0
0.587 -12.5918 49.494 790.216 128.574 1324.74 81.375 0.779274 0.220726 0
0.586 -13.0667 48.9209 788.878 128.931 1323.91 81.3328 0.780124 0.219876 0
0.585 -13.541 48.3473 787.541 129.29 1323.08 81.2905 0.780978 0.219022 0
0.584 -14.0146 47.7731 786.205 129.65 1322.24 81.2481 0.781833 0.218167 0
0.583 -14.4876 47.1984 784.87 130.01 1321.41 81.2057 0.782692 0.217308 0
0.582 -14.9599 46.6231 783.535 130.372 1320.58 81.1632 0.783552 0.216448 0
0.581 -15.4316 46.0473 782.202 130.734 1319.74 81.1207 0.784416 0.215584 0
0.58 -15.9027 45.471 780.869 131.098 1318.91 81.0781 0.785282 0.214718 0
0.579 -16.3731 44.8941 779.537 131.462 1318.07 81.0354 0.78615 0.21385 0
0.578 -16.8428 44.3167 778.206 131.827 1317.24 80.9927 0.787021 0.212979 0
0.577 -17.312 43.7387 776.875 132.193 1316.4 80.9499 0.787895 0.212105 0
0.576 -17.7804 43.1601 775.546 132.56 1315.56 80.9071 0.788771 0.211229 0
0.575 -18.2483 42.581 774.217 132.929 1314.73 80.8642 0.78965 0.21035 0
0.574 -18.7154 42.0014 772.889 133.298 1313.89 80.8212 0.790532 0.209468 0
0.573 -19.182 41.4211 771.562 133.667 1313.05 80.7781 0.791416 0.208584 0
0.572 -19.6479 40.8403 770.236 134.038 1312.22 80.735 0.792302 0.207698 0
0.571 -20.1131 40.259 768.911 134.41 1311.38 80.6919 0.793192 0.206808 0
0.57 -20.5777 39.677 767.586 134.783 1310.54 80.6486 0.794084 0.205916 0
0.569 -21.0416 39.0945 766.262 135.157 1309.7 80.6053 0.794978 0.205022 0
0.568 -21.5049 38.5115 764.939 135.532 1308.86 80.5619 0.795875 0.204125 0
0.567 -21.9675 37.9278 763.617 135.907 1308.02 80.5185 0.796775 0.203225 0
0.566 -22.4295 37.3436 762.296 136.284 1307.18 80.475 0.797678 0.202322 0
0.565 -22.8908 36.7587 760.976 136.662 1306.34 80.4314 0.798583 0.201417 0
0.564 -23.3515 36.1733 759.656 137.041 1305.5 80.3877 0.799491 0.200509 0
0.563 -23.8115 35.5874 758.337 137.42 1304.66 80.344 0.800401 0.199599 0
0.562 -24.2709 35.0008 757.019 137.801 1303.82 80.3002 0.801315 0.198685 0
0.561 -24.7296 34.4136 755.702 138.183 1302.98 80.2563 0.802231 0.197769 0
0.56 -25.1876 33.8259 754.386 138.566 1302.14 80.2123 0.803149 0.196851 0
0.559 -25.645 33.2375 753.07 138.949 1301.3 80.1683 0.804071 0.195929 0
0.558 -26.1018 32.6485 751.756 139.334 1300.46 80.1242 0.804995 0.195005 0
0.557 -26.5578 32.059 750.442 139.72 1299.61 80.08 0.805922 0.194078 0
0.556 -27.0133 31.4688 749.129 140.107 1298.77 80.0358 0.806851 0.193149 0
0.555 -27.468 30.878 747.817 140.495 1297.93 79.9915 0.807783 0.192217 0
0.554 -27.9221 30.2867 746.505 140.883 1297.08 79.947 0.808719 0.191281 0
0.553 -28.3756 29.6947 745.195 141.273 1296.24 79.9026 0.809656 0.190344 0
0.552 -28.8283 29.102 743.885 141.664 1295.39 79.858 0.810597 0.189403 0
0.551 -29.2805 28.5088 742.576 142.056 1294.55 79.8133 0.81154 0.18846 0
0.55 -29.7319 27.915 741.268 142.45 1293.7 79.7686 0.812486 0.187514 0
0.549 -30.1827 27.3205 739.961 142.844 1292.86 79.7238 0.813435 0.186565 0
0.548 -30.6328 26.7254 738.655 143.239 1292.01 79.6789 0.814387 0.185613 0
0.547 -31.0823 26.1297 737.349 143.635 1291.16 79.6339 0.815341 0.184659 0
0.546 -31.5311 25.5333 736.044 144.033 1290.32 79.5889 0.816299 0.183701 0
0.545 -31.9793 24.9363 734.741 144.431 1289.47 79.5437 0.817259 0.182741 0
0.544 -32.4267 24.3387 733.437 144.831 1288.62 79.4985 0.818222 0.181778 0
0.543 -32.8736 23.7404 732.135 145.231 1287.77 79.4532 0.819187 0.180813 0
0.542 -33.3197 23.1415 730.834 145.633 1286.93 79.4078 0.820156 0.179844 0
0.541 -33.7652 22.542 729.533 146.036 1286.08 79.3623 0.821127 0.178873 0
0.54 -34.21 21.9418 728.233 146.44 1285.23 79.3167 0.822102 0.177898 0
0.539 -34.6541 21.3409 726.935 146.845 1284.38 79.271 0.823079 0.176921 0
0.538 -35.0976 20.7394 725.636 147.251 1283.53 79.2253 0.824059 0.175941 0
0.537 -35.5404 20.1372 724.339 147.659 1282.68 79.1794 0.825042 0.174958 0
0.536 -35.9826 19.5344 723.043 148.067 1281.83 79.1335 0.826027 0.173973 0
0.535 -36.424 18.9309 721.747 148.477 1280.98 79.0875 0.827016 0.172984 0
0.534 -36.8648 18.3267 720.452 148.887 1280.13 79.0413 0.828007 0.171993 0
0.533 -37.305 17.7219 719.158 149.299 1279.27 78.9951 0.829002 0.170998 0
0.532 -37.7444 17.1164 717.865 149.712 1278.42 78.9488 0.829999 0.170001 0
0.531 -38.1832 16.5102 716.573 150.126 1277.57 78.9024 0.830999 0.169001 0
0.53 -38.6214 15.9034 715.282 150.542 1276.72 78.8558 0.832002 0.167998 0
0.529 -39.0588 15.2958 713.991 150.958 1275.86 78.8092 0.833008 0.166992 0
0.528 -39.4956 14.6876 712.701 151.376 1275.01 78.7625 0.834016 0.165984 0
0.527 -39.9317 14.0787 711.412 151.795 1274.16 78.7157 0.835028 0.164972 0
0.526 -40.3671 13.4691 710.124 152.215 1273.3 78.6688 0.836043 0.163957 0
0.525 -40.8019 12.8588 708.837 152.636 1272.45 78.6218 0.83706 0.16294 0
0.524 -41.236 12.2478 707.55 153.058 1271.59 78.5746 0.838081 0.161919 0
0.523 -41.6694 11.6361 706.265 153.482 1270.74 78.5274 0.839104 0.160896 0
0.522 -42.1021 11.0237 704.98 153.907 1269.88 78.4801 0.840131 0.159869 0
0.521 -42.5342 10.4106 703.696 154.333 1269.02 78.4326 0.84116 0.15884 0
0.52 -42.9656 9.79678 702.413 154.76 1268.17 78.3851 0.842192 0.157808 0
0.519 -43.3963 9.18225 701.131 155.188 1267.31 78.3374 0.843227 0.156773 0
0.518 -43.8264 8.567 699.849 155.618 1266.45 78.2896 0.844266 0.155734 0
0.517 -44.2557 7.95102 698.569 156.049 1265.6 78.2418 0.845307 0.154693 0
0.516 -44.6844 7.33433 697.289 156.481 1264.74 78.1938 0.846351 0.153649 0
0.515 -45.1125 6.7169 696.01 156.915 1263.88 78.1457 0.847398 0.152602 0
0.514 -45.5398 6.09875 694.732 157.349 1263.02 78.0974 0.848448 0.151552 0
0.513 -45.9665 5.47986 693.454 157.785 1262.16 78.0491 0.849501 0.150499 0
0.512 -46.3925 4.86023 692.178 158.223 1261.3 78.0006 0.850557 0.149443 0
0.511 -46.8178 4.23986 690.902 158.661 1260.44 77.9521 0.851616 0.148384 0
0.51 -47.2424 3.61874 689.627 159.101 1259.58 77.9034 0.852677 0.147323 0
0.509 -47.6664 2.99688 688.353 159.542 1258.72 77.8546 0.853742 0.146258 0
0.508 -48.0897 2.37426 687.08 159.984 1257.86 77.8056 0.85481 0.14519 0
0.507 -48.5123 1.75089 685.808 160.428 1256.99 77.7566 0.855881 0.144119 0
0.506 -48.9343 1.12676 684.537 160.873 1256.13 77.7074 0.856955 0.143045 0
0.505 -49.3555 0.50186 683.266 161.319 1255.27 77.6581 0.858032 0.141968 0
0.504 -49.7761 -0.123804 681.996 161.767 1254.4 77.6086 0.859111 0.140889 0
0.503 -50.196 -0.750239 680.727 162.216 1253.54 77.5591 0.860194 0.139806 0
0.502 -50.6153 -1.37745 679.459 162.666 1252.68 77.5094 0.86128 0.13872 0
0.501 -51.0338 -2.00544 678.192 163.117 1251.81 77.4595 0.862369 0.137631 0
0.5 -51.4517 -2.63421 676.925 163.57 1250.95 77.4096 0.86346 0.13654 0
0.499 -51.869 -3.26376 675.66 164.025 1250.08 77.3595 0.864555 0.135445 0
0.498 -52.2855 -3.89411 674.395 164.48 1249.22 77.3092 0.865653 0.134347 0
0.497 -52.7014 -4.52525 673.131 164.937 1248.35 77.2588 0.866753 0.133247 0
0.496 -53.1166 -5.15719 671.868 165.395 1247.48 77.2083 0.867857 0.132143 0
0.495 -53.5311 -5.78992 670.605 165.855 1246.61 77.1577 0.868963 0.131037 0
0.494 -53.9449 -6.42347 669.344 166.316 1245.75 77.1069 0.870073 0.129927 0
0.493 -54.3581 -7.05782 668.083 166.779 1244.88 77.0559 0.871186 0.128814 0
0.492 -54.7706 -7.69299 666.824 167.243 1244.01 77.0049 0.872301 0.127699 0
0.491 -55.1824 -8.32898 665.565 167.708 1243.14 76.9536 0.87342 0.12658 0
0.49 -55.5936 -8.96578 664.307 168.175 1242.27 76.9022 0.874541 0.125459 0
0.489 -56.0041 -9.60341 663.049 168.643 1241.4 76.8507 0.875665 0.124335 0
0.488 -56.4139 -10.2419 661.793 169.112 1240.53 76.799 0.876793 0.123207 0
0.487 -56.8231 -10.8812 660.537 169.583 1239.66 76.7472 0.877923 0.122077 0
0.486 -57.2315 -11.5213 659.282 170.056 1238.79 76.6952 0.879056 0.120944 0
0.485 -57.6393 -12.1623 658.029 170.53 1237.92 76.643 0.880192 0.119808 0
0.484 -58.0465 -12.8041 656.775 171.005 1237.04 76.5907 0.881331 0.118669 0
0.483 -58.453 -13.4468 655.523 171.482 1236.17 76.5382 0.882473 0.117527 0
0.482 -58.8588 -14.0903 654.272 171.96 1235.3 76.4856 0.883618 0.116382 0
0.481 -59.2639 -14.7347 653.021 172.44 1234.42 76.4328 0.884766 0.115234 0
0.48 -59.6684 -15.3799 651.771 172.921 1233.55 76.3798 0.885917 0.114083 0
0.479 -60.0722 -16.0261 650.522 173.404 1232.67 76.3266 0.88707 0.11293 0
0.478 -60.4754 -16.673 649.274 173.888 1231.8 76.2733 0.888227 0.111773 0
0.477 -60.8779 -17.3209 648.027 174.374 1230.92 76.2198 0.889386 0.110614 0
0.476 -61.2797 -17.9697 646.781 174.861 1230.04 76.1661 0.890548 0.109452 0
0.475 -61.6809 -18.6193 645.535 175.35 1229.17 76.1123 0.891713 0.108287 0
0.474 -62.0814 -19.2698 644.29 175.841 1228.29 76.0582 0.892881 0.107119 0
0.473 -62.4812 -19.9212 643.046 176.333 1227.41 76.004 0.894052 0.105948 0
0.472 -62.8804 -20.5735 641.803 176.826 1226.53 75.9496 0.895225 0.104775 0
0.471 -63.279 -21.2268 640.561 177.321 1225.65 75.895 0.896401 0.103599 0
0.47 -63.6769 -21.8809 639.32 177.818 1224.77 75.8402 0.89758 0.10242 0
0.469 -64.0741 -22.5359 638.079 178.316 1223.89 75.7853 0.898762 0.101238 0
0.468 -64.4707 -23.1919 636.839 178.816 1223.01 75.7301 0.899946 0.100054 0
0.467 -64.8667 -23.8487 635.6 179.317 1222.13 75.6747 0.901133 0.0988668 0
0.466 -65.262 -24.5065 634.362 179.82 1221.25 75.6191 0.902323 0.0976771 0
0.465 -65.6567 -25.1653 633.125 180.324 1220.36 75.5634 0.903515 0.0964847 0
0.464 -66.0507 -25.8249 631.889 180.831 1219.48 75.5074 0.90471 0.0952896 0
0.463 -66.4441 -26.4856 630.653 181.338 1218.59 75.4512 0.905908 0.094092 0
0.462 -66.8369 -27.1471 629.418 181.848 1217.71 75.3948 0.907108 0.0928917 0
0.461 -67.229 -27.8096 628.184 182.359 1216.82 75.3381 0.908311 0.0916889 0
0.46 -67.6205 -28.4731 626.951 182.872 1215.94 75.2813 0.909516 0.0904836 0
0.459 -68.0113 -29.1375 625.719 183.386 1215.05 75.2242 0.910724 0.0892757 0
0.458 -68.4016 -29.8029 624.488 183.902 1214.16 75.1669 0.911935 0.0880654 0
0.457 -68.7912 -30.4692 623.257 184.42 1213.27 75.1094 0.913147 0.0868527 0
0.456 -69.1802 -31.1365 622.027 184.939 1212.38 75.0516 0.914362 0.0856375 0
0.455 -69.5685 -31.8048 620.799 185.46 1211.49 74.9936 0.91558 0.08442 0
0.454 -69.9563 -32.4741 619.57 185.983 1210.6 74.9354 0.9168 0.0832001 0
0.453 -70.3435 -33.1444 618.343 186.508 1209.71 74.8769 0.918022 0.081978 0
0.452 -70.73 -33.8156 617.117 187.034 1208.82 74.8182 0.919246 0.0807536 0
0.451 -71.116 -34.4879 615.891 187.562 1207.93 74.7592 0.920473 0.079527 0
0.45 -71.5013 -35.1612 614.667 188.092 1207.03 74.7 0.921702 0.0782982 0
0.449 -71.886 -35.8354 613.443 188.623 1206.14 74.6405 0.922933 0.0770673 0
0.448 -72.2702 -36.5107 612.22 189.157 1205.24 74.5807 0.924166 0.0758343 0
0.447 -72.6538 -37.187 610.997 189.692 1204.35 74.5207 0.925401 0.0745993 0
0.446 -73.0368 -37.8643 609.776 190.229 1203.45 74.4604 0.926638 0.0733624 0
0.445 -73.4192 -38.5427 608.555 190.767 1202.55 74.3998 0.927876 0.0721235 0
0.444 -73.801 -39.2221 607.336 191.308 1201.65 74.3389 0.929117 0.0708828 0
0.443 -74.1823 -39.9025 606.117 191.85 1200.75 74.2778 0.93036 0.0696403 0
0.442 -74.563 -40.584 604.899 192.394 1199.85 74.2163 0.931604 0.0683961 0
0.441 -74.9432 -41.2665 603.681 192.94 1198.95 74.1546 0.93285 0.0671503 0
0.44 -75.3228 -41.95 602.465 193.488 1198.05 74.0925 0.934097 0.0659028 0
0.439 -75.7019 -42.6347 601.249 194.037 1197.15 74.0302 0.935346 0.0646538 0
0.438 -76.0804 -43.3203 600.035 194.589 1196.24 73.9675 0.936597 0.0634035 0
0.437 -76.4584 -44.0071 598.821 195.142 1195.34 73.9045 0.937848 0.0621517 0
0.436 -76.8359 -44.6949 597.607 195.697 1194.43 73.8412 0.939101 0.0608987 0
0.435 -77.2129 -45.3838 596.395 196.254 1193.52 73.7775 0.940355 0.0596445 0
0.434 -77.5894 -46.0738 595.184 196.813 1192.61 73.7135 0.941611 0.0583893 0
0.433 -77.9654 -46.7649 593.973 197.374 1191.7 73.6492 0.942867 0.0571331 0
0.432 -78.3409 -47.457 592.763 197.937 1190.79 73.5845 0.944124 0.055876 0
0.431 -78.7159 -48.1503 591.554 198.502 1189.88 73.5194 0.945382 0.0546181 0
0.43 -79.0904 -48.8446 590.346 199.069 1188.97 73.454 0.94664 0.0533597 0
0.429 -79.4645 -49.5401 589.139 199.638 1188.05 73.3881 0.947899 0.0521006 0
0.428 -79.8382 -50.2367 587.932 200.208 1187.14 73.3219 0.949159 0.0508412 0
0.427 -80.2114 -50.9344 586.727 200.781 1186.22 73.2553 0.950418 0.0495816 0
0.426 -80.5842 -51.6332 585.522 201.356 1185.3 73.1883 0.951678 0.0483218 0
0.425 -80.9566 -52.3331 584.318 201.932 1184.38 73.1209 0.952938 0.047062 0
0.424 -81.3286 -53.0342 583.114 202.511 1183.46 73.053 0.954198 0.0458025 0
0.423 -81.7002 -53.7364 581.912 203.092 1182.53 72.9848 0.955457 0.0445433 0
0.422 -82.0715 -54.4397 580.71 203.674 1181.61 72.916 0.956715 0.0432846 0
0.421 -82.4424 -55.1442 579.509 204.259 1180.68 72.8468 0.957973 0.0420267 0
0.42 -82.813 -55.8498 578.309 204.846 1179.75 72.7772 0.95923 0.0407697 0
0.419 -83.1832 -56.5566 577.11 205.435 1178.82 72.707 0.960486 0.0395139 0
0.418 -83.5532 -57.2645 575.912 206.026 1177.89 72.6364 0.961741 0.0382594 0
0.417 -83.9229 -57.9736 574.714 206.619 1176.96 72.5652 0.962993 0.0370065 0
0.416 -84.2924 -58.6839 573.518 207.214 1176.02 72.4935 0.964245 0.0357555 0
0.415 -84.6616 -59.3953 572.322 207.811 1175.08 72.4213 0.965493 0.0345066 0
0.414 -85.0307 -60.1079 571.127 208.41 1174.14 72.3485 0.96674 0.0332601 0
0.413 -85.3995 -60.8216 569.932 209.012 1173.2 72.2752 0.967984 0.0320163 0
0.412 -85.7683 -61.5365 568.739 209.615 1172.26 72.2012 0.969224 0.0307756 0
0.411 -86.1369 -62.2527 567.546 210.221 1171.31 72.1266 0.970462 0.0295383 0
0.41 -86.5054 -62.9699 566.354 210.829 1170.36 72.0514 0.971695 0.0283048 0
0.409 -86.8739 -63.6884 565.163 211.439 1169.41 71.9755 0.972925 0.0270754 0
0.408 -87.2424 -64.4081 563.972 212.051 1168.46 71.899 0.974149 0.0258507 0
0.407 -87.611 -65.1289 562.783 212.665 1167.5 71.8217 0.975369 0.0246311 0
0.406 -87.9796 -65.851 561.594 213.282 1166.54 71.7437 0.976583 0.0234171 0
0.405 -88.3484 -66.5742 560.406 213.901 1165.57 71.6649 0.977791 0.0222092 0
0.404 -88.7174 -67.2986 559.218 214.521 1164.61 71.5853 0.978992 0.0210082 0
0.403 -89.0866 -68.0242 558.032 215.145 1163.64 71.5049 0.980185 0.0198145 0
0.402 -89.4562 -68.751 556.846 215.77 1162.66 71.4236 0.981371 0.0186291 0
0.401 -89.8261 -69.479 555.661 216.397 1161.68 71.3413 0.982547 0.0174526 0
0.4 -90.1966 -70.2082 554.477 217.027 1160.7 71.2581 0.983714 0.016286 0
0.399 -90.5676 -70.9385 553.293 217.659 1159.71 71.1739 0.98487 0.0151302 0
0.398 -90.9393 -71.6701 552.11 218.293 1158.72 71.0885 0.986014 0.0139863 0
0.397 -91.3118 -72.4028 550.928 218.929 1157.72 71.002 0.987144 0.0128556 0
0.396 -91.6852 -73.1367 549.747 219.568 1156.72 70.9143 0.988261 0.0117395 0
0.395 -92.0597 -73.8718 548.566 220.208 1155.71 70.8253 0.989361 0.0106395 0
0.394 -92.4354 -74.608 547.386 220.851 1154.7 70.7348 0.990443 0.00955741 0
0.393 -92.8126 -75.3454 546.206 221.496 1153.67 70.6428 0.991505 0.00849545 0
0.392 -93.1915 -76.0839 545.027 222.142 1152.64 70.5492 0.992544 0.00745606 0
0.391 -93.5723 -76.8236 543.849 222.791 1151.6 70.4537 0.993558 0.00644222 0
0.39 -93.9556 -77.5644 542.671 223.442 1150.55 70.3562 0.994542 0.00545754 0
0.389 -94.3416 -78.3062 541.494 224.094 1149.49 70.2564 0.995494 0.0045065 0
0.388 -94.731 -79.0492 540.317 224.749 1148.42 70.1541 0.996405 0.00359482 0
0.387 -95.1245 -79.7932 539.14 225.404 1147.33 70.0488 0.99727 0.00273007 0
0.386 -95.5232 -80.5382 537.963 226.061 1146.22 69.9399 0.998077 0.00192282 0
0.385 -95.9287 -81.2841 536.787 226.719 1145.09 69.8265 0.998811 0.00118899 0
0.384 -96.3439 -82.031 535.61 227.376 1143.92 69.7073 0.999444 0.000555841 0
0.383 -96.7753 -82.7786 534.432 228.032 1142.71 69.5786 0.999914 8.61234e-05 0
0.382 -97.2461 -83.5269 533.249 228.677 1141.37 69.4284 1 0 0
0.381 -97.7243 -84.2755 532.066 229.324 1140.01 69.2732 1 0 0
0.38 -98.2008 -85.0244 530.885 229.975 1138.64 69.1178 1 0 0
0.379 -98.6756 -85.7737 529.705 230.631 1137.28 68.9623 1 0 0
0.378 -99.1487 -86.5234 528.527 231.291 1135.92 68.8066 1 0 0
0.377 -99.62 -87.2734 527.35 231.955 1134.56 68.6506 1 0 0
0.376 -100.09 -88.0238 526.174 232.624 1133.2 68.4946 1 0 0
0.375 -100.557 -88.7746 525 233.297 1131.85 68.3383 1 0 0
0.374 -101.023 -89.5258 523.827 233.975 1130.49 68.1819 1 0 0
0.373 -101.487 -90.2774 522.656 234.657 1129.14 68.0252 1 0 0
0.372 -101.95 -91.0294 521.486 235.344 1127.78 67.8684 1 0 0
0.371 -102.41 -91.7818 520.317 236.036 1126.43 67.7114 1 0 0
0.37 -102.869 -92.5346 519.15 236.732 1125.08 67.5543 1 0 0
0.369 -103.326 -93.2878 517.984 237.433 1123.73 67.3969 1 0 0
0.368 -103.781 -94.0415 516.82 238.139 1122.39 67.2394 1 0 0
0.367 -104.234 -94.7956 515.657 238.849 1121.04 67.0817 1 0 0
0.366 -104.686 -95.5501 514.495 239.565 1119.7 66.9238 1 0 0
0.365 -105.135 -96.3052 513.335 240.285 1118.36 66.7657 1 0 0
0.364 -105.583 -97.0606 512.176 241.01 1117.02 66.6075 1 0 0
0.363 -106.028 -97.8166 511.019 241.74 1115.68 66.449 1 0 0
0.362 -106.472 -98.573 509.863 242.475 1114.34 66.2904 1 0 0
0.361 -106.914 -99.3299 508.708 243.215 1113 66.1316 1 0 0
0.36 -107.354 -100.087 507.555 243.961 1111.67 65.9726 1 0 0
0.359 -107.792 -100.845 506.403 244.711 1110.34 65.8135 1 0 0
0.358 -108.228 -101.604 505.252 245.467 1109.01 65.6541 1 0 0
0.357 -108.662 -102.363 504.103 246.228 1107.68 65.4946 1 0 0
0.356 -109.094 -103.122 502.956 246.994 1106.35 65.3348 1 0 0
0.355 -109.524 -103.882 501.809 247.765 1105.03 65.1749 1 0 0
0.354 -109.952 -104.643 500.664 248.542 1103.71 65.0148 1 0 0
0.353 -110.378 -105.404 499.521 249.324 1102.39 64.8546 1 0 0
0.352 -110.802 -106.166 498.378 250.112 1101.07 64.6941 1 0 0
0.351 -111.224 -106.928 497.238 250.905 1099.75 64.5335 1 0 0
0.35 -111.644 -107.691 496.098 251.704 1098.44 64.3726 1 0 0
0.349 -112.062 -108.454 494.96 252.508 1097.13 64.2116 1 0 0
0.348 -112.478 -109.219 493.823 253.318 1095.82 64.0504 1 0 0
0.347 -112.891 -109.983 492.688 254.133 1094.51 63.889 1 0 0
0.346 -113.303 -110.749 491.554 254.955 1093.21 63.7275 1 0 0
0.345 -113.712 -111.515 490.421 255.782 1091.91 63.5657 1 0 0
0.344 -114.12 -112.282 489.29 256.615 1090.61 63.4038 1 0 0
0.343 -114.525 -113.049 488.16 257.453 1089.31 63.2417 1 0 0
0.342 -114.928 -113.817 487.031 258.298 1088.02 63.0794 1 0 0
0.341 -115.329 -114.586 485.904 259.149 1086.73 62.9169 1 0 0
0.34 -115.728 -115.356 484.778 260.005 1085.44 62.7542 1 0 0
0.339 -116.125 -116.126 483.653 260.868 1084.16 62.5913 1 0 0
0.338 -116.519 -116.897 482.53 261.737 1082.87 62.4283 1 0 0
0.337 -116.911 -117.669 481.408 262.612 1081.59 62.265 1 0 0
0.336 -117.301 -118.442 480.288 263.493 1080.32 62.1016 1 0 0
0.335 -117.689 -119.215 479.168 264.38 1079.04 61.938 1 0 0
0.334 -118.075 -119.99 478.05 265.274 1077.77 61.7742 1 0 0
0.333 -118.458 -120.765 476.934 266.174 1076.5 61.6103 1 0 0
0.332 -118.839 -121.541 475.819 267.08 1075.24 61.4461 1 0 0
0.331 -119.218 -122.318 474.705 267.993 1073.98 61.2818 1 0 0
0.33 -119.595 -123.096 473.592 268.912 1072.72 61.1173 1 0 0
0.329 -119.969 -123.874 472.481 269.838 1071.46 60.9526 1 0 0
0.328 -120.341 -124.654 471.371 270.771 1070.21 60.7877 1 0 0
0.327 -120.711 -125.434 470.262 271.71 1068.97 60.6226 1 0 0
0.326 -121.078 -126.216 469.155 272.655 1067.72 60.4574 1 0 0
0.325 -121.443 -126.998 468.049 273.608 1066.48 60.2919 1 0 0
0.324 -121.806 -127.782 466.944 274.567 1065.24 60.1263 1 0 0
0.323 -122.166 -128.567 465.841 275.533 1064.01 59.9605 1 0 0
0.322 -122.524 -129.352 464.739 276.506 1062.78 59.7946 1 0 0
0.321 -122.879 -130.139 463.638 277.486 1061.55 59.6284 1 0 0
0.32 -123.233 -130.927 462.538 278.473 1060.33 59.4621 1 0 0
0.319 -123.583 -131.715 461.44 279.466 1059.11 59.2956 1 0 0
0.318 -123.932 -132.505 460.343 280.467 1057.9 59.1289 1 0 0
0.317 -124.278 -133.297 459.247 281.475 1056.69 58.9621 1 0 0
0.316 -124.621 -134.089 458.153 282.49 1055.48 58.795 1 0 0
0.315 -124.963 -134.882 457.06 283.512 1054.28 58.6278 1 0 0
0.314 -125.301 -135.677 455.968 284.542 1053.08 58.4604 1 0 0
0.313 -125.638 -136.473 454.877 285.579 1051.88 58.2929 1 0 0
0.312 -125.971 -137.271 453.788 286.623 1050.69 58.1251 1 0 0
0.311 -126.303 -138.069 452.7 287.674 1049.51 57.9572 1 0 0
0.31 -126.632 -138.869 451.613 288.733 1048.33 57.7891 1 0 0
0.309 -126.958 -139.67 450.527 289.8 1047.15 57.6209 1 0 0
0.308 -127.282 -140.473 449.443 290.873 1045.98 57.4525 1 0 0
0.307 -127.603 -141.277 448.36 291.955 1044.81 57.2839 1 0 0
0.306 -127.922 -142.083 447.278 293.044 1043.65 57.1151 1 0 0
0.305 -128.238 -142.89 446.198 294.141 1042.49 56.9462 1 0 0
0.304 -128.552 -143.698 445.118 295.245 1041.34 56.7771 1 0 0
0.303 -128.863 -144.509 444.04 296.357 1040.19 56.6079 1 0 0
0.302 -129.172 -145.32 442.963 297.477 1039.04 56.4384 1 0 0
0.301 -129.478 -146.134 441.887 298.604 1037.9 56.2689 1 0 0
0.3 -129.782 -146.948 440.813 299.74 1036.77 56.0991 1 0 0
0.299 -130.083 -147.765 439.739 300.883 1035.64 55.9292 1 0 0
0.298 -130.381 -148.583 438.667 302.034 1034.52 55.7592 1 0 0
0.297 -130.677 -149.403 437.597 303.193 1033.4 55.589 1 0 0
0.296 -130.971 -150.225 436.527 304.361 1032.28 55.4186 1 0 0
0.295 -131.261 -151.049 435.458 305.536 1031.18 55.2481 1 0 0
0.294 -131.549 -151.874 434.391 306.719 1030.07 55.0774 1 0 0
0.293 -131.835 -152.701 433.325 307.91 1028.98 54.9065 1 0 0
0.292 -132.118 -153.531 432.26 309.11 1027.88 54.7356 1 0 0
0.291 -132.398 -154.362 431.196 310.317 1026.8 54.5644 1 0 0
0.29 -132.676 -155.195 430.133 311.533 1025.72 54.3932 1 0 0
0.289 -132.951 -156.03 429.072 312.757 1024.64 54.2217 1 0 0
0.288 -133.224 -156.867 428.012 313.99 1023.57 54.0502 1 0 0
0.287 -133.493 -157.707 426.953 315.23 1022.51 53.8785 1 0 0
0.286 -133.761 -158.548 425.895 316.479 1021.45 53.7066 1 0 0
0.285 -134.025 -159.392 424.838 317.736 1020.39 53.5346 1 0 0
0.284 -134.287 -160.238 423.782 319.002 1019.35 53.3625 1 0 0
0.283 -134.547 -161.086 422.727 320.276 1018.31 53.1903 1 0 0
0.282 -134.803 -161.937 421.674 321.558 1017.27 53.0179 1 0 0
0.281 -135.058 -162.79 420.622 322.849 1016.24 52.8454 1 0 0
0.28 -135.309 -163.645 419.57 324.149 1015.22 52.6727 1 0 0
0.279 -135.558 -164.503 418.52 325.456 1014.2 52.4999 1 0 0
0.278 -135.804 -165.364 417.471 326.773 1013.19 52.327 1 0 0
0.277 -136.048 -166.227 416.423 328.098 1012.19 52.154 1 0 0
0.276 -136.289 -167.092 415.376 329.431 1011.19 51.9809 1 0 0
0.275 -136.527 -167.961 414.331 330.773 1010.2 51.8076 1 0 0
0.274 -136.763 -168.832 413.286 332.123 1009.21 51.6343 1 0 0
0.273 -136.996 -169.705 412.242 333.482 1008.23 51.4608 1 0 0
0.272 -137.226 -170.582 411.2 334.85 1007.26 51.2872 1 0 0
0.271 -137.454 -171.462 410.158 336.226 1006.29 51.1135 1 0 0
0.27 -137.679 -172.344 409.118 337.611 1005.33 50.9397 1 0 0
0.269 -137.902 -173.23 408.079 339.005 1004.38 50.7657 1 0 0
0.268 -138.122 -174.118 407.041 340.407 1003.43 50.5917 1 0 0
0.267 -138.339 -175.01 406.003 341.818 1002.49 50.4176 1 0 0
0.266 -138.554 -175.905 404.967 343.237 1001.55 50.2434 1 0 0
0.265 -138.766 -176.803 403.932 344.665 1000.63 50.0691 1 0 0
0.264 -138.975 -177.704 402.898 346.102 999.706 49.8947 1 0 0
0.263 -139.182 -178.609 401.865 347.547 998.792 49.7202 1 0 0
0.262 -139.387 -179.517 400.833 349.001 997.885 49.5456 1 0 0
0.261 -139.589 -180.429 399.801 350.464 996.984 49.371 1 0 0
0.26 -139.788 -181.344 398.771 351.935 996.09 49.1962 1 0 0
0.259 -139.985 -182.263 397.742 353.415 995.203 49.0214 1 0 0
0.258 -140.179 -183.186 396.714 354.903 994.323 48.8465 1 0 0
0.257 -140.37 -184.112 395.687 356.401 993.45 48.6716 1 0 0
0.256 -140.559 -185.042 394.661 357.906 992.584 48.4965 1 0 0
0.255 -140.746 -185.976 393.636 359.421 991.724 48.3214 1 0 0
0.254 -140.93 -186.914 392.611 360.943 990.871 48.1463 1 0 0
0.253 -141.112 -187.856 391.588 362.475 990.026 47.971 1 0 0
0.252 -141.291 -188.803 390.566 364.015 989.187 47.7957 1 0 0
0.251 -141.467 -189.753 389.544 365.563 988.355 47.6204 1 0 0
0.25 -141.641 -190.708 388.524 367.121 987.53 47.445 1 0 0
0.249 -141.813 -191.667 387.504 368.686 986.712 47.2696 1 0 0
0.248 -141.982 -192.631 386.486 370.26 985.901 47.0941 1 0 0
0.247 -142.149 -193.599 385.468 371.843 985.098 46.9185 1 0 0
0.246 -142.314 -194.572 384.451 373.433 984.301 46.7429 1 0 0
0.245 -142.476 -195.549 383.436 375.033 983.511 46.5673 1 0 0
0.244 -142.635 -196.531 382.421 376.64 982.728 46.3916 1 0 0
0.243 -142.792 -197.518 381.407 378.256 981.952 46.216 1 0 0
0.242 -142.947 -198.51 380.394 379.881 981.183 46.0402 1 0 0
0.241 -143.1 -199.508 379.381 381.513 980.421 45.8645 1 0 0
0.24 -143.25 -200.51 378.37 383.154 979.666 45.6887 1 0 0
0.239 -143.398 -201.517 377.359 384.803 978.918 45.5129 1 0 0
0.238 -143.543 -202.53 376.35 386.46 978.177 45.3371 1 0 0
0.237 -143.687 -203.549 375.341 388.126 977.443 45.1612 1 0 0
0.236 -143.828 -204.573 374.333 389.799 976.716 44.9854 1 0 0
0.235 -143.967 -205.602 373.326 391.481 975.996 44.8095 1 0 0
0.234 -144.103 -206.637 372.319 393.17 975.283 44.6337 1 0 0
0.233 -144.238 -207.678 371.314 394.868 974.577 44.4578 1 0 0
0.232 -144.37 -208.725 370.309 396.573 973.877 44.2819 1 0 0
0.231 -144.5 -209.778 369.305 398.286 973.185 44.106 1 0 0
0.23 -144.628 -210.838 368.302 400.008 972.499 43.9301 1 0 0
0.229 -144.753 -211.903 367.3 401.737 971.821 43.7543 1 0 0
0.228 -144.877 -212.975 366.299 403.474 971.149 43.5784 1 0 0
0.227 -144.998 -214.053 365.298 405.218 970.484 43.4025 1 0 0
0.226 -145.118 -215.138 364.298 406.97 969.826 43.2267 1 0 0
0.225 -145.235 -216.23 363.299 408.73 969.174 43.0508 1 0 0
0.224 -145.35 -217.329 362.301 410.497 968.53 42.875 1 0 0
0.223 -145.464 -218.434 361.303 412.272 967.892 42.6992 1 0 0
0.222 -145.575 -219.547 360.307 414.055 967.26 42.5234 1 0 0
0.221 -145.684 -220.667 359.311 415.844 966.636 42.3477 1 0 0
0.22 -145.792 -221.794 358.315 417.642 966.018 42.1719 1 0 0
0.219 -145.897 -222.929 357.321 419.446 965.406 41.9962 1 0 0
0.218 -146 -224.071 356.327 421.258 964.801 41.8205 1 0 0
0.217 -146.102 -225.221 355.334 423.077 964.203 41.6449 1 0 0
0.216 -146.202 -226.379 354.342 424.903 963.611 41.4693 1 0 0
0.215 -146.299 -227.545 353.35 426.736 963.026 41.2937 1 0 0
0.214 -146.395 -228.719 352.359 428.576 962.447 41.1181 1 0 0
0.213 -146.49 -229.902 351.369 430.423 961.874 40.9426 1 0 0
0.212 -146.582 -231.093 350.379 432.277 961.308 40.7672 1 0 0
0.211 -146.673 -232.292 349.39 434.138 960.748 40.5917 1 0 0
0.21 -146.762 -233.501 348.402 436.006 960.194 40.4164 1 0 0
0.209 -146.849 -234.718 347.415 437.88 959.647 40.241 1 0 0
0.208 -146.934 -235.945 346.428 439.761 959.106 40.0657 1 0 0
0.207 -147.018 -237.18 345.442 441.649 958.57 39.8905 1 0 0
0.206 -147.1 -238.425 344.456 443.544 958.041 39.7153 1 0 0
0.205 -147.18 -239.68 343.472 445.445 957.518 39.5401 1 0 0
0.204 -147.259 -240.944 342.487 447.352 957.001 39.365 1 0 0
0.203 -147.336 -242.219 341.504 449.266 956.49 39.19 1 0 0
0.202 -147.412 -243.503 340.521 451.186 955.985 39.015 1 0 0
0.201 -147.486 -244.798 339.539 453.112 955.486 38.84 1 0 0
0.2 -147.558 -246.103 338.557 455.045 954.993 38.6652 1 0 0
0.199 -147.629 -247.419 337.576 456.983 954.505 38.4903 1 0 0
0.198 -147.699 -248.746 336.596 458.928 954.023 38.3155 1 0 0
0.197 -147.767 -250.083 335.616 460.879 953.547 38.1408 1 0 0
0.196 -147.834 -251.432 334.636 462.836 953.076 37.9661 1 0 0
0.195 -147.899 -252.793 333.658 464.799 952.611 37.7915 1 0 0
0.194 -147.962 -254.165 332.68 466.768 952.152 37.617 1 0 0
0.193 -148.025 -255.549 331.702 468.742 951.698 37.4425 1 0 0
0.192 -148.086 -256.945 330.726 470.722 951.249 37.268 1 0 0
0.191 -148.145 -258.353 329.749 472.708 950.806 37.0936 1 0 0
0.19 -148.203 -259.773 328.773 474.7 950.368 36.9193 1 0 0
0.189 -148.26 -261.207 327.798 476.697 949.936 36.745 1 0 0
0.188 -148.316 -262.653 326.824 478.7 949.509 36.5707 1 0 0
0.187 -148.37 -264.113 325.85 480.708 949.086 36.3966 1 0 0
0.186 -148.424 -265.586 324.876 482.722 948.67 36.2224 1 0 0
0.185 -148.475 -267.073 323.903 484.741 948.258 36.0484 1 0 0
0.184 -148.526 -268.573 322.931 486.765 947.851 35.8743 1 0 0
0.183 -148.576 -270.088 321.959 488.794 947.449 35.7004 1 0 0
0.182 -148.624 -271.618 320.987 490.829 947.052 35.5265 1 0 0
0.181 -148.671 -273.162 320.016 492.869 946.66 35.3526 1 0 0
0.18 -148.717 -274.721 319.046 494.914 946.273 35.1788 1 0 0
0.179 -148.762 -276.295 318.076 496.964 945.891 35.005 1 0 0
0.178 -148.806 -277.885 317.107 499.019 945.514 34.8312 1 0 0
0.177 -148.848 -279.491 316.138 501.079 945.141 34.6575 1 0 0
0.176 -148.89 -281.113 315.17 503.144 944.773 34.4839 1 0 0
0.175 -148.93 -282.751 314.202 505.214 944.409 34.3103 1 0 0
0.174 -148.97 -284.406 313.234 507.289 944.05 34.1367 1 0 0
0.173 -149.008 -286.078 312.268 509.368 943.696 33.9631 1 0 0
0.172 -149.046 -287.768 311.301 511.453 943.346 33.7896 1 0 0
0.171 -149.082 -289.475 310.335 513.541 943.001 33.6161 1 0 0
0.17 -149.118 -291.2 309.37 515.635 942.66 33.4427 1 0 0
0.169 -149.152 -292.944 308.405 517.733 942.323 33.2693 1 0 0
0.168 -149.186 -294.706 307.44 519.836 941.99 33.0958 1 0 0
0.167 -149.218 -296.488 306.476 521.943 941.662 32.9225 1 0 0
0.166 -149.25 -298.289 305.512 524.054 941.338 32.7491 1 0 0
0.165 -149.281 -300.11 304.549 526.17 941.019 32.5757 1 0 0
0.164 -149.311 -301.951 303.586 528.291 940.703 32.4024 1 0 0
0.163 -149.34 -303.813 302.624 530.416 940.392 32.229 1 0 0
0.162 -149.368 -305.696 301.662 532.545 940.084 32.0557 1 0 0
0.161 -149.396 -307.601 300.7 534.678 939.781 31.8824 1 0 0
0.16 -149.422 -309.527 299.739 536.816 939.481 31.709 1 0 0
0.159 -149.448 -311.476 298.779 538.958 939.186 31.5357 1 0 0
0.158 -149.473 -313.448 297.818 541.104 938.894 31.3624 1 0 0
0.157 -149.497 -315.443 296.858 543.254 938.606 31.189 1 0 0
0.156 -149.521 -317.461 295.899 545.408 938.322 31.0156 1 0 0
0.155 -149.543 -319.504 294.94 547.567 938.042 30.8422 1 0 0
0.154 -149.565 -321.572 293.981 549.729 937.766 30.6688 1 0 0
0.153 -149.586 -323.665 293.023 551.896 937.493 30.4953 1 0 0
0.152 -149.607 -325.783 292.065 554.066 937.225 30.3218 1 0 0
0.151 -149.626 -327.928 291.107 556.24 936.959 30.1483 1 0 0
0.15 -149.646 -330.1 290.15 558.419 936.698 29.9747 1 0 0
0.149 -149.664 -332.299 289.193 560.601 936.44 29.8011 1 0 0
0.148 -149.682 -334.526 288.237 562.787 936.185 29.6274 1 0 0
0.147 -149.699 -336.782 287.281 564.977 935.934 29.4537 1 0 0
0.146 -149.715 -339.067 286.325 567.171 935.687 29.2799 1 0 0
0.145 -149.731 -341.381 285.37 569.369 935.443 29.106 1 0 0
0.144 -149.746 -343.726 284.415 571.571 935.202 28.9321 1 0 0
0.143 -149.76 -346.103 283.46 573.776 934.965 28.7581 1 0 0
0.142 -149.774 -348.511 282.506 575.985 934.732 28.584 1 0 0
0.141 -149.787 -350.951 281.552 578.198 934.502 28.4098 1 0 0
0.14 -149.8 -353.425 280.598 580.415 934.275 28.2355 1 0 0
0.139 -149.812 -355.933 279.645 582.635 934.051 28.0611 1 0 0
0.138 -149.823 -358.476 278.692 584.859 933.831 27.8866 1 0 0
0.137 -149.834 -361.054 277.739 587.087 933.614 27.712 1 0 0
0.136 -149.845 -363.668 276.787 589.319 933.4 27.5372 1 0 0
0.135 -149.854 -366.32 275.835 591.554 933.19 27.3624 1 0 0
0.134 -149.864 -369.009 274.883 593.793 932.983 27.1874 1 0 0
0.133 -149.872 -371.738 273.932 596.035 932.779 27.0123 1 0 0
0.132 -149.881 -374.506 272.981 598.281 932.578 26.837 1 0 0
0.131 -149.888 -377.315 272.03 600.531 932.381 26.6616 1 0 0
0.13 -149.895 -380.166 271.08 602.784 932.186 26.486 1 0 0
0.129 -149.902 -383.059 270.13 605.042 931.995 26.3102 1 0 0
0.128 -149.908 -385.997 269.18 607.302 931.807 26.1343 1 0 0
0.127 -149.914 -388.979 268.23 609.567 931.622 25.9582 1 0 0
0.126 -149.919 -392.006 267.281 611.834 931.44 25.7819 1 0 0
0.125 -149.924 -395.081 266.332 614.106 931.261 25.6054 1 0 0
0.124 -149.928 -398.204 265.383 616.381 931.086 25.4288 1 0 0
0.123 -149.932 -401.377 264.435 618.66 930.913 25.2519 1 0 0
0.122 -149.936 -404.6 263.486 620.942 930.744 25.0748 1 0 0
0.121 -149.938 -407.875 262.538 623.228 930.578 24.8975 1 0 0
0.12 -149.941 -411.203 261.591 625.518 930.414 24.7199 1 0 0
0.119 -149.943 -414.585 260.643 627.811 930.254 24.5421 1 0 0
0.118 -149.945 -418.024 259.696 630.108 930.097 24.3641 1 0 0
0.117 -149.946 -421.52 258.749 632.409 929.943 24.1858 1 0 0
0.116 -149.947 -425.075 257.803 634.713 929.792 24.0073 1 0 0
0.115 -149.947 -428.691 256.856 637.021 929.644 23.8285 1 0 0
0.114 -149.947 -432.368 255.91 639.333 929.499 23.6494 1 0 0
0.113 -149.947 -436.11 254.964 641.648 929.357 23.47 1 0 0
0.112 -149.946 -439.917 254.019 643.967 929.218 23.2904 1 0 0
0.111 -149.945 -443.792 253.073 646.29 929.082 23.1104 1 0 0
0.11 -149.944 -447.735 252.128 648.616 928.949 22.9302 1 0 0
0.109 -149.942 -451.75 251.183 650.946 928.82 22.7496 1 0 0
0.108 -149.939 -455.838 250.238 653.28 928.693 22.5687 1 0 0
0.107 -149.937 -460.001 249.294 655.618 928.57 22.3874 1 0 0
0.106 -149.934 -464.242 248.349 657.959 928.449 22.2059 1 0 0
0.105 -149.931 -468.562 247.405 660.304 928.332 22.024 1 0 0
0.104 -149.927 -472.965 246.462 662.653 928.218 21.8417 1 0 0
0.103 -149.923 -477.451 245.518 665.006 928.107 21.659 1 0 0
0.102 -149.919 -482.025 244.574 667.363 927.999 21.476 1 0 0
0.101 -149.914 -486.688 243.631 669.724 927.894 21.2926 1 0 0
0.1 -149.909 -491.443 242.688 672.088 927.792 21.1089 1 0 0
0.099 -149.904 -496.294 241.745 674.457 927.693 20.9247 1 0 0
0.098 -149.898 -501.242 240.803 676.829 927.598 20.7401 1 0 0
0.097 -149.892 -506.291 239.86 679.206 927.506 20.5551 1 0 0
0.096 -149.886 -511.445 238.918 681.586 927.417 20.3697 1 0 0
0.095 -149.88 -516.706 237.976 683.971 927.331 20.1839 1 0 0
0.094 -149.873 -522.079 237.034 686.359 927.248 19.9976 1 0 0
0.093 -149.866 -527.566 236.092 688.752 927.169 19.8109 1 0 0
0.092 -149.858 -533.171 235.151 691.149 927.093 19.6237 1 0 0
0.091 -149.851 -538.899 234.21 693.55 927.02 19.4361 1 0 0
0.09 -149.843 -544.753 233.268 695.955 926.951 19.248 1 0 0
0.089 -149.835 -550.738 232.327 698.364 926.885 19.0594 1 0 0
0.088 -149.826 -556.859 231.387 700.778 926.822 18.8704 1 0 0
0.087 -149.818 -563.119 230.446 703.196 926.763 18.6808 1 0 0
0.086 -149.809 -569.524 229.505 705.619 926.707 18.4908 1 0 0
0.085 -149.799 -576.079 228.565 708.046 926.654 18.3003 1 0 0
0.084 -149.79 -582.79 227.625 710.477 926.606 18.1092 1 0 0
0.083 -149.78 -589.662 226.685 712.913 926.56 17.9176 1 0 0
0.082 -149.77 -596.701 225.745 715.353 926.518 17.7255 1 0 0
0.081 -149.76 -603.914 224.805 717.798 926.48 17.5329 1 0 0
0.08 -149.75 -611.306 223.866 720.247 926.445 17.3397 1 0 0
0.079 -149.739 -618.885 222.926 722.702 926.414 17.146 1 0 0
0.078 -149.729 -626.658 221.987 725.16 926.387 16.9517 1 0 0
0.077 -149.718 -634.632 221.048 727.624 926.363 16.7569 1 0 0
0.076 -149.707 -642.816 220.109 730.093 926.344 16.5615 1 0 0
0.075 -149.695 -651.218 219.17 732.566 926.328 16.3655 1 0 0
0.074 -149.684 -659.847 218.231 735.044 926.315 16.1689 1 0 0
0.073 -149.672 -668.712 217.292 737.528 926.307 15.9718 1 0 0
0.072 -149.66 -677.824 216.354 740.016 926.303 15.7741 1 0 0
0.071 -149.648 -687.192 215.415 742.51 926.302 15.5758 1 0 0
0.07 -149.636 -696.827 214.477 745.008 926.306 15.3769 1 0 0
0.069 -149.623 -706.742 213.539 747.512 926.314 15.1774 1 0 0
0.068 -149.611 -716.949 212.601 750.021 926.326 14.9773 1 0 0
0.067 -149.598 -727.461 211.663 752.536 926.342 14.7765 1 0 0
0.066 -149.585 -738.291 210.725 755.056 926.362 14.5752 1 0 0
0.065 -149.572 -749.455 209.787 757.581 926.387 14.3733 1 0 0
0.064 -149.559 -760.969 208.85 760.112 926.416 14.1707 1 0 0
0.063 -149.546 -772.848 207.912 762.649 926.449 13.9675 1 0 0
0.062 -149.532 -785.111 206.974 765.192 926.487 13.7637 1 0 0
0.061 -149.519 -797.777 206.037 767.74 926.529 13.5592 1 0 0
0.06 -149.505 -810.866 205.1 770.294 926.576 13.3542 1 0 0
0.059 -149.492 -824.399 204.163 772.854 926.627 13.1484 1 0 0
0.058 -149.478 -838.4 203.225 775.42 926.684 12.9421 1 0 0
0.057 -149.464 -852.893 202.288 777.992 926.745 12.7351 1 0 0
0.056 -149.45 -867.905 201.351 780.571 926.81 12.5275 1 0 0
0.055 -149.436 -883.464 200.414 783.156 926.881 12.3193 1 0 0
0.054 -149.422 -899.601 199.478 785.747 926.957 12.1104 1 0 0
0.053 -149.408 -916.348 198.541 788.345 927.038 11.9009 1 0 0
0.052 -149.394 -933.741 197.604 790.949 927.124 11.6907 1 0 0
0.051 -149.379 -951.818 196.667 793.56 927.215 11.4799 1 0 0
0.05 -149.365 -970.619 195.731 796.177 927.311 11.2685 1 0 0
0.049 -149.351 -990.19 194.794 798.802 927.413 11.0565 1 0 0
0.048 -149.337 -1010.58 193.858 801.434 927.521 10.8438 1 0 0
0.047 -149.322 -1031.84 192.921 804.072 927.633 10.6305 1 0 0
0.046 -149.308 -1054.02 191.985 806.718 927.752 10.4166 1 0 0
0.045 -149.294 -1077.2 191.048 809.371 927.876 10.202 1 0 0
0.044 -149.279 -1101.43 190.112 812.032 928.006 9.98689 1 0 0
0.043 -149.265 -1126.79 189.175 814.7 928.142 9.77113 1 0 0
0.042 -149.251 -1153.36 188.239 817.376 928.284 9.55477 1 0 0
0.041 -149.237 -1181.23 187.303 820.06 928.431 9.3378 1 0 0
0.04 -149.223 -1210.5 186.366 822.751 928.585 9.12024 1 0 0
0.039 -149.209 -1241.27 185.43 825.451 928.746 8.90209 1 0 0
0.038 -149.195 -1273.67 184.494 828.159 928.912 8.68336 1 0 0
0.037 -149.181 -1307.82 183.557 830.875 929.085 8.46405 1 0 0
0.036 -149.167 -1343.88 182.621 833.6 929.265 8.24417 1 0 0
0.035 -149.154 -1382 181.685 836.333 929.451 8.02373 1 0 0
0.034 -149.14 -1422.37 180.748 839.075 929.644 7.80274 1 0 0
0.033 -149.127 -1465.19 179.812 841.826 929.844 7.5812 1 0 0
0.032 -149.114 -1510.69 178.876 844.587 930.05 7.35912 1 0 0
0.031 -149.101 -1559.14 177.939 847.356 930.264 7.13651 1 0 0
0.03 -149.088 -1610.83 177.003 850.135 930.484 6.91338 1 0 0
0.029 -149.075 -1666.08 176.066 852.923 930.712 6.68974 1 0 0
0.028 -149.063 -1725.29 175.129 855.722 930.947 6.4656 1 0 0
0.027 -149.051 -1788.9 174.193 858.53 931.189 6.24096 1 0 0
0.026 -149.039 -1857.41 173.256 861.348 931.439 6.01584 1 0 0
0.025 -149.027 -1931.41 172.319 864.177 931.696 5.79024 1 0 0
0.024 -149.016 -2011.58 171.383 867.017 931.96 5.56418 1 0 0
0.023 -149.004 -2098.74 170.446 869.867 932.232 5.33767 1 0 0
0.022 -148.993 -2193.84 169.509 872.728 932.512 5.11071 1 0 0
0.021 -148.983 -2298 168.572 875.6 932.799 4.88332 1 0 0
0.02 -148.973 -2412.6 167.634 878.484 933.094 4.6555 1 0 0
0.019 -148.963 -2539.28 166.697 881.379 933.396 4.42726 1 0 0
0.018 -148.953 -2680.05 165.76 884.287 933.705 4.19861 1 0 0
0.017 -148.944 -2837.39 164.822 887.206 934.022 3.96956 1 0 0
0.016 -148.935 -3014.43 163.885 890.138 934.347 3.74011 1 0 0
0.015 -148.927 -3215.09 162.947 893.083 934.678 3.51028 1 0 0
0.014 -148.919 -3444.44 162.009 896.04 935.016 3.28006 1 0 0
0.013 -148.911 -3709.11 161.071 899.011 935.36 3.04946 1 0 0
0.012 -148.904 -4017.91 160.133 901.996 935.71 2.81847 1 0 0
0.011 -148.898 -4382.89 159.194 904.994 936.065 2.5871 1 0 0
0.01 -148.892 -4820.91 158.256 908.006 936.425 2.35533 1 0 0
0.009 -148.886 -5356.3 157.317 911.034 936.788 2.12316 1 0 0
0.008 -148.881 -6025.58 156.379 914.075 937.152 1.89056 1 0 0
0.007 -148.877 -6886.14 155.44 917.133 937.517 1.65751 1 0 0
0.006 -148.873 -8033.61 154.5 920.206 937.878 1.42395 1 0 0
0.005 -148.87 -9640.15 153.561 923.295 938.231 1.18982 1 0 0
0.004 -148.868 -12050 152.622 926.4 938.571 0.955015 1 0 0
0.003 -148.866 -16066.6 151.682 929.523 938.885 0.719356 1 0 0
0.002 -148.864 -24100 150.743 932.663 939.153 0.482529 1 0 0
0.001 -148.864 -48200.2 149.803 935.822 939.324 0.243835 1 0 0
