1796.88 525.032 1
1786.4 514.598 0.991
1775.91 504.251 0.982
1765.41 493.986 0.973
1754.89 483.796 0.964
1744.33 473.66 0.955
1733.62 463.478 0.946
1722.86 453.348 0.937
1712.11 443.328 0.928
1701.38 433.415 0.919
1690.66 423.61 0.91
1679.94 413.911 0.901
1669.23 404.31 0.892
1658.53 394.806 0.883
1647.83 385.413 0.874
1637.16 376.131 0.865
1626.5 366.961 0.856
1615.87 357.903 0.847
1605.25 348.958 0.838
1594.65 340.125 0.829
1584.07 331.405 0.82
1573.52 322.798 0.811
1562.99 314.305 0.802
1552.48 305.926 0.793
1542 297.661 0.784
1531.55 289.511 0.775
1521.12 281.476 0.766
1510.72 273.557 0.757
1500.35 265.753 0.748
1490.01 258.066 0.739
1479.7 250.495 0.73
1469.43 243.041 0.721
1459.19 235.704 0.712
1448.98 228.486 0.703
1438.82 221.385 0.694
1428.69 214.403 0.685
1418.61 207.54 0.676
1408.56 200.796 0.667
1398.56 194.172 0.658
1388.61 187.667 0.649
1378.71 181.284 0.64
1368.85 175.02 0.631
1359.05 168.878 0.622
1349.3 162.858 0.613
1339.6 156.959 0.604
1329.97 151.181 0.595
1320.39 145.526 0.586
1310.88 139.994 0.577
1301.42 134.583 0.568
1292.04 129.295 0.559
1282.72 124.129 0.55
1273.48 119.086 0.541
1264.31 114.165 0.532
1255.21 109.366 0.523
1246.19 104.688 0.514
1237.24 100.131 0.505
1228.38 95.6946 0.496
1219.6 91.377 0.487
1210.89 87.1772 0.478
1202.27 83.0933 0.469
1193.72 79.1231 0.46
1185.25 75.2633 0.451
1176.84 71.5093 0.442
1168.48 67.8542 0.433
1160.16 64.2863 0.424
1151.8 60.7824 0.415
1143.25 57.2704 0.406
1133.64 53.4135 0.397
1124.11 49.6724 0.388
1114.83 46.112 0.379
1105.8 42.73 0.37
1097.02 39.5238 0.361
1088.52 36.4901 0.352
1080.27 33.6253 0.343
1072.3 30.9253 0.334
1064.59 28.3857 0.325
1057.15 26.0015 0.316
1049.98 23.7676 0.307
1043.08 21.6787 0.298
1036.43 19.729 0.289
1030.05 17.9127 0.28
1023.92 16.2239 0.271
1018.04 14.6567 0.262
1012.4 13.205 0.253
1007 11.8629 0.244
1001.83 10.6246 0.235
996.888 9.48438 0.226
992.158 8.43663 0.217
987.639 7.47605 0.208
983.322 6.59751 0.199
979.203 5.79614 0.19
975.275 5.06733 0.181
971.533 4.40672 0.172
967.972 3.81025 0.163
964.591 3.27412 0.154
961.386 2.79482 0.145
958.357 2.36909 0.136
955.505 1.99392 0.127
952.833 1.66651 0.118
950.347 1.38426 0.109
