2492.35 517.867 1.42557
2468.98 507.496 1.4048
2445.57 497.222 1.38411
2422.13 487.044 1.36352
2398.65 476.963 1.34301
2375.14 466.977 1.32259
2351.58 457.087 1.30226
2327.98 447.293 1.28202
2304.33 437.591 1.26187
2280.63 427.983 1.24181
2256.86 418.464 1.22184
2233.01 409.031 1.20195
2209.04 399.675 1.18214
2184.81 390.362 1.16238
2160.1 381.037 1.14263
2135.39 371.825 1.12298
2110.7 362.728 1.10346
2086.03 353.745 1.08406
2061.39 344.876 1.06479
2036.76 336.123 1.04563
2012.16 327.484 1.02661
1987.58 318.961 1.00771
1963.03 310.553 0.988939
1938.52 302.261 0.9703
1914.03 294.084 0.951794
1889.58 286.023 0.933422
1865.17 278.077 0.915185
1840.79 270.247 0.897086
1816.44 262.531 0.879125
1792.13 254.927 0.861304
1767.83 247.434 0.843622
1743.5 240.041 0.826072
1719.05 232.733 0.808645
1694.67 225.543 0.791365
1670.34 218.472 0.774235
1646.08 211.52 0.757257
1621.89 204.688 0.740433
1597.78 197.975 0.723767
1573.75 191.383 0.70726
1549.82 184.911 0.690917
1525.98 178.561 0.674739
1502.24 172.331 0.658731
1478.62 166.224 0.642893
1455.12 160.238 0.627231
1431.75 154.375 0.611746
1408.52 148.634 0.596443
1385.43 143.016 0.581324
1362.51 137.521 0.566392
1339.74 132.149 0.551651
1317.16 126.9 0.537105
1294.77 121.775 0.522756
1272.57 116.773 0.508607
1250.58 111.894 0.494663
1228.82 107.137 0.480926
1207.29 102.504 0.467399
1186.01 97.9926 0.454086
1164.98 93.603 0.440988
1144.21 89.3343 0.428109
1123.73 85.1856 0.41545
1103.53 81.1558 0.403014
1083.62 77.2432 0.390802
1064 73.4458 0.378812
1044.68 69.7611 0.367045
1025.63 66.1853 0.355498
1006.84 62.7133 0.344162
988.246 59.3369 0.333027
969.722 56.0415 0.322065
950.947 52.7931 0.31121
929.748 49.3766 0.300013
906.579 45.8508 0.288595
884.286 42.5016 0.277549
862.915 39.3261 0.26688
842.507 36.3211 0.25659
823.107 33.483 0.246683
804.759 30.8079 0.23716
787.505 28.2913 0.22802
771.389 25.9284 0.219264
756.456 23.7142 0.210888
742.751 21.6434 0.20289
730.324 19.7105 0.195265
719.227 17.9097 0.188009
709.514 16.2352 0.181116
701.248 14.681 0.174578
694.499 13.2413 0.168389
689.346 11.9101 0.16254
685.881 10.6816 0.157022
684.21 9.54978 0.151827
684.458 8.50915 0.146944
686.775 7.55413 0.142364
691.337 6.67936 0.138077
698.361 5.87965 0.134071
708.104 5.15003 0.130337
720.886 4.48571 0.126863
737.095 3.88208 0.123639
757.219 3.33466 0.120653
781.86 2.83899 0.117892
811.772 2.39016 0.115344
847.795 1.97952 0.112978
891.503 1.61091 0.110819
944.936 1.28708 0.108887
