1792.76 541.052 1
1781.86 530.206 0.991
1770.98 519.468 0.982
1760.1 508.837 0.973
1749.24 498.314 0.964
1738.38 487.9 0.955
1727.54 477.593 0.946
1716.71 467.395 0.937
1705.89 457.306 0.928
1695.08 447.326 0.919
1684.29 437.456 0.91
1673.51 427.694 0.901
1662.74 418.043 0.892
1651.99 408.501 0.883
1641.26 399.07 0.874
1630.54 389.749 0.865
1619.83 380.54 0.856
1609.15 371.441 0.847
1598.48 362.454 0.838
1587.83 353.578 0.829
1577.2 344.815 0.82
1566.6 336.164 0.811
1556.01 327.625 0.802
1545.44 319.2 0.793
1534.9 310.887 0.784
1524.39 302.689 0.775
1513.89 294.604 0.766
1503.43 286.634 0.757
1492.99 278.779 0.748
1482.58 271.038 0.739
1472.19 263.413 0.73
1461.84 255.904 0.721
1451.53 248.51 0.712
1441.24 241.234 0.703
1430.99 234.074 0.694
1420.78 227.031 0.685
1410.6 220.106 0.676
1400.46 213.298 0.667
1390.36 206.609 0.658
1380.31 200.038 0.649
1370.3 193.586 0.64
1360.33 187.253 0.631
1350.42 181.04 0.622
1340.55 174.946 0.613
1330.73 168.972 0.604
1320.97 163.118 0.595
1311.26 157.384 0.586
1301.6 151.77 0.577
1292.01 146.277 0.568
1282.47 140.903 0.559
1272.99 135.649 0.55
1263.58 130.514 0.541
1254.23 125.498 0.532
1244.95 120.6 0.523
1235.73 115.819 0.514
1226.57 111.154 0.505
1217.48 106.602 0.496
1208.44 102.161 0.487
1199.46 97.8265 0.478
1190.52 93.5932 0.469
1181.6 89.4517 0.46
1172.67 85.3856 0.451
1163.65 81.3592 0.442
1154.13 77.1941 0.433
1143.57 72.6685 0.424
1133.24 68.3332 0.415
1123.14 64.1878 0.406
1113.29 60.2317 0.397
1103.69 56.4636 0.388
1094.35 52.8819 0.379
1085.28 49.4843 0.37
1076.48 46.2681 0.361
1067.96 43.23 0.352
1059.72 40.3663 0.343
1051.76 37.6727 0.334
1044.09 35.1444 0.325
1036.7 32.7764 0.316
1029.59 30.563 0.307
1022.77 28.4986 0.298
1016.22 26.5772 0.289
1009.95 24.7926 0.28
1003.95 23.1386 0.271
998.21 21.609 0.262
992.729 20.1974 0.253
987.5 18.8979 0.244
982.518 17.7044 0.235
977.775 16.6112 0.226
973.268 15.6126 0.217
968.99 14.7034 0.208
964.938 13.8785 0.199
961.106 13.1331 0.19
957.492 12.4626 0.181
954.095 11.8628 0.172
950.913 11.3296 0.163
947.946 10.8592 0.154
945.196 10.448 0.145
942.668 10.0926 0.136
940.366 9.7897 0.127
938.298 9.53616 0.118
936.473 9.32883 0.109
