1763.12 536.961 1.23
1756.03 528.289 1.2187
1748.9 519.638 1.2074
1741.73 511.013 1.1961
1734.5 502.407 1.1848
1727.22 493.83 1.1735
1719.93 485.311 1.1622
1712.61 476.854 1.1509
1705.29 468.462 1.1396
1697.95 460.137 1.1283
1690.59 451.88 1.117
1683.22 443.694 1.1057
1675.85 435.579 1.0944
1668.46 427.535 1.0831
1661.06 419.565 1.0718
1653.65 411.667 1.0605
1646.24 403.843 1.0492
1638.81 396.092 1.0379
1631.37 388.413 1.0266
1623.92 380.807 1.0153
1616.46 373.272 1.004
1608.98 365.807 0.9927
1601.49 358.41 0.9814
1593.97 351.08 0.9701
1586.44 343.813 0.9588
1578.88 336.606 0.9475
1571.28 329.454 0.9362
1563.65 322.352 0.9249
1555.97 315.291 0.9136
1548.23 308.26 0.9023
1540.4 301.242 0.891
1532.45 294.207 0.8797
1524.31 287.092 0.8684
1515.66 279.63 0.8571
1506.82 272.096 0.8458
1497.98 264.673 0.8345
1489.15 257.355 0.8232
1480.33 250.147 0.8119
1471.53 243.049 0.8006
1462.74 236.058 0.7893
1453.95 229.173 0.778
1445.17 222.391 0.7667
1436.39 215.708 0.7554
1427.6 209.121 0.7441
1418.8 202.624 0.7328
1409.98 196.21 0.7215
1401.12 189.868 0.7102
1392.2 183.58 0.6989
1383.15 177.305 0.6876
1373.8 170.932 0.6763
1364.46 164.668 0.665
1355.18 158.547 0.6537
1345.95 152.567 0.6424
1336.78 146.728 0.6311
1327.67 141.029 0.6198
1318.62 135.471 0.6085
1309.63 130.052 0.5972
1300.7 124.771 0.5859
1291.84 119.628 0.5746
1283.04 114.621 0.5633
1274.3 109.749 0.552
1265.63 105.01 0.5407
1257.02 100.404 0.5294
1248.47 95.9272 0.5181
1239.99 91.578 0.5068
1231.56 87.3535 0.4955
1223.18 83.2501 0.4842
1214.85 79.2636 0.4729
1206.56 75.3884 0.4616
1198.28 71.6166 0.4503
1190.01 67.9369 0.439
1181.68 64.3295 0.4277
1173.2 60.7473 0.4164
1164.19 57.0479 0.4051
1155.25 53.4781 0.3938
1146.49 50.0779 0.3825
1137.9 46.8412 0.3712
1129.48 43.7609 0.3599
1121.2 40.8276 0.3486
1113.04 38.0286 0.3373
1104.94 35.3425 0.326
1096.74 32.7179 0.3147
1087.03 29.7184 0.3034
1076.52 26.5882 0.2921
1066.36 23.6799 0.2808
1056.58 20.9864 0.2695
1047.16 18.5005 0.2582
1038.11 16.2147 0.2469
1029.43 14.1211 0.2356
1021.13 12.2117 0.2243
1013.2 10.4782 0.213
1005.65 8.91225 0.2017
998.476 7.50527 0.1904
991.677 6.24869 0.1791
985.252 5.13388 0.1678
979.2 4.15229 0.1565
973.524 3.29573 0.1452
968.231 2.55668 0.1339
963.337 1.9286 0.1226
958.867 1.4055 0.1113
