1776.99 604.696 1.23
1770.06 596.205 1.2187
1763.05 587.704 1.2074
1756 579.24 1.1961
1748.94 570.83 1.1848
1741.86 562.478 1.1735
1734.76 554.186 1.1622
1727.64 545.957 1.1509
1720.51 537.792 1.1396
1713.37 529.694 1.1283
1706.22 521.664 1.117
1699.05 513.703 1.1057
1691.88 505.812 1.0944
1684.7 497.991 1.0831
1677.5 490.24 1.0718
1670.3 482.562 1.0605
1663.09 474.954 1.0492
1655.87 467.418 1.0379
1648.64 459.954 1.0266
1641.4 452.56 1.0153
1634.14 445.237 1.004
1626.88 437.984 0.9927
1619.6 430.8 0.9814
1612.31 423.685 0.9701
1605 416.636 0.9588
1597.67 409.653 0.9475
1590.32 402.733 0.9362
1582.95 395.875 0.9249
1575.56 389.076 0.9136
1568.13 382.332 0.9023
1560.67 375.639 0.891
1553.16 368.993 0.8797
1545.6 362.385 0.8684
1537.97 355.807 0.8571
1530.27 349.244 0.8458
1522.44 342.673 0.8345
1514.45 336.047 0.8232
1506.04 329.176 0.8119
1497.31 322.136 0.8006
1488.57 315.182 0.7893
1479.8 308.31 0.778
1471 301.515 0.7667
1462.17 294.793 0.7554
1453.28 288.134 0.7441
1444.34 281.527 0.7328
1435.29 274.952 0.7215
1426.09 268.366 0.7102
1416.55 261.643 0.6989
1406.96 254.994 0.6876
1397.39 248.468 0.6763
1387.84 242.063 0.665
1378.31 235.778 0.6537
1368.79 229.611 0.6424
1359.29 223.562 0.6311
1349.8 217.627 0.6198
1340.32 211.805 0.6085
1330.85 206.092 0.5972
1321.37 200.484 0.5859
1311.87 194.975 0.5746
1302.36 189.56 0.5633
1292.79 184.228 0.552
1283.16 178.963 0.5407
1273.39 173.739 0.5294
1263.38 168.498 0.5181
1252.52 162.93 0.5068
1240.96 157.137 0.4955
1228.99 151.277 0.4842
1216.12 145.117 0.4729
1201.45 138.261 0.4616
1186.99 131.672 0.4503
1172.8 125.358 0.439
1158.87 119.322 0.4277
1145.22 113.563 0.4164
1131.88 108.081 0.4051
1118.84 102.875 0.3938
1106.14 97.9447 0.3825
1093.79 93.2877 0.3712
1081.79 88.9014 0.3599
1070.16 84.7828 0.3486
1058.92 80.9279 0.3373
1048.08 77.3321 0.326
1037.65 73.9901 0.3147
1027.64 70.8959 0.3034
1018.06 68.0428 0.2921
1008.92 65.4235 0.2808
1000.22 63.0301 0.2695
991.976 60.8543 0.2582
984.189 58.8873 0.2469
976.865 57.1199 0.2356
970.007 55.5425 0.2243
963.62 54.1456 0.213
957.708 52.9193 0.2017
952.274 51.8535 0.1904
947.323 50.9383 0.1791
942.859 50.1636 0.1678
938.888 49.5192 0.1565
935.417 48.9951 0.1452
932.453 48.5811 0.1339
930.009 48.267 0.1226
928.095 48.0427 0.1113
