1795.26 518.151 1
1784.84 507.778 0.991
1774.43 497.502 0.982
1764.01 487.323 0.973
1753.6 477.24 0.964
1743.19 467.252 0.955
1732.78 457.36 0.946
1722.38 447.562 0.937
1711.97 437.857 0.928
1701.56 428.244 0.919
1691.15 418.72 0.91
1680.72 409.279 0.901
1670.27 399.909 0.892
1659.72 390.548 0.883
1649.1 381.222 0.874
1638.51 372.01 0.865
1627.94 362.912 0.856
1617.39 353.928 0.847
1606.86 345.058 0.838
1596.35 336.304 0.829
1585.88 327.664 0.82
1575.42 319.14 0.811
1565 310.73 0.802
1554.6 302.436 0.793
1544.22 294.258 0.784
1533.88 286.194 0.775
1523.56 278.246 0.766
1513.28 270.411 0.757
1503.02 262.691 0.748
1492.78 255.081 0.739
1482.56 247.576 0.73
1472.34 240.156 0.721
1462.13 232.846 0.712
1451.97 225.655 0.703
1441.84 218.583 0.694
1431.76 211.629 0.685
1421.72 204.796 0.676
1411.72 198.082 0.667
1401.77 191.488 0.658
1391.86 185.015 0.649
1382.01 178.663 0.64
1372.2 172.432 0.631
1362.45 166.323 0.622
1352.75 160.336 0.613
1343.12 154.471 0.604
1333.54 148.729 0.595
1324.02 143.109 0.586
1314.57 137.612 0.577
1305.18 132.239 0.568
1295.87 126.989 0.559
1286.62 121.861 0.55
1277.45 116.857 0.541
1268.35 111.977 0.532
1259.33 107.219 0.523
1250.39 102.583 0.514
1241.53 98.0701 0.505
1232.76 93.6785 0.496
1224.07 89.4078 0.487
1215.47 85.2571 0.478
1206.95 81.225 0.469
1198.52 77.3101 0.46
1190.18 73.5103 0.451
1181.92 69.8229 0.442
1173.74 66.2441 0.433
1165.63 62.7687 0.424
1157.57 59.3881 0.415
1149.53 56.087 0.406
1141.42 52.8288 0.397
1132.62 49.3779 0.388
1123.42 45.8504 0.379
1114.48 42.4994 0.37
1105.78 39.3223 0.361
1097.35 36.3158 0.352
1089.18 33.4763 0.343
1081.27 30.7997 0.334
1073.63 28.2817 0.325
1066.26 25.9174 0.316
1059.14 23.7019 0.307
1052.29 21.6298 0.298
1045.71 19.6956 0.289
1039.37 17.8935 0.28
1033.29 16.2177 0.271
1027.45 14.6622 0.262
1021.86 13.2212 0.253
1016.5 11.8885 0.244
1011.36 10.6585 0.235
1006.44 9.52515 0.226
1001.74 8.48286 0.217
997.238 7.52606 0.208
992.93 6.64937 0.199
988.809 5.84759 0.19
984.864 5.11572 0.181
981.088 4.44901 0.172
977.47 3.84292 0.163
974.002 3.29319 0.154
970.677 2.79593 0.145
967.487 2.34765 0.136
964.428 1.94538 0.127
961.501 1.58673 0.118
958.71 1.26983 0.109
